0 1 2 3 4 5 6 7 8 9 10 11 12 13 14 15 16 17 20 22 26 27 28 29 30 31 33 34 36 37 38 39 40 41 42 43 46 47 50 51 52 53 54 55 58 59 61 62 63 65 66 67 69 71 72 73 77 78 81 82 83 85 89 91 94 98 99 100 101 102 103 105 106 107 112 113 116 118 122 123 126 127 131 132 133 134 135 136 139 143 145 146 147 148 150 152 157 159 162 163 164 168 170 172 176 180 181 183 186 187 190 191 194 195 197 199 201 202 203 205 206 208 210 211 214 215 225 228 229 230 231 234 235 237 239 247 253 256 259 260 261 269 270 271 273 275 278 286 287 294 296 297 305 307 312 313 316 317 320 322 328 332 336 337 343 345 347 349 350 354 355 358 362 365 367 370 372 374 378 381 385 390 392 396 399 403 405 408 411 413 417 418 420 421 424 425 427 432 433 437 445 448 451 452 453 455 456 457 459 461 462 466 467 471 472 474 483 485 486 487 497
1 2 3 4 5 6 7 8 9 10 15 16 18 19 23 24 25 26 27 28 29 35 36 37 38 39 41 42 43 44 46 47 49 53 55 56 57 59 60 62 63 64 65 67 70 71 72 74 77 80 81 82 83 84 85 86 89 92 93 94 95 96 98 102 103 105 107 108 109 110 111 112 114 117 119 124 125 126 131 137 140 141 143 146 147 149 156 157 162 167 172 173 174 175 176 177 178 179 182 185 186 187 189 191 193 197 199 200 205 208 209 215 217 220 225 227 228 229 231 234 236 237 244 245 247 248 250 257 258 259 262 270 271 272 273 276 277 278 281 284 285 286 292 294 299 300 303 304 307 309 310 313 317 319 320 321 322 324 330 331 333 334 336 341 346 349 350 353 361 371 372 373 377 380 381 384 393 395 398 399 402 405 408 412 414 415 416 418 421 426 432 434 435 438 441 442 444 446 447 450 452 453 454 456 459 465 467 474 476 481 484 491 493 499
2 3 4 5 6 7 8 9 10 11 12 13 14 16 17 18 19 22 23 24 25 26 28 30 32 34 35 37 39 41 42 43 48 49 50 52 56 59 60 61 63 64 65 66 67 68 69 70 71 72 73 74 76 77 79 82 84 88 93 94 95 96 100 104 105 107 108 109 113 114 118 122 124 134 136 137 138 142 143 152 154 155 156 157 159 160 162 163 165 166 169 174 176 182 188 191 193 196 207 212 214 217 218 219 222 223 224 233 235 237 240 242 246 247 249 251 252 259 265 266 271 273 277 278 280 282 288 289 290 298 304 306 308 311 314 315 317 318 326 329 330 333 336 340 341 345 346 347 351 355 357 361 363 364 365 368 373 388 389 395 397 401 402 403 404 406 407 409 410 413 416 422 439 441 443 451 455 466 467 470 475 478 484 489 495 496 499
3 4 5 6 7 8 9 10 11 12 13 14 15 17 18 20 21 23 24 25 26 27 28 31 32 33 34 35 38 42 44 45 46 48 50 52 54 59 60 61 62 66 68 69 70 73 74 75 80 81 84 86 88 89 90 91 92 95 96 97 98 100 104 105 106 107 108 114 116 118 123 125 126 127 131 133 134 141 142 143 144 149 152 157 161 162 163 165 167 171 175 179 180 185 190 197 204 206 209 210 211 213 214 215 220 221 223 224 227 230 232 233 234 235 238 241 242 243 244 245 247 249 250 254 261 267 268 270 272 274 276 280 281 284 288 289 290 291 295 296 297 298 304 307 309 311 320 321 324 330 332 333 337 338 339 342 346 348 351 354 357 358 359 363 365 368 369 372 374 375 378 382 384 385 388 392 394 399 400 401 405 406 407 411 413 414 415 417 421 424 425 427 430 431 433 437 440 441 450 451 463 469 476 485 486 491 493 495 496 497
4 5 6 7 8 9 10 11 12 13 16 17 19 20 21 22 23 26 27 30 31 33 34 35 36 37 38 39 40 41 42 43 44 46 47 49 50 51 52 55 56 57 58 62 64 65 68 69 71 74 75 76 79 83 84 87 88 90 91 92 93 94 97 99 102 105 106 109 110 113 114 115 116 117 121 124 128 130 131 132 133 134 139 140 142 143 144 145 146 147 148 150 151 152 154 156 157 159 160 163 165 166 170 175 182 183 184 189 190 191 192 196 197 198 199 202 203 207 209 211 215 218 219 220 222 223 225 226 227 236 237 239 240 243 245 246 252 255 256 258 264 265 270 272 274 278 281 282 287 290 292 293 294 295 301 303 304 305 306 308 310 314 316 322 324 325 326 327 328 329 333 336 337 340 341 342 344 351 352 358 361 371 373 375 377 378 382 383 386 387 395 396 399 400 401 404 407 409 414 415 417 418 419 423 426 428 432 438 439 441 442 445 446 447 449 450 451 452 456 457 458 461 462 465 467 470 472 473 476 480 481 482 483 484 486 487 488 490 492 494 499
5 6 7 9 11 13 14 17 18 21 23 27 30 32 34 44 49 50 51 54 58 61 63 68 71 72 74 80 82 84 88 90 92 95 99 102 103 106 108 110 117 120 128 129 141 152 153 154 155 158 161 164 170 173 179 183 187 189 190 191 192 197 198 200 204 207 211 212 214 217 218 235 240 243 246 248 253 256 257 259 262 264 266 271 273 276 280 282 286 289 291 293 297 298 301 312 314 315 316 319 323 325 326 327 331 332 334 339 345 346 348 349 363 367 368 370 371 373 374 376 377 383 386 388 389 390 392 394 397 402 405 406 409 410 412 415 416 427 433 437 438 439 440 442 449 451 463 466 472 473 481 484 489 493 495
6 7 8 10 11 12 14 15 16 17 18 19 24 26 27 28 29 30 31 32 34 35 38 39 41 46 47 48 56 57 63 64 68 70 72 74 77 80 83 86 87 89 91 93 98 99 101 104 108 109 111 118 119 122 125 127 128 132 136 137 141 147 148 149 150 151 155 158 159 160 161 163 169 172 179 181 182 184 188 189 193 194 195 199 201 202 204 207 208 209 210 212 215 218 219 222 223 226 227 234 236 238 241 244 245 249 250 252 255 257 258 259 262 263 264 266 268 273 274 279 280 281 283 287 291 302 305 306 307 308 311 320 322 329 332 334 335 338 339 342 344 345 347 348 349 364 365 374 376 381 382 388 389 392 397 398 399 400 404 407 412 413 417 419 422 429 431 434 435 436 437 440 441 443 444 448 449 456 457 458 460 465 467 468 470 471 482 484 486 489 496 497 498
7 8 13 15 17 19 20 23 25 29 30 31 37 40 43 50 51 57 67 79 96 121 127 130 135 140 154 156 157 166 167 168 182 186 190 193 220 227 232 238 254 257 273 284 285 288 310 324 325 327 331 336 340 348 350 362 366 378 380 385 401 404 410 417 435 438 442 443 446 474 475 479 480 489 492
8 9 10 11 12 15 18 20 21 22 23 24 31 43 45 51 54 56 57 60 61 63 69 75 76 77 78 81 85 87 88 91 92 102 111 112 123 124 129 142 145 149 153 164 165 167 169 170 173 177 183 186 188 193 194 196 197 213 216 221 222 231 233 234 235 241 246 249 254 262 265 268 296 298 301 308 312 318 329 338 341 344 353 355 364 386 391 396 397 408 410 413 414 422 429 431 439 454 460 465 470 472 474 476 478 484 487 494
9 49 142 215 228 246 264 270 272 285 295 364 406 408 410 427 468
10 16 19 21 27 62 78 79 101 105 123 140 145 161 187 190 232 244 247 250 254 261 306 315 316 338 353 359 368 378 391 397 410 420 424 433 457 461 475 479 485 493
11 12 14 15 16 19 21 22 24 25 26 29 31 35 36 37 39 40 47 52 53 54 57 60 65 66 70 72 75 78 80 86 87 89 92 100 101 102 103 104 113 115 119 124 125 131 133 136 139 140 141 145 149 151 153 161 167 181 185 189 190 196 199 201 202 203 204 205 206 210 215 216 221 223 226 236 238 239 242 243 245 247 252 253 254 256 260 265 266 270 272 276 281 284 288 292 299 300 302 305 310 324 328 338 340 342 344 346 348 350 351 356 357 359 362 366 373 391 393 403 419 423 428 431 436 437 441 462 463 468 469 480 481 488 492 494 496 499
12 13 14 20 22 28 30 32 33 39 44 45 48 50 51 53 54 58 63 67 75 78 82 84 85 89 90 95 97 109 115 131 132 133 143 144 146 149 150 158 169 170 171 175 177 184 200 201 205 211 212 216 217 218 222 226 230 237 241 243 244 248 249 255 257 260 267 271 275 277 280 283 284 287 291 293 294 303 307 312 314 319 321 322 335 339 340 342 343 348 352 358 360 377 378 380 381 383 385 387 398 400 403 404 412 422 424 426 427 430 433 435 436 448 458 462 469 472 479 487 490
13 18 32 36 38 40 43 44 47 48 55 62 67 71 73 76 77 79 104 106 111 119 132 138 144 148 151 154 160 162 172 176 183 185 186 189 192 194 195 198 205 213 216 224 227 230 231 240 245 256 260 263 264 274 287 290 294 298 303 309 316 319 323 330 345 355 356 357 359 367 370 375 386 411 420 428 454 458 460 471 480 483 487 491 496
14 20 33 35 45 48 58 76 79 80 81 100 112 113 114 117 120 123 127 129 137 139 153 156 158 159 164 171 173 177 178 179 203 213 224 242 247 248 275 276 283 293 296 300 301 303 312 316 318 319 320 324 329 330 333 337 339 347 356 359 363 365 369 370 371 374 376 385 388 390 393 396 399 401 402 404 413 417 419 428 430 447 448 457 477 481 482 485
15 29 45 67 68 115 155 176 192 238 242 253 281 291 343 393 394
16 46 83 87 111 152 196 232 235 236 255 274 299 302 309 356 367 390 395 398 400 418 422 469 491 494
17 21 25 32 33 36 49 51 58 75 76 92 95 97 98 103 104 107 113 115 116 119 130 134 139 145 150 152 155 156 158 160 165 167 168 170 174 175 182 184 188 189 194 195 199 200 203 204 207 216 220 222 224 225 228 229 231 237 239 250 261 262 263 269 274 275 279 280 283 285 289 291 303 308 327 328 329 330 341 351 359 360 367 372 375 382 383 384 387 389 395 397 398 416 420 423 431 439 448 455 457 459 465 470 473 477 478 495 499
20 49 52 53 59 66 68 82 85 90 111 112 114 159 174 184 185 191 225 265 279 288 292 294 296 299 300 304 323 326 331 335 339 380 392 409 420 438 447 461 485
22 21 24 36 64 86 111 116 125 126 138 146 166 180 181 184 191 221 225 226 236 243 286 289 297 302 312 338 360 366 453 460 468 474 484 485 497
26 288 305 349 491
27 38 81 84 86 96 98 122 180 192 205 207 209 245 310 320 323 341 375 425 445 452 475 482 495
28 21 54 61 99 110 117 171 196 198 232 239 251 297 299 323 369 394 416 464
29 23 53 87 103 171 200 254 279 282 285 302 310 326 346 353 368 371 387 396 418 458 483 496
30 119 222 295 403 415 467
31 59 70 71 76 81 85 91 99 101 108 115 120 121 126 135 153 171 193 206 226 238 252 275 279 285 296 318 331 337 340 343 344 366 370 372 379 384 398 419 425 456 464 466 467 468 473 475 477 480
33 19 41 42 56 62 73 94 109 113 124 195 208 297 342 358 362 405 424
34 18 78 104 172 197 213 216 237 267 272 322 363 387 435 447 457 476
36 60 75 86 103 158 203 240 248 260 262 269 300 329 414 449 462 466 471
37 21 52 55 66 96 127 132 135 137 173 185 233 258 391 452 493
38 87 107 195 221 263 326 349 369 406 415 419
39 73 95 123 133 172 179 256 312 376 400 429 482
40 21 23 90 121 122 126 134 159 182 259 277 278 284 293 301 321 328 435 440
41 21 121 251 345
42 18 55 120 246 258 292 379 439 447 450 463 471
43 70 83 118 126 141 172 173 186 223 242 252 270 296 315 366 403 417 426 440 449 454
46 23 88 94 164 267 301 413 422
47 21
50 106 110 151 166 174 204 208 211 212 258 260 276 309 339 350 373 404 421 465 492 494 497
51 176 463
52 192 341 361 459 474
53 21 66 96 252 300 323 458
54
55 19 129 174 188 210 228 243 354 360 384 389
58 18 258
59 21 124 129 168 183 200 248 305 343 430
61 21 101 105 116 140 148 150 160 161 217 283 292 299 320 332 367 372 374 379 444 489 499
62 79 256
63 65 94 201 278 281 316 353 458 498
65 18 128 168 334 355
66 317
67 108 118 142 427 490
69 21 23 314
71 78 132 178 201 268 288
72 32 82 110 115 119 120 129 137 138 151 171 265 275 295 298 304 323 332 373 378 379 382 392 399 408 411 419 434 454 468 490 492
73 23 134 198 486
77 18 91 102 110 147 149 232 241 248 285 286 354 490
78 162 268 412 474
81
82 93 212
83 23
85 18 361
89 35 459
91 175 315 343 348 357 423
94 112 204 251 325 433
98 56 120 137 177 224 234 265 295 433 482
99 18 367
100 18 93 235 472
101 23 127 129 178 194 209 231 318 331 406
102 107 155 218 263 264 355 477
103 130 187 488
105 257
106 21 421
107 162 177 187 352 374 436 464
112 79 116 147 163 178 229 268 310 324 377 383 434 465
113 446
116 138 157 160 201 202 250 271 304 311 317 334 335 360 375 377 405 407 444 471
118 19
122 18 23
123 21
126 136 138 161 165 184 212 230 263 277 289 313 350 352 451 453
127
131 104 357 430 452 498
132 140 219 259 443
133 84 174 230 277 282 470
134 432 495
135 21 32 130 147
136 21 32 181 361
139 18 21 255 274
143 21 226 228 448
145 60 423 442
146 32 144 253
147 198 352 473
148 19 90 154 176 409
150 96
152 286 313 382
157 275 300 354 391 461 473
159 489
162 195 475
163 21 424
164 19 35 198 268 446
168 23 64 266 478
170 128 211
172
176 347
180 21 23 129
181 90 104
183 144 208 266 355
186 23 192 228 311 426
187 32
190 353
191 214 423 437 487
194 45
195
197 345
199 173 231 477
201 214 260 269 286 446 450 472
202 18 23
203 167
205 18 206
206 19 79 445 453
208 23 402
210 129 192 216 368 393 442 443 468
211 387
214 21
215
225 45 459
228
229 109 144 165 344
230 220
231
234 232 269 344 352 394
235 299 409 461 498
237
239 18 21 479
247 318
253 18 35 278
256 447
259
260 411
261 23 35 160 432
269 19 56
270
271 124 283
273 64
275 290 308 480
278 279 428
286 327 391 408
287 109 189
294 18
296 366
297 96
305 74
307 21 182 313
312 414
313 23 301
316 448 464
317 218 308 460
320
322 21 428
328 32 45 335
332 90
336 160 161
337 25 266
343 114
345 395
347 218 314
349 86
350 109
354 19 335
355
358 154 156
362 18 23 321
365 18 23
367
370 60 303
372 356
374
378
381 19 306 314
385 18 364
390 35 60 266
392 32
396 21 68 462
399
403 56
405 204
408 198
411 48 293
413
417 427
418 79 114
420 79 284
421 153 221
424 25
425 18 169 401
427
432 19 45
433
437 23
445 21 74 128
448
451 49
452 93
453 21 87
455 23 45 74 216
456 74 295
457 463
459 92 490
461 213
462 18
466 311 356
467
471 79
472
474
483 23 79 364
485 293
486 244 330
487 216
497 25 68
18 64 218 236 240 255 280 334 382 387 476 477 478 489 492
19 45 74 93 114 193 219 233 244 267 293 311 356 371 395
23 25 57 88 97 117 128 156 169 217 224 246 255 276 282 321 330 338 368 375 379 416 438 495
24
25
35 56 93 97 117 125 151 177 302 351 379 393 409 410 422 434 463 469
44 21 97 232 326
49 178 369 371 379 488
56 283 415
57 169 356 394 444
60 45 377
64 21 242 264 361 426 478
70
74 121 249 289 407 477
80 21
84 209 491
86 165
92 144 364
93 153 233 376
95
96 130 311
108
109 88 128 166 178 188 384 439
110
111 188 223 325 351 469
114 220 221 306
117
119
124
125 21
137 315
140
141 21 386 450
149 388
156
167 79 173 306 319 496
173
174 179 301
175 90
177
178
179 308 400
182 257
185 21
189
193 327
200 79 220 267
209
217 130
220 272 475
227 169
236 240
244 32 357 493
245
248
250 90
257
258
262 130
272
276
277 128 295 302 481
281 412
284 160 327
285
292 79
299
300
303 79
304
309 251 290
310 441
319 104
321 21 130
324 434
330 426
331 241
333 79 301
334 207
341
346 90 464
353 90
361
371
373 440 480
377
380 21 222 232 479
384 79
393 369
395
398 364
402 338 348
412 32
414 21
415 435
416 21
426
434 21
435
438 21
441
442 32
444 79 121
446 291
447
450 161
454 130 144
465
476 249
481 21
484
491 21
493 115
499 79
32 48 363
48 290 335 360 406 429 492
68 130 213 386
76
79 196 376 443 460 488
88
104 251
138 21 401 498
142 115 169
154 128 241 478 488
155 90 383 494
160 340
165 429
166 21 251
169 282 369 449
188
196
207 21 431 488
212
218 386
219 21 130
222 364
223
224
233 21 494
240
242
246
249 21 279
251 21 464
252
265
266 45 356
280
282
288
289 360
290 232 490
298 21
306 216 407
308
311 383
314 21 115
315 301
318 144
326
329 470
340
351 376
357
363 243
364 335 479
368 428
388 204
389 21 192
397 216
401 21
404
406
407
409
410
422
439
443 391
470
475
478
489
495
496
21 45 90 128 158 221 263 325 335 359 366 423 430 431 436 440 469
45 144 213 498
75 449
90 120 121 144 153 293 430
97
144 352 436
161 241
171
204 369
213 254 291
221
232
238 216
241
243
254
267 263
268
274
291
295 429 498
338 429
339
342 87 479
348 394
359
369
375
382
394
400
430
431
440
463
469
87
115
121
128 130 325 464
130
151
184
192
198
226
255 460
264
293
301
325
327
344
352
383 391
386
387
419
423
428 436
449
458
473 391
480
482 120
488
490
492
494
120
129
153
158
323
376
263
279
283
302
335
429
436
460
468
498
366
479
216
391
356
360
477
379
464
