0 1 2 3 5 6 12 13 14 17 21 24 28 29 31 36 43 44 45 46 49 58 60 63 65 68 74 75 77 78 79 100 101 109 111 112 113 118 122 140 141 146 150 153 159 161 164 165 175 180 189 190 199 209 210 215 216 218 220 225 227 229 230 231 234 236 249 253 258 267 268 269 272 285 288 291 293 302 303 305 307 316 321 322 338 339 359 371 374 375 376 377 378 381 385 387 398 407 440 441 443 449 452 455 457 459 461 471 477 483 488 495 498 514 516 518 526 534 558 591 594 599 611 615 618 620 628 630 631 640 646 647 662 664 669 671 675 696 700 711 713 714 719 721 730 735 738 745 749 751 757 762 776 779 820 828 832 834 839 851 857 861 866 871 880 889 896 904 908 913 920 934 936 939 940 951 954 970 987 994 997
1 2 3 4 5 6 7 8 9 10 11 12 13 14 16 18 19 20 22 23 26 32 35 38 41 43 44 47 52 53 60 64 67 68 74 79 83 84 90 92 94 95 102 103 121 124 125 129 134 136 137 148 149 156 157 168 175 177 179 180 181 185 186 189 197 201 217 220 223 224 235 236 238 239 242 245 249 251 254 255 256 269 276 277 284 287 289 291 313 315 320 322 323 333 337 339 340 349 354 357 358 361 362 367 370 373 374 375 376 377 383 388 392 393 399 400 405 407 409 410 411 426 431 443 450 454 456 459 462 467 481 484 489 491 494 496 498 500 505 506 510 513 525 531 538 542 544 546 551 555 562 572 574 583 584 586 587 596 605 608 612 615 618 624 625 626 631 635 636 645 650 654 664 677 679 682 688 689 694 696 698 702 709 710 719 720 721 723 724 726 728 732 736 739 746 756 760 768 775 777 782 783 789 790 793 801 803 804 811 813 816 825 826 829 835 854 856 857 879 886 888 893 894 897 906 907 911 916 922 923 931 936 937 942 960 964 976 984 987 997 999
2 3 4 6 7 8 9 10 11 14 15 16 17 18 21 24 25 26 28 30 31 32 35 36 39 42 44 45 47 48 50 51 52 54 57 59 61 64 66 68 73 78 79 81 82 84 87 90 96 97 98 102 106 107 117 120 122 124 125 126 136 139 142 143 144 145 147 150 153 154 160 162 169 170 173 174 182 183 184 185 188 189 191 193 196 197 200 201 203 204 208 209 211 213 219 234 241 245 247 249 260 262 273 277 279 280 281 286 287 290 291 294 295 297 298 299 300 301 319 323 324 327 330 333 336 341 342 343 344 346 348 352 360 364 365 367 370 372 377 378 381 387 391 398 403 406 407 414 418 426 428 438 439 440 451 452 453 462 471 473 480 483 487 488 492 500 504 509 513 517 523 527 532 534 541 546 547 550 551 552 554 555 556 558 571 573 575 577 580 581 589 593 613 616 623 635 652 653 656 659 685 688 697 705 706 714 716 728 729 732 739 740 741 743 746 748 752 753 754 758 768 773 774 777 781 786 789 792 796 801 805 811 818 825 826 830 836 842 844 845 850 852 856 860 863 867 870 871 877 879 885 887 888 891 895 903 917 934 940 947 950 956 957 958 963 979 980 983 988 995 999
3 4 5 20 25 30 33 47 50 67 72 76 121 126 149 151 156 162 163 172 177 198 202 223 248 261 268 275 276 303 311 317 325 326 328 331 361 373 434 436 439 456 475 476 478 480 524 525 606 612 632 633 654 670 693 706 722 736 752 755 827 850 868 883 909 910 917 928 943 949 968 984
5 23 29 37 39 69 85 88 100 106 108 115 116 123 124 130 158 161 206 208 215 228 247 250 264 302 315 337 350 363 378 392 412 429 446 472 497 506 508 524 534 539 580 582 602 606 615 642 658 661 664 684 707 735 744 754 834 841 868 892 897 918 937 951 983 985 992
6 8 9 10 15 22 30 35 37 41 42 50 52 53 56 58 62 63 66 86 94 96 99 112 118 133 134 139 140 141 149 151 159 165 168 178 188 192 204 221 233 244 250 252 257 271 276 278 285 289 295 296 297 299 304 313 341 359 375 387 389 392 421 429 430 437 444 466 470 478 479 497 511 514 529 533 537 545 546 558 583 585 592 593 600 634 636 642 647 660 666 673 681 686 690 700 710 711 713 716 722 723 744 762 765 767 785 788 795 798 799 802 812 839 849 866 893 898 905 919 942 966 985
12 10 138 380 562
13 4 48 55 108 123 131 151 186 290 308 385 405 409 415 425 427 450 474 525 579 680 682 712 791 882 890 923
14 16 87 296 439 469 702 809 840 873
17 10 80 164 634
21 4 63 66 72 91 97 127 199 207 237 396 400 414 428 446 502 536 584 656 667 692 781 854 995
24 15 26 36 39 45 61 75 103 116 117 120 251 259 260 264 311 348 357 366 447 528 600 619 630 767 769 795 798 812 840 863 876 909 933 974 978
28 9 65 123 433
29 10 56 114 128 559 627 765 862 908 909 914
31 11 40 41 43 46 51 58 73 92 113 114 157 160 166 204 205 206 212 228 263 311 314 318 326 329 345 366 390 452 495 552 582 608 652 659 686 726 759 822 902 948 951 960 965
36 37 40 77 86 91 148 173 402 408 483 502 619 690 727 920 928 961
43 836 995
44 214 218 329 372 442 447 473 518 521 820
45 668 993
46 10 62 64 107 202 229 245 280 320 421 424 441 444 561 569 632 640 673 746 846 947 976
49 4 10 437 787
58
60 39 145 240 390 617 919 936 945
63 74 929
65 15 76 80 83 102 104 110 132 161 172 217 225 231 325 327 370 435 436 557 673 809 948 998
68 851
74 283 600 926
75 19 316 563
77 16
78 72 120 395 847
79 93 906
100 69 332 900
101 11 82
109 15 33 410 417 806
111 11 99 486 876 974 980
112 93 140 162 742 874 933
113 54 210 233 267 426 442 481 586 603 733 759
118 19 314 352 464
122 16 369 609 621 818
140 231 433 528 833
141 105 155 457 575 576 799 955
146 72 125 301
150 92
153 57 279 282 473 478 592 843 927
159 35 219 490 786
161
164 4 327
165 114 222 438 520
175 4 270
180 105
189 248 689
190 15 34 506 621
199 147
209 47 347
210 40 511 553 554 724
215 206
216 33 40 279 335 578
218 87 693 748 822 891
220 107 227 331 665 676 777 930 941 968
225 57 955
227 19 567
229 148
230 40 66
231 443
234 38 342 810
236 8 677
249 420 569 782
253 40 57 367 862
258 10 131
267 33 493 607
268 196 446 597
269 94 515 817
272 4 40
285 40 611
288 4 185 422 717 881
291
293 22 173 454 476
302 94 848
303 155 581 658
305 15 132 598 637 711 923
307 4 30 397 639 729 819
316 88
321 10 240 328
322 18 427
338 105 294
339 4 368
359 56
371 128 314 533 590 867
374 263 672
375 482
376 40 416 706 941 975
377 587
378 449 585 949
381 224
385 52
387 535 737
398 19 485 918
407
440 93
441 11 460
443
449 11 541
452
455 157 240
457 4
459 4
461 19 105 643
471 51
477 10 82 572
483 783 797
488 166
495 15
498 137
514 282 865
516 90 463 678
518 41 856 953 965
526 4 114 536
534
558 603 663 773
591 40 61
594 166 277
599 179 485 831
611 54 690 919 925
615
618 25
620 51 187
628 11 156
630 156
631 266
640 126
646 156 644
647 523
662 144 255 950
664
669 15 16
671 55 593
675 247 369
696 156
700 15
711
713 4
714 40
719 15 945
721 57
730 98 128
735 301
738 11 522
745 4 61 921
749 352 619
751 35 114
757 27 454
762 19
776 67 198
779 19 194
820 40
828 53 105
832 62 644
834 128
839 72
851 788
857 128
861 9 94
866 110
871 15
880 47 147
889 40 685
896 40 72 990
904 575 716
908 493
913 67 382 953
920 472
934 106
936
939 365 873
940 784
951
954 15 133
970 224 571
987 53
994 410 681
997 847
4 7 11 18 27 33 55 70 82 85 91 93 97 98 115 121 130 132 135 144 152 160 163 171 172 174 177 182 183 187 194 207 246 250 262 263 270 274 282 286 290 297 309 332 335 336 341 345 356 358 363 384 386 394 404 406 408 411 413 417 419 421 425 427 435 445 448 458 465 467 474 492 505 510 515 521 522 548 563 564 567 569 576 580 583 602 606 609 610 614 625 632 634 635 638 644 648 659 666 674 701 709 715 729 741 754 756 771 775 792 798 802 806 807 810 815 823 824 837 842 849 864 874 876 884 885 886 932 962 965 985 996
7 19 22 187 355 480 512 523 536 633 718 815 915 977
8 15 32 256 265 277 579
9 27 395 596 862 902
10 20 34 56 59 61 62 89 134 135 138 144 154 170 183 186 193 196 200 219 226 261 263 283 286 292 334 335 344 354 379 389 393 402 418 476 491 509 520 530 548 579 593 605 616 644 652 679 682 694 743 755 770 784 827 844 879 902
11 25 38 48 71 96 126 127 136 192 207 213 233 255 262 275 281 282 310 391 434 451 499 535 563 624 649 650 665 667 699 702 734 772 842 982 989
16 23 34 40 69 70 71 73 110 119 152 203 205 221 239 278 340 417 420 481 497 508 512 519 542 550 564 581 674 685 715 747 774 837 916 991
18 57 176 213 266 499 540 561 663 771 797 982
19 15 27 69 105 130 143 166 188 194 201 212 271 287 345 347 351 360 422 444 456 464 515 543 547 617 725 766 767 771 773 785 825 838 875 892 899 915 926 930 935 971 976 982
20 524 685
22 33 88 107 132 133 168 171 193 206 237 254 260 275 294 337 422 466 501 608 676 785 800 859
23 763
26
32
35 38 95 145 163 195 270 319 344 356 362 384 410 429 465 486 649 770 783 801 873 960
38 169 178 266 432 703 747 756
41 99 173 222 298 317 319 383 388 423 687 807
47 131 464 570
52 93 104 137 167 334 388 466 537 539 560 585 698 804 898
53 51 57 89 131 187 235 240 252 257 259 353 384 533 550 590 651 689 707 758 784 791 796 805 819 823 829 878 910 912 993
64
67 25 85 191 665 705 831 980
83 56
84 15 324 362 835
90 15 496
92 33
94 50 108 115 138 266 343 404 415 447 660 677 691 938
95 62
102 184
103 82 463 877
121 343
124 355 854 981
125 61 540
129 25 98 790
134 672
136
137 61
148 126 226 243 289 391 513 717 737 964 969
149 248 284 869
156 33 242 292 330 342 403 414 547 587 589 657
157 34 166 299 493 687 937
168
177 484 809
179 61 176 304
181 55 56
185 33
186 701
197 145 300
201
217 15
223 54
224 108 193 308 522 816 895
235 15
238 93 147
239 40
242 40 397
245 404 741
251 33
254 228
255 50 347 428 442 468 528 595 769
256 37 727 761
276
277 841
284 198
287 306 788 885
289
313 34
315 306 350 616
320 57
323 206
333 147 560 796 817 978
337 572 927
340 33 655 743
349 328 336 775
354 128 864
357 25
358 33
361 128 622
362
367 784
370
373 144 532 586 844
383 232 564
388 588 990
392
393 281
399 33 91 496 610 753 795
400 40 969
405 40
409 233
410 552
411 310
426 474
431 204 424
450 318 731
454 82
456
462 279
467 312
481 846
484 40
489 34 437
491 363 582
494 173 420
496 505 963
500 283 512 639
505 649 928
506
510 40 894 974
513
525
531 33 55
538 15 492
542 257
544 15 105
546 651 698
551 73
555 133
562 132
572
574 343 474 847
583
584 15 678 901
586
587 760
596 27 903
605 237
608
612 72
624 69 932
625 619
626 15 512 906
635 720 831
636 433 670
645 15 96 691 869
650 15
654 176
677 991
679 275
682
688 613 786
689
694 107
698 808 878
702
709 222
710 567 864
720 89
723 237
724 33
726 356
728 703
732 73 803
736 257 845 961
739 34
746 794
756
760 480
768 55 794
775 830
777
782 126
783
789 69
790 446
793 257 532
801
803 40
804 206
811 437
813 192 196 942 952 971
816 312
825
826 147 916
829 463
835 343
854
856
879
886 108
888 33 910
893 842
894 252
897 30
906
907 40 228
911 87 89
916
922 278 442
923
931 259 841
937
942
960
964 206
976
984 395
999 61
15 42 51 54 59 71 82 89 98 105 127 135 158 176 195 243 252 295 304 310 346 353 379 380 382 386 403 415 425 437 445 453 458 472 511 571 597 638 641 657 744 747 761 764 848 849 850 855 872 891 925 929 941 962 966 975 989
25 34 232 363 684 758 769 946
30 128 310 691
39 324 629 929
42 648 814
48 86 401 799 921
50 142 577
51 105 119 147 155 182 241 246 257 331 348 360 369 556 565 619 699 704 733 755 772 792 865 900 924 998
54 40 76 142 205 211 336 395 445 469 598 613 658 750 770 814 860
57 171 396 504 508 623 683 858 932
59
61 106 195 264 365 485 541 554 687 852 853 967
66 309 692
73 170 226 326 680 748
81 69 70
82 139 355 368 527 643 763 869 882 901
87 70 214 261 271 418 423 438
96 133 330 684
97
98 655 766 959
106 117 430 763
107 198 283 314 693
117 499 561 817
120
126 155 247
139 280 742
142 472 661 860
143 72 451
144 787
145 402 750 969
147 40 158 198 413 556 853 963
154 93 501
160 573 609
162 281
169 128 460 629 668
170
173 278 294 487 568 780 882
174 114 752
182 492 663 742
183
184 91 465 509
188 614
191 88
193
196 69 221 274 507 651 883
200 33 380 766
203 105 521 648 972
204 475 522 627 641 681 703 778 806 830 870 996
208 55 639
211 33 926
213
219 364 629 858 872 874
241 33 435
247 386
260 697 983
262
273 70 263
279
280
281 890 967
286 998
290
294 578
295
297
298 119
299 372
300 105
301 257
319
324
327 821
330
336 350 553
341 589 800 962
342 529
343 382 559 576 943
344 884
346 310
348
352 304 479 545 607 610 703 740 855
360 727
364 55 912
365 40 666 957
372 490 899
391
403
406 69
414 740
418
428
438 642 824
439
451
453 40
473
480
487 257 981
492
504 33
509
517 198 206
523 482
527 34
532 274
541
547 988
550
552 867 953
554 883
556
571 474
573 309
575 152
577 33 661
580
581
589
593
613 171 978
616
623 543 841
652
653 318 644
656 304
659
685
697 76
705 395
706 956
716 214
729
740
741
743
748
752
753 475
754
758 986
773
774 72
781 543
786
792
796
805 667
818 93
830
836 205
842
844 915
845 588
850
852 132
860
863 437
867
870 691
877 501
885
887 91 206
891
895 40
903 424
917 105
947 530
950 419
956 503
957 206
958 33 274
963
979 27 274
980
983
988 271
995
33 80 104 114 116 240 416 529 588 704 778 955 977
72 34 88 436 490 553 578 701 725 881 944 946
76 530
151 332 644
163
172
198 601 707 838
202 88
248 601
261
275
311
317 40 366 838
325 171
326 996
328 283 604
331 833
434 252
436 827
475 446
476
478 966
524
606
632
633 259
670 648
693
722 460 833
755
827
868 579 972 973
883
909
910
928
943 105
949 765
968 902
27 55 70 353 397 548
55 222 243 884 992
70 814
85
91 621 855 944
93 119 167 503
115 265 810
130 237 543 822 986
132 178 292 419
135 570
152 80 306
171 312 493 502 622 678
187 318 430 479 566 657 668 986
194 88 296 486
207
246 105
250 570
263
270
274 99 592
282 680 686 808 935 945
309 108 905
332 470 708 858
335 568
345
356 128
363 549
384
386
394 222 382
404
408 264
413 318 847
417 485
419 166
421
425 672 840 865
427
435 448 737
445
448 259
458 40
465
474 520 718 731
515
521
522 549
548
563
564
567 119
569
576
602 114
609
610
614 34
634
638 40
644 780 890
648
666 875
674 240
701 938
715 86
771
798
802 108
806
807 561
810
815 809
823 34
824 780
837 681
849
864
874
876
884
932
962
965
985
996
37 128 308
69 368 566 733 761 912 935
88 99 598 683 971
108 312 607 708
116 501
123
158 695 812
206 212 228 259 306 390 482 914
228 379 808 914
264
350
412 176 369
429 959
446 759 794 973
472
497
508
539 252
582
642
658
661
684
707
744
841
892 699
918 831
992 982
56 420 597
62 927
86 192 318
99 167 507
133 312 382 568
178 232 537 590
192
221
233 519 681
244 40 89 901
252 557 718 967
257 351 540
271 712
278
296
304 401 566 797
389 40
430
437 503 557
444
466
470 34
479
511
529
533
537
545 40 878
585
592
600 981
660 493
673
681 788
686
690
765 424
767
785
788
795
799
812
898 607
905 89
919
966
355 731 881 899
512
536 622
718
915
977 712
265 40
579
395 460
862
902
34
89 463 468 588 643 921 938
138
226
283
292
334 80
379
402
520 780
530 306
770
784 989 993
71
127
310
499
535 40
649
665
667 40
699 114
734 314 566
772 306
982
989
380
131
308 655 695
415
680
712 493
791 259
882
890
469 40
809
840
873 166
105 424 432 875 959
176 155 819
195
243
353
382 604
597
641 40
657
747
761
764 166 232
848 503
855
872 490 946
925 40
929
941
975 598
40 110 232 351 369 396 423 433 560 603 604 637 778 843 846
110
119 948
205
420 519
519
991 155
80
266 683
540
561
663
797
166
212
347 565
351
422
464
543 114 549 565 617
617
725 128 750
766
838
875
899
926
930 155
935
971
237 503 972
396 416
502
692 590
501
676 672
800 695
859 306 390 900
763
259 424 944
366
447
528
619
769
933 433
974
978
232
946
397
433 463
114 401 507
128 214 329 468 595 787
559 214
627 570
914
691
314 821
318
329 853
390
759
822
948
104
240
416
588 924
704 637
778
955
486
727
961 598
432 424 952
703
629
369 595
423
560
603 708
604
637 424
843 833
846
222
687
814
214 952
442 601
668
993
424
570
401
921
787
155 973
565
733
865
900
924 482
998
167
590
651
819
878
912
598 717 821
750
683
858
945
485
853 990
967
927
557
831
368
566
490
553
578
881
944
847
643
869
901
463
468
938
621 695
503
655
959
507
312 482
607
708
742
817
981
595
986
568
672
833
969
717
737
306
973
493
695
460
622
678
780
601
972
482
639
952
808
821
731
549
990
794
953
