0 1 2 3 4 5 6 7 8 9 10 12 13 14 15 16 17 18 19 20 22 23 24 25 28 29 30 31 32 34 36 37 38 39 41 43 44 45 46 47 52 54 55 56 58 59 61 62 69 72 74 76 80 82 83 84 90 95 97 98 100 103 108 109 111 116 117 118 119 120 121 125 126 127 128 130 133 136 140 141 142 146 147 148 150 153 154 155 157 158 159 161 164 165 169 170 173 175 181 182 193 194 198 199 203 208 212 214 217 218 224 225 227 233 239 241 242 245 247 251 254 256 257 259 264 271 272 273 275 277 281 282 284 291 292 293 295 296 298 300 302 303 308 311 312 314 318 320 321 329 331 332 334 342 348 354 356 359 363 364 365 367 374 375 376 377 380 381 384 386 394 395 396 402 403 404 408 409 410 411 415 417 418 423 425 428 431 434 435 449 450 451 456 458 460 461 464 475 477 480 484 486 491 495 497
1 2 3 4 8 10 11 12 14 16 17 19 21 26 31 32 33 36 38 39 40 42 43 46 51 54 60 62 65 73 77 78 79 87 96 100 101 103 107 109 110 115 117 119 123 127 135 137 145 150 157 160 170 173 177 179 185 189 190 196 197 200 208 209 219 225 226 230 240 247 249 252 258 259 260 262 263 266 271 275 276 278 286 289 295 299 301 304 306 307 314 326 329 330 333 339 344 349 351 352 356 361 369 371 383 385 391 392 400 404 410 419 422 428 429 434 442 445 460 472 484 485 486 487 494
2 3 4 5 6 7 8 9 10 11 12 13 14 15 17 18 19 20 22 23 27 28 30 31 35 41 44 47 50 54 55 56 57 59 61 63 65 66 67 74 77 81 83 84 86 88 89 90 91 92 93 94 95 96 97 98 99 101 102 103 105 106 107 109 112 113 115 119 122 123 124 125 126 129 131 134 139 143 145 150 155 159 167 168 173 175 177 180 188 191 192 197 198 202 203 204 214 215 216 220 223 227 229 232 233 240 249 251 253 254 255 256 258 261 267 269 272 273 276 282 285 288 289 292 293 299 301 302 305 307 320 321 322 323 325 327 333 339 340 344 346 348 351 353 354 357 358 359 360 362 363 366 368 370 372 373 377 378 387 389 390 394 395 396 399 400 401 405 406 411 413 420 421 423 424 431 433 439 440 441 447 451 456 459 460 461 463 469 474 476 477 480 481 484 485 486 487 490 493 495 496
3 4 5 6 7 9 10 11 13 16 21 22 25 35 48 49 51 53 62 66 67 68 70 71 74 75 76 79 82 83 86 88 92 97 104 105 106 112 114 116 118 121 122 127 132 138 144 148 149 151 158 159 166 174 175 176 177 181 182 185 192 193 195 201 202 204 207 211 215 221 224 228 230 234 235 237 242 243 246 249 250 254 256 261 264 267 268 273 275 281 283 290 301 303 305 307 313 316 317 324 328 336 345 354 355 357 358 359 362 367 371 374 375 385 389 397 403 406 407 412 417 418 421 428 429 432 433 436 445 446 448 449 453 465 469 471 482 483
4 5 6 7 24 27 28 41 54 65 104 110 134 157 183 190 196 210 229 235 243 257 261 272 282 286 300 332 352 366 371 376 388 409 430 497
5 8 14 16 25 27 29 34 41 42 45 46 48 51 55 57 63 96 103 135 139 154 168 174 178 179 182 193 194 205 209 210 214 234 247 257 265 274 293 294 304 310 319 320 330 369 370 374 381 386 393 402 406 410 420 423 439 465 468 470 472 481 495 496 498
6 19 22 52 84 106 114 166 221 229 244 257 324 353 389 483 490 494
7 9 11 13 15 20 28 30 39 63 66 80 85 88 89 92 94 111 113 115 120 125 138 142 160 162 174 184 194 205 206 223 248 253 256 261 266 267 268 270 290 328 331 341 342 343 350 356 380 384 394 399 403 414 422 441 492
8 12 15 20 44 45 51 56 57 60 71 79 81 94 102 107 110 147 151 178 181 189 196 223 234 239 274 286 287 289 337 360 366 377 387 409 426 454 455 462 484 498
9 32 33 49 76 80 97 106 108 121 122 132 156 161 162 164 178 200 224 248 297 299 303 307 359 371 388 409 478
10 26 99 270 313 489
12 18 144 186 226 252 265 269 321 346 356 395 462
13 26 34 75 102 124 169 206 217 237 392 417 490
14 21 39 40 93 128 191 222 252 264 288 304 306 308 312 381 426
15 36 37 42 49 58 71 81 85 87 144 157 171 180 197 202 215 250 259 278 283 315 323 358 369 391 461 464 468
16 23 26 29 40 68 100 104 116 156 232 268 328 342 376 429 445 474 493
17 11 468
18 11 23 33 71 78 79 86 96 102 136 168 217 237 238 298 302 312 318 323 331 412
19 24 27 35 49 53 57 61 63 64 69 77 78 85 99 108 111 126 148 162 169 171 178 199 200 220 254 263 273 277 280 284 305 309 311 330 338 341 383 398 425 435 443 447 466 471 494
20 30 37 46 48 50 52 59 72 118 135 165 173 207 215 216 231 235 263 294 309 315 327 342 360 384 427 450 453 465 496
22 31 38 43 48 58 62 76 82 91 128 129 140 144 148 152 154 155 159 168 183 187 189 195 206 208 216 218 234 236 239 240 242 251 255 258 280 283 296 314 315 325 335 337 338 344 364 368 373 386 388 397 404 414 432 440 453 455 471 488 492
23 24 64 67 74 98 139 217 241 268 343 368 393 431 433 474 492
24 34 52 61 91 167 176 187 407 476
25 21 36 69 117 137 141 147 213 310 398 415 427 429 442 454
28 45 112 153 313
29 11 32 43 47 55 101 105 145 146 165 207 232 258 269 294 309 311 319 375 380 405 437 459 499
30 154 190 282 308 422
31 231 287
32 35 84 149 222 329 334 380 382 458 488
34 77 131 143 153 172 213 216 227 233 330 343 353 388 396 400 457 479 499
36 37 64 132 211 243
37 89 170 188 231 260 295 322 335 362 367 379 477
38 11 130 158 175 196 214 271 272 279 287 348 387 434 437 448 449 454
39 40 65 72 83 85 93 128 129 163 184 192 225 230 247 263 266 279 285 291 326 335 339 378 384 385 390 408 456 469 480 498
41 68 137 204 253 393 430 455
43 50 123 125 158 187 189 197 202 249 251 286 321 364 383 442 446 465 467 470 478 489 499
44 11 50 53 59 235 332 363 412 433 438
45 47 172 336 456
46 270
47 70 111 131 147 186 232 250 451 469
52
54 112 114 174 255 290 411
55 124 143 236 287 306 361 390 402 420 434 482
56 11 70 94 130 177 180 192 195 209 240 246 264 277 300 350 457 485
58 42 104 113 126 162 166
59
61 73 90 373 398 435 450
62 195 463
69 48 75 78 99 140 143 187 238 300
72 48
74 116 122 150 344
76 86 135 210 212 221 407 448 449
80 73 188 213 283 306 347 382 425 452
82 42
83 121 220
84 142 326 350 355
90 66 120 149
95 11 78 437
97 114 366
98 73
100 11 193 218 245 325 387 447 499
103 357
108 11 138 312 317 318 436 478 479 481
109 26
111
116 229 260
117 11 404
118 96
119 48 198
120 96 370 372
121 203 367
125 386
126
127 48 134 184
128 301 340 402
130 26 133 145 179 208 355 425
133 60 64 139
136 21 114 201
140 57 231 238 310
141 70 73 228 348 400
142 40 279 443 471
146 11 87
147
148 489
150
153 73 194 205 209
154 169
155 26 337
157 323
158 489
159 361 432 444
161 42 129 259
164 11 124
165 11 244 298 355 365 376 396 424 467
169 186 401
170 124 444
173 239 357 427
175
181 145 347
182 64
193
194
198 105 419 421 436 493
199 71 114
203 131 212 225 293 338 363 443
208
212 71
214
217 292
218 73
224 11 406
225 405 473
227 21
233 11 252 320 403 439
239
241 11 228 308 491
242 102
245 73 189
247
251 467
254 274 360 417 457 485
256
257
259
264 337 405 446
271 96 340 373 472
272
273
275 60
277 168 470
281 73 77
282 435
284 131 232
291 114 176 315 475
292 204
293 317 333 379 424 453
295 186
296 73 129
298 168
300 408
302 67
303 64
308
311 26
312
314 220
318 221
320
321
329 326
331 33
332 135
334 91 196
342
348
354 11 399 419 420
356 375
359 438 473
363
364 204
365 222 263
367
374 188 413 418
375
376 461
377 65
380 419
381 114
384
386 458
394 26
395 288
396
402 430
403
404
408 337
409
410 64
411 276
415 26 65
417
418 226
423 174
425
428 33
431 352
434
435
449
450 267 475
451 92
456
458 11
460 85
461
464 220 261
475 11
477 473
480 81
484
486 258
491 258 391
495 11
497 174 335
11 21 33 53 73 75 81 87 88 92 101 105 110 138 149 152 163 183 191 211 219 220 236 262 276 280 285 288 297 326 352 445 454 468 470 472 494 496
21 60 66 183 185 297 309
26 129 132 134 228 398 440 441 452 488
33 304 339
40 42
42 60 172 430 476
51 64
60 152 191 200 207 230 248 270 290 322 336 338 347 358 361 378 438 462 463 479
65 184
73 68 115 123 201 226 260 325 349 392 476 483
77 160 171 482 488
78
79 87 171 262 289
87 412
96 213 391 452
101
107 57
110 205 265 267
115
123
135 462
137 64 152 179 317 378 383
145 265 438 482
160 57
177
179
185 94
189 452
190 71
196
197
200
209
219 114 216
226 48 316 382 391 393 446
230
240 459
249
252
258 372
260
262 106
263
266 48
276 201 349 351 379
278 57 124
286
289
299 235
301
304
306
307
326
330
333 66
339
344 437
349 48
351 112
352 327
361
369 345 424
371
383 498
385 166
391 401 416
392 336
400
419
422 327 473
429
442 113
445
472
485
487 85 390
494
27 319
35
50 151 210
57 68 186 459
63
66 176 448 467
67 48 246
81 166 167 280 327 432
86
88
89 85
91 53 124 222 341
92 397
93 68 163 236
94
99
102
105
106
112 294
113 104
122 350
124 206 341 379 413
129 481
131 64 223 345 346
134 156 413 416 427 479
139 436
143
167 85 285
168 211
180 48
188 163
191
192 492
202
204 184
215
216
220 389
223
229
232 441
253 238
255 163 370
261
267 305
269 221
285 316 346 416
288 238 444
305
322 85
323
325
327 114 336
340 68
346
353 114
357
358
360 372
362 337
366
368 184
370
372
373
378
387
389
390 48
399 70
401 138
405
406 421
413
420
421
424
433
439 152
440 64
441
447 114
459
463 238
469
474 156
476
481
490 48
493 246
496
48 163 250 313 343 345 426 444 457 483
49 244
53 201 473
68 151 324
70 64 156 297
71 316
75 244
104 221
114 172 237 238 466
132
138
144
149
151
166
174 414
176 64 243
195
201
207
211
221
228 163 328 335
234
235
237
243
246 163 319 382 407
250
268
283
290
313
316
317
324 244
328
336
345 187
355
397 163
407
412
432
436
446
448
453
465
471
482
483
183
210
388
430 478
178
205 310
265
274 64
294 414
310
319
393
468
470
498
244 248
85 466
162
184
206 426
248
270
341
343
350
414
492
287
337
426
454 466
455 347
462
156 222 416
297
478
489
152
163
236
280
186
222
171
315
238
64 279 347
309
338
398
443 416
466
231
427
187
335
488
213
452
437
499
382
172
457
479
379
279
467
438
444
473
347
416
