0 1 2 3 4 5 6 7 8 9 13 14 15 16 18 19 20 23 25 33 34 35 36 39 41 42 48 49 50 52 53 54 55 60 61 62 64 67 68 72 74 75 76 81 84 85 86 88 89 92 95 98 102 104 110 115 116 119 123 127 128 129 137 144 148 156 157 162 163 169 171 174 175 191 201 202 206 208 209 210 219 222 226 228 229 230 232 236 241 244 248 249 252 258 266 268 270 273 285 290 292 299 304 308 310 312 313 320 325 327 336 346 354 361 366 373 375 379 380 389 390 392 397 408 410 411 414 424 426 427 433 435 437 443 445 450 452 456 458 461 483 489 494 495 505 515 520 521 525 530 533 534 537 538 541 542 543 546 552 556 563 569 575 577 580 581 585 607 613 626 629 640 644 645 657 660 661 664 672 682 686 690 696 710 715 720 727 733 734 741 748 749 751 757 758 761 794 800 823 824 827 832 838 845 852 853 865 869 875 879 880 894 899 901 905 918 919 921 923 927 946 959 963 967 976 980 991 998 1008 1009 1026 1027 1031 1037 1042 1043 1045 1060 1065 1072 1075 1077 1079 1080 1081 1084 1098 1108 1115 1121 1124 1131 1133 1135 1151 1163 1177 1206 1229 1243 1253 1263 1266 1267 1269 1287 1290 1293 1297 1314 1316 1333 1336 1349 1351 1356 1364 1373 1379 1387 1389 1391 1399 1418 1420 1432 1438 1441 1447 1449 1453 1460 1468 1469 1477
1 2 3 5 6 7 9 10 11 12 14 21 22 23 24 25 26 27 32 35 36 40 46 47 52 56 59 61 64 66 77 91 102 103 106 129 132 135 146 148 171 189 197 207 208 209 211 232 238 247 260 273 276 279 306 317 320 347 349 350 351 352 371 385 386 409 417 418 420 421 428 432 446 466 470 486 491 507 510 518 519 532 544 555 572 577 583 592 594 598 621 638 658 668 676 694 698 703 711 713 725 737 743 747 757 764 767 773 774 778 783 785 787 789 790 799 810 811 812 828 834 847 848 874 876 883 885 892 904 905 915 925 938 939 943 945 950 952 967 982 986 987 996 998 1007 1012 1046 1116 1120 1143 1180 1193 1200 1202 1235 1236 1263 1279 1282 1285 1294 1309 1312 1354 1355 1358 1377 1385 1407 1422 1425 1434 1443 1453 1459 1476 1481
2 4 21 46 78 146 420 462 527 625 635 923 1030 1047 1048 1070 1138 1195 1291
3 143 150 264 332 360 738 760 844 910 955 985 1153 1292 1313 1378 1461 1470
4 13 17 28 29 42 43 47 69 73 81 107 133 136 138 156 162 172 184 200 218 234 272 299 329 342 371 393 397 442 460 463 469 472 479 513 516 568 570 586 609 634 646 658 693 706 707 714 726 728 730 739 808 1010 1041 1061 1078 1225 1232 1241 1376 1443 1478 1482 1498
5 8 10 11 19 26 27 30 34 37 38 39 41 44 45 51 55 63 65 68 73 77 85 93 97 99 100 107 112 120 128 131 133 137 139 143 149 159 168 176 189 190 191 192 194 195 204 219 225 227 234 243 247 255 257 261 271 274 276 277 285 292 293 294 304 308 310 317 324 326 333 337 339 342 345 353 358 368 383 400 423 440 452 454 455 465 476 477 480 487 488 494 498 499 503 504 508 509 510 520 530 533 536 539 548 566 580 588 593 597 599 601 615 620 622 628 643 644 651 652 662 685 691 701 707 718 760 775 777 788 791 809 815 843 862 879 885 898 899 901 928 944 950 953 957 981 1001 1021 1044 1051 1052 1059 1062 1129 1136 1140 1152 1164 1168 1180 1191 1192 1222 1245 1254 1255 1260 1261 1262 1265 1289 1294 1314 1319 1326 1331 1345 1373 1393 1404 1431 1435 1475 1490 1496
6 12 59 97 122 125 135 165 166 206 217 251 298 427 430 471 484 487 493 495 509 521 551 573 594 744 755 810 871 974 1003 1013 1051 1132 1210 1242 1256 1322 1452
7 18 160 357 543 612 677 1323 1375
8 182 684
9 30 43 58 79 90 96 142 158 178 179 197 246 296 370 376 398 405 415 426 482 539 558 740 741 845 857 957 966 1010 1311 1487
13 71 123 435 705
14 38 92 178 181 199 267 287 449 529 531 547 559 695 719 766 776 792 805 842 977 1165 1248 1253 1429
15 11 16 31 132 242 269 433 516 728 907 947 1213 1457
16 37 84 99 111 251 449 483 518 692 713 997 1114 1119 1239 1342 1350 1372
18 22 70 414 1274 1283 1313
19 338 476 1021
20 10
23 33 49 63 91 124 140 157 201 239 281 284 313 315 382 434 460 499 697 742 747 787 837 855 886 1000 1044 1126 1148 1169 1174 1237 1339 1352 1412 1415 1439 1499
25 53 56 66 76 82 118 130 150 153 173 253 309 447 459 461 493 567 605 629 698 731 739 852 962 965 989 1022 1087 1125 1148 1204 1260 1292 1339 1356
33 1394
34 199 200 265 316 380 614 892 900 990 1212 1302 1353
35 58 712 781 1015 1022 1455 1459 1499
36 114 161 639 1307
39 110 141 152 159 194 340 355 769 773 1231 1288 1427
41 116 155 177 243 279 297 367 409 422 457 472 478 492 565 628 654 666 681 694 753 795 804 817 849 860 870 909 1042 1069 1100 1112 1201 1225 1282 1297 1301 1309 1328 1376 1433 1465 1480
42 1214
48 12 50 187 210 269 305 324 344 387 391 446 542 552 601 711 733 940 955 1080 1096 1156 1172 1257 1341 1460
49 80 83 87 95 166 459 549 668 913 1002 1070 1203 1352
50 139 311 669 715 1006 1068 1110 1218 1279
52 108 233 413 486 602 1164 1208
53 57 69 117 185 220 242 314 321 391 491 523 660 674 840 1094 1118 1365 1440 1450
54 51 294 405 416 1189
55 105 474 579 690 725 743 839 926 975
60 12 98 155 188 524 603 749 809 818 911 920
61 160 1114 1144 1169
62 26 1402
64 211 540 995
67 12 323 431 695 1361 1462
68 145 334 336 364 374 383 406 425 526 699 1113 1419
72 51 125 170 559 849 946
74 66 213 230 551 603 615 768 774 882 1016 1105 1228 1368 1441 1478
75 11 145 184 1410
76 152 196 724 759 971 1196 1289
81 263 1015 1172
84 183 192 205 762 1166
85 237 283 318 328 554 562 684 704 751 806 857 911 952 969 987 1054 1110 1133 1134 1274 1450
86 12 118 270 453 525 583 616 678 804 828 1061 1246 1259 1469
88 38
89 51 278 458 513 549 599 806 944 1020 1238
92 425
95 101 1018 1463
98
102 154 181 541 662 801
104 27 363 574
110 527 903 1038
115 57
116 564 846 1251
119 27 246 258 349 394 1150 1315
123 347 451 544 706 917 1029 1141 1284 1304
127 87
128 161 275 454 511 1176 1486
129 239 280 356 1002 1066 1120 1334
137 500 1056 1333
144 38
148 176 250
156 235 306
157 173 174 221 500 650 722 882 1099 1162 1243 1409
162 370
163 10
169 78 423 1004 1053
171 1390
174
175 10 207 229 289 607 611 618 932 1086 1348
191 631
201
202 83 288 890 933 1397
206 256 318 538 550 632 716 748 1017 1065 1271 1307 1344
208 1083
209
210 419
219
222 79
226 27
228 12 464 1001 1454
229 442 562 624 771 893 1083 1306 1461
230 319 591 745
232 691 945 1231
236 27 613 755 1209
241 17 1241 1404
244 51 780 1347
248 51 316 949
249 12
252 126 1159
258 964
266 166
268 91 348 363 480 639 1165
270
273 1457
285
290 275
292
299
304 770
308
310 339 388 1050 1245
312 51 437 1191 1387
313
320 364 979
325 275 331 772 1152 1323
327 51
336 1381
346 121 497
354 17 375 716 935
361 117
366 117 919 1134
373 27 568 585 627 650 776 973 1256
375
379 83 429 916 1085 1179
380
389 78 867 915 1154 1491
390 237 401
392 11 862
397 896
408 12
410 274
411 111
414
424 306
426 1004
427
433 579 604 1379
435
437 802 1183
443 385 1318
445 32 625 1227
450 32 647 1093 1156
452 505 1163
456 184 942
458 464
461 772
483 587 590 858 1240 1242 1440
489 238 1330
494
495 994 1095 1185 1425 1428
505 1358
515 17 969 1201 1270
520
521 753 993
525 1018 1351
530 630 1184
533 1097
534 242 1355
537 242
538 656
541
542 1418
543 1205 1234
546 242 1024
552 1363
556 239
563 306
569 179
575 419
577
580 1122
581 17 767
585 851
607 610 873
613
626 179 637
629 999 1343
640 240 754 878
644
645 47
657 636 682
660
661 140
664 11
672 237
682
686 12 1085
690
696 51 1087
710 125
715
720 590 841 1388
727 468
733
734 90 788 988
741
748
749 1139
751
757
758 544 1147 1252
761 256
794 79 830 880 887 1143 1366
800 302
823 506 1107
824 11
827 646 979
832 415 1326
838 277 848 928
845 856
852
853 242 884 990 1291 1422
865 184
869 27
875 218
879
880 992
894 647
899
901
905
918 215
919
921 459
923
927 599
946
959 544
963 40
967
976 224 1255
980 511
991 866
998
1008 500
1009 32 1014 1079 1091 1489
1026 246
1027 815 1448
1031 646
1037 1007
1042
1043 570
1045 961
1060 590
1065
1072 100
1075 966 1103
1077 283
1079
1080
1081 227
1084 562
1098 32
1108 719
1115 10 1212
1121 526
1124 460
1131 78
1133
1135 470
1151 338
1163
1177 518
1206 11
1229 197
1243
1253
1263
1266 78
1267 311
1269 1032
1287 1020
1290 529
1293 12
1297
1314
1316 10
1333
1336 562
1349 143
1351
1356
1364 63
1373
1379
1387
1389 51
1391 82
1399 100
1418
1420 990
1432 181
1438 1348
1441
1447 529
1449 111
1453
1460
1468 32
1469
1477 510
10 40 96 117 130 134 138 203 215 245 281 311 357 367 399 490 557 597 608 643 648 726 762 902 1193 1215 1226 1405
11 31 79 122 151 253 284 301 372 431 675 775 782 807 922 933 958 1137 1202 1353 1442
12 17 24 29 44 70 80 93 109 167 195 198 224 225 227 245 250 254 257 355 400 462 485 531 642 646 653 665 671 702 717 729 777 793 799 819 895 906 929 937 947 961 1003 1019 1059 1221 1244 1325 1340 1362 1490
21 51 113 439 680 925 1104 1258 1299 1380 1400
22
24
26 83 131 335 413 627 795 802 854 1161 1302
27 28 87 94 280 362 377 381 388 438 455 501 532 718 786 797 847 860 953 984 1173 1204 1218 1303 1338 1424
32 17 45 57 103 112 124 164 203 212 223 231 235 267 326 378 468 496 535 582 604 605 618 620 638 670 676 700 722 756 803 816 839 851 872 902 914 981 999 1011 1041 1089 1142 1146 1268 1384 1397 1424
40 71 213 289 457 470 514 663 822 938 1160 1162 1211 1428
46 101 1346
47 82 120 215 224 231 233 663 997 1095 1482
56 488 769 1345
59 697 790 826 1483
66 100 106 286 302 352 368 376 635 671 687 826 968 1456 1498
77 111 172 419 633 820 868 1310
91 180 256 296 328 606 870 1406
103
106 307 407 463 1094 1192
132 447 805
135 282
146 975
189 301
197 216 404 600 887 1073 1090 1283
207
211 596
238 130 670
247 262 1104 1127
260 78
276
279
306 323 359 448 673 693 752 780 796 820 898 941 983 1032 1093 1233 1254
317
347 792 1236
349 485 621 1239 1247
350 111 439 1329
351 38
352
371 782
385 255 623 1235 1342
386 51 608 872
409 641 1278
417 140 436 571 641 951 1054 1365
418 99
420 561 679 836 983 1252 1407
421 90
428 126 759
432 107 632
446
466 78
470 522 654 1005 1246 1385
486
491 1437
507 447 1170
510
518 779 1074
519 120
532
544 582 683 808 954 1199 1216 1327
555 38
572 218 1109 1257
583 1066
592 274 877
594
598 30
621
638
658 1464
668
676 1273
694 1219
698
703 69
711
713
725
737 255
743
747 940
764 405
767 984 1284
773 866 916 1058 1232 1280 1305 1417
774
778 218 1032 1431
783 718
785 242 1380
787 821 896 961 1322
789 90
790
799
810
811 97 1090 1423
812 448
828
834 113
847
848 1122 1258
874 517
876 844 1049 1071
883 697
885
892 970
904 444 1067
915
925
938 995 1099
939 188
943 709
945 974 1187 1226
950
952
982 178
986 58
987
996 224
1007 605 1141
1012 78 1076
1046 242
1116 610
1120
1143
1180
1193
1200 224
1202
1235
1236
1279 1374 1465
1282
1285 771
1294
1309
1312 1190
1354 192
1355
1358
1377 1055
1385
1407
1422
1425
1434 479 1437 1462
1443
1459
1476 709
1481 51
78 28 134 185 240 259 434 478 548 889 1064 1479
462
527
625 1197
635
1030 198
1047 820 1262
1048 612
1070
1138 70
1195 1041
1291
143 322
150
264 94 651 1300
332 118 334 553 735 926 1189 1472
360 297
738 568 958
760 1182 1280
844 463
910 283
955
985 111
1153 291
1292
1313
1378 382
1461
1470 97
17 338 540 659 1251
28 94 151 717 994 1102 1277 1370 1436
29
43
69 168 193 475 709 1329 1374
73 1372
107 1475
133 305 573
136 30 1375
138
172 302
184 216 1033
200
218 120 343 395 517 524 590 667 873 932 1157 1298 1308 1405
234
272 108
329 113 1467
342
393 170
442
460 474 1370
463 508 616 908 1217 1386 1492 1494
469 256
472
479 100
513
516
568
570 560 798 854 1016 1265
586 334 766 817 1295
609 38 863 1127
634 415
646 1495
693
706 1360
707
714 254
726 768
728
730 283 856 891 1250
739
808
1010
1041
1061
1078 631
1225
1232
1241
1376
1478
1482
1498
30 164 221 331 341 343 398 473 492 636 736 763 965 1092 1136 1188 1222 1261 1288 1324 1335 1427
37 65 692 1067 1248
38 90 212 295 444 465 565 595 770 840 841 891 1023 1101 1338 1454
44
45
51 193 217 220 277 287 307 341 365 448 506 584 623 677 704 736 798 893 937 1105 1112 1145 1214 1319 1444 1473 1474
63 109 114 179 223 259 394 403 444 655 667 685 816 1181
65 153 593 951 1028
93 912
97
99 147 752 814 1281
100 190 286 369 1000 1166 1346
112 1486
120 319 440 490 610 723 765 825 1130 1198 1455
131 187 547 890
139 566
149 58 1062
159
168 689 877
176 196
190
192 1414
194 300 971 1382 1406 1497
195
204 167
225 550
227 653 688 1036
243 1413
255 31 889 1223
257
261 31
271 31 588
274 87 372 481 744 1113
277 422 473 514 595 960 1069 1381 1493
293 188 340 501
294 554 624
324 813 972 1033 1175 1221
326
333 302
337 188
339
345 242 402 881 1300 1332
353 108
358 170 1128
368
383 900 977
400 576
423
440
454 511 529 619
455 914
465
476 1439
477 242
480
487
488
498 323
499
503 302
504 124 1320
508 633
509
536 365 1102 1286
539
548 631 637 797 1140 1223
566 948 1053 1495
588
593
597
599
601 648 1052
615 750
620 1409
622 181 666 1403
628
643
651 920
652 245
662
685
691
701 213
718 1394
775
777 1327
788 866 1426
791 459
809
815 564 1335
843 198
862
898
928
944
953
957 1341
981
1001
1021
1044 1489
1051
1052
1059
1062
1129 1028
1136
1140
1152
1164 1382
1168 439
1191
1192
1222
1245
1254
1255
1260
1261
1262
1265
1289
1319
1326
1331 1165
1345
1393 665
1404
1431
1435 604
1475
1490
1496 220
122 1086
125 142 180 265 291 298 309 557 655 705 732 746 754 888 954 1237 1298 1317
165 111 183 732
166 359 561 740 1035
217 278 297
251 723 833 1392
298 970
430 212
471 31 574 1145
484 108
493
551 1230
573
744 1485
755 1088
871 381
974
1003 1259
1013 341
1132 1099
1210 1158 1423
1242
1256
1322
1452 604
160
357 931 1073 1390 1445
612 242 934 1038 1063
677 1494
1323
1375
182 147 300 878
684
58 186 335 362 846 924 1057 1149 1171
79 198 1384
90 214 517 553 803 1068 1167 1446
96 669
142 177 679
158 121
178 596 1268
179 214 712 1240
246 1049 1109
296
370
376 578
398 617
405 960 1208 1446
415 242 502 992 1304
482 387
558 343 1209
740
857
966 181 1126
1311 1053 1395
1487 161
117 121 205 315 468 545 673 708 864 934 1076 1366 1451
130 147 467 962 968 1386
134 1357
203 1063
215 528
245 407
281 659 721 924 1337
311 1430
367 1321 1421
399 109
490 1371
557 930
608 1198
648
762 1183 1368
902 1190
1215 198
1226
1405
31 105 154 404 497 502 567 1006 1024 1055 1217 1325 1492
151
253
284
301
372 438 467 1340
431
675 188 756 784 888 1154 1207 1348
782
807 656
922 193
933
958 1185
1137 1089
1353
1442 669
70 108 237
80 140 441 702
109
167 140 396 523
198 356 665 1040
224 382 636 836
250
254 177 1088
355 642
485 1228
531
642
653 833
665 1117 1123
671
702
717
729 514
793 517 1150
819 439
895 343
906 511
929 529 1034
937
947
961 1296
1019 425 1321
1221
1244 216
1325
1340
1362 1348
71
705
181 1167
199 262
267
287
449
529 1247
547 1205
559 1064
695
719 474
766 1296 1383
776
792
805 837 1419
842 663
977
1165
1248
1429 263
242 303 322 429 742 763 930 936 1350 1416
269 931 1328
907 444
1213 1104
1457
111 121 186 348 374 863 1395
692 855
997 1396
1114
1119 108
1239
1342
1350
1372
338 765 831 868 1305 1347 1448
540
659
1251
1274
1283
113 57 188 291 1020
439 1199
680 302
1104 1219
1258
1299 1159 1398 1401
1380
1400 887 1473
124 303
140 288 321 365 395 403 436 453 496 528 535 600 606 831 886 1158 1171 1174 1184 1188 1220 1224 1359 1410
239
315
382 396 611 818 1092 1147
434 1484
697 1273 1369 1445
742
837
855
886 1493
1000
1126
1148
1169
1174
1237
1339
1352
1412 1224
1415 545
1439
1499
82 909
118 263
153 908
173
309
447
459 589 1182
567
605
731 663
962
965
989 851
1022
1087
1125 614
1204
83 576 1130
335 377
413 1118 1250 1471
627
795
802
854 1398
1161 636
1302
87 829 1128 1186
94
280 781 1207 1426
362
377
381 282
388 949
438
501 912
786 641 861
797
860
984
1173 813
1218
1303 942
1338
1424
994
1102
1277 820
1370
1436 185
164
221
331 771
341 978
343 384
473 1233 1488
492
636 1179
736
763
1092
1188
1288
1324 582
1335
1427
105
154
404 814
497
502
1006
1024
1055 522
1217
1492
57 126 416 1050
212 1089
223
231 330
235 506
378 263
468
496
535 1005
582 913 1471
604 674 1463
618
670 859
700 126
722 1029
756
803 1142
816
839
851
872
914
999
1011 283
1089
1142
1146 1145
1268
1384
1397 1479
1394
265 369 402 406
316
614 237 683
900
990
1212 1272
712 779
781
1015
1455
114
161
639
1307
1067
295 256 972
444
565
595
770
840 1091
841 1170
891
1023 820
1101 500 1276
1454
141 126
152 412
340
769
1231
213 1178
289
457 1149
514
663 1039 1196
822 600
1160 319 1480
1162
1211 419
1428
155
177
297 412
422
478
654
666 948
681 554 917 1414
753
804
817
849
870
909
1069
1100 121
1112
1201
1301 108
1328
1433 1227
1465
1480
1214
101 314 475
1346
233 384 835
1095
187
305
344 275
387 214
391 587
940
1096 623
1156
1172
1257
1341 1361
549
913
1002 1025
1203 205
669 784 1111
1068
1110
193
220
307
365 1106 1220 1230
448 560
506
584 283
623 1040 1360
704 850 973
798
893
1105
1145
1444 647
1473
1474 126
108 126 240 283 330 861 1035 1039 1286
602 121 935 1272
1208
185 956
314
321 1082
523 1249
674
1094 1369
1118
1365
1440
1450
416
1189
474 1025
579
926
975
126 689 813 897 1057 1176 1194 1367 1497
1050 1483
186
846
924
1057
1149
1171
826
1483
188 275 656 936 1472
524
603
818 1332
911 1234
920
1144 121
1402 322
259 1408
394
403
655
667 1485
1181 882
995
951 964
1028 419 1392
286
302 801 1337 1371
687 275
968
1456 1058
323 441 1056
1361 1467
1462
145
334
364
374 1330
406
425
526 256
699 683
1113 1357 1363
1419
475
709 619 1227
1329
1374
237 735 850
170 121 1197
768
882
1016
1228
1368
1410
196 647
724 587
759
971
1196
419 746 897 1155
633 988
820 1074 1097
868
1310 528
240
889
1064
1479
441
263 884 1158
576
1130 1178
183 512
205 1464
1166
283 1036 1295 1343 1367 1413 1416
318
328
554 1264
562 571
806
969 1249
1054
1134
453
616
678 512
1246
1259
829 814
1128
1186 359
278
1020
1238 275
214 564 796 956
517
553
1167
1446
180
256 721 821
606
1406
912
1018
1463
147
752
814
1281 864
369 451
801
363
574
407 545 578
330
861
1035
1039
1286
903 897
1038
121 649 1175 1451
348 1344
863
1395
1486
291 1401
564 830
545 649
673
708 683
864 550 1017
934
1076
1366
1451
1150
1315 401
319 591 1194
610
723 1271 1306
765
825 322
1198
649
1175
1086
451
917 1082
1029
1141
1284 1403
1304
303
732
746
754
888
954
1298
1317 590
689
813
897 1058 1107
1176
1194
1367
1497
275 282 401 589 750 941
511
356
1066
1334 1227
467 522
1386
890
1357
282 942
500
1056 1396
288
395
436 481 859
528
600
831
1158
1184
1220
1224 587
1359 1025
679
322 617 1187 1408
412
908
650 745 1275
1099
1409
359
561
396
877
1004
1053
1197
1390
611
932
1348
596
1240
300
878
512 216 1275
216 560 619 1103 1278
1033
956 1318
656
936
1472
631 1383
1414
1382
647 881
887
1073
1090
1040
262
1063 1270
1464
550
632 867
716
1017 1034
1271
1344
1083
1178
796
560 630
619 1466
1103 1388 1417 1466
1278
590 835 1190 1430
873
1157 1147
1308 867
836
688 630
1036 1106
464
624
771
1306
591
745
384
835
1209
735
850
429
930
1416
1413
780
1347
1049
1109
1127
949
833 1159
1392
1159
1088 1123 1276
1223
721
821
964 1071
1408 1411 1484
884
1300
402
931
481
401
589
750
941
960 1139
1381
1493
1207
1426
1337
942 993
1295
1343
1401
972 1117 1421
970
1371
983
1032
1093 1458
1233
1430
979
1082
617
1187
772 1111
1467
1305
1448
978 637 1216 1458
881 1411
1332
1247
935
1445
1106
1230
1321
1421
973
1330
578
916
1085
1179
1147 1491
867
1154
1491
587 858
896
641
1250
1471
992
571
1155 1058
1252
1484
859
1183
1199
1318
1227
1182
1494
522
1005
1488 1185
1025
858
1437
1185
1320 866
1170
1275
1270
779
1074
993
1249
630
1097 1264
1205
1234
683
1216
1327
637
1363
1264
830
948
1495
1122
1190
1272
1466
1403
1360
1383
988
1117
1123
1485
784 1014
1111
1273
1219
1369
1388
856
1139
1280
1296
866
1058
1417
1014
1423
1107
1091
1398
1071
1411
1034
1458
1396
1489
1276
