0 1 2 3 4 5 9 10 11 18 19 22 26 28 30 41 52 57 63 67 71 79 82 85 87 93 102 103 109 113 118 120 123 132 145 147 148 154 160 165 166 185 202 213 227 231 235 238 244 248 258 265 266 272 280 282 286 287 298 359 370 402 431 438 440 447 455 457 471 489 499
1 2 3 4 6 7 8 13 15 17 18 20 23 24 25 26 29 33 44 45 46 47 48 50 51 55 58 59 62 63 70 73 74 78 79 81 88 89 90 98 101 104 106 110 111 119 122 124 126 131 133 134 136 140 142 146 150 153 159 169 175 181 187 188 192 196 197 205 212 216 219 222 225 229 237 252 261 264 266 267 271 275 279 280 286 288 291 295 297 300 303 310 314 321 325 334 343 346 348 363 370 372 379 380 385 388 393 396 400 401 405 407 411 414 418 422 427 433 437 443 449 457 459 461 468 479 482 496
2 5 8 9 14 24 32 33 34 35 37 54 60 61 66 76 86 89 115 128 134 143 144 152 166 173 180 186 195 204 210 211 232 233 263 265 293 336 337 415 425 426 429 489
3 6 17 21 25 51 60 71 81 84 149 164 206 246 306 329 340 360 466 492
4 7 10 12 16 31 38 43 56 72 73 86 107 119 141 194 206 217 232 239 245 273 304 347 350 366 371 382 399 403 445 451 453 487 494
5 156
9 11 14 16 23 30 52 65 69 100 107 108 109 151 162 163 185 234 247 259 291 325 338 349 379 394 401 413 449
10 27 135 445
11 13 38 41 78 92 101 106 117 126 139 148 203 222 223 260 293 362 441 462 481
18 21 28 80 84 88 93 120 129 135 172 215 235 240 282 294 296 297 318 328 330 342 362 364 365 383 394 403 408 410 412 417 423 426 439 448 495
19 14 172 217
22 15 29 37 40 121 164 296 320 331 419
26 31 34 62 103 133 205 421
28 40 44 61 100 116 125 128 129 177 211 260 278 339 387 480
30 87 95 116 127 137 303 304 315 361 425 477
41 82 96 99 111 127 138 141 155 279 336
52 159
57 21 67 77
63 77 85 102 140 268 289 319 478 499
67
71 221
79 83 242 251 273
82
85
87 194 264 312 396 410 417
93 209
102 132 180 182 189 191 241 246 284 352 381 465 495
103
109
113 107
118 58 340
120 187
123 53 200
132
145 56 382 397 497
147 50
148 178 214
154 23 364
160 40 459
165 94 433
166 190 278 358
185 290
202 137 281 412
213 53
227 20
231 12
235
238 89 430
244 204
248 146
258 119 374 400 429
265
266 473
272 42 368
280 287
282
286
287 322
298 153
359 283
370
402 91
431 183
438 53
440 175
447 53
455 309
457
471 12
489
499
6 12 42 70 105 137 146 254 333 335 345 478 483 494
7 167 256 285 343 427
8 27 283 487
13 114 386 389
15 14 32 36 45 76 301
17 39 143
20 14 49 356
23 46 59 69 157 177 182 207 215 249 256 334 344 354 380 419
24 55 94 161 175 207 224 327 372
25 226
29 47 285 322 451
33 252 409
44 348
45
46
47 221
48 40 75 104 105 112 136 170 409 439
50 43 90 167 292
51 484
55 144 289 416
58 34 72 97 176 463
59 208 371
62
70
73 91 124 149 152 184 277 312
74 69
78 241 310
81 97 198 292
88 121
89 203 395
90 139 422
98 43 393
101 200 250
104 114 155 168 201 243
106 344
110 34
111
119 173 212 355
122 94 255
124 150
126
131 127 181
133
134
136 171
140
142 68
146 333
150
153 69 453
159 332
169 21
175 230 356
181 311 448
187 428
188 91
192 34 339 345 373
196 69
197 91 270 406
205 301 479
212
216 12
219 170
222 268 493
225 27
229 91
237 66
252
261 53 294
264 316 436
267 240
271 149 415
275 260 302 311 323 341 346 470
279
288 144
291 307
295 38 475
297 442
300 240
303 375
310
314 35
321 155
325
334
343
346
348
363 323
372
379
380
385 138
388 34
393
396
400
401
405 152
407 75
411 77 465
414 94
418 323
422 443
427
433 458
437 40
443
449
459
461 100
468 163
479
482 209
496 34
14 39 68 263
32 43 171 199 357 386 432 466
34 49 54 138 174 178 193 251 290 308 315 316 352 355 358 378 391 404 452 456 467 483 491
35 12 65 66 112 156 179 193 245 338 398 444 458 472 488
37 486 498
54 477
60 320 331 420
61 318
66
76 115
86
115
128
143
144 349 377
152 434
173 190 247 269 347 374
180
186 164
195 138 269
204 100
210 156
211 223
232 239 242
233 69
263
293
336
337 251 369
415
425
426
429
21 117 201 224 262 378 481
84 92 327 367 498
149 151 161 214 369 373
164 354
206 308
246
306 156 324
329 65 368
340
360 224
466
492 470
12 42 53 64 80 158 189 305 476
16 91 96 168 183 208 305 391 420 463
31 36 75 357 484
38
43 442
56 42
72 270
107
141 254 376
194
217
239 462
245 277 309
273
304
347 454
350 311
366 108
371
382 435
399 316
403
445
451
453
487
494
156 199 328 486
42 53 64 163 184 198 236 249 257 307 381 424 474
105 108
137 446
254
333
335 163
345
478
483
167 313 317
256
285
27 240 253 255 476 491
283 65
65 259 281
69 94 257 351 434
100 130 218 397
108 228 330 353 392 460
151 497
162 157
163 191 475
234 40
247 284 428
259 276
338
349
394
413 75
135
92
117
139
203 456
223
260
362
441 200
462
481
53 68 99 125 130 176 209 218 220 384
64
80
158 94
189 341
305
476
114
386
389 302
39
68 174 230 236 250 262 299 309 375 383 416 423 432 470 472
36 83
301
91 95 274 319
96 467
168
183 138
208
391
420
463
129 170 299 454 464
172
215
240 243 469
294
296
318
328
330
342 339
364
365 77
383
408 307
410
412
417
423
439
448
495
49
356
201
224 488
262
378 435
40 228 398
121 157
320
331
419
157 179 406 460
177 220 317 404
182
207
249
344
354 469
94
161
327 446
226 200 387 444 450
421 228
253 112
255
491
116
125
278 302
339
387
480 77
322 323
95
127
315
361 281
477
75 313
357
484
171
199
432
409 424
138
174 450
178 367
193
251 274 324 326 436 485
290
308
316
352
355
358
404
452 428
456 464 490
467
112
179
398
444
458
472
488
83
486
498
228
99
155
184
198
236
257
307
381
424
474 130
442
221
170
292
130 332 384
176
209
218
220
384
289 430
416
77
97 395
268 390
319
281
230
250
299 473
309 376 377
375
470
351 241
434 485
270
277
312
313
241
242
367
395
274 276
397
200 326 390 493
191
284 392
465
243
353 269
392
460
454
464
332
446
376
377 490
497
214
369
373
406
475
190
317
269
374
450
311
428
341
326
390
493
430
469
324
436
485
276
473
368
302
323
490
435
