0 1 2 4 6 8 9 10 12 15 19 21 23 24 25 28 29 31 33 43 44 45 50 52 57 63 66 70 72 73 74 79 80 84 87 95 100 106 112 115 124 139 143 163 172 183 186 188 189 196 203 205 208 212 216 220 227 230 234 236 240 243 248 249 250 255 258 261 315 322 324 326 327 343 346 350 351 359 360 368 425 426 433 434 445 460 465 488 490 494 518 520 531 540 547 556 568 574 584 594 595 603 606 607 614 637 641 657 659 663 666 677 682 690 694 722 732 738 740 744 764 786 789 793 795 840 846 852 861 871 888 891 894 905 910 912 923 936 938 945 951 955 959 970 978 983
1 2 3 5 11 13 25 26 27 47 48 56 64 65 69 90 96 100 101 125 129 135 136 149 162 167 168 171 174 192 193 236 244 251 265 279 286 296 305 308 311 320 341 342 345 348 366 372 379 380 392 407 415 418 430 433 454 465 497 501 506 517 527 529 539 546 554 567 587 630 653 662 665 666 669 687 692 697 705 735 739 759 763 766 783 790 796 800 805 827 829 831 870 873 926 931 951
2 3 4 5 12 14 16 18 24 28 34 36 37 59 67 68 70 73 77 81 82 88 97 101 114 116 117 121 138 141 167 175 204 206 208 211 224 226 238 269 282 284 298 304 310 311 317 326 339 362 363 374 389 395 410 413 416 418 428 447 455 476 480 493 497 510 512 518 542 550 571 591 608 622 623 641 653 668 679 685 709 723 757 768 772 802 807 864 869 935 948 956 963 975 993
4 32 130 183 238
6 5 30 55 60 111 184 243 386 429 437 513 550 563 671 841 845 895 939
8 3 13 15 17 19 20 30 32 33 35 41 47 52 67 76 122 134 139 145 209 242 244 266 270 297 299 308 316 322 340 349 363 371 466 483 500 532 535 545 561 577 580 596 610 627 629 659 688 692 722 741 806 811 850 870 874 962 969
9 5 57 58 77 91 102 137 179 232 306 330 334 356 391 397 404 410 429 458 459 514 534 541 585 608 656 680 719 770 849 854 939 945 987
10 7 39 98 123 267 394 441 507 522 580 598 607 758 788
12 80 197 270 295 329 367 548 710 839 878
15 133 290 532
19 76 289 397 921
21 14 34 53 104 116 143 148 252 289 422 540 636 776 779 873 961
23 7 45 48 120 156 269 277 287 347 362 456 517 529 591 600 770 952 968
24 42 649 859
25 54 122 135 154 198 276 388 515 696 829 904
28 54 129 146 169 175 195 229 245 313 321 348 565 695 748 750 763 764 789 828 831
29 11 51 60 62 85 110 140 142 173 178 185 347 375 602 611 642 668 675 686 841 958 965 972
31 13
33 625
43 13 49 51 87 93 103 108 118 150 152 153 160 200 201 207 239 368 401 414 450 491 499 516 537 554 556 574 620 652 674 695 723 752 755 802 885 902 919 946 972 982
44 11 331 390 778
45 212 416 431 864
50 5
52 203 374 650 742
57 346
63 14 166 256 292 301 360 421 437 508 509 643 847 848 879 943
66 36 155 292 352 670
70 71 105 119 168 170 218 402 442 485 524 714 734 863 934
72 5 78 86 336 544 917 970
73 89 411 428 908
74 30 312 316 547
79 40 107 119 372 408 618 681
80 262
84 11
87
95 16 225
100 255 283 955 981 989
106 5 818
112 104 138 172 181 189 195 613 614 639 706 785 801
115 37 423 715 979
124 16 125 273 340 409
139
143 301 436 486 536 558
163 78 170 617 672 755 844
172 178 219 237 285 312 366 562 725
183
186 30 485
188 123
189 293 332 492 784 935
196 97 210 217 296 320 468 498 525 598 846 953
203 863
205 3 294 698 887
208 773
212
216 113 295
220 16 310 318 795
227 129 521
230 200 257 411 451 959
234 34
236 354 448 484 486 699 840 969
240 13 767
243
248 133
249 34 398 548
250 36 718
255 838 901
258 257
261 91
315 295 344
322 978
324 3
326 345 632
327 5
343 141 847 927
346
350 35
351 13 743
359 13 511
360
368
425 75
426 13
433 647
434 136 950 995
445 75
460 58
465
488 391 646
490 166
494 5
518
520 64
531 439
540 867
547
556
568 7
574 742 878
584 11
594 30
595 299
603 22
606 424 751
607
614
637 11
641
657 114
659
663 3
666
677 7
682 160
690 323
694 5
722
732 166
738 302 932 933
740 407
744 239
764 862 887
786 159 820
789
793 476 915
795 954
840
846
852 5
861 76
871 175
888 306
891 13
894 228
905 367
910 16
912 49
923 16
936 251
938 13
945
951
955
959
970
978
983 268
3 7 41 49 62 68 71 82 83 107 109 130 158 173 177 210 237 267 271 293 302 342 414 427 451 475 499 501 506 509 516 528 541 582 590 633 640 650 661 662 680 712 714 757 762 807 810 813 838 858 924 984
5 7 11 16 22 26 37 40 53 55 58 78 81 89 94 96 98 105 118 123 148 184 187 214 257 262 275 287 288 290 303 309 339 349 364 373 376 394 395 402 438 453 487 492 511 542 545 551 561 566 646 702 707 733 780 809 819 826 832 843 879 881 901 929 949 996
11 27 40 42 69 92 137 145 176 215 221 276 278 291 313 358 382 387 396 471 645 651 667 678 681 699 701 716 760 777 792 872 890 927 981
13 14 35 36 61 65 132 147 157 202 217 225 228 336 361 376 514 573 599 626 749 810 835 941
26
27 94 103 365 449 478 579
47
48
56 7 113 204 259 314 422 446 475 634 703
64 39 278 400 476 536 642 697
65 286 357 385 470 592
69 142 151 344 805
90 88 102 117 159 171 202 328 469 638 683 727 950
96 179 305 391 456
101 164 181 214 317 318 381 626 711 717 882 980
125
129 146 400 448 601 709 898
135 639
136 126 268 543 745 965 997
149 58 664
162 161
167 439 477 483 495 676 769 892
168
171 420 524 781
174 99 233 283
192 34
193 42
244
251 14 277 399
265 113
279 270
286 419 987
296 314 419 538 717 940 988
305 388 480 582 590
308
311 860
320
341 30 776
342 367 985
345 721
348
366
372 686
379 59
380 59
392 58 890
407 7 611 771
415 147 440
418 834
430 7
454 75
497 747
501
506
517 792
527 36
529 583 636
539 362
546 7
554 605 775
567 397
587 487
630 61
653 997
662
665 293 761
669 14
687 608
692 727
697 866
705 347 718 734
735 120
739 321
759 76
763
766 41
783 272
790 563
796 46
800 473
805 989
827 22
829
831
870
873
926 191
931 41
14 22 38 59 85 99 110 215 235 423 435 493 530 537 559 578 581 597 601 616 617 672 684 706 712 716 748 794 857 908
16 18 46 61 86 104 131 164 165 213 231 245 413 484 557 560 585 708 730 803 823 824 839 895 906 943 961 998
18 126 199 319 432 461 467 534 552 559 689 704 799 809 824
34 154 209 219 309 417 432 449 453 814
36 127 158 424 470 496 504 513 589 794 859 867
37 38 222 356 365 466 500 510 528 651 675 685 737 899 973
59 206 443 729 944
67 111
68 93 190 218 303 323 401 498 530 604 821 992
77 307 896
81 736 836 911
82 88 275 444 618 842
88 120 390 435
97 30 254 298 333 798
114 46 211 288 791 907
116 126 161 191 369 424 474 655 896
117 464 558 588 782 848
121 49 976
138
141 41 260 263 369 455 489 503 609 853 928 996
175 194 241 381 467 473 730 752 777 844 964 986
204 242 328 596 798 886 954
206 254 385 444
211
224 166 565 804
226 30 678 851
238 526 571
269 982
282 91 382
284 89
298
304 102
310
317
339
362 577
363 769 979
374 461
389 58
395
410 600 909
413 818
416
428 551 914
447 140
455
476
480 715 907
493
510 957
512 185
542
550 625 984
571
591
608
622 99
623 502
668
679 76
685 886
709
723
757
768 354
772 20
802
807
864
869 688
935
948 385
956 482
963 838
975 184
993 436
7 17 20 113 144 153 160 176 180 239 268 299 325 335 358 373 405 442 462 555 619 621 631 670 673 696 728 736 754 875 889 914 942 967 991
41 408
49 538
62 152 479
71
83 75 156 634 671
107
109 35
130
158 256 523 693
173 199 222 624 660 953
177 20 302
210
237
267
271 75
293 384 830
302 353 751
414 533 552 761 880 898
427 272 801
451
475
499 543 720 930
509
516 583 586
528
541 553
582
590
633 103
640 635
650
661 76 868
680
712
714
762 446
810
813 253
838
858 439
924 876
984
32 632 756
22 39 185 190 233 338 439 620 753 799 836 837 947
40 128 131 247 335 443 458 522 535 822
53
55
58 92 159 274 330 337 378 409 452 505 628 629 780 797 816 915 940 985 990 999
78 134 155 197 264 441 724 856 876
89
94 151 228 526 549
98 893
105
118
123
148
184 191 273
187 151
214 883
257 386 431 880
262
275
287 966
288
290 612
303
309 472
349 504
364 313 576
373 814
376 396 464 495 572 826
394
402 881
438 300
453
487 314 865 909
492
511
545
551
561
566 564
646
702 239
707 313
733 699
780
809
819 575
826
832 228
843 505
879
881
901
929 404
949 570
996
30 46 75 128 133 150 201 235 241 272 300 334 544 575 643 674 721 726 746 756 775 855 856 974 977
60 91 99 198 719 731
111 660
386 489
429
437 691
513
563 312 570 604
671
841
845 334
895
939
17 108 944
20 462
113 166 260 378 729
144 133 229 232
153 354 599 900
160 420
176 200 252 281
180 169 496
239 463 610 700 994
268 555
299 572 991
325 35
335
358
405 39
442
462
555
619 340
621 46
631 319
670
673 328 817
696
728 103
736
754 588
875 217
889 314
914
942 194
967 140
991
35 371 731
76 157 223 266 307 403 417 452 648 704 803 837
122
134
145
209
242 246 353 457 503 557 860
266 337 375 450 711
270 436 564 569 579 615 645 781 883 913
297 159
316 387
340
371 383 855
466
483
500
532
535
577
580
596
610
627 409
629
688 126 701
741 108
806 93
811 469
850 678
874 469
962 464
969
91 132 333 689 720
102 247 412
137
179 285 481
232 884 990
306 219 658 683
330
334
356
391 745 952 957
397 521
404 99 440
458
459 369
514
534 644
585
656 390
719
770
849 522
854 150
987
39
441
507 228
522
598
758 260 885
788 708
42 161 654
92 357
215
221 127 406 412
276 338 785 835
278
291 151 300 960
313 578 782
382
387
396
471 151
645 862
651
667 450
678
681 998
699
701
716
760 470
777 820
792 892
872 231
890
927
981
197 264 822
295
329 99
367
548
710 628 971
839
878
61
132
147 75 294 478 904
157 609 638 925 988
202 263 421 767 842
217
225
228 383 477 533 708 815 913 946
336
361 314 573 765
573
599
626
749 99
835
941 422 958
38
85 281 519 700 778
99 140 165 207 246 280 377 406 474 703 743 906 925
110 624 999
235
423
435
530
537 995
559
578
581 347
597 355
601 928
616 521
617
672
684 472
706
748
794
857 589 937
908
133 473
46 75 182 331 446 463 482 903
86 937
104 370 491
131
164 223
165 457
213 126
231 155 370
245
484
557
560 448
708 851 918
730 774
803
823 474
824
906
943
961
998
108 259 593 947
944
126 272 403 564 644 693 713 808 893
199
319 264 713 746
432
461 647
467
552
689
704
799
289
921 452
252
422 930
636
776
779 718
185
190 332 960
233
338 502 698 765 808
439
620
753 409
836
837
947
120 182
156
277
347 612 815
456
600
952
968 155
649 403
859
54 280 481 866
154 253 393
198
388 398 747 771
515 256
904
103 355 377 615 635 834
365
449
478
579
146
169 140
195 549
229
321 219 479
565
695 902
750 592
828 207 974
51 194 323
140 472 865
142
178
375
602 553
611
642
675
686
958 973
965
972
75 274 352
128 897
150 355 525
201
241
272 658 853 916
300
544
575 218 812
643
674 812
721
726 314
746 992
756
775
855
856
974
977 884
632
625
219 964
417
814
731
127 93
424
470
496 588 911
504 569 976
589 398 724 882
867
222
737 332
899 486
973
247
443 817
822
408
161 821
654 502
93
152 613 787
200
207
401
450
491
652 609
752
755
885
902
919 868
946
982
331 825 833 868
390
778
431
182 797
446
463
482 328
903 498
538
194
323 830 876
742
280
481
866
259
314 508 605 877
634
703
159
274
337 592
378
409 468
452 593 676
505 403 628
628
797
816 785
915
940
985
990
999
729
479
166 502 523 586 664
256 519
292
301
421
508
847
848
400
536 576 897
357 804
385
592
155
352
218 725
498 691 774 917 933
604 635
821
992
151 562
344
119
170 253 384
485 877
524
734
863
934 398
917
411
312
223 825
307
403 553 833
648 264
896
264 918
724
876
618
911
444 655
842
281 393
519
700
937
328
469 273
638
683
727
950
333 922
720
526
549
254
798
893
246
377
406
474 900
743
925
283
989
181
318
381
711
717
882
980 593
412
355 932
615
635 773
834
370
818
593
624
660
613
639
785
801
260 986
791 533
907
715
979
191
369
655
464
558
588
782
976
273
564
644
693
713
808
897
448
898
473 884 971
543
745 784
997
472
865
263 399
489
503
609
853
928
436
486
294
664
525
562 966
787 725
354
900
253
393
988
523
420
844
457
502
586
477
495
676
769
892
384
781
285
725 922
953
964
986
332
784
960
468
767 916
886
954
698
887
773
883
825
804
851
521 994
383
533
815
913
884
994
353
860
398
718
399
880
918
569
658
916
419
966
612
830
572
751
605
877
833
868
922
765
932
576
747
771 920
957
553
440 570
909
761
930
647
995
691
570
817
971
774
933
583
812 920
862
920
820
