0 1 2 3 5 6 8 13 16 17 21 25 31 34 39 44 47 66 68 71 79 84 85 100 102 105 111 120 121 137 141 146 152 153 161 168 172 173 192 193 195 204 207 208 213 258 261 262 265 273 279 281 282 285 292 294 311 314 326 353 368 385 389 390 394 418 421 435 438 464 486 499 500 514 515 521 566 578 580 619 638 641 664 666 679 701 702 703 721 723 738 748 764 774 780 782 786 798 804 805 817 837 839 841 855 863 876 878 885 886 927 931 943 958 987 994 995 998 1000 1001 1005 1008 1025 1076 1077 1082 1087 1094 1135 1168 1238 1242 1260 1262 1266 1272 1283 1286 1299 1311 1315 1316 1363 1366 1368 1385 1389 1412 1424 1431 1436 1440 1450 1458 1497 1499 1537 1547 1553 1565 1572 1574 1588 1590 1591 1615 1630 1645 1648 1652 1687 1693 1695 1723 1737 1740 1744 1747 1749 1775 1784 1807 1821 1831 1836 1899 1906 1913 1918 1921 1961 1969 1977
1 2 3 4 6 7 9 12 13 20 22 25 26 28 29 30 39 42 47 48 49 53 54 55 67 78 90 101 109 119 131 134 139 143 154 157 162 170 175 180 183 194 196 198 200 205 213 219 223 234 235 238 244 247 248 251 252 264 270 271 272 273 274 275 288 294 319 324 329 339 341 346 363 364 372 377 380 391 397 403 407 408 412 417 423 424 425 427 442 451 453 459 480 496 503 513 550 563 568 581 585 602 606 618 635 644 647 649 651 665 678 686 695 713 715 732 766 777 783 791 794 836 841 843 850 877 897 917 928 936 942 943 952 955 970 981 996 1001 1013 1035 1036 1053 1060 1062 1064 1075 1077 1078 1098 1099 1117 1126 1189 1225 1269 1272 1276 1289 1311 1321 1334 1335 1343 1349 1350 1365 1372 1373 1376 1413 1420 1448 1454 1462 1474 1480 1507 1508 1520 1526 1556 1567 1569 1612 1620 1622 1654 1680 1686 1697 1712 1713 1738 1741 1742 1762 1782 1787 1802 1808 1815 1816 1852 1880 1883 1891 1915 1918 1919 1951 1954 1956 1969 1973
2 4 14 24 44 50 52 56 60 67 76 94 121 140 166 169 176 182 189 194 200 227 257 277 289 300 325 329 337 338 345 524 564 573 592 646 656 661 685 746 757 762 784 786 826 852 976 1073 1106 1180 1248 1277 1279 1318 1395 1418 1546 1570 1581 1626 1642 1657 1671 1703 1794 1827 1836 1861 1968 1981 1985
3 5 33 38 57 72 234 255 359 384 402 499 531 583 718 720 761 868 1015 1018 1110 1157 1219 1420 1437 1691 1711
5 7 21 70 101 163 172 251 290 292 302 304 343 358 374 379 554 584 599 601 710 736 761 797 840 848 861 983 991 1144 1237 1263 1317 1357 1559 1593 1609 1678 1694 1774 1780 1848 1926
6 115 158 311 367 500 622 642 657 740 812 836 1131 1207 1582 1779 1943
8 4 9 10 11 14 15 16 31 37 43 51 63 64 84 89 92 103 125 127 138 148 150 165 168 173 178 191 268 330 351 360 368 377 390 420 442 449 454 455 468 485 560 611 616 624 634 637 731 764 829 835 849 873 881 898 934 940 1019 1028 1032 1047 1086 1094 1107 1129 1162 1209 1222 1261 1287 1296 1373 1380 1389 1419 1426 1430 1444 1464 1476 1483 1528 1601 1621 1629 1655 1777 1796 1798 1863 1879 1887 1897 1961 1965
13 15 24 69 74 75 107 132 147 184 199 222 250 256 279 382 389 443 528 546 572 610 669 758 810 817 895 948 1058 1083 1089 1156 1172 1211 1256 1275 1278 1308 1327 1448 1471 1472 1475 1481 1532 1648 1651 1751 1761 1763 1828 1877 1983
16 17 33 42 50 73 91 94 122 133 183 190 192 240 286 326 346 350 380 396 527 551 595 611 620 671 716 769 776 904 959 1039 1043 1049 1066 1072 1081 1284 1307 1319 1322 1344 1393 1428 1454 1530 1542 1579 1692 1700 1864 1884
17 152 228 458 512 536 801 848 950 1022 1037 1193 1362 1417 1759 1856 1999
21 161 166 547 847 899 1053 1090 1494 1724 1725 1831
25 43 81 147 280 486 576 916 981 1174 1502 1611 1688 1734
31 35 212 281 291 324 335 357 396 422 456 473 793 806 856 1057 1395 1503 1528 1556 1692 1771 1928
34 4 54 177 445 1606 1678
39 143 155 162 231 259 269 277 298 395 603 757 822 904 964 1002 1096 1133 1163 1382 1791 1921
44 82 287 453 495 837 905 969 1104 1298 1613
47 48 269 471 490 540 799 954 1402 1569 1775 1912
66 20 129 260 948 1123 1270 1295 1371 1458 1604 1690 1804 1910
68 10 448
71 69 99 150 661 1669
79 52 272 296 304 511 632 655 709 922 1046 1515 1570 1962
84 105 123 145 148 372 512 552 562 579 692 731 974 988 1072 1315 1440 1491 1811
85 4 237 467 607 1025 1511
100 65 210 309 432 565 593 784 1197 1226 1439 1525 1686 1858
102 10 412 413 465 567 1028 1506
105 164 264 428 613 760 978 1058 1084 1548 1595 1614
111 99 802 846 868 1346 1545 1662
120 67 1991
121 966
137 11 894
141 4 149 462 743 1275 1603 1872
146 27 167 351 1128 1344
152
153 28 352 475 556 663 770 792 1167 1655
161 823 1356
168 834
172
173 229 327 653 893 1083 1165 1416 1547 1704 1716 1830
192 491 1691
193 106 369 875 1163 1325 1452
195 51 244 422 724 820 1334 1390 1480 1868
204 42 211 254 522 656 691 865 1516 1597 1608 1733 1900
207 203 908 968 971 1173 1176
208 178 498 1931
213 530 581 1599 1600 1988
258 246 785 1033
261 90 638 765 1029 1425
262 180
265 4
273 461 484 1126 1141 1233 1478
279 310 411 1331 1977
281
282 69 469 650 801 1042 1460 1586 1651 1851
285 30 416 1073
292 1187
294
311
314 4
326 844 870 1046
353 29 474 1302
368 437 479 814
385 27 733
389
390 842 1695
394 10 831 912
418 26
421 179
435 15
438 244 718 911 1412 1545 1715
464 86 1732
486 574 719
499 1994
500 613 951 1824
514 223
515 162 864 1287 1721
521 392 991
566 51 771 910 1240 1497
578 27
580 136 719 1192
619 87
638
641 125 1612 1640 1698
664 432
666 61 1646
679 218 929 1204 1568 1698
701 80 913
702 688 773 953 1293
703 76 1398 1945
721 48 1355 1531 1596 1889
723 507 882 1641
738 307 1349
748 349
764
774 289
780 27
782 266
786 1543
798 46 1181 1319
804 260
805 55
817 1265
837 1677
839 175 1331
841
855 51
863 4
876 635 1812
878 473
885 138 1472 1668
886 15
927 64 1323
931 175
943
958 604
987 28 1709
994 320
995 910 1050 1466
998 569 1271 1549
1000 305 1746
1001 1147
1005 466
1008 1006
1025 1814
1076 414
1077 1631 1797 1882
1082 144
1087 275
1094
1135 331
1168 313
1238 252
1242 10
1260 530 1495
1262 1102
1266 681
1272
1283 890
1286 1132 1985
1299 625
1311
1315
1316 1259
1363 235 1923
1366 767
1368 27 1496
1385 1047
1389 1482
1412
1424 984
1431 327
1436 1336
1440
1450 55
1458
1497
1499 124
1537 551
1547
1553 479
1565 327
1572 1298 1854 1942
1574 28
1588 793
1590 37
1591 361
1615 386
1630 1024
1645 11
1648
1652 1487
1687 1098
1693 15
1695
1723 1252
1737 400
1740 4 1959
1744 1124
1747 51
1749 140
1775
1784 270
1807 52
1821 986
1831
1836
1899 234
1906 1223
1913 681
1918
1921
1961
1969
1977
4 10 19 23 27 30 36 40 58 60 61 64 70 88 98 106 116 132 151 158 159 171 201 214 215 224 228 230 248 249 293 321 345 363 364 373 381 391 393 429 440 443 467 474 479 482 516 517 546 548 568 569 575 577 590 599 602 608 626 630 633 636 639 668 672 697 698 749 753 759 772 807 809 827 828 893 909 910 937 957 960 965 968 976 1061 1065 1070 1074 1085 1097 1170 1273 1292 1295 1296 1303 1313 1314 1379 1396 1427 1442 1456 1473 1486 1487 1498 1513 1521 1523 1538 1541 1550 1551 1589 1623 1628 1708 1714 1795 1847 1855 1860 1887 1911 1934 1937 1942 1991 1993
7 22 46 69 91 104 339 357 455 547 574 596 616 652 660 795 1154 1208 1306 1324 1506 1934
9 157 410 506 623 790 802 930 1106 1466 1594 1914
12 10 65 93 189 295 302 408 519 662 685 977 1057 1152 1205 1226 1558 1799 1922 1949
20 15 41 83 97 163 202 220 231 256 316 347 477 533 541 680 682 1488 1674 1706 1721 1904
22 92 239 348 1112 1658
26 10 40 53 77 284 1071 1145 1413 1490 1498 1722 1880
28 18 59 61 78 110 142 205 210 212 227 233 306 315 333 349 425 428 433 475 497 511 518 525 576 590 606 640 645 662 674 675 704 729 730 770 789 803 821 857 1039 1180 1221 1339 1457 1462 1562 1598 1618 1710 1819 1911 1987
29 15 37 52 80 83 86 106 130 178 206 215 250 267 409 484 501 614 650 970 1015 1080 1169 1195 1256 1276 1357 1421 1441 1544 1573 1575 1580 1587 1812 1857 1972
30 197 527 540 555 632 667 947 1142 1172 1856 1863
42 45 130 139 186 266 280 423 450 504 509 543 627 676 706 733 747 754 789 834 853 879 944 1122 1129 1191 1236 1253 1435 1445 1493 1555 1557 1575 1670 1805 1819 1883 1925 1974
48 236 303 361 397 419 1024 1250 1364 1893
49 19 90 159 170 225 233 593 791 847 993 1160 1332 1422 1554 1643 1765
53 196 867 898 1726 1857
54 56 109 270 608 775 1045 1140 1143 1656
55 24 62 82 198 242 254 278 378 383 386 444 497 504 565 589 727 850 884 1003 1027 1143 1182 1293 1706 1753 1916
67 87 211 393 487 552 1174 1178 1270
78 221 308 478 783 810 1220 1772
90 275 684 926 1312 1734
101 203 325 406
109 191 291 520 604 1769
119 73 300 883 1203 1304 1501 1568 1785 1834
131 10 741 1837 1868
134 33 446 560 728 888 905 1114 1219 1586 1603 1728 1799 1843
139 278 341 378 405 427 439 485 489 517 545 680 760 891 1223 1244 1354 1433 1509 1756 1847 1983
143
154 10 890
157
162 188 520 978 1017 1838
170
175 23 400 561 869 1355 1377 1746
180 10 187 319 332 463 557 915 989 1557 1607 1965
183 814 815 1138
194 253 334 586 589 821 1253 1415 1435 1493 1564 1633
196 1093
198
200
205 1217 1475
219 185
223 27 659 830
234 356 711 1354 1964
235 62 347 470 1084 1206 1541
238 18 601
244 284 915 1107 1980
247 140
248
251 465 509
252 14 603 776 843 1124 1199 1617 1982 1986
264 411
270
271 214 553 554 962 967 1119 1320
272
274 10 328 437 1639
275 549 807 811 1391 1982
288 186 1616
319 429
324 502 1576
329 558 705 752 1464
339
341 519 600 1212
346 445 1258 1657
363 400 779 833 950 1097 1301 1365 1533
364 366 570 612 615
372 610 657 946 1278 1487
377 663 1938
380 769 813 1089
391 405 795 1837
397 1610
403 99 621 788 799 1422 1470
407 27 665 1161 1333 1470 1984
408
412 1208 1418
417 150
423 426 729 1288
424 138
425 1121
427 1182 1978
442 1523
451 65
453 750
459 36 643
480 73 626 997 1877
496 304 737
503 23 935 963 1554
513 61 735 794
550 478
563 260 1314 1718
568
581
585 456 1063
602
606
618 570
635 300 1665
644 15
647 40
649 259 871
651 65 906
665 772 1300 1456 1702
678 190
686 283 1360
695 15 1411 1631
713 296 1166 1600 1785
715 227
732 24
766 27
777 33
783
791
794 1915
836 1390 1817
843 866 1679
850
877 628
897 94
917 420
928 733
936 241
942 824
952 745
955 793
970
981 1997
996 15
1013 14 1685
1035 851 1281
1036 639
1053
1060 95
1062 114
1064 398
1075 752
1078 537 1184 1931
1098 639 1228 1346 1525 1855
1099 567
1117 15
1126 1602
1189 290
1225 14
1269 384
1276 1335 1920
1289 414
1321 286 1750
1334 1510
1335
1343 793
1349
1350 832 1501
1365
1372 10
1373
1376 87 1524
1413 1621
1420
1448
1454
1462
1474 472 1993
1480
1507 15
1508 10
1520 1296 1959
1526 557
1556 1668 1950
1567 230
1569
1612
1620 662
1622 51
1654 1230 1696
1680 1584
1686 1878
1697 349
1712 27
1713 614 1738
1738
1741 537
1742 714 1881
1762 1706
1782 845
1787 1400
1802 1471
1808 636
1815 227
1816 269
1852 51
1880
1883
1891 52
1915
1919 1333
1951 215
1954 104
1956 1348
1973 64
14 185 236 239 241 365 373 492 688 699 778 920 937 1359 1362 1434 1465 1635 1792 1885 1937 1995
24 444 460 598 693 832 1023 1156 1257 1329 1519 1930 1932
50 124 303 449 609 654 852 962 1177 1592 1776
52 257 307 510 768 1258 1285 1540 1825
56 179 217 1659 1670
60
76 27 297 312 670 1369
94 96 333 457 559 985 1478 1673 1689 1865 1871
140 73 169 399 1069 1345 1438
166
169 331 1018 1067 1720 1916
176 69 259 336 542 567 627 808 1223 1791 1810
182 107 984 1830
189 226
227 327 344 553 588 624 633 740 838 916 1031 1139 1151 1195 1204 1302 1381 1446 1490 1521 1552 1676 1794
257 896 1023 1095
277 652 902
289 138 413 523 594 716 988 1239 1323 1485
300 1224
325 342 692 873 907 961 1317
337 95 1870
338 225
345 414 461 557 833 922 939 1125
524 260
564 376
573 135
592 250 881
646 484
656
661
685 1227 1351
746 11
757
762 384
784 1370 1623
826 620 1132
852
976
1073 1874
1106
1180
1248 237
1277 222
1279 27
1318 415 1811 1957
1395 1512
1418
1546 1102
1570 1624
1581 321 1980
1626 763
1642 667
1657
1671 62
1703 1332 1752
1794
1827 768
1861 87
1968 11
1981 138
1985
33 89 217 320 466 911 1254 1264 1392 1397 1443 1874
38 10 114 206 535 1285
57 18
72 45
255 197 597 612 628 690 745 875 1120 1210 1748
359 64 667 709 712 825 1290 1384
384 211 1175 1232 1301
402 222 1724
531 171
583 437 1561
718
720 557
761
868 1009
1015
1018
1110 912
1157 437
1219
1437 27
1691 1979
1711 354
10 11 18 32 36 93 97 142 145 165 197 202 216 220 232 283 299 309 328 350 355 371 375 387 399 409 414 415 433 505 507 538 542 571 597 605 660 668 681 717 728 756 763 787 800 811 901 947 960 1006 1009 1011 1016 1048 1068 1079 1100 1101 1118 1179 1209 1229 1247 1255 1268 1324 1339 1411 1423 1443 1504 1530 1597 1617 1643 1667 1795 1834 1903 1925 1929 1978 1989
19 15 128 918 1865 1881
23 15 1566 1647
27 15 32 35 51 58 59 74 77 80 107 112 118 135 136 155 160 185 209 216 224 286 295 306 318 321 330 430 447 489 502 529 532 538 543 544 545 559 609 642 674 693 706 707 714 735 812 832 838 858 938 945 957 1024 1034 1037 1044 1111 1131 1149 1161 1170 1212 1213 1214 1232 1259 1291 1297 1383 1386 1404 1471 1512 1514 1536 1584 1601 1627 1662 1701 1710 1719 1728 1748 1752 1777 1851 1873 1884 1907 1909 1940 1972 1984
36 62 63 73 87 164 318 322 348 354 392 439 643 712 820 857 865 909 934 982 1085 1326 1535 1660 1689 1803 1804 1903
40 108 218 241 246 263 297 487 655 671 895 1149 1268 1322 1453 1488 1770 1800 1910
58 122 974 1152 1207
61 75 230 245 340 539 596 698 923 1116 1580 1867
64 81 160 431 498 505 775 899 1173 1510 1656 1664 1707 1810 1896
70 787 923 1006
88 11 144 276 317 430 493 914 1029 1138 1579 1840 1841
98 15 827
106 181 441 468 1382 1408 1485
116 80 1731
132 253
151 114 506 1114 1585 1858
158 1859
159 623 1447
171 86 1033 1672
201 97 1618
214 197 388 1517
215
224
228 736
230 860 1933
249 95 267 1200 1767 1778 1888 1908
293 62 1739
321
373 631 1835
381 378 1184
393
429
440 307 1070
443 1203
467 862
474 1649
479 591 890 1010 1079 1415 1463 1481 1560
482 87 691 1151 1237
516 80 919
517 749 973
546
548 45
569 69 874
575 113 696
577 104
590 1636
599
608
626
630 506 717
633 1188
636 299 1012 1055 1347 1971
639 307 1589
668
672 186
697 117
698
749
753 495
759 126
772 1685
807 1190 1271 1430
809 611 1731
827
828 104
893
909
910
937
957 1115
960
965 360 1505
968
1061 1054 1636
1065 691
1070
1074 11 1337 1492 1578
1085 1432
1097
1170
1273 657
1292 222
1295 1975
1296
1303 259
1313 63
1314
1379 1158 1524 1632 1839
1396 436
1427 437
1442 648
1456
1473 1004
1486 549
1487
1498
1513 506 1917
1521
1523
1538 1152
1541
1550 199
1551 1221
1589
1623
1628 1610
1708 86
1714 69
1795
1847
1855
1860 187
1887
1911
1934
1937
1942
1991
1993
163 243 986 1186 1558
290 11 376 416 488 690 726 771 954 1134 1210 1496 1518 1759 1859 1912 1966
302 361 1511
304 699 984 1661
343 299 1144
358 87
374 69
379 308 436
554 1502
584 95
601 637 1201 1483
710 187
736
797 436 1549 1649 1789 1849
840 190
848
861 254
983 579
991 1627
1144
1237
1263 660
1317
1357
1559 1129
1593 763
1609 113
1678
1694 1528
1774 1447
1780 266
1848 1028
1926 416
115 114 990 1007 1445
367 87 734 1611 1743
622 278
642
657 871 1646
740 1007 1577
812
1131 1252
1207
1582 91
1779 253
1943 1659
46 11 174 617
69 114 174 181 190 355 360 469 629 653 768 939 1105 1234 1245 1571 1577 1666 1809 1953 1996
91 226 395 463 562 582 683
104 62 144 287 352 454 460 830 862 892 919 925 1047 1215 1249 1375 1519 1672 1998
357 892
455 941
547 882 1871
574
596 681 969 1185 1828
616
652
660
795 1679
1154 286
1208
1306 802
1324
1506
11 45 203 336 452 483 595 781 823 842 880 986 1050 1128 1233 1386 1388 1504 1663 1683 1803
15 18 41 96 113 129 222 313 320 507 556 594 620 677 687 750 751 788 829 831 867 980 1069 1179 1309 1330 1361 1380 1399 1406 1433 1495 1583 1674 1730 1739 1757 1783 1822 1842 1850 1870 1896 1948 1953
37 1805
43
51 138 184 237 305 371 432 448 571 572 605 658 739 872 932 971 1108 1111 1193 1255 1402 1432 1592 1719 1817 1853
63 625 1012
89
92 551
103 45 117 495 558
125 95 242 245 510 607 845 956 1080 1158 1240 1246 1608 1653
127 99 1259
138 246 528 588 617 645 982 1020 1479 1514 1604 1684 1701
148 362
150 539 629 859 949 1068 1125 1384 1406 1682 1733
165 796 1463 1635 1966
178 1031 1213 1352 1399 1461
191 462 1446
268 86
330
351 1632
360 398 1330
420 136
449 1136
454
468
485
560 1944
611
624 1294
634 126 1153
637 1935
731 1479 1722
829 1633
835 123 1251
849 758
873 1169
881 896
898 1122
934
940 436 1217 1341 1500 1720 1813
1019 65 1367
1028
1032 65
1047 1241
1086 763
1107
1129 1367
1162 203 1878
1209
1222 620
1261 1175
1287
1380
1419 65
1426 495
1430
1444 667
1464
1476 331
1483
1528 1688
1601
1621
1629 446
1655
1777
1796 190
1798 511 1988
1863
1879 239
1897 889
1965
410 62 614 1246
506
623
790 716
802
930 250
1466 1494 1736
1594 495
1914 1305
18 95 123 126 179 188 434 621 900 920 966 1171 1341 1727 1842 1960
32 508
93
97 113 323
142 1034 1167 1378
145 1634
197 1257 1534 1917
202 767 1051 1563
216 1127
220
232 124
283 113
299 203 537 541 687 800 906 912 941 1115 1307 1309 1658 1806 1822 1825 1924 1939
309
328
350 743
355 382 785 1875
371
375 81 392 700
387 376
399
409
414 979
415 114
433 1121
505
507
538 751 1011 1898
542
571
597
605 1790
681 1056 1153 1824
717
728
756 95 1890
763 545
787 859 1832
800
811 1729
901 179 1963
947
1006
1009
1011
1016 95
1048 306 1133
1068 1325
1079 1534 1936 1952
1100 832
1101 81 1164
1118 832 1666
1179
1229 1134
1247 851
1255
1268
1339
1411 1853
1423 570
1443
1504
1530 1933
1597
1617
1643
1667 362
1834
1903
1925
1929 190
1978
1989 667
45
203 902
336
452 80
483 123
595
781 222
823
842 1186
880 556 1560
986
1050
1128
1233
1386
1388 266 1823
1663 478
1683 1030
1803
65 62 86 133 135 149 335 535 846 1092 1425 1606 1638 1727 1773 1845
295 334 677 938 1760
519 1700
662
977 318
1057 1682
1152
1205 1192
1226
1558
1799
1922 124
1949 184
74 108 136 177 370 819 1127 1252 1614 1619
75 156
107 963
147 477
184
199 99
222 532 658 879 1124 1410 1539 1563 1901 1997
250 779 1467 1939
256
382
528
572 1529
610 903 921
669 447
758 130
810
895
948 1140 1854 1864
1058 1414
1083
1089
1156
1172
1211 241
1256 1625
1275
1278
1308 86 1518
1327 1043 1866
1471 1583
1472
1475 1882
1481
1532 1136 1898
1651
1751 113
1761 1021
1763 1250
1828
1877
1983
185 741 1845
236 866 924
239 889
241 296 308 376 470 501 604 808 1003 1026 1199 1231 1408 1610 1869
365 233
492 313
688 308 815
699
778 498
920 1869
1359 1045
1362
1434 212
1465 123 1616
1635
1792 933
1885 1460
1995 404
41 110
96
113 529 549 1191 1927
129 167 1829
313 190
320 888 1305
556
594
620 1130
677 1136 1527 1820
687 1291 1894
750 1231
751 972 985 1096
788
831
867
980 658 1941
1069
1309
1330
1361 1239
1399 1484
1406
1433 1469 1561
1495
1583
1674
1730 124
1739
1757 549
1783 730
1822
1842
1850 999
1870 1894
1896
1948 493
1953
73 534 600 670 946 1196 1216 1699 1766
122 711
133
190 404 1190 1194 1227 1305 1461 1477
240 123 370
286 369 419 446 694 1536 1957
396
527 1150
551 1038 1175 1250 1374 1895
671 792
716 1509 1893
769
776 889
904
959 667 1109
1039
1043 217
1049 392 1265
1066 742
1072 1188
1081 395 1650
1284 386
1307 1500
1319
1322 1935
1344
1393 1054
1428 484
1542 553
1579
1692
1700
1864
1884
458 87 989
512
536 99
801
950 1290 1846
1022 949
1037
1193
1417 231
1759
1856
1999 136
95 62 310 526 999 1092 1102 1267 1374 1745 1833 1886
123 186 243 456 471 582 676 704 722 973 1130 1342 1841 1846 1895 1909
126 117 752 1681 1699
179 494 537 586 587 1014 1148 1280 1800 1967
188 1394
434 217 722 1052
621
900 530
966
1171 520
1341
1727
1960 879
128 124 493
918 851
1865
1881
83 156 187 315 696 990 1113 1220 1952
231 383 854 1051
316 301 481
347
477
533 530 951 1455 1640 1826
541 933 1120 1753
680
682 124 1159 1274 1675 1876
1488
1706
1721
1904 233
847
899 1818
1090 108
1494
1724
1725 301
348
1112 659
1658
1566 1045 1675
1647 1132
444 967
460 1187
598 504 1460
693 1950
832 979 1165 1489 1736 1962
1023 1370
1257
1329 1301
1519 1669
1930 658
1932 1224
81 1718 1946
280 1059
576 737 1200
916
1174
1502
1611
1688
1734
77
284 1401
1071 579
1145 401 1750
1490
1722
35 739
59
80 544 844 1717 1823
112 99
118 99 1056
135
136 526 648 675
155
160 450 1451 1788 1866
209 187
306 349
318 851 1320 1613
430
447 386 628 694 1176 1243 1300 1889
489
502
529
532
543
544 1676 1835 1840 1941
545 1235
559 1789
609
674
706 1067
707 689
714 549 894 1416
735
838
858 114
938
945 276
1024
1034
1044 308
1111
1149
1161
1212
1213 1522
1214 99
1232 1801
1259
1291
1297 436
1383 124
1404 667
1512 1516 1928
1514
1536
1584 303
1627
1662
1701
1710
1719
1728
1748
1752 1801
1851
1873 1518
1907 246
1909
1940 259
1972
1984
110 727
210 654 1381 1637
212
233 354 473 476 522 561 903 935 1987
315
333 481 1607 1888
349 1004 1809
428
475
497
511 1644
518 392 1410 1876 1905
525 259 1091 1192 1535 1862
640 114 921 1491 1944
645
675
704
729
730 484 1468 1544 1788
770
789
803 307 964
821 1103 1773 1886
857
1221 305 1599
1457 226
1562 565
1598 567
1618
1819
1987 1990
86 218 225 476 555 765 1338 1392 1829 1976
130
206 307 1459
267 340 344 1407 1564 1976
484 1340
501
614
650 1054
1080
1169
1195
1421 1246
1441 692
1544
1573 911
1575
1580
1587 167
1812
1857
540
555
632 1312
667 953 1054 1218 1340 1826
1142 445
291
335
422 684 1282
456 1790
473 1369
793 589 816 933 975 997 1105 1177 1194
806 362 822
856 448
1503 366
1771 1586
1928
508 400 615
217 1996
466 156 488 683 742 747 851
911 944
1254 659 1994
1264 99
1392
1397 990
1874
177 491
445 478
1606
739
62 276 301 648 673 689 891 1038 1042 1059 1102 1147 1244 1336 1414 1555 1644 1806 1905 1923
87 99 221 406 1164 1202 1333 1342 1378 1862 1958 1990
164 263 1358 1767
322 237 1294 1409
354 426 914 1027 1137 1159 1326 1660
392 1280 1659 1665 1920
439
643
712 1429
820
865 1021
982
1326
1535
1660
1689
1804
1805
114 317 331 332 342 591 1109 1206 1439 1469 1531 1715
535 673 754 1304 1998
1285
259 388 755 1004 1020 1764
269 824
298 226
395 1409 1754
603 1088 1776
822 949 1026
964
1002 243 1453
1096
1133 1605
1163 1332
1382
1791
108 229 1236 1595
218 494 579 1093
246
263 932
297 1155
487
655
1453
1770 1672
1800
1910
186 925 1400 1849
266 117 305
450 1017
504 1215
509 1585
627
676 1095
733 1224
747
754 1141 1407
834
853 625 1103
879 1348
944
1122 1517 1681
1191 1345
1236
1253
1435
1445
1493
1555
1557
1670
1974 808
82 1477
287
495 956 1637 1892 1900
905
969
1104 494 1228
1298 1051
1613
174
617
471
490 323
799
954
1402
1912
303
361
419 1055
1250
1364 866
1893
225 356 362 472 1684 1924
593
993 187
1160 1123
1332 1702
1422
1554
1765 604
124 99 312 441 700 1113 1356 1755 1781 1967
654
962 1358 1661
1177
1592
1776
237 724
305 872 1119 1797
432
448 1183 1696
658 845
872
932
971
1108 694
1432
1817
1853
307 401
510 705 1772
768
1258
1540 913
1825
1726 99
775 1709 1735
1045 436 1438
1140
1143
1656
242 404 1348
254 745 1146 1353 1548
278 1134
378 1758
383
386 99 1360 1467
565 860
589 1400
727
884 579
1003 1992
1027
1182
1293
1753
1916
1659
974
245 1992
340
539 924 1230
923
1116 1059
1867 1607
276
301 221 398 870 1235 1758 1844
648 1403
673
689 260
891
1038 1041
1042
1059 1198
1102 1527
1147
1244 1717
1336 436
1414
1644
1806
1905
1923
625 144
1012 1673
431 260 1234
498
1173
1510
1664 694
1707 851
1810
149
846
1092
1425
1638 871
1773
1845
260 99 1377 1489 1624 1793
1123 400
1270 1529
1371 953
1604
1690 1192
211
552
1178 926
181
469 1756
629
653 961
939
1105 1351 1908
1234 1975
1245 692
1571 1439
1577
1666
1809
1996
99 117 366 457 534 631 659 926 1041 1447 1578 1596 1705 1838 1890 1946 1964
1669
534
600
670
946
1196 522
1216 752
1699
1766 737
370 773 818
819 692
1127 1274
1252
1614
1619 530
156
312
1369
221 744 825 869 1137 1405 1793 1970
308 523 726 813 874 1088 1634
478
1220
1772
296 323 1310 1963
709 1021 1781
922
1046 1760
1515 1192
1962
844
1717
1823
1718
1946
1477
187 1729
696 1155
990
1113
1952
562
579
692 1139 1768 1971
988
1491
1811
607 824
1511
476 708
765
1338 967
1829 1902
1976
406 1639
1164
1202 752 1755
1333
1342
1378
1862
1958 1041
1990
144 887
317 1181 1403
493
914
1029
1138
1840 1955
1841
684
926 1267 1754
1312
226 883 1625 1769
463
582
683
457
985 1337
1478
1673
1871
310
526 1452
999 771 1459
1267 1576
1374
1745 243
1833 1210
1886
323 975
117 1449
366 1132
631
659 816 1040 1429 1844
1041
1447
1578
1596 1743
1705 1346
1838
1890
1964
1197 882
1439
1525
1858
413
465 570
567 1091 1832
558
352
830
862
892
919 1764
925
1215
1249 1166
1375 530
1672
1998
613
760
978
1084
1548
1595
441
1408
1485
963
229
520
604
1769
1346
1545
549
1927 1869
331 1552
332 725
342
591
1109
1206
1469
1531 1533
1715
1007
1731
1449 743
1056
883
1203
1304
1501
1568
1785
711 907
243
722
973
1130
1846
1895
700
1356
1755
1781
1967
845 1281
956 1543
1158 436
1240 1872
1246 1947
1608 1814 1945
1653 741
752 1218
1681
167 1243
741
1837
1868
253 1352 1539 1716
446
888 929 1813
1114
1586
1603
1843 494
894
588 1198
1020 1818
1479
1684
405
1223 1732
1354
1509
1756
1345
1438
462
743
1872
1167
887 388 1010
1634
362 587 734
859
949
1125 1492
1384
1682
1733
1585
663
792
890 1405
1859
1451 767
1788
1866
1017
1186
1358
1767
796 615
1463
1966
1243
1067
1720
1033
327 436
1165
1416
1704 967
1716
1830
400 913 1484 1839
561
869
1355
1377
1746
808
491
1031
1352
1461
494 1328
537
586
587
1014 815
1148 814
1280
557 1030
915
989
1607
984
814 1455
815 1768
1400
1849
1729
1394 488
404 708 1288
1190
1194
1227
1305
1446
369
875
1325
1452
334 1522
1415
1564
1633
724
1390
1093
1534
1917
767 488
1051
1563
902
522
691
1516
1900
1217
1459
908 436
1176
1931
1381 1602
1637 1902
530 472 725
1599
1600
1988
388
1517
744 436 1040 1505
825
1137
1405 1820
1793
1970 1328
1124
1410
1539
1901 1251
1997
356
472 436
1924
1625
344 401 818
553 1230
1139
1151
1204
1302
1552
1676
860
1933
854 436
903
935 1251
470
866 1735
924
889
376 864 1401
1026
1199
1231
1610
1869 1947
1348 1677
1980
1992
1200
1778 1702
1888
1908
779
1467
1939
1982
1986 1702
745
1146 436
1353 725
612
628
690
1120
1210
896
1095
785
755 570 1052
1004 1650
1764
1489 1786
1624
411
1407
824
967
1119
1320
461
1141 1482
437
1639
1391 488
1134
1331
1460
1401
416
694
1957
1616
523
1239 1150
1323
488 742 1955
726
771 1063
1496
1518
1187
1760
1310 1301
1963
1155 1387
906 1468
912
941
1115
1224
398 1241
870
1235
1758
1844
1661
1797
401
813
874
1088
481
1181
1403
851 1030 1150 1183
1294
1409
975
1576
907
961
436
705 1387
725
1522
818
833
1632
426
1159
1875 1301
1290
734
1301 1328
1533 1892
570
615 1201
1132
1743
773
1835
864
1938 913
1184
1175
1360 1786
1665
1920
1754
1241
913
1484
1839
1470
708
1288
979 992
1055
1282 933
1121 1347
1052
1300
1889 1936
1183
1696
1136
1790
1732
742 1979
1649
1010
1560
997
1340
719
1955
1328
1892
737 972 1641
1994
951
1824
1876
1091
1192
1150 1185
1455
1640
1826
1898
1230
933 992
1941
882
1030
1789
1944
1832
1529
1561
1063
1198
1636
1185
1201
921
1188
1153
1347
1971
1935
1698
871
1054
1646
816
1040
1429
1702
953 1166
1218
1527
1820
929
1274
1675
1351 1605
1894
1768
1950
1631
1398 992
1945
1387
1021
1166
1641
1468
972
1979
1505
1685
1709
1735
1370
1543
1679
1549
1271
1265
1103
1736
1251
1677
1281
1668
1813
1818
992
1500
1854
1337
1650
1367
1814
1492
1882
1936
1228
1602
1605
1482
1750
1878
1801
1975
1947
1786
1524
1959
1902
