0 1 2 3 5 6 14 15 19 22 23 29 37 40 44 45 53 57 58 87 92 93 110 126 133 145 151 152 156 158 160 162 169 170 171 185 193 196 205 255 281 288 292 302 309 310 312 315 322 342 344 361 367 369 388 395 402 436 448 449 453 457 471 481 524 529 536 557 558 561 567 582 592 598 605 635 650 666 678 686 695 702 707 749 758 772 786 795 801 811 814 816 819 832 834 840 876 887 905 909 945 948 953 961 962 964 971 977 993 1006 1012 1015 1021 1073 1106 1119 1132 1138 1165 1173 1185 1189 1192 1227 1233 1242 1277 1278 1308 1330 1353 1379 1392 1415 1426 1427 1430 1436 1470 1489
1 2 10 16 17 20 24 38 50 51 107 127 147 166 199 249 270 277 299 304 315 338 346 364 400 412 452 477 594 602 642 650 660 710 713 723 743 744 765 794 803 864 897 948 973 996 1036 1066 1086 1102 1112 1146 1177 1226 1275 1292 1300 1304 1322 1328 1364 1420 1445 1494
2 3 4 6 7 8 9 11 12 13 16 18 21 22 32 35 39 46 55 59 62 66 67 76 78 81 82 83 86 96 99 100 111 112 119 136 137 143 160 170 180 190 195 197 200 202 215 217 229 235 236 250 255 261 266 267 283 298 300 307 324 334 336 349 355 385 389 413 423 440 442 450 456 459 461 468 474 504 521 522 527 530 532 541 555 558 560 594 597 606 617 620 626 627 694 700 707 714 717 723 762 770 797 826 836 848 867 882 884 888 900 913 940 957 962 979 983 986 988 989 1006 1007 1017 1047 1052 1053 1062 1064 1070 1071 1079 1080 1084 1093 1109 1123 1126 1130 1135 1148 1161 1163 1176 1206 1227 1232 1243 1247 1259 1262 1265 1280 1293 1300 1335 1349 1359 1361 1366 1371 1382 1409 1429 1442 1453 1495
3 4 9 18 19 23 28 31 46 52 57 60 61 68 73 77 88 89 106 128 147 149 155 163 179 180 206 235 237 241 251 254 259 263 277 282 323 333 334 361 383 384 387 407 427 469 473 482 563 581 584 585 636 640 648 656 660 666 675 697 724 732 736 740 753 766 791 833 875 928 929 968 984 1010 1015 1023 1024 1027 1034 1045 1065 1096 1107 1124 1158 1178 1209 1220 1237 1258 1269 1280 1325 1333 1369 1401 1412
5 4 8 13 17 73 75 80 124 204 230 242 256 309 380 443 499 518 630 685 686 732 764 768 790 883 900 917 937 951 965 1009 1032 1098 1137 1153 1313 1319 1381 1474
6 7 15 34 42 54 56 65 91 101 129 139 142 167 182 186 213 216 225 241 252 286 295 350 366 391 411 432 433 451 472 506 512 560 591 653 665 669 683 698 726 787 826 839 908 989 1029 1132 1134 1197 1199 1200 1204 1236 1240 1248 1299 1314 1321 1343 1377 1394 1450
14 8 27 71 96 117 227 297 307 322 399 406 429 572 609 709 751 830 910 932 1001 1129 1140 1159 1203 1320 1432 1435 1441
15 47 360 771 1070 1103 1215 1279
19 27 34 35 36 39 47 63 80 100 134 150 183 188 207 218 228 249 265 275 276 308 343 370 399 409 412 471 496 517 539 651 664 673 674 751 780 807 812 825 893 922 1016 1026 1039 1161 1187 1213 1272 1330 1343 1481
22
23 63 64 113 138 179 201 332 351 354 368 394 424 475 505 515 543 562 564 583 652 656 682 684 734 766 877 911 1117 1229 1240 1259 1380
29 9 41 72 90 98 103 166 232 382 397 461 504 735 851 871 936 976 978 1134 1167 1231 1373 1378 1487 1498
37 12 52 191 234 253 270 463 534 607 610 613 737 757 772 841 874 931 992 1111 1198 1203 1435 1459 1475
40 9 131 175 1016
44 42 69 75 190 208 239 273 316 377 577 643 798 894 967 1049 1154 1420
45 20 58 280 362 486 680 775 815 955
53 8 349 434 874
57 168 429 430 467 562 567
58 125 159 183 214 320 750 839 991 1072
87 4 142 286 289 378 831 974 1074 1313
92 72 439 580 711 788 1431
93 28 213 214 417 573 824 850 880 889 953 997 1105 1155 1231 1450
110 52 503 1117 1152 1399
126 16 501 552 1307
133 69 163 212 347 444 1215 1339
145 4
151 30 421 1349 1379
152 9
156 16 356 458 1444
158 146 238 451
160 419 427 645 829 885 941 1041 1099 1296 1404 1489
162 13
169 163 432 596 892
170 311 342 393 479 604 662 853 1207 1270
171 28 381
185 13 331
193 103 332 1447
196 61 510 972
205 88 873 1407
255 318 1108
281 218 464 1211
288 76
292 216
302 98
309 573
310 25 611 1114 1239
312 216
315
322 359
342 496 520
344 9 944
361 1085
367 130 1138 1312
369 347 492 967
388 142
395 256 1031 1181
402 8
436 46
448 300 633 1230
449 18
453 418 870
457 343 1310 1338
471 476 600 1312
481 108
524 114 1121 1499
529 237 774
536 507
557 116
558 799 1149
561 279 589 742 745
567 852
582 460 618 718 823 1170 1377
592 26 873 1454
598 563
605 137
635 144
650
666 1040
678 88
686
695 30 841 1386
702 135
707 1184
749 13
758 34 1083
772
786 206 890
795 7
801 479
811 86
814 52 1028
816 20
819 63
832 240
834 97 943
840 94
876 141
887 50
905 421 1485
909 349
945 311
948
953
961 141 1044
962
964 606 1469
971 285
977 147
993 824
1006
1012 27
1015 1262
1021 698
1073 828
1106 752
1119 26
1132
1138
1165 70
1173 33
1185 278
1189 124
1192 950
1227
1233 515
1242 9
1277 901
1278 293
1308 760
1330
1353 903
1379
1392 476
1415 559
1426 124
1427 1101
1430 28
1436 551
1470 429
1489
10 8
16 30 94 105 109 127 159 178 195 203 211 212 216 280 305 362 404 435 454 466 469 489 586 595 642 647 661 747 862 1112 1114 1210 1237 1254 1297 1318 1492
17 25 33 51 79 106 122 144 154 165 233 268 297 317 320 376 383 386 396 411 426 428 499 537 542 575 601 724 968 1183 1208 1283 1390 1399 1482
20 9 101 113 144 175 226 272 279 283 408 566 644 818 855 904 927 1013 1089 1110 1181 1446
24 9 49 161 634
38 13 62 393 551 690 804 1100
50 12 81 84 172 228 273 284 372 378 381 424 447 516 551 726 872 1336 1409
51 56 234 1491
107 28
127
147 153 168 319 687 701 992 1334 1429 1496
166
199 138
249 1067
270 958
277
299 84
304 26
338 114 854
346 13 990
364 194
400 141 781 1397
412
452 419 672
477 308
594
602 66
642
660
710 496
713 479
723
743 9
744 698
765 26 1091 1339
794 72 1011
803 105 1271
864 585
897 425 1298
973 232
996 330
1036 653
1066 39 1479
1086 276 1394
1102 370
1112
1146 645 1416
1177 454
1226 164
1275 30
1292 384
1300
1304 458
1322 1047
1328 841
1364 733
1420 1468
1445 1201
1494 776
4 12 32 48 54 70 78 85 103 130 141 192 217 220 244 258 285 293 321 337 370 404 405 410 462 503 507 535 703 759 762 891 949 1014 1044 1178 1191 1201 1294 1337 1408
7
8 41 68 88 95 136 184 198 201 210 227 243 266 274 285 359 380 447 455 467 508 545 546 585 634 673 704 818 820 924 938 955 966 995 1017 1217 1286 1366 1369 1374 1401
9 11 26 30 33 36 42 43 59 61 76 86 97 112 115 130 135 141 177 202 221 222 223 233 244 248 260 264 278 284 314 333 337 353 356 375 377 382 390 392 446 450 474 475 487 490 495 525 550 570 578 581 593 601 620 631 632 639 646 664 714 763 764 809 836 866 888 896 907 918 926 936 960 995 1019 1020 1051 1101 1120 1142 1225 1276 1332 1439
11 25 259 555 903
12 28 69 125 154 192 242 430 459 535 599 857 906 985 994 1004 1092 1097 1264 1360 1407
13 21 31 77 116 120 146 157 176 177 182 231 247 289 291 325 352 366 376 492 530 554 569 596 651 675 719 810 845 849 869 875 906 938 952 981 1110 1183 1288 1358 1387 1444 1449 1491
18 26 67 278 301 440 532 847 1228 1461
21 323 463 898 957 1078 1085 1143 1220 1228 1456
32 65 70 468 500 630 687 719 720 730 1154 1232 1290 1421 1455
35 79 486 571 893 1079 1164 1496
39 219 331 423 426 806 1094 1457
46 85 372 579 712 914
55 30 83 108 254 1253
59 760 1452
62 102 1045 1434 1466
66 34 531
67 121 1075
76 155 296 862 979
78 114 521 861 986 1269
81 148 1323 1472
82 65
83 698 1433
86 109 493 1295 1456
96
99 26 420 895
100
111 94
112 118 329 920
119 70 124 224 239 544 680 705
136 140 672 956
137 97 274 506 756 1485
143 72 742 796
180 565 1014 1249
190 568 655 775 810 1121 1363
195
197 42 654 829
200 125 374
202
215 80
217 800 1065
229 178
235
236 72 782 915 1011
250 214 390 441
261 25 584 1145 1205 1390
266 838 1376
267 203 438 916
283 489
298 129 409 546 705 708 843 1418
300 30
307
324 72 1090
334
336 101 817 1268
349
355 34
385 213
389 194 502 556
413 69 1318
423 501 603 629 778 939 1115 1184 1222 1424 1464
440 915
442 34 1149
450
456 71
459
461
468
474 1091
504 918 1285
521
522 54 1077
527 30 631
530 539 633 668 867 1008 1010 1468
532 689 883 1039 1257
541 216
555
560 1372 1483
597 72
606 157
617 211
620
626 360 653 776 1059 1135
627 460 1076
694 80 1214
700 34 740
714
717 159
762
770 280
797 433
826 1344
836
848 204
867
882 88
884 234 1072 1422
888
900 1425
913 228
940 348
957
979
983 363
986
988 129
989 999 1200
1007 26 1194
1017
1047 214
1052 368
1053 116
1062 846 1164 1219 1243 1264 1387
1064 98 1488
1070
1071 234
1079
1080 105
1084 679 1380
1093 353
1109 88
1123 933
1126 976 1354
1130 41
1135
1148 114
1161 1477
1163 116
1176 479
1206 216
1232
1243
1247 360 1309
1259 1351
1262
1265 353
1280
1293 28
1335 476
1349
1359 165
1361 155
1366
1371 146
1382 28
1409
1429
1442 113
1453 73
1495 240
28 123 295 308 339 386 435 498 534 544 619 654 657 670 748 752 759 761 815 937 952 1008 1248 1260 1324 1403 1421 1478
31 98
52 95 637
60 34
61 74 194 218 293 549 613 628 1448
68 115 1355
73 90 114 150 462 677 701 728 789 1082 1171 1295 1303 1419 1463
77 206 354 550 670 1087 1345
88 104 116 187 203 246 306 311 460 491 512 727 830 835 985 1122 1131 1186 1354
89 74 97 157 306 373 417 455 1209
106 1142
128 30
149 72
155 379 643 1419 1449
163 178 279 437 572 835 889 1057 1411
179 500
206 271 313 849 1024 1140 1408 1424
237 124 1136 1297
241 1172
251 41
254 276
259 301
263 194 899
282 72 963 970
323 431 817 1061
333 688 828 853 880 1105
383 809
384 123 659 1166 1168 1348
387 240 689 895 1218
407 365 425 438
427 625
469 728
473 64 1362
482 124 767
563 103 684 1162 1302
581
584 609
585 1180
636 63 792 1032
640 464 755 1261 1451
648 172
656 972 1284 1402
675
697 103 1050 1104
724
732
736 348
740
753 72 782 1113
766
791 176
833 26 944 990 1274
875
928 97
929 446 931 994 1150
968
984 30
1010
1023 231
1024
1027 335
1034 311
1045
1065
1096 138
1107 109
1124 580
1158 187
1178
1209
1220
1237
1258 1195
1269
1325 1166
1333 348
1369
1401
1412 72
48 25 108 357 510 523 528 733 1167 1373
54 84 118 132 139 148 164 176 328 397 568 580 725 1141 1156 1289 1296 1342 1414 1499
70 240 327 330 526 540 548 941 978 1022 1037 1216 1323 1484
85 225 329
103 105 117 194 268 403 497 665 768 790 1327
130 262 1474
141 184 209 294 327 507 518 676 925 1038 1077 1338
192
220 105
244 502 1414
258 34 345 616 621
285 316 326
293 419 777 846 976 1031 1273 1396
321 234
337
370
404
405 72
410 278 441
462
503 652 681 718 1019
507 693 1056
535
703 209
759 837
891 630
949 69
1014 1393
1044
1191 484
1201 101
1294 146
1337 360
1408
75 131
80 431 691 747 1128 1329 1375
124 135 207 245 318 343 353 357 391 408 421 479 519 549 587 619 657 661 683 757 784 838 845 854 899 1005 1152 1194 1207 1256 1360 1388 1438 1448 1480
204 176 230 855 934 1239
230
242 335 1051
256 232 537 980 1301
380 746
443 225
499
518 693 916
630
685 502 831
764
768
790 863 1367
883
917 721
937 1139 1244
951 600
965 176
1009 629
1032
1098 203
1137 501
1153 624
1313
1319 41
1381 27
1474
34 71 91 146 173 189 209 252 294 480 511 1088 1210 1221 1315 1458 1476 1484 1488
42 371 454 589 603 696 725 1018 1160
56 437 677
65 257 330 1188
91
101 132 802 865 1375
129 41 181 247 569 628 946 1271
139
142 470 1211 1255
167 25
182
186 165 788
213
216 460 690 946 1103 1400
225 494 960
252 345
286
295 851 1196
350 343 1157 1391
366
391 401
411
432 647 659 806 924
433 305 1054 1217
451 1187
472 234
506
512 668 998
591 305
653
665
669 351 776 890
683
698
726
787 484
839
908 441
1029 356
1134
1197 483
1199 132
1200
1204 97
1236 1049
1240
1248
1299 210
1314 1288
1321 26
1343
1377
1394
1450
41 74 140 416 513 531 554 722 808 879 1081
95 260 317 734 878 1350 1374
184 445
198 188
201
210 30 352 394 476 491 493 970 1332 1422
227
243 113 328 375 1133
274
359
447
455
467
508 382
545 525
546
634 1172 1479
673 1288 1346
704 325
818
820 390 868
924
938
955
966 148
995
1217
1286 745
1374
26 161 172 290 314 339 414 478 590 618 663 706 721 737 783 824 903 904 912 923 954 998 1025 1042 1156 1175 1202 1266 1267 1311
30 94 120 122 221 262 264 272 313 414 415 465 485 514 542 543 587 616 644 716 754 846 879 907 954 1030 1116 1144 1252 1284 1434 1466
33 43 138 224 837 925 1188
36 1075 1446 1486
43 291
97 420 553 578 623 792 793 933 1090 1263 1326 1493
115 123 497 621 896 1101
135
177 265 505 729
221 406
222 187
223 188 287
233 341 509 777 1334
248 122 871
260 577 1050 1125 1128
264
278 326 533 730 773 932 1225 1291
284
314
353 1042 1370 1389
356 1345
375 1139
377
382 434 800
390 392 708 727
392
446 303 1049
475
487 144
490 352 750
495 311 1074
525 515 1410
550 720 1020
570 138 1384
578
593 189
601
631
632 354
639 25
646 408 1311 1365
664
763 218
809 872 1438
866 372
896
907
918 1174
926 239
936
960
1019
1020
1051
1101
1120 935
1142
1225
1276 923
1332
1439 622
25 64 164 269 588 1431 1472
903 1310
69 174 246 365 422 464 658 804 856 1059 1088 1246
125 358 722
154
430
599 575
857 493
906
985
994
1004 769
1092 138
1097 150
1264
1360
1407
116 121 174 305 373 658 691 844 921 1060 1182 1202 1348
120 910
146 153 226 271 401 403 520 745 755 778 950 1272
157
176 422 608
231 114 257 348 892
247 699 859
289 358 641 1482
291
325 218
352 784 860 1384
376 1002 1113 1367
492 528
554 637 1040 1160 1383
569
596 663
651 771
719
810
845 1480
849 898
869 339
952
981 485
1110
1183
1288
1358 963
1387
1444
1449
1491
27 253 287 415 1463
71 72 425 767
117 739
297 611
399
406
429 662
572 1001 1327 1433
609 783
709 496
751 1054
830 1219 1385
910
932 1320
1001
1129 688
1140 1282
1159 339
1203
1320
1432 313
1435
1441 754
47 49 104 181 187 188 498 595 614 827 1355
360 114 1127
771 1368
1103
1215
1279 595
94 102 134 208 579 729 843 1061 1316
105 232 439 444 494 881 935 987 1005 1385
109 483 844 927 1104
159 340 1341
178 1111
203
211 187 547 667
212 351 488 629 641 780 799 1179 1212 1291
280 823 1094 1395 1476
305 607 671 785 798 1329 1411
362 1115 1347
435 485
454 466 821 939 1169 1193 1400
466
489
586 194 969
595 1169
647
661
747
862
1114
1210
1254 368
1297
1318
1492 72
79 269 319 676 1035 1127
122 165 552 600 1118
144
165 340 1013 1118 1357
268
317 769 1234
320
386
396 164 980
426 1252
428 74 706 828
537
542
575 374 1324 1493
1208 418
1283 587
1390
1399
1482
301 808
847 114
1228
1461 108
63 275 919
134
150 488 756 912 1179
183
188 191 290 465 483 564 604 608 612 715 746 950 1174
207 1306
218 240 1196 1395
228 774 1425
265
275 1022
276 638 682 1055
308 655 738 1083 1287 1341 1451
343 379 612 735 1095 1241
409 1068
496 781 1350 1396
517 234
539
674 232
780
807 478 920 1267
812 381
825 253
893
922 885
1016
1026 290
1039
1187
1213 610
1272
1481 998
113 363 942 991 1060 1108
175 1389
226 1452
272 540 1025 1391
279 335 398 921 1263 1326 1340 1357
408 515 1340 1498
566 138
644
855
904
927
1013
1089 373
1181
1446
463
898 1037 1058 1368
1078 691
1085
1143 885
1456
64 556 1440
138 371 458 716 796 860 901 969 1087
332
351 511 779 1268
354 638 752 1397
368 168 958 1270
394 699
424 711 1141 1224
505
515
543
562
564
583 74
652
682 1460
684
734
877 348 1195 1281
911 769 1069 1405
1117
1229 478
1380
49
161 1459
164 667 1443
269 754
588 271
1431
1472
172 538 614 733 785 885
290 571 987 1162 1224 1471
339 484 868 923
414
478 460 712 902 1336
590 528 930
618
663 870
706 1234 1235
721 348
737 739 963 1423
783 1437
824 1464
912
923
954 1223
998
1025
1042
1156 1245 1417
1175 114
1202
1266 484
1267
1311
253 553 624 688 1171 1250
287 296 303
415
1463
123 1000 1306
498
534 1147
544
619 1095 1405
654
657 934
670
748 479 1238
752
761 739
815
1008 1281
1260 416
1324 1406
1403 421
1421
1478 901
72 363 418 574 760 1180 1222 1372 1404 1473 1475
90
98 173 238 365 1378
232 347 519 813 1440 1465
397
735
851
871
976
978 1046 1473
1167
1231
1373 1455
1378
1487 417
1498
262 1221
313
465 1490
485
514 488 1168
587
616
716
754
846 1331
879
1030 890
1116 348
1144 348
1252
1284
1434
1466
500
687
720
730
1154
1290 1077
1455
224
837
925 1043 1305
1188
173 1195
189 114 516
209 615
294 341 615
480 421
511
1088
1221
1315 330
1458 662
1476
1484
1488
486
571
1164
1496
1075
1486 132
191
234 416 418 679 942
607
610 549
613
757
841
874
931 935 1041
992
1111
1198 1022 1402
1459
1475
393 1018 1190
551
690
804
1100 488
219 121
331
806
1094
1457 1127
131
74 559 773 881 999
140
416
513 345
531
722
808
1081 662
371
589
603
696 622
725
1018
1160
208
239
273 679 1035 1241 1287
316 671 805
577
643
798
894 347
967 1063
1049
680
775 1133
372
579
712 975
914 479 1205
104
181 1043
187
614
827 271
1355
108 574
357 975
510
523 102 779 1186
528 982
733 769 902 1193 1244
84 886
378 1443
381 738
516
872 982
1336
637
434
118
132 681 1067 1069 1125 1253 1307 1363 1418
148 1003
328 374 1033
568
580 649 692 1048
1141
1289 859
1296 1370
1342 742
1414
1499
1253
437
677
168 445 731 1000
214 348 645 1344
750
991
1072 1302
760
1452
194 1033 1245
549 863
628
1448
102
919 240
556 1235
1440
257
330 933 1003
121 303
174 1056
246 548 974
365 1406 1467
422 624
464 1182
658
856 348
1059
1246 901 1398
240 1218 1497
327
526 418
540
548
941
1022
1037
1216 345
1323
425
767 901 1460
363 959
418 547 813 1151
574
1180
1222
1372
1404
1473
114 245 649 741 842 947 1063 1068 1151 1356
701
728
789 718
1082 621 1469
1171
1295
1303 547 1462
1419
559 421
773 1255
881
999
296
1087
1345
861 805
319
676 1447
1035
1127
431
691
1128
1329
1375 1428
1433
886 785
329 484 576 1038
493 538
831
974
1074
306
311 398 470 865
460 930
491
727
835 1257
1122 852
1131 805
1186
1354
373 1416
417 850
439
711 1410
788 1417
573 997 1285
850
880
889
997
1105
1155 374
729
843
1061
1316 916
878 672 1301
1350
420
553 1497
623 622 822
792 859
793 608
933
1090
1263
1326
1493
238 509
895 1256 1365 1465
802 271
865 1282
403
497
1327
444
494
935
987
1005
1385
483
844
1104
1152
920
942
1060 1250
1108
245
649
741 604
842 622 1261
947 419 956 1490
1063
1068
1151
1356 756
621
921 1190
1182
1348
739
705
303 622
552
600
1118
1000
1306
318
421 622
479
519 1317
784
838
854
899
1194
1207
1256
1388 1383
1438
1480
358 1076
501
1307
946
1271
681
1067
1069 1145
1125
1363
1418
347 692 1413
1339
672 1251 1298
956
756 1223 1423 1471
1485
458 625
796 1057
860
901 1230 1462
969
1038
1077
1338
470
1211
1255
742
153
271 821 1157 1170 1305 1437 1483
401 576 715
520
745
755
778 1351
950
1334
1003 1352
488 1136 1317
1179
379 533 1398
340
1341
419 943 1055
645
829
885 1376
1041
1099 441
1057
1411
667
1443
1357
445
731 476
892
604 1309
662
853
1270
538
785
1195
1056
1389
608 1214
565 348
1249 533
1043
612
715
746
1174
655
1121 1212
1447
1033
1245 1362
972
374 1251
934
1239
873
1424
615
476 1046
970
1422
547
629
641
799 822 1048
1212
1291
348
1344
1400
800
1196
1395
774
1425
813
1465
341
509
777
679 1002 1238
782 805
915
1011
1136
1218 1347
1497
1172
335
1133
502 1273
699
859 1150 1331
441
345
624
688
1250
980 1058 1393
1301
1050
1145
1205
1376
438
916
958
821
1157
1170
1305
1437
1483
1391
1241
1287
638
1055
326
533
398 852 1386
1340
823
963 1413
1162
1224
1471
1031
1273
1396
611 858 959
708
622
671
738 858
1083
1451
805
769 1467
1234
817
484 1352
576
828
1268
868
1095
944
990
692
1413
779
1384
1370
1397
975
1076
1115 1383
1347
959
1406
1467
1312
1416
1251
1139
1002
1113
1367
1398 1454
659
1166 718 1428
1168
689
1190
852
1386
781
943 1346
939
1184
1464
625
1054
1149
633
1230
870 1274
1169
1193
1310
930
1490
1362
1091
1046
902
1352
1317
718 1477
1285
693
668 1147
1410
982
1468
1257
1147
863
1040
1383
1235
1302
1048
1454
1309
1214
858
1405
822
776 1028
1479
1261
1365
1402
890
1298
1346
1238
1460
1477
1244
1423
1223
1368
1028
1351
1417
1219
1274
1331
1150
1282
1281
1058
1462
1469
1393
1428
