0 1 2 3 4 5 6 7 8 9 10 11 13 14 15 16 18 19 20 21 22 23 24 25 26 27 28 30 31 36 37 38 39 40 41 42 43 44 45 46 47 49 50 51 52 53 59 60 61 64 66 70 73 74 75 76 80 85 87 89 90 91 92 93 96 98 99 100 101 105 107 116 117 119 121 123 125 127 130 131 134 135 141 143 150 152 157 158 163 168 170 172 174 178 179 181 182 184 185 192 197 200 201 204 207 209 216 218 220 221 222 223 229 231 232 234 236 239 247 250 252 254 256 257 258 259 264 266 268 274 275 277 278 281 283 285 289 290 292 293 297 302 314 319 321 322 324 327 331 332 337 338 339 340 343 350 354 355 357 359 360 368 370 374 379 380 383 388 390 395 401 409 412 415 427 431 434 435 436 439 442 449 456 457 458 459 460 463 464 470 473 478 479 484 486 487 491 492 495 496
1 2 3 4 5 6 7 8 9 10 11 12 13 14 15 16 17 18 19 20 22 23 24 25 26 27 28 29 31 32 33 34 38 39 40 42 43 44 46 47 48 49 50 51 52 53 54 55 57 58 59 60 61 64 66 67 68 69 70 71 73 74 77 79 80 82 85 88 89 94 97 99 102 103 104 105 106 107 108 109 111 112 115 116 117 119 121 125 131 132 133 134 136 137 139 140 142 143 144 145 146 148 152 153 154 156 157 159 160 166 167 168 169 170 171 172 173 174 175 177 179 180 181 182 186 187 192 193 195 199 201 203 205 207 208 209 210 214 215 216 222 224 227 228 230 231 232 237 238 241 242 243 244 251 254 255 256 259 261 262 263 268 269 270 271 272 273 274 275 278 279 280 283 284 287 290 293 295 297 298 301 302 303 304 305 310 311 312 313 317 318 320 321 329 330 332 335 339 341 344 345 347 348 350 352 353 354 355 356 360 361 362 363 366 367 368 372 378 379 383 385 386 388 389 391 392 393 394 395 399 402 403 404 405 406 407 408 411 414 418 423 424 426 427 428 429 435 436 441 442 443 444 445 446 447 449 452 453 457 459 462 463 464 465 467 471 472 474 475 476 477 481 482 485 489 490 491 492 498
2 3 4 5 6 7 8 9 10 11 12 13 14 15 16 18 19 21 24 25 27 29 30 31 33 36 37 38 39 40 41 42 43 45 49 50 54 57 58 63 67 68 69 70 71 72 79 80 83 84 87 88 89 94 95 96 105 113 116 118 119 120 123 128 130 132 133 134 136 138 140 141 142 144 145 146 149 152 154 156 158 160 164 167 169 171 175 180 181 186 189 190 194 195 198 201 205 207 210 214 219 220 223 225 227 228 230 232 234 236 237 239 240 241 243 246 249 251 252 253 255 257 259 263 265 267 269 273 275 282 285 288 290 291 292 298 302 304 305 308 309 315 316 327 328 334 337 338 340 344 348 350 358 359 362 364 371 376 377 379 380 386 388 389 392 393 396 400 404 411 412 413 414 418 427 430 440 443 448 453 454 456 460 465 467 469 473 476 479 480 484 485 488 491 495 498 499
3 4 5 6 7 8 9 12 14 15 17 18 20 21 22 25 26 27 28 29 34 37 38 40 41 46 47 49 51 53 56 57 61 62 64 65 67 69 75 77 82 85 86 89 91 93 96 101 102 105 107 109 112 115 117 118 119 120 122 124 126 128 129 132 133 136 138 146 151 155 161 162 165 166 171 176 177 179 182 184 188 197 198 202 208 212 213 214 215 216 217 220 225 227 234 238 239 246 247 250 251 253 255 257 258 259 263 267 272 275 277 279 286 288 298 299 303 307 309 313 315 317 318 320 321 324 325 330 331 333 335 340 343 346 352 355 356 358 364 366 373 376 382 383 386 389 393 394 395 399 407 415 416 419 421 426 429 431 432 436 437 439 441 445 447 452 455 456 460 462 463 475 476 481 484 490 494 495 498
4 5 6 10 12 13 15 16 17 18 22 23 27 30 31 32 33 35 36 40 44 48 49 52 54 65 66 76 78 80 81 82 83 84 92 101 111 116 118 121 124 126 133 136 145 151 153 154 155 158 159 165 176 180 183 187 196 203 206 207 210 216 229 231 235 241 242 243 248 252 253 254 261 265 276 277 281 284 286 288 299 301 305 307 316 323 336 343 344 346 354 361 364 368 371 375 380 382 390 398 405 406 412 415 420 422 424 427 433 438 449 452 456 469 471 477 479 481 482 487 492 499
5 6 7 8 9 10 11 13 14 15 16 18 19 20 24 26 28 29 30 31 34 35 36 37 39 42 47 48 50 56 57 59 60 62 63 64 66 71 78 80 83 85 86 88 91 93 94 95 101 106 107 108 109 114 115 116 117 118 122 126 130 133 134 135 139 150 154 157 162 167 168 172 173 175 178 182 183 184 188 189 190 194 197 198 209 217 219 220 221 226 231 234 236 238 240 248 250 260 264 267 270 271 275 280 284 286 289 291 292 295 297 298 300 308 316 318 322 326 329 336 339 342 347 350 352 355 359 360 361 368 374 375 381 392 396 397 399 400 406 409 410 414 415 416 419 422 423 430 431 449 450 452 467 472 473 483 485 494
6 7 9 10 12 14 16 17 19 20 23 27 32 33 34 37 40 49 51 55 59 68 69 71 72 73 74 78 81 86 87 88 92 98 99 104 105 106 113 125 129 131 141 145 148 149 155 162 163 170 172 173 179 181 185 186 199 200 202 205 207 209 212 218 221 222 223 225 232 234 239 244 253 255 256 275 276 278 289 295 296 297 299 301 311 316 321 327 329 330 333 335 341 342 344 351 352 358 362 380 382 384 391 416 426 434 436 444 445 446 450 458 471 473 478 482 490 494 497
7 8 11 13 21 25 28 30 35 36 39 41 43 44 52 58 59 61 68 73 76 79 80 81 82 84 86 87 88 92 95 97 99 100 103 110 111 112 114 115 121 123 128 130 132 134 135 137 141 147 148 149 150 153 157 161 163 169 174 176 178 183 187 190 197 200 202 210 214 215 221 225 228 235 236 238 239 243 248 252 254 260 265 272 276 277 280 281 283 287 288 289 291 294 296 298 300 306 307 308 309 310 311 312 313 314 315 316 318 324 331 332 335 336 347 349 350 351 355 356 366 373 375 378 389 395 396 399 406 408 410 412 417 427 434 437 439 440 445 447 450 457 475 480 486 487 488 490 492
8 17 25 35 41 61 63 65 67 72 77 87 88 90 96 100 102 104 106 129 135 138 139 154 167 170 171 172 191 193 198 213 226 241 249 258 262 264 293 310 311 322 324 326 334 339 358 362 390 401 403 404 419 423 446 448 459 468 479 496
9
10 11 12 24 28 29 47 62 70 76 77 78 83 84 98 102 103 108 109 122 126 128 138 145 160 164 189 190 201 204 206 217 219 229 233 261 266 273 274 282 291 299 313 318 319 333 339 343 349 353 356 363 382 383 405 409 440 451 455 466 484 490 494
11 20 29 32 34 38 39 42 45 50 51 53 69 76 84 90 93 101 110 112 117 120 129 136 137 141 142 147 151 156 160 162 166 167 169 175 184 187 188 189 191 194 202 207 218 221 226 235 237 240 255 269 270 272 274 281 283 284 285 287 296 299 302 305 323 325 327 334 337 340 342 365 367 377 383 391 404 412 420 450 453 456 464 493
13 19 21 23 24 26 31 33 36 38 45 48 55 60 64 65 66 68 69 71 72 81 85 86 91 123 128 133 143 144 147 149 155 156 163 166 174 183 188 191 211 219 223 228 229 232 233 254 257 260 265 266 279 281 292 293 294 295 297 305 306 309 314 322 323 326 330 331 340 343 349 353 355 360 361 365 369 371 374 379 382 385 394 400 401 402 404 413 414 419 420 436 437 439 453 458 462 466 481 488 494 495
14 22 34 51 52 104 105 111 112 148 179 192 195 228 242 268 294 301 317 329 338 349 350 375 405
15 35 37 41 43 44 75 81 94 124 128 152 164 174 193 206 210 211 212 238 248 267 272 281 287 289 295 320 353 354 357 363 406 416 417 429 447 469 499
16 17 72 117 120 121 142 198 214 222 231 246 315 348 370 374 378 384 459 472 481 489 498
18 83 91 114 196 205 263 287 389 419 430 448
19 475
20 21 22 26 30 32 33 45 47 54 56 60 62 66 89 90 96 97 99 103 110 122 127 144 146 148 158 162 166 178 193 220 227 229 235 240 245 246 257 259 264 267 268 274 278 279 289 292 300 309 326 328 335 338 358 359 364 368 370 375 391 411 415 417 418 420 421 432 433 434 438 443 444 451 465
21 99 113 407
22 71 74 153 161 171 211 224 233 351 359 367 403 411 477 490 496
23 12 73 341
24 402
25 158 211 376 403 432
26 62 84 145 148 204 205 273 320 341 345 358 386 437 442
27 32 131 154 165 166 173 250 313 367 438 474
28 68 75 245 252 264 282 319 320 337 425 457
30 55 119 141 177 191 192 247 299 314
31 58 65 70 75 81 82 97 98 110 112 140 147 151 152 181 203 230 241 245 263 283 294 307 312 321 322 323 344 373 384 403 460 478
36 55 57 90 97 100 176 184 227 292 323 394 458 484
37 46 94 111 114 175 200 259 361 496
38 43 372 421 422 440
39 46 56 63 73 74 78 90 93 98 124 127 142 150 158 163 165 190 193 210 211 213 215 226 243 250 253 265 287 300 306 315 323 339 357 363 367 372 373 387 392 414 421 422 424 428 440 443 453 478 493
40 317
41 271 431 435 437
42 33 52 63 79 116 188 198 351
43 398
44 34 92 184 188 201 224 239 260 270 296 311 380 384 408 451 478 483
45 33 246
46 29 53 123 136 139 140 142 144 179 181 194 209 222 224 237 241 252 261 279 280 320 385 429 430 445
47 48 54 65 87 91 104 106 108 121 122 149 159 163 168 169 174 177 212 213 218 249 250 263 273 278 279 301 308 327 369 371 384 408 424 426 432 434 438 452 480 492 495 499
49 134 150 316 318 441 489
50 32 365 388 401 461 493
51 54 77 85 100 167 196 212 328 346
52 271 345 396 416 488
53 48
59 12 284
60 12 127 314 385
61 35 102 103 260 390 427
64 48 76 77 161 365 368
66 326 400
70 12 126 140 176 269 333 401 430 465
73 74 94 95 107 161 177 182 186 285 290 391 441 467 471
74 124 143 202 256 296 306 338 388 428 433 443 493
75 12 113 114 132 317 396 404 438 455 481
76 175 265 271 341 454
80 187
85 122 151 159 162 178 189 191 196 225 270 277 345 381 390 450 468 491 496
87 113 294
89 63 109 319 491
90 120 187 235 251 305 308 334 393 411 461 492
91 95 180 367 381
92 35 101 173 461
93 67 97 260 444 473
96 12 103 113 170 199 249 407 451
98 69
99 199 256 261 273 384 407 409 418
100 48 191
101 169 201 243 245 346 361 402 476
105 262
107 63 178 206 251 309 445 461 482
116 342 360 468
117 221
119 115 211 348
121
123 67 346 457
125 32 114 118 276 362 441
127 65 69 156 296 449 497
130 32 48 335
131 63 95 203 378 474
134 347 488
135 77 112 151 230 364 397 435 470
141 143 325 332 374 428 447
143 12 306
150 122 460 489
152 72 497
157 12 151 413 446 470
158 285 387 426 465
163
168 122 160 186 258 332 353 489
170 112 200
172 69
174 249 251 366 443
178 466
179
181 293
182 118
184
185 33 65 68 149
192 33 65 282 314 356 370
197 12 48
200 35 411
201
204 34 95 122 345 442
207
209 94
216 136 142
218 34 77
220 67 374 377
221 245 266 432 467
222 63 310 401
223 169 187
229 32 258
231 35 479
232 63
234 34
236 33 217 280 354 475 477
239
247 34 48 142 376
250 300
252
254 32 349
256 12 286 297 441
257 48 336
258 108
259
264 114
266 29 33 304 448 486
268 108 114 387
274 248
275
277 122
278 104
281 376
283 68 312 375 482
285 63
289
290 63 211 405 407
292 381 461
293 95 328 454 499
297 431
302 34 63 433 477
314 428 459 469 471
319 173 296
321 109
322 217
324 161 249
327 219 433
331 65 104
332 279
337 35 136 425 438
338 65 382
339
340 154
343 191 372
350 402 431 474
354 48
355
357 65 136 353
359 12
360 95
368 399
370 95 145
374
379 196 248 413
380 276
383 34 442
388 112
390 206
395 67 114
401
409 95 369
412 34
415 316 423 454
427
431
434 33
435 69 391
436 33
439 48 69
442 34
449 140
456 122
457 63
458 12 65
459 48
460 219
463 95 242 299
464 35 122 441
470 33 65 95
473 115
478 364
479 12
484 233
486 55 95 414
487 48 86 171
491 347
492
495 95
496 356
12 58 104 108 109 147 161 164 165 180 196 199 213 233 244 248 304 311 333 341 342 347 378 418 462 468 472 474 488
17 219
29 206 334 369 423
32 55 72 110 111 160 194 206 226 237 325 394 417 465
33 35 56 57 67 78 120 139 140 144 164 165 177 189 199 230 262 286 291 294 300 330 345 366 398 402 446 462 489
34 62 82 118 147 160 195 226 233 244 284 389 394 397 446 455 469
48 35 56 58 102 108 249 261 298 328 348 377 399 448 483 485 499
54
55 410 417
57
58 494
67 65 86 138 180 196 225 238 255 270 378 440 475 485
68 137 203 235 353 392 472
69 115 129 137 153 159 176 208 217 269 304 352 363 372 452 455 493
71 173
77 95 203 386
79 63 65 303 454
82 349 425
88 146 208 240 476
94 137 138 312 414 424
97 272 306 351
102
103
104 213 240
106 63
108 124 215 362 416 424
109 385
111
112 183 208 227 242 303 425 429
115 65 480
132 35
133
136 246 267 317 326 430
137 171 244 369 400 413
139 56 400
140
142 190 313 417 451
144 230
145
146 95
148
153 35 183 224 377
154 467
156 65 159
159
160
166
167
169
171 195 248 398 425
173 271 286 366 373 397
175
177 336 422
180
186 35 386 419 454
187 410
193 63 208
195 65
199
203
205 35
208 433
210
214 147 301
215 95 329 376
224 176
227
228 114
230
237 83
238
241 450
242 63 72 295
243 483
244 206 262
251
255
261
262 81
263 342 381 466
269 114 307
270 403 426
271 423
272
273
279
280 63
284 429 432
287
295 369
298
301 483
303 95 190
304 95
305 468
310 114 161 453
311
312 248 344
313
317 372
318
320 413
329 194
330 253
335 365
341
344 348 398 497
345
347 126
348
352 65
353 373
356 35 474
361
362
363 249
366 476
367
372 480
378
385 35
386
389
391 114
392 63
393 286 308
394 408 421
399
402
403
404 480
405 122
406 286
407
408 95
411
414
418 316
423
424
426
428 190
429
441 462
443
444 114 342
445
446
447 294
452
453
462
465
467
471 35
472 114
474
475 477
476
477
481
482 206
485 397
489
490
498 95 122
63 56 83 126 149 155 212 233 351 387 396 410 437
72 420 461
83 219 253 276 369
84 420
95 155 164 217 245 381 397 421 455 469 493
113
118 35
120
128
138 466
149
164
189
190
194 122
198
219
225
240
246
249
253 325
265
267
282 35 248
288 114 235
291 114
308 126
309 325 334
315 65
316
328 114
334
358
364 114
371 65 306
376
377 81
396
400
413
430
440
448 122
454
469
480
488
499
56
62
65 307 387 468 497
86
122 333 387 398 425 466
124
126
129 114
151
155 276
161 397
162
165
176
188
202 35
212
213
217 35
286
299
307
325
333
346 196
373
382
416
419
421
432
437
455
494
35 110 114 422 451
78
81
183
196
206
235
248 365
276
323
336 114
375
398
420
422
433
438
114
226
260
300
326
342
381
397
410 351
450
483 425
296
351
384
497 294
110
147
294
306
349
417
191
468
233
451
466
365
493
211
369
245
425
387
461
