0 1 2 3 5 7 8 10 13 16 19 21 22 29 37 52 53 54 55 66 69 72 75 79 83 86 88 91 108 110 111 112 113 119 128 134 149 154 155 164 165 168 177 178 183 211 217 224 240 241 242 276 293 303 315 328 342 344 348 349 352 374 390 394 423 449 470 486 496 501 503 511 525 544 553 555 561 568 596 598 602 606 648 661 666 669 678 681 688 691 693 699 702 707 711 721 739 756 759 791 815 859 868 895 896 917 932 938 963 991 1004 1005 1012 1032 1042 1044 1057 1071 1090 1097 1108 1116 1128 1152 1165 1170 1178 1243 1251 1264 1269 1271 1278 1311 1344 1371 1376 1398 1408 1434 1476
1 2 4 5 7 9 10 11 13 14 15 16 17 18 22 26 27 29 32 37 40 41 43 45 46 50 51 53 56 57 59 65 71 73 76 78 79 81 84 85 89 93 98 99 101 103 118 123 124 125 126 127 131 134 162 169 173 174 175 176 181 185 188 189 190 196 198 202 204 210 213 219 228 229 231 232 238 241 243 245 250 253 261 264 268 270 272 284 296 302 306 312 313 316 318 320 321 327 329 334 335 336 338 341 343 356 357 365 369 374 377 378 379 380 388 395 397 398 400 403 420 422 423 439 448 454 465 485 498 500 513 520 524 526 527 534 536 542 552 565 566 575 576 582 586 588 591 597 605 613 617 619 622 635 655 659 665 667 668 674 675 681 698 723 725 728 733 738 742 750 753 759 775 794 805 810 811 814 816 824 825 836 839 840 872 874 884 894 897 903 904 905 924 934 936 938 943 950 961 966 973 977 980 993 995 1008 1030 1043 1044 1048 1053 1076 1099 1109 1120 1124 1125 1131 1132 1135 1139 1154 1157 1173 1177 1182 1184 1188 1193 1203 1207 1211 1231 1246 1247 1249 1250 1256 1257 1260 1268 1270 1271 1285 1291 1302 1303 1314 1322 1324 1329 1330 1341 1350 1359 1360 1372 1373 1384 1392 1396 1420 1425 1429 1433 1468 1481 1483 1486 1492 1493 1496
2 3 4 9 12 15 20 23 25 47 56 59 61 70 71 73 78 116 117 135 145 150 170 171 172 180 181 184 186 188 199 210 220 228 240 251 262 271 280 283 289 295 297 299 310 342 347 353 365 387 391 409 433 438 451 459 472 479 481 487 491 492 506 532 541 563 574 577 579 589 597 647 663 697 710 734 771 778 792 796 802 851 858 878 905 962 987 1014 1018 1022 1025 1047 1070 1071 1082 1084 1193 1195 1230 1235 1258 1297 1305 1312 1315 1344 1356 1412 1423 1440 1449 1454 1468 1475 1495
3 6 11 20 21 32 33 55 62 70 75 85 99 103 108 112 137 146 247 257 266 277 297 303 333 355 359 367 370 396 405 414 421 440 479 482 505 532 548 567 609 621 629 638 708 736 760 762 766 849 887 888 928 958 975 990 1017 1054 1057 1061 1114 1129 1149 1150 1179 1301 1307 1397 1404 1421 1473 1478
5 28 30 36 38 40 60 67 77 82 119 125 142 145 147 165 202 214 247 248 304 305 306 330 401 402 428 470 493 494 525 557 610 630 671 676 691 706 716 720 754 774 782 803 829 858 908 922 933 996 1035 1068 1169 1170 1190 1290 1329 1338 1381 1388 1431 1445 1491
7 14 24 50 62 72 77 96 111 113 128 225 235 270 278 291 308 312 362 373 376 388 510 519 522 747 760 770 886 926 1034 1094 1121 1131 1390 1409
8 6 28 60 226 482 810 876 1148 1340 1486
10 12 31 35 42 46 88 104 114 150 159 177 179 220 332 337 407 458 490 542 551 605 612 626 651 731 756 761 834 856 862 898 914 967 977 1106 1140 1239 1292 1321 1348 1460
13 132 152 345 486 595 998 1260 1477
16 38 139 196 207 227 579 726 901 1031 1345 1384
19 6 83 100 195 246 334 350 692 813 875 891 1052 1146 1429
21 26 31 39 49 122 183 209 244 316 495 501 578 954 1101 1114 1227 1253 1293
22 90 133 148 266 317 466 483 489 560 627 932 957 995 1026 1028 1055 1267 1406 1462 1484
29
37 519
52 25 122 194 483 630 776 1144 1155
53 911
54 23 84 155 156 160 467 631 884 898 1118
55 63 82 984
66 51 179 360 868 1128
69 64 97 141 339 412 447 480 682 876 1349
72
75 1306
79 91 201 292 313 1195 1266
83 115 235 697 731 753 1156 1231
86 62 227
88 253 325 473 618 682 791 845 1148 1363 1488 1498
91 611 869
108 752
110 42 488 600 895
111 139 151 152 608 1080 1150 1462
112 208 279 381 416 492 632 739 923 1172 1322
113 157 348 379 548 761 799 1110 1228
119
128 136 237 280 356 513 763 769 994 1250
134 1164
149 45 840
154 12
155 544 724
164 35 387 389 485 631 1145 1184 1192 1323 1332
165 249 269 371 538 838
168 73
177
178 26 198 206 413 743 922 1229
183 411 498 713 1225
211 27 286 345 1268
217 12
224 102 276 422 433 670 680 732 1218 1263 1279
240 1036
241
242 71 835 945 1383
276 476 624 930 961 1408
293 71 368 428 511 543 1206 1266
303
315 36 1225
328 205 657
342
344 228
348 382 573 589 645 670 883 1240 1385
349 51
352 132 385 396 402 534 993 1137 1180 1309 1497
374 1325
390 137 471 562 854 1034 1070 1161 1490
394 27
423 432 818 819
449 35 640
470 595
486
496 300 600 1348
501 953
503 290
511 800 1395
525 599
544 556 1258
553 130 633 1012
555 17 696
561 121
568 257
596 467
598 4
602 187
606 280
648 17
661 26
666 193 796 1353 1420
669 62
678 215
681 976
688 41 801
691
693 24 1474
699 64
702 539 716 1064
707 135
711 208
721 63
739 1142
756
759
791 834
815 514 1007 1129 1190 1473
859 712
868
895
896 76
917 23
932 1196
938
963 274
991 12
1004 365 1272
1005 132
1012
1032 581 1299
1042 62
1044
1057
1071
1090 1087
1097 453
1108 45
1116 428
1128
1152 948
1165 17
1170
1178 385
1243 23
1251 990
1264 294 1358 1487
1269 320
1271 1415 1469
1278 246
1311 455
1344
1371 784
1376 350
1398 95
1408
1434 195
1476 313
4 6 18 48 132 215 325 393 408 411 440 461 475 547 575 620 647 712 715 773 790 1046 1122 1183 1255 1283 1374 1379
9 17 34 80 144 366 393 465 515 1085 1438
11 76 305
14
15
17 25 27 35 49 63 64 74 89 109 120 121 127 166 174 182 205 212 252 310 341 459 499 509 530 546 580 621 654 658 710 821 831 852 894 1106 1126 1174 1199 1237 1249 1274 1298 1308 1317 1380 1460 1480
18 23 24 64 106 218 229 238 346 347 453 468 502 526 541 629 745 819 832 919 1158 1210
26 30 44 87 114 170 214 244 275 290 301 321 389 392 469 490 500 539 570 639 695 727 800 822 844 906 953 1016 1037 1081 1087 1133 1136 1164 1235 1257 1419 1495
27 74 92 94 97 105 137 143 148 167 250 251 255 320 354 361 370 373 415 437 442 447 505 529 563 591 601 673 683 689 751 773 824 841 881 914 949 982 1066 1067 1091 1143 1171 1182 1223 1317 1428
32 129
40
41 30 48 223 694 1181 1391
43 31 47 854 893
45 23 51 105 106 123 136 157 292 307 332 343 444 452 585 604 607 623 672 758 813 850 941 994 1086 1087 1132 1151 1194 1239 1274 1333 1343 1361 1379 1463 1472
46 279
50 101 153 282 435 457 698 737 811 826 847 1095 1187 1466
51 61 190 193 425 426 431 713 783 931 1221 1299 1300 1417 1493
56 1124
57 39
59
65 34 109
71 138 194 204 209 252 415 427 487 504 516 588 696 775 804 837 960 985 1047 1049 1078 1093 1130 1214 1259 1265 1336 1347 1354 1358 1404 1451 1459 1466 1472
73 180 201 789 857 880 1312
76 115 187 375 572 788 806 910 1200
78 90 185 233 419 864 879 1041 1324
81 62 216 290 408 436
84 197 870 915 986 1357 1407
85 166 200 203 377 418 464 515 552 680 714 780 889 970 1167 1394 1414
89 163 350 890 1166 1393 1445
93 34 683 1203
98 36 361 1033 1216 1403
99 156 187 735
101 107 130 518 1083
103
118 74 337 360 508 545 627 781 1331
123 186 330 703 1104 1123
124 31 450
125 300 339 439 477 817 1048 1242 1246 1284 1391
126 90 176 192 407 674 1365 1497
127
131 42 546 584 1035 1130 1284 1353
162 31 812
169 92 236 920
173 90 189 222
174
175 129 419 1208
176 309 429 535
181 193 221 327 340 502 838 1479
185 921 1065
188
189 318 1189 1400
190
196 243
198 381 456 517 528 942 1366 1402
202
204 288 404 805 979 1219
210
213 208
219 179 462 689
228 302 679 851 861 925 1003 1470
229 230 719 1280
231 107
232 222
238 900 1009 1154
243
245 31 357 924
250
253 569 1217 1263 1304 1366
261 35 317 463 643 809 1011 1160 1227 1286
264 215 539 1326
268 263 1046 1068
270
272 235 383 1289
284 94 535 614 853 1074
296 42 520 1069
302
306 1327
312 677 741 861 948 1054 1141 1252 1442
313 554
316 326 451 472 562 578 593 951 962 1024 1218 1378 1399
318
320 386 507
321 1029
327
329 48
334
335 194 574
336 23
338 300
341
343
356 473
357
365 590 746 758 783 882 1196 1238
369 143
377 673 703 1066 1084 1320
378 109 429 1015 1062
379
380 267 715 1337
388
395 35 495 862 983 1185
397 172
398 290
400 288 417 842 899 939 1459
403 104 1276
420 35
422
439
448 61 1215 1426
454 371
465 499 709 848 1351
485
498
500
513
520
524 263
526 676 1279
527 182 772
534 1401
536 12
542 608 820
552
565 428 992 1234 1331
566 246 864 1262
575 714
576 246 650 1446 1467
582 497
586 244 964 1088 1293
588
591
597 787
605 738 1314
613 107
617 252
619 326 638 1337
622 6
635 257 1018
655 290 921
659 31 686
665 153
667 383 1103
668 31 1341
674
675 493
698
723 133
725 508
728 515
733 709
738 1175 1276
742 141
750 31 777
753
775
794 406 1011 1405
805 1009 1334 1369
810
811 934 1188 1290
814 246
816 44
824
825 440
836 288 1316
839 746
840
872 42
874 137 1254
884
894
897 31
903 305
904 109 909
905
924
934
936 274
943 298 970 1275
950 838 1288
961
966 92
973 351
977 1194
980 246
993
995
1008 31
1030 225
1043 697
1048
1053 590
1076 1000
1099 528
1109 209
1120 368
1124 1126
1125 451
1131
1132
1135 550
1139 35
1154 1156
1157 760
1173 385
1177 333
1182
1184
1188
1193 1296
1203
1207 641
1211 158
1231
1246
1247 170
1249
1250 1437
1256 583
1257
1260
1268
1270 998
1285 166 1469
1291 844
1302 1160
1303 611
1314
1322
1324
1329
1330 158
1341 1436
1350 1206
1359 200
1360 1163
1372 331
1373 910
1384
1392 1160
1396 457
1420 1461
1425 480
1429
1433 12 1482
1468
1481 386
1483 282
1486
1492 1103
1493
1496 305
12 142 246 319 460 484 626 766 785 790 842 916 1339 1340 1375 1430 1465
20 309 729
23 58 68 104 133 182 206 222 274 353 690 719 730 768 832 939 1007 1037 1092 1137 1140 1162 1179 1238 1320 1428
25 58 151 455 462 615 1498
47 1025
61 96 159 291 294 322 391 685 852 856 1038 1088 1300
70
116 39 547 875
117 36 199 307 1368 1446 1457
135 35 474 749 857 987 1059 1133
145 488 494 687 873 1436
150 569 769 835 893 1283
170 207 507 730 1198 1245
171 62
172 31 564 584 837 1232 1458
180 191 322 385 523 737 1111 1287
184 94 512
186 957
199
220
251 518 1142
262 120 432
271 223 556
280 975
283 94 878 912 937 1160 1294
289 36 601
295 90 550
297 870 1118
299 62 1400
310
347 372 1075
353
387 614 633 1313 1351 1458
391
409 132 1078
433 704 784
438 136 841 1096 1149
451 528 652 701 1349
459 1110
472 785 1117 1134 1455
479 549 749 772
481 206 751 786 1485
487 1040 1397
491 331
492
506 457
532 802 952
541
563
574
577 39 592 929
579
589
647 671 729 889 1027 1217
663 35
697 1056 1378
710
734 288 927 1058
771 273 965
778 31
792 161
796 990 1275
802
851 1074 1172
858
878
962
987
1014 547
1018 1435
1022 988
1025
1047
1070
1082 62 1181
1084
1195
1230 948
1235
1258
1297 218
1305 24
1312
1315 1169
1356 49
1412 559
1423 611
1440 862
1449 132
1454 440
1475 562
1495
6 625 1056 1447
33 31 375 594
62 68 100 311 362 489 504 509 694 752 829 911 927 1180 1210 1232 1319 1418 1450
137 191 200 239 274 287 351 460 646 976
146 129
247 1058
257 208 616 636 640 1050 1079
266 324 947
277 143 616 865 1021 1347
333 107 443 692 906
355 31
359 235
367 350
370 581 887 928 1006
396
405 290
414 364 425 900 1019 1209
421 237
440 744
482 686 705 907
505
548
567 106 672 1426 1467
609 294
621
629 1333
638
708 104
736 222
760 1163
762 97 860
766
849 307 1296
887 1141 1197
888 201
928
958 363 1357
975
990
1017 187 1388
1054
1061 143
1114
1129 1176
1149
1150
1179
1301 35
1307 102
1397
1404
1421 246
1473
1478 1441
48 121 203
132 260 474 637 806 969
215 44 286 902 1020 1023 1098
325 642
393
408 757
411 464 804
461 31
475 158
547
620 141
712 631
715
773 1027
790 1427
1046
1122 263
1183 692
1255 235
1283
1374 592
1379
28 258 346 776 830 891 1021 1206 1273
30 92 161 282 484 521 795 974 1000
36 35 140 216 218 254 308 642 684 908 935 1167 1236 1267 1368 1416 1452 1499
38 158 239 263 570 583 599 1003 1244 1318 1401
60 205 551 764 789 877 923 1072 1242 1294
67 24
77 301 886
82 208 221 592 777 945 1138 1208 1209 1342 1413
142
147 35 223 979
214
248 158
304 34
305 1370
330
401 35 1222
402
428
493 143 933 1062
494 1295
557 95 571
610 63 833
630 727 989 1115 1456
671
676
706 216
716
720 432 740
754 642
774 704 1020
782 31
803 44
829
908 1364
922
933
996 44
1035
1068
1169 1088
1190
1290
1338 1038
1381 92 1432
1388
1431 1143
1445
1491 206
625 516
1056 1143 1411 1424
1447 234
24 34 39 234 285 287 628 656 779 812 827 867 1147 1273 1318
96
225 44 234 426 634 1352 1355
235 314 784 999
278 159
291
308
362
373 410 1419
376 95
510 163
519
522 346
747 382
770 44
886
926 31
1034
1094 31
1121 31 1342 1422
1390 910
1409 636
226 90 441 471 572 649 664 955
876 1399
1148
1340
34 80 87 95 417 767 948 1155 1323 1427 1480
80 593
144 42 161 808 1202
366 179 453 748 855 1395
515
1085 543
1438 31
31 42 102 143 153 167 340 371 399 406 537 634 639 644 657 767 910 930 940 952 984 1006 1083 1105 1127 1200 1212 1310 1424 1452
35 94 102 107 120 130 319 323 382 392 435 437 441 457 587 603 628 641 687 690 764 799 846 855 892 983 1013 1023 1039 1101 1112 1282 1335
42 230 867 1490
104 129 571 1479
114 263 265 383 748 1073 1176 1309
159 212 1059 1145
179 273 827 1308
332 843
337
407
458 206 1028 1104
490 826
551 913
612 106
626
651 208
731
761 1380
834
856
862
898
914
967 92 1095
1106
1140
1239
1292 743
1321 358
1348
1460
246 254 331 384 559 560 701 718 863 959 986 997 1000 1001
319 351 1241 1411
460 1386
484 653 807 985
785
842
916 39
1339 1024
1375 866
1430 152
1465 1385
152 192 256 899 1100
345
595
998 141
1477 288
139 410 1187 1405
207 406 508 890
227 781 1080
726 683 907
901 634 988
1031 781
1345 187
49
63 255 452 809 1144 1171 1192 1474
64
74
109 1205
120 364 718
121 974 1204
166
182
205 1081 1107 1136
212 1437
252 354 424 1117 1252
499
509
530 44 558 1175
546 636 820
580 382 1487
654 384
658 294
821 102
831 743
852
1126 1435
1174 92
1199 763
1237 989
1274
1298 514
1308
1317
1380
1480
106 364 446 1119
218 363
346
453
468 350 869
502 1201
745 309
819
832 848
919 143
1158 949
1210
100 632 743 964
195 193
350 1304
692 955
813
875 971 1223
891
1052 473 1073
1146 163
309 1233
729
39 44 497 604 656 866 1079 1098
122 920
209 545 1328
244 1253
495 913 1067
578 956 1093
954 206
1101 1369
1227
1253 1336
1293
90 95 197 256 267 358 573 587 624 641 717 724 779 883 925 1045 1112
133 300 444 1115 1370
148
317 480 607 915
466 269
483
489
560
627 1105
957 1224
1026 237 1138 1226
1028
1055 413
1267
1406 844
1462
1484 1453
58 540
68
206 260 879 965 978 1191 1328 1448 1471
222 469
274 288 358 436 700 788 844 866
690 746
719 1075 1248
730
768 446
939
1007 1414
1037
1092 436
1137
1162 714
1238
1320
1428
234 269 1212 1234
285 143
287
628
656 918 1410
779 1441 1485
812
827
867
1147 751
1273
1318
151 273 615 941
455 102 1063
462
615 1024
1498
44 265 311 780 960 1215
87 140 258 314 828 1029 1326 1364
275 163 1489
290 413 446 531 679 830 1038
301 735
389 1386 1461
392
469
539 942 1220
570 709
639
695 514
727 881
800 912
822 599
844 1213
906
953
1016 1003
1081
1087
1133
1136
1164
1419
92 158 259 368 412 478 765 947 968 1463
94 141 237 384 434 581 644 722 937 1403
97 442
105
143 554 846 1001 1119 1244
167 259 741 807 845
255 516 1355
354 477
361 798
415
437
442
447 885
529 371
601
673
683
689
751
841
881
949 331
982 431
1066
1067
1091 1019
1143
1171 1494
1223
258 740
776
830
1021
1206
161 233 944
282 430 722 763 797 801 946 981 1191 1377
521 480
795 129
974
1000
102 267 399 497 533 649
153 1464
340
371 1494
399 517 978 1010
406 434 1367
537 477
634
644
657
767 1402
910
930
940 696
952
984
1006
1083
1105 1316
1127 254
1200 1439
1212 1224
1310 765
1424
1452
129 540 968 1045 1387 1413 1450
375 456
594 230 744
95 823 1051 1159
417 1295
948
1155
1323 1456
1427
107 160 523 786 865 1060 1354
130 294 618 850 1204
323 307 660
382
435
441 817 999 1221
457
587 705 1259
603 363
641 1002 1198 1453
687 717 818
764
799
846 972
855
892 254
983
1013 516
1023
1039 239
1112
1282 1166
1335 746
140 1077
216
254 931 1010
642 969
684 444
935 786
1167
1236 239
1368
1416 631
1499 136
158
239 298 1072 1113 1248 1482
263 860 1185
583 160 1096
599 1065
1003
1244
1401
497
604
866
1079
1098
223 430 476 1197 1265
694
1181 1489
1391
230 871 1049 1382
1490
854 1213
893
265
311
780
960
1215
136 138 559 946 1245
157 929
292
307 363 1280 1365
444 1202
452
585 404
607 646 685 863 1363
623 477
672
758
850
941
994
1086 640
1151 781
1194
1333
1343 372
1361 516
1463
1472
279
203
737 1050
826
847 488 853 1113 1261 1332
1095
1187
1466
193 1111
425
426 443 637 1064
431 208
713
783
931 1346
1221
1299
1300
1417 267
194 951 1346
1144
911 1069 1226
156 445
160
467 192
631 660 918 1107 1443
1118
540
789
877 848
923
1072
1242
1294
294 956
322
685
1038
1088
504 1313
752
927
1180
1232
1319 632
1418 1347
1450
809
1192
1474
360
141 163 281 324 1102
339
412
480
682
1349
138
427 200
516 664
696
804
837
985
1049
1078
1093
1130
1214 201
1259
1265
1336
1347
1354
1358
1451 969
1459
201 1102
857 1444
880 523
1306 1224 1325
115
187 326 550 1153 1455
572
788
806
233
419 514 564 798 1186
864
879
1041 358
1266
593
436 558 662 704
208 236 372 538 997 1100
221
592
777
945
1138
1208
1209
1342
1413
1156 1241 1277
197 416
870
915
986
1357
1407 1153
200 298 463 478 643 972 1281
418 363 1464
464 1077
680
714
889
970
1394 581
1414
314 645
828 624 1383
1029
1326
1364
473 1219 1389
618 843
845
1363
1488 1435
163 249 787 833 1272
890
1166 488
1393 746
256 404 549
267 1352
358 424 871 988
573
624
717
724
883
925
1045
611 372
869
259
368 1382
478 1051 1377
765 705
947
968
237 281
384 1229 1410
434
581 1189
722
937
1403
823 528
1051
1159 882
1033 386
1216 976
735
632 1103 1470
743
964
518
533 385
649
571
1479
364 531 971 1060 1163
446
1119
523
786
865
1060
1205 1141 1385
488 755
600
608
1080
381
416
1172
1110
1228 871
383 662
748 989 1168
1073
1176
1309
1446
1457 781
508 873
545
781 909 1186
1331
718
1204
920
703
1104
1123 885
450 331
300 1240
477 590
817
1284
192 331 543 653 1201
1365
1497
763
769
1387 288
584
1353
260
474 1362
637
969
1115
1370
749
1059
559
946
1245
191
351 1287
646
976 1089
410
1405
1077
281 512
324 959 1254
1102
554
1001
808 528
1202
873
1436
979
569
835
273
899
1100
1464
445 298
929
1145
944 476
249 1161 1441
787
833
1272
1332
269 700 1153 1168 1422
538
838
741 1220
807
236
507
1198
564
1458
429 1327
535
413
1229
385 386 885
1111
1287 1334
1225
512
921
1065
326
550
1153 1453
1455
1189
1400
331 1089
543 755 1002 1432
653
1201
951
1346
456
517
528 902
942
1366
1402
298 1471
463
643
972 992
1281 1233
288 514 1040
404 650 677 1439
1219 1444
1107
965
978
1191
1328
1448 959
1471
372 1415
997
286 793
1437
902
1020
363
430
476
1197
670
732 386 797 1036
1218
1263
1279
1352
1355
471
664
955
679
861
1470
1280
871
1382
1234
784
999
900
1009
1113 1222
1248
1482
1036
1383
701 1134
863
959
1058
1161
1441
1142
424
1117
1252
1217
1304
1010 1063
549
616 793
636 652
640
1050
740
1011
1160
1286 913
432
860
1185
700
1168
1422
556
1289 386
1489
797
801
981 848
1377
912
614
853
1074
793
514
1040
531
956
1069
1240
1327
1233 686
677
1141
1442 913
645
562 757
1024
1378
1399
1241
1411
386 1261 1443
660
1254
1089
843
443
1075
1385
988
798
971
1163
590 1019
746
882 662
1196
1395
1494
1415
1325
1015 820
1062
1337
662
1410
885
1261
1443
633
1313
1351
1386
1461
1222
1276
650
1439
1367 1316
757
1019 1262
1295
1186
818
1064
704
558
1096
744
1426
652
1063
709
848
1134
1389 1002
1362 772
772
1485
686 1277
705
907
755
913
1175
1220
820
1002 1288
1432
992
1262
1467
1487
989
1456
918
1103
1453
1027
1277
909
1275
1334
1369
1316
1213
1296
1444
1226
1288
1224
1435
1469
