0 1 2 3 5 6 7 8 11 12 17 18 33 36 41 59 67 77 96 97 111 112 114 122 135 142 151 153 167 174 177 182 197 198 203 207 212 214 219 222 233 245 259 260 267 275 278 282 291 292 293 305 318 321 346 347 348 362 365 389 392 396 400 402 403 404 419 428 456 464 480 493 522 524 531 542 549 555 557 559 574 587 596 630 645 653 659 708 710 747 785 793 795 816 817 834 854 855 874 889 899 904 914 915 959 971 977 986 995 1002 1033 1042 1048 1081 1091 1097 1137 1145 1156 1182 1184 1185 1197 1200 1204 1206 1223 1233 1240 1244 1256 1282 1343 1355 1358 1451 1460 1505 1511 1514 1571 1618 1646 1648 1680 1721 1726 1727 1732 1763 1779 1783 1797 1806 1847 1848 1850 1865 1890 1891 1906 1913 1915 1934 1965
1 2 3 4 6 7 10 13 16 23 24 26 27 28 30 35 37 46 60 61 69 71 72 80 85 90 109 112 119 125 126 127 129 135 168 171 179 180 184 190 208 211 220 235 240 247 250 256 263 272 280 283 300 307 313 317 351 358 366 369 381 385 400 409 425 438 461 475 489 494 497 504 514 544 549 552 575 592 596 600 603 607 615 626 643 675 677 686 687 688 694 695 696 714 724 727 737 744 755 764 765 775 783 787 788 798 809 846 854 868 870 874 891 912 914 918 923 928 938 947 956 964 969 972 985 999 1015 1020 1024 1042 1053 1055 1064 1065 1066 1068 1092 1099 1104 1111 1127 1157 1167 1175 1176 1186 1188 1196 1208 1222 1227 1234 1249 1250 1256 1260 1276 1277 1280 1331 1369 1375 1377 1381 1383 1398 1412 1414 1415 1417 1424 1432 1448 1470 1480 1482 1502 1503 1506 1512 1527 1530 1535 1538 1544 1556 1581 1584 1600 1605 1606 1614 1619 1623 1628 1629 1631 1632 1641 1650 1658 1663 1681 1683 1688 1689 1691 1704 1706 1711 1765 1799 1815 1828 1857 1884 1899 1909 1916 1925 1977 1979 1983 1992
2 5 8 13 51 99 185 205 214 219 302 325 364 390 395 397 537 773 789 917 934 937 1032 1044 1078 1201 1210 1214 1262 1423 1430 1514 1518 1550 1642 1655 1735 1807 1860
3 4 14 94 99 113 141 216 310 321 426 451 762 814 1193 1281 1298 1382 1405 1653 1679 1684 1710 1771 1802 1831 1832
5 101 796
6 257 430 761 1243 1614
7 9 19 21 25 29 44 61 89 91 98 102 152 156 183 218 253 270 281 298 327 329 337 341 345 349 415 416 435 448 457 526 542 560 563 590 621 694 720 742 753 790 837 864 873 943 961 966 981 1009 1052 1118 1119 1131 1159 1172 1238 1279 1307 1328 1371 1376 1430 1437 1453 1465 1472 1511 1549 1556 1563 1566 1582 1630 1669 1758 1820 1874 1878 1921 1932 1953 1966 1970
8 38 39 50 55 106 127 128 159 230 249 356 412 421 433 439 447 540 588 636 676 685 879 949 1054 1093 1100 1232 1352 1371 1390 1480 1569 1660 1713 1715 1816 1891 1968
11 4 15 16 18 20 23 47 48 90 100 137 156 157 162 170 189 263 265 271 278 284 296 336 370 403 424 434 472 478 498 502 579 593 601 620 655 704 769 804 900 905 1045 1059 1072 1088 1105 1115 1143 1194 1273 1310 1311 1326 1330 1353 1396 1425 1428 1492 1579 1674 1698 1711 1713 1834 1838 1895 1961 1995
12 4 215
17 9 19 77 84 114 181 237 296 501 554 666 762 861 1228 1334 1578 1897 1933 1972
18 33 43 82 144 155 157 164 194 213 234 289 315 499 620 673 696 750 851 1019 1050 1299 1433 1603 1656 1750 1827 1899 1902 1971
33 47 54 100 136 154 188 202 231 267 460 494 627 637 954 1144 1717 1955 1982 1996
36 20 87 121 154 398 905 935 1118 1395 1528
41 38 520 758 1089 1314
59 44 558 689 771 791 865 1367 1667
67 13
77 138 217 232 266 280 286 305 334 410 422 470 491 529 807 960 1000 1005 1212 1290 1293 1369 1482 1517 1524 1790 1895 1904
96 54 103 1014
97 23
111 4 147 229 328 721 1049 1304 1436
112 276
114 780 1955
122 10 160 165 180 182 196 233 270 306 323 476 492 509 567 628 677 841 896 1232 1253 1605 1752 1802
135 517
142 13 249 269 790
151 60 891 941 1010 1122 1380
153 141 358 1620
167 121 1218 1286 1546
174 31 853 1305 1409 1461 1896
177 146 1173
182 247 978 1001 1445
197 20 408 485 594 658 1064 1080 1734
198 40 668 1239 1721
203 140 684 1003 1081
207 71 229 393 535 1309 1435 1459 1935
212 165 239 287 378 382 507 573 746 767 996 1194 1830 1992
214
219 226 763
222 101 625 984 1051 1345
233 1907
245 56
259 20
260 37 1429 1702 1852
267 344 379 1125 1141 1401 1547 1571 1796 1998
275 107
278 374 651 653 943 948 1138 1219 1236 1404 1518 1835
282 4 292
291 213 1216
292 1163
293 220
305 447 757 1383 1863
318 37
321
346 13
347 38
348 13
362 13 565 768 777 782 821 1110 1199 1303 1611 1913
365 311
389 35 440
392 363
396 136 443 522 1127 1276
400
402 75 1278
403 1736 1838 1989
404 139 515
419 272 1313 1491
428 9
456 162 530
464 98 916 1134 1585
480 286
493 379 953
522 1624
524 4 1224
531 472 963 1565
542 1401 1724
549
555 132
557 227
559 349 878 1272 1555
574 162 616 962
587 75
596
630 211 868 1047 1459 1531 1572 1644
645 13 1103
653 1453
659 20 745 1764
708 13 1058
710 13 778 1598 1888
747 32
785 385
793 150 995 1114
795 62 897
816 60
817 433
834 71
854 990 1124
855 307 1226
874
889 60 931
899 175 1151 1932
904 37 1921
914
915 166
959 678 1335
971 20
977 64
986 126
995
1002 43 1959
1033 715
1042
1048 186 1312
1081 1774
1091 921
1097 127 1991
1137 580
1145 529
1156 907 1831
1182 14
1184 850 1676
1185 35
1197 497
1200 1115
1204 803
1206 83
1223 166
1233 235
1240 105
1244 166 1288 1407
1256 1778
1282 22 1941
1343 892 1643
1355 1052 1481
1358 533 1822
1451 367
1460 43
1505 54
1511 1769
1514
1571
1618 1581
1646 145
1648 35
1680 75
1721
1726 446
1727 401
1732 394
1763 20
1779 410
1783 991
1797 449
1806 93
1847 1522
1848 1641
1850 1467
1865 496
1890 229
1891
1906 155
1913
1915 30
1934 109
1965 205
4 9 10 28 30 31 42 43 52 53 71 74 79 83 88 115 118 121 143 178 186 191 194 200 205 213 235 268 269 276 285 289 303 307 320 323 329 331 363 370 375 376 390 393 414 423 438 444 452 479 482 504 511 541 543 547 552 576 595 599 604 640 713 748 773 798 836 845 856 870 898 985 990 1012 1022 1041 1053 1083 1117 1124 1129 1155 1160 1170 1201 1213 1221 1248 1286 1296 1337 1338 1339 1399 1400 1402 1425 1443 1479 1491 1497 1519 1578 1596 1608 1615 1616 1634 1638 1661 1703 1719 1734 1755 1816 1836 1856 1859 1892 1963 1986 1999
10 14 15 22 32 40 79 93 107 137 165 170 195 209 381 383 394 514 528 543 545 751 777 832 840 869 880 1016 1061 1107 1113 1116 1178 1242 1302 1344 1441 1545 1586 1665 1702 1748 1804 1945 1964
13 21 29 45 49 50 56 66 70 78 80 81 91 93 105 116 124 129 133 141 149 152 160 175 215 221 231 234 250 271 273 279 294 295 301 324 330 344 353 359 366 388 405 410 411 412 413 442 481 483 495 496 500 505 508 509 518 519 568 573 580 597 598 618 626 647 661 665 671 675 681 682 704 735 742 752 765 781 800 806 811 822 823 835 836 844 849 869 880 893 907 924 988 989 997 1018 1021 1027 1037 1058 1062 1078 1099 1128 1143 1161 1171 1190 1214 1234 1263 1279 1301 1303 1318 1350 1359 1362 1375 1388 1390 1395 1403 1415 1427 1434 1437 1464 1493 1509 1515 1526 1536 1577 1589 1593 1607 1608 1651 1678 1686 1709 1720 1723 1745 1772 1786 1812 1818 1833 1849 1876 1877 1897 1902 1903 1908 1940 1941 1987
16 25 83 119 124 241 265 341 586 865 936 1384 1404 1926
23 54 58 68 356 415 507 561 583 736 810 897 1035 1059 1141 1297 1349 1372 1568 1570 1697 1725 1823 1840 1930
24 20 78 116 126 134 138 139 150 202 239 253 286 290 319 363 432 441 455 473 538 609 713 740 784 786 826 1056 1449 1759 1788 1805 1842 1868
26 20 46 63 76 92 110 186 218 236 352 449 616 622 690 783 859 966 1000 1142 1299 1310 1450 1465 1647 1760 1877
27 20 38 104 130 225 319 357 719 754 791 879 1029 1102 1563 1602 1695 1708 1792 1884
28 227 417 448 566 642 949 1054 1178 1220 1247 1259 1386 1438 1699
30 31 32 52 57 75 87 148 159 163 171 242 248 299 330 378 399 446 468 487 490 532 539 613 731 808 827 866 902 947 965 1025 1090 1133 1153 1172 1265 1300 1366 1389 1496 1533 1554 1698 1715 1729 1764 1801 1855
35 19 252 279 340 350 351 372 849 858 963 1055 1144 1215 1245 1280 1576 1742 1880
37 20 63 64 65 68 72 95 123 130 140 144 172 261 322 333 340 353 427 458 591 595 617 624 701 706 745 846 932 945 1007 1026 1068 1070 1101 1139 1318 1333 1408 1442 1474 1654 1671 1674 1707 1714 1803 1824 1825 1887 1910 1957 1959
46 76 146 155 158 335 360 467 583 608 611 612 683 720 997 1510 1531 1755 1775
60 58 62 169 172 181 210 243 322 364 408 462 467 470 475 517 652 654 857 894 946 958 1013 1015 1069 1082 1135 1166 1357 1366 1454 1470 1483 1489 1770 1778 1839 1844 1870 1893 1946
61 74
69 50
71 81 128 672 711 734 792 810 955 1084 1745 1969
72 1289
80 376 828 1154
85 53 149 1862 1908
90 1421 1508 1516 1657 1666
109 94 563
119 789 1119 1506 1927
125 20 513 1063 1442 1980
126 850 882 1368 1384 1457
127 284 577 1133 1167 1548
129 512 1889
168 62
171 848 993 1502 1567 1960
179 62 199 204 460 523 926 1283 1431 1569 1794 1845
180 355 1685
184 55 1985
190 20 1846
208 169 360
211 209 380 554
220 94 242 418 533 692 718 721 970 1193 1236 1361 1481 1504 1553 1592 1639 1741 1841 1978
235 445 635 707 756 1090 1254 1445 1525 1878 1973
240 93 1523
247 258 395 461 882 888 1113 1580 1709
250
256 78
263 1994
272 47 500 693 788 1014 1573
280 1333 1938
283 138 301 503 735 1029
300 9 1378
307 1604
313 83
317 31 611 1477 1536 1733 1882
351 1323 1542
358
366
369 82 1085 1387 1683 1896
381
385 230
409 20 1950
425 310 1155 1272 1784 1973
438
461 584 732 1504
475
489 285
494
497 42 598 647 728 968 1101 1153 1716 1785
504
514 1169 1557 1789
544 106
552
575 186
592 312
600 533
603 434 648 1495
607 472
615 230 1774 1837
626
643 287 709 1005 1180 1652 1658
675
677
686 239
687 94 1689
688 145
694
695 595 950 1359
696
714 29
724 9
727 520 1288 1926
737 576 1339 1984
744 73 1455
755 237 1843
764 187 1597 1864
765 921 987 1252 1406
775 116 837
783 890
787 123 1654
788
798
809 230 1073 1296 1316 1393 1673
846
868
870 1759
891 1424
912 131
918 108
923 634 1423
928 148
938 508 1346
947
956 399
964 632 1993
969 32 1456
972 551
985
999 910
1015 1128
1020 864
1024 20
1053
1055 1515
1064
1065 941 1152
1066 20
1068
1092 974 1142
1099
1104 693
1111 375
1127
1157 760
1167 1192
1175 209
1176 719
1186 175 1340
1188 98
1196 1021
1208 29 1229
1222 473
1227 411
1234 1549
1249 230 1397
1250 561
1260 572
1276 1624
1277 56
1280
1331 380
1369
1375
1377 209 1701
1381 156
1383
1398 931
1412 223
1414 316
1415 1753 1901
1417 861
1424
1432 375
1448 152 1821
1470
1480 1621
1482
1502
1503 601
1506 1613
1512 551 1927
1527 410
1530 29
1535 1220
1538 467
1544 49
1556
1581 1148 1960
1584 277
1600 63 1776
1605
1606 284
1614
1619 249
1623 20
1628 1041
1629 384 1633
1631 450 1782 1943
1632 246
1641 297
1650 20
1658
1663 1129
1681 147
1683
1688 467
1689
1691 268
1704 144
1706 1013
1711
1765 9
1799 640
1815 698
1828 1164
1857 1170
1884
1899
1909 1737
1916 58 1975
1925 15
1977 319
1979 434
1983 1231
1992
51 20 304 355 602 641 673 877 940 1001 1063 1181 1467
99 803 876 1071 1420 1886
185 9 1162 1719
205 1098 1117 1352 1700
302 94 1028 1312 1863
325 50
364
390 413 450 629 838 883 1307
395 476 658 1427
397 294 678 1583
537 286 934
773
789
917 20 1521 1729 1985
934
937 191
1032 527 1866
1044 831
1078 1488
1201
1210 50 1945
1214
1262 357
1423
1430
1518
1550 379
1642 539
1655 1215
1735 1703
1807 1052
1860 478
14 62 303 498 593 605 1147 1679
94 54 118 193 328 422 534 801 813 903 1332 1419 1736 1872
113 31
141 209 232 361 578 1168 1611 1731 1894
216 148 759
310 52 368 703 1788
426 75 782 1170
451 223 1322
762
814 290
1193
1281 926
1298 361 1402 1625
1382 373
1405 38
1653 145
1679
1684 633 1923
1710 1564
1771 105
1802
1831
1832 702
9 20 42 48 70 88 108 133 161 258 285 294 327 384 401 666 697 723 768 820 919 1038 1070 1162 1261 1347 1362 1389 1468 1519 1714 1775 1795 1819 1905
31 39 53 107 132 166 238 248 312 324 420 474 505 703 779 909 1166 1238 1267 1379 1391 1856 1874 1949
42 1740
43 73 131 140 178 223 254 264 268 308 338 399 556 664 679 726 819 872 921 942 1030 1095 1164 1306 1315 1444 1728 1870
52 75 139 622 911 1221 1349 1413 1626
53 98 274 373 383 553 763 945 1228 1498 1672
74 193 352 387 1031 1163 1966
79
83 210 262 277 379 469 532 733 751 832 858 978 1007 1316 1499 1907
88 513
115 103 482 759 952
118 640 1617
121 188 309 444 649 691 826 1179 1251 1485
143 110 199
178
186 824 890 1220 1552 1610 1793
191 76 1212 1501 1851
194
200 131
213 831 942 1790
268 484 502
269
276 377 382 975 1712 1995
285 354 401 533 1391
289
303 472 1351
320 246
323 663
329
331 294 662 1768 1780
363 1428 1671 1868
370
375 227 429 911
376 586 1744
393 680
414 58
423 82 1057
444
452 319
479 29 973 1699
482 1463
511 163 770 1342 1737
541 262
543 634
547 49
576 446 581 925 1361 1829
595
599 62 794
604 192
640
713
748 20 922
836
845 146 1019 1738 1798
856 684
898 774
990
1012 572
1022 467
1041 181
1083 56
1117 1274 1846
1124
1129 15
1155
1160 980
1170 1532
1213 56 1588 1984
1221
1248 309
1286 1576 1701 1951
1296
1337 895
1338 154 1452
1339
1399 286
1400 1110
1402
1425 1436 1805
1443 21 1991
1479 1261
1491 1696
1497 812
1519
1578
1596 832
1608
1615 319
1616 230
1634 229
1638 162
1661 1416
1703 1271
1719
1734
1755
1816
1836 1294
1856
1859 19
1892 1386
1963 229
1986 21
1999 1636
101 58 465 944
796 20
257 20 1961
430 140 1540 1773
761 378 1225
1243 44 1431
19 22 40 45 55 56 255 309 326 391 436 440 443 510 619 635 646 823 862 876 903 955 1056 1060 1311 1317 1354 1489 1583 1675 1705 1749 1780 1821 1837
21 204 416 540 631 750 769 1043 1096 1211 1219 1587 1601 1668 1794
25 134 206 767
29 34 49 64 66 86 147 187 349 371 420 434 499 512 722 723 1046 1096 1199 1283 1308 1334 1461 1485 1513 1668 1676 1793 1810
44 20 466 474 582 1195 1309 1345 1353 1392 1501 1516 1741 1998
89 20
91 176 266 311 578 1146 1829 1898
98 429 1456 1627 1989
102 20 106 123 228 251 550 610 650 680 830 901 1011 1084 1123 1251 1324 1462 1761
152 463 516 1598 1751
156 570 1564
183 34
218 1712
253 939 1036 1386 1947
270 1591 1822
281 116
298 75 462 1784
327 1692 1930
337 49 490 883 1047 1376 1458 1525
341 431 459 606 1447
345 50 466
349 679 1348 1396
415
416 698 1748 1817
435 239 1149
448 907
457 47 642 1444
526 57
560 195
563
590 158
621 436
720
742
753 738
790
837
864 774
873 87
943
961 192
966 1147
981 20
1009 147
1052 56
1118
1119
1131 723
1159 20
1172
1238
1279
1307
1328 1153
1371
1376
1437
1453 1534
1465
1472 1287
1549
1563
1566 70
1582 20 1756
1630 801
1669 811
1758 892
1820 20
1874
1878
1921
1932
1953 394
1966
1970 1183
38 146 503
39 354 617 998 1528 1767 1864
50 132 136 339 571 843 881 895 926 1038 1467 1753 1767 1885
55 372 374 568 580 1295 1782
106 551 766 1562 1968
128 994 1914
159 217 274 405 433 839 932 1039 1045 1140 1317 1411 1644
230 176 350 411 454 772 815 902 1203 1394 1551
249
356 991
412
421 379
433 839
439 62 450 1320
447 1003
540 1087
588 146
636 534 1747 1920
676 468
685 378 1478
879
949
1054
1093 413 1911
1100 1007
1232
1352
1390 1537
1569 1573
1660 223
1713
1715
1968
20 34 108 120 148 173 224 262 295 326 335 338 339 342 343 367 394 432 436 446 458 459 465 473 491 495 521 523 536 585 614 632 634 684 749 779 808 840 847 887 958 967 980 992 1021 1040 1074 1112 1121 1125 1165 1207 1226 1258 1292 1322 1348 1379 1380 1385 1392 1409 1410 1449 1463 1524 1552 1572 1587 1612 1620 1625 1645 1662 1720 1725 1761 1787 1804 1827 1851 1869 1880 1917 1922 1935 1958
48 1017 1786 1817
70 342 508 556 624 994 1742
108 682 862 919 1246 1766
133
161 75 860 1393
258 633 844
294 706 807 1241 1942
384 145 1770 1923
401
666 1011
697 107
723 829 906 1150 1785
768 1275 1739
820 410
919 1114
1038 1121
1070
1162
1261 602
1347 330
1362
1389
1468 181
1714
1775
1795 251
1819 1089
1905 1315
15 58 95 373 445 987 1509 1933 1962
22 264 529 551 1109 1148 1537 1636 1757 1777 1826 1854 1950
32 73 82 86 131 206 236 380 670 794 992 1110
40 754 1590 1937
93 418 516 705 1326
107 1018 1242
137
165 334 585 632 678 709 825 1071 1263 1291 1357 1559 1954
170 277 739 1350 1589
195 176 238 602
209 224 388 564 638 702 979 1440 1924
383
394 670 1036
528 336 1749
545 408
751
777
832
840 1517
869
880
1016 1005 1049
1061 467
1107 47
1113 1158 1523
1116 472
1178 1645 1936
1242
1302 455
1344 339 1498
1441 306
1545 1396
1586 1326
1665 455
1702
1748
1804
1945
1964 861
47 92 105 244 246 441 729 951 1050 1458 1690 1718
100
157 535 811
162 104 488 496 546 872 1074 1319 1967
189 139
265 371 387 406 442 689 818 1496 1590 1830
271
284 359 386 487 738 842 1931 1987
296
336 92 1397
424 81 1981
434 1274 1543 1678
472 797 1202
478 176 520 1604 1862
498 1388 1762 1894
502
579 199 712
593 1257
601 244 715 970
620
655 58 920
704 1169 1191 1224 1273
769
804 648
900 843
905 1023 1898
1045 1108
1059
1072 227
1088 62 1115 1257
1105 483 1321
1115
1143
1194
1273 1542 1693
1310
1311
1326 1746
1330 605
1353
1396 1672
1428
1492 518
1579 1046
1674 1809
1698
1834 732
1838
1895
1961
1995
215 306 1910
45 1922
49 57 65 225 924 1076 1292 1457 1558 1833 1997
56 627 1067 1217 1462
66
78 243 623
81 117 244 644 913 1006 1086 1266 1327 1351 1440 1466 1574 1912
105 120 548 625 1062 1109 1181 1187 1245 1284 1321 1327
116 192 483 1010 1568
124 1203
149 187 730 812
160 1269
175 62 377 571 582 733 1040 1132 1268 1490 1796
221 76
231
234 1406
273 58
279
295
301
324 701 1079
330
344
353
359 1887
388
405
410
411
413 481 731 867 1750 1760 1791
442
481
483 1541 1647
495
496 1789
500 1420
505 1478
508 739 829 1241
509
518 492 770 776 927 1500
519 492 648 662 700 717 888 1464 1687
568 1136
573 1976
580 801 940 1560
597 357
598 711 799
618 408 1139
647 1266 1577
661 134
665 58 1861 1883
671 76 818 1069 1378 1474 1993
681 429 841 1108 1230 1494
682
735
752 277 929 1122
781 58
800 427
806 429 1198
811
822 248
823 1434
835 719
844
849
893 379
907
924
988 192
989 290
997
1018 1673 1694 1787
1021 1275 1873
1027 759
1037 201
1058
1062
1128
1161 903 1855
1171 913
1190 132
1263
1301 217
1303
1318
1350
1359
1388
1395 1651
1403 110
1427
1434
1464
1493 206
1509
1515
1526 58
1536
1577
1589
1593 144
1607 117
1651
1678
1686 1179
1709
1720
1723 62
1745
1772 238
1786
1812 1627 1869
1818 644
1833
1849 734
1876 975
1877
1897
1902
1903 1712
1908
1940 54
1941
1987
62 103 110 145 226 361 749 833 906 941 968 1120 1254 1294 1469 1594 1640 1677 1854
605 463 690
1147 1810 1974
58 84 117 166 176 201 223 304 449 453 527 649 967 984 1031 1034 1075 1077 1152 1177 1209 1287 1373 1446 1476 1486 1656 1664 1781 1845 1882
95
373 1520
445
987
1933
1962 1327
241 57 316 437 831 1264 1540
586
865
936 166
1384
1404
1926
84
181 196 288 454 525 553 569 609 614 1126 1268 1315 1360 1939 1988
237 64 1215
501 379
554 651 950 1500
861 266 1418 1800
1228 1599 1601
1334
1972 1728
82
144 572 812 843 1418 1928
155
164 123 669
315 54
499
673 705 725 1235 1529
750
851 154
1019
1050
1299 1308 1801 1853 1969
1433 993
1603 1548
1656
1750
1827
1971 1179
255 86 871 1075 1148
309 312 619 877 1336
326
391 225
436 813 1325 1733
440 485 562 719 722 728 778 848 886 901
443
510 429 527 639 732 1285
619
635 683
646 154
862
876 982 1046
903
955 1781
1056
1060 867 1346 1410
1317
1354 136
1489
1583
1675 172
1705 668
1749
1780
1821
1837
34 477
120 536 885 1079 1872
148
173 75
224 386 550 805
262 581
335 1610 1626
338
339 1340 1739
342
343 86 558 1073 1239 1387 1861
367 166
432 1473
446 591 707 927 1013 1189
458 819 1324 1560
459
465 784 948
473
491
521 117
523
536
585 691
614
632 1253
634
684
749
779 1435 1471
808
847 225 1134 1561
887 277
958
967 1004
980 73
992 1956
1040
1074
1112 910
1121
1125
1165 993 1363 1508
1207 734
1226 1929
1258 935
1292
1322
1348 1372 1976
1379
1380
1385 734
1392
1409
1410
1449
1463
1524
1552
1572
1587
1612 75
1620 1814
1625 1948
1645
1662 117
1725
1761
1787
1851
1869
1880
1917 1429
1922
1935
1958 839
204
631 192
1043 801
1096 1300
1211 308
1219 1336
1601
1668
1794
264 667 871 1094 1095
529
551 954 960 1103 1130 1150 1879 1939 1944 1954
1109
1148
1537
1636 622
1757 378
1777 1484
1826 578
1854
1950
54 1051 1306 1475
68
507 756 1271 1621 1947
561 374 1106 1743
583 656
736 633 825
810
897
1035 594
1141 1225
1297 578
1349
1372 1881
1568 1853
1570 357 1982
1697 1366 1990
1823 145 1931
1840 1595
1930
134
138 246 623 639 815 1025 1158 1202 1341
139 746 935
150 140 1475
202 758 857
239 577 741 786 952 1534 1813
286
290 244 772 1205
319
441
455 146 484 726 802 1231
538 226
609 1006 1174 1885
740 176 1936 1981
784
786
826 1216
1759
1788
1805
1842 76
1868
206 712 1008
767
63 297 506 771
76 163 515 741 799 1077 1168 1365
92 145 158 297 674 730 738 944 1368 1494 1659 1852
110 407 1102 1126 1314 1696
236 562 698 805 1364 1695
352 803 1754
449
616 1293
622 1574
690 1098 1259 1439 1547
859 86
1000 1252
1142 1667
1450 572 1487 1728
1647
1760
104 87 828
130 287 589
225
357 229 641 1484
719
754
791
1029
1102
1602 778
1695
1708 87
1792 1313
227 199 228 469 657 715 729 792 1471
417 146
566 117
642
1220
1247 679
1259
1386 1559
1438 818
1699
64 192 1136
86 407 1140 1594
147 314 316 488 565 570 656 667 760 1264 1356 1413 1700
187 852 1768
371
420 1773
512
722 1677 1883
1046 1447
1199
1283
1308
1461
1485
1513 679
1676
1793 1803
1810
57 674 867 1177 1187
75 201 288 332 608 664 766 908 913 1085 1332 1510 1539 1543 1588 1640 1889
87 427 569 1269 1490 1717
163 931
242 895
248 314 1724 1743
299 199
378 398 431 594 743 892 930 1094 1529 1918 1938
399
468 450
487 1209
490
532 894
539 131 1154
613 314
731
827 145
866 146
902
965 379
1025
1090
1133
1153
1265 698 1325
1300
1366
1496
1533 1473
1554 431
1729
1764
1801
1855
132 471 1798
166 1255 1924
238
312 974
474
703
909 863
1166
1267 780
1391
1949 1613
73 612 1057 1284 1766 1881
131
380 1685
670
794
1110 1911
136
154 406 477 1135 1290
188
460
627
637 297
954
1144
1717
1955
1982
1996 612
477 1285 1858
252 244 1123
340
350
372
858
963
1215 1271 1643
1245
1576
1742
398
935
1528
65
123 169 506 1639
140 644 650 886 930 1195 1237 1270 1532 1754
172
261 201 1179 1522 1670
322 1132
333 288 437 716 718 1580 1980
427 1893
591 1452
617
624
701
706
745 1026
932 1744 1871
945
1007
1026 1295
1101
1139
1333
1408 176
1442
1474
1654
1671
1707 1150
1803
1824 229
1825 660
1887
1910
1957 702
1959
146 254 463 860 1229 1270 1356 1561
503
354
998 662
1767
1864
1590
1937 1063
520
758
1089 652 1191 1975
1314
1740 562
223 663 951
254
308 117
556 1004
664
679
726
819
872
921
942
1030 711
1095
1164 830 1246 1974
1306
1315 1370
1444
1728
1870
466
582
1195 1217
1309
1345
1501
1516
1741
1998
158 564 1278 1657
360 983 1087
467 996
608
611
612 824 1287 1633 1879
683
1510
1531
244 584
246 1466 1637
729
951 1942
1458 1558
1690 1685
1718 1288
1017 867
1817
1076 450 1483
1457
1558
1997 1948
571 1682 1900
843
881 506
895 1231
926
1467 1919
1753
1885
304 546
355 368 606
602 1365 1374
641
877 1952
940 1320 1520
1001
1063 1319 1875
1181 1419 1473 1548
911
1413
1626
274
553
763
1498
1672
1051
1475
374 660
1295
1782
1067 471 1811
1217
1462
674
867 1174 1541 1575
1177 1416
1187
117 1039
176 530 610 669 953 1341 1416 1439 1591 1592
201
453 311
527 652 692 1756
649
984
1031
1034 429
1075
1077
1152
1209
1287
1373 565
1446 975
1476 1312
1486 361
1664 774
1781
1845
1882
558
689
771 979 1844
1367 633
1667
169 1670
210 629
243
408 1151
462 654
470
517 884
652 1746 1747
654 1363
857 1291
894
946 488
1013
1069
1082 732
1135
1357
1454 774
1483 1693
1770
1778
1839 287
1844
1893
1946 1635
103
145 492 884 910 1183 1488 1649 1809 1900
226 1477 1920
361
833 311
906
941 1205
968
1120 702
1254
1294 896 1546
1469 757
1594
1640
1677
297 332 633 716 925 939
506 974 1564
192 525 638 1138
1136
994
672 334
711 1218 1649
734 572 1609 1737 1738 1994
792
1084
1969
1289 948
1057
1284
1766
1881
193
387 830
1163
288
332
766
908 334
913 1086 1189
1085
1332 1342
1539 1431
1543
1588
1889
515
741
799 1595
1168
1365
217 850 933
232 534
266 660
334 1948
422
807 1360
960
1005
1212
1290
1293
1517
1790
1904 1313
623 1429
828
1154
644 920
1006
1086
1266 1551 1716
1327 1507
1351
1440
1466
1574
1912 277
277 976 1956
379 1652
469
733
978
1316
1499 678
1907
1862
407 693 1609
1140 1617 1635
569
1269
1490
513
1421 692
1508
1657
1666 774
311 229 486
578 700 1364 1951
1146 382
1829
1898
730 1106
738
944
1368 1978
1494
1659 1611
1852
418
516 1553
705
328 1192
534 1495 1800
801 1198
813
1419
1736
1872
1014
429 1751 1762
1456
1627 850
1989
803
1071
1420
1886 702
228
251 199 486
550 657 1555 1622 1811
610
650
680
830
901
1011 1722
1123
1251
1324 1411
548 314
625
1321
1562 930
1246 1426
1126
1696
229 852 853 962 1080 1130 1484 1914
721 929 1988
1049
1304 1174
1436
780 717
759 838
952
1010
1039
1617
1927 1929
885 314
1079
691
1179 1335 1575
196
306
476
492 668 1023
567 368
628 463
841
896 717 1394
1253
1752 584
1639
1203
1980
850 1867 1873
882
577
1548
1914 1952
287 725 821 957 1313 1407 1841
589 584
471 314 842
1798
639
815
1158
1202
1341 1919
746 1305
886
930
1237 743 1791
1270
1532
1754
1611
1731 824
1894
199 699 1180 1843
572 570 1557
812 1967
1418
1928 1407
884
910 774
1183 656
1488
1649
1809
1900
463 1255
860
1229
1356
1561
314 743 757 1374
316 863 957 1329
488
565 1507
570 1230
656
667
760 728 1028 1521
1264
1700
1122
1598
1751
406
1564 1867
535
564
1278
839
1411
1644
1393
546
1319
1967
931 1990
669
678 991
709 776 922
825
1291
1559
1954
1255
1924
1218
1546
1670
739 1722
848
993 692
1567 648
1960
853 982
1305
1896
377
1132 1422
1268
1796
530
953
1416
1439 1613
1591 1814
1592
1173 660
1431 1871
1685
454
525
1360
1939
1988
1445
1985
824 892 933 1426
890
1610
852
1768
1846
638
1138 1682
485
594
658 699
1080
668 702
1239 1769
699
1180
1843
1003
1098
712
1008 875
1435
1459
702
979
629
382 983 1455
996
1830
831 1585
933
1712
533 797 1235 1370 1522 1599
692
718
970
1236 1730
1361
1481 1858
1504
1553
1841
1978
663
386
805
1477
1920
657
715
1471
962
1130
1484
772
1394
1551
1406
707
756
1525
1973
562 802
698 875
1364
1534
1813 1785
1523
437 875 1422 1888
1540
584
1637 776
888 1323
1580
1724
1743
486
939
1036
1947
871 1901
633 878
1429 1808
1522
581
1994
1094
818
660
1401
1547
484
1822
693 973 1730
1573
975 950
976 821
1956
651
948
1835 1387
1938
842
1931
725
821
957 1149
1313
1407
1205
1216
1241
1942
716 1776
925 1565 1694
1784
1378
1028 1487 1687
1312
1863
757 863
1604
1336
368 774 1595 1597
974
743
1374
863
1329 892
1733 1866
1692 1643
1192
662
1948
1397
883
1047
1340
1739
431 916
606
1447
1073
1387
1861
1323
1542
991
983
1087
782
774 770
1595
1597
1520
1744
892 1918 1944
1529
1918
1652
1455
1923
450
838
1609 1635
1151
1791
1773
1981
1272
1762
916
1473 1808
1274
1149
1325
875 1875
1422
1888
1320
728
778 1943
927
1189
802
1231
1560
732
1134
1585
797
1285
1858
973
1541
1023
1789
1716
1785
1478
1271
1621
829
770
1342
1737
1169
1557
776
1500
648 717
700
717
1687
1624
1224
1756
1565
1235
1370
1599
1495
1800
1555
1622 1452
1811
1103
1150
1879
1944
950
1004
878
1106
1507
1230
1682
1976
1951
1452
1257
1174
1633
1774
1747
920
1746
1363
1883
1993
1108
1730
1191
922
1776
929
1288
1738
1984
1722
1936
1521
1225
1252
1275
1943
1114
1198
1673
1426
1867
1873
982
1575
1901
1875
1952
1694
1990
1871
1346
1335
1487
1866
1975
1911
1991
1635
1974
1643
1929
1769
1693
1701
1853
1919
1808
1613
1814
