0 32 33 256 632 762 765 813 891 946 1014 1253 1340 1386 1471
32 362 386 389 507 682 750 916 970 995 1030
33 8 13 40 335 380 494 499 519 729 995 1101 1106 1346 1457 1467 1472
256 257 269 297 372 860 1060 1065 1182 1386 1455
632 241 243 341 471 800 802 866 879 899 903 985 1400 1414
762 540 1275 1465
765 153 262 275 394 564 895 1049 1056 1192 1290
813 87 94 681 876 921 977 998 1153 1287 1461
891 245 258 337 476 746 771 809 941 1033
946 130 295 461 475 505 535 536 581 886 1117 1386 1407 1437
1014 126 270 396 408 583 776 1156 1357 1426
1253 53 436 466 602 603 717 718 739 857 981 1006 1140 1314 1403
1340 102 554 634 799 907 1019 1229 1337 1477 1483
1386 13 137 313 339 431 533 705 869 943 1041 1214 1247 1289 1349 1397
1471 124 158 328 533 567 581 623 681 889 1039 1490
1 350 437 445 594 610 648 670 672 784 865 885 1021 1068 1154 1275 1455 1472
350 68 172 415 776 826 1030 1125 1138 1413 1433
437 12 70 884 930 1024 1239 1251 1372 1385
445 36 168 188 192 234 291 301 824 883 909 1180 1317 1416 1449
594 180 299 362 511 723 747 763 927 990 1013 1193 1358
610 351 432 479 524 703 811 812 1132 1137 1190 1348 1362
648 23 480 532 569 605 701 710 835 1086 1222 1361 1466
670 17 113 206 228 297 299 473 630 649 684 688 759 772 824 1001 1003 1045 1052 1069 1096
672 189 675 927 1038 1069 1166 1171 1227 1453 1476 1477
784 53 140 170 206 692 700 804 805 810 913 929 969 1006 1031 1318 1348
865 145 185 209 746 756 895 978 1108 1148 1476
885 281 300 366 820 864 914 1099 1168 1299 1356
1021 499 599 695 857 921 995 997 1119 1303 1328 1335 1389
1068 22 204 288 444 489 775 934 994 1194 1271 1438 1465 1495
1154 131 196 218 358 482 985 1089 1194 1279 1376
1275 402 489 924 940 979 1140 1388 1397
1455 93 203 213 216 306 313 380 478 631 854 1172 1420
1472 213 287 617 695 844 1001 1044 1165 1279 1299 1415
2 90 174 221 436 487 636 713 722 1204 1311 1453
90 133 153 196 223 447 525 878 1187 1198 1232 1265 1282 1450
174 38 377 473 729 753 769 804 955 986 1084 1087 1100 1176 1255 1300 1454
221 30 430 471 541 800 904 1033 1112 1128 1137 1159 1205 1225
436 520 524 654 730 836 1005 1147 1176 1237 1298 1415
487 36 46 65 85 119 156 262 324 440 477 863 902 1009 1105 1233 1256 1459
636 75 197 638 704 828 860 1134 1194 1222 1375
713 106 218 301 490 540 569 723 791 916 1127 1146 1251 1362
722 101 364 557 582 595 846 1168 1348 1474
1204 42 264 357 662 805 809 989 1100 1226 1262 1266 1364
1311 191 234 291 385 474 507 514 778 846 1247 1411 1422 1456 1495 1496
1453 27 51 272 295 326 340 438 485 491 493 562 647 726 736 811 877 928 948 980 1153 1174 1186 1433
3 22 208 370 376 503 519 559 565 726 772 1010 1208 1270 1366 1388 1493
22 318 339 371 404 439 522 565 808 823 1367 1493
208 163 333 337 345 373 538 607 621 957 1147 1149 1166 1198 1443
370 99 116 332 488 563 642 841 1024 1049 1101 1124 1142 1214 1445
376 4 80 258 524 531 852 1058 1160 1199 1323
503 14 129 133 181 378 538 567 996 1043 1146 1238 1355 1412
519 58 70 506 530 927 956 958 978 1107 1294 1307 1418
559 94 261 345 413 551 931 962 978 1249 1399 1406
565 119 195 415 808 876 898 947 1081 1367
726 29 48 402 494 600 677 864 888 919 949 954 962 1193 1293 1408
772 119 193 206 500 750 754 812 859 938
1010 131 169 173 177 347 446 770 819 845 852 941 983 1109 1158 1205 1367 1427 1435 1469
1208 177 432 475 525 1032 1143 1414 1498
1270 132 156 273 305 450 454 574 805 809 812 1038 1280 1404 1484
1366 12 51 167 361 484 655 671 711 770 775 1005 1134
1388 68 87 110 414 447 501 510 918 974 1077 1233 1322 1375
1493 7 176 203 363 517 576 735 979 1023 1053 1170
4 240 420 426 463 635 882 970 1024 1393 1447 1477 1497
240 146 218 248 294 557 605 642 1145
420 166 171 373 408 425 446 626 662 677 898 914 940 1206
426 199 216 367 409 682 821 826 913 1062
463 15 292 331 452 500 634 710 797 1016 1028 1159 1164 1322 1328 1372 1488
635 92 107 196 342 378 546 647 668 678 690 710 954 1074 1260 1327 1397
882 219 429 601 709 725 775 1018 1058 1200 1255 1306
970 316 387 931 1001
1024 24 28 471 557 678 744 861 976 1201 1332
1393 81 117 122 680 1141 1222 1280 1328
1447 126 493 715 785 862 896 900 995 1396
1477 60 209 438 477 633 658 701 852 1000 1015 1096 1344 1391 1475
1497 165 525 546 719 828 898 1040 1124 1305 1427
5 548 557 830 945 990 994 1072 1091 1174 1370 1379
548 461 703 966 1070 1207 1245 1268 1322 1430
557 219 446 696 740 1327
830 43 166 314 512 704 712 773 788 804 823 843 916 972 1080 1180 1231 1254 1320 1436
945 168 173 196 263 412 492 553 560 593 684 968 998 1338 1350 1429
990 315 321 334 510 536 662 821 822 933 955 1435
994 235 403 518 597 710 827 866 902 1080 1137 1198 1201 1354 1424 1492
1072 15 103 160 180 318 323 506 521 585 694 697 700 1198 1235 1240
1091 64 73 554 680 831 847 848 904 1249 1281 1442
1174 83 118 277 295 314 364 366 725 741 1046 1367 1479
1370 29 68 188 230 430 441 558 563 810 1156 1231 1241
1379 217 278 319 404 414 461 714 1018 1171 1196 1321 1337 1338 1420
6 468 535 716 819 1008 1066 1116 1198 1221 1345 1391
468 19 54 130 258 329 595 825 841 913 1017 1293 1352 1414
535 228 279 314 319 333 343 457 589 627 667 822 1004 1035 1196 1409
716 49 215 364 1225
819 82 133 178 391 616 725 1033 1281 1335
1008 161 179 183 314 322 388 840 853 1292 1395
1066 21 318 338 386 405 667 707 778 836 868 959 1101 1141 1305 1327 1355
1116 92 229 499 641 755 810 1035 1428 1440
1198 362 699 730 852 1095 1125 1175 1238 1309
1221 215 628 678 686 927 1085 1113 1240 1294 1400 1443 1474
1345 41 63 159 210 462 525 566 588 709 1201 1229
1391 30 59 262 379 421 488 764 825 961 988 1129 1273 1310 1445
7 38 96 154 167 212 232 337 357 469 578 820 983 1087 1139 1184 1212
38 14 91 144 168 261 543 612 890 982 1045 1225 1315 1325
96 78 502 640 698 1000 1314
154 74 158 508 1130
167 160 231 386 391 511 512 846 1000 1045 1123 1142 1450 1469
212 229 318 399 545 584 665 698 725 781 804 815 842 1070 1411
232 151 191 372 517 628 714 746 841 888 1404 1407
337 171 184 273 289 295 304 552 696 904 940 1121 1324
357 68 252 268 324 392 401 577 627 935 998 1126 1437
469 228 407 507 578 649 732 776 777 894 900 1011 1067 1107
578 80 180 218 283 377 419 526 573 998 1185
820 347 510 625 719 874 964 1077 1111 1423
983 36 351 352 779 1158 1231
1087 52 155 351 622 641 650 687 766 934 1035 1064 1076
1139 299 605 625 1197
1184 121 369 431 440 493 777 944 999 1002 1296 1483
1212 52 296 913 1019 1155 1245 1410
8 677 769 864 1043 1182 1459
677 494 553 651 924 1057 1286
769 267 651 782 801 809 848 861 886 1095 1151 1180 1217 1272 1363
864 136 395 412 494 734 1043 1109 1490
1043 37 102 185 356 395 526 530 622 796 1019 1023 1029 1263 1269 1390
1182 247 257 347 606 639 698 758 809 1038 1070 1173 1256 1264 1359 1432
1459 228 236 321 684 806 811 947 965
9 258 269 360 949 1023 1300 1378 1434
258 131 141 322 425 562 628 693 851 969 1039 1084 1142 1449
269 18 124 149 176 363 656 806 1012 1331 1369 1496
360 35 128 534 572 621 767
949 10 19 279 530 613 622 642 791 902 938 1000 1157 1237 1288 1480 1481
1023 44 279 290 785 908 1167 1245
1300 124 314 440 477 680 712 736 785 823 1036 1099 1117 1150 1237 1332 1382 1461
1378 85 316 450 836 981 986 1106 1167 1329 1492
1434 95 231 338 707 855 985 1352 1494
10 68 273 413 440 634 693 868 925 940 954 1157 1348
68 104 145 571 673 678 779 826 1307
273 403 506 654 738 903 927 1211 1289 1376
413 143 184 324 516 1011 1041 1172 1490 1494
440 183 250 263 381 425 429 465 517 592 598 756 766 944 1032 1145 1151 1160 1341 1422 1439
634 27 524 851 1177 1276 1304 1371 1377
693 44 151 159 243 260 268 306 741 857 1029 1373
868 114 142 237 526 564 568 905 966 1151
925 178 186 391 433 479 505 642 821 953 969 1069 1112 1219 1222 1397
940 397 421 444 560 582 595 605 816 1038 1049 1083 1120 1420 1462
954 86 368 512 848 926 1070 1121 1124 1163 1387
1157 29 180 477 593 617 681 901 948 1368
1348 349 646 739 758 1468 1479
11 153 294 401 526 967 997 1006 1186 1432
153 60 103 614 1084 1147
294 70 106 518 554 603 703 876 908 1015 1481
401 91 206 215 424 457 462 476 666 886 931 941 1078 1258 1262 1376 1416
526 36 365 840 906 1162
967 223 243 549 687 826 920 1053 1259 1303 1403 1408 1465 1487
997 147 402 500 863 1001 1136 1160 1284 1381 1411
1006 109 155 177 377 788 822 850 951 992 998
1186 27 77 193 287 510 514 540 933 1117 1314 1326 1442
1432 168 520 631 930 1179 1234 1333 1335 1462
12 276 366 529 598 860 1178 1209 1424
276 150 371 723 878 921 1001 1062 1135 1213
366 213 303 394 479 585 625 631 790 959 1192 1205 1313 1314 1344
529 108 195 458 658 684 715 860 921 1015 1161 1197 1425 1451
598 83 247 254 336 381 553 662 699 746 1160
860 159 209 536 640 780 786 1115 1168
1178 34 254 552 736 836 1078 1236 1353 1435
1209 46 189 318 325 851 1356
1424 82 103 220 297 331 497 534 664 896 987 1044 1149 1195 1425 1428 1444
13 185 355 371 555 694 746 829 999
185 53 345 346 365 381 741 787 807 1230 1254 1280
355 48 74 271 285 314 683 758 778 837 900 916 1124 1169 1283 1328 1381
371 217 260 431 462 482 714 781 857 976 1214 1233 1259 1441
555 27 66 342 533 822 928 1012 1254 1278 1287 1396
694 149 192 202 262 446 543 639 858 1003 1025 1488
746 26 72 205 326 579 657 738 1479 1488
829 21 386 441 639 778 958 1173
999 63 328 399 479 580 695 724 773 957 961 1033 1167 1317 1407 1437
14 103 137 193 342 374 611 859 1374 1401 1436 1442 1444 1487
103 69 78 80 156 425 491 596 659 767 1183 1207 1266 1438 1460 1473
137 181 338 390 869 907 1177 1188 1210 1304 1441
193 101 161 536 637 669 831 961 1064 1135 1222 1272 1352
342 119 139 157 189 425 482 483 496 603 1016 1051 1335 1406
374 145 264 351 372 660 739 1018 1134 1163 1271 1326 1349 1486
611 88 182 305 416 484 741 742 786 1125 1319
859 271 495 524 618 719 1094 1117 1324 1443 1483
1374 43 59 117 230 274 314 378 393 452 701 780 793 942 1048 1089 1164 1408
1401 83 159 192 396 561 576 645 712 1271 1421 1468
1436 352 390 474 737 767 779 1261 1390 1426
1442 136 567 613 982 1172 1375
1444 236 306 513 546 561 736 751 898 1005 1394
1487 128 343 488 734 957 1104 1167 1346 1403 1485
15 150 284 358 382 749 782 854 1124 1384 1457
150 178 179 380 497 539 617 618 700 718 810 875 935 1119 1202 1301 1352 1452
284 335 340 504 606 659 689 796 872 917 935 1051 1224 1394 1406
358 187 248 299 512 791 822 922 988 1108 1343
382 760 839 906 1319 1352 1440 1478 1496
749 224 491 644 690 696 777 922 1058 1097 1199 1294 1337 1486
782 41 230 520 738 766 1100 1207 1216 1249 1315
854 576 731 1103 1268 1392
1124 75 155 158 388 406 439 770 802 926 1028 1070
1384 102 224 278 787 831 832 1064 1173 1224 1276 1344 1408 1433
1457 101 128 461 627 755 947 1215 1266 1352 1414 1461
16 178 252 261 331 422 471 627 637 656 812 898 1055 1185
178 95 554 599 851 962 984 1296 1314
252 249 501 564 736 843 1051 1385 1417
261 186 254 430 531 898 911 985 1083 1460
331 299 307 460 761 902 1081 1143 1234 1243 1301 1337
422 56 118 271 363 443 660 1355
471 28 481 531 744 879 973 978 1067 1320 1331 1429
627 144 263 418 577 1044 1070 1315 1322
637 439 696 786 789 934 960 1017 1047 1075 1094 1118 1485
656 44 462 580 647
812 79 313 448 499 682 910
898 257 425 871 1075 1172 1258 1292 1405
1055 255 481 1034 1073 1130 1236 1262 1290 1399 1496
1185 324 387 488 811 883 890 969 1086 1246 1390 1485
17 421 427 442 492 697 815 903 1038 1397 1412 1440
421 316 626 715 786 935 996 1143 1290 1341 1375
427 233 359 402 438 444 551 624 932
442 546 561 586 617 870 995 1098 1149
492 94 98 237 696 775 948 1079 1164 1220 1473
697 169 196 287 363 393 450 499 574 675 731 744 804
815 169 332 393 737 842 1027 1090 1450
903 86 184 629 649 671 793 930 966 976 1141 1214 1250 1357 1372 1387 1439
1038 180 235 289 291 414 419 686 1096 1104 1296
1397 147 239 406 419 538 1036 1070 1120 1219 1328 1486 1489
1412 172 236 464 481 705 989 1169 1359 1411
1440 207 317 338 409 1337
18 158 268 439 586 665 755 787 880 1004 1105 1268
158 132 322 425 435 613 804 833 883 962 1336 1485
268 70 192 410 547 858 1309 1313 1463
439 225 465 533 588 1004 1107 1172 1201 1255 1308 1352 1371 1448
586 209 425 534 725 1047 1336 1431
665 78 97 126 127 490 511 515 788 837 874 875 913 961 973 989 1073 1085 1290 1301 1330 1343 1468
755 157 159 402 721 734 971 1016 1060
787 29 83 105 299 305 406 479 698 831 1321
880 29 189 277 280 618 1395
1004 110 144 338 384 760 884 1179 1249
1105 117 270 275 394 464 1268 1302
1268 182 235 287 540 691 770 904 980 1390 1486
19 706 750 761 1093 1197 1358
706 536 643 687 768 770 936 1298 1438
750 122 255 318 575 754 869 952 1278 1306 1485 1488
761 66 195 247 687 906 1111 1231 1344 1438 1469
1093 205 324 332 352 363 381 405 477 602 745 760 927 1257 1483
1197 119 162 259 534 1096 1170 1215 1284 1286
1358 458 528 618 788 875 927 1142 1216 1481
20 74 353 608 653 673 676 758 901 1187 1351 1367 1427 1445
74 241 315 361 412 739 944 1046 1146 1298 1437
353 155 501 729 798 805 1001 1037 1060 1061 1377
608 214 539 551 675 895 914 977 1011 1119 1347
653 254 332 701 825 1172 1274 1375 1485
673 125 590 731 747 847 928 957 1342 1377
676 140 532 802 939 1100 1108 1123 1309 1482
758 112 525 870 1027 1081 1284 1351
901 275 384 645 732 840 844 879 915 1203 1261
1187 450 458 510 520 604 629 655 781 975 1053 1396
1351 108 486 539 570 620 645 953 1027 1058 1499
1367 201 340 344 538 569 702 723 873 980 1245 1305 1439 1450 1486
1427 292 599 803 914 1109 1190 1321 1402
1445 169 399 451 496 724 777 920 1132 1167 1233 1293 1365
21 65 76 125 184 1040 1284 1320 1359 1380 1394 1409 1411
65 80 255 295 305 323 569 607 753 839 1049 1372 1480
76 37 89 515 523 525 701 798 835 887 1057 1118 1285
125 105 120 128 259 305 352 496 1118 1325 1389
184 97 250 664 686 701 814 917 922 1003 1098 1281
1040 133 302 449 605 612 1017 1164
1284 87 93 277 298 470 638 715 912 1046 1235 1305
1320 168 297 417 580 633 776 986 1134 1327 1407
1359 305 391 732 743 795 861 1042 1305 1309
1380 287 293 295 679 740 785 1020 1025 1463
1394 134 141 589 757 922 1069 1175 1225 1355 1446 1495
1409 88 139 166 745 912 1193 1262 1319 1460 1475
1411 286 508 742 861 935 966 1194
318 106 302 429 541 675 728 767 1236 1437 1495
339 227 336 349 623 715 732 962 1245 1336 1414 1492
404 399 465 668 682 702 753 833 1018 1127 1341
522 135 388 622 960 1361
808 149 272 312 425 619 644 699 889 1064 1104 1375 1396 1476
823 99 238 418 664 1201 1247 1251 1338 1405
23 26 107 283 515 550 867 1262
26 129 200 264 305 454 806 836 944 1030 1119 1305
107 192 220 223 388 576 639 1131 1173 1490
283 111 151 223 266 438 447 473 692 1180 1259 1375
515 101 131 159 681 846 866 913 1048 1107 1193 1224 1239 1326 1466
550 81 114 346 395 539 542 569 667 863 871 874 1083 1286
867 429 537 603 660 836 919 980 1371 1377 1449
1262 134 343 363 387 470 599 643 804 845 1296 1474
24 42 429 679 721 935 942 1013 1027 1319 1429
42 89 789 941 1449
429 192 267 457 527 625 846 875 1001 1134 1488
679 190 298 502 516 731 897 1189 1318
721 126 142 152 362 393 479 530 735 902 1260 1302 1496
935 28 108 241 525 630 660 902 1070 1169 1305 1420 1452
942 71 245 876 913 1092 1104 1382
1013 114 257 263 630 1063 1136 1143 1223 1382
1027 368 585 649 826 938 992 1053 1064 1099 1460
1319 205 270 298 319 736 778 1355 1396 1404
1429 213 488 564 570 603 748 766 851 933 1002 1118 1276 1287 1462
25 59 77 80 151 668 832 913 927 956 1062 1173 1355 1382 1485
59 92 282 333 518 600 658 862 1097 1112 1126 1219 1239 1277
77 219 507 520 681 1135 1242 1389 1423 1426
80 37 95 157 168 237 325 406 825 916 1147 1210 1235 1271
151 72 226 241 267 449 804 846 911 1171
668 619 907 917 941 952 1031 1083 1161 1181 1219 1278 1334
832 488 491 579 646 723 763 975 1049 1324
913 62 64 176 511 835 934 1313
927 27 142 267 424 470 717 910
956 79 115 171 207 264 606 934 941 1000 1059 1123 1155 1161 1365
1062 121 288 336 386 512 518 532 678 763 886 950 973 1045 1095 1281 1296 1302 1422 1470
1173 514 534 574 675 962 1073 1079 1202 1220 1357 1417
1355 89 307 395 403 473 849 1095 1113 1283 1431
1382 241 579 602 650 811 857 923 985 1075
1485 166 247 385 407 416 702 1372
129 130 196 332 701 723 1022 1141 1172 1252
200 140 210 545 850 863 872 1110 1119 1141 1252 1276 1281 1286
264 39 313 568 660 795 838 1045 1289
305 56 170 202 210 425 534 647 996 1092 1121 1246
454 124 204 257 473 496 615 995 1032 1222 1227 1337
806 94 132 248 282 528 554 684 767 958 1203
836 139 160 173 332 448 759 1346 1402
944 135 391 409 481 1196 1256
1030 1026 1090 1247 1405
1119 98 126 165 343 423 425 936 1163 1240 1360 1362 1446
1305 476 574 576 592 666 831 1050 1051 1246 1254 1260 1426 1488
27 774 788 1036 1149 1302 1474
774 53 131 478 516 936 1005 1484
788 415 714 896
1036 60 79 128 138 297 321 499 580 892 910 1177 1381 1399
1149 28 62 108 202 616 695 821 953 1034 1476
1302 41 86 100 225 506 1246 1299 1352 1360 1405
1474 412 424 438 582 647 874 936 1287
28 448 484 571 950
448 290 334 661 1015 1026 1073 1104 1231 1263 1354 1458
484 52 120 157 241 458 464 1277 1292 1420
571 335 373 388 441 508 667 671 1120 1122 1213 1292
950 146 307 536 626 730 768 1152 1272 1480
29 299 361 408 465 707 768 873 1193 1242 1420 1468 1496
299 224 451 680 892 918 920 1098 1220 1258 1328
361 58 198 246 324 939 1164 1289 1369 1373
408 121 218 1237 1304
465 34 113 192 466 650 834 906 1035 1164
707 101 288 545 593 596 771 1170
768 35 43 81 596 617 702 1090 1227 1463 1492
873 132 230 415 499 531 643 718 771 1065 1245
1193 372 666 786 879 961 1269 1479
1242 95 165 175 346 433 490 775 853 1416 1469 1494
1420 435 536 691 914 1060 1150 1246 1273
1468 228 385 545 683 816 964 1051 1230 1280 1314 1437
1496 63 92 418 458 851 853 1041 1088 1273 1404 1469
30 242 496 1140 1362 1450 1465
242 296 533 573 801 862 923 1140 1202 1243 1280 1410 1461
496 389 685 918 1225 1248 1372 1405
1140 98 169 206 354 502 563 714 1141 1171 1417
1362 123 233 362 489 753 759 1227 1422
1450 249 255 444 533 554 744 1047 1463
1465 41 52 388 393 419 599 643 1156 1216 1304 1418 1438
31 98 99 104 203 250 410 434 600 712 941 1063 1210
98 164 236 329 330 464 479 520 892 1100 1200 1297 1490
99 155 203 626 810 1151 1218 1478
104 86 286 302 345 450 500 533 602 663 719 894 909 947 1110 1190
203 626 729 1158 1292 1304
250 201 505 601 690 729 947 964 1092 1156 1241 1247
410 138 314 551 562 919 938 1112 1231 1243 1451
434 160 288 493 510 747 863 892 909
600 34 319 325 687 870 890 1228 1241 1498
712 39 206 681 878 1203 1254 1297
941 52 62 130 222 320 505 681 1478
1063 110 210 338 387 510 597 626 1121 1123 1200
1210 566 583 683 964 972
362 144 647 745 801 824 850 1177 1250 1325 1454 1467
386 182 329 505 511 558 681 773 1058 1237
389 236 334 474 708 710 936 1103 1145 1248 1392 1489
507 133 235 381 700 797 937 1129 1303
682 196 662 1011 1037 1248
916 139 181 520 562 599 779 957 1170 1307 1357 1414 1425
995 79 197 215 304 332 494 724 817 846 853 1106 1202 1203 1281 1326 1375 1431 1490
40 226 333 396 704 971 1029 1032 1053
335 265 341 574 605 633 796 969 1106 1165 1199 1226 1272 1293
380 127 543 821 1151
494 48 53 267 317 709 760 777 888 1044 1078 1192 1476
499 72 229 479 556 615 799 810 902 1146 1220 1407
729 169 211 483 576 1225
1101 95 304 424 485 514 715 753 760 1191 1240 1273 1316
1106 54 66 363 383 486 778 1110 1404
1346 444 1035 1089
1467 49 140 312 397 562 572 691 699 702 736 1017 1056 1389 1452
34 126 414 435 541 623 826 858 943 1108 1260
126 352 381 828 849 895 1086 1167 1200 1469
414 478 1051 1104 1402 1408
435 291 417 715 825 1035 1183 1250 1252 1286 1361 1483
541 365 506 739 794 861 920 981 988 1064 1085 1233 1377
623 44 141 732 1172
826 141 517 948 1280
858 495 498 728 736 869 958 974 985 1229 1296 1330 1343
943 78 148 309 691 1054 1079 1111 1240 1304
1108 120 191 368 783 855 1075 1291
1260 241 295 297 561 851 862
35 78 375 490 573 753 805 897 1100 1164 1269 1350 1416 1446 1470
78 485 587 711 852 878 1042 1206 1213 1266 1316
375 85 136 527 564 646 757 1035 1255
490 189 316 543 657 710 827 866
573 83 394 696 728 1135 1214 1492
753 453 577 766 871 1199
805 274 441 617 1115 1165 1410
897 106 138 267 354 780 833 909 912 965 1246 1435
1100 91 803 978 1159
1164 171 349 394 395 601 767 1033 1491
1269 95 222 537 551 629 791 811 1073
1350 188 597 645 674 684 1065 1169 1246 1343 1481
1416 93 110 227 274 431 509 528 684 1123 1289 1481
1446 97 400 402 407 418 719 986 1022 1214 1243 1435
1470 100 511 609 678 688 689 834
36 69 209 425 625 752 833 852 920 1053 1148 1249 1431 1460
69 354 517 619 759 1165 1254 1259 1312 1314 1328
209 307 419 752 783 853 982 1247 1462 1490
425 41 377 544 643 740 841 1195
625 148 190 412 417 472 703 846 1052 1064 1095 1188 1225 1406
752 92 168 277 282 347 398 452 459 592 894 908 966 1353 1452
833 220 430 717 773 961 965 1290 1295 1405
852 64 216 396 630
920 223 617 988 1196 1336
1053 37 227 254 290 500 664 975 1065 1176
1148 88 286 365 502 681 733 1159 1298 1414
1249 131 199 340 343 384 396 742 775 798 929 1321 1326
1431 464 592 654 822 1104 1151 1224 1250
1460 152 263 458 569 981 1113 1167 1172 1218 1422
37 57 585 814 843 978 1039 1349
57 190 210 211 296 320 385 606 633 811 929 1025 1059 1102 1172 1235 1343 1498
585 146 168 202 235 266 662 855 876 1054 1133
814 395 432 433 691 725 853 888 1226 1327 1433
843 367 443 510 532 553 666 745 807 835 847 1113 1189
978 270 287 671 1082
1039 72 356 443 605 790 802 803 1090 1125 1207 1360 1371
1349 118 441 459 547 607 1060
91 94 267 281 424 530 558 807 834 961 982 1266 1344
144 87 124 198 365 1059 1263 1491
168 45 316 396 605 674 963 1480
543 120 181 845 992 1449 1494
612 53 509 558 614 991 1016 1176
890 48 88 92 451 498 777
982 64 234 486 879 960 1112 1127 1225
1045 56 211 475 629 689 719 853 962 1025 1088 1126 1217 1419
1225 215 406 800 929 1017 1089 1390
1315 110 124 245 646 939 1277
1325 169 316 409 562 699 887 959 1052 1219 1461
39 120 363 1035
120 192 236 431 698 975 1075 1085 1115
363 66 323 367 482 633 874 948 964 1417
1035 259 447 513 517 599 683 733 951 974 1002 1142 1331 1402 1433 1466
226 110 149 289 504 759 881 1005 1046 1069 1390 1433 1463 1476
333 63 81 105 194 251 459 514 583 760 844 876 1298 1363
396 106 215 597 661 1025 1214 1428 1437 1482
704 106 123 188 216 253 397 731 781 894 933 974 1113 1291 1491
971 182 263 340 430
1029 205 214 301 456 870 1054 1088 1286 1322 1369
1032 181 222 251 280 417 488 539 877 984 1461
41 237 518 622 624 822 1017 1489
237 50 356 572 626 690 816 850 1364
518 224 298 323 691 710
622 540 1005 1075 1313
624 156 194 210 349 405 416 1126 1236 1296 1327 1400
822 351 491 851 907 915 986 1005 1122 1132 1271 1341 1344 1365
1017 131 149 265 302 451 481 538 800 1272 1321
1489 95 249 394 398 458 524 727 740 1089 1437
89 554 663 767 779 807 1152 1339 1423 1466
789 288 403 911
1449 87 155 182 233 236 255 303 449 497 500 629 1052 1092 1114 1343 1428
43 47 56 122 373 516 527 618 705 821 1003 1052 1199 1316 1365 1396 1462
47 84 228 489 602 630 699 799 939 972 998
56 123 181 182 265 588 633 966
122 265 352 560 667 1033 1131 1190
373 114 540 736 929 958 1000 1033 1046 1214 1248 1356 1392
516 86 259 607 989 1159 1293
527 111 119 225 477
618 70 73 235 530 615 649 922 1099 1111 1410
705 81 118 365 588 1334 1435
821 46 141 162 198 403 417 736 1049 1060 1171 1389 1488
1003 139 236 303 424 483 531 552 701 871 1078 1407
1052 62 298 462 514 678 725 1337 1494
1199 83 109 229 259 345 453 630 724 773 831 1152 1257 1290 1462
1316 73 405 409 475 497 501 567 614 675 771 1047 1333 1371 1400
1365 287 457 688 818 828 861 1144
1396 277 279 457 574 652 797 844
1462 211 322 447 534 711 869 917 1480
44 102 780 863 1075 1246 1413
102 588 660 1047 1049 1371
780 191 383 495 631 651 703 757 831 1196 1361
863 235 510
1075 319 379 742 857 1202 1479
1246 53 281 530 551 838 869 902 939 974 1385
1413 160 647 725 923 1090 1211
45 118 984 1134 1142
118 110 368 467 1084 1092 1150 1417
984 235 243 307 399 449 473 1128 1281 1332 1399
1134 271 607 710 837 922 1220 1317 1324
1142 138 230 327 365 657 1019 1159 1255
46 446 589 686 911 1257 1274 1278 1438 1494
446 87 159 348 387 466 517 825 963 1088 1264 1281 1478
589 135 148 228 689 960 1120
686 227 233 438 491 597 715 771 1026 1143 1291
911 304 320 770 966 976 1051 1118 1486
1257 263 290 450 962 1065
1274 100 101 381 388 528 553 1042 1156 1323 1387 1439
1278 244 606 669 919
1438 105 842 887 888
1494 116 175 271 302 690 870 1490
84 192 372 438 688
228 160 190 310 930 1056
489 163 205 466 475 751 857 969 1125 1283
602 558 567 577 735 804 874 928 953 1169 1342 1461 1498
630 48 314 406 711 732 987 1482
699 115 296 691 695 1026 1095 1168 1201 1287 1293 1317
799 201 493 563 675 1001 1012 1276 1463 1498
939 173 204 216 501 744 760 968 1244
972 162 248 601 773 776 1020 1128
998 195 199 271 351 372 509 783 888 1042 1104 1244 1271 1280 1377 1408
48 315 407 514 591 733 801 831 988 1085 1297
315 117 338 346 1290
407 277 346 475 818 1011 1480
514 345 400 644 662 663 680 757 987 1430
591 131 412 1201 1222 1288 1330 1464
733 111 266 351 534 687 842 1464
801 233 336 372 390 588 638 658 696 824 856 875 1405
831 314 384 1183 1256 1430
988 416 455 965 1011 1042
1085 134 345 372 444 485 504 710 870 1286 1441
1297 671 1168 1189 1196 1266
49 227 238 255 326 979 993 1048
227 293 580 1086 1183 1292
238 336 909 1126 1282
255 127 128 239 248 368 737 1227 1310
326 136 304 725 899 1381
979 279 455 743
993 60 117 138 262 322 790 895 973 1077 1097 1160 1216 1466
1048 88 975 1129 1282 1342
50 92 220 239 1086 1088 1336 1484
92 202 402 493 647 724 1037 1076 1152 1171 1192 1389
220 173 528 792 1277 1324
239 94 134 347 418 432 485 642 1092 1114
1086 307 617 658 659 759 907 1041 1235
1088 260 387 506 537 958 1151 1283 1361 1373 1405 1473
1336 100 171 479 524 546 719 955 1007 1290 1463
1484 87 143 170 351 399 615 658 845 896 1152 1237
51 138 263 475 659 725 747 800 919 1060 1111 1160 1206 1313
138 1067 1112 1190 1478
263 131 219 271 378 747 1215 1322
475 1176
659 97 179 197 345 457 1070 1165 1250 1372
725 55 211 368 926 1103 1166 1192 1233 1289
747 61 112 152 312 613 692 698 1171
800 131 266 352 638 766 894 1156 1163 1309 1481
919 93 211 319 616 631 661 692 701 848 936
1060 195 311 732 737 905 1183
1111 517 621 661 922 937 1266
1160 309 576 655 661 851 1028
1206 187 378 556 887 936 1041 1057 1083 1306
1313 271 327 372 384 486 561 1239 1483
52 135 340 379 505 924 992 1273 1289 1483
135 155 584 688 776 958 1026 1191 1293
340 64 127 169 170 377 856 1344
379 493 580 1133 1310 1343 1418 1483 1491
505 217 243 329 456 647 696 962 1033 1071 1280 1406 1478
924 568 862 1059 1147 1162 1207 1478
992 309 533 902 958 1094 1207 1238
1273 110 177 545 796 1057 1135 1171 1357
1289 197 265 383 409 451 476 552 651 953 1011 1077 1084 1218 1333 1443
1483 309 640 652 910 1019 1252
53 359 651 710 910 1252
359 136 303 461 734 866 871 1258 1328
651 249 506 581 709 905 1120 1152 1342
710 85 176 186 459 528 770 1058 1228 1375
910 215 352 1041
1252 133
54 286 347 432 1147 1344
286 87 309 351 698 870 1291
347 368 828 1371
432 75 131 537 745 825 1147 1329
1147 166 767
1344 229 310 451 664 1080 1159 1422
55 95 217 968 1237
95 278 584 771 936 1329
217 225 281 304 691 883 934 1011 1263 1400
968 119 474 709 930 933 985
1237 191 399 419 690 928 1282
123 100 290 416 506 1461
181 818 1131
182 136 277 418 730 766 889 1071 1172
265 186 195 537 615 703
588 607 809 1090 1324 1363
633 480 500 554 593 680 1077 1097 1234 1292
966 67 547
190 346 508 687 1478
210 313 464 696 985 1282
211 142 287 412 579 590 776 1222
296 171 501 811 842 1065 1166 1328 1407 1499
320 130 146 1054 1250 1298 1310 1417
385 66 601 652 701 703 811 839 1074
606 67 204 501 576 776 895 902 977 1016 1215 1335
811 297 306 581 689 1028 1041 1279 1381
929 60 963 1056 1332
1025 157 176 443 615 766 1059 1327
1059 236 303 500 583 759 781 904 951 1207 1331
1102 279 291 547 560
1172 94 214 455 461 592 825 964 1152 1153 1287
1235 73 163 206 457 470 757 899 1290 1383
1343 450 643 1046 1248 1292 1303 1360
1498 70 251 336 443 732 1033 1398
58 354 473 530 662 951 1020 1402 1428
354 266 346 720 872 922 1153 1261
473 399 428 498 742 824 1254 1279 1318 1399
530 595 1357
662 330 391 551 649 883 1146 1200 1490
951 63 311 455 587 631 1218 1456
1020 207 364 568 907 926 1000 1090 1168 1177 1272 1407
1402 170 225 395 759 877 1122 1216 1356 1373
1428 539 674 866 1104 1245 1410
282 100 259 914 1146 1175 1229 1473
658 538 816 1144
862 700 1094
1097 271 560 715 1404
1112 266 528 930 1329
1126 143 332 395 629 690 719 791 906 937 1135 1176 1238 1251 1276 1389 1486
1219 72 169 341 356 934 957 1107 1326 1360
1239 368 511 709
1277 229 402 597 918 1298 1307 1341 1377 1399
60 287 561 778 1306
287 502 842 989 1137
561 328 554 580 609 639 650 745 759 842 851 1047 1435
778 62 229 520 572 660
1306 491 575 642 708 881 1000 1245 1296
61 85 243 509 701 904 1130 1255 1437 1451
85 558 660 817 851 958 1354 1466
243 152 180 222 298 456 736 1083 1285
509 214 254 280 329 568 727 857 1321 1478
701 461 534 685 1399
904 66 170 764 1290 1363 1364
1130 140 229 807 834 895 1000 1071 1452
1255 773 953 1285 1321 1415
1437 140 402 817 872 905 907 953 1128
1451 196 295 441 482 619 804 1403
62 142 274 842 847 1169 1250
142 575 700 738 770
274 146 281 955 1041
842 372 912 1033 1046 1109 1153 1220 1317 1430
847 592 781 1314 1488
1169 67 94 247 272 316 406 785 923 1414
1250 290 958 1113 1272
63 330 1373 1458
330 101 247 590 928 1089 1256 1425 1495
1373 297 317 384 388 393 785 874 1158 1189 1203
1458 202 204 251 433 456 918
64 392 511 828 848
392 130 253 344 348 394 614 760 1076 1094 1194
511 312 1406 1407
828 163 1159 1170 1308 1469
848 72 162 297 325
295 186 652 923 965 1128
323 415 416 575 652 680 734 1220 1299 1478
569 306 1095 1281 1295 1392 1406 1426
607 188 377 837 909 1407 1433
839 155 367 645 739 1285
1049 93 196 311 531 646 834 986 1115 1220 1248 1390
1372 260 687
1480 262 1166 1236 1298
66 251 604 727 766 877 987 1331
251 345 351 689 1081 1227 1327
604 67 149 639 866 895 909 1001 1016
727 654 685 804 809 1074 1135 1165
766 81 222 680 700 933 1041
877 281 324 393 477 691 841 895 964 980 1133 1179 1414
987 267 324 405 640 708 735 1176
1331 73 338 458 520 720 771 936 1028 1342 1452
67 351 482 1463
351 79 109 216 715 1281 1443
482 82 297 316 378 599 639 889 981 1089 1259 1279 1392 1404
1463 563 603 744 798 1298 1383 1464
145 101 458 486 568 683 731 732 804 845 849 991
678 438 671 1107 1181
779 502 640
1307 110 146 308 406 563 959 1398 1433
517 110 311 459 639 671 743 763 835 871 1064 1176 1423
619 106 288 1019 1047 1214 1287
759 195 398 406 423 537 853
1165 215 603 1170
1254 298 309 626 681 892 906 1033 1158 1229 1232 1285
1259 456 542 568 683 915 953 1128 1286 1288 1301
1312 188 244 423 718 838 878 996 1153 1233 1317
1314 152 173 215 306 430 433 540 642 1223
1328 100 241 415 502 558 760 844 937 1301 1329
70 477 481 807
477 169 244 674 973
481 86 101 202 383 491 560 566 739 740 785 1136 1291
807 453 470 495 576 931 1050 1490
71 108 170 406 902 1054 1107
108 172 249 383 459 850 853 981 1092 1192
170 112 146 224 478 479 817 1202 1456
406 160 229 275 447 545 609 723 776 793 803 917 953 1266 1271 1488
902 111 115 309 325 418 430 667 1476
1054 180 1310 1448
1107 267 587 837 975 1168
72 495 537 975 1488
495 309 533 1294
537 119 566 572 664 720 775 1383
975 83 430 1233
1488 521 742 953
73 207 455 574 809
207 244 460 666 684 714 888 1071
455 418 431 708 748 776 793 884 1425
574 289 711 816 1051 1080
809 166 189 415 824 1069 1098 1203
241 493 1121 1403
412 246 906 1272
739 502 861 921 1042 1190 1407
1046 582 649 709 1228 1245
1146 136 230 456 458 590 767 866 1151 1361
1298 291 336 417 500 764 986 1073
75 111 186 346 390 470 719 962 1281 1333
111 714 1168 1354
186 216 810 869 985 1011 1076 1263
346 130 324 403 690 985 986 1047
390 293 309 381 534 551 1196 1233 1385
470 329 399 639 698 917 957 1056 1399
719 119 306 324 491 531 547 845 894 1479
962 215 552 688 1084
1281 81 146 202 462 479 577 871 906 1233
1333 564 587 957 1084
523 157 428 438 688 773 861 1469
525 229 631 798 817 963 1042 1251
798 603 1222
835 133 191 364 775 1247 1261 1266 1421
887 395 576 655 773 1137 1205 1282 1371 1389 1418 1430
1057 300 452 626 879 1195 1448
1118 222 540 595 714 764 1018 1109 1123 1317 1335 1339
1285 344 736 844 878 1399 1430
219 592 728 909 1041
520 270 663 785 921 1383
681 647 872
1135 132 378 383 510 546 846 959 1005 1234
1389 383 628 960 1080 1081 1205 1309
1423 117 143 147 161 325 717 797 1203 1403
1426 889 1084
485 179 187 277 512 773 1005 1016 1037 1240 1294 1448
587 378 428 575 736 849 895 1150
711 94 444 486 1016 1228 1335
878 205 223 248 590 616 745 775 790 1127 1161 1369
1042 100 502 958 1175 1195
1213 202 216 304 776
1266 116 661 953 1015 1129 1276
79 728 794 1079 1231 1251
728 192 199 270 403 1009 1141
794 139 147 344 579 947 1168
1079 117 128 400 551 583 609 960 1176 1230 1332
1231 310 443 451 616 923 959 1248 1309
1251 216 234 795 1011 1061 1175 1222 1363 1399
157 155 234 540 616
325 245 291 566 744 909 1322 1323
825 322 447 1361 1417
1271 391 415 508 582 1080 1456
81 650 1123
650 179 204 262 417 500 546 692 841 1123 1218 1294 1418 1482
1123 179 188 194 196 328 391 597 931 1056 1324 1376
82 230 253 329 345 639 767 1136 1456
230 173 319 974
253 462 845 1153 1161 1189 1244
329 223 301 597 1011 1385 1476
345 146 1012 1041 1061 1317 1352
639 259 301 444 486 1121 1265 1287 1299
767 491 1439
1136 551
1456 169 764 849 1155
83 139 348 538 1205 1353 1368 1469
139 204 603 1009
348 215 297 343 861 896 1099 1113 1301 1324 1341 1353
538 234 271 447 1037 1156
1205 393 1143 1425 1454
1353 147 577 933 1109
1368 334 621 1326 1422
1469 387 399 581 1227 1337 1341
192 171 257 272 741 1016 1070 1248 1375
372 152 222 688 952
438 377 483 643 661 669 1226
688 93 303 453 953 1418
558 247 629 680 817
660 213 225 279 534 1143
817 247 638 744 1144 1341 1478 1495
851 141 176 317 399 460 500 866 1113 1220
958 155 288 391 510 567 1113 1127 1301
1354 734 853 1044 1233
1466 452 524 732 793 981 1019 1096 1330 1435
86 162 179 415 906 973
162 459 570 687 1265
179 464 718 838 1122 1183
415 106 187 259 552 889 896 1170 1290 1439
906 119 278 356 546 626 737 928 1056 1425
973 136 322 534 547 803 874 1125 1223
87 667 804 1016
667 109 143 175 754
804 478 965
1016 114 140 222 391 595 1304
88 597 748 781 926 1408
597 231 754 795 937 1037 1381 1395
748 1019
781 152 1074 1092 1499
926 715 1248
1408 160 671 738 1261
554 900 1327
663 461 579 669 792 909 1120 1363
1152 93 166 172 384 572 576 1120 1131 1151 1452
1339 172 289 1166 1236 1261 1492
133 1037 1191 1267 1376
196 183 409 1041
223 570 921 974 1007 1074 1226 1294 1486
447 343 1001 1012 1061 1069 1230 1404
1232 106 113 900 930 1216
1265 534 545 638 666 714 837 874 981 1103 1304
1282 486 544 646 963 1207
94 213 245 510 796 1064 1122 1369 1486
267 400 664 702 961 977 1083 1222
281 231 302 417 631 695 881 965
424 155 443 540 730 853
834 180 418 613 986 991 1223 1287
961 661 996 1425
202 114 872 1181 1443
402 165 654 850 1324
493 148 405 418 1114 1425
647 115 620 986 1256
724
1037 106 165 395 1022 1122 1177
1076 433 974 1018 1089 1201
1171 134 172 853 930 1177 1406
1192 136 206 738 818 844 861 1224
93 110 124 595 714 810 838 841 855 930 1002 1109 1288 1321 1406
110 222 599 669 969
124 443 457 1180 1286
595 194 449 488 641 1115 1133
714 599 933 1363
810 621 1080 1248 1499
838 216 334 467 497 732 872
841 257 433 785 879 1383
855 343 502 857 1012 1099 1430
930 194 245 285 531 547 566
1002 456 564 928 934 1421
1109 244 638
1288 344 703 900 1448
1321 214 313 398 641 1110
1406 915 1478
213 562 646 1128 1234 1441
245 628 991 1177 1216 1452
510 136 377 449 1229 1236 1332 1441
796 452 764 889 1292
1064 1022
1122 590 640 642 674 856 1110 1476
1369 840 899 1150 1256 1478
1486 457 551 552 581 1211
278 383 583 969 1190 1216 1334
584 163 479 483 717 743 795 1096 1240
771 289 631 1050 1081 1162 1189 1200 1215 1421 1476 1479
936 327 409 1083
1329 377 680 691 720 738 905 937 1476
502 195 270 300 642 709 1069
640 97 187 279 654 696 875 1058 1070 1155 1188
698 197 377 552 661 742 1228
1000 156 876 1127
97 275 628 1071
275 1007 1385 1473
628 423 1276
1071 214 547 816 1228 1435
164 165 301 981 1218 1222
236 293 532 542 1200 1448
464 114 234 288 312 319 488 491 775 1256 1491
479 248 629 751 1095 1399
892 1317 1357
1200 675 1033 1089 1159 1166
1490 356 462 744 790 881 1132
155 319 321 1065 1125 1128 1189 1202
626 553 638 1128 1294 1299 1461
1151 824 1083 1175
1218 114 850 923
1478 128 214 260 364 474 795 1089 1248 1399
100 116 933 991 1211
116 500 763 1031 1056 1127 1163 1357
933 134 850
991 399 491 617 631 1392
1211 605 620
101 444 453 763 797 1031 1238
444 409 472 582 703 730 845 1228
453 879
763 1228 1425
797 709 757 977 1263
1031 247 377 837 905 1190 1243 1482 1495
1238 644 654 876 1195
1047 302 536 922 1056 1176 1179
1371 313 521 1098 1189 1337
156 344 368 680 793 870 1028 1034
491 173 605 700
596 572 631 845 1375
1183 112 244 570 757 1138
1207 308 649 981 1203
1473 577 1261 1448
302 599 792 1114 1443
450 106 700 872 1338 1381
500 279 581 645 756 1279 1342
533 304 478 480 853 1175 1430
894 147 309 918 1159 1167 1179 1261 1263 1347
909 244 646 690 709 1129 1170 1439
947 235 895 952 1061 1294 1492
1110 188 609 1080 1376 1415
1190 539 738 861 1001 1303 1476
105 259 613 931 957 1115
259 234 1191 1335
613 270 846 934 1415
931 433 562 1069 1158 1163 1177
957 310 912 1220 1229
1115 642 923 1170
106 336 461 959
336 395 581 824 884
461 293 391 1335 1481 1499
959 114 349 394 462 560 888 1161 1256 1327
388 700 703 793 1026 1272 1495
576 577 654 870 1247
1131 715 981 1168 1475
172 177 248 545 601 629 646 1089
249 214 1143 1291
383 310 816 1041 1074 1342 1357
459 254 418 1089
850 285 734 1080 1435
853 621 691
981 218 553 960 1280 1398
1092 314 428 513 654 793
109 332 391 675 818 1009 1245 1293 1400 1419
332 430 433 460 1034
391 896 1022 1128
675 319 411 620 1120 1132 1279 1383
818 233 398 692 715 912 921 1195
1009 551 1159
1245 115 1410
1293 114 1170
1400 132 136 1226 1310
1419 121 321 501 1069 1141 1240 1381
222 1287 1291
599 319 563 1464
669 117 309 562 581 593 691 844 1103 1310
969 131 277 349 783 1280 1439
1168 367 786 792 1176
112 188 393 399 411 1011 1417
188 218 399 443 460 775 1138 1194 1422
393 645 1145
399 206 549 581 883 884 1144 1181
411 645 695 756 846 1069
1011 160 617 893 1120 1188 1258
1417 143 165 689 1018 1167
113 146 247 352 498 791
146 590
247 506 740 874 1155 1335
352 989 1073
498 165 775 786 1005 1026 1081 1104
791 777 795 1144
114 466 700 764 872 1121 1258
466 312 696
700
764 553 740 1069
872 161 616 777 1026 1067 1256 1290
1121 609 1098 1137
1258 313 582 795 857
115
1056 173 277 741 790 879 1099 1217 1230
1127 324 504 508 609 869 938 1082 1236
1163 923
1357 544 861
117
368 272 365 871 1104 1175 1448
467 795 1082 1233
1084 214 1229 1430
1150 418 1191 1202 1364 1398
119 291 888 907 1018
291 301 417 616 695 1019 1103 1145 1422
888 204 216 334
907 367 845
1018 215 615 664 695 1033 1214 1407
431 631 932 963 1326 1418
121 418 754 1074 1243 1330
418 306 827 1044 1421
754 365 1166 1276
1074 254 262 356
1243 165 1475
1330 289 680 783 1292 1425 1439
560
1033 141 149 953 1120 1405
290 177 405 546 1203
416 472 723 1050 1381
506
1461 1291
443 324 476 702 1248
457 166 215
1180 149 341 552 1083
1286 169 963
128 512 536 1012 1261
381 262 398 964 1090 1296
849 152 552 1015 1224
895 301 364 545 760 964 1385
1167 452 553 581
127 130 777 964 1280 1422
130 246 254 317 1326 1375
777 395 986
964 254 288 1069 1499
1280 205 304 1067 1220
1422 603 703 1404 1499
512
536 377 504 674 732 875 1177 1294
1012 614 720 881 989
1261 397 1392 1441
723 1324
1022 234 646 840 1155 1220
1141 592 963 1334 1375
246 356
254 593 732 928
317 140 199 316 349 552 775 866 1317 1377
1326 234
1375 313 1096 1181 1338
131 409 1138 1383
409 738
1138 783 881 899 1070
1383 400 881 886 1390
132 692
692 224 720 857 1499
1191 189 248 603 1081
1267 441 646 654 869 1158 1234
1376 177 319
134 483 740 1067
483 458 581 996 1098
740 575 923 1404
1067 1175 1201
776 540 1295
1026 163 198 542
136 1176 1223
1176 298 387 394 870 1073 1195 1481
1223 244 869 883 1050 1081 1399
338 307 400 539 785 1098
869 521 674 1301
1177 197 549 974
1188 272 580 621 1222 1322
1304 244 629 921 996 1287 1303 1322
1441 657 760 1181 1287 1342
204 451 581 857
603 397 731
140 159 171 293 745 1028 1080 1395
159 1233 1395
171
293 301 303 1203 1364
745 683
1028 617 879 980 1230 1407
1080 893 1069
1395 921
141 827 1061
827 551
1061 400 1070
575 143 900 1170 1361 1481
738 735 1015 1034 1290
770 551 566
143 394
394 922 1153
198 216 451 458 952 1479
365 311 657 952 1015
1263 235 334
1491 751 1377
458 605
486 169 1015 1114 1276
568 312 316 1078 1418
683 311 932 1410
731 395 405 572 1137 1475
732 214 497 1332
845 199 844 1044 1104
590 689 1342
147 1162 1481
1162 304 474 646 1065 1433 1435
1481 419 816 917 1352 1405
148 955 1295
955 577 896 1015 1089 1342
1295 689 1292
149 664 1334 1390 1410
664 645 1334
1334 197 900
1390 235 549 1452
1410 513 856 1096
497 702 824
539 735 905
617 327 790 857 1421
718 297 691 1158 1195 1381
875 889 917 1001 1095
1202 631 996
1301 272
1352 161 279 757 908 1015 1034 1421
1452 311 364 1256
449 304 1077
846 684 856 1078 1363 1443
152 462 963 1019 1292
462 417 542 715 1476 1479
963 319 405 937
1019 199 1005
1292 187 1323
614 785
508 1244
319 316 324 566 1227 1318
321 324 472
1065 308 452 883
1125 837 937 1189 1360
1128 1256
1189 218 937 1103
344 270 327 504
680 654
793 1007 1158 1166 1347
870 301 952 989 1234
1034 1044 1078 1299 1335
234 187 231 549 696 737 1044
540
616 631
322 757
883 654 1083 1247
1233 328 563 577 1404
160 303 395
303 572 786
395 341 736 1095
161 206 266 547 1155 1222
206 349 488
266 280 989 1153 1318
547 1041
1155 191 1222
1222 802 900
570
687 218 289 655 1081 1098
163 165 553 582 802
165 441 1041
553 472 696 986 1196
582 923
802 638 685 792 1070 1294 1310 1385 1439
301 177 501
441 166 666
1041
166 524 741 960
524 645
741 288 952
960 657 1403
231 187 1082
316 577 691 980
605 233 1309
674 417 488 546 661 1145 1337
169 356 703 879 900
356
703 556 645 1143 1247
879 177 861 1179
900 309 1113 1435
224 938
478 248 985 1069 1381
177 285 349 620
248 187 567 1001 1404
545 218 1082 1129
601 430 504 974
629 298 433 593
646 298 643 1324
1089 546 642 1360
173 786 953 1310 1405
786 757 866
953
1310 312 856
1405
377 235 1322
986 1264 1387
1454 742
175 816 917 1078
816 397 405 472 695 974 1078
917 1113
1078 921
176 334
334 783 1464
285 881 1430
349 1230
620 785 1117 1153 1276 1291
1296 1443
180 313 1317
313 343 400 566 735 1228
1317 1229
277 513
730 1228
889 433 1272
183 387 428 803 1226
387 760 866
428 720 1166
803 307 405 921 1098
1226 593 1247 1430
922 785
1098 1153
1230 271 397 1224 1294 1479
216 1070
985
187 214 451 709 893
214 989
451 460 563 1145
709 938
893 552 691
218 504 1007
460
775 1341
1194 521 1247
189 743 871 1083
743 644 690 934 1309
871 423 874 1332 1475
1083
191 452 844 1290
452 1166
844 593 899 1342
1290 233 1308
257 456 1081 1430
272 195 691 1323 1338 1439
1070 1364
1248 562 609 908
1272 324 1137 1475 1499
194 343 1133 1387
343 504 874 1439
1133 696 1099 1156 1179
1387 546 641 734 1435
195 378 532 542 1323
378 521 567 641 1081 1104 1234
532
542
1323 205 717 876 1117 1241 1283
197 1217
1217 397 1181
952
1479 1360
199 1356
1356 756 914
1276 328 1407 1430
201 564 654 783
564 1236
654 671
783 657
1181 423
1443
1158 1179
581 244 324 341 1050
857
205 279
279 400 695 980 1044 1247 1303
488 737
244 657
666 717 1069 1476
684
621 531 790 1338
1166 306 1234 1327
307
419 717 1433
1247 289 300 1044
696 737 785 908
579 456 474 1096 1236 1308
229 932 1224 1264 1499
562 1342
1234 1322
989
215 1464
1464 1341
225 908
304 1421 1482
691 717 824
934 1287
504 1007 1322 1435
1007 980 1137 1324
592 233 736 996 1361
528 948 1347
792 1256
1324 921
430
1137 1096 1224
1159 552 1303 1404
1287 1433
1291 685 923
921 685 690
974 546
1294 1332
938
908
289 1201
881 715
1005 341 1113 1241 1327
1069 886
1433 737 744 1216
1476 1001 1475
580 384 655
310
932 976 1425
1224 655
1264
1499
1082 609 742 899
1404 583 645 708
1407 1215
233 856 1421
856 403
1421
549 311
737 695
1044 476 593 644 1337
235 324
324 292 314 556 652
1448
572 914 1475
690 566 717
1364 652 689 1090 1342
642 1144
1114
1145 1143 1403
1403
923 1103
298
456 644
736
657 756
1216 1161 1492
874 292
1335 280
567 1398
1001 405 652
1143 1099
1156 708
1241
689 364 593
1081
1227 476
1327 417
501
1051 311 643 734 1337
1385
1153
1161 1495
1244 1360 1475
593 1058 1414
928 292
297
1430
260
531 896 1175
262 546 655
546 403 861
655 364 423 996
271 398
1215 308 1322
1322 292 1095
795
615
280 899
1318
400
702 751
977 861 1175 1392
1309 861
270 1475
1475 837
398 760 1195
1338 311 884
1439
403 744
513 577 837
583
695 1229 1360
980 1240
1303 631 1195
899
417
631
965
914
1175
1229 1435
309
288
1201
405 1117
1203 1308
1103 306 760 1095
292 638 1144
638 652 717
1144 717
876
1015 1195
652
918 384
1220
300 480
480 708
1482
534 1492
996 314 1363 1392
306
308
311
312 735
735
566
1228 1363
314 544 1381 1392
544 1256
1381 641
1392
577 840
552 884 915
866 1415
1377 1095
1236 1279
1495
472 1196 1414
757 1094 1240
734
1299 476
556
744 742
327 717
717 521 641 1132
328 1342
1342 861
1256
1425 1283
1337 1414
433 1117
760
1363 1104
341
824
884 1418
785
715
1414
1492 912 1073
861
896
1099 1077 1095
1113
1341 1094
1073 1399
720
837 423
1283
367
948
364
790
1104 1050
369
563
1214
976
1058
521
641
1418
1090
384 1399
1399
773
474
708 1308
551
1196 1120
1094 649
645
1095
661 1077 1195 1279 1347
397
1195
476
886 742
1117
609
756
1170
1050
423
643
1361
1415
1308
1077
644
649 1132
742
1279
751 1398
1240
685
1435
937 905
1129 1332
1332
671
840 912
1347
905
915
1398
1120
1096
1132
1360
912
1179
