0 233 299 325 487 506 647 712 771 944 996
233 214 377 465 652 860
299 230 351 539 827 878
325 11 46 68 74 118 148 185 283 286 372 738 948 950
487 71 251 254 363 544 560 614 651 713 774 918
506 181 283 303 346 400 429 561 702 752 818 944
647 142 248 464 801 835 861 898
712 50 97 215 442 595 867 891 893
771 36 45 88 240 242 338 406 407 505 535 682 931
944 18 47 108 169 238 379 406 686 856 861 866
996 144 358 405 484
1 34 147 196 239 397 450 613 616 648 652 709
34 37 123 454 499 680 905 927 931 958
147 64 162 219 231 244 349 417 435 529 547 569 648 813 875
196 15 21 27 59 148 289 293 405 451 473 586 619 620 749 822 867
239 48 113 259 484 558 614 774 865 897 958
397 163 195 200 300 344 351 379 503 603 608 997
450 91 339 488 588 767 859 906 999
613 3 133 138 190 199 350 441 681 814 896 919 991
616 56 515 662 977
648 56 72 94 144 408 542 578 920 924
652 260 296 339 576 650
709 3 62 245 263 293 476 803 869 874 927
2 18 75 167 187 312 331 394 516 563 627 684 708 775 861 901 964
18 23 226 259 493 525 560 579 738 838 849 960
75 98 199 351 388 414 457 549 625 901
167 7 197 297 524 531 566 573 699 878
187 314 333 920
312 14 99 257 419 435 444 701 711 789 870 926 941
331 64 183 249 337 465 656 746 790 877 927
394 52 185 240 305 490 500 758 868 869 958
516 60 139 347 435 443 757
563 6 50 64 173 260 337 399 532 664 757 795 853 945
627 46 58 68 294 332 358 477 489 670 672 811
684 93 195 199 243 424 455 592 678 740 749 841
708 88 160 269 398 412 456 578 631 705 775 871 970
775 142 181 318 404 449 488 626 740 755 808 839 852 864 907 913 920
861 19 92 400 446 531 561 644
901 80 88 100 216 247 280 337 638
964 146 232 244 351 422 481 644 699 772 774 819 921 983 988
3 21 119 170 266 281 328 405 428 430 451 544 568 590 599 887 893
21 289 483 543 606 707 774 801 842 919 947
119 164 343 349 357 464 870 943 947
170 7 120 155 176 603 651 859 922
266 19 105 445 455 475 478 590 679 689 751 945 991
281 50 246 389 421 605 730 810 903 978
328 90 201 263 305 368 377 385 524 675 759 841 852 945 960
405 56 197 262 345 387 400 442 451 572 638 733 880 919
428 134 176 210 309 319 361 483 508 576 888 974
430 183 211 284 378 380 512 517 568 830 926
451 286 310 330 356 499 583 586 806 814
544 193 256 536 676 710 762
568 55 68 70 79 94 199 465 502 644 946 984
590 32 67 121 240 440 478 479 540 592 789 825 991
599 40 126 335 557 571 575 724 730 804 910 953
887 8 32 212 219 353 533 541 559 598 602 685 730 731 806 955
893 206 335 695 818 878 974
4 126 131 584 678 720 736 808 816 868
126 199 293 473 737 745 902 968
131 183 347 379 407 511 639 816 938
584 28 49 72 156 222 336 340 372 406 461 541 766 853
678 62 83 208 240 449 460 539 671 833 845 874
720 33 157 158 176 250 291 324 388 414 543 822 973
736 208 377 391 546 646 657 666 746 916 943
808 10 159 164 208 229 255 262 306 372 378 441 575 577 714
816 146 261 267 364 478 526 558 576
868 73 355 390 403 471 531 625 885
5 87 135 179 228 293 317 389 418 423 462 502 786 869 961
87 214 275 353 470 485 518 588 645 668 716 757 809 875 976 978
135 226 367 374 391 581 587 707 864 955
179 132 199 311 439 755 821 943 995
228 231 318 320 396 452 486 560 725
293 48 231 339 365 402 466 525 556 639 895 950
317 63 68 79 234 284 337 414 423 492 589 730 745 757 797 992
389 182 275 395 407 502 511 543 617 661 828 948
418 74 180 361 449 688 733
423 160 498 515 610 653 679 698 723 797
462 10 62 235 286 363 557 589 650 752 809 842
502 27 106 220 235 277 363 381 424 463 583
786 25 85 168 206 286 348 358 609 626 668 853 856 967
869 149 551 602 693 697 791 831 892 897
961 43 230 467 552 609 637
6 31 106 180 191 205 248 263 819 845 977
31 292 438 481 484 552 730 732 989
106 77 180 273 300 322 341 400 408 411 475 491 511 556 574 581 666 875
180 388 400 620 683 776 820 904 960
191 8 653 670 744 762 920 930 968
205 300 364 407 472 503 711 793 872 912 991
248 409 547 595 637 719 884 918 941
263 74 143 189 475 494 595 600 717 745 930 935
819 65 81 92 137 154 500 555 642 687 962
845 83 224 340 723 802 900
977 7 11 165 168 249 342 411 539 820 883 937
7 214 438 527 921 993
214 69 219 688 820 918 965
438 220 258 286 291 828 971 976
527 112 181 218 226 415 478 707 844 986
921 54 66 260 310 344 481 664 694 773 797 814
993 10 37 217 350 367 463
8 335 351 413 476 581 618 656 713 717 971
335 9 176 364 547 560 676 748 892 913 956
351 109 132 237 364 621 700 722 818 827
413 26 474 580 743
476 46 157 255 579 791 828 937
581 33 201 341 407 412 444 588 631 960
618 237 261 364 515 641 685 777
656 47 125 258 588 591 594 716 781 906
713 178 240 330 365 368 395 419 595 635 680 705 719
717 16 104 273 427 552 695 792 959
971 52 83 381 454 466 533 545 625 659 686 758 763
9 71 200 369 475 512 605 668 938 979 988
71 455 564 692 748 854 929 939
200 48 58 83 283 481 482 668 813 850
369 57 76 208 219 250 354 383 388 528 601 673 779 950
475 82 481 607
512 37 83 100 208 223 432 434 777 817 881
605 149 171 316 324 361 435 530 546 557 609 695 773 932
668 47 154 322 323 381 558 629 675 761 769 776 802 862 941 945
938 57 183 225 339 352 364 434 441 792 990
979 13 123 145 176 206 279 298 315 348 482 821 840 856 924 957 985
988 64 313 446 488 734 759 765 853 866
10 14 111 165 261 277 294 338
14 151 243 344 348 436 548 626 628 638
111 43 142 339 344 375 560 742 985
165 46 294 454 557 714 757
261 270 557 666 824
277 11 229 295 378 571 690 697 743 892
294 66 465 534 800 872 912 981
338 115 215 278 336 377 578 602 789 838 851 987
11 15 88 447 552 601 643 658 703 814 933 952 975
15 42 152 595 602 731 754 820 833 877 931 962 967
88 46 54 125 221 250 267 283 379 432 619 711 750 962
447 220 311 350 448 667 825
552 39 49 63 74 169 319 679 707 727
601 117 246 318 403 484 714 761
643 336 390 391 554 586 890 922
658 85 366 390 427 457 504 606 633 699 933
703 152 211 227 589 602 637 677 696 992
814 27 232 245 395 402 416 831 867 956
933 133 262 332 383 511 796 850
952 251 354 409 472 540 548 654 675 726 800 878 909
975 232 274 280 339 344 496 500 560 635 878 915
12 120 138 341 388 406 558 569 625 873 920 951 985
120 72 265 442 452 460 508 689 695 732 767 806 834 851
138 95 614 759 768 798 805 989
341 240 257 260 347 396 750 754 957
388 339 385 460 464 521 549 630 784 830 856
406 59 321 402 470 766 851 947
558 52 245 315 588 673 719 745 780 791 863 878
569 110 197 384 491 593 973 991
625 100 202 466 526 632 655 694 760 793 822 907
873 169 217 280 283 354 426 823 882 986 992
920 28 295 344 614 673 716 731
951 82 110 178 190 216 259 301 453 531 617 748 765 774 778 828 860 927
985 82 109 251 478 664 764 876
13 22 156 162 256 302 505 509 619 633 908
22 116 175 412 508 612 846 863 960 963 994
156 101 242 245 275 313 545 864
162 27 305 504 561 571 617 862 940
256 83 174 203 320 441 497 730 734 883
302 163 192 340 373 503 509 572 614 641 670 962
505 23 168 353 598 666 671 813
509 148 194 198 278 370 377 832 962
619 125 235 251 380 420 580 686 741 947 970 976
633 230 671 675 946 948
908 60 95 129 224 297 316 463 477 589 662 697 836 939 949
151 148 289 521 687 770 865
243 234 259 477 486 551 670 889
344 350 442 529 595 987
348 278 640 697 939
436 262 280 370 422 431 473 496 770 939
548 197 211 295 385 401 468 600 866 899 934 984
626 182 334 372 445 592 730 737 778 968
628 105 267 296 453 877
638 51 183 229 254 315 327 361 442 752 791 800 836
42 84 195 421 459 501 556 564 575 750 780 811 818 858 864 891 932
152 398 635
595 30 169 221 364 535 582 691 784 811 852
602 86 251 321 360 538 825 916 995
731 79 234 292 320 398 409 639 640 651 721 843 917
754 230 246 330 417 429 578 630 858 930
820 55 339 424 782 831 889
833 48 160 322 385 402 427 494 497 801 860 984
877 334 355 382 541 666
931 29 47 224 361 495 570 723 730 793
962 267 432 583 653 686 756 765
967 16 74 197 353 361 396 461 572 579 597
16 46 58 313 345 813
46 134 571 649 842 905 946
58 557 598 809 927
313 64 129 353 366 391 457 634 671
345 86 222 368 383 427 452 632 727 760
813 102 136 435 448 484 639 660 730 782 824 849 888 891 912
17 26 134 225 365 452 576 580 664 682 784 875 900 983 994
26 59 116 211 298 417 490 733 763 792 929 943
134 215 307 326 469 609 787 886
225 20 40 97 226 252 689 916
365 327 391 416 492 493 495 575 830 842 899
452 102 124 142 145 227 407 478 719 992
576 38 287 309 669 792 957
580 20 93 264 289 330 380 511
664 23 437 466 583 630 660 817 937
682 38 67 278 290 316 479 755 885 963
784 91 199 273 297 316 441 461 721 831 871 941
875 36 150 391 641 946
900 99 114 240 356 666 795 797 828 855
983 113 231 282 315 362 503 532 609 989
994 28 121 253 408 660 742 767 832 943 986
23 27 92 117 546 620 915 966
226 33 108 171 377 379 965 998
259 164 519 553 634 676 677 794 811 942
493 53 443 620 841 855
525 82 127 154 176 541 640 683
560 54 100 142 145 890 987
579 127 175 376 401 441 603 667 766 999
738 82 117 118 304 322 358 376 539 597 704 778
838 56 210 224 309 433 483 614 635 677 800 973
849 203 359 414 460 634 760 876 992
960 48 188 415 459 526 534 809 953
19 52 636 701 714 821 888
52 51 112 197 212 347 367 403 471 541 721 776 817 823 897 899
636 194 217 271 379 386 396 588
701 494 536 551 559 614 620 780 980
714 41 154 316 323 677 866 871
821 102 296 404 483 757 859
888 36 166 409 427 463 513 620 818 872 935 937
20 44 121 169 355 386 614
44 186 199 623 729 782 827
121 130 183 254 347 536 606 863
169 60 199 254 269 377 483 704 757 857
355 67 332 364 444 480 562 611 631 726 767 779 978
386 182 593 772 842 936 980
614 104 123 246 395 588 795 910 980
289 177 192 609 737 865 876
483 86 97 148 253 456 463 536 711 765 867
543 199 202 326 566 624 659 724 922
606 181 182 202 242 316 370 488 612 721 896 924 982
707 208 305 311 346 499 521 610 740 805
774 91 458 805 928 932
801 76 85 251 480 551 728 753 800 842
842 104 199 381 589 597 757
919 203 210 287 352 380 432 591 858 903
947 91 149 304 322 327 562 822
116 41 63 100 469 480 549 671 943 963
175 27 124 339 610 692 725 847 884 904
412 296 503 541 705 803 850 865
508 43 64 234 249 499 522 798 959
612 220 410 461 468 495 562 802
846 100 193 286 459 661
863 108 309 359 950
963 321 374 440 444 591 683 818
27 29 208 264 393 417 446 461 670 778 978 980
92 35 264 268 273 364 507 520 642 758 914
117 74 99 274 390 445 460 992
546 108 368 379 422 653 764 906 959
620 258 663 788 882 925
915 32 48 215 241 367 520 571 610 758 794 905 930
966 199 395 785 824 939
24 125 189 315 457 608 637 651 697 750 797 867 916 987
125 96 280 531 679 806 817 892
189 85 186 417 434 690 726 740 882
315 43 221 539 621 918
457 80 100 236 304 307 674 773 804
608 72 118 153 537
637 82 139 143 186 268 408 666 693 865
651 318 367 484 538 585 622 659 727
697 56 154 426 725 892 909 943
750 72 77 154 208 371 534 570 702 782 864 954 958
797 78 113 232 323 523 836 848
867 101 150 472 515 549 679 779 899
916 30 124 279 455 464 554 854 907 980
987 155 339 441 443 598 621 653 654 710 854 939
25 150 171 382 480 520 551 629 669 710 747 809
150 49 141 231 361 532 534 704 772 790 881 896 922 942
171 37 392 421 702 871
382 159 161 194 202 414 536 741 789 793 843 865 874
480 57 59 60 195 230 262 334 437 494 503 591 597 857 949
520 38 94 105 109 186 221 222 283 486
551 218 300 366 446 702 848 854
629 164 297 404 409 492 645 810 841 911
669 45 59 273 356 524 566 671 715 778 948 972 974 998
710 258 742 972
747 193 242 404 425 453 711 765 777
809 95 222 439 621 828 895
59 49 342 572 881 884
211 236 282 402 530 561 667 693 855 874
298 292 358 364 411 519 553 572 957 981
417 161 210 575 607 689 763 885
490 49 143 144 327 380 507 555 735 871 912 913
733 60 234 354 408 455 586 617 724
763 108 659 765
792 61 284 442 686 725 726 755 828 872 885
929 60 538
943 132 321 410 676 711 782 783 840 924 949
29 122 149 235 280 449 744
208 55 198 230 381 634 665 690 779 876
264 90 154 183 278 408 422 519 575 642 740 853
393 57 115 166 177 184 349 511 897
446 279 360 401 426 467 504 539 615 654 804 844
461 103 158 185 222 288 600 679
670 272 349 586 913
778 168 184 193 274 484 803 927
978 182 203 258 291 316 660 818 827
980 157 468 499 715 751 772
28 209 229 817
209 221 391 776 989
229 66 213 585 641 667 906
817 142 190 354 357 429 489 497 589 835 843
122 41 441 721 735 882 895
149 273 307 398 492 634 654 892 956
235 47 283 356 441 592 794 806 898 946
280 273 467 639 860 909 922
449 86 124 218 282 659 864
744 262 309 472 491
30 250 385 396 725 755 982
250 112 534 545 796 913
385 81 193 401 448 511
396 82 245 290 307 489 519 692
725 99 101 132 437 448 541 665 799 910
755 201 237 244 471 488 556 663 907 950 974
982 370 934 955
292 51 105 142 222 282 422 726
481 33 159 236 587 699 719
484 56 144 223 242 567 676 843 862
730 61 64 73 378 380 468 650 762 866 892
732 56 422 496 510 531 591 681 871
989 159 178 249 399 540 582 665 729 827 848 907 934 954 965
32 78 469 496 594 675 739 810 859
78 201 353 424 696 756 805
469 159 182 216 257 464 561 591 974
496 285 494 631
594 56 129 742 865 897 923
675 251 364 424 427 514 882
739 38 772 782 927 972
810 50 107 129 561 841 862
859 74 164 486 655 727 870
33 234 356 364 380 574 582 795 891 923
234 69 362 390 467 534 673 874
356 377 482
364 352 603 671 914 937
380 70 177 303 318 359 456 661 662 862 973
574 136 215 399 719 742
582 238 283 321 645 715 870 998
795 220 398 743 759
891 249 336 770 997
923 252 265 646 839
37 68 231 275 414 499 825 866
123 54 97 114 309 510 536 592 593 896 950 954
454 168 376 395 407 623 667 749 760 950
499 143 144 333 491 826 855 949 998
680 402 805 815 954
905 143 195 198 213 276 334 370 431 587 589 999
927 61 184 257 559 623 702 824 946 970
958 183 488 531 635 834 860 954
35 146 342 442 488 494 692 812
146 254 269 511 588 615 728 785
342 193 517 541 603 622 948
442 197 890
488 40 74 646 671 740
494 110 148 222 528 555 630 770 776 939 965
692 54 94 143 265 555 807 941
812 444 642
36 198 307 756
198 139 258 310 337 597 696 740 779 855
307 297 883 937
756 41 474 542 564 881 934
68 45 101 172 322 324 470 537 585 906
231 278 426 463 826 917
275 63 142 327 400 510 667 716 805 941 965
414 172 295 346 453 884 895
825 192 855
866 39 86 178 585
38 158 216 232 329 366 515 655 847 969
158 201 236 296 572 772 836
216 492 578 673 925 969
232 139 224 440 474 573 791 885
329 56 437 918 990
366 40 178 513 545 724
515 53 139 811 940
655 429 662 685 718 777 832 840
847 115 160 272 391 593 885 914 917
969 64 148 249 431 672 956
39 95 115 203 230 336 468 510 642 974
95 100 174 715 724 759
115 374 673
203 109 269 308 911 930
230 445 715 815
336 192 286 334 478 500 529 538 853
468 188 865
510 114 223 303 321 435 530
642 207 276 321 410 455 741 856 884 935
974 127 185 253 306 945 946
40 45 127 207 554 830
45 96 105 320 688 751 872
127 279 295 472 489 550
207 89 361 390 409 542
554 611 653 768 779 851 940
830 82 98 206 411 507 721 911
41 244 268 381 507 695
244 80 278 424 513 540 671 726 876
268 50 168 177 269 473 577 661
381 79 89 431 610 740 907
507 55 112 190 223 297 458 522 609 721 803
695 253 314 411 500 553
84 482
195 73 90 399 635 854 903
421 822
459 65 334 455 460 486 589 689 811
501 48 142 177 202 518 634 646 694
556 64 66 154 184 530 698 757 772 892
564 98 395 992
575 85 112 427 832
780
811 528 746 832 998
818 154 242 304 383 624 749
858 176 215 287 368 566 577 829 876 880 959 992
864 350 503 832
932 124 885
43 145 155 383 384 631 699 839 903
145 96 98 103 245 456 583 721 723 742 800
155 318 324 350 431 491 718
383 182 193 407 567 676 826 835
384 108 267 285 295 456 571 699 788 806 882
631 50 798 806 986
699 129 471 745 760 794
839 183 290 724 906 925
903 368 391 561 800 844 936
186 190 240 276 306 600 611 769
199 80 148 479 526 734 955
623 136 308 332 567 807
729 163 352 375 403 761 832
782 220 240 311 478 617 654 665 940 999
827 55 441 600 882 999
96 174 258 547 776 837
105 529 587
320 340 686 767
688 109 435 593 617 698 890 948
751 74 288 416 740 925 998
872 154 219 309 392 570 711 876
571 81 723 800 910
649 112 182 411 758 800 829 925
946 157 458 545 572 679 776 777 935 948
47 137 311 339 387 439 593 603 698 776
137 411 850 907 991
311 154 567 800 804
339 112 142 297 323 500 679 823 897
387 159 267 357 534 617 789 836
439 64 350 486 539 610 622 691 693
593 100 143 374 403 681 760 826
603 141 650 683 762 773 972
698 133 139 752 799
776 282 304 424 474 545 645 767 880 885
48 101 142 157 285 693
101 142 178 224 283 890 949
142 50 109 201 371 403 607
157 159 350 907 913
285 221 304 529 804
693 290 464 538 591 715 769
49 252 270 340 518 607 878 880 890 892 949
252 65 333 465 562 781
270 53 323 529 535 592 911 972
340 133 485 700 766
518 197 251 526
607 118 204 222 408
878 139 372 524 565
880 177 288 482 514 572
890 79 112 611
892 81 218 273 458 514 591 740 762 992
949 337 660 790 829 876 939
50 81 254 257 408 437
81 112 212 673 679 727 766
254 85 241 246 596 598 604 685 781 940
257 51 173 181 374 826
408 238 634 654 765 942 999
437 89 440 503
51 133 159 350 535 547 555 748 765 785 918 945
133 286 723 770 894 936
159 309 435 746 794 914
350 53 402 514 528 561 671 981
535 330 753 874
547 596 798
555 241 429 523
748 53 73 110 492 498 760 796 940
765 370 539 577 634 745 783
785 63 410 549 632 948
918 74 181 435 681 912
945 72 172 217 267 363 453 482 679 942
112 172 201 378 391 465 553 843
197 104 166 373 458 482 674 832 895
212 309 321 332 409 455 586 634 645 789 829 874
347 56 94 334 666 793
367 583 879 950 968
403 56 735
471 190 363 433 492 665 761 874
541 98 104 360 519 567 640
721 91 132 533 578 745
823 64 274 392 427 463 521 596 719
897 74 163 168 185 206
899 236 297 489 585 758
53 174 425 455 621 691 815 909 934
174 73 530 685 883
425 533 588 706 843 889 984
455 309 557
621 124 287 466 677 840
691 182 192 321 489 536 622 724 766 879 902 904
815 65 600 644 683 696 991
909 255 271 374 410 659 737 741 806
934 220 514
54 129 566 761
129 245 337 407 772
566 56 271 300 371 489 559 853
761 316 973 976
55 176 879
176 72 238 326 379 400
879 219 361 431 553 562 610 622 686 734 829
56 220 433 565 567
220 76 110 279 323 690
433 361 399 489 609 770 902
565 221 238 667 835
567 102 737 914 984
57 247 349 702 948 965
247 242 431 545 577 657 796 968
349 358
702 334 404 800
948 222 441 896
965 337 379 529 686 806 850 991
557 322
598 93 102 124 148 217 290 326 791
572 184 308 489 500 870 876 968
881 401 426 585 609 970
884 62 334 706 902
60 74 190 273 303 528 624 645 999
74 260 402 549 904
190 76 262 297 834
273 237 492 677 844
303 188 297 358 373 650 743 822
528 424 587 741 828 883
624 100 251 376 392 434 936
645 359 654 723 743
999 97 140 472 922
61 278 539 752 995
278 650 896 942
539 132 326 787 788 793 799 844 917
752 103 240 426 870 956
995 274 937
62 79 770 796 956
79 431 478 679 716 759 871
770 279 609 850 941 956
796 181 192 286 297 895
956 391 536 591 906 992
63 70 222 224 409 807
70 86 443 448 524 681 843
222 290 357 420 460 622 718
224 98 240 286 679 722 848
409 227 850
807 182 282 646 844 851
64 110 249 370 467 521 790 904
110 109
249 160 258 283 301 360 492 657 753 787
370 241 477 911 914
467 360 429 591 646 742 800 895
521 132 276 665 799 844 913
790 453 611
904 360 419 742
65
66 522 591 787
522 76 93 641 734 737 874 913
591 378 802 831 972
787 221 663 687
67 296 372 485 759 917
296 185 353 372
372 308 615 856
485 458 570 724
759 141 297 478 550 573
917 310 926
172 686 719 722 926
322 153 427 500
324 76 781 802 955
470 673 841
537 130 889 939
585 362 531 723 865
906 143 173 431 559 681
69 97 309 398 925
97 723 870
309 441 662 667 941
398 103 361 911 926
925 337 354 373
86 132 181 223 282 424 504
443 327 426 573
448 103 295 360 514 672
524 283 354 358 743
681
843 343 456 724 781
854 410 646 844 850
939 128 589 719 924
72 177 445 465 573 676 794
177 375 635
445 578 596 953 970
465
573 94 182 419 540 799
676 161 194 453 542 777 803 889
794 118 632 802 924
73 523 700 837
523 251 319 415 954 998
700 673 716
837 343 757 826
260 653 911
402 201 498 852
549 160 828
98 378 865 889
76 236 379 498 777 970
236 80 617 685 706 936
379 635 674 824
498 128 530
777 287
970 94 141 219 332 361 937 972
77 308 550 805
308 113
550 206 561
805 362 424 894 998
201 640 910
353 144 178 526 741 841 937
424 258
696 716
431 288 662
478 194 318 334 477
679 154 163 164 374 704 874 941
716 161 330 660 799 834 840 955
871 160 400
80 534 562 589 597 653
534 219 287 473 500 611 622 724 924
562 314 354 491 504 832 852
589 113 316
597 219 223 267 540 728
653 237 420 889
673 181 267 271 718
727 140 368 504 514 685 822 898
766 178 346 456 513 545 959
82 160 192 415 420
160 363 419 783
192 107
415 304 491 671
420 128 164 444 706 935 991
83 104
104 237 530 742 772
482 90 182 223 306 407 486 553
85 227 362 410
227 456 959
362 321 500
410 279 588 600 662 876 986
132 368 898
181 139 140 251 650
223 271
282 762
504 434 474 615 883
588 206 363 689 764 922
757 857 940
976 276 610 666 671 832
221 902
267 238 955
283 371 592
432 136 500
711 217 377 411
89
90 295 314 735 743
295 426 836
314 762 773 930 981
735 316 391 942
743 553
91 301 319 604 665
301 791 853
319 758
604
665 100 764
758 435 453 793
914 202 238 957 984
93 440 472 503 586 798
440 828
472 395 458 479 832 862
503 136 354 689 773
586
798 219
94 107 497 542 609 768 788 834 942
107 141 168 287 804
497 577 671 686 930 940 990
542 321 326 464 831 835 935
609 530 634 666 826
768 622 973
788 114 246 371 622 722
834 100 304 663 848
942 832
100 772 857
715 672 741
724 213 306 404 577 885 940
258 318 374 632 635
723 140 453 671 674 745
870 426 592 610
378 271 662 874 889 992
865 327 764
889
99 640 660
640 300 337 373 767 803
660 284
772 857
857
178 913
102 358 400
358 391
400 245 650 926 955
103 570 828
570
828 376 690 746
237 610 663
530 531 587 885 894
742 333 352 363 671
529 883
587 321 540 719 852
300 578 950
411 671 957
491 316 538 973 981 990
511 456 667 718 769 791 922
666
141 803 955
168 108 245 458 835 896
287 760 844
804 852
108 124 583 826 924
124 184 473 610 793 876 935
583 276 359 641 791 990
826
924 188 218 764 844
109 363 373
363 272 453 578 800 913
373
375 154 427
391 128 297 513 644 769
553 377 760 848
113 641 718 741 984
641 140 143 144 519
718 416 926 998
741 354 719
984
114 630 829 937
630
829 354 463 517
937 245 514 611
374 140 395 851
671 242 429 683 769
274 215 327 769
390 253 719 883
460 719 898
992 667 926 997
118 218 305 360 734
218 935
305 802 836
360 531 600 803 957
734 354 611 852
164 140 690
343 745
357
464 416 848
265 578 832
689 202 885
767 477
806 634 907
851
130 327 416 477 726
183 337 533
536 291
441 306 663 769 824 853
882 615
895 337 740 850
592 392
896 540 832
950 321 422 862 968
954 143 327 824
184
473 456 458 800
610 316 540 646 657 685
793 659 764 773 941 997
876 477 659 822
935 435 463
531 377
737 163 217 327 762
745 519 981
902 463 728 824
968 783 822
279
489 193 371 940
128 840
840
245 217
337 894
407 802
327 677 853 986
416
477 332 657
726 240 519 706 719
639 173
368 722 783
898 492 650 848
286 316 885
894 240 800 885
936 540
215 166 532 661 844
326 517 848
886
955 841 853
136 911
911 453
850
907 500 577
991 760
139
140 276 354 832
276 253 346 578
354 674 779 885
832 841
803
371 674
143 219
219 662
144 163 912
163
912 466
456
800 781
269 749
615 154 204 824
728 444
435 404 532 687 694 997
148 204 253 855 981
204 722
253 532
855 519 662 687 941
981 779 941
492
634 941
654
361
532
704 422 500 659
922 762
687 316
635 242 514
153 154 474
154 376 972
474 173
376 332
972 173 240 419 559 930
318 632 860
242 685 824 940
545 194
913 802 844 856 885 973
836 659
746 444
419 290
783 193
161 262
262
561 940 957
617 500
862 686
940
690 284
166 514 719
514 334
719 930 986
297 194
458 705
835 526 611
377
392 333
686
722 559 764
926
173
685 519
883 705
238 359 769
683
251
650
182
533
185
240 885
306
600 401
611
769
333 304 959
188 674
674
434
740 359 644
762
930 844 874
193
194 519
519
399
749 206
822 910
310 323
779 288 486 646
479
526 632
910 853
202 453
453 677
206
210
667 791
874
321
332 646
789 271
213
661 848
844
578 760 928
217 853
853
662
323
290
622
271
848 659
998
959
486 429 831
426
463
791
885
860 997
706 272
663 466
359 538
241
824
513 288 352
540
246
577
657
941 334
753
781 316 773
596
255
632 760
677
422
272 352
352
346
284
304 986
316 334
760
288
291 444
444
466
957 559 646
986
802
773
334 799
427 705
500
517
841 330
852
990
330
646
799
538
495
856
395
973
401
644
997
404
705
429
694
953
672
659
831
764
559
928
