0 246 430 700 1073 1319 1432 1511
246 399 416 418 1061 1337 1715 1788 1940
430 7 57 260 309 390 458 486 1353 1532 1576 1693 1917
700 76 123 554 830 853 860 1150 1673 1777 1838
1073 85 276 373 551 843 872 949 1294 1444 1480 1721 1732
1319 420 703 829 879 1220 1224 1280 1369 1375 1613 1712 1806 1831
1432 88 427 798 897 987 1272 1701 1797 1810
1511 53 98 220 838 948 981 1343 1570 1810
1 9 12 57 547 651 1174 1177 1375 1517
9 167 205 223 291 659 777 861 877 980 1018 1204 1400 1721
12 373 510 579 1114 1171 1348 1397 1415 1665 1684 1945
57 218 380 496 644 672 1329 1458
547 91 786 839 855 1049 1187 1471 1534 1567 1621 1679 1993
651 40 157 370 627 706 734 774 972 995 1030 1096 1313 1451 1821
1174 6 367 642 690 776 797 1095 1107 1187 1577 1600 1631 1748 1917
1177 85 123 423 451 519 855 1429 1450 1612 1731 1757 1932
1375 50 156 191 528 580 933 1163 1415 1635
1517 213 416 473 701 780 909 952 1054 1076 1114 1302 1510 1608 1752
2 132 281 424 656 677 853 880 1043 1051 1356 1607 1828
132 239 370 497 509 570 646 701 810 1079 1904 1922
281 275 613 869 1593 1759 1901 1919
424 95 258 339 371 626 628 1127 1344 1854
656 4 68 128 459 778 782 852 909 1022 1041 1050 1479 1503 1897 1918
677 445 535 778 840 877 904 975 1254 1364 1477 1562 1735 1930
853 204 426 527 805 1165 1222 1289 1343 1398 1512 1588 1725 1769
880 183 359 376 603 864 903 1211 1365 1424 1464 1535 1600 1855
1043 296 427 496 523 834 873 1113 1139 1591 1625 1779 1918 1981 1992
1051 158 167 369 605 902 1156 1176 1366 1874
1356 96 137 608 827 957 1020 1103 1158 1296 1647 1734
1607 109 145 320 386 636 637 750 779 850 1000 1019 1104 1207
1828 37 107 559 699 837 959 1656 1996
3 33 139 150 178 289 345 432 726 737 911 938 1032 1080 1268 1466 1521 1562 1606 1643 1670 1738 1779
33 318 352 512 791 936 1114 1227 1296 1343 1483 1627 1703 1752 1826 1886
139 70 219 336 391 456 748 1056 1068 1111 1149 1159 1458 1644 1901
150 123 266 370 929 1156 1455 1513 1527 1636 1701 1806 1948 1998
178 901 904 963 999 1039 1052 1292 1309 1374 1569 1954
289 413 428 433 816 996 1021 1120 1350 1361 1520 1585 1689 1949
345 18 154 194 348 463 467 472 774 995 1234 1814 1905 1906
432 155 202 221 323 830 905 1027 1161 1198 1269 1331 1462 1566 1952
726 265 476 613 1295 1343 1429 1455 1534 1619 1624 1722 1766 1894
737 61 255 279 509 799 950 1194 1367 1457 1824 1847 1867
911 122 135 152 197 490 549 555 669 747 1008 1128 1194 1218 1996
938 20 422 1157 1352 1396 1626 1694 1766 1773 1871
1032 77 520 531 551 1115 1227 1299 1335 1418 1438 1616 1646 1727 1782 1823
1080 16 268 274 427 645 794 1300 1378 1751 1977
1268 986 1335 1482 1640 1717
1466 84 186 453 495 555 634 696 797 864 916 1092 1527 1747 1824 1829 1904 1987
1521 126 306 603 850 891 965 1053 1061 1074 1201 1360 1454 1478 1519 1747
1562 35 167 180 510 551 657 658 842 1171 1311 1399 1475 1638 1768 1944
1606 159 303 383 414 731 756 993 1098 1181 1243 1306 1503 1632 1701 1926
1643 63 143 344 392 538 716 754 763 899 1355 1506 1609 1658 1961
1670 279 460 900 950 1272 1681 1883
1738 147 455 469 792 838 1019 1126 1402 1411 1556 1659
1779 319 377 498 637 803 905 1015 1191 1448 1485 1646 1947
4 113 120 299 397 428 479 645 741 772 1614
113 26 81 367 444 541 953 957 1128 1601 1699 1927
120 257 285 293 544 829 991 1136 1155 1298 1339 1348 1891
299 65 452 535 591 857 1170 1749 1750 1770 1833
397 266 550 571 666 742 882 889 1216 1228 1717 1932 1961
428 220 773 913 1256 1700 1982
479 156 298 488 603 631 1254
645 221 274 440 896 1240 1371 1529 1612 1745 1854
741 117 196 307 381 470 762 852 874 934 1033 1721 1909
772 61 193 371 416 421 450 563 652 820 905 1817 1963
1614 265 468 476 526 765 883 917 933 1253 1384 1391 1736 1874
5 108 465 471 544 841 885 1014 1171 1309 1324 1526
108 138 336 431 716 903 1171 1233 1275 1346
465 66 83 92 126 159 347 560 743 1026 1132 1364
471 146 312 620 745 1034 1166 1424 1558
544 50 135 549 847 961 1257 1350 1864
841 59 206 238 508 569 604 626 703 960 1046 1246 1434 1553 1729 1923
885 220 467 565 585 826 918 1070 1071 1305 1326 1473 1546 1574 1668 1953
1014 81 129 216 367 399 609 627 875 1007 1017 1155 1207 1288 1341 1478 1628 1689 1794 1869 1906
1171 129 268 332 468 1088 1142 1295 1430 1460 1566 1713 1898
1309 269 538 666 904 1152 1260 1346 1425 1507 1548 1713
1324 238 257 482 859 1520 1583
1526 22 375 705 756 1220 1457 1794
6 55 141 253 383 475 762 779 984 1245 1251 1901 1928
55 782 972 1009 1088 1144 1200 1246 1574 1852 1906
141 52 94 153 245 456 504 512 727 738 804 831 1284 1579 1613 1669 1946
253 75 659 813 845 1006 1687 1740
383 198 291 374 653 939 1019 1186 1300 1377 1445 1468 1508 1631 1753 1849 1882 1887
475 472 498 1192 1328 1783 1939
762 54 92 96 168 250 271 360 379 484 572 665 702 716 721 724 748 786 828 863 1001 1072 1117
779 53 553 844 931 1361 1654 1771
984 35 70 119 257 272 392 549 812 815 844 1224 1480 1769
1245 225 567 655 707 909 966 1038 1062 1358 1588 1592 1645 1755
1251 41 392 501 604 981 1519 1590 1651 1954
1901 582 596 625 798 1209 1220 1381 1650 1961 1995
1928 66 105 250 565 1022 1164 1179 1396 1400 1422 1593 1907
7 189 537 578 674 684 717 1010 1095 1205 1348 1571 1985
189 797 1244 1419 1591 1856 1930
537 143 188 194 377 686 842 895 1223 1279 1342 1346 1586 1898 1903 1970
578 23 166 187 233 326 365 512 811 1009 1440 1503 1538 1774
674 98 240 354 666 777 1003 1147 1334 1337 1402 1577 1588 1744 1755
684 745 1230 1395 1621 1706 1782
717 46 549 570 571 1048 1448 1546 1853
1010 673 910 1083 1197 1430 1458 1541 1553 1602 1616 1649 1712 1841 1858 1869
1095 87 378 639 1194 1414 1415 1579 1588 1624 1790
1205 173 317 511 525 828 831 921 1088 1195 1272 1389 1659 1863 1913 1950
1348 648 706 827 1088 1431 1516 1560 1575 1753
1571 233 334 374 463 519 808 819 892 914 1084 1133 1359 1395 1451 1486 1757 1799 1870 1963
1985 31 401 434 491 723 829 1105 1199 1257 1289
8 22 41 199 273 425 474 511 526 564 805 898 1005 1263 1558 1584 1712 1801 1887
22 258 646 904 1060 1106 1577 1659 1770 1777 1960
41 56 356 398 513 524 652 698 935 947 1193 1226 1442 1754 1992
199 97 277 307 442 1401 1764 1982 1989
273 123 230 290 321 493 542 1354 1588 1897
425 90 341 694 900 1169 1265 1285 1326 1366 1416 1460 1543 1626
474 23 63 184 284 756 848 1024 1506 1541 1728
511 205 277 510 610 625 826 1005 1021 1226 1465 1955 1972
526 16 316 375 692 768 792 1065 1445 1664 1715 1808 1936
564 105 202 332 404 763 866 1083 1298 1406 1458 1667 1698 1813 1865 1988
805 375 611 690 901 925 927 1357 1358 1478 1539
898 26 303 818 851 1710 1820
1005 195 423 566 777 894 1473 1496 1788 1799 1876
1263 10 87 451 689 716 1106 1341 1560 1924
1558 323 394 447 1026 1057 1372 1543 1645 1835 1954
1584 470 747 836 977 1304
1712 51 337 354 503 820 826 1087 1307 1481 1673 1822 1899 1961
1801 423 666 731 749 816 967 1029 1542 1744 1986
1887 47 357 447 496 552 562 565 699 739 854 983 1018 1108 1208 1318 1598
167 39 93 101 159 214 252 374 390 522 698 922 1082 1949
205 323 387 415 554 836 1026 1289 1331 1518 1686 1813 1875 1912 1988
223 452 523 596 688 940 977 1306 1417 1655 1667 1706 1724 1768 1861
291 405 487 504 522 575 607 747 851 893 896 1477 1568 1587 1660 1696 1698 1699 1920 1929
659 128 375 590 861 935 1103 1129 1281 1350 1427 1795 1834
777 81 164 379 406 569 691 718 896 969 1036 1616 1725 1758 1785 1961 1999
861 16 70 708 764 894 916 1315 1616
877 34 483 545 763 963 1138 1154 1362 1406 1412 1822
980 63 111 322 351 1108 1254 1384 1434 1538 1755
1018 72 131 228 241 491 759 819 914 1110 1198 1401 1581 1784 1916
1204 230 780 957 1048 1168 1200 1673 1733 1770
1400 292 583 638 687 819 1145 1335
1721 290 310 312 337 908 977 1137 1622 1851
10 27 300 487 833 838 864 942 947 1475 1572 1632 1644
27 23 327 334 368 608 671 917 1180 1410 1518 1923 1949
300 183 401 422 542 553 795 919 1144 1690 1803 1920
487 228 1026 1310 1503 1581 1658
833 89 162 356 549 755 864 1363 1527 1845 1854 1864 1876
838 593 638 1089 1181 1282 1431 1588 1814
864 823 954 977 1103 1426 1621 1838 1978
942 117 469 884 892 1019 1385 1406 1625
947 635 871 985 1207 1257 1430 1512 1826 1995
1475 13 61 219 456 466 709 847 1328 1338 1341 1544 1579 1824 1918 1924
1572 394 527 529 569 773 780 966 1036 1165 1335 1447 1671 1753 1793 1937
1632 43 72 191 360 381 874 909 1105 1122 1358 1461 1889
1644 478 500 581 695 697 903 1011 1046 1476 1510 1621 1626 1934
11 274 302 392 498 534 883 887 1144 1382 1600 1900 1979
274 313 858 936 1111 1145 1369 1479 1765
302 81 137 377 1060 1103 1503 1575 1639 1775
392 649 796 957 987 1054 1255 1393 1487 1699 1783 1890
498 72 582 605 1380 1389 1453 1951
534 42 69 183 328 542 575 576 917 953 1011 1349 1885
883 149 416 535 579 658 811 993 1034 1039 1202 1248 1286
887 329 525 541 681 782 852 932 1142 1164 1663 1694 1756 1937
1144 177 258 268 378 572 703 743 840 871 1283 1368 1436 1733 1896
1382 209 337 368 502 508 979 1547 1597 1649 1657 1765 1767 1781 1809 1813 1874 1892
1600 255 260 448 625 641 643 649 650 670 844 906 1311 1581 1896 1973
1900 71 271 364 559 687 874 996 1211 1393 1460 1596 1931
1979 171 319 364 457 847 1149 1441 1577
373 68 129 434 457 640 646 1164 1750
510 73 77 481 502 746 990 1300 1725 1885
579 182 621 625 695 809 912 933 999 1052 1314 1396 1438
1114 196 248 266 331 336 351 374 508 515 572 722 946 1008 1082 1316 1538 1824
1397 104 158 602 966 1036 1128 1225 1450 1528 1701 1823 1988
1415 225 527 799 892 1531 1923 1925
1665 54 136 279 455 588 681 714 807 809 892 1081 1208 1278 1948
1684 174 305 407 588 654 1065 1530 1645 1786 1788 1789 1938
1945 337 821 1012 1983
13 329 837 954 1107 1162 1315 1353 1499
329 26 244 553 639 804 959 1069 1178 1461 1677 1747 1849 1874 1977
837 99 338 408 499 586 757 1026 1117 1458 1576 1745
954 39 73 128 410 601 653 655 955 959
1107 67 315 491 592 820 922 1019 1350
1162 69 241 297 496 533 671 1023 1065 1429 1458 1566 1671 1912
1315 97 122 149 206 752 946 1017 1464 1504 1630 1691 1707
1353 79 111 206 261 285 382 619 812 945 957 1129 1794
1499 28 613 644 747 961 1055 1682 1826 1991
14 305 307 603 721 1121 1190 1192 1300 1640 1713 1756 1771
305 84 170 377 469 540 1028 1085 1404 1421 1800
307 23 323 566 630 752 796 925 969 1832 1984
603 216 493 844 1102 1284 1656 1747 1765 1771 1960
721 359 525 569 625 893 1068 1084 1086 1189 1547
1121 466 812 1023 1071 1700
1190 543 1086 1135 1335 1501 1528 1805 1839 1870
1192 17 152 229 326 719 798 1306 1747 1749 1783 1847 1858
1300 155 319 867 1115 1322 1456 1487
1640 28 692 896 1673 1715 1772 1858 1915 1967
1713 29 263 447 745 850 955 1306 1438 1461 1498 1596 1733 1983
1756 280 365 649 849 856 1110 1119 1546 1676 1761 1997
1771 16 226 240 266 590 689 753 901 1129 1172 1224 1775 1821 1903 1912
15 19 26 32 87 196 222 440 473 816 917 1257 1345 1354 1398 1650 1658 1941 1982
19 267 284 319 449 527 546 705 787 860 1117 1935
26 225 444 561 836 1449 1633 1800 1895
32 72 90 138 398 1883 1965
87 367 395 661 686 817 1230 1299 1339 1417 1427 1457 1520 1666
196 44 77 256 350 396 836 1017 1100 1227 1271 1360 1961
222 214 245 346 506 761 901 1112 1523 1760
440 317 335 499 605 704 711 906 1081 1296 1298 1576 1615 1710 1929
473 161 165 267 597 599 988 1074 1326 1509 1660 1851 1993
816 88 317 435 436 780 807 819 968 1036 1131 1182 1418 1705 1861 1934
917 28 100 310 374 546 572 793 999 1086 1112 1198 1285 1426 1752
1257 46 342 420 588 924 964 1239 1772
1345 51 86 216 293 400 533 678 894 950 1070 1106 1269 1283 1533 1594 1780 1834
1354 143 202 332 452 477 582 639 809 945 1429 1467 1532 1534 1570 1761
1398 70 375 413 492 936 1066 1149 1422 1599 1787 1803 1862
1650 180 191 283 426 931 948 1201 1655 1816
1658 23 330 380 394 398 540 811 1344 1368 1481 1639 1694 1849 1960
1941 201 359 1042 1303 1956
1982 49 445 989 1264 1730 1742 1836
16 35 100 115 351 455 483 810 845 1031 1081 1217 1373 1394 1462 1471 1520 1840 1861
35 224 469 613 1087 1282 1365 1865 1917 1955
100 130 133 172 182 278 317 323 351 453 595 1226 1347 1620
115 525 595 671 979 1036 1482 1807
351 69 284 326 433 518 797 818 962 1225 1549 1672 1739 1969
455 680 696 732 1052 1403 1448 1535 1547 1594 1781 1809 1868
483 275 282 308 427 724 725 1012 1045 1081 1393 1710 1844 1933 1938
810 125 192 256 263 336 377 558 565 926 991 1146 1201 1310 1701 1832
845 354 472 827 905 948 958 1129 1237 1483 1578 1843 1955
1031 184 218 625 735 789 1158 1254 1299 1334 1359 1639 1696 1816
1081 284 553 766 774 812 1115 1165 1433 1753 1754 1759
1217 478 515 765 785 840 1000 1078 1142 1153 1733 1917 1964
1373 31 243 538 822 922 1551 1602
1394 83 186 232 566 934 1125 1230 1310 1383 1464 1598 1706 1727 1735 1924
1462 403 933 957 1034 1105 1132 1191 1406 1595 1812 1963 1971
1471 215 293 514 538 767 812 823 1133 1231 1281 1282 1316 1349 1708 1767 1794
1520 159 180 275 367 588 817 882 1428 1489 1937
1840 217 959 1110 1459 1463 1628 1762
1861 169 220 258 346 595 687 957 995 1277 1306 1550
17 125 197 620 1443 1449 1492 1514 1543 1567
125 284 1513 1550 1788 1895
197 74 218 231 280 739 770 884 1157 1340 1833 1952 1992
620 51 214 225 681 842 939 1083 1123 1292
1443 209 617 631 676 678 750 1223 1287 1391 1574 1636 1667 1707 1983
1449 130 231 298 411 492 532 675 698 1022
1492 214 258 350 472 625 646 655 803 1271 1497 1630 1660 1911 1967
1514 142 211 341 540 662 813 1049 1092 1775 1860
1543 407 491 494 619 691 786 804 935 1661 1717 1765 1951
1567 106 194 505 572 584 712 944 1050 1686 1746 1807 1986
18 68 161 406 459 596 830 907 919 965 972 1119 1199 1290 1533 1552 1898
68 72 204 613 869 1048 1120 1196 1198 1358 1491 1638
161 569 601 823 846 882 996 1452 1548 1642 1890 1916 1942
406 124 214 523 663 782 807 1631 1741
459 164 280 378 407 435 503 669 678 908 1247 1405 1790 1795 1818 1864 1908
596 182 389 402 923 927 936 1787 1802 1858 1953
830 84 98 321 622 712 749 922 957 1271 1335 1384 1700
907 216 363 793 1261 1525 1798 1869
919 92 97 266 401 509 746 918 989 998 1234 1484 1486 1630 1699 1911
965 371 443 575 615 766 1395 1437 1613 1649 1659 1855
972 174 610 1065 1455 1551 1591
1119 90 134 312 396 400 740 752 873 982 1406 1487 1518 1860 1867
1199 352 658 715 761 834 1048 1195 1228 1442 1594 1651 1872 1873 1977
1290 201 333 562 715 1431 1463 1534 1683 1689 1749 1786 1811
1533 284 860 957 1132 1215 1428 1453 1504 1781
1552 121 163 218 294 750 863 996 1630 1656 1833
1898 245 385 541 599 626 673 848 854 1243 1347 1477 1490 1797
267 106 157 224 280 696 733 894 1135 1551 1603 1816 1880 1954
284 258 433 500 504 607 928 973 1234 1237 1426 1708 1855 1965
319 28 103 114 247 376 484 555 1142 1173 1286
449 88 111 240 756 823 956 973 1230 1619
527 166 636 748 897 1416 1711
546 490 563 660 676 971 1063 1065 1079 1291 1590 1699 1781 1817 1874 1927
705 160 201 774 788 809 865 1239 1436 1504 1537 1691 1733
787 126 138 225 252 388 444 481 536 1076 1175 1484 1495 1534 1696 1896 1984
860 270 582 641 769 1284 1689 1808 1845 1908 1953
1117 122 448 485 493 1200 1277 1838
1935 341 592 921 973 1633
20 382 729 1280 1378 1717 1943
382 452 584 881 1316 1389 1473 1691 1933
729 390 517 633 663 803 849 941 1012 1025 1113 1664 1810 1917
1280 154 370 446 555 558 635 678 730 1431 1529 1599 1693 1831 1920
1378 137 310 426 565 856 1033 1134 1722 1823 1907
1717 657 902 1071 1414 1416 1481 1546 1734 1829
1943 58 287 441 522 623 794 1058 1094 1279 1729 1905
21 240 318 335 431 468 472 533 719 795 915 1250 1359 1505 1766 1886
240 78 86 96 272 316 357 415 466 504 562 575 666 673 859 1147 1266 1320 1642 1692 1931 1953
318 194 280 339 490 893 987 1003 1183 1318 1613 1653
335 295 912 1734
431 685 859 896 957 1255 1783 1863 1884 1893
468 1027 1078 1389 1439 1540 1723 1995
472 188 245 379 405 551 929 1024 1062 1172 1213 1333 1504 1578 1741 1942
533 50 236 470 586 786 792 894 1525 1777 1947
719 344 840 842 1228 1312 1478 1490 1978
795 221 224 609 622 739 1019 1106 1321 1505 1604 1837 1859 1904
915 277 452 507 879 963 1084 1147 1343 1388 1529 1752 1823
1250 134 650 691 799 851 1055
1359 195 389 701 1034 1066 1102 1568 1766 1790 1911 1944
1505 233 678 680 1085 1200 1350 1559
1766 110 542 655 970 991 1045 1870
1886 24 219 364 448 607 625 751 940 1145 1228 1340 1408
258 77 91 99 123 413 541 750 866 1066 1346 1393 1444 1576 1580
646 64 257 285 309 569 655 806 866 867 900 1053 1908 1922
904 52 69 264 452 543 822 1002 1090 1173 1578 1592 1679 1699 1796
1060 164 338 466 650 979 1137 1491 1849
1106 78 232 306 369 467 605 730 987 1124 1399
1577 137 780 866 1272 1435 1792
1659 187 209 423 436 557 1805
1770 34 1124 1374 1402 1446 1687 1852
1777 104 234 1540 1706 1858
1960 42 366 536 901 1097 1154 1563 1596 1729 1833 1881
23 45 53 485 588 600 614 1451 1677
45 135 334 520 616 896 948 1332 1470 1477 1609 1729 1892
53 500 604 633 1262 1383 1387 1419 1478 1634 1816 1934
485 83 390 644 775 1109 1256 1467 1691 1817
588 461 851 929 1363 1452 1483 1619 1991
600 354 362 609 664 724 924 1322 1596 1599
614 52 112 204 436 692 730 878 901 1170 1438 1456 1502 1631 1674 1907
1451 1022 1109 1305 1458 1586 1590 1714 1963
1677 148 248 417 515 619 995 1173 1212 1214 1243 1424 1798
24 460 492 561 669 670 849 943 1099 1129 1185 1201 1244 1277 1304 1388 1784 1916 1933
460 185 254 422 934 1056 1447 1588 1629 1655 1962
492 34 763 767 1111 1232 1664 1732 1917
561 36 216 234 358 395 507 649 819 892 1063 1098 1582 1783
669 134 221 418 638 829 933 957 1066 1215 1568 1830
670 165 276 712 759 773 1357 1508 1747 1864 1905
849 452 542 1006 1024 1168 1946 1965
943 67 101 450 519 707 888 893 1818
1099 109 175 436 577 610 788 953 1559 1674 1911 1974
1129 74 364 539 568 613 901 1401 1480 1813 1904 1926
1185 106 375 408 1019 1034 1222 1358 1637 1701 1954
1201 92 153 169 186 204 276 541 969 1039 1458 1510 1565 1737 1966
1244 266 314 395 525 834 851 983 1350 1479 1530 1951 1953 1969 1975
1277 804 874 1004 1395 1798
1304 152 401 622 773 790 918 967 986 1178 1179 1226 1428 1550 1638 1768 1814 1863 1905
1388 859 1823 1853 1862 1920
1784 211 375 854 969 975 1102 1413 1458 1516 1589 1797 1856
1916 123 263 825 1243 1453 1540 1848
1933 339 402 427 552 653 936 1045 1206 1216 1282 1545 1656 1872
25 70 116 268 323 369 555 618 743 746 1188 1340 1351 1686 1705
70 160 176 257 330 375 583 662 731 767 963 1034 1456 1569 1615 1920 1946
116 118 170 331 409 951 1230 1495 1555 1594 1636 1929
268 134 153 195 202 478 493 696 924 1506 1549 1667 1871 1912
323 105 143 362 508 1200 1302 1417 1534 1686 1730 1802 1909
369 129 259 334 595 739 759 770 896 969 1135
555 290 364 377 622 1044 1203 1337 1598 1694 1786
618 1037 1745 1897
743 407 464 507 701 731 886 1164 1427 1705 1741 1956
746 264 584 869 908 957 1229 1287 1318
1188 415 694 1433 1467 1875 1955 1969
1340 71 80 470 1057 1124 1158 1266 1296 1950
1351 95 237 531 949 1056 1070 1083 1090 1191
1686 78 166 270 314 530 631 736 1130 1365 1599 1859 1992
1705 213 340 516 988 1657 1698 1926
225 142 699 1508 1759 1853
444 129 486 499 702 780 802 967 975 1297 1387 1555 1634 1685 1852
836 99 750 945 1008 1066 1337 1673 1722 1833 1867
1633 65 379 587 642 1274 1417 1710 1789
1800 265 486 896 900 1070 1116 1929
1895 370 491 686 764 1001 1105 1223 1236 1617 1853 1896
327 90 214 539 952 1274 1427 1731
334 79 85 227 489 1142 1320
368 682 908 1596 1761
608 59 480 692 1019 1228 1411 1675 1786
671 99 214 403 1370 1580 1831 1851
1180 69 295 1403 1433
1410 51 296 313 569 587 589 619 657 846 875 1054 1236 1270 1313 1525 1755 1846 1853
1518 180 899 1534 1831 1845 1862
1923 238 254 370 416 935 1027 1445 1636 1695 1733
1949 88 131 261 462 1132 1226 1271 1325 1423 1749 1847 1912
28 720 756 1006 1124 1175 1176 1198 1344 1386 1428 1446 1703 1986
720 134 203 306 445 798 870 882 1616 1781
756 52 72 82 238 293 311 601 680 796 824 1149 1565 1610
1006 101 128 195 781 952 973 1009 1165 1209 1595 1646 1845 1865
1124 61 407 441 753 1105 1481 1564 1611 1870
1175 367 615 707 874 941 1034 1035 1046 1282 1417 1630 1838 1942 1952 1999
1176 388 690 753 800 839 870 872 1151 1154 1576 1592 1652 1938 1988 1990
1198 67 441 664 827 1275 1322 1339 1428 1502 1980
1344 73 190 457 923 1750
1386 114 201 228 239 388 676 804 868 924 928 1017 1068 1128 1637
1428 271 454 539 815 1009 1052 1538 1586 1591
1446 518 599 1219 1227 1265 1561 1694 1699 1700 1937
1703 140 513 1022 1212 1649 1833 1858 1950
1986 697 1024 1554 1609 1655 1698 1934
29 411 421 476 727 852 924 1321 1368 1458 1487 1649 1875
411 346 488 541 635 696 896 1041 1113 1617 1714 1741 1899
421 355 630 948 952 1225 1544 1762 1805
476 98 288 569 665 959 1363 1371 1914
727 38 249 365 591 732 934 961 1372 1498 1586 1845
852 683 840 953 974 988 1247 1255 1291 1631 1966
924 36 264 325 445 708 731 881 1155 1191 1254 1303 1548 1769 1774
1321 272 304 562 701 945 1186 1390 1696
1368 469 630 794 1022 1338 1598 1663
1458 626 652 739 766 809 1062 1215 1237 1450 1695
1487 321 324 814 1059 1098 1370 1399 1431 1573 1663 1711 1827
1649 44 93 195 256 297 529 801 1017 1411 1786
1875 207 234 321 426 913 1103 1327 1769
30 1110 1488 1915
1110 237 317 403 582 641 1011 1193 1295 1313 1473 1883
1488 183 194 381 576 589 694 863 867 1055 1148 1227 1237 1364 1486 1551 1595 1723
1915 77 106 396 409 823 923 1243 1697 1922
31 202 484 658 1525 1806
202 418 780 1090 1346 1599 1798
484 47 102 238 497 575 728 977 1028 1057 1592 1711 1719 1848
658 681 921 1111 1242 1468 1697
1525 126 276 500 683 820 842 1147 1328 1834
1806 102 344 978 1065 1084 1141 1310 1313 1362 1366 1529 1602 1855
72 44 166 617 678 702 856 914 1009 1498 1557 1739 1792
90 233 1122 1212 1535 1932 1936
138 538 1007 1062 1318 1513 1609
398 374 489 731 850 1001 1592 1977
1883 200 211 370 404 668 768 956
1965 280 312 817 945 1241 1282 1765 1821 1835 1841 1980
352 292 497 736 847 901 973 1134 1223 1241 1330 1387 1493 1669 1725 1858 1862
512 193 673 868 961 1113 1145 1272 1322 1377 1483
791 357 539 553 1203 1264 1370 1541 1899 1973
936 1040 1044 1141 1184 1439 1472 1566
1227 562 696 809 969 1020 1092 1246 1270
1296 61 181 370 423 574 815 913 1039 1339
1343 82 208 221 238 522 1028 1272 1405 1434
1483 337 442 452 1068 1276 1364 1808
1627 489 1004 1071 1112 1191 1225 1287
1752 330 494 663 1379
1826 128 591 1048 1052 1507 1617 1678
34 195 265 293 297 317 542 566 1039 1055 1111 1729
195 143 589 1011 1141 1678 1834 1853 1908
265 149 761 1042 1401 1497 1790 1889 1911
293 554 798 882 1090 1367 1561 1646 1661 1812
297 183 275 586 1025 1115 1292 1308 1698 1953
317 388 1208 1278
542 174 343 478 811 929 1100 1105 1147 1350 1603 1652 1938
566 118 379 629 819 1004 1023 1053 1150 1243 1358 1465 1873 1963 1994
1039 147 175 234 357 638 1130 1248 1544 1954
1055 248 304 349 355 692 761 1286 1454 1510 1580 1692 1700 1794 1881 1888 1974
1111 326 855 1019 1098 1103 1855
1729 842 959 1757 1762 1850
224 114 834 850 1302 1322 1987
469 349 563 662 813 834 884 1500 1852
613 667 812 894 1034 1298 1305 1442 1467 1683 1919
1087 77 134 445 625 774 831 882 932 983 1058 1071 1377 1414 1871
1282 157 177 234 687 734 1131 1149 1178 1236 1325 1683 1719 1891 1906 1977
1365 184 216 551 580 641 715 784 1045 1430 1929 1959
1865 238 524 687 953 1027 1130 1233 1271 1279 1320 1581 1631 1786 1910 1919
1917 233 441 504 648 734 797 982 1260 1781 1790 1813
1955 754 781 1456 1656 1845 1877
36 612 894 1108 1240 1352 1613
612 184 186 395 875 978 1360 1392 1496 1539 1575 1626 1858
894 117 389 540 675 771 842 1476 1715 1959
1108 56 591 967 1189 1313 1568 1816 1920
1240 103 105 232 624 630 1008 1022 1052 1318 1768 1876 1978
1352 49 110 134 183 1178 1212 1807
1613 287 1569 1668
37 403 456 1507 1782 1844
403 320 375 629 675 807 840 872 878 1017 1598 1852 1968
456 88 341 619 732 847 897 1001 1118
1507 378 419 458 828 1444 1516 1768 1804
1782 357 394 524 749 840 1048 1148 1919 1967 1975
1844 266 519 739 1104 1158 1287 1436 1459 1550 1709
38 234 562 644 876
234 80 500 703 802 1085 1239 1350 1745 1815 1853 1984
562 83 486 541 722 1255 1283 1696 1808
644 220 330 609 1136 1469 1722 1974
876 157 188 252 285 607 635 678 812 966 1118 1603 1681 1725 1864
39 155 380 454 528 598 692 1062 1233
155 393 521 1261 1546 1685 1761 1819 1827 1838
380 186 441 758 1017 1586 1743
454 788 908 940 1069 1148 1264 1673
528 844 1743 1831
598 1027 1063 1448 1490 1796 1858
692 283 285 441 522 595 735 748 761 889 1214 1266 1501 1741 1792 1796 1831
1062 51 190 328 673 1054 1085 1090 1298 1506 1710 1792 1830 1996
1233 80 402 605 649 797 868 1152 1314 1325 1464 1608 1708 1845
40 51 221 386 711 1152 1732
51 74 773 978 1301 1332 1845 1925 1962
221 124 480 653 678 953 1011 1169 1284 1349 1416 1528 1547 1592 1775
386 143 156 362 927 1034 1513 1582
711 288 441 552 583 634 683 696 714 1053 1136 1377 1392 1582
1152 451 966 1395 1780
1732 106 135 365 448 580 1438 1773 1991
56 1472 1699 1798 1854
356 524 531 664 1074 1338 1509 1535 1563 1630 1669 1843 1907 1978
513 63 206 625 626 679 1258 1664 1948 1971
524 111 163 399 767 842 1003 1030 1041 1392 1512 1611 1913
652 50 215 846 866 878 1355 1816
698 244 364 437 637 1123 1130 1569 1591 1628
935 89 133 540 689 752 1042 1411 1679 1768
1193 154 179 634 1027 1029 1316 1318 1455 1692
1226 208 250 495 597 1103 1403 1442 1662
1442 97 843 859 1383 1506 1984
1754 304 450 607 1313 1424 1821
1992 88 187 214 231 379 554 1157 1540 1610 1740 1893
42 236 248 264 519 1079 1138 1179 1894
236 102 111 738 858 957 1035 1211 1473 1530 1896 1920
248 46 927 932 1155 1540 1560 1660 1757 1802
264 88 103 252 890 905 1163 1836 1978
519 88 209 333 372 774 927 1769 1846
1079 114 142 255 497 827 865 986 1376 1656 1884 1973
1138 46 89 142 210 233 301 697 959 1327 1445 1454 1557 1559 1748 1755 1947
1179 147 637 693 704 823 868 1035 1131 1341 1532 1593 1815
1894 272 545 697 933 1028 1704 1715
43 198 601 801 1122 1159 1269 1697
198 206 233 315 324 826 857 1040 1098 1130 1421 1454 1554 1881 1976
601 50 521 1033 1094 1479 1776 1837
801 680 722 835 902 929
1122 122 848 1481 1635 1716
1159 164 889 1294 1907 1951
1269 390 407 559 580 1229 1298 1465
1697 49 1183 1583 1972
44 541 1637
541 49 98 348 932 1133 1173
1637 104 247 1423 1740 1849
135 742 999 1001 1169 1284 1990
520 426 597 688 832 1662 1863
616 941 969 997 1447 1896
896 174 371 695 702 882 961 1011 1064 1219 1331 1450 1472 1490 1688 1903
948 235 540 761 1022 1161 1497 1570 1720
1332 594 678 725 738 814 956 1540 1548 1797
1470 169 242 522 621 710 807 991 1314 1385 1459 1652 1655 1952
1477 74 118 183 486 832 959 1513 1980 1987
1609 112 529 873 886 978 1125 1545 1810 1980
1892 282 320 339 550 638 744 820 961 1273 1369 1381 1395 1636 1768 1822
46 101 559 642 1050 1082 1593 1707 1791 1859
101 170 280 433 714 1173 1335 1486 1710
559 123 283 375 482 1026 1403 1842
642 262 400 759 1376 1472 1503 1516 1853
1050 257 728 1008 1802
1082 501 895 1223 1301 1661 1841 1871
1593 149 420 629 932 1679 1775 1896 1989
1707 551 892 1182 1484 1639 1926
1791 276 404 463 508 878 1563 1681 1845 1968
1859 86 865 866 1105 1292 1455 1710
47 233 257 586 639 843 959 1160 1264
233 410 538 780 1061 1155 1211 1213 1591
257 192 214 604 870 1440 1597
586 134 389 666 770 875 966 968 988 1306 1362 1456
639 200 227 448 502 785 1069 1078 1132 1312 1401 1753 1848 1891
843 176 207 231 247 499 529 857 1393 1427 1472 1574 1647
959 231 314 339 824 884 892 922 1145 1253 1288 1419 1510 1625 1639 1657
1160 107 180 349 364 687 1234 1392 1497 1726 1813 1830
1264 491 776 949 1459 1496 1855
48 218 315 322 834 854 897 1702 1821 1882
218 149 200 343 361 437 515 1061 1283 1972
315 131 210 255 362 486 552 1153 1798
322 214 452 593 664 723 890 1284 1653 1706 1957 1977
834 183 251 346 584 619 1088 1618 1683
854 326 372 426 480 955 1299 1305 1316 1383 1527 1678 1757 1803 1912
897 103 203 1730
1702 190 288 694 971 1150 1275 1421 1727
1821 238 261 1157 1325 1360 1493 1527 1685 1837
1882 408 1221 1289 1989 1990
49 126 226 376 507 707 1203 1539 1680 1929
126 593
226 168 191 261 277 467 1182 1437 1527 1921
376 294 360 567 694 790 1075 1104 1168 1666 1743
507 188 375 653 683 744 918 1091 1281 1765 1947
707 256 358 466 489 908 995 1189 1355 1364
1203 775 828 937 1120 1441 1494 1877
1539 163 266 408 434 813 846 908 1206 1329 1570
1680 82 102 855 992 1029 1115 1191 1223 1236 1918
1929 457 757 1700
50 99 179 402 1098 1225 1302 1618
99 122 786 1067 1096 1143 1330 1580 1628
179 552 835 1101 1157 1158 1208 1235 1360 1598 1763 1764
402 266 306 399 427 517 523 754 1271 1317 1318 1601 1619 1628 1635 1653 1718 1722 1761 1823
1098 384 480 1275 1489
1225 215 230 311 575 740 903 1139 1247 1666 1864
1302 290 294 452 554 649 844 892 1184 1200 1211 1293 1389 1422 1494 1735 1745 1863
1618 134 575 780 794 1075 1308 1685 1854 1980
74 952 1118 1184 1772 1775 1904
773 182 365 804 855 976 1101 1541 1585 1653
978 152 306 548 1029 1455 1508 1565 1621 1786
1301 151 364 848 1169 1814 1926
1845 92 375 410 797 1002 1103 1371 1433 1848
1925 79 363 725 869 1314 1667 1683 1825
1962 58 76 104 162 203 543 560 696 1294 1662
52 95 343 522 540 582 840 909 960 1112 1474 1870 1871
95 870 971 1370
343 309 362 480 501 788 811 856 1279 1349 1579 1746 1763 1783
522 82 288 617 792 858 1191 1276 1322 1456
540 142 788 829 1222 1664 1966 1968
582 262 271 361 556 1056 1336 1542 1576 1685 1760
840 156 538 609 769 793 1030 1153 1230 1523
909 384 706 723 848 960 1020 1044 1200 1416 1711 1748 1897
960 104 370 486 664 735 922 999 1413 1651 1775 1867 1999
1112 200 788 1241 1326 1366 1699 1937
1474 660 735 1008 1101 1182
1870 346 744 1067 1076 1156 1336 1512 1853
1871 215 295 303 433 676 768 803 863 1219 1414 1560
500 63 159 491 627 1104 1389 1764 1765 1897
604 67 587 878 1077 1216 1271 1294 1486 1694
633 75 146 304 401 503 693 928 1224 1867 1927 1961
1262 232 892 1057 1246 1306 1472 1675 1767 1881
1383 84 287 377 708 985 1605 1625
1387 85 342 477 1089 1617
1419 151 154 168 324 493 681 999 1218 1936
1478 92 682 716 761 1047 1284 1406 1574 1862 1891 1996
1634 414 858 975 1385 1535
1816 118 121 466 969 999 1207 1436 1546 1733 1819
1934 128 148 263 410 951 1247 1337 1369 1553 1746
54 129 747 793 1045 1271 1479 1815
129 203 466 716 794 846 869 1424
747 499 740 804 1425 1781 1977
793 312 419 632 1037 1065 1103 1154 1305 1502 1503 1583
1045 230 921 1130 1298 1384 1418 1660 1864 1939
1271 338 413 638 752 775 990 1004 1519 1594 1860
1479 617 685 990 1029 1037 1331 1709 1789 1809 1908
1815 269 1002 1021 1427 1813 1837
782 503 857 933 957 1329 1523 1999
1009 303 371 597 783 1450 1687 1720 1735 1851 1910 1988
1088 220 940 1530 1774 1785 1872
1200 148 149 597 856 975 1033 1048 1489
1246 109 244 250 261 342 442 539 820 931 1239 1402 1417 1545 1745
1574 88 96 694 724 760 855 934 1211 1291 1683 1904 1991
1852 255 353 856 922 1335 1819
1906 269 301 348 399 558 676 1437 1903
1472 360 966 1197 1958
1699 174 239 404 445 649 879 1337 1349 1559 1689 1913 1998
1798 630 673 731 788 1338 1555 1788 1834 1877 1989
1854 252 374 557 755 1396 1675 1848 1918 1947 1991
496 144 145 187 238 241 495 629 988 1668
672 93 200 331 357 490 906 1402 1993
1329 127 192 808 879 1254 1624 1975
58 188 570 640 999 1037 1401 1545
188 247 370 539 906 1440 1745
570 185 271 482 517 1137 1209 1213 1308 1453 1716 1829 1984
640 986 1041
999 106 174 183 204 244 283 744 1001 1327 1570 1668 1937
1037 78 584 718 922 994 1052 1585 1772
1401 266 349 768 970 1441 1864 1905
1545 560 643 702 871 874 983 1004 1078 1367 1420 1519 1718 1795
59 159 232 581 714 1091 1575 1664
159 482 903 986 1017 1128 1147 1293 1342 1437 1725 1796
232 389 530 585 961 1002 1444 1532 1551 1774
581 227 429 926 1270 1323 1349 1757 1792
714 243 377 653 655 1184 1544 1802 1805 1959
1091 237 255 591 925 970 1409 1454 1605 1676 1996
1575 704 1076 1421 1463 1482 1548 1628 1761
1664 211 230 401 607 664 1123 1589 1698 1817 1836
60 62 918 996 1427 1701 1953
62 109 147 882 961 1040 1126
918 168 209 420 439 781 1316 1592 1969
996 227 630 649 1189 1391 1535 1666 1730 1737 1937
1427 254 912 1070 1267 1283 1480 1642 1809 1947
1701 133 229 664 1187 1695
1953 405 573 685 716 763 1020 1186 1530 1651 1862
61 169 375 1456 1624
169 584 678 768 824 1969
375 354 736 944 950 981 1000 1133
1456 751 790 1795 1940
1624 145 249 346 1216 1312 1513 1746 1842 1919
109 355 679 863 968 1038 1123
147 153 171 388 464 1295 1320 1327 1364 1469
882 288 333 550 572 587 710 916 1493 1559 1694
961 186 214 365 389 716 956 969 1236 1914
1040 122 393 435 764 821 890 1002 1093 1139 1236 1237 1258 1750 1773 1794
1126 85 262 394 413 664 1001 1033 1047 1669 1740 1907 1952
63 420 595 650 673 689 1128 1255 1285 1287 1591 1653
420 172 213 216 256 301 447 457 563 589 678 731 994 1132 1435 1484
595 106 153 330 350 357 696 1084 1134 1293 1733 1880
650 106 331 458 470 702 859 1101 1166
673 355 1502 1579
689 118 866 952 991 1153 1261 1424 1513
1128 231 820 1070 1143 1519 1555 1566
1255 133 347 619 682 902 1237 1878 1930
1285 173 239 314 385 648 818 934 991 1258 1587 1796 1848 1876 1996
1287 325 446 708 933 1101 1123 1785
1591 93 338 554 701 1291 1362 1454 1858 1905
1653 166 210 339 340 722 921 1362 1513 1708
64 97 133 535 675 910 922 1163 1197 1448 1461 1667 1767 1830 1832
97 287 574 832 1407 1421 1447 1596 1741
133 156 192 219 354 529 667 693 1026 1540 1999
535 348 389 417 821 1281 1350 1405 1663 1683 1685 1970
675 750 863 869 1161 1272 1349 1448 1506 1987
910 127 151 543 550 619 654 846 1196 1404 1715 1839
922 348 701 722 763 1625 1998
1163 724 1089 1422 1538 1730 1785
1197 66 624 761 844 993 1293 1597 1931
1448 162 266 494 552 873 1024 1153 1173 1313 1372 1469 1675 1888
1461 330 384 399 515 766 1156
1667 298 873 976 986 1120 1259 1490 1570 1693 1910
1767 279 682 970 1061 1065 1243
1830 565 617 682 725 1550 1636 1902
1832 67 409 557 724 824 988 1184 1369 1408 1569 1834 1911
65 434 624 751 768 778 1148 1173 1668
434 154 301 871 1150 1161 1242 1563 1746
624 85 676 745 1068 1379 1452 1557
751 85 106 346 1256 1341 1595 1622
768 292 445 1868
778 103 227 439 653 699 750 871 1022 1223 1393 1698 1740 1749 1911
1148 84 131 884 1007 1033 1283
1173 515 602 635 956 1168 1266 1317 1745 1897 1904
1668 183 228 276 301 367 1853
66 324 745 929 1202 1292 1630
324 118 437 462 627 715 859 1178 1334 1360 1550 1849
745 103 497 981 1069 1229 1232 1619
929 495 649 663 760 908 1350 1694 1799 1876 1902
1202 306 679 1376
1292 231 395 696 708 1022 1272 1556 1573 1867 1878
1630 950 1158 1569
67 180 204 263 407 539 649 1239 1565 1629 1769
180 481 780 1007 1046 1069 1155 1362 1445
204 366 1594
263 443 788 901 908 1247 1460 1805
407 504 757 811 856 1165 1243 1279 1788
539 190 212 634 968 1592 1690 1695 1715 1772 1983
649 128 372 767 1186 1362 1547 1641 1742 1804 1909 1912 1981
1239 162 409 568 682 753 863 1102 1371 1586 1868
1565 594 856 1700 1758
1629 358 750 979 982 1024 1053 1317 1860
1769 166 446 464 497 1093 1286 1542 1700
869 489 661 847 1196 1253 1313 1342 1484 1803 1981
1048 142 238 272 311 418 678 1041
1120 521 666 685 1063 1326 1455 1657 1910 1927
1196 312 458 1330 1786 1939 1987
1358 306 678 912 945 1253 1789
1491 339 553 1254 1598 1765 1812 1971
1638 207 577 827 933 1281 1413 1570 1603 1675 1873
69 146 666 706 1019 1866
146 340
666 798 856 1184 1396 1460 1496 1838
706 491 803 888 1283 1998
1019 525 625 693 1595 1768 1812
1866 73 213 879
160 417 517 552 893 1086 1422 1788 1817 1944
176 412 446 549 757 890 1504 1604 1737 1808 1848
330 81 286 359 409 504 580 955 1022 1187 1407 1506 1672 1788
583 470 494 788 789 842 1135 1274 1366 1380 1422 1636 1921
662 157 467 1145 1864
731 764 901 1283 1654 1657 1716
767 422 567 593 786 908 1601 1809 1890 1930
963 158 255 728 794 1283 1303 1371 1418 1425 1445 1527
1034 1054 1325 1532 1581 1611 1635 1722 1761 1851 1853 1863 1873
1569 102 554 797 1094 1150 1182 1380 1824
1615 488 641 735 1004 1336 1537 1805 1987
1920 518 754 873 1413 1494 1714 1856 1990
1946 175 181 207 788 866 995 1038 1125 1248 1254 1710 1922 1947 1989
71 452 824 1140 1265 1289 1311 1809
452 86 807 1715 1722
824 201 752 832 967 1027 1278 1402 1710
1140 134 241 256 451 983 1056 1568 1641 1775
1265 163 695 753 1374 1657
1289 128 401 621 815 941 944 1002 1275
1311 149 186 200 309 441 708 1158
1809 1184 1253 1403 1430 1795
166 91 415 718 803 950 1059 1369 1385 1603
617 275 574 1020 1057 1157 1229 1395 1502 1971
678 426 1619 1839 1856
702 370 1308 1363 1531 1995
856 734 1490 1589 1661 1799 1827 1834 1889
914 389 572 937 967 987 1276
1498 260 429 878 1671
1557 458 477 660 890 1323 1568 1675
1739 177 574 851 1046
1792 235 288 754 1279 1611 1682 1694 1748
73 439 815 1406 1891
439 77 157 560 615 863 1213 1441 1547 1622 1862
815 957 1164 1453 1694 1711 1808
1406 162 185 279 371 389 556 821 1327 1642 1678
1891 283 339 410 419 567 716 738 785 981 1139 1248
952 81 171 244 435 605 610 742 765 977 1589 1748 1820 1912
1118 312 395 764 1061 1877 1932 1967
1184 251 558 1056 1231 1687 1795 1825 1907
1772 622 906 1024
1775 443 509 634 888 945 1206 1379 1431 1796 1838
1904 200 592 804 1076 1136 1275 1430 1550 1588 1692
75 177 418 451 680 1021 1447 1559 1848 1978
177 89 1338 1416 1522 1657 1671
418 192 259 378 416 757 1274 1694 1726 1742 1869
451 905 1157 1376 1503 1764 1849
680 665 694 1131 1151 1760
1021 694 699 823 1061 1337 1628
1447 89 390 682 728 971 985 1036 1066 1070 1187 1675 1735 1764 1971
1559 360 1133 1334 1438 1716 1760 1863
1848 663 1191
1978 165 661 985 993 1371 1396 1564 1590
76 255 301 901 1660 1696 1789
255 1136 1440 1796
301 210 560 592 660 742 1299 1480
901 117 311 336 986 1455
1660 118 623 1130 1191 1214 1595 1855
1696 337 629 1363 1494 1753 1785
1789 140 209 216 262 372 643 750 806 809 976 1333
77 320 722 811 991 1247 1399 1409 1510 1512 1590 1914 1991
320 312 405 792 927 1181 1189 1501 1704 1745
722 142 442 448 517 558 766 881 949 1426 1918 1922
811 154 209 328 393 634 703 1008 1416 1812 1867 1961
991 209 374 377 783 916 969 1370 1523
1247 366 506 1067 1141 1238 1376 1433 1682 1785 1905 1973
1399 283 435 505 637 893 1413 1522
1409 94 328 1057 1206 1259 1326 1429 1829
1510 80 325 891 1232 1403 1542
1512 282 355 377 414 905 1283 1716 1768
1590 217 968 1194 1323 1333 1349 1747 1944
1914 259 615 850 1036 1132 1414 1440 1674 1695
1991 346 538 786 913 989 1133 1786 1834
78 549 615 647 823 1224 1494 1973
549 162 501 728 1007 1056 1275 1502 1773 1968
615 86 92 130 480 514 993 1057 1468 1811 1858
647 93 304 591 685 1065 1312 1338 1718 1794 1811 1921
823 621 681 742 798 956 1189 1404 1460 1635
1224 250 400 597 1164 1267 1467 1655 1838 1864
1494 79 1248 1642 1750 1755 1857 1863
1973 279 688 1164 1482
79 490 790 862 930 1460
490 1220 1651 1711 1931 1995
790 285 941 1063 1764
862 282 820 1437 1788 1998
930 433 530 699 776 988 1147 1509 1841 1856 1877
1460 165 252 517 916 1151 1374 1496
80 679 724 733 776 969 1100 1580 1959
679 321 419 1123 1758 1776 1835 1838 1841 1975
724 121 209 525 681 694 1420 1534 1722
733 367 536 1028 1076 1391 1610
776 122 1208 1221 1560 1674 1737
969 410 607 1123 1757 1807
1100 229 295 749 1396 1437 1716 1795
1580 215 374 694 1420 1425 1436 1531 1645 1856 1976
1959 106 130 181 865 933 1692 1761 1764 1968
81 194 517 643 1059 1206 1940
194 654 1012 1105 1235 1439 1481 1685
517 124 655 888 1085 1211 1372 1459 1656 1662
643 83 271 314 363 807 1254 1260 1455 1501 1980
1059 259 458 514 1167 1178 1211 1303 1435 1681 1823
1206 1339 1473 1956
1940 426 839 990 1372 1381 1435 1631 1961 1976
82 210 592 881 921 1104 1272 1529 1588
210 157 713 796 818 866 1067 1218 1374 1570 1872
592 89 445 774 1242 1248 1509 1528 1841 1921 1980
881 282 574 812 857 1008 1229 1253
921 442 1706
1104 953 1004 1541 1550
1272 242 443 493 664 1065 1444 1453 1790 1817 1974
1529 134 231 280 1074 1322 1856 1964
1588 184 280 344 464 723 807 813 1049 1096 1221 1253 1314 1918
83 357 686 851 923 964 1116 1327 1698 1843
357 131 364 736 1016 1170 1357 1421
686 310 389 766 982 1402 1463 1722
851 900 983 1810
923 118 193 220 349 532 683 1041 1191 1438 1564 1582 1601 1825 1911
964 1592 1622
1116 85 209 482 736 1209
1327 256 525 629 870 1360
1698 256 361 435 1013 1922 1954
1843 186 636 1283 1465 1594
84 667 681 842 1132 1330 1384 1603 1715
667 516 1249 1278 1334 1377 1379 1645 1903 1911 1957
681 333 1036 1131 1391 1509 1741 1954
842 153 568 949 1186 1530
1132 119 144 349 990 1331 1661 1683 1737 1745 1997
1330 103 128 462 653 902 1694 1810
1384 365 404 688 1563 1602 1714 1758 1829 1863 1885
1603 584 676 1489 1683
1715 208 785 1042 1074 1101 1156 1626
85 136 412 1194 1566 1573 1625
136 744 774 1220 1242 1308 1366 1381 1807 1837
412 152 217 627 676 832 865 934 1093 1490 1508 1625 1733 1907
1194 149 152 691 875 886 1797 1810
1566 478 926 949 1279 1814
1573 308 372 389 390 657 1544 1662 1805 1850
1625 374 989 1090 1357
86 260 336 958 1293 1878
260 154 259 497 573 817 925 1379 1623
336 396 1730 1747 1817 1849 1969 1988
958 381 682 888 941 1623
1293 259 1313 1465 1486 1648 1880
1878 338 395 553 992 1004 1376 1570 1585 1927
367 239 287 396 1153 1172 1316 1376 1700 1786
395 477 1046 1235 1339 1391 1527
661 1657 1671
817 638
1230 185 1097 1131 1417 1678
1299 744 1759
1339 105 158 340 478 602 695 992 1337 1936
1417 110 508 664 668 1808
1457 277 438 937 956 998 1369 1422 1602 1762 1889
1666 493 505 1096 1222 1253 1333
88 765 1127 1136 1482 1596
765 127 174 445 912 1564
1127 607 986
1136 230 361 846 859 1067 1070 1454 1596 1931
1482 124 362 554 970 1026 1276 1284 1622 1631
1596 191 1168 1814 1968
89 254 688 760 1093 1733 1926
254 634 908 1947
688 987 1157 1253 1414 1425 1700 1834 1936 1997
760 117 256 742 1242 1497
1093 117 653 695 895 1286 1439 1741 1750 1867
1733 529 867 1191 1450 1742 1863 1993
1926 208 359 1316 1689 1829
1212 168 259 399 682 713 1024 1154 1213 1424 1546 1954
1535 124 235 346 809 1145 1506 1783
1932 156 441 648 701 891 940 1053 1086 1215 1220 1407 1459 1937
1936 137 602 635 1291 1506 1910
91 304 575 1393 1452 1576 1683 1835 1950 1988
304 124 173 294 427 627 754 1576 1694 1864
575 306 316 461 482 683 927 1075 1135 1242 1273 1389
1393 399 410 758 1286 1445
1452 987 1085 1335 1811 1950 1984
1576 687 974 975 1047 1075 1314 1391 1467
1683 399 605 781 974 977 1585 1592 1704
1835 306 409 467 470 872 1028 1113 1161 1298 1540 1556 1774
1950 429 826 1056 1403 1693 1890
1988 107 247 271 338 752 1150 1215 1395 1778 1951
92 331 348 509 819 990 1360
331 340 955 1213 1700 1757 1778 1969
348 209 497 593 1273
509 278 685 847 1077 1579 1720 1722 1976
819 975 982 1278 1612 1641 1746 1961
990 261 606 755 1158 1480 1879 1902 1912
1360 142 244 1004 1377 1993
93 121 131 206 550 783 920 1922
121 162 400 610 687 1408
131 404 687 788 1191 1445 1468 1652 1786
206 363 365 558 781 859 871 970
550 149 523 761 1357 1954
783 372 384 461 835 1312 1325 1608
920 342 379 391 445 530 682 966 1023 1951
1922 361 400 916 1182 1465 1527 1639 1711
94 653 934 1134 1490 1611 1814
653 470 1657 1758
934 211 590 932 1141 1308 1455 1709 1761 1996
1134 186 358 393 399 417 755 821 1434 1726 1757 1888 1956
1490 532 663 693 967 1807 1837
1611 316 466 1228 1671 1687 1734 1762
1814 344 353 710 900 1258 1453 1549 1749
870 531 685 863 1086
971 114 242 277 464 1036 1708
1370 156 173 377 505 531 728 764 890 939 1072 1267 1743
96 105 110 725 771 813 1744 1884
105 214 295 1139 1867 1939
110 215 328 654 1067 1390 1476 1812
725 106 283 508 713 1155 1413
771 266 556 589 1431 1469 1548 1676 1976
813 98 321 668 866
1744 576 597 1209 1706 1727
1884 137 163 665 890 1537 1855
287 350 761 890 1066 1317 1357 1465 1718
574 192 333 416 682 718 734 912 1077 1169 1532 1663 1679 1829
832 365 453 953 1168 1288 1414 1560 1980
1407 184 250 344 1279 1489
1421 660 940 1030 1166 1582 1704
1741 220 1003 1065 1730 1907
98 508 988 1041 1641
508 171 219 393 1064 1734 1903 1970
988 308 1323 1392 1541 1673 1817
1041 481 569 1054
1641 410 774 1022 1547
122 748 829 1540
786 1318 1749
1067 266 417 602 641 800 937 1804 1867
1096 239 584 798 1312
1143 1066 1178 1486 1619 1719
1628 657 808 977 1743 1957
130 262 536 1210 1476 1847
172 217 419 436 591 629 732 763 994 1243 1549 1912
182 441 690 985 1221
278 333 341 955 1305 1682 1903
453 606 1408
1347 227 723 1708
1620 208 326 699 1538
170 381 497 781 1042 1056 1295 1834 1880
280 785 1307 1513 1550 1583 1595 1805 1808
433 346 1150
1335 309 557
1486 1011 1232 1254 1489
1710 144 502 788 1150 1298 1610 1619 1860 1909
102 361 638 1538 1793 1889
361 217 230 414 429 638 804 932 1003 1261 1341 1357 1380 1748 1970
638 252 532 890 1058 1267 1395 1555 1749 1805 1864 1874
1538 338
1793 230 766 1595
1889 611 797 1831 1931 1951 1956
103 701 794 827 1113 1273 1542 1691 1957
701 631 873 1213 1760 1867 1993
794 183 219 295 408 788 1012 1220 1298 1489 1522 1541 1631 1939 1997
827 390 567 654 1735
1113 237 378 749 865 890 1825 1939
1273 360 385 655 1052 1694 1921
1542 217 607 890 1015 1046
1691 259 296 385 391 556 758 875 1042 1086 1621 1687
1957 316 359 985 998 1208 1298 1379 1453 1497 1947
104 1150 1531 1853
1150 174 227 878 1002 1195 1325 1506 1654
1531 443 552 928 1480
1853 185 979 1153 1742 1757
214 338 422 625 663 685 997 1411 1581 1820
295 818 995 1109 1242 1334 1548
1139 594 916 1089 1167 1425 1455 1570 1692 1907
1867 895 967 1349 1464 1810
1939 569 611 763 1020 1164 1261 1297 1516 1549 1635
106 153 415 584 637 682 713 1142 1276 1279 1331 1481 1690 1742
153 372 464 481 552 1071 1156 1334 1516 1616 1678
415 423 435 1170 1455 1654
584 710 738 1430 1438 1773 1780
637 112 251 780 785 905 1316 1583 1918
682 213 215 800 1195 1355 1553 1636
713 687 1083 1149 1690
1142 858 1389 1812
1276 312 525 780 906 981 1450 1645 1823 1856
1279 450 693 695 1534 1645 1849
1331 270 275 521 572 1094 1463 1851
1481 187 227 668 820 985 1166 1286 1389 1404 1714 1797 1868
1690 208 309 536 696 748 1589 1689
1742 394 399 506 1068 1283 1312 1320 1326 1682 1731
107 112 609 916 1484 1711 1734
112 191 212 1189 1888
609 523 577 981 1133 1550
916 118 239 347 1141 1234 1516 1857 1877
1484 585 597 1083 1283 1785 1822
1711 151 294 740 906 1209 1874
1734 466 568 949 1228 1297 1678 1695 1805 1927 1975 1990
716 174 237 266 306 757 933 1366 1860
903 462 628 664 736 1695 1818 1869 1966
1275 283 494 1222
1346 243 890 895 1369 1418 1689 1862
355 247 488 499 808 1221 1463 1480 1851 1974
863 212 531 663 1317
968 276 374 626 1877
1038 410 1149 1165 1553 1636 1984
1123 119 250 683 1061 1077 1459 1811 1890 1903
215 553 587 1218 1389 1570 1679 1750 1805
328 390 1441 1880
654 277 399 631 1036 1061 1157 1551 1748
1390 220 749 847 1320 1326 1374 1519 1930
1476 316 410 506 740 742 859 873 973 1444 1758
1812 571 784 976 1054 1235 1977
111 286 757 1035 1656 1921
286 494 1221 1291 1326 1408 1682 1737 1911 1944
757 219 606 800 812 1210 1342 1726
1035 228 266 641 807 1092 1169 1408
1656 804 806 875 1061 1074 1316 1582 1841 1981
1921 309 340 417 1001 1026 1146
191 235 242 417 482 872 949 1092 1103 1468 1532 1687 1811 1905 1910
212 364 423 450 825 1054 1879
1189 272 1089 1283 1342 1371 1795 1827
1888 587 804 806 855 1737 1822
953 446 558 580 1074 1648 1654
957 272 955 1157 1283 1441 1669
1601 200 636 690
1927 1374 1403
114 250 871 982 1831
250 389 396 664 979 1102 1133 1807
871 1234 1306 1506 1833
982 759 812 814 1437 1760 1954 1999
1831 436 630 977 1103 1297 1372
525 569 1153 1897
979 442 493 1307 1911
1036 262 477 521 668 1156 1209 1223 1267 1371 1849 1864 1981
1807 144 306 799 867 1072 1207 1587
118 1061 1153 1673 1836
409 313 374 516 780 800 1008 1172 1259 1718
951 576 1020 1141 1355 1586 1774
1495 389 446 502 1046 1281
1555 207 1065 1231 1392
1594 371 405 461 983 1074 1376 1441 1669
1636 200 504 1131 1191 1357 1522 1587 1679 1730
117 313 577 665 1158
313 142 276 385 697 1102 1236 1743 1902
577 970 1191 1678
665 249 346 423 973 1074 1238 1404 1944
1158 262 557 593 1872 1987
1061 514 822 886 1536 1820 1903
1153 213 393 611 1026 1049 1109 1975
1673 339 404 888 1186
1836 358 792 814 926 1216 1430 1639 1765 1879
119
285 144 145 391 467 1418 1635
829 1066 1182 1214 1314 1349 1361
1155 438 551 1052 1948
1298 597 735 967 998 1675
162 241 557 967 1071 1154 1367 1731 1797 1902 1918 1976
400 173 325 1033 1260 1433 1519
610 231 333 518 587 927 967 1355 1568 1647 1750 1755
687 404 405 478 895 1208 1424 1961
1408 241 572 846 900 1054 1232 1759 1805 1850
748 796 1025 1423 1930
1540 429 660 1294 1416 1842
123 558 812 1310 1858
558 709 806 986 1029 1221 1820
812 467 857 1131 1288 1811
1310 489 835 908 1254
1858 229 809
124 298 326 1235 1631
298 303 571 585 806 1316 1434 1438 1728 1774
326 389 390 481 699 1294 1563 1790
1235 283 657 664 1283 1608 1616 1995
1631 446 798 826 1086 1260 1961
1513 231 364 1211 1391 1583 1652
1550 211 353 401 589 636 683 839 1286 1323 1872
1788 183 497 587 593 847 995 1165 1214 1582
593 344 766 1218 1260 1564 1616
127 151 846 1366 1527 1873 1981
151 1274 1662 1692 1839
846 371 798 1496 1553
1366 184 477 822 831 986 1553 1671 1751 1757
1527 565 993 1337 1464 1467
1873 1151 1425 1605
1981 341 873 1727 1824
128
203 1007 1154 1516 1956
466 387 718 893 1066 1849 1930
1424 983 1338 1416
262 437 554 789 891 1064 1610
536 529 565 728 740 1074 1396
1210 142 1011 1209 1440 1534 1551 1645 1768
1847 664 986 1020 1363 1681 1786 1824
404 636 789 809 998 1105
788 393 436 804 949 1085 1842
1191 436 553 1748
1445 497 1241 1857
1468 587 997 1146 1797 1846 1966
1652 709 1105 1918
1786 629 1948
239 1137 1243 1795
370 697 875 1570
497 185 270 769 826 1042 1248 1579 1589 1645
156 736 1842 1850
192 764 1281 1554 1654 1692
219 152 809 886
354 252 1783
529 572 599 789 1085 1405
693 663 695 1058 1411
1026 353 937 1013 1075 1303 1342 1823
1999 143 470 587 715 1261 1349
134 309 872 1907
309 626 695 814 828 1747 1811 1879
872 521 1708 1736 1740 1864
1907 282 332 499 636 928 1229 1568 1651
742 463 912 946 1799 1825
1001 572 755 1820 1833
1169 181 272 388 594 855 1837
1284 1058 1183 1242
1990 271 619 1065 1500 1502 1516 1602 1758
744 754
774 321 740 1089 1209 1363 1896
1220 663 850 858 868 1396
1242 704 1502 1560
1308 341 448 753 1145 1231 1423 1813 1909
1381 165 567 629 977 1077 1568 1619
1837 277 826 989 1131 1374 1454 1530 1605 1834 1893
137 377 405 594 712 1004 1679 1834
377 358 572 1109 1469 1813
405 185 568 1161 1437 1785
594 340 974 1261 1291
712 627 1232 1312 1817 1834
1004 144 752 1222 1544
1679 446 956 1025 1075 1502 1581 1595
1834 1146 1322 1333 1367 1429 1662 1725
538 227 530 875 906 1342 1403 1753
1007 181
1318 347 563 621 696 1161 1910
391 292 417 1879
1056 750 839 848
1068 244 443 557 626 1385
1149 1083 1241 1252 1720
140 463 523 955
463 458 556 966 983 1170 1570 1746 1839
523 571 1585
955 486 1063 1651 1810 1896
245 859 970 1236 1385 1655 1759
504 427 699 1720 1745 1760
738 158 858 1003 1307 1422 1441 1700 1966
804 1003 1053 1070 1178 1228 1336 1489 1496 1718 1823
831 857 1305 1317 1910
1579 272 316 986 1860
1669 1066 1232 1597
142 467 501 889 1167
467 181 1333 1657 1995
501 770 1058 1092 1508 1730 1780
889 442 462 521 699 1467
1167 606 797 1125 1361 1753 1855 1975 1996
143 152 1260 1313 1937
152 365 414 763 1261 1320 1349 1396
1260 1182 1237 1549
1313 1172 1294 1364
1937 848 1647 1747 1947
144 1181 1219 1530 1604
1181 1434 1676
1219 347 1003 1238 1307 1395 1692 1872
1530 366 718 764 1661
1604 499 521 1017 1355 1645
145 503 1215 1249 1597
503 970 1069 1086 1151 1519 1799 1841
1215 247 977 1218 1231 1516 1714 1829 1905
1249 338 956 1730 1868
1597 657 663 1850
340
171 341 628 1071 1855 1890
388 296 1090
464 697 868 1161 1281 1528 1700
1295 691 732 931 967 1084 1730
1320 1094 1718 1819 1956
1364 213 739 932 1599 1980
1469 277 390 641 1145 1342
148 230 303 710 1078 1780
230 803 927 973 1749 1976
303 626 1071 1307 1411 1811
710 572 580
1078 183 759 1131 1325 1758
1780 480 518 1011 1681 1718
149 859 1496 1747 1919
859 865 1661 1995
1496 825 1259 1675 1808 1869
1747 333 855 1065 1130 1502 1877 1983
1919 358 761 1232 1718 1938
266 288 316 486 1316 1758
1156 362 437 761 1165
1455 1187 1214 1252 1316 1437 1541 1564 1693 1719 1958
1948 1213 1392
1998 256 820 1413 1434 1787 1879
1274 565 589 1090 1314 1412 1595
1662 209 435 655 820 867 1030 1052 1377
1692 568 1170 1323 1379 1725
1839 272 353 480 482 993 1234 1515 1661 1687
365 1963
414 486 551 977 1336 1402
763 158 590 998 1435
1261 384 1372 1764 1954
1349 350 1523
1396 350 442 557 569 663 1423 1589 1685 1749
372 229 759 1084 1094 1726 1842
481 585 818
552 181 363 560 865 1092 1534 1723 1864
1071 208 338 435 1141 1376 1879
1334 491 826 940 1849 1857 1961
1516 174 252 628 974 1183 1797
1616 1751
1678 229 399 1405 1509 1753 1862
154 655 828 1297 1431 1592 1645
655 956 967 997 1094 1380 1714 1740
828 193 1015 1561 1675
1297 703 1336 1362 1425 1763 1773 1942
1431 259 276 766 875 1075 1209 1465 1672 1735 1863
1592 636 865 1612 1762
1645 423 1187 1312 1685 1718 1750
393 635 890 1549 1745 1783
521 568 1369 1908
1546 448 1259 1508
1685 818
1761 292 820
1819 276 785 1157 1541 1554 1700 1718 1750
1827 235 775 1109 1228 1325 1622 1654
1838 238 607 1266 1423 1796
736 1076
1842 663 1024
1850 269
157 378 422 683 1229 1648 1661 1727
378 912 973 1799
422 855 1151 1164 1429 1695 1718 1899
683 310 629 1170 1714
1229 276 349 886 913 1102 1237 1548 1694 1719
1648 1328 1563
1661 715 1069 1089 1824 1968
1727 269 690 1137 1362 1389 1740
158 835 1435 1731 1872
835 201 554 571 796 844 1695 1716
1435 848 1105
1731 229 1024 1253
1872 766 781 912 1762
482 259 499 1312 1551 1695
986
1017 1598 1651 1785 1787 1903
1147 213 353 780 1758 1795 1824 1864
1342 580 1047 1357
1437 231 276 308 347 803 899 1049 1585 1589
1725 410 545 1564 1598 1750
1796 548 928 1294 1755 1820
417 1605
893 349 1748
1086 585 668 1728
1422 1195 1222
1817 339 789 1058
1944 228 1015 1165 1714 1885 1930
569 435 750 1170 1316 1508 1554 1902
1548 271 1253 1551
1642 168 1183 1258
1890 458 478 1216 1367 1423 1534
1942 1046 1363 1563 1774 1825
241 186 1013 1762
557 781 933 981 1433
967 987 1283 1305 1444 1646 1720
1154 183 292 1528
1367 190 493 1046
1797 548 797 1141 1730
1902 294 796 1047 1672 1931
1918 228 691
1976 641 1328 1524 1549 1718 1963
163 494 605 734 848 1395 1672 1913
494 489 1288 1392 1439
605 548 730 1211 1376 1497 1709 1833 1863
734 1610 1626 1704
848 1869
1395 272 623 626 1371 1556 1595 1687 1841
1672 941 1411 1709 1755 1910
1913 1429
164 732 888 975 1057 1236 1317 1467 1822
732 419 516 1361 1464 1568
888 445 543 821 1371 1537 1598
975 927 1011 1971 1983
1057 208 242 338
1236 183 259 1066 1931
1317 450 648 802 1585 1795
1467 379 461 1064
1822 410 1723 1813
165 886
886 312 427 1307 1968
718 1989
803 489 543 1790 1849 1899
950 333 1214 1371 1968
1369 401 826 1379
1385 625 944 1338 1341 1726
252 985 994 1515 1737 1951
374 502 590 792 826 940 1726 1755 1846
390 360 627 694 994 1303 1746 1971
168 798 1231 1560 1757 1995
798 387 981 1103 1371 1560 1967
1231 363 553 994 1266 1749 1893
1560 173 244 551 723 855 932 956 1524
1757 231 1267 1969
1995 629 1473 1480 1749
1969 1070 1868
381 193 730 750 1778
781 227 591 1008 1454 1768
1042 1157 1172 1450
1880 1013 1157 1223 1849 1857
341 488 1064 1357
628 256 457 556 1133 1563
1855 622 1008 1337 1441 1716 1863
217 1033 1961 1994
419 276 1020
436 739 1655 1719
591 344 587 1243 1357
629 261 462 568 937 956 1528 1964
994 1430 1682
1243 450 461 1322 1363 1856
1549 385
1912 353 868 1493
173 337 363 1420 1433 1726 1964
337 839 1237 1745 1881
363 238 470 518 1063 1253
1420 491 809 1598 1864 1956
1433 900 1700 1706
1726 1305
1964 1209 1623
174 495 970 1000 1092 1101 1654 1984
495 866 945 1182
970 1085 1813
1000 292 296 704 766 797
1092 1027 1076 1473
1101 1813
1654 766 1253 1568 1746
1984 668 926 1450 1602 1758
175 229 753
229 730 784 1714
753 728 1097 1228 1930
446 350 1473
890 443 844 1323
1504 441 1146 1450 1610 1764
1737 858 927 1465
1808 396 563 1151 1544 1762 1810 1813
1338 458 556 913 1069 1075 1182 1270 1813
1416 216 826 1252 1374
1522 208 435 505 1029 1047 1221 1258 1975
1657 565 1146 1166
1671 576 800 1361 1804
1052 892 1623
1374 353 358 486 944 1187 1860
1954 269 983
1157 1115 1333 1977
1208 691 796 1172
1598 353 634 1089 1751 1970
1763 190 589
1764 937 1254 1283 1966
780 209 480 857 1074 1781 1862
1046 275 294 632 749 1141 1595 1700 1897 1908 1911
1069 228 962 1404 1773
1362 865 874 1125 1328 1528 1655
181 1266 1783 1967
1266
1783 339 1027 1439
1967 435 480 966
441 1389
690 359 607 1063 1187 1294 1434 1473
985 1515
1221 282 332 379 408 587 785
183 1749
1749 187 477 944 1465
184 809 1804
809 695 932 1256
1804 844 1305 1414 1818
185 493 808 868 874 1003 1908
493 429 1166 1441
808 589 641
868 445 1568 1751
874
1003 900 906 1391 1589 1820
1908 1161
186 752 761 789 1130 1876
752 699 1222 1426
761 1813
789 346 499 531 891 1372 1719 1938
1130 987
1876 676 879 1687 1790
187 292 371 548 884 1146 1553 1989
292 884 977 1619
371 625 648 1172 1587
548 201 426 797 1141 1758 1885
884 413 1183
1146 553 1216 1564
1553 1064 1325
1989 384 413 1824
247 1303 1824 1856
906 321 941 1241 1722 1768
1440 553 825 939 995
1745 193 1083
797 314 1316 1687 1811
1856 913 1053 1178 1570
1930 228 321 1141 1582 1849
190 201 306 478 1485
201 296 567 1141 1403 1501
306 396 399 622 636 1002
478 855 905 1682 1823
1485 754 1259 1294
235 200 764 1423 1700
242 193 499 1022 1429
949 516 1413 1473 1524
1103 347 818 895 1515 1857 1968
1532 379 423 1694 1899
1687 1186 1222
1811 660 766 989 1371 1489
1905 1599 1623 1868
1910 704 758 764 1307 1509 1972
764 1924
1281 554 820 1011 1405 1453 1743
1554
193 1439
1439 350 364 631 867 1044 1252 1805
1012 282 387 448 622 704 802 932 1066 1333 1709
1105 1028 1974
589 359 385 873 1016 1232 1500 1501 1813
1011 208 634 792 931
1141 347 755 913 1379 1426 1528
256 283 847 1211 1874
350 977 1404 1813
396 437 1724 1877
1961 554 1161 1799 1956
231 1083 1135 1688
739 867
770 1028 1074
1833 435 641 941 1459 1716 1829
1952 735 755
826 399 632
857 379 1213 1232
1454 879 1326 1561
1881 560 1402 1682
277 443 685 1544
442 1033 1125
200 294 632 1213 1434
294 384 983 1131
632 389 1097 1195 1578 1676
1213 282 867 1168 1223 1524 1802
1434 769 1172 1464 1785
296 502 568 1002 1135 1753 1851
567 785 1758 1813
1403 208 244 866 905
1501 353 556 855 1125
1090 641 1418 1506
1599 599 1075 1172 1182 1748
1956 1379
366 1070 1987 1997
387 631
554 878
1813 993 1023 1027 1587 1700
207 316 1044 1259 1336 1412 1750 1803
316 488 611 1029 1450 1493 1693
1044 1758
1259 435 1700
1336 657 905 1728
1412 1694 1820 1994
1750 866 1503
1803 691 1075
208 599 993 1054 1214 1564
599 807 1899 1958
993 891 1016
1054 321
1214 1879
1564 283 470 973 1072 1254 1312
209 438
438 401 1502 1635
796 362 426 973 1541 1787 1909
818 1608 1646
866 576 1380 1736
1218 1708
1570 663 1728
211 755 839 1473
755 312 945 1441 1758
839 908 937 1413 1459 1585
1473 974 1612
364 740 1980
423 362 1084 1676 1970
450 426 940 1303
825 664
1879 413 1794
213 946
946 634 905 1303 1689 1863
338 359 792 850 895
625 283 437 1583
663 626 715 966 1996
685 270 981 1863
997 448 1312 1753
1411 457 477 1022 1089 1722
1581 602 891 1027 1076 1681
1820 1131 1404 1586
553 358 580 602 723 1537
587 940 1676
1389 676 1288 1306 1676 1768 1787
1805 458 847 932 1135
216 962
962
1033 1238 1312 1506 1735
1994 933 1794
437 532 966 1312
515 227 249 290
1283 754 1049 1211 1617 1938
1972 1337 1693 1758
220 1376
1376 308 1325 1500 1503 1523
480 270 1515
1528 271 634 1508 1509 1874
1547 912
346 360 912 1137 1493 1980
506 802 1947
1523 445 858 1228 1355
1760 606 879 1094 1464
940 269 1170
977 703 735 1063 1646
1306 384 1094
1655 1971
1706 1899
1724 1583 1776
1768 939 1020 1438
850 1164 1583
1322 902 1350 1519
1987 1102 1864 1897
699 814
1508 660
1759
261 799 1172 1377 1720
1182 879 1450
227 1316 1983
1316 806 1968
1983 272 349 1765
228 1556 1794
1556
1794 413 448 551 1418 1709 1730
730 1709 1846 1970
784
1714 1115 1355 1426
927 1328 1438 1617 1841
973 461 606
1083 1211 1234 1391 1444 1849
1135 621
1688 530 1288 1426 1874
389 814 1802
530 457 867 891 1426 1681
585 1164 1248 1646
1002 1027 1328
1444 1361 1626 1719 1970
1551 895 1379 1622
1774 410 619 956 1911
410 1380 1931 1951
1211 321 631 900 1270 1585
703
802 1583
1085 532
1350
1423 623 1464 1951 1975
1700 966
858 470 1874
1896 944
237 891 1270
891 735 1234
1270 696 1363
238 249 314
249 844 867
314 759 976 1860 1863
1137 447 873 1938
1795 360 630 759 1209 1860
272 1049 1787
1931 1561
1013 333 807 899 1097 1776
1762 1605 1911
499 750 1047 1238 1509 1694
1022 611 769 785 1605
1429 347 426
243 568 1076 1183 1823
568 505 664 1519
1076 1857 1993
1183 1109 1372 1509
1823 1709 1970
244 899
899 630
399 627
416 518 1493 1785
1337 502
1303 989 1049 1810
1824 556 822 1357
932 556 723 1663
1802 1751
844 635 1023 1402 1450
867
664 344 1109 1326
1102 312 648 766
1133 1323 1536 1748
251 735 873 1605
735 1047 1413
873 905 1024 1333 1689
1605 1222 1735
1515 865 1075
1951 379
1740 1228 1647 1869
634 325 1587
908 288 937 1028 1361
1947 1286
283 648
847 754 995 1195 1541
1874 1377
413 892
750 1089 1404 1497
1066 279 545 1464 1735
259 332 998 1234
332 1909 1996
998 1736
1234 560 1646
573 1020 1500
925 347 1524 1849
1379 282 759 1426
1623 1058 1841 1911 1975
799 590 1465
1172 1256 1695
1377 358 966 1785
1720
1064 308 576 1746 1790
1610 384 385 602 623 939 1371
443 401 426 1072 1258
905 708 1058 1075
1497 1647
1790
1911
288 282 992 1029 1748
486 630 1178 1267
1758 691 1438 1651 1841
696 429 477
1506 992 1430 1480
269 311
311 900 1676 1825
270 551 622 1781 1818
551 944 1993
622 983 1480 1736
1781 426 1170 1622
1818
271
1049 983 1326
1787 358
290 1996
321 276 800 1582 1746
1897 353 800 931
1145 426 1500
1765 571 939 1016 1053 1253 1778 1877
275 715
715 1253 1743
276 1829 1860
1829 807
1860
1544 358
333 821
1305 1441 1958
1682 1849
1903 895 1582 1587 1970
279 657 1025 1326
657 626
1025 694 1084
1326 571 1595 1862
785
1307 325
1583 814 1736
1595 1232 1675 1689 1996
282 694 1524
694 344 759
1524 895 1509
648 966 1072
607 709 902 1708 1735 1924 1996
928 1016 1164
1237 491 1863
1426 1785
1708 1232
1418 362 1441
1635 989 1480
1291 758
1357 989 1094 1899
1465 458 1065
1718 875 992 1380
992 1363
1029 488 602 709 1857 1868
1748 532
1361 1676 1743
1585 769
1689 987
1996 349 435 1020 1077 1207 1974
1568 445 1723
1587 956
1619
1561 518 900 956 1464
1646
384 1736
983 1909
1131 1252 1278 1899
995
1109 879
502 1008
1753 892
1851 379 627
1115 769 1693 1909
571 758
806
1438 855 1453 1493 1534 1755
1728 426 457 626 749 1534
1170 360
401 1328
560 447 623
660 1938
1480 623 1755
1503 1294 1582
1639 636 1325 1453 1719
626
427 349 580 697 814 1441 1997
627 458 749 1323 1746 1966
754 1392 1405
1694 989
1864 1392 1425
1028 708
1404 1735
636 1430
630 1500
308 531 775 1207
531 1024
775 956 1425
1207 1008 1097 1380
695
814 820
310 1195
1195 563 1924
900 1125 1252
1676 1463 1464 1589 1695 1776
1825 1077
312
385 875 1751
697 461 1165 1863
1743 895 1509 1693
759 1161
976 491
1863 691 1267
362 358 1328
488
611 878 989 1312 1977
1450 1436
1493
1693 516 1015
1278 769 820 1161 1582
339
987 766
1286
792 822
1704
800 941 974 1186 1459
1582 956
1746 1773
723
1977
1534 477 1736
1730 448
1909
462 429
1178 602 1168 1751
1849 491
325 1187
1187 461
1294
1563 1047
1441 1223 1810 1975
359 631
580 1755
1778 758 1232
821
489
912 1125
895 1841
342
344
360 532 1252
1980 691 1869
347 1186
1186
349
518 704 1075
1223 1626 1846 1869
1241
1862 1966 1968
353 676 1216
676 606
1216 1709
1463 623
1974
1074
1509 1063 1617
1016 532 1391
358
631 1248
532 1736
1252
429
1341
1380 505
1970 1773
1328 1958
470
1063
1253 1663
740 514 572 989
1963
1070 1097 1164
1997 1075
875
1084
1094 879 926 1453
457
1164
590
1755 1617
1846 981
944 563
981 572
1075 597
1168 1519
572 1608
1799 728 1709
379
758 1072 1125
1586 545
939
1736 855
1751 1589
1971 458 766 1500
635 1209
394
477 1877
1391 556 619 926 1459
1877 1626 1647
1228
1519
1722
807
878 606 941 1232 1773
1968 691 728
1161
1785
1165 1072 1453 1459
408 1232 1578
1232
1578 1899
516 1402
1008 1612
1617 1125 1238
1899
865 749
892 1256 1267
1402 728 1589
435 1065 1536
1869
1020 926
447
563 619 1089
855 1502
1151 641
1695 941 1027
1626
426
913 820
1256 1681
458 1325 1392 1893
1893
1027
1065 619 749
1536 1675
1719
966
1312
1502
1622 621
704 708
1125
1072 556
1258 545
445
448 1608
1608
956
606
1868 769 1735
619
1325
1392
1405
461 1355
1355 1459 1885
556
1333 1024
1723
1500
1166 1053
1024
597 879
1993 1047
1541
1363
1371
1254
1938
728
1267
1651
491 1966
1966 974
1288 1030
945 623
769
1248
1589
1453 766 1430
1047 621 879
1238 879
1058
1841 1222
505
1077
1885
514
1372
1459
1030
1681 1709
576 545
1663
565
1222
543
545 820
820 1716
1621 1430 1716
1773
602
1537
933 1709
709
623
1089
1023
1053 926 941
1209
1716 1323 1857
621
1314
926
1323 1647
1430
766
974
879
1958
1776
1709
902 1675
1735
1924
1675
1647 749 931
989
1674
941
749
937
1097 1857
641
1612 1602
668
1975
1414
1425
691
708
1436
1413
1810
1464
931
822
1489
1015
1857
1602
