0 78 209 513 586 733 935 1029 1249 1281 1309
78 77 217 287 441 452 521 564 567 620 720 721 825 832 843 879 960 1043 1251 1284 1305 1349 1387 1458
209 33 36 51 69 103 136 217 223 236 335 393 533 638 644 837 935 983 1019 1103 1212 1223 1347 1464 1466 1493
513 279 306 386 452 485 654 843 958 999 1065 1191 1391 1392
586 297 366 502 955
733 145 246 345 380 400 582 638 658 682 828 894 1216 1445
935 41 55 74 108 205 298 450 459 488 508 511 518 569 596 676 725 797 801 821 916 977 1124 1154 1199 1266 1295
1029 94 139 190 278 309 368 423 540 606 622 933 1151 1257 1259
1249 3 56 419 522 549 589 630 829 839 973 998 1072 1075 1082 1275 1375 1418 1495
1281 13 281 400 533 603 747 834 940 986 1220 1266 1381
1309 82 167 170 193 200 271 314 328 508 696 713 819 849 894 1102 1140 1161 1224 1337 1376 1477
1 23 39 201 293 339 535 767 908 980 1164 1223 1255 1299 1300 1356 1439
23 74 147 293 308 496 573 688 780 781 870 906 949 1043 1075 1230 1292
39 15 153 196 220 257 412 632 654 670 681 821 1011 1019 1095 1106 1125
201 89 453 843 897 947 1004 1012 1071 1077
293 42 266 312 314 351 423 502 512 561 637 806 835 866 951 1103 1278
339 86 112 200 204 309 454 495 534 548 584 683 918 964 1004 1090 1167 1329 1383 1401 1405 1424 1474 1481
535 234 490 540 645 691 701 706 722 723 756 842 1089 1094 1320 1416
767 295 310 332 384 447 721 820 944 1088 1125
908 211 227 263 299 346 431 438 580 654 725 750 844 958 1152 1381 1443
980 168 181 253 408 677 805 871 876 888 1226 1239 1392 1444 1456 1466
1164 5 53 154 163 610 691 705 762 797 847 909 919 1011 1081 1244 1328 1470
1223 41 109 202 221 310 314 336 379 391 432 456 461 492 510 518 817 883 887 1165 1260 1275 1452 1495
1255 29 33 51 256 271 277 310 420 455 614 634 684 737 829 1022 1177 1304 1384 1472 1487
1299 55 88 126 176 262 416 453 508 613 644 663 753 775 789 916 981 1023 1027 1141 1322 1346 1479
1300 226 338 430 833 886 892 957 1027 1185 1340 1353 1452
1356 129 375 450 496 716 1119 1233 1243 1297 1475
1439 263 346 499 515 516 574 666 694 732 830 913 1008 1119 1185 1319 1321 1374 1391 1414 1418 1434 1489
2 30 128 157 166 187 289 305 371 433 506 591 639 640 712 1100 1125 1177 1179 1182
30 20 114 137 179 219 231 281 415 488 581 726 768 1016 1208 1218 1246 1326 1380 1390
128 22 97 275 308 495 637 776 954 1014 1087 1268 1305 1321 1438
157 10 93 96 195 236 239 478 641 658 744 895 1125 1226 1298 1372 1402 1420 1467 1499
166 145 278 314 371 379 604 684 757 770 825 1104 1196 1244 1331 1373
187 66 153 155 192 313 350 407 519 560 594 596 1146 1149 1166 1237 1274 1317
289 117 159 163 183 364 416 433 592 640 689 712 750 844 1050 1348 1407
305 62 79 135 146 217 316 430 552 602 688 734 936 965 1160 1191 1349 1381 1445 1486
371 49 84 184 416 422 580 735 822 1151 1210 1295 1317 1355 1454 1464
433 331 639 684 737 786 861 898 913 925 1088 1213 1280 1355 1484
506 191 212 505 828 867 1044 1199 1219 1297 1315 1447 1465
591 210 213 647 847 923 961 976 1266 1322 1432
639 57 125 241 299 364 527 652 732 808 902 1048 1166 1238 1242 1253 1332 1357
640 12 44 62 176 235 332 394 400 495 619 822 849 852 914 924 958 1080 1103 1121 1375 1441
712 46 63 124 230 271 325 361 404 415 641 657 858 981 989 999 1020 1032 1057 1096 1137 1265 1268 1288 1350 1360
1100 108 292 375 576 649 651 656 675 741 755 759 783 836 852 902 965 998 1062 1109 1450 1478
1125 51 197 466 589 936 956 1002 1047 1096 1097 1453
1177 69 178 190 324 340 464 676 761 762 807 811 861 870 872 986 1049 1132 1141 1205 1232 1464
1179 37 46 119 163 172 191 300 373 393 578 758 826 872 917 932 1086 1155 1485
1182 70 71 110 113 116 146 180 198 282 435 498 501 593 606 718 788 825 968 1180 1196 1282 1429 1451
3 53 264 309 316 351 361 451 458 468 635 716 961 984 1025 1058 1153 1194 1403
53 66 243 361 402 470 762 882 1077 1157 1186 1207 1217 1261 1275 1352 1405 1473
264 134 170 426 456 482 529 579 609 765 899 969 995 1062 1194 1225 1256 1311 1324 1397 1451
309 15 125 204 279 286 395 448 519 662 664 881 969
316 14 135 189 196 233 404 411 587 786 927 1004 1126 1232 1297 1469 1470
351 36 73 197 238 490 503 594 645 675 719 765 891 1014 1036 1139 1214 1252 1496
361 226 251 401 636 726 739 748 755 995 1070 1261 1380 1424 1434
451 160 239 328 356 366 406 462 509 536 637 750 764 776 815 823 874 999 1058 1151 1174 1396 1407 1432 1476
458 22 211 240 283 378 409 480 529 538 662 691 698 737 765 885 891 1202 1289 1351 1367 1382
468 145 163 248 276 487 533 700 709 874 930 937 993 1040 1176 1193 1221 1247 1431
635 220 281 441 652 885 995 1132 1295 1321 1370
716 28 34 40 359 378 387 523 694 697 720 729 775 807 1012 1020 1057 1077 1086 1139 1250 1329 1337 1435
961 175 522 770 780 1003 1025 1059 1080 1168 1495
984 273 624 742 750 812 878 925 1009 1292 1298 1401 1464
1025 109 188 252 307 369 374 559 672 736 933 956 1118 1140
1058 145 304 320 428 499 651 773 791 871 1026 1060 1090 1152 1250 1279 1331 1354 1454 1491 1495
1153 179 327 587 611 673 756 891 1240 1457
1194 51 63 109 215 373 552 745 1033 1089 1186 1343 1362 1375
1403 91 186 248 353 418 555 609 784 834 971 1120 1126
4 108 448 471 500 809 822 912 1055 1079 1132 1147 1163 1457 1480
108 233 245 276 509 577 607 701 929 950 972 1170 1221 1408
448 229 318 524 872 1230 1240 1252 1298
471 109 135 227 265 435 440 625 675 713 794 881 882 1017 1090 1386 1480
500 193 334 533 534 542 603 683 776 942 992 1092 1118
809 14 22 136 181 241 348 489 504 632 705 736 779 805 849 910 1068 1286 1485
822 57 124 210 269 347 372 508 512 606 609 625 720 832 891 995 1064 1117 1136 1174 1213 1409 1450 1471
912 163 370 484 610 876 909 951 1135 1139 1158 1393 1398 1407
1055 98 116 197 274 318 363 463 502 507 516 560 618 666 981 1038 1141 1176 1221 1310 1311 1325 1460
1079 27 89 107 196 284 352 634 643 831 882 1015 1052 1181 1227 1443
1132 17 69 386 531 634 636 957 1115 1124 1160 1232 1260 1357 1380 1386 1435
1147 16 864 947 1050 1231 1243 1369 1376 1387 1400 1470
1163 137 281 439 509 594 825 904 1022 1109 1171 1287 1469
1457 130 317 345 429 440 568 725 884 945 1009 1264 1390 1394
1480 31 37 163 508 566 647 1198 1365 1384 1412
5 119 204 214 262 518 569 619 638 795 899 1178 1212 1270 1312 1336
119 252 272 368 486 669 728 743 845 901 979 983 1095 1392 1452 1463
204 70 138 258 425 457 516 737 754 879 1019 1106 1118 1169 1482
214 233 519 520 524 549 569 669 721 1358 1447
262 17 134 388 532 567 619 662 678 765 795 1259 1268 1367
518 20 51 59 137 174 276 294 321 345 364 594 700 727 766 772 897 991 1032 1124 1129 1176 1243 1451 1486
569 106 178 273 327 524 554 606 625 851 883 933 954 975 1038 1144 1385 1400 1483
619 117 149 153 360 517 644 681 723 787 827 844 1253 1277 1344
638 131 155 176 277 585 846 1148 1149 1225 1421 1479
795 134 175 234 315 492 617 847 914 999 1109 1187 1411 1466 1476
899 89 147 406 574 600 622 708 749 824 1000 1142 1166
1178 57 406 476 563 570 817 1084 1112 1135 1292 1320 1385 1395 1425 1498
1212 10 45 143 260 370 425 652 667 736 750 753 872 1057 1234 1310 1339 1342 1418
1270 144 357 419 452 475 525 589 666 678 843 1168 1368 1493
1312 25 38 51 82 274 517 526 624 746 1045 1322 1417 1497
1336 25 57 102 111 226 278 551 757 836 1004 1102 1111 1240 1344
6 387 461 475 587 689 992 1009 1035 1113 1353
387 32 41 51 155 169 294 692 739 932 1092 1120 1342 1354 1416 1489
461 52 168 229 274 328 655 858 978 1097 1152 1363
475 41 196 347 384 414 465 492 530 566 641 695 714 756 802 860 929 1032 1034 1078 1105 1131 1226 1395 1443 1496
587 87 144 153 220 251 284 323 343 449 459 473 491 597 660 703 746 779 835 864 868 922 988 1292 1386
689 61 273 286 318 401 553 568 768 775 791 797 812 853 988 1134 1238 1252 1274 1340 1407
992 29 155 252 303 315 465 514 595 681 742 774 780 922 1213 1427 1458
1009 242 245 421 588 855 875 1012 1083 1191 1407 1492
1035 25 151 391 402 629 711 759 1005 1030 1070 1155 1210
1113 134 183 248 454 478 670 727 760 870 878 897 933 1148 1150 1196 1220 1444 1481
1353 37 104 332 390 426 553 916 1020 1064 1071 1076 1088 1141 1243 1368
7 325 337 373 379 516 562 597 744 746 763 938 975 1006 1040 1133 1221 1305 1347 1399
325 33 110 126 207 399 444 771 778 787 1033 1244 1262 1337 1381 1399
337 77 634 1030 1074 1203 1313 1421 1448
373 11 146 223 410 491 537 867 995 1112 1114 1174 1243 1346 1349 1359 1410
379 113 169 184 386 415 464 657 715 870 988 1001 1047 1091 1121 1266 1306
516 49 76 208 552 574 780 911 917 979 1160 1256 1360
562 177 205 244 588 623 661 906 1231 1352 1471 1478 1489 1498
597 47 118 137 198 257 333 715 723 741 801 1015 1258 1305
744 169 245 323 364 529 534 707 1233 1236 1422
746 34 590 775 784 804 837 854 880 986 1072 1165 1462 1499
763 8 136 706 987 1218 1339 1352 1372
938 96 101 188 196 206 240 310 364 404 499 565 603 830 1258 1276 1365 1442 1466 1497
975 67 89 161 364 393 420 843 916 929 945 951 958 1191 1260 1394 1419 1491
1006 150 152 153 162 427 722 917 944 1134 1160 1208 1319 1468
1040 38 145 186 225 249 389 390 546 594 762 782 890 910 993 1000 1142 1160 1185 1449
1133 164 191 255 263 313 612 622 628 707 958 1169 1207
1221 146 226 250 261 350 460 580 626 682 735 942 1070 1097 1333
1305 573 580 700 730 764 806 843 1052 1084 1463
1347 50 94 336 383 697 762 919 976 1091 1111 1121 1184 1267 1351 1361
1399 10 67 118 183 192 346 457 487 608 647 895 1097 1116 1210 1301 1429
8 56 145 156 196 225 496 584 632 819 1112 1144 1241 1289 1342 1433
56 186 245 266 377 453 498 595 653 691 725 731 735 827 1188 1247 1370
145 99 242 272 526 575 787 1081 1220 1261 1288 1294 1407
156 33 36 180 235 353 362 447 573 696 1011 1049 1306 1345 1489
196 83 235 254 609 843 1061 1099 1343
225 160 181 193 195 259 344 446 641 647 798 871 966 1229 1464
496 24 29 66 249 317 350 370 484 593 1014 1103 1184
584 28 93 135 163 286 343 350 615 653 664 730 761 829 837 886 1050 1105 1158 1273 1400
632 67 86 122 217 233 280 321 726 729 772 986 1062 1276 1329 1446
819 85 142 258 338 342 477 555 571 651 836 1112 1129 1250 1489
1112 36 47 99 430 454 641 805 828 848 1098 1136 1293 1321 1416 1493
1144 286 831 895 954 1210 1213 1396
1241 49 66 221 244 253 297 307 488 494 616 666 752 1091 1098 1203 1367 1370
1289 315 319 367 423 799 895 1010 1012 1059 1106 1115 1160 1186 1260 1431 1496
1342 241 247 344 385 812 856 859 977 982 1001 1068 1070 1418
1433 126 312 384 408 447 449 683 950 1062 1109 1192 1218 1224 1337 1368 1443
9 43 117 349 491 580 699 753 1023 1053 1149 1152 1195 1322 1341 1384 1491
43 32 182 199 414 470 484 745 758 876 967 990 1026 1216 1380 1495
117 147 172 232 254 326 396 459 681 727 816 1036 1049 1106 1447 1479 1499
349 41 696 842 847 868 904 996 1022 1054 1102 1139 1149 1181 1225 1227 1293 1333 1352
491 55 175 200 336 439 944 959 1041 1048 1146 1222 1278
580 160 176 255 295 302 366 505 542 702 801 1017 1068 1141 1171 1444
699 41 62 81 248 340 413 663 727 806 878 897 954 1141 1431
753 97 116 354 408 509 531 611 643 656 923 1155 1200 1273
1023 135 238 329 421 454 501 503 796 834 924 947 1104 1172 1196 1360
1053 25 169 197 230 342 514 623 724 787 1045 1096
1149 17 224 312 474 721 867 1092 1378 1386 1491
1152 192 286 356 479 629 769 792 827 893 1065 1077 1092 1233
1195 382 498 594 660 835 853 856 946 1024 1124 1218 1339
1322 133 192 240 447 515 540 585 608 643 653 709 735 749 779 841 865 1037 1060 1122 1341 1453
1341 147 173 185 403 424 528 575 585 602 616 679 764 907 1247
1384 16 34 92 121 155 228 515 589 609 742 1039 1350 1394 1499
1491 18 149 212 245 265 595 665 694 708 833 978 1013 1083 1121 1167 1343 1412 1413 1455 1460
10 175 277 312 388 395 470 682 784 812 863 1032 1057 1283 1412 1454 1494
175 299 366 548 805 902 942 1159 1173 1215 1352
277 47 84 111 113 116 144 168 386 402 503 508 556 861 1130 1189 1244 1424 1446 1461
312 107 143 363 522 583 812 913 953 1033 1473
388 61 134 255 274 287 308 732 867 868 956 972 987 1184 1468
395 75 149 452 530 559 589 1126 1145 1148 1156 1268 1291 1365
470 35 176 457 1021 1052 1114 1148 1392 1481
682 14 71 236 302 338 481 504 551 710 741 745 820 839 1131 1283 1348 1365
784 28 75 89 164 528 616 747 860 993 1085 1232 1420
812 317 483 519 548 550 637 690 737 739 749 927 1010 1019 1089 1099 1370
863 88 93 120 294 315 426 656 694 706 796 875 1422 1448 1455
1032 139 524 850 987 1046 1285 1321 1333 1350
1057 68 240 412 419 539 613 732 738 759 1017 1045 1185 1382 1461
1283 37 44 91 158 307 608 880 900 1184 1224 1232 1285 1338
1412 297 394 411 571 601 734 791 914 1087 1174 1175
1454 85 125 281 317 790 852 973 977 1084
1494 106 135 509 655 751 762 876 1022 1075 1118 1257 1294 1318 1365 1477
11 139 261 400 429 834 911 982 996 1189 1256 1285 1288 1333
139 20 163 211 502 528 629 648 880 937 965 1070 1157 1252
261 13 101 103 321 643 678 768 838 924 932 968 979 990 1031 1148 1402 1460
400 171 232 265 322 366 368 436 552 564 583 927 1098 1208 1387
429 190 288 297 307 353 386 404 508 590 810 868 921 1208 1210 1386 1389 1424
834 180 194 402 563 688 1294 1301 1351 1474
911 65 92 97 266 393 672 705 824 936 991 1130 1269 1273 1424
982 206 550 558 602 607 662 817 1151 1190 1214 1364 1402 1424 1429 1431
996 132 144 311 340 354 522 593 752 759 857 902 1003 1004 1010 1129
1189 279 285 596 999 1066 1224 1233 1261 1318 1394 1426
1256 167 607 707 989 1137 1185 1208
1285 27 38 105 246 286 397 427 454 650 658 754 933 1020 1091 1124
1288 57 158 315 356 550 572 602 692 903 993
1333 83 501 604 796 831 978 1092 1199 1247 1361 1440
12 228 749 783 881 913 1085 1122 1229
228 73 296 298 479 672 754 794 919 926 936 960 968 1021 1123 1130 1138 1174 1181 1216 1225 1427
749 193 366 707 789 842 943 965 1030 1061 1148 1304 1313 1329 1492
783 96 102 123 134 274 364 520 598 600 765 841 926 1039 1381
881 13 115 137 176 398 441 550 867 991 1012 1134 1158 1224 1308 1372 1448
913 37 205 207 340 431 751 878 909 1097 1396 1422
1085 45 386 391 541 659 665 1065 1068 1103 1232 1244 1478
1122 151 294 425 592 659 815 821 868 939 1046 1169 1352 1388 1470 1471
1229 116 768 797 888 1021 1293 1296 1410 1465
13 24 47 59 61 104 127 167 334 747 973 1161 1184 1222 1277 1437
24 211 321 372 415 484 528 631 668 679 725 735 821 967 1138 1279 1349
47 21 32 253 444 739 868 878 1118 1420 1446 1459
59 151 298 301 499 588 720 1002 1022 1266 1337 1379 1498
61 102 132 195 430 622 726 728 827 830 866 917 957 964 1168 1492
104 58 67 405 439 476 686 727 1007 1054 1319 1357 1422 1465 1479
127 75 319 556 933 970 1063 1161 1165 1237 1456 1486 1496
167 18 20 42 72 76 84 296 323 414 415 455 614 735 776 800 1060 1068 1080 1134 1329 1490
334 426 559 656 726 978 1034 1169 1206 1284 1413 1453 1487
747 25 35 109 241 381 464 533 546 666 703 794 930 1002 1102 1131 1196 1218 1296 1427 1451
973 64 95 406 428 567 573 808 864 895 926 941 1020 1387 1437
1161 21 35 94 120 283 436 469 499 590 643 773 832 878 930 1109 1264 1331 1450
1184 423 459 760 818 838 957 1046 1268 1354 1375 1418
1222 164 428 434 575 658 691 779 934 987 1052 1238 1363 1376
1277 122 224 240 474 484 583 671 692 735 785 962 969 1156 1243 1258
1437 66 94 133 181 210 381 482 507 532 563 571 630 740 960 1027 1048 1054 1061 1148 1340
14 45 131 144 152 158 182 607 707 721 737 849 921 932 934 1111 1148 1217 1395 1485
45 369 412 511 522 559 596 641 1068 1077 1278 1302 1339 1387 1464
131 57 248 263 350 375 1068 1083 1224 1326 1368
144 76 160 406 410 530 663 721 788 856 1121 1198 1206 1398 1499
152 67 93 148 268 380 401 528 839 885 926 977 1065 1121 1168 1247 1375
158 18 71 101 138 283 522 534 768 891 1052 1188 1232 1248 1377 1460
182 159 313 420 555 696 781 791 840 893 967 1092 1134 1307
607 103 148 215 240 295 355 494 627 658 774 827 884 958 1293 1368 1402 1452
707 20 132 269 403 727 889 960 1031 1218 1332 1380
721 380 477 525 818 917 924 1118 1216 1293
737 76 297 408 568 611 659 677 827 871 895 934 1014 1188
849 71 169 239 270 382 439 527 578 596 724 866 1033 1103 1126 1298 1444 1490 1495
921 235 445 517 571 645 670 708 758 843 1005 1367
932 134 327 357 368 439 582 667 833 1284 1296 1382
934 110 170 297 424 459 678 691 840 887 901 1253 1263 1321 1348 1418 1432
1111 57 202 220 248 394 579 751 804 1014 1204
1148 105 125 173 396 566 694 1205 1292 1490
1217 302 442 545 568 617 857 906 1014 1041 1224 1225 1301 1473 1479
1395 165 211 327 340 342 367 407 515 543 582 651 658 666 702 824 979 1361 1459 1461 1484 1496
1485 97 99 143 188 336 466 561 764 926 1081 1410 1455
15 111 162 294 523 735 1247 1254 1290 1373
111 76 126 197 222 283 290 462 687 840 1019 1138 1365 1428 1452 1478
162 21 49 174 246 306 313 426 609 656 697 717 776 845 896 955 1131 1176 1207 1349 1495
294 91 257 487 614 678 741 768 856 915 929 1000 1070 1369
523 176 179 181 217 229 528 906 994 1017 1250 1310 1335 1388 1415
735 32 153 303 799 828 851 1041 1118 1213 1226 1274 1345
1247 149 452 805 927 957 1075 1121
1254 153 180 230 269 489 565 705 738 851 970 1083 1098 1203 1458
1290 106 112 178 257 463 599 630 667 688 725 798 1052 1206 1250 1435 1441
1373 103 260 392 430 437 649 817 1099 1140 1240 1463
16 98 146 190 376 618 651 903 990 1072 1134 1142 1272 1396
98 350 411 505 525 610 617 657 706 751 862 964 1037 1106 1287 1387 1431
146 32 313 358 556 624 761 815 964 979 1140 1175 1225 1250 1390
190 19 79 235 666 667 818 1075 1093 1103 1171 1265 1370 1482
376 222 299 512 650 736 815 848 890 998 1306
618 492 539 654 751 785 894 1060 1103 1263 1448
651 267 481 732 1169
903 446 710 756 1034 1224 1344 1462
990 179 205 239 282 301 355 575 802 825 947 955 1067 1151 1191 1266 1315 1425 1488
1072 86 205 249 292 449 726 898 941 979 987 1080 1092 1378 1381
1134 398 425 841 864 907 941 1073 1116 1117 1262
1142 292 327 724 736 833 894 942 1088 1121 1375 1389 1409 1471
1272 134 330 598 726 926 1150 1205 1477
1396 239 344 430 442 568 672 694 717 728 880 967 1034 1141 1181 1413
17 58 86 154 197 236 297 425 492 582 652 700 835 924 1005 1167 1191 1271 1375
58 217 481 930 977 1051 1099 1162 1284 1368 1374
86 215 226 233 296 411 446 564 585 592 850 897
154 125 130 140 231 424 428 501 643 646 734 761 997 1213 1269 1314 1402 1407
197 170 511 788 802 850 1068 1101 1245 1366 1449
236 101 150 205 211 215 233 545 739 771 1252 1368 1448
297 77 151 435 595 739 1065 1067 1225 1243 1315 1476 1499
425 19 33 44 215 216 314 415 445 488 557 561 594 600 613 874 906 915 974 1287 1382 1450
492 89 308 341 524 568 570 593 655 679 687 740 769 898 997 1074
582 80 170 202 255 314 660 787 791 926 1073 1090 1126 1174 1348 1351 1469
652 34 252 286 437 439 553 684 723 887 951 1002 1197 1199 1231 1259 1329 1337 1354 1429 1474
700 254 396 436 686 701 761 794 1061 1118 1210 1406
835 79 84 179 390 391 445 674 727 815 1218 1258 1482
924 79 150 161 296 298 306 307 318 423 435 442 456 459 701 857 914 1044 1077 1274 1301
1005 29 50 112 238 249 476 525 553 600 765 773 798 1157 1170
1167 122 368 787 790 925 1000 1004 1096
1191 151 377 404 452 598 623 649 810 859 1243 1315 1441
1271 27 89 165 185 298 493 546 804 1041 1071 1135 1442
1375 63 150 367 547 626 690 750 951 1052 1225 1295 1320 1447 1484
18 282 304 315 424 529 979 1033 1054 1218 1236 1304 1388
282 140 292 551 867 1019
304 99 142 501 665 706 853 866 940 1158 1302 1405
315 136 224 557 570 593 769 836 855 1460
424 69 192 327 330 414 540 583 772 956 970 1004 1168
529 93 402 485 663 673 853 868 962 1012 1131 1201 1294 1420 1435
979 198 263 268 365 370 509 736 1084 1116 1203 1296 1368
1033 211 219 352 436 741 820 1031 1120 1150 1294
1054 48 92 120 125 493 520 524 680 751 874 1143 1172 1316
1218 69 116 168 346 410 564 588 642 732 1220 1306 1364 1393 1460
1236 46 313 370 527 565 600 722 759 829 866 896 970 1015 1088 1174 1355
1304 57 120 246 473 502 505 571 628 709 772 859 981 1074 1197 1267 1345
1388 137 205 230 268 551 703 705 1181 1301 1311 1332 1474
19 74 551 576 600 656 1242 1459
74 26 159 165 220 251 324 447 539 550 646 857 998 1056 1094 1237 1357 1387
551 143 169 265 323 354 508 673 773 1016 1110 1124 1291 1295 1496
576 29 118 171 585 723 725 766 1020 1048 1075 1355 1432 1478
600 291 385 462 558 583 717 730 802 900 922 1022 1024 1302 1490
656 94 288 302 333 365 416 466 650 711 816 1030 1232
1242 46 105 189 233 251 386 564 677 1050 1214
1459 35 229 633 681 782 810 950 1098
20 34 194 374 473 502 510 527 994 1016 1230 1264
34 62 72 341 459 473 677 685 796 929 1002
194 126 140 155 382 409 413 532 566 642 742 823 829 1180 1370
374 198 375 391 572 1253 1284 1327 1348
473 94 193 195 243 358 391 411 574 624 684 764 1145 1206 1380 1409 1477
502 137 147 302 533 538 644 658 768 900 1138 1267 1302 1314 1499
510 102 123 195 319 432 484 512 560 598 623 754 880 943 957 1066
527 54 76 183 199 508 614 659 756 768 916 983 1186 1202 1314
994 311 380 498 507 545 631 662 879 1002 1017 1047 1268 1408 1423
1016 60 180 449 808 949 1031 1344 1387 1486
1230 71 222 803 950 952 1027 1171
1264 671 681 1000 1193
21 276 381 420 447 727 740 841 887 1070 1089 1411 1455
276 213 380 501 595 686 897 1128 1405
381 101 302 480 547 595 609 718 752 826 845 896 1369
420 161 221 368 521 526 567 659 762 884 1269 1279 1473
447 141 163 181 272 279 443 739 766 776 853 1278 1482
727 70 161 174 184 677 740 1017 1061 1160 1233 1422
740 238 412 488 525 571 679 748 759 765 787 989 1039 1447
841 44 407 860 1019 1092
887 81 106 193 354 452 528 581 848 867 915 925 937 1047 1183 1337 1364 1386
1070 238 499 512 669 696 709 1096 1228
1089 94 240 463 751 826 1211 1345 1397 1424 1438 1479
1411 107 240 259 340 377 419 659 729 793 811 910 967 1154 1244 1381 1461
1455 85 105 327 542 590 956 959 999 1062 1076 1214 1248 1332 1414
22 177 393 595 772 985 1093 1209 1231 1328 1366 1369 1489
177 113 216 218 267 419 579 620 673 811 942 1203 1234 1267 1379
393 26 138 306 657 788 811 918 974 1138 1365
595 72 124 223 229 291 413 626 808 824 1105 1213 1311 1363
772 87 244 331 409 532 541 1117 1219 1231 1258 1301 1389
985 254 409 454 688 947 1042 1129 1220 1227 1449 1453
1093 205 249 444 575 593 603 683 732 814 878 891 894 991 1007 1041 1369 1413 1468
1209 40 101 271 438 714 799 936 1028 1036 1086 1359 1418
1231 52 160 358 430 438 540 628 742 807 898 988 1084 1106 1206 1260 1310 1361 1387
1328 26 28 75 88 328 333 525 643 648 742 1083 1248 1260
1366 27 164 165 221 396 401 519 547 820 858 964 1037 1047 1067 1130 1210 1397 1423 1479
1369 284 306 555 818 917 930 953 1171 1319
1489 153 250 284 532 671 803 862 883 1123 1473
147 71 90 165 403 685 769 1010 1243 1445
308 76 195 211 248 430 729 730 771 801 986
573 57 191 237 322 501 631 718 730 815 854 874 918 946 1000 1154 1238 1239 1325
688 149 195 242 341 642 695 732 741 764 824 1391 1498
780 202 220 655 669 778 798 906 949 1186 1398 1402
781 88 134 252 311 318 405 442 880 949 987 1042 1426 1475 1490
870 163 323 394 536 602 625 1034 1063 1105 1126 1238 1253 1410 1441 1498
906 76 176 738 794 893 971 1442
949 229 356 377 390 455 507 623 644 674 808 825 1034 1088 1233 1302 1317 1421 1473
1043 143 270 287 378 382 389 536 621 752 1185 1244 1258 1381 1423 1440 1476 1498
1075 42 148 219 330 805 830 1172 1387
1292 193 769 778 794 800 882 1017 1124 1214 1244 1365 1482
211 343 423 435 490 625 708 978 1265 1280 1394 1397 1417 1427 1495
321 37 44 148 210 459 525 609 655 782 960 1083 1127 1165
372 99 184 344 418 488 508 750 831 845 1233 1387 1429
415 69 101 173 232 302 411 503 541 563 585 623 756 892 1031 1313 1372
484 232 290 328 343 435 545 764 830 839 880 1051 1146 1192 1260 1402 1407
528 137 330 378 681 953 1175
631 42 164 253 257 269 399 454 565 614 623 698 829 851 1095 1128 1198 1354 1386 1417 1419 1476
668 189 487 1097 1425 1493
679 244 348 929 1048 1083 1104 1146 1253 1364 1472 1474 1476
725 94 96 107 436 485 567 592 852 989 1401 1427
821 701 864 1024 1123 1265 1311 1313 1471
967 191 288 390 864 1200 1226 1280 1316 1376 1379 1471 1482
1138 87 188 352 445 556 801 875 987 1094 1106 1225
1279 241 257 390 498 511 694 728 830 889 890 910 1200 1335
1349 181 224 310 331 521 533 867 1027 1077 1124 1406 1410 1483
25 62 118 405 726 758 803 954 1107 1159 1400 1430 1483
62 352 453 467 547 741 942 1037 1045 1096 1120 1135 1234 1458
118 67 283 284 490 722 734 806 845 885 950 1065 1287
405 217 218 256 370 606 1146 1343
726 75 151 188 241 265 419 449 578 680 852 1370
758 70 329 546 844 919 948 1036 1243 1450
803 192 235 353 383 391 512 603 658 868 878 1030 1458 1469
954 389 401 459 708 709 797 952 1067 1357 1389 1473
1107 63 89 189 547 655 789 953 1357 1383 1493
1159 123 350 499 575 880 1306 1332 1416
1400 101 114 223 360 438 585 713 860 1114 1186 1302 1402 1429
1430 335 836 861 900 1211 1278
1483 150 210 243 267 278 439 479 556 1327 1474
26 69 70 71 335 404 540 927 1007 1180 1295 1402
69 278 377 538 748 1011 1409 1472 1474
70 51 243 285 479 494 879 896
71 150 186 219 611 751 928 1326 1331 1424
335 77 333 522 661 690 1273 1306 1370 1466
404 51 268 497 565 686 717 754 771 919 1064 1119 1301 1394 1443 1492
540 623 663 681 800 1051 1087 1371
927 269 411 421 434 578 581 855 1012 1090 1291 1478
1007 113 238 284 338 340 566 794 1013 1047 1084 1098 1327 1481 1486
1180 184 185 227 258 347 548 669 680 759 1022 1096 1226 1410 1441
1295 66 207 265 300 412 720 1019 1094 1216
1402 38 121 450 593 625 708 775 876 989 1442
27 42 109 245 418 446 811 873 875 894 1019 1047 1246 1372
42 354 452 479 539 563 633 667 879 1314
109 36 250 380 546 564 720 885 968 1000 1410
245 253 265 341 999 1074 1344 1380
418 173 329 519 560 575 661 844 1081 1176 1243 1426 1451
446 122 186 260 524 552 598 867 946 1001 1146 1156 1204 1213 1214 1301
811 54 113 416 442 522 566 611 742 968 1001 1124 1332 1408 1470
873 65 68 87 160 296 382 455 616 654 1078 1425
875 68 160 299 466 550 681 691 1020 1199 1274 1301 1316 1490
894 106 159 186 286 416 769 777 797 807 829 856 972 1211 1409 1460 1467
1019 84 100 163 193 736 801 936 1109 1124 1246 1452 1499
1047 348 391 445 477 672 709 771 883 893 966 1081 1188 1233 1421 1425 1448 1475
1246 37 133 233 288 520 589 817 845 944 1034 1297 1444
1372 195 443 666 806 808 876 904 1110 1495
28 213 483 665 666 671 937 1276
213 140 170 311 347 474 574 581 645 664 732 748 945 1045 1140 1308
483 281 530 599 722 764 1014 1061
665 517 676 685 748 1065 1088 1314 1355 1364 1488
666 178 217 329 490 594 655 718 859 862 891 1154 1379 1409 1468
671 328 590 633 683 768 1031 1104 1239
937 87 507 534 611 764 907 1102 1408
1276 368 442 503 508 617 643 663 674 907 910 976 1071 1225 1452
29 482 521 673 764 817 1096 1251 1321 1417 1461
482 60 126 206 220 439 1415 1464 1475
521 270 303 434 548 775 823
673 103 124 270 354 438 514 711 761 860 866 895 940 963 1108 1257 1280 1308 1415
764 189 279 377 481 634 698 1394 1465
817 102 443 490 556 955 1031 1165
1096 80 126 365 519 533 567 930 1045 1076 1323
1251 370 410 416 851 879 956 1171 1175 1417 1427
1321 235 280 298 558 616 711 718 789 1049 1083 1088 1204 1233 1497
1417 101 286 299 368 439 460 757 816 825 933 1298
1461 64 436 659 694 831 847 880 1060 1330
114 220 221 827 926 974 1145 1198 1446
137 160 215 310 328 344 408 641 642 695 736 810 838 850 986 1010
179 101 403 544 548 571 703 711 931 942 978 1011 1382
219 46 332 431 517 614 779 800 856 978 1024 1069 1275 1315
231 76 100 112 170 250 298 341 350 432 517 742 778 779 928 1204 1224 1326 1378
281 52 103 441 476 477 630 797 855 951 1003 1014 1034 1131
488 88 199 434 596 611 915 1228 1244 1381
581 170 226 260 268 296 837 883 933 1039 1068 1098 1409
768 163 198 233 234 459 561 697 750 957 1013 1392 1469
1208 134 326 435 464 511 636 791 885 1170 1233 1248 1308 1359
1326 313 450 848 917 936 1135 1136 1398 1488
1380 116 185 208 342 508 793 796 1078 1099 1123 1235 1378 1413 1469
1390 123 134 247 602 647 743 844 888 955 972 1074 1261 1453
31 38 161 522 687 823 983 1183 1233 1243 1268 1343 1473
38 75 279 319 389 905 970 1370
161 199 235 352 391 532 693 883 966 987 1104 1386
522 396 439 519 653 1118 1248 1273 1456 1492
687 579 646 662 701 909 1092 1387 1416 1462
823 132 350 616 621 724 1367
983 106 183 274 303 403 479 1024 1258
1183 88 94 250 301 314 354 380 585 680 999 1010 1334 1385
1233 130 170 525 681 1046 1156 1418 1428 1460 1473 1482
1243 259 327 466 566 596 695 1030 1106 1172 1234 1263 1296 1346 1445
1268 224 460 715 845 892 895 1188 1418
1343 255 898 1001 1393
1473 233 248 275 399 531 1051 1128 1172 1286 1435 1497
32 251 477 1067 1351 1398
251 218 360 390 443 453 706 855 1135 1446 1495
477 33 153 410 608 779 813 868 1114 1158 1265 1424
1067 173 341 413 474 567 605 613 644 648 669 1056 1154 1371 1446
1351 342 614 628 774 925 1052 1140 1146 1382
1398 48 79 208 320 345 630 650 676 748 825 917 945 1108 1110 1409 1448 1465
33 140 412 444 627 645 658 703 757 855 977 1008 1015 1168 1192
140 65 472 594 730 774 1024 1062 1245
412 68 79 178 608 692 922 950 970 995 1045 1127 1140 1203 1235 1238
444 52 99 185 218 274 290 472 751 793 816 1215 1253 1274 1284 1443
627 116 122 159 172 199 210 283 593 797 933 1206 1313 1338
645 330 343 530 898 1076 1116 1301
658 125 273 287 731 745 1102 1394 1479
703 89 186 206 242 332 336 390 391 670 672 685 850 1311 1394
757 90 608 634 791 828 844 1154
855 96 165 332 409 715 1081 1121 1157 1197 1318
977 193 347 394 406 467 577 623 685 718 1022 1039 1044 1099 1135 1228 1257
1008 172 212 543 642 792 794 918 1211 1330 1450
1015 82 235 421 571 661 797 800 1460
1168 41 64 65 124 134 422 440 524 695 743 836 1039 1056 1084 1171 1204 1267 1297
1192 99 291 300 754 798 813 838 922 1228 1413 1493
72 417 570 1429
341 75 101 249 288 583 609 904 948 1004 1265 1274 1332 1397 1499
459 129 184 290 345 507 623 690 752 825 879 883 955 964 981 1201
677 35 105 280 402 457 723 773 789 833 843 1050 1257 1441
685 82 171 218 344 355 386 493 718 723 731 790 939 1318 1465 1493
796 130 284 549 879
929 93 302 472 550 798 1011 1021 1038 1087 1104 1238 1320 1465
1002 544 650 674 815 839 1110 1140 1181 1376 1472
35 89 210 396 601 876 1452
89 80 244 399 731 743 775 856 943 1059 1334 1360 1425 1448
210 333 498 568 659 771 972
396 107 191 195 212 230 333 352 667 669 778 815 876 995 1103 1162
601 217 274 378 414 427 592 787 818 897 919 1000 1077 1224 1235 1368
876 84 112 240 503 544 742 752 774 801 916 1267
1452 79 386 407 430 571 592 846 898 1234 1350 1472
36 88 291 310 319 385 430 441 442 559 1000 1119 1141 1176 1216 1293 1340 1346
88 50 253 274 357 392 509 511 896 1039 1082 1202 1260 1315 1394 1432 1464
291 41 149 271 365 830 909 964 1045 1263 1339 1443
310 79 170 328 336 501 620 683 691 833 956 1064 1185 1226 1314 1332 1453
319 193 226 232 369 713 748 868 1237 1389
385 271 380 456 485 775 837 951 1061 1117 1232 1262 1371 1427 1450
430 149 354 383 434 515 606 684 694 1062 1174 1382 1418 1462 1476
441 63 115 178 279 398 838 1024 1244 1360 1458 1463 1466
442 218 332 497 571 761 857 861 1010 1056 1154 1199 1266 1302 1488
559 266 622 779 880 925 955 1280 1291 1315 1376 1393 1440 1487
1000 100 603 869 1091 1095 1156 1162 1260 1378 1445
1119 41 188 232 723 724 777 879 1044 1048 1098 1141 1175 1190 1238 1280 1359 1436
1141 48 419 439 585 604 644 853 864 951 1014 1049 1278 1405 1410
1176 95 232 416 710 998 1181 1201
1216 290 345 476 672 766 771 917 1124 1352 1386
1293 65 386 391 946 1158 1165 1205 1262
1340 48 100 212 408 583 589 660 691 715 776 1037 1086 1094 1188
1346 106 120 233 330 386 390 487 889 1046 1101 1297 1427 1462
37 188 218 252 520 648 739 814 1154 1269 1294
188 81 148 178 307 555 561 616 672 944 1081
218 322 536 670 720 928 957 1003 1012 1296 1301
252 52 92 135 173 184 268 345 359 463 769 802 1060 1074 1088 1154 1158 1190 1314 1364 1434
520 155 159 200 298 365 675 852 854 891 1013 1022 1076 1083 1088 1434
648 138 171 222 249 338 360 407 462 860 968 1200 1469 1496
739 169 172 222 241 357 621 622 800 995 1105 1115 1224
814 107 270 552 650 690 789 943 1275 1323 1436
1154 63 142 609 754 1136 1275
1269 149 248 368 370 515 731 755 798 831 1050 1158
1294 806 860 1001 1181 1423
75 239 270 486 550 813 827 886 1311 1330 1445
279 54 193 355 363 364 378 479 729 788 883 943 1258
389 143 411 416 490 831 1102 1238 1472
905 437 519 603 664 830 862 868 922 931 1001 1083 1378 1406
970 176 299 300 324 328 362 476 493 511 641 986 993 1030 1116 1301 1303
1370 208 249 280 307 340 357 553 692 851 857 910 965 998 1003 1314 1421
153 366 754 995 1116 1188 1203
220 81 92 110 290 457 490 693 880 1049 1198 1428 1466 1486
257 143 207 212 235 399 434 474 762 797 946 1108 1207 1313 1378 1462 1492
654 238 599 628 828 900 960 1083 1332 1401 1492
670 90 99 227 234 240 255 436 466 469 828 837 882 889 930 1274
681 1024 1049 1187 1239 1257 1442
1011 65 150 861 959 1077 1302 1406 1428 1475
1095 96 148 285 508 675 788 1041 1118 1467
1106 60 356 526 605 868 869 892 946 968 1320 1327 1344 1377
40 134 224 301 338 810 847 861 1338
134 311 348 454 462 788 824 847 1049 1311 1325
224 129 462 674 692 797 829 862 1012 1018 1038 1063 1220 1317
301 552 572 743 813 828 1060 1105
338 49 142 382 611 1484
810 90 608 788 1039 1298 1371 1420
847 41 46 217 303 392 407 472 489 525 798 987 995 1081 1237 1374
861 237 253 657 981 1017 1024 1028 1030 1031 1258
1338 76 168 311 463 493 713 854 1014 1030 1090 1150 1359 1475
41 85 142 199 365 368 443 555 762 1274 1301 1335 1378
85 102 563 575 622 662 986 1291 1371 1477 1482
142 288 363 512 524 525 526 577 583 832 964 1064 1280 1360 1379 1467
199 164 192 329 421 563 634 708 736 761 988 1116 1419
365 275 317 633 765 919 993 1280 1332
368 64 243 342 439 743 799 808 974 986 1017 1097 1187 1391 1407
443 159 526 808 816 838 891 898 1026 1074 1382
555 254 399 495 550 589 702 917 1124 1150
762 327 401 565 678 724 947 1010 1190 1318 1335
1274 57 173 397 462 609 798 820 833 1110
1301 186 256 318 455 499 621 723 944 988 1266 1357
1335 267 531 604 672 678 897 910 1392
1378 169 352 524 770 1076 1424
354 244 274 366 440 537 623 963 1151 1203 1371 1460
452 255 269 273 377 479 585 644 1004 1434 1444
479 57 113 329 487 490 519 1012 1026 1482
539 438 453 546 743 769 830 968 1044 1162 1327
563 48 174 633 686 743 792 801 1004 1166 1267
633 110 391 588 798 945 1331 1363
667 66 181 184 421 754 1077 1140 1156 1175 1185 1415
879 50 300 457 509 660 806 930 1201 1237 1329 1348
1314 195 273 330 880 920 926 1034 1110 1150 1165 1310 1444
414 90 132 150 207 328 742 794 1291
745 90 207 456 541 920 1050 1224 1405 1487
1026 171 174 363 548 731 782 916 1201 1302 1371
1495 44 212 250 534 614 643 1116 1128 1482
44 106 189 419 664 1028 1282 1464 1492
106 778 869 878 928 1101 1197 1345 1350 1365 1464 1479 1488
189 566 730 736 898 999 1115 1137 1278 1315 1386
419 110 498 504 554 939 959 1421 1442
664 170 397 604 825 919 989 1091 1130 1131 1160 1166 1392
1028 709 1108 1296 1334
1282 410 455 808 974 988 1068 1080 1203 1392
1464 286 377 936 1014 1240
1492 132 244 352 511 532 547 629 646 675 752 966 1041 1200 1337 1362
369 112 132 203 258 317 352 453 896 966 972 1105 1232
511 181 192 865 920 1199 1339 1410
596 200 287 299 399 472 526 641 706 709 798 974 1088 1128 1302 1391 1470
641 46 240 426 1066 1136 1199 1238 1414
1068 180 322 507 678 773 891 1046 1354 1487
1077 64 125 208 238 268 399 466 825 1010 1102 1151 1362 1381
1278 54 99 313 678 1050 1083 1379
1302 107 348 463 859 957 974 1020 1044
1339 110 243 249 288 298 356 397 505 589 594 660 816 960 995 1012 1066 1127 1205
1387 48 198 588 742 820 914 1202 1421 1476
46 163 246 247 357 556 760 836 893 920 1226 1409
163 244 259 402 490 790 951 1117 1196 1407
246 73 126 462 625 706 774 833 1239
247 96 243 287 505 828 872 891 897 965 1001 1069 1162
357 60 67 226 285 330 456 756 792 832 859 862 940 969 1042 1165 1263 1381 1420 1449
556 80 129 287 684 720 950 956 1109 1121
760 76 290 356 592 804 886 942 1034 1226
836 416 564 583 998 1157
893 464 653 884 1118 1365
920 215 263 331 399 489 585 837 959 968 1082 1237 1337
1226 229 233 260 346 353 526 621
1409 138 653 844 910 1004 1064 1188 1215 1451
253 96 226 227 280 288 302 653 662 926 981 998 1039 1245
868 77 285 625 989 1311
878 205 233 322 478 541 779 794 854 864 1090 1175 1436
1118 141 176 178 229 547 675 1306 1323 1420 1434
1420 206 360 431 454 469 613 1123 1266 1415
1446 696 773 882 1187 1225 1266
48 63 332 467 857 891 931 998 1069 1074 1081 1094 1386
63 76 100 359 460 617 741 743 794 806 956 971 1102 1368
332 356 487 515 566 759 1031
467 138 229 235 568 628 683 773 1022 1050 1352 1386
857 103 800 902 958 1037 1155 1323
891 536 683 1204 1219 1329
931 133 398 697 1041
998 51 331 463 579 778 805 1083 1432 1486 1488
1069 81 313 463 642 802 900 963 1157 1190 1284 1499
1074 237 265 377 399 1238 1348 1443 1447
1081 55 164 311 352 711 801 802 1013 1287 1460
1094 50 367 653 720 831 838 1354 1379 1382 1406
1386 68 87 135 626 678 680 816 851 1307 1367 1498
49 115 207 284 421 422 544 608 628 769 792 860 930 950 1038 1120 1140 1171
115 135 327 421 431 493 675 877 1004 1014 1235 1310 1332 1371
207 103 120 242 342 543 1116 1499
284 406 497 543 907 910 974 1010 1082 1193 1303 1355 1405 1496
421 234 269 438 495 602 669 705 719 750 896 993 1258 1363 1458 1465 1486
422 168 198 215 233 465 623 661 694 952 1187 1486
544 292 322 353 592 885 914 995 1099
608 327 686 709 801 991 1383
628 171 300 306 546 684 741 752 830 959 1098 1155 1428
769 124 409 493 578 774 1404 1442 1447 1458
792 311 531 663 782 958 1109 1414 1419
860 68 526 948 1197 1337
930 65 79 298 352 464 560 609 704 806 1329 1397 1401
950 57 244 435 729 917 981 1156 1173 1201 1418
1038 403 524 850 955 1042 1115 1131 1228 1408 1487
1120 100 320 564 574 636 872 966 1418 1434
1140 55 273 303 517 1052 1199 1405
1171 169 192 269 290 603 625 832 1150 1248 1280
50 370 531 583 593 604 676 884 907 936 1063 1196
370 324 394 454
531 653 807 1466 1471 1472 1477
583 1059 1253 1428 1481 1498
593 96 250 427 517 557 570 728 974 997 1273 1348
604 311 340 434 537 844 988 1440 1497
676 103 141 547 1173 1224
884 226 524 848 1235 1245 1436
907 173 519 776 1024 1174
936 92 303 411 547 574 680 1022 1059 1187
1063 135 343 456 493 636 951 959 1244 1408
1196 57 130 150 192 625 626 946 953 988 1211
51 806 1031 1098 1108 1110 1362 1391
806 107 606 918 1449
1031 133 331 428 778 866 877 1150 1303 1363
1098 324 353 428 1014 1188
1108 155 333 382 605 675 756 779 919 987 1214 1319 1431
1110 83 116 340 777 794 900 1022 1123 1453 1496
1362 205 299 649 850 1012 1083 1115 1170 1265 1393 1478
1391 84 174 344 532 560 614 777 1022 1296 1325
52 317 367 565 629 751 856 1219 1330
317 203 715 801 808 871 1061 1371
367 181 275 578 736 782 1239 1374
565 244 377 546 846 966 971 1123 1205 1206 1393
629 307 377 401 606 773 798 1056 1090 1150 1265 1405 1448 1450 1490
751 57 566 705 717 965 1287
856 169 363 449 560 731 840 895 1064 1206 1297 1313 1470
1219 125 287 292 630 775 815 872 987 1080 1200 1206 1426 1456 1463
1330 130 378 533 642 754 897 1027 1109 1156 1442
66 81 91 271 1198 1204 1215 1245 1479 1499
243 103 457 542 1013 1462
402 60 270 561 1381 1449
882 125 202 233 436 588 620 623 968 1166 1213
1157 922 1020 1076 1102 1105 1379 1416
1186 195 271 290 295 320 423 450 728 743 987 1116 1307 1360 1441
1207 302 517 577 579 816 818 947 957 1319
1261 180 505 603 697 843 946 1090 1393 1462
1275 148 265 804 890 1316 1368 1371 1456
1352 280 684 713 826 832 1202 1206 1308
1405 327 1169 1298 1306
54 76 136 164 777 825 854 991 1076 1130 1165 1310
76 464 534 616 748 765 1004 1332 1348 1451
136 102 133 233 436 568 615 732 952 995 1252 1311 1319 1477
164 534 553 1020 1327 1448
777 454 463 549 715 743 827 865 966 1130 1381 1471
825 170 242 270 295 409 476 782 1001 1105 1441
854 889 1199 1311 1371 1476
991 230 265 348 434 526 1224 1379 1468
1076 567 663 730 779 807 1088 1105
1130 79 449 465 534 766 846 918 995 1062 1080 1124 1135 1151 1173
1165 113 398 466
1310 202 355 356 497 575 614 805 820 830 917 1250 1287 1306 1424 1467
55 408 476 690 704 832 1200 1225 1248 1469
408 60 96 100 558 691 734 1239 1389
476 121 203 259 366 610 657 801 830 974 1318 1360 1463
690 129 235 532 837 883 948 960 1379
704 406 499 678 1129 1361
832 174 278 657 706 886 1448 1460
1200 311 800 805 842 1357 1406 1431 1490
1225 120 306 773 793 874 955 1449
1248 917 922 944 1109
1469 171 208 533 869 1181 1414
186 428 561 566 877 885 1099 1185 1308
266 178 326 614 761 766 915 988 1127 1128 1315 1319 1345 1465
377 438 572 717 732 770 773 813 840 852 865 897 1117 1173 1284 1308
453 314 327 344 437 455 545 698 705 951 1135
498 226 1014 1024 1323 1365 1484
653 831 987 1327
691 324 383 537 549
731 77 81 382 449 616 846 948 1103 1252
827 227 346 497 577 636 734 917 1128 1205 1434 1438
1188 168 364 440 464 574 626 695 730 850 1099 1156 1296 1471
57 390 465 526 804 859 900 1080 1325
390 174 180 280 503 708 788 813 956 962
465 90 428 1327 1441
526 84 101 594 623 826 1160 1493
804 286 686 788 1088 1451 1463
859 625
900 183 222 346 466 761 833 898 1104 1151 1393
1080 259 644 776 842 1117 1244
1325 123 630 919 968 1204 1220 1324 1428 1472
217 130 286 311 463 718 1145 1252 1291 1493
481 193 410 547 923 1020 1109 1187 1401
1051 171 237 359 432 438 612 698 1001 1084 1124 1371
1099 287 791 793 842 918 1078 1135 1311
1162 287 403 409 644 672 720 858 925 1185
1284 352 427 554 842 858 1073 1187 1244 1297 1323 1431
1368 403 409 413 536 669 896 902 1097 1115
1374 702 710 890 1126 1435
151 438 773 850 866 923 957 1046 1190 1371
298 460 956 1137 1273 1410 1428
499 286 776 828 1121 1239 1257 1355 1361
588 343 439 636 952 958 962 1237
720 268 331 845 1102
1022 171 311 674 1004 1020 1127 1416 1466
1266 130 160 508 646 774 901 1156 1414 1479
1337 93 181 249 515 570 572 788 1135 1150 1193 1355 1358 1493
1379 227 449 480 926 1440 1472
1498 232 263 391 1059 1193 1220 1496
60 486
486 226 263 292 945 1214 1235
102 964 1263 1348 1361
132 394 828 1073 1317 1332 1458 1471
195 159 286 328 413 897 1078 1224 1404
622 149 773 850 1039 1155 1215 1224 1318
728 73 501 589 643 918 1160 1479
830 227 249 359 552 603 611 736 782 871 1383 1394
866 272 624 672 1073 1435
917 99 169 501 534 568 770 802 1262 1355 1477
957 272 288 345 347 534 1228 1245
964 230 239 242 322 360 501 997 1042 1422
352 184 259 574 606 662 678 706 766 770 874 886 923 1187 1267 1291 1313 1434
547 123 191 290 774 865 916 960 1024 1046 1143 1478
741 68 621 770 969 1286 1497
942 83 343 598 611 787 829 897 922 1062 1086 1097 1318 1383
1037 150 165 283 426 450 501 839 1046 1097 1117 1296 1474
1045 286 497 514 820 972 988 1359 1458 1474
1135 343 778 816 1052
1234 168 283 537 1013 1474
1458 176 406 613 831 844 1181
100 230 411 445 818 844 909 1103 1313 1425 1484
359 110 290 761 802 871 965 1121 1258 1327
460 105 149 719 978 1392
617 410 439 504 880
743 96 273 287 394 480 774 1476 1496
794 82 258 454 570 862 981 1083 1199
956 169 259 306 1280
971 241 311 318 347 417 557 610 680 750 831 843 955 1041 1092
1102 327 548 926 1214
64 121 428 800 833 972 1050 1116 1364 1421
121 485 534 585 732 816 1318 1434
428 550 637 791 851 867 1143
800 324 572 578 599 609 778 850 1086 1190 1201 1496
833 449 840 1397
972 82 434 718 995 1205 1228 1440
1050 87 94 181 413 574 606 1172
1116 313 466 515 684 719 1027 1062 1263 1448
1364 113 233 239 268 324 342 490 650 846 1078 1139 1348
1421 103 241 263 432 602 626 701 708 864 1166 1252 1303
65 910 1126 1213 1280 1428
910 343 439 472 504 1174 1444
1126 237 249 342 494 571 613 774 842 874 898
1213 143 208 280 296 328 333 895 968 1232 1348 1466
1280 87 598 778 914 1087 1438 1482
1428 80 613 650 987 1042 1265 1440 1462
81 268 329 344 348 574 1210 1471
91 113 205 353 505 874 995 1354
271 384 826 947 1155
1198 229 255 295 318 659 680 684 958 1263 1345 1401 1456 1497
1204 407 474 574 1034 1197 1238 1413 1434 1493
1215 123 202 454 846 925 1367
1245 99 198 507 517 624 659 791 1086 1172 1393
1479 169 283 752 837 846 902 1059 1123 1224 1355 1451 1484 1487
1499 233 265 571 774
67 383 503 621 776 824 925 1273 1296 1332
383 94 320 397 713 840 993 1020 1287
503 87 375 439 650 708 714 801 1327
621 244 313 342 469 579 623 776 1061 1169 1308
776 432 538 557 1259
824 438 480 669 1003 1101 1124
925 375 432 686 947 969 1052 1361
1273 143 208 1228 1311 1323
1296 141 472 495 748 829 941 1114 1123 1175 1259 1465
1332 235 255 399 509 609 642 724 1128 1389
68 507 844
507 198 215 490 530 616 959 1160 1354 1360 1376 1463 1484
844 92 205 493 752 915 959 1105 1121
278 192 409 508 786 805 1128
538 307 612 867 1146 1258 1363 1496
748 124 534 590 722 858 897 923 1046 1124 1127 1316 1354
1472 73 331 358 398 456 865 901 1059 1344
1474 215 816 952 1020 1381
285 193 244 382 509 532 1408
494 275 397 450 501 771 1298 1427
896 273 406 732 997 1097 1158 1320
150 344 397 505 643 848 947 1442 1490
611 234 546 577 755 989 1303
928 397 399 698 902 946 1059 1227 1297 1363 1476
1331 123 256 288 439 754 1024 1060 1358
1424 95 212 572 599 657 790 802 953 1156 1308
417 171 200 254 280 945 1210 1383
570 103 307 350 782 888 945 1097 1105 1306
1429 318 407 435 517 623 1160 1173 1203
73 172 275 536 862 999 1334 1432
172 101 438 485 568 696 997 1062 1350 1418
275 525 829 858 1090 1109 1166 1408
536 126 534 657 789 902 1440
862 105 125 692 867 1092 1350
999 233 286 397 789 898 933 1042 1121 1150 1486
1334 323 403 512 802 1042 1173 1228 1419
1432 170 283 346 347 683 895 943
159 241 612 755 1393
165 233 432 723 779 871 1123 1416 1448
324 123 170 663 755 802 815 864 1092
550 126 238 296 299 355 378 525 778 838 1017 1115 1123 1150 1224 1319
646 238 508 533 773 941 1124 1136 1170 1320 1477
1056 248 380 787 976 1048 1139 1382 1456
1237 272 464 517 637 692 786 885 1044 1101 1115 1187 1197 1224 1259
1357 133 216 229 537 684 791 1039 1073 1097 1173 1197 1422
239 222 698 738 1060 1090 1193 1202
270 391 493 696 1484 1486
813 300 501 754 1415 1478
886 180 951 995 1082 1150 1250 1313
1311 208 450 463 660 684 729 820 1027 1059 1065 1128 1166 1307
1445 548 661 791 838 865 1202 1317 1319 1470
464 311 495 577 797 1201
534 125
616 90 485 799 843 1263 1363
765 230 754 877 963 1086 1187 1193 1318
1004 193 280 286 375 440 612 1354
1348 138 612 759 790 1014
1451 130 135 655 791 853 966 976 1109 1257 1401
77 94 302 407 474 659 694 701 981 1316 1404
94 126 437 625 711 805 1316
302 101 227 344 649 657 722 968 1086 1124 1425
407 318 657 874 974 1385 1443
474 122 221 323 589 1426
659 80 226 548 786 843 923 966 1385 1443
694 287 722 1042 1078 1371
701 125 463 816 846 953 1482
981 229 232 610 718 845 1413
1316 90 168 259 283 391 634 702 1265 1318 1418
1404 263 295 299 311 504 786 853
287 343 815 826 968 1061
564 237 331 358 504 789 1258 1329 1401
567 227 242 791 1064 1197 1465
620 223 512 1291 1313 1354 1460
843 120
960 143 169 170 968 1027 1365
79 135 296 327 568 695 976 1205
135 149 437 696 939
296 173 786 947 1030 1443
327 93 613 626 840 948 1018 1046 1065 1359 1434 1444
568 160 178 237 272 974 1262
695 202 242 350 449 572 798 837 1318 1466
976 230 797 850 858 1307
1205 456 710 750 775 1436 1482
80 216 450 577 943
216 90 242 330 394 697 1044 1315 1496
450 97 413 456 717 901 944 1377 1468
577 101 346 432 514 1286 1297
943 212 438 791 801 1084 1287 1382 1408 1486
268 101 594 630 853 858 1104 1435
329 103 191 837 1078
344 96 229 250 590 605 710 1394 1413
348 185 256 553 649 661 675 1115 1252
574 455 1367
1210 181 851 1036 1438 1456
1471 328 642 782 837 872 1021 1239 1259
82 90 295 710 864 1078 1467
90 229 323 330 612 643 1012 1394
295 693
710 203 624 738 948
864 323 692
1078 138 761 1427
1467 173 572 815 1083 1097 1468
83 255 399 413 532 672 842 1263 1440
255 306 355 816 909 962 1220 1358
399 126 178 259 675 1298
413 258 705 871 993 1088
532 101 386 693 1367 1438
672 311 575 663 683 818 1313 1350
842 93 138 208 235 288 426 674 1061
1263 141 230 274 1238 1319
1440 274 572 708 993 995 1172
84 183 493 626 650 729 734 774 1001 1313
183 148 318 375 723 914 1156 1367 1456 1487
493 657 759 1010 1235 1355
626 240 353 548 1060 1071 1202 1317 1389
650 101 614
729 116 431 599 1158 1475
734 124 141 191 394 711 782 1193 1201
774 435 501 674 752 761 888 901
1001 336 356 1324
1313 435 439 742 807 828 1139 1371 1438 1468
575 263 517 572 742 802 1232 1239 1329
662 426 509 1034 1227 1436
986 141 787 807 837 851
1291 170 274 363 759 1410
1371 306 517 965 1456 1497
1477 169 202 355 678
1482 512 793 840 933 969 1258 1267 1435
215 138 202 718 722 1298
226 212 288 1109 1206 1422
233 124 178 661 880 953 1036
411 272 322 718 1066 1128 1170 1214 1486
585 515 711 1013 1092 1475
592 96 143 472 553 572 683 846 880
850 124 250 311 347 489 553 714
897 169 378 466 696 978 1308 1382 1383
87 416 423 706 1190 1435
416 230 553 1318 1363
423 198 1145 1319 1438
706 141 212 290 346 524 543 572 612 708 939 952 1450
1190 99 124 530 829 1448 1462
1435 178 661 902 1143 1413
274 360 542 546 549 605 742 775 1287
392 512 890 995 1136 1238 1416 1462
509 1066 1073 1181 1462 1487 1490
1039 256 311 330
1082 141 485 487 552 853 933 1020 1160 1308 1470
1202 362 775 1020 1262
1260 314 449 829 1091 1415 1443
1315 1193 1211 1423 1436 1456
1394 208 283 434 495 778 851 1109 1127 1376
244 234 345 487 852 944 1046 1450 1476
775 240 548 761 888
1059 249 548 557 606 643 669 683 766 807 904 1030 1308 1320
1360 505 525 742 755 966
1425 303 345 363 560 609 697 1449
1448 126 958
229 110 742 1017 1297
323 96 709 717 858 969 1406 1456
330 141 299 340 1062 1115 1257
612 637 661 752
643 203 798
1012 242 307 495 549 969 1250
113 895 1066 1319 1419 1426
205 249 818 1392 1407
353 181 530 789 805 1061 1238 1258 1493
505 603 1497
874 202 283 594 895 1013 1103 1166 1238 1487
995 125 537 571 579 839 1228 1344 1443
1354 184 314 347 962 993 1151 1160 1201 1453
92 192 269 661 816 858 867 1286 1410 1453
192 256 469 717 722 759 1345 1350
269 259 848 915
661 463 697 1488
816 394 530 1240
858 259 463 902 1297
867 110 176 391 397 457 606 610 625 1383
1286 267 292 647 713 1150 1258
1410 107 250 435 436 472 718 1319 1431
1453 176 655 1197
93 504 625
504 364 892 1228 1422 1441
625 170 238 260 455 708 945 974 993 1463
126 571 669 680 945
437 436 805 1235
711 193 208 259 1238 1265 1466
805 206 326 435 815 944 993 1158
95 248 533 799 892 1092 1131 1211 1414 1450
248 116 180 286 375 391 578 634 669 1381 1497
533 362 436 869 965 1393
799 512 773 952
892 101 318 572 693 705 718 1042
1092 103 968
1131 512 1367 1401
1211 322 561 820
1414 193 223 241 356 455 945
1450 273 283 946 993 1003 1158 1166 1438
96 530 603 719 915 1146 1214 1317 1397
530 242 345 630 785 948 1127 1169 1232 1324
603 130 436 439 714 955 1036
719 265 288 331 363 456 680 709 890 1307 1478
915 489 771 773 968 1145
1146 250 469 557 877 880 1030 1084 1203 1449
1214 123 363 485 669 946 1123 1259
1317 138 487 1155 1376
1397 223 313 1024 1407
97 103 125 826 852 1155 1381
103 642 1158 1201 1481
125 397 462 636 831 1064 1175 1258
826 558 680
852 508 714 1232
1155 155 242 299 342 360 606 1456
1381 203 398 663 1036 1463 1487
350 122 384 738 1083 1201 1497
525 200 290 466 644 1287
610 173 426 770 1487
657 273 705 790 888 1436
1287 944
1431 738 902 955 1358 1478
99 300 614 637 848 987 1036 1449
300 401 1042 1344
614 208 240 307 497 722 738 1187 1416 1427 1456
637 112 130 331 343 398 553 566 885 895 1097 1123 1127 1172 1426
848 318 922 953 1086
987 313 380 409 955 1048 1062 1084
1036 754 786 945
1449 174 223 978 1071 1137
230 180 326 754 761 1493
445 609 615 1468
818 148 904 946
909 238 249 254 549 579 787 1462
1103 178 232 605 623 853 1199 1262 1350 1427
1484 124 129
101 1003 1298
1003 466 543 649 838 944
1298 171 386 524 851 1441
1361 254 487 708 890 1224 1319 1358 1466
642 336 705 1265
1158 273 280 346 384 1413
1201 143 292 655 1197 1355
1481 272 288 454 888 901 1303 1308
439 280 469 807 945 1320
686 434 649 839 877 1020 1060 1121
1319 227 438 801 962 1136
1422 427 485 1136 1434
1465 649 713 1013 1124
105 455 702 869 1137
455 466 669
702 112 155 203 326 952 1010
869 212
1137 107 487 605 1150 1416 1442
778 436 561
1101 263 487 1090 1363
1197 406 517 543 609 959 1174 1350 1358 1444
1345 254 363 590 630 801 968 1383 1462
1350 680 1105 1109 1358
1365 718 759 974 1415
1488 280 649 1363
107 203 398 974 1443
203 241 624 1086 1224
398 138 845 1363
974 288 469
1443 1193
1170 828 1129
1408 232 449 738 787 885 918 968
250 222 322 1389
380 181 206 542 771 1083 1121
546 265 432 692 791 871 1172 1235
885
968 340 709 1013
110 237 360 436
237 391 779 1344 1392 1426
360 191 267 554 1115
436 366 391 548 680 963
222 170 286 342 709 1127 1224
283 340 553 966 1407
290 168 636 945
462 267 397 438
840 160 223 322 472 554 890 1156 1203 1252 1363 1470
1478 322 331 1049
112 454 877 1017
454 472 708 953 1470
877 191 660
1017 169 288
895 1442
1066 185 227 254 326 732 846 1172
1419 185 265 292 508 754 890 939 941 1030 1129 1252 1303 1307
1426 120 336 449 490 552 1018 1239 1385 1493
221 299 409 480 1129
926 234 410 469 1377
1145 148 955 1367 1496
431 254 457 566 684 1021 1193 1239
675 120 173 346 549 594 1329
1014 181 326 602 609 1048 1071 1385
1235 256 342 362 363 434 698 705 766 945 1128 1344
116 789
789 234 265 394 807 838 898
232 260 572 773
254 497 1407 1427
326 732 756 801 1105 1128
1049 333 524 590 1181
1447 155 615 1013 1327 1434
490 124 343 409 434 512 865 959 978
722 403 456 724 1169 1423
845 558 613
1065 756 1114 1262
272 472 512 786 1128 1466 1486
669 148 184 724 1166 1382 1392
901 382 487 549 1086
1392 138 180 497 916
1463 242 256 678 724 750 922 963 1476
120 155 336 713 798 1416 1487
155 184 227 394 554 1444
336 260 432 508
713 786 1114 1497
798 129
1416 485 853 1105 1244
1487 660 955 1257 1476
485 259 579 1460
732 184 440 1262 1323 1344
1318 124 1257 1466 1486
1434 123 198 552 963
122 714 1193
714 149 263 730
1193 124 149 736 782 1114
123 130 463 988
130 480 851 1383
463 426 427 698 831 1250
988 962 1062 1128 1185 1393
124 171 342 952 1358
171 602
342 149 578 1139 1490
952 356 904
1358 235 401
397 288 487 566 828 1160
636 966 1232 1306 1367
831 432 754 788 846 1083 1124 1323 1355
1064 723 742 766 838 1104
1175 320 355 469 1088
1258 382 724 948 1377
571 501 519 549 916 1253 1438
680 273 299 696 723 1329
945 141 1166
933 345 457 723 779 807 851 1476
1456 684 1199 1460
1486 355 965 1088
1496 406 1073 1267 1438
495 318 696 947
1087 138 382 790 947
1438 1083
129 306 512 697 989 1020
306 456 1250
512 169 566 1121
697 299 378 487 902 904 1181
989 497 655
1020 180 347 435 655
480 519 1160
851 750
1383 307
263 191 440 469 940
375 149 346 542 663 1143
1083 922 1030 1262
1224 457 647
394 1232
828
1073 176 1091
133 543 939 978 1114 1117
543 202 258 755 1123 1415
939 457 655 1086 1105
978 1124
1114 487 514 542 696
1117 249 1097 1139 1418
311 552 742 1071 1462
788 472 786
149 561 865 880 1427 1476
696 364 655 1240
615 613 773
1252 267 440 791 1041 1297 1475
160 427 1376
328
736 249 1123 1187 1203
838 288 320
1010 333 963
138 191 384 557 644 1307
191 1143
384 318 427 962
557 786 969 1262 1382
644 143 1041 1173 1401
1307 206 256 343
880 517 519 1173
965 318 1407
472 202 755 1044 1442
594 143 170 318 456 955 1105 1262
730 206 345 630 773 820
1024 1129
1062 314 524 624 1169 1415
141 242 517 566 797 1385 1418
242 198 333 566 791 1320
517 240 846 918 922 1436
566 541 560 1257 1415
797 515 537 1136 1150 1151 1174
1385 1306 1476
1418 382 410 829 1297
288 602
363 174 1046 1173 1240
524 258
143 541 554 715 755 770 771 1460
541 466 1127 1320
554 227 440 560 787 1199
715 944
755 202 623 647 782 889 1128 1257 1377
770 356 791 1030 1442
771 1151 1393
1460 1413 1493
406 366 590 655 914 922 947 1297 1320 1468
410 292 785
663 212 1413
1121 178 208 1320
1206 313 314 624 919 1265 1382
787 212
1220 742 846 1048 1240
1407 168 542 1323 1497
313 766 888 1044 1109
358 382
624 364 457 1139
761 552 959 1091 1308
815 292 630
1250 519 997 1257 1442
403
148 320 364 409 660 1262 1462 1493
320 1181 1493
364 623 807
409 180 773 922 1139
660 180 766 801 919 1156 1462
1262 630 1061
1462 322 916 1490
1493 456 469
561 487 572 1150 1199
865 759 914 944 1329
1427 558 793
1476
947 303 1123 1306 1401
1442 542 605 820 919
1490 589
438 898 916 1169
773 1139
923 173 786
1046
401 258 754
839 235 267
366 871 872 1185 1415
754 202 256 545 1150
1203 173 609 750 963
501 318 549 698
997 1173 1232
184 170
227 223 519
1444 347
180 169 738
235 1084
362 181 260 558 718 752
1306 223 605 674 1228
478 692 1127 1253
1052 234 1441
1232 318 1030 1228
1377 318 955
241 178 426 941
1393 202 958 962
427 202 234 240 345
1376 449 705
391 678 1413
693 434 634 766 1199
883 578 634 718 1061 1185
966 202 548
1104
174 655 940
426 1071 1150
609 944
717 552 969 1034
955 173 1018 1136
259 322 750 888
790 678 1105
951 558 692 718 1367 1401
553 258
1327 173 489 589 738 958 1091 1160
432 185 589
723 572 606 709 916 958
779 202 655 1174
871 378 1199
1123 846 904 940
314 919 1169 1265
684 202
1244 202 959 993 1044 1091
1060 898 1160 1344 1436
1329 280 542 630 1199
168 1084 1150
1084 963 1238
1150 807 808 1021 1259 1320 1389
169 176 738 916 1497
176 449 1181 1436
738 807 958
916 958
1497 435
170 260 837 1115
260 206 889
837 589 1239 1436
1115 801
602 1090
173 234 355 613
234
355 280 545 623 683 807
613 340 724 1034 1151
655 273 649
940
299
548 1174
902 558 1423
1173 946 1166
449 542 946 1415
1181 456 724 941 1415
1436 489 742
267 193 223 456 708
579 1086 1143 1401
1267 993 1021 1324
178 346 466 519 598 678
346
466 549 709 946
519 273 440
598 181 256 1240
678
1382 333 560 802
181 238 919 953 1129 1303
238
919
953 1013
1129
1303 1030
791 286 487 759 1257
318 206 514
914 185 683 963 1086 1359
1156 846
1367 1097
185
1185 542 1423
1308 249 578 590 853
560 249 378
1166
307 766 963
944 542 785
898 634
1265 273 1160 1389
1143 946
256 872 1160
469 347
759 322 750 801
193 1323
1323
382
742
829 386 1468
286
1061 258 1324
802
198 820
820 240 552
634 1169
708
200 549 766 1423
549 683 1034
766 343 649 692 1086
1423 946
1071 785 1091 1363
202 542 552
542 249 801
552
1086
258 590
457 1401
1169 212 963
249 750 1466
206 993
993 280 1136
208 959 962 1034
959 1172
962 846
1034
223 340 1324
1466 1136 1187
333 1406
343 240 322
435 969 1172
212 322 558 1042 1090
322 1030
558 724 853
1042
1090 1359
347
718 340
1044 1257
709
1127 1389
340 647
1324 692
674 515
692
1018 589 1468
647 941
1109
1021 514 630
1174 948
1297 515
572 265 456
545 756 1105
1344 1027
698 782
240 1088
1088
941 904
1320 752
1013
345 606
487
265
1239 292
872 292
578 303 1199
750
1389 1363
280 1257
497
1160
434 1240
946
590
888
889 1359
1259
440 1355
456
969
1128
630 948
853 303 1441
786 1030
273
605
386 963 1406 1415
508
378
1257
292 801
1355 683 1139
801
1030 1124 1359
1105
649 846
1124 782
303
963 1048
683 958
1470 1041 1415
808 705 1227
514
782
1406 1139 1441
756
948 1468
1359
331 918
918
356
515
1413
1401
904 846
1139 1097
606
1227 1048
1187
1238
537
623 589
1151
807
752
1240
1415
1097
1253
890 793
1091
1468
1136 705
589
1363
922
785
705
1172
1199
793
1441
1475 846
599
1228
489
1041
1048
958
846
724
1027
