0 1 77 115 149 215 241 283 349 429 505 606 610 670 813 853 936 999
1 196 488 546 575 583 601 674 686 687 715 754 869 879 884
77 116 276 329 359 374 382 493 582 635 689 730 743 796 994
115 123 145 163 224 278 283 426 564 592 641 653 766 772 857 916
149 135 136 180 217 243 351 360 367 385 417 432 471 497 509 514 938 986
215 8 221 284 384 412 446 495 513 708 734 910 933 975 981
241 96 125 193 233 301 335 517 598 680 713 825
283 26 46 72 90 113 194 239 273 313 338 365 478 582 628 641 642 655 871
349 83 131 225 239 254 342 405 427 523 554 648 781 789 792 906 999
429 134 156 170 216 441 543 545 564 629 663 695 714 787 867 891 897 911 913
505 45 248 288 290 326 396 409 414 419 494 571 664 708 754 858 954 968
606 74 222 247 268 298 322 435 506 557 565 584 605 628 702 948 959
610 57 72 116 199 231 334 417 426 569 727 753 766 767 865 994
670 5 59 138 175 293 375 391 401 410 455 585 629 656 735 801 849 864 905 953
813 135 173 222 237 326 368 492 641 680 702 807 880
853 33 34 170 181 260 388 432 436 451 503 564 762 763 786 852 912
936 111 243 276 289 318 465 484 706 728 797 805 865 930
999 15 32 53 60 79 125 151 274 363 386 407 413 415 417 556 584 645 667 728 763 829 913 938 963 970 974
196 26 201 265 319 342 360 404 426 446 450 583 640 698 729 774 980
488 57 80 112 219 257 286 412 419 470 615 620 643 669 688 833 845
546 225 239 257 423 527 547 621 660 675 705 729 767
575 272 299 355 570 586 596 715 743 745 759 762 857 917 938
583 30 40 79 93 132 153 188 189 357 383 408 469 479 544 596 748 839 988
601 40 154 181 193 219 227 234 259 455 474 485 594 705 789 817 857 872
674 75 207 332 437
686 83 375 408 409 535 590 623 631 651 678 734 760 803 931
687 39 63 120 163 168 357 383 387 392 425 537 684 741 977
715 10 13 63 165 266 286 487 537 629 638
754 47 106 117 127 147 154 197 392 409 496 518 633 684 734 789 819 829 856 913
869 65 139 209 217 295 303 335 398 474 594 668 714 880 915 921
879 35 44 45 127 147 175 410 500 503 682 702 768 850 868 871 880 994
884 9 321 367 400 551 559 574 629 633 639 729 730 870 964
2 13 52 90 175 244 273 319 408 441 455 552 589 698 826 842 928 929 986
13 17 125 194 257 401 444 643 704 901
52 19 70 84 113 279 383 497 521 556 603 631 676 726 897 916
90 72 113 129 165 203 233 272 388 534 541 545 548 623 807 975
175 152 364 412 478 484 572 690 719 744 890 971
244 6 23 57 64 145 197 246 337 454 519 577 783 855 891 952 968
273 19 42 159 323 437 598 679 701 748 758 804 841 872 887 950 965
319 79 168 307 373 483 486 615 655 765 781 832 874 991
408 78 88 101 210 220 243 473 531 537 544 636 704 837 854 873 880
441 12 151 202 216 240 352 483 520 556 630 719 842 947
455 15 16 17 50 122 228 291 292 306 318 395 508 530 602 645 673 739 795 797 846 899 913 954 957
552 55 94 193 294 427 608 609 636 721 750 800 882 883 915 938
589 17 24 35 62 87 99 144 200 352 411 458 489 503 537 604 613 616 622 696 961 963
698 9 87 95 288 307 376 394 444 460 470 742 810 904 908 910 918 952 955 973
826 16 150 155 321 453 491 580 672 699 729 854
842 28 127 141 151 226 376 389 772 780 790 837 992
928 86 110 128 155 230 340 446 497 638 688 721 730 761 769 894 916 934 983
929 49 110 161 264 339 431 453 523 572 584 851 985 992
986 31 96 132 156 204 310 403 475 477 519 597 598 619 646 692 786 914 942 991
3 62 80 144 188 278 327 353 377 406 435 464 487 551 580 595 770 834 918 922 948 958 983
62 16 96 121 174 213 277 370 407 446 521 538 595 783
80 51 67 113 146 228 265 306 331 384 421 494 596 600 611 657 706 720 744 746 752 756 881 951 989
144 60 134 154 162 214 364 394 410 421 616 644 662 831 841 900 907 939 964
188 296 369 472 493 567 705 752
278 7 35 44 69 91 212 236 238 475 520 605 608 689 990 994
327 155 190 225 413 457 497 534 613 681 682 691 768 780 806 838 893 907 982 989
353 75 154 158 185 261 380 383 394 564 600 668 744 750 858 966 970 977
377 44 86 210 256 320 419 425 428 466 607 625 701 797 815 832 952
406 65 96 190 199 223 279 347 422 435 539 627 658 789 846 885
435 28 83 130 150 275 388 395 480 507 529 536 540 627 717 725 742 949
464 19 21 82 117 131 137 172 180 207 337 390 422 507 531 728 773 857 858 863 874 934 963
487 290 333 581 677 708 770 821 837 854 871 935 972
551 66 99 123 129 179 282 291 343 392 410 442 541 684 690 793 850 872 900 959
580 230 259 300 573 723 927 939 949
595 84 114 159 274 336 395 404 417 426 542 643 663 745 946 949 973
770 91 184 214 220 272 389 458 504 508 523 542 798 959
834 113 146 342 419 473 485 512 641 736 851 904 911
918 163 301 387 399 436 451 471 667 693 759
922 98 158 160 340 433 469 500 503 574 612 644 760 909
948 37 50 65 145 164 231 242 365 493 512 539 553 571 646 766 895 964 985
958 109 187 228 321 363 420 438 513 517 598 741 832 850 878 909 966
983 5 39 229 351 496 567 568 611 739 804 830
4 40 121 170 210 275 358 385 394 671 712 713 771 835 903 911
40 48 106 255 375 490 889 910 942 964 995
121 65 146 291 365 389 437 480 508 579 655 710 747 793 795 846 849 868 990
170 133 394 426 485 514 561 774 782 858 886 934 964
210 292 462 477 669 680 734 890
275 66 81 99 158 176 286 297 311 347 366 424 443 482 556 667 776 828 876 945
358 96 112 141 143 163 229 414 548 549 629 721 742
385 48 67 111 119 201 284 333 423 486 491 542 554 605 728 741 808 861
394 11 68 148 308 335 367 458 483 489 495 507 511 793 894 945 977
671 78 231 232 248 337 370 417 612 613 721 725 805 843 864 866 913
712 114 214 307 340 350 431 493 544 605 699 704 714 816 989
713 61 71 128 250 282 316 479 501 614 648 689 769 976
771 24 131 140 173 363 412 466 498 511 571 576 642 644 691 860 920
835 32 114 142 193 265 410 443 557 568 664 667 758 857 933 985
903 296 337 344 398 482 502 572 614 637 738 840 848 917 925
911 105 165 169 174 266 325 341 446 498 502 506 520 542 619 725 730 735 810 907 989
5 104 137 154 225 233 310 370 438 459 496 503 733 736 824 850 861 866
104 9 167 186 250 295 522 539 697 773 821 970
137 66 146 148 167 168 221 255 329 355 410 423 534 659 692 783 785 855 907 915
154 93 141 228 433 484 556 659 787 994
225 29 129 141 369 379 409 485 526 624 634 691 741 866 885 900 943 951 962 976
233 82 133 148 153 174 235 298 346 440 457 474 480 529 692 723 847
310 295 400 431 475 476 510 667 699 808 962 974
370 24 162 183 266 279 522 524 570 636 651 654 679 734 795 905 910 962 971
438 218 262 400 516 518 554 603 614 764 863
459 92 242 305 329 354 366 369 401 430 444 458 466 490 532 533 566 616 660 743 780 785 807 845 855 858 934
496 94 176 256 439 476 556 613 640 763 797 944 952 981
503 73 134 239 276 339 405 525 529 577 710 721 732 739 882 898 967
733 179 201 286 347 416 424 504 571 620 629 651 677 830 839 909 926 930 960
736 58 67 153 217 316 332 512 650 658 688 872 881 891 905 941 973
824 49 127 255 276 294 359 424 434 697 742 848 885 907 985
850 84 190 282 343 368 773 774 841 938
861 47 51 79 102 179 252 350 381 474 618 755 768 991
866 131 262 304 331 335 363 449 460 477 501 648 664 666 718 789
6 220 237 430 433 436 501 554 566 625 630 731 959 968
220 126 217 218 237 245 246 309 314 330 396 422 453 509 522 673 787 935 998
237 11 20 33 47 109 281 380 564 656 719 747 768 905 946 995
430 88 95 245 302 344 468 636 644 758 764 791 793 812 852 909 971
433 83 127 143 221 224 280 375 574 632 724 735 744 749 763 766 831 941
436 28 38 92 198 236 254 350 413 425 462 471 501 510 519 571 667 728 973 991
501 18 63 134 139 172 180 375 422 559 635 682 702 891
554 27 133 160 195 201 219 329 419 500 526 582 596 628 648 649 689 695 750 816 817
566 14 17 82 102 124 126 156 161 199 294 456 492 524 644 797 857 862 990
625 113 163 165 190 428 451 497 557 680 726 760 769 901 905 972
630 114 157 159 173 186 231 265 281 282 303 407 497 576 646 692 727 783 803 837 960
731 17 338 344 386 397 467 493 549 576 839
959 36 145 187 267 271 395 475 543 544 628 645 676 694 925
968 16 102 189 254 362 388 403 417 533 548 658 801 832 851 880 882 932 998
7 29 49 103 131 145 226 250 277 579 667 703 750 759 828
29 84 93 150 260 309 367 696 794 886 979
49 64 71 94 135 203 232 292 294 307 454 466 509 617 694 814 950
103 138 508 515 524 641 728 886 982
131 153 254 271 335 339 392 421 539 756 807 859 864 899 919
145 44 65 186 204 252 308 346 446 631 717 772 854
226 92 110 118 224 231 263 346 387 603 631 700 768 786 807 841 856 871 883
250 102 111 166 216 271 286 393 607 632 743 786 978
277 23 78 106 171 249 331 372 397 485 519 522 615 618 688 721 885 904 973
579 54 56 228 315 458 485 508 510 648 652 672 701 739 893 950
667 112 180 202 231 255 288 369 493 649 739 901 954
703 24 45 122 269 316 368 422 473 528 542 742 836 851 855 870 886 891
750 264 274 418 458 508 521 533 537 581 678 704 845 965
759 97 449 536 537 571 573 639 766 894 915 939 982
828 72 81 82 95 138 261 547 576 756 758 800 852 868 875 901
8 61 65 129 134 159 186 258 274 536 618 738 799 917 921 967
61 47 72 172 178 205 315 395 401 485 508 537 576 725 728 767 781 849 860
65 81 82 85 199 201 209 354 560 597 723 832 886 910
129 37 67 253 379 411 419 596 811 819 885 907 992
134 75 155 390 481 512 514 522 526 608 657 660 728 745 762 829 914 990
159 10 43 57 274 351 357 494 530 562 588 666 756 794 804
186 39 151 276 347 378 380 512 690 776 840 973 991
258 162 265 387 548 560 637 735 762 897
274 88 89 126 177 239 457 472 483 597 604 613 692 709 862 887 933 944 980
536 38 73 306 315 372 400 450 477 561 665 752 784 821
618 46 55 139 142 242 260 368 409 518 564 659 681 766 876 979
738 94 99 192 326 368 533 548 635 875 901 962 987
799 309 545 570 793 862 872 887 997
917 24 27 43 84 114 267 269 344 568 632 649 668 711
921 79 187 190 206 300 424 482 485 515 612 634 775 960
967 299 446 480 510 522 556 616
9 126 161 184 211 255 302 335 343 344 365 383 386 390 396 452 647 734 772 792 849 859 980
126 58 229 299 334 342 489 498 509 511 541 584 592 640 816 877 894 962 973
161 72 97 256 300 374 382 480 502 562 563 740 780 806 952
184 146 224 290 292 346 373 374 454 512 590 652 659 669 774 775 781 841 932 947 961 989
211 21 91 127 179 272 338 340 343 389 391 523 593 644 740 898 909
255 146 182 198 271 350 380 440 473 481 657 668 772 782 823 840 889 915
302 51 481 516 526 585 886 969
335 66 119 205 206 221 262 268 299 432 499 550 567 604 659 664 711 807 901
343 142 235 238 290 410 457 462 545 694 697 793 802
344 20 160 239 291 331 362 364 425 426 447 506 522 659 818 886 937
365 98 99 247 286 322 481 490 532 591 596 653 655 722 748 758 800 831 864 878
383 42 201 271 332 379 447 558 584 605 616 632 696 721 753 925
386 167 312 390 425 482 528 540 628 705 709 791 792 950
390 113 118 339 382 462 509 517 651 732 751 814 905 920 927
396 68 141 197 422 510 512 652 681 814 875 925
452 88 422 617 654 735 786 914
647 43 214 242 246 334 417 443 463 485 510 528 573 666 688 716 756 890 950 952 995
734 37 128 177 297 537 656 722 774 844 870 888 952
772 148 158 176 369 449 596 761 779 845
792 38 93 239 330 600 646 682 720 727 769 910 960
849 44 153 297 313 400 473 558 561 569 663 721 819
859 16 33 117 122 486 526 602 637 639 677 875 916
980 59 183 190 217 528 529 588 626 767 820 839 956
10 45 74 113 140 354 491 659 684 727 840
45 11 231 234 263 295 426 512 560 720 724 920 930 947 966
74 38 127 362 421 434 530 555 787
113 11 57 98 204 216 291 306 453 514 553 602 692 804 809 831 836 871 993
140 59 78 263 292 299 315 374 401 560 661 794 863
354 54 94 296 324 474 564 605 623 720 725 779 805 821
491 47 63 243 303 308 309 368 416 427 514 555 599 620 708 774 867 949 989
659 67 177 192 312 442 458 483 519 597 737 810 995 996
684 37 247 259 266 300 340 422 561 594 749 892 930 956 984 990
727 130 261 330 348 357 633 675 743 860 881
840 248 251 404 412 600 740 768 781 904 962
11 136 213 361 363 397 432 511 585 701 797 804 856 871 984
136 105 203 221 381 517 541 578 587 590 635 653 786 845 893 919 933 991
213 81 417 509 634 766 815 870 888 895
361 341 388 500 518 539 542 895 899
363 47 60 71 207 356 369 412 540 893 956 981
397 60 108 181 209 238 242 282 469 582 603 651 653
432 47 96 264 296 359 582 584 624 696 752 762 790 844 893
511 46 93 99 101 208 333 375 449 510 514 563 654 673 723 795 805 973
585 39 172 270 308 425 437 540 656 692 745 784 817 819 838 856 863 942 976 995
701 36 288 428 620 636 706 732 880 982
797 231 286 297 422 649 691 755 838 860 865 878 926 931
804 30 75 271 280 356 457 515 573 577 600 657 714 863 934 970 973
856 128 216 324 369 413 480 481 635 753 825 906 946
871 111 114 120 124 185 240 439 462 463
984 16 60 78 143 223 253 402 468 480 533 600 678 711 796 877 934
12 36 348 506 612 629 645
36 151 221 242 261 265 338 615 737 950
348 55 269 320 334 359 366 547 581 590 683 790 817 818 926
506 32 60 162 195 252 355 468 502 661 690 800 852 908
612 44 47 82 120 367 532 571 688 789 814 964 975 995
629 155 179 195 206 253 347 360 393 458 471 620 827 837 854 873 923 961
645 19 321 412 778 798 898
17 92 139 197 323 357 389 416 454 517 562 593 621 652 662 752 776 820 862 882
125 162 288 421 521 641 691 746 756 937 965
194 78 127 235 243 247 362 456 523 598 604 611 735 782 816 872 907
257 328 336 497 543 708 833 892 935 950
401 60 123 180 351 541 637 657 744 873 899
444 67 172 267 346 484 493 755 814 875 888
643 578 650 692 749 833
704 102 232 559 691 697 947 965 989 994
901 58 119 132 209 320 392 725 769 783 994
14 100 166 320 376 417 446 470 534 570 624 673 680 747 757 851 914 924
100 33 51 143 279 300 531 632 657 710 809 833
166 57 60 71 75 133 284 292 296 329 331 381 549 550 847 865 919
320 64 151 259 306 325 341 362 384 422 465 632 692 702 823 913 939 961
376 88 262 308 336 379 559 661 717 746 749 841
417 37 66 304 472 497 535 621 681 966 973
446 16 72 86 148 155 477 486 607 619 768 803 952
470 28 117 162 413 545 567 651 656 741 844 877
534 167 375 395 405 535 597 624 756 807 891 960
570 51 176 300 399 445 479 480 497 515 599 694 707 764 791 844 875 900 944 977 989
624 71 202 269 315 340 418 439 472 489 494 622 649 653 767 932 978
673 16 63 158 173 238 321 341 437 596 634 650 822 902 915 969
680 25 42 69 70 356 368 424 542 728 766 785 971
747 42 44 75 232 593 653 740 742 875 890 941
757 191 288 294 306 405 512 547 637 660 695 779 832 875
851 24 25 228 305 398 557
914 26 79 165 218 227 420 597 700 709 716 825 830 875 881
924 60 165 426 574 801 839
15 93 228 290 330 359 567 573 705 724 779 870 882 898 937 989
93 101 162 245 249 300 317 532 533 622 664 837 852 864 954 974
228 230 301 369 410 515 544 571 719 786 913
290 27 165 190 260 587 617 925 937 987
330 146 147 192 208 413 479 540 765 860 976
359 41 163 231 315 362 411 562 586 627 807 868 892 897 942 943 965
567 94 96 208 223 256 293 324 356 368 420 457 560 582 682 753 777 902
573 44 53 67 271 331 492 627 649 818 837 933 956
705 24 78 183 332 391 507 535 581 655 676 681 714 758 881
724 148 155 180 182 304 309 325 352 485 563 608 656 803 950 966
779 53 267 299 369 420 440 492 495 558 563 564 622 685 706 811 833
870 158 206 539 773 865 891 955
882 57 148 151 157 181 239 276 280 295 380 594 627 790 970
898 117 132 251 272 399 584 586 591 596 611 676 765 766 794 827 839 888 907 975
937 39 287 366 404 437 493 499 864 913 995
989 76 288 384 418 421 657 658 765
16 56 141 412 428 508 656 666
56 57 298 405 411 864 932
141 43 168 240 242 272 326 504 523 626 706 764 832 877 923
412 24 42 198 297 321 378 564 592 808 825 916 943
428 31 34 180 206 341 364 388 426 516 537 603 632 665 718 729 785 788 827
508 101 130 187 256 321 331 507 510 519 561 764 798 915 916
656 18 30 221 388 513 848 905 908
666 19 114 223 298 692 800 912
92 174 281 312 405 476 537 574 720 741 744 788 865 985
139 47 60 191 481 581 714 763 874 892 960
197 19 109 153 156 454 564 596 608 651 681 683 808
323 46 64 157 423 533 751
357 116 130 286 304 369 515 841 896
389 114 148 176 234 391 458 540 555 600 650 723 740
416 160 218 576 665 702 862
454 18 75 162 254 369 378 544 594 651 817 841
517 276 350 445 633 689 692 702 820 923 932 965 969
562 127 157 169 529 564 577 597 822 829 839 954
593 37 173 260 287 314 592 641 648 817 844 889 894
621 63 85 112 119 212 337 391 474 598 739 899
652 43 372 550
662 31 167 248 307 355 472 502 619 657 707 801 874 910
752 18 167 187 189 190 325 374 422 539 614 672 706 876 887
776 71 86 94 223 658 786 829 837
820 94 285 345 375 387 529 574 761 819
862 135 138 329 380 478 675 878
18 41 305 316 388 415 711 801 969 982
41 51 160 305 494 577 691 821 830 868 938
305 200 230 295 328 767
316 43 203 282 346 458 549 569 646 725
388 35 38 182 276 317 362 563 564 675 690 742 782 790 868 947
415 79 174 203 431 474 615 677 696 726 784 802 954
711 58 207 272 584
801 24 39 53 89 227 326 332 439 541 677 691 852 971
969 44 265 296 298 308 628 648 665
982 229 469 525 598 633 649 744 761 916 946 961 963
19 69 87 122 297 366 403 571 604 798 833 885 890 941 973
69 165 263 695 751
87 71 414 490 494 636 788 888
122 46 72 83 99 119 203 286 289 457 563 609 619 626 675 719 902 977
297 253 515 681 694 972
366 59 214 292 296 493 510 513 532 596 763 873
403 152 172 208 317 322 332 351 381 407 456 604 638 691 697 714 808 821 889
571 138 286 309 362 372 472 661 664 749 844 874 973
604 146 147 271 356 398 499 519 626 631 694 695 710 773 811 816
798 84 243 338 342 369 409 648 763 971
833 86 165 190 404 434 466 479 509 521 702 900 920
885 185 267 307 449 559 603 685 765 796
890 223 288 312 437 458 627 649 742 762 860 893 970
941 64 183 201 289 461 466 520 708
973 31 38 120 172 251 269 298 326 378 400 468 475 609 675 721 765 899 900 910 992
20 198 253 271 289 498 668 732
198 63 120 133 179 234 490 504 697 767 788 854 904
253 70 265 271 308 466 543 626
271 23 28 33 84 185 206 445 553 616 633 726 915 940 976
289 155 229 254 426 594 896
498 68 183 192 231 325 367 426 507 572 608 979
668 75 101 147 356 387 457 497 676 720 997
732 195 304 526 596 852
21 84 169 177 207 216 312 339 467 690 944 956
84 68 81 118 167 216 286 346 367 641 655 818 951
169 34 117 193 219 272 301 306 342 463 605 653 689 766 955
177 106 148 151 549 887
207 48 59 64 221 317 485 512 576 681 688 832 839 848 927
216 79 133 262 295 484 513 556 655 683 763 819 845 877 953
312 124 163 261 288 339 442 492 611 639 760 852 987
339 185 300 326 368 489 492 649 681 765 846 897 978
467 108 164 181 245 259 287 304 340 414 509 812 839 987
690 86 138 143 150 152 205 249 288 326 378 411 449 462 522 787 822 970
944 236 288 626 777 778 972
956 43 73 91 128 181 261 423 453 638 640 722 965
22 102 117 336 338 400 431 472 480 611 720
102 180 218 276 293 410 465 519 631 665 768 931 979
117 44 63 94 202 440 457 794 800
336 54 57 79 128 185 239 245 296 301 431 527 637 696 702 717 744 782
338 53 63 148 272 371 920
400 150 219 238 263 350 367 970 977
431 238 485 499 519 729 814
472 78 128 150 212 232 284 373 375 613 653
480 387 393 502 510 592 807 974
611 187 209 315 337 626 672 688 718 817
720 143 238 246 463 548 558 638 930
23 33 85 162 261 443 450 494 596 663 796 845 930 957
33 105 148 605 661 663 709 766 795 827 854 875 998
85 31 179 187 249 265 266 280 615 816 841 971
162 135 550 636 753 763 784 808
261 171 473 675 694
443 83 238 372 535 677 730 748 875 996
450 109 205 236 245 247 309 533 591
494 47 71 107 182 190 202 294 311 458 626 781 791 848 872 878
596 63 71 72 73 99 263 285 307 475 622 681 688 800 848 888 953
663 58 76 774 970
796 189 231 259 318 742 844 910 978 996
845 247 329 718 972
930 55 76 224 303 419 651 740 800 806 976
957 47 157 294 507 522 633 765 782 891
24 71 105 135 163 234 285 306 350 395 445 497 588 594 648 949 960
71 31 34 37 73 106 440 489 778 990
105 27 66 151 179 227 269 329 368 899 931
135 89 176 240 337 420 440 478 564 677 777 913 979
163 39 180 317 378 717 868
234 76 138 476 553 693 697 702 787 800
285 67 157 204 530 678 688 872
306 70 342 479 592 634 764
350 380 447 453 541 620 839
395 180 200 292 296 559
445 247 721 749 780
497 157 303 346 422 423 471 626 634 651 780
588 88 172 227 437 577 749 829 874 932 946 990
594 67 247 333 440 490 522 578 735 763 802 808 809 830 899
648 138 189 230 246 371 392 398 556 561 599
949 83 148 179 205 223 246 293 298 378 479 761 810 814
960 300 525 603 818 838 953
25 112 114 212 321 407 426 449 451 457 461 507 515 548 832
112 72 340 830 916 977
114 89 148 187 321 328 507 730 805 905 943
212 109 168 347 405 756 829 916
321 109 173 208 287 367 372 393 404 421 457 694 860 970 977 993
407 191 317 346 512 514 565 574 665 773 774 891
426 355 410 465 466 889 908
449 35 43 119 195 222 308 331 342 507 522 560 598 622 636 649 718 742 753 760 774 785 972
451 165 382 439 627 653 723 814 822 838 847 926 977
457 160 331 337 419 484 569 768 769 891
461 193 418 440 468 706 778 838 868 942 966
507 39 232 378 387 414 549 616 803 904
515 70 79 110 523 540 832 934 990 992
548 308 328 533 685 753 978
832 182 318 541 702 811 848
26 265 340 342 514 650 743 788 831 915
265 67 160 209 308 331 530 790 886
340 393 500 544 597 636 637 780 854 874 892 953 970
342 42 128 174 242 249 373 569 617 700 723
514 322 332 355 371 465 504 587 661 675 679 830 854 935 965
650 106 262 279 287 292 476 642 735 794 839 893 896 912
743 44 151 187 189 230 292 322 481 854 883 895 940 996
788 236 304 402 442 458 502 786 876
831 98 317 413 614 654 691 748
915 51 75 152 284 367 425 482 537 672 697 865 950 970 979
27 98 232 427 518 634 692 780 844 909 976 979
98 86 195 292 421 493 504 530 807 876 942 991
232 57 73 165 328 351 360 499 942
427 75 174 229 311 329 518 716 730 811 895 934
518 60 89 155 229 239 295 381 519 633 685 806 878 908 964
634 101 123 189 372 522 572 614 722 855 881 902
692 66 227 521 549 810 818 819
780 167 280 291 378 563 584 672 846
844 138 183 243 296 447 516 591 607 709 881
909 288 404 584 657 809 816 938 962 971 988
976 199 227 414 513 516 607 730 938
979 37 53 118 143 178 371 414 608 632 672 745 748 761 786
28 109 418 773 927
109 180 219 260 288 378 421 564 636 751 760 794 803 812
418 91 640 688 709 782 786 974
773 248 279 402 419 483 800 836 868 931
927 476 677 778 854
150 32 127 279 364 453 537 721 996
260 47 67 172 351 368 553 561 847 892 966 971
309 119 334 447 714 786 888
367 48 60 127 209 303 334 453 489 510 609 742 758 843 883 923
696 59 110 463 598 658 751 841 886 935 963 970
794 111 192 214 264 280 471 473 544 658 803 988
886 88 118 644 729 790 934
30 133 202 527 965
133 60 292 651 940
202 101 191 326 341 413 483 513 616 781 978
527 322 360 456 458 465 513 766 787 802 872 974
965 219 238 332 356 519 526 529 591 763 805 819
31 152 238 372 423 478 532 746
152 64 205 268 421 758 761 787 817 819 867
238 99 111 199 298 325 526 966
372 66 78 148 157 247 292 616 677 693 728 789
423 73 94 206 279 352 419 716 955
478 34 76 108 151 525 539 568 616 617 635 875 904
532 63 95 236 256 369 581 658 825 847
746 341 351 380 490 529 895 974
32 284 299 477 479 699 946 978
284 111 160 300 315 384 512 561 669 721 764 785 823 875 878 994
299 371 387 708 755 908
477 37 292 371 460 605 694 892 894
479 440 555 603 633 678 768 775 786 868 889 975
699 106 174 183 411 557 590 638 649 723 970
946 101 322 391 599 642 767 810 998
978 47 143 164 180 199 249 279 533 565 638 678 825 923
148 78 334 485 530 543 683 708 795 846 916 919 923
605 337 530 535 556 767 787 878 907
661 60 172 185 231 337 453 469 785
709 57 66 68 94 107 124 324 460 469 471 576 620 683 707 725 905 943
766 78 185 245 324 378 402 419 569 587 728 783 964
795 81 95 96 205 231 317 447 537 623
827 259 286 439 637 996
854 164 653 876
875 227 341 399 456 543 569 581 895 902
998 81 119 120 280 380 499 651 775 829 863 966
34 268 471 521 543 586 613 620 805 894 932 952
268 95 259 282 313 603 641 644 654 725 821 892
471 178 208 360 439 558 563 675 677 809 953 996
521 38 86 295 329 378 380 413 434 456 694 716 920
543 180 333 818 876
586 182 308 381 425 716 760 954
613 89 142 200 303 550 707 777 787 815 817 839 857 883 964 985 993
620 46 118 447 638 988
805 119 332 655 691 702 895
894 379 466 556 640 791 872 961 993
932 199 313 334 373 398 409 465 902
952 42 50 120 124 484 697 742 763 817 855 935 950 996
35 172 182 318 458 700 721 745 774 782 897 920 990
172 157 221 230 345 369 644 707 790
182 43 81 206 404 584 654 708 775 785 809 906 991
318 204 756 988
458 160 201 206 262 291 352 439 541 572 730 847 934
700 239 326 419 516 542 547 651 800 803 988
721 143 434 681 900 934 994
745 44 118 120 138 355 387 434 531 615 737 793 892 981
774 37 67 128 167 190 231 425 628 974
782 171 192 203 239 246 298 356 485 489 555 702 741 762 839 971
897 189 254 325 513 524 558 787 892 907 913
920 270 333 402 424 465 603 793 867
990 43 48 63 132 229 314 337 576 628 887 895 962
151 64 304 325 326 434 607 657 764 806 891 893 997
221 168 248 602 651 669 737 912
242 46 208 404 556 599 665 697 953 963
615 147 168 174 178 191 214 240 294 355 414 531 581 900
737 72 171 208 246 270 569 576 654 836 838 913
950 42 118 181 559 753 761
37 120 264 387 393 896 905
120 229 313 399 608 717 811 838 962
264 168 360 513 603 730 846 912 996
387 179 410 649 935
393 68 199 205 209 380 419 555 592 623 693 718 785
896 146 314 642 873
905 187 374 384 437 565 880 893 895 951
38 301 346 553 565 802
301 502 568 619 892 906 997
346 68 153 156 298 539 560 823 830 876 933
553 303 341 369 584 651 722 777 786 868
565 132 146 185 298 368 398 462 658 749 775 777 830 892
802 53 59 158 191 288 482 504 608 653 800 807 815
39 44 181 205 313 362 392 405 500 572 639 836 996
44 47 50 355 590 642 665 723 847
181 214 326 328 419 540 597 657 725 829 867 892 916 940
205 200 262 581 710 783 830
313 171 307 369 453 469 499 765 816
362 155 251 262 519 560 812
392 235 240 460 463 509 636 710 753 822
405 64 171 199 315 334 424 453 462 542 619 675 860 964
500 42 124 165 178 231 280 549 758 775 872
572 76 223 286 303 317 468 535 676 764 789
639 64 189 475 476 542 756 906 988 991
836 124 296 465 609 818 947
996 174 263 317 398 437 786 997
48 59 195 574 740 819 947
106 147 155 218 239 240 270 326 332 665 881 900 926
375 130 287 528 559 830 895 934 974
490 266 295 371 785 873 975
889 272 341 410 873 876 926 951 971
910 54 118 322 404 462 651 664 810
942 118 119 223 502 520 529 628 632
964 334 616 678 682
995 73 76 345 535 751
51 173 270 286 371 466 602 787 817
160 68 147 678 765 781 818
577 97 249 399 815
691 209 230 287 382 495 598 761 777 961
821 76 156 437 468 539 900 966
830 223 240 468 523 865 883
868 59 206 276 538 814
938 101 168 298 614 636 660 786
42 66 70 72 425 627 739 789
66 167 525 539 547 592 719
70 146 529 587 816
72 101 402 413 424 561 578 635 816 954
425 53 337 380 607 616 637 641 677 758 858 945 981
627 191 695 789 812 837 925
739 94 153 173 474 549 614 633 913
789 94 262 658 858 878
43 107 200 269 374 409 638 822 881
107 81 315 456 582 640 710 714 762 767 852
200 67 204 465 626 685 793 823 852 985
269 73 127 227 240 815 825 907 912 987
374 179 187 815
409 47 331 355 411 484 520 640 735 742 888
638 248 322 364 411 485 504 555 558 744 758 839
822 209 347 369 399 469 485 787
881 78 204 236 314 398 414 522 607 682 992
47 55 628 660 702 793
50 308 707 716 873 939
355 57 413 592 718 877
590 460 614 619
642 462 484 513 587 591 718 787 939
665 91 158 276 380 462
723 227 539 693 768 841 846 907 981
847 75 83 227 317 337 608 646 777 874
231 281 311 331 369 516 578 748 975
263 249 368 391 641 653 863
295 334 626 744 926
512 89 384 582 931
560 96 422 541 689 726
947 124 180 204 677 729 784 787 809 857 912
966 67 422 456 462 516 537 749 786 838 961 991
46 243 267 404 460 607 614 635 751 934 954
243 81 95 249 345 475 599 855 955
267 368 399 631 672 682 825 988
404 108 218 414 528 599 685 742
460 574 635 761 810 829 860
607 86 99 101 108 235 341 345 369 373 600 730 858 900 904
614 333 600 631 655 725 781 808 823
635 64 933
751 970 972 992
934 118 208 333 578 602
954 201 315 569 598 603 623 793 878
55 189 504 676 785 872
628 632 784 848 876
660 539 541 623 740 767
702 296 421 476 492 539 600 823
793 96 227 281 556 829 971
59 179 333 334 402 516 563 814 839 907
195 143 156 246 317 539 623
574 173 247 538 626 761
740 86 189 262 333 421 437
819 147 209 218 317 398 581 591 857
64 75 190 222 509 763 790
94 63 282 526 537 538 672 913 955 993
203 111 300 314 631 672 872 877 913 991
292 254 296 304 322 814 874 985
294 411 499 749 756 765 864
307 174 439 762 778
466 559 561 649 681 707 768
509 557 877 953 970
617 97 239 516 818
694 67 73 81 171 191 311 373 623
814 168 288 352 485 529 685 874 939
308 88 224 272 422 556 564 761 777
707 421 475 541 558 616 744 785
716 475 504 760
873 468 653 923
939 101 171 239 291 481 778 906
173 119 282 559 688
270 57 245 484 675 683 893 913
286 138 190 206 214 360 483 492 581 825 867 895 907
371 235 311 315 399 528 544 775 991
602 222 329 345 379 640 893
787 63 138 439 545 623 685 749 781
817 91 174 281 399 547 975
279 118 235 254 356 522 592
556 236 262 756
603 447 726 953 988
631 108 568 608 616 755 887
676 130 168 489 493 568 697 785
726 96 118 183 369 378 516 538 558 839 993
916 76 276 345 538 609 991
53 168 235 399 539 857 860 863 955
168 143
235 240 248 391 600 991
399 187 239 325 609 763 778 997
539 81 118 180 239 326 453 592 675 777 955
857 58 128 227 379 499 519 818
860 68 118 247 293 347 777 825
863 110 246 360 529 742 907 951
955 164 240 382 523 599 640
54 143 171 413 419 902
143 281 384 549 975
171 73 101 391 448 484 563 761 764
413 314 329 540 722 972
419 219 333 781 892 907
902 185 402 765
189 287 373 669 807
504 174 369 564 578 646 675 762 809 945
785 156 217 414 644 753 808
872 124 187 190 239 240 266 474 717 767 877
57 157 262 296 331 334 391 568 626
298 76 176 293 499 524 653 706 841 852 904
411 523 695 784 803 855 887
864 67 124 165 722 728 887 891
157 209 280 331 453
262 146 227 473 664 767
296 538 599 622 767 790
331 272 378 434 442 725 839 953
334 164 217 254 326 369 547 569 675 729
391 266 453 473 528 535 599 763 803 855 906 988
568 118 304 493 689
626 83 99 119 760 763
58 68 187 420 537 730 744 818 865 925
68 280 456 493 564
187 288 725 883 925
420 230 587 815 945
537 644
730 223 462 749 768
744 218 311 829 963
818 329 474 513 940
865 97 193 236 341 421 587 655 675 783 888
925 116 158 180 199 325 333 414 825
179 130 155 256 276 311 484 636 646 825
333 167 300 513 530 706 848 913
402 248 300 434 549
516 224 304 314 332
563 158 598 951
839 341 345 761
907 67 82 236 272 597 632 735 755 848
60 130 214 218 499 549 764 945
130 337 522 619 644 708 985
214 176
218 174 191 440 474 591 657
499 165 204 227 384 481 513 710 829
549 75 434 685 756
764 79 111 229 525 535 544 578 717 735 876 943
945 116 128 132 382 781 806
178 81 246 351 535 763
315 96 248 440 541 644 649 762 838
485 83 410 923 943 981
576 108 462
725 252 714 722 760 786 806 815
728 153 209 381 481 735 893
767 254 522 710 761
781 127 442 519 741 803 823 858 904 987
96 86 208 217 222 531 561 664 815
174 180 369 473 474 637 679 762 931
538 347 714
783 88 156 223 510 582 619 677 975
63 82 777 993
82 434 809
777 368 581 708 790 919
993 895
75 183 223 282 434 544 633
190 67 147 239 311 352 463 474 528 722 761 943
222 314
763 111 599 685 977
790 641 923
81 127 142 378 382 528 578 685
199 118 373 520 719
201 128 138 230 524 545 608 846 867 981
209 456 876 943
597 246 421 697 749
167 86 95 677 755 943
525 531 637 655 908 981 994 997
547 101 191 291 748 880 900 908 994
592 110 304 456 587 823 895 919 963
719 153 192 240 465 657 761 926
67 153 352 708 816
153 78 191 247 266 303 442 453 463 550 608
352 748 837 975
708 252
816 119 254 424 535 906 908
280 86 465 641 823
456 206 489 544 761
493 118 486 502 823 825 876 912 926
564 623
165 176 381 761
695 281 463 468 697 858 876 878
146 287 384 486 544 633 811 848 893
529 118 878 880
587 259 300 410 533 646 688 951
73 83 266 535 557 559 644 717 775
440 254
489 119 351 582 806
778 208 448 558 880 900 933 940
101 293 522 689 786
424 191 722
561 791
578 347 381 448 760 963
83 510 533
266 206 219 364 581 808 838
535 76 272 381 442 510 682 758 876
557 192 314 421 811 900
559 119 510 688 742 803
644 524 654
717 118 332
775 142 208 360 481 591 935 971
127 249 251 453 657 769 888
421 110 475 883 931 975
434 147 240 248 324 326 492
530 164 341 714 722 887 926
555 91 118 373 526 637 697 753
183 95 110 360 540 669 718 735 913
223 99 229 276 345 364 679 951
282 185 784
544 99 219 272 632 646 858 923
633 256 325 800 809 912 991
76 147 533 541 791
147 128 345 664 951
533 317 382 453 600 755 838 867
541 378 682 900
791 99 977
116 108 110 304 483 867 971
276 729
329 246 422 878
382 86 158 217 410 637 657 678 815
582 748 919 962
689 230 469 972
994 414 632 803 808
78 245
245 236
79 249 251 380 453 502 718 748 807
249 123 380 469 608 653 900
251 192 208 677 761 997
380 591 825 829 891 970 975
453 99 815 908 951 975
502 227 476 528 951
718 247 475 837
748 465 524 600 651 926 943
807 236 373 448 510
384 119 230 356 681 878
600 119 227 422
657
706 119 124 291 337 447 679 991
756 227 240 368 519 769
951 91 293 653
142 300 762 888 893
378 281 803 877
528 239 608 655 981
685 961 971
809 520 765 829 940
510 468 524 584 722 972
118 89 206 291 646
641 542 988
655 185
841 191 229 442 878 991
971 259 398 906
86 124 155 784 933
124 111
155 899 970
784 128 681 837
933 322 462 531 858 887
414 227 325
636 248
888 164 351 463 619
88 111 240 484 677 877
111
240 99 337 447 658 883
484 598 997
677 227 637 640 926
877 364 379 609 893
89 829 843
829 158 463 473 545 912 972
843 513 540 609 637 683 697 749 838 858
272 206 373 558 913 974
545 128 236 252 287
623 558 768 940 972
975 322 786 906 931
91 219 281
219 138 465 637 664 943
281 669 811 852
476 192 239 463 681 913 940
741 369 598 688 887
985 176 540 923
300 520 524 550 883
317 204
622 311 803 823 874
664 185 410 825 935
837 398 473 654 855 970
852 351 904
974 110 229 651 693 919 935
526 649 762
672 658 697
913 398
95 293 786 893
293 337 637 876
786 180 236 762 769
893 838
208 531 765 768 923 972
217 246 368
531 558 991
815 806 895 970
97 462 658 991
462 448 584
658 345 398 483 991
991 398 810 823
876 246 693 874
99 653
653 341 758 858
632 287 291 337 351 379 442
710 259 304 640
522 963
180 191 765
410
465 256 314 963 981
519
768 108 337 360 492 742 753 806
931 206
138 584 646
524 229 256
697 246 550 899
970
227 761
368 722 883
899 325 422 448 619
239 254 311 513 669
326 119 369 558 598 651 678
332 523 761 848
900 229
926
640 254 381 758
714 193 256 469 855 880 972
762 192 810
108 191 259 341 883
191 351
259 192
341 123 176 192 474 765
883
288 520
760 248 304 569
803 254 475 753 846 908
812 287
110 230 325 609 669 987
230 735 761
325 176 206 324 678
609 328
669 347 683 765 891 972
987 953
977 206
204 381 838
291 943
328 806
943 442
123 800 919
224
304 654 681 867 880
483 651 878 880 997
867 347 584 823
800 176 523 599 858
206
646 469
119 360 682
360 176 252 558 972
682 381 616 810
229 598
608 252 448 523 619 912 963
811 654 683 742 769 846
838 439 474
962 678
437
846 254 678
619 912
675 337 492
919 495 729 953
584 193 381 513 654 972
769
128 324 492
324
492 749 810
379 303
992 474 550 953
337 765
254 904
132 422 599
422 156 482 679
599 347
651 678 887
940
481 895
176 447 878
381 486
855 679
581
874 972
892 688
523 469
923 236 364 912
364
616
252 442 761 908
287 322 369
486 311 448 878
848 442 904
345 192 598 825
683
351 442
806
891
997 193 474
758 322
761 569
247 369
303
442 158 256 558 678
463 972
550 935
156 248 468
248
468
158 520 654 722
520 473 722
654 482 935
722 649
678 558
765 513
256
753
808 192 688
164 681
681 637
755 185 591
193 495 542
858 373
448
369 469
688 887 988
473 246 908
474 322
637 735 972
679 185 314 988
447 649
878
887
246 895 908
311
825 469
540
906 598
735
373 558
961 963
185 469
469 972
347
192
495 649
542
598 475
729
904
823 591
981 322
513
314 649
972
895
953
591
935
912
693
236
963
475
908
988
558 880
482
356
322
749
880
439
649
569
742
398
810
