0 4 47 98 210 276 277 386 414 446 489 525 579 656 730 793 877 975
4 57 62 136 214 572 615 862
47 68 136 540 716 806 814 841 846
98 252 254 452 462 489 521 664 691 748 815 876 885
210 10 123 228 263 330 594 724 924 969 982
276 63 71 386 535 590 665 716 917
277 32 92 392 419 587 593 682 785 831 952
386 125 136 193 228 440 526 626 781 877
414 296 340 600 604 673 706 783 855 905
446 474 566 593 611 644 683 758
489 5 113 119 332 394 424 425 548 563 727 728 795 879
525 34 208 341 425 580 618 635 663 817 901 916 956
579 95 101 254 326 327 369 606 675 692 712 759 782 803
656 34 93 201 223 463 478 520 748 794 822 836 864 866 953
730 44 49 114 145 391 502 519 546 676 702 789 797 881 944 952
793 49 315 327 424 640 678 768 901 942
877 10 150 185 438 509 617 672 749 754 765 778 844 946
975 1 73 188 684 726 986 998
1 51 109 117 147 209 297 519 747
51 43 105 213 228 387 419 544 583 596 748 778 810 880 921 942
109 195 278 641 861 930 939
117 39 189 360 461 464 539 585 722 795
147 125 180 286 287 343 346 439
209 256 354 448 466 518 536 621 635 721 786 925
297 77 148 180 491 514 595 679 758 906
519 89 167 196 423 540 675 781 815 836 866
747 15 27 319 406 421 495 629 669 671 940 980
2 74 162 479 524 552 567 657 722 733 787 812
74 53 84 97 207 285 322 348 487 663 738 824 837 936 949
162 39 171 229 230 283 285 367 514 609 879 938
479 21 26 44 137 362 430 443 596 630 675 722
524 107 130 330 434 552 652 733 781
552 153 155 267 270 342 399 547 690 792 808 809 989
567 101 160 348 389 494 499 748 826 895 900
657 141 548 758 774 901
722 101 299 326 377 705 731 755 797 810 825
733 70 258 451 671 710 783 836 943
787 151 474 496 515 536 587 685 706 735 849 853 953
812 93 358 547 713
3 48 226 275 337 404 456 496 498 548 773 871 922
48 29 59 179 205 223 290 455 513 523 539 617 631 925
226 70 132 218 495 571 655 718 882 946
275 37 119 149 205 331 536 675 682 685 752 904
337 57 189 287 364 498 544 770 785
404 16 25 27 37 41 90 106 108 265 483 633 776 808 858 991
456 33 239 469 792 883
496 133 135 239 484 650 664 666 773 917
498 186 229 251 307 514 520 575 917
548 26 118 248 370 469 688 719 732 961
773 65 215 558 967
871 27 63 119 475 547 585 603 654 683
922 20 37 84 146 278 281 314 595 749 781 831 862 890 916 997
57 246 421 686 760 815 845 955
62 145 719 809 818
136 247 292 364 553 659 723 725 923 952
214 101 207 229 317 668 740 818 887 979
572 8 64 123 142 172 208 427 492 736 811
615 244 283 390 463 713 736 782 802
862 34 240 253 304 399 429 911 993
5 17 145 252 383 527 694 725 742 745 804 816
17 16 138 282 482 708 761 981
145 29 421 440 491 602 698
252 405 450 480 550 591 667 686 735 760 776 867 962 985
383 84 93 127 283 328 428 559 617 676 689 734 843
527 61 172 182 294 319 620 753 761 846 870 895
694 392 418 451 696 797 942 987
725 91 842 890
742 169 445 624 838 977
745 15 24 85 120 148 203 484 526 619 687 703 708 750 807 830 924 960
804 60 82 123 267 371 394 418 431 459 503 568 601 778
816 111 168 205 344 448 591 598 851 890 921 964 979
6 43 81 219 457 497 583 684 781 797 842 934
43 41 163 363 647 756
81 46 423 430 459 560 668 791 928
219 223 272 430 778 827 893 999
457 10 131 274 410 429 531 824 908
497 123 169 266 407 523 599 616 956
583 282 321 651 682 695
684 103 301 391 425 463 786 834 914
781 141 413 709 749
797 169 250 269 562 751 818 912
842 66 141 381 425 599 677 697 699 775 953 970
934 71 179 188 424 686 698 705 706
7 63 71 85 179 247 287 388 438 490 603 711 878 949
63 21 376 926 965
71 26 92 127 289 362 368 693 817 870 973
85 56 59 104 140 546 648 867 965 977
179 34 245 315 465 616 618 679 786
247 58 97 329 521 585 693 763
287 366 378 792 905
388 102 258 268 338 482 528 592 638 710 744 766 918
438 78 111 152 273 338 382 474 486 534 541 544 679 879
490 181 392 481 500 550 626 766 839 941
603 20 31 159 342 417 481 544 553 791 868 880
711 150 350 541 642 855 952
878 8 149 199 211 344 367 428 472 488 577 600 802
949 82 105 113 234 299 416 670 709 807 855 907 971
8 34 59 155 157 273 719 732 798 829
34 23 66 197 200 331 341 358 659 666 873
59 477 491 646 931
155 141 230 262 269 360 424 462 522 547 625
157 102 178 244 432 495 818 851 879 881 931 953
273 190 352 359 557 569 573 632 794
719 422 431 494 512 632 941 978
732 88 240 299 740 807 813
798 119 343 511 601 623 678 835 893 991 999
829 41 164 248 298 341 347 464 831
9 299 367 430 491 526 721 776 786 901 918 921
299 324 459 672 728 731 802 806 863 961 991
367 106 169 264 280 536 608 727 796 821 841
430 27 54 103 180 313 424 451 505 612 686 696 795 999
491 13 240 347 521 575 601 645 809 841 986
526 15 152 159 229 279 470 640 699 838 900
721 39 161 352 357 396 480 530 594 695
776 64 151 378 475 573 658 930
786 65 641 724 739 814 905 995
901 605 736 763 925 963
918 254 493 495 521 978 992
921 40 68 90 169 242 281 400 468 629 668 866 888 944 968
10 31 165 184 246 262 284 289 319 387
31 122 349 468 476 492 506 511 540 607 770 994
165 116 146 543 631 661
184 29 356 453 522 535 546 568 718 914
246 130 399 435 550 769 813
262 68 175 533 736
284 40 187 224 333 508 599 715 753 957
289 158 253 355 477 662 689 763 779 837 931 954 997
319 138 196 218 245 750 850 881 924 938 952
387 82 531 637 909 910
11 119 139 154 288 409 448 472 606 675 751 806 821 827 857 886 929 959
119 15 468 473 582 827 948
139 39 200 248 397 403 415 466 472 482 534 716 952 966
154 310 339 639 939
288 99 120 124 151 202 227 366 448 550 614 628 811 848 997
409 254 363 424 976
448 342 550 654 907
472 224 295 376 466 568 678 821 939
606 22 60 231 248 318 471 515 587 746 980
675 77 105 374 597 778 858 913
751 94 138 153 338 454 495 580 589 683 833 915 917 941 945 979
806 181 182 220 250 266 553 717 746 887
821 185 298 670 838 909 912 920 984
827 146 161 285 304 335 356 477 644 731 917
857 351 380 415 419 539 576 727 743 750 756 764 885 958
886 52 264 471
929 286 364 445 556 910
959 218 286 309 338 651 768 981
12 114 240 346 381 398 399 532 828 872
114 25 50 208 233 573 616 629
240 32 111 148 170 718 764 819 899 968
346 15 280 482 534 655 760
381 126 146 253 271 332 449 667 822 912
398 80 279 373 452 670 717 758 775 938
399 56 105 241 408 419 549 750 794 926 971
532 22 108 181 300 340 460 701 848 858 885
828 167 507 508 575 595 680 712 755 893
872 106 175 340 463 625 707 800 882 984
13 249 306 380 391 702 944
249 149 180 235 242 452 516 676 835
306 26 45 238 439 631 641 667 707 925
380 176 671 686 731 874 995
391 115 131 474 557 599 736 765 771 791 961
702 168 250 415 784 849 888 930
944 218 700 784 881 882
14 44 167 315 347 373 429 559 688 847
44 116 241 340 355 376 587 668 713
167 171 231 483 534 578 605 710 800 958 999
315 282 294 331 634 648 853
347 52 205 285 660 686 713 907
373 365 618 907 935
429 236 292 325 353 356 439
559 77 203 295 349 397 415 517 610 707 845 908 957 981
688 16 83 112 200 206 232 251 464 499 511 539 601 865 912 977
847 94 97 261 321 382 390 406 408 432 478 574 577 718 995
15 95 605 662 748 766 946 953
95 45 103 460 668 734 887
605 77 93 170 393 453 599 646 970
662 151 223 238 259 351 467 486 707 778 791
748 203 389 468 538 587 623
766 234 338 410 539 593 813
946 37 566 632 713 904 936
953 148 520 611 669 754 853
16 61 128 153 450 544 545 663 680
61 595 979
128 26 242 279 385 661 729 954
153 66 178 207 437 974 999
450 142 160 286 378 390 425 432 758 774 926
544 100 131 135 534 849 899
545 35 83 89 104 349 485 509 592 634 738 762 849 984 985
663 243 396 495 607
680 68 825
138 49 163 169 372 477 634 727 729 743 754 761 825 947
282 242 343 538 547 604 681 908
482 406 433 617 665 789 838 863 951 956 980
708 58 218 570 584 624 965 979
761 60 83 392 455 796 925 955 973
981 18 447 487 832 942 998
18 234 235 254 318 551 927 955 967 982 997
234 170 223 402 500 687 947
235 50 110 126 437 500 646 741 852
254 257 397 513 520 962 995
318 120 434 703 728
551 53 87 103 161 170 314 360 487 691
927 102 213 279 345 629 803 881 904 916 988
955 508 640 704 819 983
967 54 126 206 449 461 620 646 651 652 658 837
982 130 192 231 253 413 434 610 735 775 931 950
997 120 278 294 396 454 580 879 996
19 55 248 389 539 595 622
55 223 242 251 395 515 558 601 655 690 830 890
248 304 305 447 495 650
389 30 194 195 239 370 394 454 480 560 682 772 792 925
539 53 164 170 293 646 700 705 767 844
595 148 358 390 538 755 866 909
622 328 627 648 706 746 790 961
20 39 46 175 257 665 739 824 859 930 938 962
39 146 199 410 499 616 626 788 838
46 135 475 478 536 557 832 907
175 54 316 341 410 522 623 971
257 536 542 720 822 903
665 86 295 375 550 623 634 658 690 852
739 102 161 401 431 610 718 724 904 910 923 956 992
824 60 91 130 135 500 598 626 652 789 836 937 938 941 964
859 35 77 300 301 317 631 715 818 995
930 301 338 705 713 790
938 67 330 528 536 565 617 618 653 820
962 78 118 131 670 846
21 131 189 198 563 607 869 941 948 964 979
131 69 292 531 800 966
189 99 343 926
198 229 384 419 443 553 609 689 712 762 858 908
563 168 197 564 624 726 731 971 995
607 36 64 104 133 141 528 530 629 815 978 986
869 86 180 369 390 683 777 998
941 27 97 348 441 640 905
948 141 256 379 515 541 543 638 826 853 865
964 23 368 372 422 455 495 508 589
979 54 99 317 374 473 493 580 681 843 867 881 984
22 96 170 237 351 427 597 757 892
96 160 431 625 626 642 789 974
170 411
237 40 70 92 123 126 307 408 432 574 659 849
351 150 222 374 424 542 600 785 876 896 945
427 27 54 390 435 754
597 87 144 187 259 324 334 637 800 880 885
757 159 390 406 463 465 624 627 634 925
892 330 470 554 737 740 835
23 37 65 181 478 480 637 729
37 353 447 546 788 845 947 978
65 106 137 309 580 591 762 846
181 304 504 940
478 419 476 699 895
480 35 233 333 364 437 515 557
637 160 177 251 565 677 841 858
729 125 259 327 394 803 874
24 56 99 150 250 653 669 723 972
56 208 217 263 674 728 735 851 931
99 104 172 290 366 411 626 671 893
150 72 325 384 467 808 817 906
250 843
653 89 493 557 580 743 883 887 905 933
669 33 72 323 361 464 623 706 800 903 947 969
723 93 212 568 698 928
972 340 620 780 782 893 936
25 75 260 632 971
75 216 292 354 377 576 720 737 785 791 907
260 86 590 846
632 33 354 402 529 586 952 954 992
971 244 366 515 561 639
26 132 515 777 875 937
132 129 191 305 432 531 789 912 983
515 53 113 259 426 454 464 587 963 978
777 264 296 310 513 817 879 999
875 253 332 408 431 565 587 676 709 744 851 856 896 999
937 317 405 471 558 647
27 188 401 731 775
188 298 336 565 692 880 881 919 980
401 68 168 194 432 467 644 672 752 790
731 73 712 758 856
775 542 634 758 896 932
28 265 424 689 803
265 355 372 803
424 174 218 232 296 393 416 428 434 933 936
689 36 461 759 846 853
803 437 462 658
29 185 245 291 512 560 713
185 281 394 571 630 734 907 995
245 107 127 187 259 322 434 541 553 644 883
291 78 149 293 439 594 715 840 863 905 960 966
512 331 395 771 809 976
560 127 285 564 569 659 715
713 68 125 513 557 728 750 861 903 957
30 94 199 203 362 444 573 943
94 69 233 305 500 770
199 353 431 540 613 770 894 911 926 943 973
203 140 322 454 788 832 980 991
362 130 368 375 521 782 831 884 890 919
444 208 338 396 514 614 647 678 890 899
573 447 461 516 596 608 923
943 194 556 611
122 92 272 298 355 508 562 760 765 846
349 470 736 788
468 218 274 353 802 988
476 432 452 465 523 569 625 754 856 863 876
492 278 648 685 697 890 898
506 100 127 316 412 523 602 640 926 989
511 159 195 576 714 916 980 983
540 504 738 752 784
770 278 305 410 411 445 634 783 820 928
994 38 191 218 839
32 70 193 227 261 411 553 919 925
70 36 110 194 313 735 863 864 866 883
193 101 255 368 528 703 839
227 103 415 546 640 856 942 987
261 169 390 452 474 687 692 762 983
411 589 838 880 925
553 83 88 126 135 216 259 314 405 705 743 861 907 911 974 977
919 49 423 568
925 36 134 186 348 640 643 648 695 785 801 909
33 335
335 236 576 604 716
66 589 671 696
197 377 963 974
200 352 596 625 679 791 822 951
331 101 187 263 268 290 591 661
341 310 534 726
358 231 330 530
659 50 104 208 232 550 613 782 897
666 50 256 328 356 676 736 802
873 91 471 624 679 697 700 737 838 858
35 134 340 736
134 105 344 412 589 843 909 970
340 359 416 556 670 715 796 807 815
736 241 328 442 467 626 839
36 45 54 221 699 726
45 107 206 294 321 385 565 638 671 882 895
54 596 888 980
221 148 316 505 685
699 80 307 485
726 82 280 432 452 571 712 779 785
353 49 201 272 417 530 809 854 950
447 118 130 303 505 687 850 896 917
546 127 143 279 547 661 832
788 101 118 159 301 500 513 681 746 755 768 893 910
845 68 83 107 112 191 202 370
947 413 473
978 516 575 802 935 960
38 467 654 917
467 270 271 366 471 685 700 888
654 371 858 888 958
917 69 101 402 513 570 618 749 769 977
146 194 426 556 616 789 879 977
410 211 475 565 692
499 271 316 323 417 870
616 152 187 201 296 355 504 557 611 754 905 989 992
626 641 720 843 923
838 192 211 264 369 554 658
40 202 323 460 610 620 819
202 115 169 180 224 549 586 592 617 635 650
323 417 520 678
460 164 302 354 555 642 646 835 855
610 379 504 582 651 693 756 785 818 893 933 957
620 143 178 256 442 495 594 687 696 974
819 712
41 127 384 442 767 837 861
127 156 352 454 554 558 598 780 815 870 895 912
384 303 683 996
442 268 293 746 767 831 867 887
767 107
837 230 270 464 568 576 754 856 865
861 90 92 196 223 649 858
42 67 140 239 251 612 741
67 655 805 863 923 977
140 126 242 307 334 593 836
239 208 322 466 592
251 69 100 180 238 415
612 108 111 123 533 743 778 840 882
741 50 102 168 749 791 853 866 909 995
163 528 561 753 808
363 629 650 848 853 932 960
647 106 640 744 986
756 266 332 407 811 817 858
116 106 310 379 582 678
241 93 142 156 290 574 611 629 661 923 936
355 646 734 897
376 329 415 504 681 913
587 124 141 392 534 562 569 709 848
668 49 52 206 312 469 510 849 951
107 312 343 422 564 601 966
206 329 333 614 738
294 52 76 296 364 596 695 863 951
321 191 304 852
385 461 566 586 625 644 670 891 924 956 966
565 364 749 863
638 86 231 307 338 359 594 641 758 976
671 130 268 650 867
882 91 112 217 264 305 322 329 432
895 298 342 735
135 374 395 594 609 783 823 988
475 217 220 418 530 651 849
536 212 281 554 700 760 889
557 423 437 485 639 660 820 874 945
832 86 313 379 405 531 624 643 952
907 298 313
68 58 324 714 924
716 267 317 413 439 466 760 879 905
814 220 327 338 420 437 598 636 858 902
841 507 764 952
846 462 683 774
205 218 342 783 822 898 973
223 464 500 523 624 649 692 720 769 936
290 207 256 286 298 302 396 614 792 800 811 905
455 93 709 834 876
513 105 433 691 705 879
523 72 255 374 535 585 697
617 79 279 320 400 608 839 973
631 521 951
49 72 538 655 850
72 274 369 437 602 923
538 53 151 255
655 589 683 858
850 112 312 783 909
50 298 421 582
298 464 537
421 270 360 369 619 673 685 785 789
582 191 493 673
105 137 177 213 466 570 704
213 256 379 437 510 600 753 933
228 180 408 470 486 890 903 976
419 152 314 531 682 794 894 970
596 90 334 541 600
778 320 584 693 698 840
810 278 320 415 416 598 926
880 79 833 908 990 995
942 164 194 333 433 486 555 625 718 905 951 960 966 968
52 88 141 158 196 364 458 514 609 670 727 833
88 124 432 471 931 974
141 73 428 537 660 794 898 912 973
158 113 124 191 212 473 849 903 976
196 207 324 332 422 464 593 707
364 370 402 481 599 601 796 951
458 130 244 272 342 578 601 604 709 801
514 123 182 342 518 973
609 129 161 207 272 327 328 466 673 891
670 104 242 374 568 571 650 954
727 151 345 365 417 664 831 884
833 644 673 874
53 208 231 258 440 441 852 860
208 83 348 357
231 382 750 772 825 983 991
258 78 186 474 760 826 968
440 392 449 508 905
441 90 253 487 554 867
852 320 379 589 807
860 303 432 782 897 900
888 503 672 881
980 177 649
242 137 270 296 415 868
395 365 428 911
558 76 426 710 753 993
601 621 651 734 863
690 329 614
830 792 898
890 207 473 855 923 950
217 80 194 320 332 352 537 692 823
263 412 740 772
674 293 345 645 693 905 983
728 461 473 758 881
735 650 931
851 312 317 322 390 815
931 259 428 459 692 912
686 87 183 758
760 293 569 712 746 764
815 102 151 594 628 920
58 244 977
244 171 180
977 64 317 365 370 433
477 371 402 633 712 808 817
646 111 171 302 329 392 509
60 439 493 574 685 700 724 995
439 236 313 418 623 754 780
493 330 359 554 677 696 738 813 844
574 166 564
685 149 345 406 594 905 912
700 271 598 958
724 230 272 333 445 784 802 920
995 232 259 356 454 591 990
809 124 470 577 900
818 178 224 301 403 405 585 951
926 374 461 619 879
965 87 125 278 302 682 753 961
64 148 216 375 437 550 569 640
148 342 642 698 714 825
216 177 570 633
375 393 764 789
437 643 740 749 848 914
550 293 305 495 990
569 171 863 940 956
640 259 433 564 707
106 992
137 428 629 644 712 762 763 794
309 104 176 320 487 502 658 910 976
580 266 302 667 835
591 259 328 500 518 667 905
762 143 598 614 682
589 180 269 402 451 495 588 784 893
696 303 710
805 308 359 509 599 789 985
863 129 322 854
923 69 78 191 561 796 935
324 416 469 542 651 698
714 142 451 676
924 93 232 368 505 604 820
69 77 78 92 215 285 301 449 568 577
77 142 578 849
78 270
92 292 330 390 504 734 768 801 908
215 279 302 451 510 658 704 940
285 169 191 295 325 461 531 820
301 464 575 658 954 969 989
449 547 799
568 332 378 428 630 764 970 988
577 280 737 950 990
110 305 887
194 164 271 507 602 658 679 914
313 365 465 658 717 906 987 988
864 151 272 426 470 585 692
866 365 422 426 802
883
368 84 431 629 643 858 891
693 168 204 516 881 998
817 417 505 625 853
870 259 329 503 584 634 906
973 90 369 453 592 743 826
274 664 687 780 835 936
369 422 451 790
602
73 330 361 397 452 508
330 418 780 906
361 542 592 600 897 991 999
397 182 236 393 510 734 999
452 190 484 791
508 204 310 343 403 434 533 701 774 881
84 352 418 715 856 976 987
97 233 425 792 915 969 983
207 634 840 905
322 187 795 802
348 125 293 990
487 118 432 586
738 101 102 325 379 417 588 746
936 124 218 531 660 697 750 911
292 345 779 801 908 909
354 431 517 750 840 856
377 425 884 969
576 218 402 509 987
720 644 697 740 772
737 79 89 93 268 459
785 300 305 423 645 673 826 960
791 308 406 469 715
76 243 293 509 564 782 874
243 178 253
293 269 425 624 858
509 152 342 813 991
564 82 528 808
782 174 212 280 535 598 758
874 91 126 156 382 500 556 743 985
142 224 592 718 779
578 101 823
849 549 561 764 999
270 461 494 893 950
79 220 259 495 535 624 660 912 940
220 279 679 703 957
259 500 611 986
495 236 268 503 834 867
535 80 516 584 629 834
624 338 707 986
660 178 190 521 588 627 820 840 928
912 133 706 749 988
940 164 853 905
80 366 390 636 740
366 672
390 166 190 236 740 754 801 985
636 118 423 575 598 951
740 691 983
423 113 474 604 763
459 168 271 405 808
928 86 267 418 691 774 844
82 403 633 894 939
403 233 320 394 611 630 894 908
633 510 575 831
894 396 561
939 171 510 856 954
83 707
707 266 635 836 969
352 133 173 343 394 534 691
418 304 585 644
715 562 794 905
856 183 469 586 796
976 236 718
987 336 360 562 584 701 712 763 840 858
104 300 652 764 792 914 968 984 996
648 236 904
867 256 344 466 483 588 734 855 960
86 212 392 642
212 91 255 820
392 224 236 466 599 683 960
642 195 420 436 445
87 174 281 334 408 709
174 325 327 555 772 794
281 488 547 687 752
334 176 594 835 996
408 436 500 661 768 779
709 394
124 428 623
432 224 599 703
471 581 749 844
974 320 336 518 906
89 115 405 466 570 835 906 966
115 370 697 754
405 236 470 744 865 899 998
466 474 913
570 516 643 664 822
835 125
906 443 517 518 575 718 755 950
966 541 813 970
90 93 102 343 372 483 566 843 848
93 164 278 333 350 698 903 992
102 604 692
343 149 325 360 394 435 534 581 608 932
372 224 445 528 561 753 956
483 533
566 336 588 676
843 191
848
91 865
865 168 394 911
504 169 911
734 121 314 445
768 286 339 811 963
801 561 593
908 233 406 823 935 989
164 279 336 470 530 914 996
278 314 465 534 571
333 149 222 594 710
350 433 614
698 402 529 991
903 183 310 697 758 772 885
992 121 186 296 420 678 792 799 820 999
233 186 264 360 451 461 517 541 920
305 169 238 518 623 676
500 314 687 774 986
103 296 834
887 129 521 608 772
160 396 420 463
431 295 679 774 969
625 382 794 998
789 123 192 469 635 712 836
425 382 598 697 799
792 990
915 641 968
969 510 988
983 151 357 505 796
462 371 904
521 108 143 664
664 308 505 676 899
691 232 879
876 336 378 623 649 692 945
885 152 454 704
172 594 744 749 958
893 307 796 807
100 283 473 542 858
283 658 753 996
473 143 168 192
542 415 764
858 422 503 970
101 111 171 178 652 902
111 529
171 168 253 266 326 374 678
178 311 464 790
652 769
902 645 683
604 811
692 272 413 417 445
296 618 899
834 420 628
300 255 310 634
764 426
914 758 796 913
968 264 531 645 650
984 474 853
996 681 889 897 990
177 706
704 120 678
312 481 501 823
422 286 613 627 780 900
108 822 952
822 794
952 486 518
195 796
641 356 502 629
529 433 802
112 121 144
121 113 169 378 507 913
144 190 784
113 168 445 571 831
168 501 796
445 400 434 463
571 129
831 151 881
629 621 765
370 286 868 956 999
697 320 435 464 541 644 799
754 378 935
310 159 999
379 469 909
678 562
360 336
461 166 332 820
464 201 222 454 644 765 836
585 556 673 765 794 836
795 182 899
118 187 428 503 592 800
187 173 382 649 898 910
428 302 416
503 329 649
592 269 443 879
800 608 712
120 435
435 897
169 951 990
378 224 232 516 639 644 749 753 909
507 271 396 434 611 634 771
913
272 486 695 750 808 993
562 266 613
765 232 614
123 454 520
454 230 271
520 643 706 772 954
623 151 308 486
125
126 517
517 238 327
156 317 434 951 961
554 280 314 329 415 676 920
598 743 752
780 161 302 746
279 308 365 905
661 453 534 681 706 799
954
129
130 204 393 618 650
204 182 752 799
393 365 486 590 618 879 899
618 176 547 649 755 844
650 537 990
531 317 555
191 159 359 706
133 820
820 192 342 813
344 933
412 759 993
909
970 911
374 371 910
594 844
783 325 676 898 961
823 465
988 253 342 417 426 547 752
644 400 484 900
712 268 584
763 316 382
794 683
634 407
743 186 271 470 501 881 945
825 230 308 311 356
415 339 537 608
534 365 759
307 143 268 630 904
593 256 266 311 905
836 201 256 750
537 316 621
898 316 881 998
224 328
718 286
779 485
143 584 635 896
584 706
635
896 332 796
190 752
784 407
426 336 406
556 406
879 744
180
286 166 758
342 314 639
149 339 505 547
339 420
505 316 897
547 961
325
808 332 575 673
151 416 990
416 186 679
990
152 406 744
406 183 588
744 371 434 643
999 166 868
639 230
230 932
269 238
522 543 621
317 651
434 304 706
951 256 853 998
961 443 807
881 706 769 950
159 225
225 600
396 916 933
420 268 443 993
463 645 991
161 561
561 790
229 166 211
528 280 681 945
753 326
336 799 855
470 316 750
530 935
543
166
710 600 658
958 658 769 802 985
501 218 755
796 320 868
253 518
266 599 904 956
326 481 488 628
749 280 614
173
327
555 433 581 677
772 840 950
316
176 271 645 677 957
271 295 989
645 672 701 905
677 651
957 549 679
706 474 628
311 884
790 588
465
679 485 933
304 752
182
183 267 485 619
267 608 960
485 502 667 813
619 613 811
356 510 643
453
394 769
630 581 759 839
186 407 826
407 759 854
826
382
649 295 345 613
910 769
752 628 905
359 365 672
192 687 695 701
687 236 400
695 811 840
701
255 211 474 769
703 494
839 357 516 628
658 436 481 614
332
963 746
443
613
911 651
201
549 681
586
991
799
218
329 451
614 667
840 916 933
905
357 516
256
518
621
211 264
264 295 989
510 268
600
933
302 581 588
451 481 541 581 868
320 855
222
769
328 590
486 985
932
750 400 541
232
541 469 759
920 268
402 672
236 238 998
238 774
998 413
774 345
899
611 771 989
868 308 945
813 854
516 533
676
667
985 682
474
986 853
590
533
295 855
989
599 854 993
904
956
608
960
268
494
950 365
993 575 672
682 345 413 683 853
314
308
365
280
488
681 484
758 717
628
811 935
345
855 672
672
802 705
575 945
581
588 469
303
502 338
884
481
717 897
853
651
417
469 854
338
807 755
433
945
854
897 759
643
891
371
935 413
683
771
916
400
759
436
413
673
627
900
746
484
844
755
705
889
