0 53 92 154 311 420 486 565 577 605 607 631 680 737 788 793 890 918 955
53 54 261 271 424 616 644 679 683 809
92 82 254 327 420 464 528 611 673 699 706 790 806 823
154 83 138 228 241 296 339 444 483 484 577 668 672 722 726 752 897
311 79 307 321 339 348 434 466 492 513 788 813 841 850
420 297 298 383 393 427 473 598 601 628 737 851 993
486 18 180 216 232 264 472 504 547 608 629 637 659 709 955 980
565 6 73 138 149 170 205 222 266 273 282 467 477 511 513 539 562 580 683 685 764 766 892 902 932
577 83 97 130 167 237 358 359 487 534 562 663 683 724 744 751 768 808 814 846 856
605 85 148 159 331 441 477 492 494 513 528 620 656 695 852 875 950
607 41 123 137 183 200 217 245 336 372 382 392 432 438 441 462 600 646 684 695 737 742 852 903 908
631 8 30 185 192 201 205 258 312 329 553 593 628 641 654 655 710 841
680 6 138 255 292 380 392 525 609 918 963 969 986
737 8 70 86 170 308 407 650 653 660 685 824 924 990
788 55 126 169 216 220 229 260 358 364 372 409 610 637 768 889
793 44 64 70 76 136 193 211 217 219 514 542 574 578 615 627 696 712 730 789 810 898 958
890 322 325 449 616 621 630 635 658 736 771 983
918 123 133 242 304 475 484 518 583 632 681 724 883 926 935 961
955 22 85 179 248 285 424 587 588 719 773 905
1 30 102 164 169 257 265 354 380 471 505 670 697 714 872 968
30 35 101 137 150 184 225 265 290 301 346 492 584 650 729 931
102 95 162 164 187 338 344 406 540 562 587 611 753 864
164 116 123 153 161 169 221 238 318 322 383 385 469 511 666 720 786
169 15 253 286 298 353 372 436 612 644 823
257 57 66 85 139 201 220 299 305 365 427 462 560 566 579 815 841 977 992
265 24 116 139 193 206 302 332 369 426 468 549 583 644 653 778 814
354 292 559 611 663 850 876 928 933
380 103 138 352 558 586 640 758 828 849 925 937
471 67 93 107 236 301 333 390 401 527 573 611 624 745 864 927 933 965
505 82 163 219 254 274 290 337 395 399 579 691 729 910
670 35 68 180 289 300 366 394 436 474 496 693 916 989 998
697 69 182 205 218 259 335 428 444 582 797 874
714 27 39 270 364 476 496 549 639 641 709 710 739 752 831 832 910
872 46 160 191 264 273 289 373 374 425 532 572 598 621 724 811 820 840 851 958
968 31 126 151 165 261 283 296 301 327 384 392 461 479 514 535 623 739 837 932 996
2 4 32 108 119 297 451 457 547 743 779 797
4 67 114 178 203 392 465 542 641 696 769 796 826 996
32 43 66 96 269 280 288 355 361 426 437 668 722 805 977
108 120 222 248 254 333 335 602 610 772 825 912 945 974 978 980
119 13 69 77 183 207 222 285 327 338 384 428 512 580 803 831 878
297 24 31 137 254 592 668 691 815 827
451 163 213 222 262 363 421 430 456 512 730 754 757 781 827 903 951
457 73 90 188 192 237 240 261 270 300 391 410 417 517 567 661 827 917 930
547 76 99 125 294 464 476 530 769 775 896
743 282 318 379 421 453 490 650 711 732 763 842 972 988
779 100 206 254 278 337 347 350 366 385 428 436 506 647 757 827 921 948 987
797 97 181 226 328 367 402 461 477 608 639 646 733 782 830 852 928 957 973 981 990
3 57 72 220 303 368 453 621 649 677 686 725 763 806 831 907 909
57 191 244 290 344 430 489 510 625 643 678 821 985
72 8 10 11 43 83 198 227 244 271 313 426 592 676 776 802 886 935 948 954 980
220 34 290 325 365 388 508 549 568 628 884 963 997
303 175 408 447 514 537 591 661 717 739 794 837 917 956
368 58 60 193 229 316 355 418 431 587 654 658 818 836 861 896
453 23 51 84 177 245 273 324 370 392 700 721 760 840 934
621 25 125 166 230 310 612 717 767 877 892 952
649 81 95 138 180 201 223 234 316 367 483 720 881 924
677 11 86 179 228 299 345 394 403 405 466 557 571 684 690 751 819 873 908 999
686 122 146 170 202 207 318 330 447 679 701 713 851 894 923 951 954 997
725 16 58 231 321 326 385 551 556 622 823 986
763 170 429 432 458 461 504 526 612 650 708 713 730 734 747 785 956 961
806 98 150 161 404 523 617 798 805 881 975
831 112 115 167 196 355 431 456 551 692 707 741 835 869 912 914 964 974 997
907 89 204 270 324 332 359 416 439 470 488 570 709 811 850 857
909 78 202 232 277 719 840 889 936 951 962 977
67 146 180 233 262 323 597 976
114 228 274 373 401 487 523 552 688 910 977
178 259 441 567 640 658 753 795 804 853 866 960 984
203 138 224 251 544 550 673 710 838 917 957 984
392 35 167 185 209 321 340 409 465 558 608 724 751 869 876 956 962
465 170 282 539 548 690 816 880 931 936
542 46 292 306 361 479 582 588 685 821 838 883 911 987
641 43 180 251 346 358 487 555 822 888 897 945 949
696 272 425 519 604 772 790 866 888 948
769 179 365 517 570 672 746 819 888
796 234 291 790 805 888 932 952
826 148 234 247 285 305 448 461 755 804 810
996 347 448 454 681 805 809 856 875
5 19 87 98 123 253 689 700 817 824 971 978 999
19 158 159 211 226 347 596 667 740 945
87 59 153 195 207 209 221 323 338 406 508 739 741 759 863
98 171 281 348 564 583 600 664 675 695 742 822 839 864
123 25 31 86 263 281 321 458 493 523 532 570 760 786 832 917
253 27 190 210 223 243 280 301 377 403 492 825 885
689 40 138 235 262 281 316 331 414 626 800 810 885 950 976
700 83 88 124 128 187 204 290 302 370 372 422 472 584 702 713 912
817 111 133 156 159 179 229 351 360 372 461 491 787 959
824 89 118 246 290 424 544 701 868 971
971 59 65 241 243 327 344 388 431 539 726 937
978 201 229 467 639 715 750 804 876
999 70 176 244 268 388 492 517 601 660 694 859 867 886
6 115 179 229 248 251 260 341 529 544 571 647 664 785 988
115 35 156 234 325 338 363 594 668 675 730 768 775 864 919 956
179 194 221 304 316 332 335 403 462 473 479 552 582 609 687 772 807 922
229 31 197 261 334 337 383 522 614 636 695 709 768 819
248 14 90 195 352 389 519 673 729 823 930 946
251 45 80 100 141 304 438 520 595 596 683 715 727 927 943
260 48 126 145 180 217 330 369 371 518 635 645 653
341 7 132 339 340 401 428 539 550 571 623 629 633 655 734 767 809 823 830 922
529 69 219 223 268 294 320 442 449 563 579 669 673 674 757 766 821
544 11 47 74 156 273 291 375 445 491 548 711 730 748 761 784 815 929
571 15 110 327 382 410 412 436 445 664 668 726 802 879 941
647 75 82 143 269 436 728 885 938
664 59 95 180 204 352 365 498 551 585 666 721 771
785 17 26 201 391 481 515 524 561 701 720 747 756 787 865 928
988 9 83 118 122 155 259 359 376 450 495 637 642 683 708 863 977
7 82 196 244 277 295 324 364 574 604 821 929 939
82 15 75 175 184 308 377 412 480 573
196 110 118 213 313 395 643 857 885 924
244 64 95 167 266 317 426 559 702 782 862
277 69 315 709 740 754 783 813 900 946 961 991
295 39 97 152 182 199 239 464 470 519 622 692 704 712 744 791 843 852 873 881 895
324 37 89 124 155 190 302 360 405 437 485 538 539 572 594 764 771 804 916 959 990
364 133 200 214 327 335 359 399 562 646 675 713 719
574 94 126 171 197 306 426 479 502 515 597 666 823
604 39 64 199 286 293 482 617 681 792
821 88 103 216 327 333 338 383 443 481 512 592 594 678 859 861 865 924
929 46 85 133 137 219 329 343 344 347 387 581 666 724 863 893 916 926 973 991
939 61 116 127 157 199 302 388 478 567 643 759 870
8 83 140 186 369 452 586 592 594 661 920 991
83 27 103 228 266 272 293 554 636 644 694 735 798 897 959 974
140 28 70 71 162 239 345 374 398 488 525 603 693 829 930 994
186 90 287 358 933
369 84 109 442 579 598 703 765
452 45 199 408 598 638 646 699 716 762 900 927 937 944
586 21 129 182 217 270 506 688 712 766 800 818 829
592 84 188 213 269 370 388 401 476 491 516 728 747 847 865 876 889 936 967
594 190 200 242 306 469 541 694 707 710 811 825 868 899
661 41 51 74 88 300 497 521 596 656 820 927 935
920 174 385 446 567 597 683 810 947 970
991 90 473 483 491 524 530 667 869 873 874 876 880 912 946
9 79 106 261 263 270 309 332 474 515 539 733 776 922 958
79 18 62 157 352 476 703 707 790 828 835 855 919
106 55 117 198 444 446 448 694 724 759 776 911 951
261 11 147 247 407 460 519 589 630 669 674 740 879 972
263 13 173 275 280 512 515 575 622 690 698 837 859 957 960 981
270 143 144 236 283 316 446 456 460 556 558 576 671 690 701 762 870 972
309 12 116 217 427 438 659 816
332 148 151 269 408 434 550 558 877 888 923 956
474 166 238 294 548 575 734 750 771 894 940 945 959
515 26 133 204 205 232 509 620 754 848 997
539 95 122 151 200 234 267 434 480 675 860 873
733 313 384 643 705 706 838 863 956 990
776 96 148 223 232 371 444 609 628 639 654 691 709 713 852 940 972
922 24 207 269 317 440 623 656 691 731 761 898 975
958 535 627 637 658 724 928 972 989
10 174 225 255 272 276 490 679 699 703 791 989
174 116 129 198 326 339 358 379 562 606 688 844 935
225 168 204 554 768 784 839 861 895 923 935
255 73 396 510 541 564 663 703 711 713 778 789
272 207 217 473 625
276 68 282 336 374 528 551 554 715 783 807 970
490 44 61 355 387 399 416 676 682 691 795 862 882
679 28 171 329 337 394 478 488 552 553 732 749 758 792 820 892 919
699 136 200 307 342 345 526 537 669
703 49 116 288 439 692 709 746 861 903 979
791 12 35 247 443 536 800 898 992
989 101 197 269 312 351 373 375 442 497 500 552 645 712 719 932
11 39 44 233 407 662 869 949
39 13 117 131 292 414 506 548 754 805
44 50 64 322 497 636 653 674 777 869 874
233 286 304 388 460 481 508 569 849 862 896
407 24 439 691 724 875
662 97 120 207 210 226 282 391 396 458 534 554 701 752 782 850 917 973
869 151 330 363 589 638 814 837 842
949 48 317 517 528 615 619 706 732 819 885 923 973
12 43 473 590 681 727 827 881 912 945
43 14 107 287 569 616 653 829 877 891 945
473 129 161 228 262 285 643 657 673 724 777 827 838 903 916 950 997
590 228 314 385 394 638 652 735 803
681 90 192 360 372 516 566 609 667 745 894 895 934 985
727 110 175 356 495 512 533 706 709 712 811 864 908 921 935
827 60 137 157 245 367 609 658 665 887 923
881 238 281 381 395 484 550 597 612 654 863 896 964 981
912 17 45 156 184 190 216 236 318 365 792 854
945 38 76 134 247 266 304 317 467 736 740 781 870
13 176 287 296 342 376 397 423 620 729 810 885 900
176 75 181 290 428 479 521 583 644 684 752 792 838 974
287 111 218 247 302 447 448 739 746 828 889 990
296 88 304 429 587 642 695 712 880 966
342 56 110 134 143 264 333 345 390 477 491 591 639 646 721 811 862 919 947
376 116 126 286 357 385 401 502 561 569 619 746 813 842 852 856 865 903 970
397 41 64 93 135 273 338 405 429 546 561 768 917
423 17 99 127 161 365 370 394 413 416 492 501 519 923
620 62 133 150 399 463 558 560 653 667 682 744 805 927
729 85 116 193 372 433 438 503 648 721 816 844 875 910 985
810 301 373 502 568 583 672 794 799 836 986
885 34 217 521 812
900 27 52 60 467 500 536 559 687 808 846 865 953
14 182 481 560 849 899 911
182 48 61 111 249 286 425 511 557 669 684 694 786 852 854 883 898 973
481 41 110 185 262 280 386 393 496 528 557 723 757 765 798 841 868 895 899
560 16 37 65 150 170 285 300 350 482 489 584 809 870 873 889 932 952
849 16 33 66 212 246 252 379 438 615 645 753 759 784 808 870 891 967 970 980
899 38 66 166 199 214 218 310 751 789 819 830 857 877 953
911 217 256 512 596 597 691 726 904 948
15 88 299 327 345 379 446 477 501 569 591 612 656 657 749
88 34 132 190 333 394 626 701 805 891 893
299 51 58 199 222 314 383 402 449 676 772 855 927 935 952
327 68 93 112 136 161 201 232 312 318 492 551 634 802 887 901 973 993
345 100 496 584 674 694 961
379 33 48 168 448 550 569 655 667 736
446 33 136 150 175 211 249 348 459 553 695 760 804 952 954
477 40 49 134 338 350 391 516 936 979
501 16 89 112 185 245 353 502 541 550 583 612 749 860 906 942
569 232 246 269 350 352 472 479 549 553 672 685 695 878 965 979 987
591 181 199 224 313 337 383 541 815
612 73 77 211 212 278 286 448 530 611 692 718 786 998
656 28 144 241 346 504 518 567 623 707 728 752 753 887 981
657 25 51 111 268 391 548 602 742 772 992
749 89 181 264 386 519 534 704 894 957
16 22 336 414 491 499 919 993
22 84 96 127 138 316 330 360 555 588 669 706 860 926
336 73 105 171 235 333 435 448 463 469 524
414 136 163 193 249 433 603 675 726 735 739 882 980
491 304 428 483 522 628 671 691 748 917
499 41 52 128 146 275 326 382 493 517 695 808 940 995
919 28 142 180 207 412 419 459 496 549 783 802 833 858 904
993 109 183 214 330 493
17 212 221 288 294 406 421 672 716 723 803 823 913
212 90 148 223 280 284 323 434 454 469 518 613 683 716 937
221 50 61 81 188 190 223 399 440 556 762 835
288 29 33 101 105 110 136 347 551 622 771 928 959
294 131 138 305 435 507 682 754 832 845 861 917 977
406 66 77 101 104 137 190 236 274 433 524 579 741 784 805 896
421 89 191 210 240 335 344 361 363 389 394 485 671 694 704 771 933
672 51 91 184 199 231 249 366 533 573 688 741 753 843 855 957
716 127 339 432 488 581 648 745 754 868
723 168 189 240 242 462 504 513 519 734 738 761 804 858 879
803 38 54 166 206 209 231 259 349 543 603
823 283 358 396 439 482 506 685 734 913 960 969
913 90 116 367 643 837 982
18 23 61 129 301 337 435 441 567 775 841 843 846 858 980
23 49 132 338 384 455 575 645 747
61 62 112 139 149 175 546 570 616 720 787 844 883 901 947 995
129 118 126 172 319 470 579 746 875 956 972
301 99 213 264 331 334 459 469 511 525 534 552 645 678 692 719 943 961
337 346 435 537 602 721 926
435 210 246 314 418 533 648 665 777 800 969
441 122 496 562 603 663 676 710 777 801 950 964
567 168 234 290 487 488 507 637 702 908 977
775 104 109 188 246 356 521 551 772 774 780 843
841 170 600 747 837 975
843 45 96 109 143 181 344 386 709 744 835
846 64 101 198 269 366 489 732 759 867 930 995
858 197 210 455 748 901 997
980 139 168 362 432 495 712 804 953
158 69 175 317 512 568 570 685 718 746 842 961
159 71 77 144 300 361 467 625 789 844 845 857 861
211 36 59 143 266 268 285 614 692 704
226 80 130 175 353 549 668 695 839 854 892 928 994
347 165 312 509 557 629 850 876 910
596 125 151 170 238 319 326 526 627 653 773 811 864
667 58 66 184 249 371 488 694 853
740 131 187 378 450 728 882
20 416 514 556 744 766 781 867 916 974
416 236 328 800 984
514 54 56 77 180 291 322 404 418 562 782 792 840 992
556 152 249 271 367 381 715 814 861
744 45 124 141 188 405 535 580 655 684 693 710 717
766 173 180 190 306 361 458 622 780 848
781 278 325 356 650 698 926 987
867 213 235 304 389 469 518 734 784 801 834 866 976
916 76 146 184 386 462 489 575 738 745 963
974 54 241 259 302 335 353 377 509 538 950 994
21 49 117 312 315 484 627 792 815 877 984
49 47 81 95 149 195 264 371 393 426 449 454 584 698 710 789 835 947
117 118 250 254 279 292 385 442 554 638 683 757 917
312 219 307 353 413 659 701 772 840 901 934
315 281 356 528 646 747 825 845 933 966
484 111 149 249 323 393 394 456 742 745 859 860 944 997
627 124 375 563 566 581 959 973 977
792 104 118 148 367 455 487 500 558 694 705 768 814 874
815 54 75 167 175 183 194 207 209 320 466 504 516 811 891 987
877 89 207 284 306 307 454 479 602 702 937 943
984 101 266 467 470 687 745 845
84 36 218 291 750 761 802
96 42 85 206 216 232 298 353 359 472 819 868
127 194 395 402 495 674 678 759 832 854
138 28 33 86 292 405 541 554 932 941 965
316 42 141 434 460 469 520 561 639 873
330 47 475 489 666 787
360 235 285 359 436 470 516 521 528 530 548 833 860 871
555 89 264 352 439 478 517 518 669
588 362 408 450 728 784 903 990 998
669 448 818
706 59 65 76 80 152 193 201 207 217 267 293 456 516 524 651 726 767 829 873
860 150 157 195 275 308 403 476 534 543 637 642 719 748 799 839 963
926 80 144 326 447 496 512 520 600 859
132 24 217 247 281 377 391 469 476 598 651 784 879 910
338 28 46 81 239 377 442 455 461 537 709 731 757 816 847 905
384 35 836 923
455 77 128 144 363 403 530 640 718 836 891
575 35 51 105 361 497 732 837 851 944
645 74 125 148 237 394 470 630 658 715 838 970
747 165 166 349 381 488 513 540 610 682 739 845
24 120 344 409 832 954 972 983
120 58 125 207 415 417 546 611 640 642 675 732 947
344 136 168 183 367 458 503 589 595 848 865 876
409 241 448 522 563 756 837 839 966
832 136 307 426 598 931
954 47 144 445 493 583 698 838 847 848 886 943 983
972 131 403 410 636 652 705 754 778 887 925 931 995
983 37 156 230 494 516 659 732 750 886 990
25 241 247 308 442 447 581 722 757 865 902
241 128 532 601 650 778 886 894
247 231 249 258 292 425 456 530 623 629 633 711 736 738 904
308 50 73 189 293 381 382 410 525 665 786
442 254 373 444 507 730 752 814 985
447 105 130 206 375 518 603 623 629 710 757 838
581 50 377 498 532 633 822 873
722 147 193 437 568 636 856 910 959
757 371 789 856
865 133 204 329 331 396 509 751 784 812 925 928 951
902 85 128 454 658 790 882
26 131 351 358 390 400 443 483 576 616 732 838 937 943
131 97 144 404 436 507 552 587 632 982
351 187 262 402 424 519 562 736 868
358 193 292 402 563 585 613 754 851 859 931 942
390 116 128 314 469 552 564 969 981
400 77 334 518 551 628 684 794 811 975
443 113 210 298 300 436 512 600
483 51 166 184 504 633 897 905
576 80 205 231 232 252 393 419 424 839 850
616 63 107 374 525 636 693 717 964
732 101 107 112 259 278 377 536 765 805 834 970 979
838 135 181 269 485 508 552 573 602 935
937 62 141 352 399 422 654 802 816 970 990
943 170 250 425 557 580 598 673 836
27 59 70 85 93 124 224 333 363 438 504 650 871
59 150 283 551 597 851 897
70 31 60 425 449 566
85 73 200 413 460 482 557 730 736 799 847
93 269 348 684 731
124 231 271 405 437 535 538 572 617 685 976 987
224 60 86 195 348 399 410 739 804 927
333 28 36 68 207 329 553 568 871
363 107 177 214 252 359 403 458 545 628 663 790 833 854 882
438 149 227 232 238 572
504 134 250 362 371 622 923
650 66 91 107 113 218 396 512 537 558 597 692 773
871 148 202 242 256 396 424 433 497 519 531 573 653 745 809
28 171 218 313 326 394 402 428 445 618 702 765 812 888 928
171 69 94 142 516 530 535 663 818 936
218 122 214 222 267 370 595 609
313 133 184 268 374 546 548 614 618 738 893
326 48 245 280 285 307 660 795 855 997
394 80 141 153 191 202 230 242 325 353 372 395 644 836 952 973
402 80 112 573 589 695 715
428 147 378 493 599 629 675 711 718 804 825 834 923
445 193 319 450 485 530 639 889 985
618 134 183 204 269 370 374 987
702 36 189 340 430 762 927 941
765 228 239 262 551 676 921 963
812 104 268 536 609 887
888 110 146 166 377 500 545 593 676 717 724 853 908 985
928 143 168 694 959
29 48 58 282 533 658 693 718
48 66 118 228 444 558 770 786 855
58 137 156 398 418 942
282 62 185 278 285 478 724 759 807 813 879 979
533 155 189 334 593 687 783 829 942 950
658 69 165 167 190 191 193 204 413 580 761 807 866
693 81 365 377 532 622 637 705 762
718 31 109 227 275 437 472 595 726 828 931
35 235 370 459 526 676 708 764 825
101 107 240 399 502 534 548 711 845 857 875 882 894 981
137 267 395 405 430 468 528 745 761 992
150 94 404 410 411 461 469 655 687 711 839 938
184 56 204 413 510 741 845 876 889 957
290 36 116 136 160 382 463 767 780 830 997
346 314 458 464 476 629 782 809
492 47 146 348 444 531 655 908
584 78 259 412 668 742 813 819 904 967
931 148 198 411 814 816 925 927
31 143 235 495 534 754 859 895 963 990
143 121 201 521 531 532 683 910 914 930
235 201 298 587 589 629
495 64 90 134 139 426 459 709 754 833 863 904 947
534 36 322 431 472 493 570 956 959
754 38 200 216 249 468 561 568 573 663 712 917 966
859 386 489 684 842 932
895 90 121 194 378 987 990
963 156 197 208 410 625 698 847 921
990 69 111 479 552 629 646 745 762 795 934
66 37 239 256 321 603 624 728 786 883 923
269 122 205 444 460 466 511 646 712 745 982
280 47 151 468 503 614 685 698 712 840
355 207 479 523 531 750 752 910
361 160 189 240 365 388 408 422 507 557 589 636 637 981
426 162 396 508 528 676
437 112 470 520 531 546 606 624 654 707 903
668 62 145 210 223 357 502 527 602 603 802 903
805 56 94 116 185 329 366 463 635 768 828 842 892
977 109 200 234 349 372 489 512 756 844 924
33 478 528 553 624 814 956
478 256 283 418 513 651 845 856 998
528 36 89 166 219 254 432 467 469 685 809 844 879 930
553 46 208 385 448 450 711
624 166 205 283 431 503 602 634 698 761 985
814 110 216 250 494 521 639 707 811 896 924
956 65 91 268 430 460 614 724 880 957
34 417 642 711 790
417 362 638 704 709 941
642 100 243 350 848 886 947
711 91 319 322 331 470 509 589 636 745 780
790 240 278 395 436 527 614 615 685 933 957
370 191 389 434 863 921
459 157 170 307 412 523 708 734 856 940
526 112 173 210 283 365 705 708 745 758 768 807 876 883 969
676 353 583 587
708 352 469 580 739 855 864
764 166 252 254 271 331 386 614 787 906 946 953
825 54 153 163 321 429 619 678 794 850 875
36 103 238 334 418 694 787 894
103 193 207 320
238 219 245 268 321 522 561 794 908
334 653 753 864
418 109 243 476 480 636 772 862 933
694 249 310 611 842 966
787 38 89 228 403 422 444 461 468 488 506 578 613 630 883
894 50 157 343 439 456 503 593 730 870 897 925
37 142 177 199 250 304 383 461 585 730 761 813 854 857
142 271 487 864 941 967
177 38 40 118 139 181 322 362 385 517 522 595 820
199
250 52 246 456 585 880 906
304 99 113 172 240 278 365 466 610 820 932
383 56 267 425 434 811 898 952 961
461 252 292 310 632 659 794 848 873
585 56 71 552 698 713 753 833 940 992 994
730 55 217 252 328 503 540 614 896
761 51 128 163 258 629 794 829 935
813 243 464 784 830 853 938 941
854 52 167 183 240 271 325 427 454 510 595 630 857
857 353 410 411 497 498 897
38 46 52 75 389 597 639 648 927
46 180 464 595 629 932
52 118 181 267 284 322 439 450 527 622 632 856 908 941
75 97 173 659 707 713 778 840 880 953
389 155 183 204 434
597 291 431 518 603 720 863 897 962
639 488 543 654 834 844 942 944
648 152 188 385 405 568 603 614 654 731 873 915
927 381 509 782 906 992
292 51 100 141 509 530 537 562 633 640 663 715 802 836 924 979
506 91 431 448 462 475 687 705 745 760 905 953 959
548 65 110 210 278 356 386 509 613 701 750 952
40 217 362 488 498 678
217 122 583 666 736 853 886 964
362 411 431 728 755
488 68 170 284 320 385 549 773 789
498 63 81 160 375 633 635 734 882
678 141 156 371 411 546 673 724 774 893 930
41 189 256 258 469 870 953 985 986 992
189 69 130 136 258 385 405 431 828 850
256 268 335 401 479 532 580 599 836 861 876
258 240 508 695 941
469 125 264 622
870 440 809 998
953 133 149 190 808
985 111 214 234 271 373 523 684 731 750 908
986 69 195 502 561 818
992 210 467 688 842
42 116 348 382 454 494 513 595 610 738 768 819 884 893
116 319 652 802 842 856 878
348 77 191 320 349 410 570
382 55 161 202 209 489 630 719 875
454 271 395 546 566 777 798 965
494 111 121 148 237 424 880 897
513 135 496 615 930
595 74 80 323 356 712 762 879
610 198 508 562 800 839 950
738 152 507 880
768 111 205 239 365 413 476 516 589
819 112 139 146 411 633 655 755 794 856 915 932 960
884 73 456 520 523 546 615 691 889 923 987
893 76 359 372 771 921
107 214 325 399 517 550 660 798 842 981
653 264 582
829 285 331 335 444 489 557 614 851 875 887
891 133 285 391 593
50 99 408 412 470 638 660 698 741
64 367 683 862
322 51 193 378 599 634 724 802 818
497 76 550 562 626 687 770 882 960
636 168 275 329 343 350 549 552 561 995
674 306 388 531 606
777 141 183 223 228 374 396 517 609 698 771 925
874 91 271 524 538 652 742 840
45 512 643 720 780 836
512 180 198 213 262 283 509 795 861 951
643 80 168 194 213 403 540 660 735 820 863
720 136 318 328 713
780 56 136 391 456 614 794
836 246 385 633 863 951
180 95 305 388 431 530 962
464 460 468 480 524 626 897
629 259 310 393 398 431 558 600 745 782 837 839 923
932 62 128 617 635 705 837
47 194 242 356 625 637 742 755 848
194 412 502 580 691 783 906 952
242 151 350 393 493 580 795 856
356 518 530 698 782 848 853
625 789
637 55 60 121 742 938
742 68 125 128 193 745 799 868 924
755 63 86 329 331 439 450 496 541 570 752
848 579
118 206 349 509 756
228 175 352 531 564 606
444 90 232 245 268 434 496 520 633
558 128 155 173 448 456 509 579 606 666 760 839
770 130 181 209 339 456 626 997
786 353 510 527 698 811 915
855 71 366 399 559 687 862 942
81 208 318 353 395 741 762 795 889
95 62 133 168 267 275 840 863 868 896
149 243 262 314 450 659 665 760 782 915
195 110 135 152 279 357 399 688 987
264 232 365 412 449 578 930
371 73 190 266 305 422 619 685
393 69 130 155 213 231 352 531 671 719 833 959 960
449 190 357 468 583 598 660
698 112 157 162 215 340 367 387 480 628 876 957
710 202 268 283 386 458 593
789 144 151 227 374 396 521 628 863 962
835 305 424 603 959 979
947 136 208 517 540 778 889 924 952
99 339 422 489 570 734 889 964
408 68 121 156 961
412 111 181 268 335 387 424 572 579 914 970
470 68 86 156 538 684 750 987 997
638 155 183 436 712 941 946
660 162 252 396 731
741 104 113 206 472 552 830 964
51 97 109 148 192 275 320 665 834 892
97 89 141 286 365 401 415 863
109 112 381 405 466 496 536 957
148 410 712 801 921 995
192 328 520 704 735 997
275 155 200 240 508 518 523 640 655 774 830 960
320 366 431 493 503 784 876 923 967
665 213 460 541 690
834 350 659
892 90 145 157 231 509 522 541 568 573 830
181 193 197 267 500 921
267 472 750 794 934
284 112 545 550 564 654 736
439 456 850
450 56 73 205 582 758 961 967 970
527 209 214 227 366 623
622 405 701 705 914 994
632 80 133 458 673
856 293 328 617 684 807 808 847 915 930 951
908 173 467 485 519 566
941 213 399 436 646 688 734
54 405 646 861
271 157 289 507 566 875
424 167 281 510 572 822 844 952
644 372 557 559 794
683 193 209 559 651 655 762 847
809 146 500
405 94 156 285
646 517 934
861 232 246 306 759
55 135 377 493 502 511 602 756
135 206 210 252 293 419 626 684 853
377 160 268 552 599 933
493 165 216 227 232 746 762 778 910
502 68 432 546 587 883 903
511 141 587 734
602 110 582 701 847 906
756 112 240 245 317 328 519 520 532 751 966
56 133 207 398 652 745 830
133 403 430 587 633 822
207 249 395 536 561 753
398 307 500 705 807 878 994
652 80 432 903 946
745 77 91 134 152 561 886
830 165 175 305 746 808
191 243 802
430 65 262 285 365 487 712 889
489 201 503 522
510 161 187 193 285 615 684 864 935
156 86 141 561 611 997
942 91 305 403 564 690 774 847
283 113 152 173 200 278 530
551 215 249 378 655 688 987
851 136 219 266 917
897 205 482 898 905 946
60 126 208 840 879
126 291 503 507 798 975 998
208 110 353 517 537 611 690 728
840 91 600 873 994
879 63 197 388 396 404 472 654 687 762 936
62 419 566 782
112 305 462 997
139 213 246 673 783 970
175 550
546 69 521 640
570 329 413 507 701 804 973
844 306 386 427 587 734 940
883 456 466 847
901 152 160 306
995 155 329 386 436 543 614 705
419 68 236 300 388 403 434 466 735 783 784 868 975
566 141 310 688 816 944 981
782 80 245 915 965
63 105 205 262 427 981
105 151 152 508 579
205 245 462 587 798 925
262 111
427 691 712
981 73 216 475 508 915 921 934
367 86 237 599 925
862 200 404 684 800 818 880 886 933
65 90 279 726 750 751
90 147 206 329 373 496 598 882 889 904 987
279 352 425 431 543 640 731 839
726 89 772 794 801 904 944
750 310 404 516 598 820 997
751 188 634 713 967
239 357 381 601 651 688 728
321 89 121 281 587 997
603 89 185 655 739 760 970
728 110 151 387 822
923 77 232 329 563 783 882 936
146 80 111 243 635 960
323 476 550 608 692 759
976 201 359 378 518 601 712 719 905
68 705 762 837 959
705 69 78 432 564 808 960
762 152 391 540 552 572 934
837 160 691 783 997
959 153 202 562 682 739 774 853
69 76 167 519 530 578 600 715
76 168 173 237 305 462 463 864 914 961
167 278 463 736 772 818
519 134 487 530 746 845
530 289 613 917
578 166 820 839
600 71 802 852 904
715 153 410 524 545 601 876
425 222 410 436 640 695
71 130 339 456
130 151 166 213 521 753 842 882
339 111 476 816
456 168 170 187 314 343 372 709 795
198 249 432 436 936
227 153 401 525 818
802 128 467 552 562 614 795 864 887 946 952
886 466 549 880 898 921 938
935 246 520 564 816 839 914
948 219 561 691 878
73 128 707 833 967
128 387 688 748
707 522 628 818 944
833 587 960
967 155 202 285 286 573 798 818
74 188 266 559 820
188 509 799
266 86 155 580 808
559 157 234 314 353 579 593 798 952
820 222 375 396 532 554
173 524 537 562 690 752 772 773
659 236 372 541
713 152 554 798
778 100 134 161 193 319
880 319 538 997
168 152 365 822
237 234 462 690 721
305 691 798 966
462 319 359 373 386 811 936
463 151 187 353 724 748
864 240 278 537 828
914 403 543 628 924 938
961 273 306 671 784 798 853 898
77 243 403
243 197 268 598 655 876 960 970 987
403 385 654 760 910
78 259 285 298 628 682
259 619 771 938
285 197 476 695 816 868
298 89 100 185 252 302 946 952
628 302 318 466 964
682 202 230 234 236 422 431 799 962
157 166 353 381 432 500 582 633 760
352 104 197 340 373 611 807 925
476 281 349 415 467 746 748
828 325 691
80 214 691 964 997
214 197 381 396 951
691 249 467 520 549 557 979
964 925 946
997 328 507 619 640 688 850 946
318 246 291 387 396 487 563 709
353 151 190 433 608 808 887
395 232 564 957
795 246 385 736 758
889 538
480 230 422 692 969
573 479 521 582
293 684 724 853 946 987
554 136 166 234 434 557 640 794
735 254 281 930
798 289 375 385 654 701
291 165 185 401 404
200 147 190 249 281 328 331 736 970
413 201 314 617
460 121 197 278 415 608 633 712
482 204 385 606
557 89 185 772
736 415 583 606 695 719 731 951
799 537 687 925
847 289 666 731 946 951
86 163 381 479
163 122 223 507
381 145 359 411 500 518 608 771 930
479 388 500 563 583 623
153 245 917
209 151 210 317 752 816
508 190 329 343 952 957
739 145 274
759 122 331 378 399 580 758 767 853
863 223 475 552 635
190 166 249 523 524 933
626 141 161 518 816 934 987
701 328 372 614 801 979
89 273 378 448 531 550
273 187 440 520 587 760 807
378 314 359 552
448 673 804
531 349 709 969 970
550 818 965
147 520 561 731
206 111 973
329 543 655 850
373 580 903
496 289 654 896
598 152 219 485 608 936 970
882 144 524 671 767 936
904 410 485
987 245 388 518 563 583
91 122 374 411
122 213 306 568 921 944
374 349 532
411 365 387 503 532 804 850 975
254 185
611 503 608 623 839
673 104 160 335 617
684 245 724
731 162 246 695 975
94 564 719 767
564 387 609 734
719 245 335 549
767 545 608
868 230 562 970
896 193 278 429 562 771 783 808
216 401 549 794 852
232 134 274 385 429 774
359 540 583 969
472 615 818
141 197 306 536 845
286 166 467 503 614 946
365 415 485 516 671 924
401 396 839
415 268 274 952
281 145 325 468 675 915 950
583 587 692
675 522 552 970
695 375
822 111 396 532
839 144 155 572 640
422 614
734 230 521 568
100 234 325 671 853
234 161 231 302 331 601
325 587 635 663 753
671 634 887 921
853 121 145 314 385 545 724 994
240 230 520 532 582 687 690
399 161 998
845 878 933
875 307 950
162 134 654 774
187 517 623
540 507 807 852 940 975
562 475 982
587 204
753 183 774 807
193 215 268 509 552
104
151 630
152 110 197 319 746 773
579 236 878 936 979
724 692 898
951 516 593 944
517 185 434 522 692 965
842 771
222 170 328 357 549 801
335 433 969
772 509 606 783
466 110
536 136 307 619 936
957 113 433 944 946
110 615 783 940
615 306 721 816 936
783 372 388 549 617 752 950
940 202 331 391 690 924
111 541 876
541 375 905
876 404
113 145 155 387 543 966 994
145 589 760 811 934
155 350 485 582 746 852 910
387 166 170 609
543 930
966 306 690 910
994 619 784
274 306 816 936
487 619 960
523 431
552 535
688 509
910 202 593
319 172 651 852 903
878 121 535 561 599 692 746 811 924 982
385 372
917 375 509 651
349
509 201 521 524 613
183
580 302 432 852
125
640 246 433 475
121 386 507 655
386 388 516 614 651 973
507 219 375
655 202
213
306 366 391 609
568 372 545
921 633 771 930
944
458 201 310 630 760
532 606 934
760 223 236 692
231 307 357
535 160 623 850
538 432 635 709
572 391 687
617
685 331 619 933
503 302
975 252 852
998 609 936
748 619
172 500
746 134 630 965
166
521 518 970
144 545
404 666 752
436 545 903
982 372 434 962
391 866
651 246
784 197 310 549
633 245 468 979
134 328 608 717
328 201 289 712
608 170 230 873
717
210 800
252
136 850 915
850 310 317 925
915
468 236
965 204 268 289 429 887
246 245 431 522 663
970
525
930 215
197 268 771
201
545
589 331
811
934 245 375 388 410
635
960 623
520 794
561
410
712 366 752
801 230
314 185
687 818 969
938 582
630 898
773 771 808
245 634
752 500 522
350
485
582 933
852 606 906
432 165 185 690
500
317
300 906 952
467 619
160
161 613
613 599 887
654 396
774 219 302 962
223 609 866
666 268 563 593
165
278 204 375 522
818 170 522 537 692 924
372
170 440
440 524 873
516
663 522
936 331 634
524 593
537
690
606 215 619 808
522
804 614 906 979
866
609 903 906 924
807 634
388 475 906
431 331
962 429
249 692
898
973
204 434
185
933 903
623 219
704 357
215 331
268 357
906
952
357
924
771
331 634
202
434 808
925
816 302
800 599
614
692 808
518
396 375 593
549
794 230
219 340
340
709
230
307
429
302
601 593
236
721
634
946
599
619 758
808 758
289
375
950
979
873
366
310
563
903
887
475
433
969
905
343
758
593
