0 148 361 384 596 602 848 1344 1528 1602 1675 1802
148 8 776 806 933 1054 1789 1795
361 22 128 167 559 608 742 966 1005 1354 1483 1548 1681 1834
384 98 132 251 353 504 697 786 805 825 1032 1180 1549
596 277 297 438 470 639 870 1448 1726
602 423 534 637 669 808 1045 1053 1125 1285 1348 1508
848 137 284 510 645 1084 1384 1538 1860 1900 1988
1344 202 817 1143 1251 1277 1386 1472 1517 1645 1833
1528 405 526 704 844 888 1067 1622 1677 1793
1602 346 359 412 440 447 511 622 854 958 1134 1190 1752 1849
1675 10 59 149 229 292 471 548 836 868 1494 1971
1802 79 133 203 219 304 549 562 629 760 774 945 978 1294 1383 1411 1424
1 419 444 520 545 568 652 1059 1331 1485 1566 1679 1751 1850 1911
419 217 224 340 382 462 818 845 967 1163 1261 1266 1343 1456 1915 1933
444 175 185 197 233 252 409 544 571 661 824 868 884 909 1039 1149 1250 1509 1829 1879
520 100 327 339 366 378 440 619 1107 1250 1275 1299 1462 1547 1620 1742 1861 1886 1890
545 208 426 626 1123 1470 1657 1694
568 104 795 1057 1228 1485 1676 1813
652 5 296 364 718 907 912 951 1079 1083 1283 1297 1401 1515 1529 1644
1059 7 566 747 899 1092 1447 1501 1581 1662 1786 1834 1868 1904 1966
1331 142 187 236 395 664 814 870 1186 1426 1443 1532 1687 1830 1942
1485 402 528 790 846 1116 1164 1513 1593 1740 1794
1566 279 424 1046 1683
1679 8 45 305 723 1246 1266 1422 1729 1861
1751 43 310 584 632 780 1005 1044 1312 1429 1768 1807 1812 1860 1999
1850 14 233 308 316 474 696 1071 1278 1314 1532
1911 160 352 399 442 621 744 939 1044 1170 1599 1703
2 122 230 240 248 427 600 748 901 1010 1089 1260 1469 1538 1554 1587 1655 1959
122 72 395 723 817 819 856 1027 1038 1172 1239 1402 1411 1418 1490 1696 1699 1701 1948
230 90 132 518 528 915 1209 1350 1653
240 500 518 694 762 812 891 940 967 996 1117 1118 1189 1237
248 256 460 680 736 1209 1698
427 45 434 1025 1121 1186 1281 1409
600 6 113 171 212 410 449 661 806 947 1041 1097 1163 1201 1442 1463 1887 1987
748 493 1931
901 86 462 765 816 1005 1099 1162 1166 1456 1517
1010 59 94 115 260 320 370 460 637 1012 1151 1360 1489 1499 1550 1922
1089 315 332 360 370 697 954 1147 1272 1455 1639 1734 1979 1991
1260 23 45 136 160 373 493 563 566 617 630 656 1346 1429 1497 1638 1884
1469 90 560 630 802 993 1222 1370 1613 1722 1825 1922 1938
1538 274 329 565 593 842 847 938 1055 1169 1215 1337 1412 1453 1550 1961
1554 35 394 689 693 1142 1250 1400 1458 1693 1895 1976
1587 29 50 128 167 293 403 422 436 460 474 515 615 640 811 868 925 1068 1163 1336 1342 1431 1753
1655 66 203 308 522 577 719 913 1095 1446 1851 1923
1959 82 114 126 155 437 722 987 1113 1498 1543 1564
3 211 406 627 766 809 835 905 1056 1423 1446 1999
211 96 179 522 722 763 782 1125 1173 1698 1737 1856 1873
406 85 134 220 274 348 484 505 855 1097 1232 1252 1341 1582
627 21 222 297 383 578 970 993 1039 1083 1178 1514 1728 1863
766 85 225 697 797 1121 1172 1323 1377 1747 1813 1981
809 67 215 318 385 512 802 971 1266 1568 1693 1700 1729
835 58 163 210 311 312 921 933 988 1252 1504 1794
905 334 338 342 408 503 825 925 953 970 1050 1053 1339 1358 1591 1782
1056 87 237 304 320 474 682 831 1640 1909
1423 134 681 689 710 959 1189 1221 1514 1629 1710 1874
1446 24 188 189 363 443 929 1243 1516 1718 1922 1956
1999 24 84 180 342 484 485 558 894 1197 1199 1333 1666 1888
4 14 76 296 530 560 715 729 740 1087 1694 1813
14 22 319 322 464 504 567 733 1023 1351 1693 1866 1879 1906
76 163 232 304 463 856 884 1023 1152 1354 1616 1722 1828 1913 1982
296 348 779 1532 1565 1636 1992
530 78 94 242 354 492 588 614 648 750 1403 1502 1514 1571 1718 1824 1963
560 78 208 244 472 607 629 912 1129 1148 1605 1845
715 44 78 170 629 720 974 1363 1393 1497 1508 1516 1599 1659 1800 1986
729 31 113 127 159 563 640 799 971 1275 1366 1764 1827 1855
740 628 894 994 1080 1086 1349 1372 1548 1628 1736 1739 1788 1862 1985
1087 26 323 468 539 734 753 857 974 1017 1133 1241 1492 1519 1577 1652 1701 1703 1732 1745 1831
1694 117 376 450 478 784 803 836 859 871 1000 1075 1181 1203 1338 1615 1933
1813 36 68 149 151 529 536 579 662 855 903 1108 1326 1392 1590 1616 1848 1897
5 539 842 1030 1213 1216 1467 1825 1905
539 139 236 288 334 591 745 800 1083 1240 1520 1647 1762
842 391 420 724 726 855 993 1112 1236 1479 1917 1923
1030 191 210 492 644 764 841 899 1023 1066 1115 1176 1210 1221 1575 1725 1777 1946
1213 641 694 1012 1438 1550 1845
1216 613 762 1107 1148 1220 1603 1899
1467 441 593 643 767 808 994 1121 1247 1349 1437 1564 1644 1815
1825 105 158 159 181 253 279 287 323 395 443 799 814 906 1307 1390 1680 1876 1886
1905 29 620 696 773 837 1684 1932
6 469 921 972 1232 1291 1294 1301 1409 1552 1952
469 154 341 477 1138 1193 1255 1519 1685 1693 1975
921 66 96 309 504 522 528 668 1098 1511 1529 1603
972 81 765 839 976 1057 1104 1290 1306 1576 1649 1971
1232 57 152 166 277 385 564 626 963 1013 1119 1209
1291 55 89 227 293 318 528 638 832 1266 1459 1513 1899
1294 184 408 1079 1085 1211 1319 1323 1576 1603 1689
1301 191 192 363 484 650 769 836 1003 1110 1111 1617 1922
1409 30 632 682 701 942 1044 1082 1180 1262 1279 1522 1840
1552 261 326 757 824 906 943 1367 1462 1560 1570 1871 1881 1968 1977
1952 24 110 133 184 503 1174 1420 1700
7 9 44 106 169 226 266 822 943 1021 1130 1564 1849 1941
9 184 232 367 735 789 1049 1103 1283 1351 1601 1974
44 225 448 635 642 767 1073 1754 1765 1892
106 45 77 105 207 274 504 695 828 885 888 1546 1755 1779 1847
169 125 140 399 671 734 1212 1453 1464
226 751 952 1093 1569 1571 1712 1731
266 39 371 442 1034 1296 1521 1544 1795 1846
822 62 86 257 283 494 605 625 890 1190 1272 1300 1339 1357 1502
943 13 227 295 337 572 874 949 1009 1105 1224 1504 1521 1611 1661 1956
1021 92 215 258 353 659 786 1051 1066 1179 1269 1346 1844 1875 1998
1130 141 261 701 857 1474 1483 1500 1523 1693 1698 1981
1564 49 61 640 718 865 961 1047 1064 1152 1209 1218 1461 1470 1565 1615 1626 1683 1938
1849 54 89 107 239 346 736 858 912 1518 1884
1941 174 319 428 756 1361 1648
8 70 133 264 403 479 635 847 912 1110 1239 1248 1292 1431 1557 1654 1780
70 285 306 779 981 1255 1768 1776 1832 1840 1963
133 66 857 1117 1976
264 65 675 704 791 807 826 838 1070 1114 1257 1681
403 64 84 221 692 698 805 1327 1459 1593 1623 1660 1683
479 393 449 490 571 894 1039 1084 1196 1427 1436 1613 1642 1743 1899
635 124 209 327 670 724 727 1012 1084 1209 1380 1740 1987
847 254 743 883 1160 1613 1656 1739
912 53 302 381 593 699 965 1014 1212 1278 1341 1496 1532 1611 1798 1924
1110 142 559 631 1524 1600 1918 1932
1239 139 299 496 610 1047 1314 1961
1248 108 292 399 526 725 728 795 1062 1254 1422 1435 1457 1703 1961 1997
1292 305 312 486 816 1088 1103 1200 1605 1931
1431 329 563 909 1228 1250 1310 1401 1439 1460 1461 1630 1666 1781
1557 49 94 274 317 651 893 1387 1455 1466 1486 1499 1652 1720 1739 1743 1827
1654 470 571 620 782 1120 1168 1189 1425 1777 1863 1942
1780 10 39 171 279 579 617 618 1036 1631 1712 1892 1946
184 269 417 564 597 1121 1230 1312 1320 1401 1470 1627
232 92 381 625 743 1073 1196 1337 1897 1970
367 509 867 868 900 1316 1573 1608
735 75 636 1036 1185 1242 1333 1530 1657 1688 1820 1937 1970 1971
789 275 298 362 418 448 862 1370 1443 1641 1683 1752 1811
1049 39 49 470 546 1006 1192 1653
1103 55 112 158 188 302 720 819 1026 1273 1377 1394 1470 1478 1767 1977 1991
1283 732 1084 1361 1536 1562 1603
1351 32 53 186 219 288 436 443 850 910 1174 1481 1545 1560 1687
1601 328 345 553 574 799 896 1215 1293 1307 1478 1537 1544 1701 1769 1856
1974 46 129 250 316 413 436 485 559 738 1220 1390 1480 1625 1651 1925
10 25 69 110 197 383 898 1164 1278 1656 1709 1711 1763 1920
25 252 272 899 1406 1451 1499 1803 1875
69 193 218 258 381 460 655 964 1235 1312 1416
110 71 394 522 657 672 753 802 820 1003 1079 1083 1228 1510 1661 1933 1949 1993
197 607 1162 1285 1898 1907 1944 1980
383 29 187 455 1071 1101 1180 1184 1261
898 325 825 963 1115 1146 1603 1639 1801 1892 1958 1973
1164 224 254 322 378 401 417 618 845 909 1147 1400 1442 1584 1696 1737 1892
1278 57 124 204 323 348 488 557 617 1257 1264 1489 1537 1563 1665
1656 121 303 343 407 805 1118 1360 1459 1627 1819
1709 89 149 175 213 278 420 976 1014 1163 1230 1389 1719 1890 1895
1711 18 42 89 219 220 363 559 739 796 1093 1295 1417 1650 1841
1763 452 783
1920 312 477 505 719 962 1438 1800 1867
11 149 168 292 300 314 625 633 640 693 704 837 872 924 980 1150 1489 1527 1698 1708 1881
149 57 858 1186 1507 1550 1838 1884 1885 1887
168 313 354 709 784 1119 1231 1457 1532 1997
292 24 254 501 732 771 1247 1318 1551 1707 1888
300 40 171 308 534 551 559 584 1075 1182 1201 1396 1576 1594
314 83 145 203 245 509 904 1014 1064 1237
625 113 260 411 563 565 705 861 1613 1779
633 139 195 217 510 512 516 1168 1204 1414 1514 1760 1789 1834 1934 1971
640 39 84 155 215 369 673 712 976 978 1063 1460 1488 1544 1636 1909
693 885 969 1468 1704 1723 1832
704 85 143 233 298 334 705 1035 1201 1251 1324 1350 1569 1906 1973
837 244 440 450 517 541 574 742 1639 1781
872 636 730 925 986 1022 1066 1104 1138 1400 1533 1580
924 182 326 501 555 749 927 956 1272 1328 1359 1432 1891
980 94 368 992 1305 1513 1650 1893 1918
1150 29 191 478 772 1276 1403 1461 1666 1913
1489 74 487 575 578 851 853 878 932 986 1199 1398 1464 1758
1527 36 48 128 199 508 557 1481 1536 1707 1710 1817 1984
1698 305 483 513 523 707 1017 1026 1144 1217 1491 1494 1561 1660 1699
1708 305 636 685 891 984 1176 1429 1531 1637
1881 536 656 759 868 992 1055 1378
12 56 685 707 868 1300 1498 1723 1923
56 38 322 494 536 558 559 681 727 849 1051 1214 1259 1471
685 91 239 577 585 1005 1502 1610 1696 1720 1772 1885 1922
707 21 34 123 274 599 772 928 996 1277 1411 1472 1550 1750 1882 1913
868 38 135 315 869 1060 1078 1220 1229 1343 1590 1737 1840 1877
1300 20 93 104 238 713 764 1608
1498 30 203 208 228 259 344 637 726 1081 1321 1459 1568 1627 1734 1792 1795
1723 36 144 413 542 738 935 1013 1043 1117 1131 1275 1734 1768 1877 1882 1947 1987
1923 28 1298 1475 1539 1546 1578 1716 1926 1946 1965
13 1226 1444 1592 1765 1877 1934
1226 99 251 414 451 594 723 731 882 1046 1118 1276 1589
1444 64 353 646 867 1037 1365 1371 1620 1696 1852
1592 316 327 337 589 598 642 891 1240 1380 1589 1753 1940
1765 473 1013 1256 1327 1585 1696 1978
1877 303 782 859 1038 1102 1118 1136 1218 1539 1627 1903
1934 75 267 362 396 581 952 1167 1202 1606
22 262 302 470 523 656 738 1174 1290 1317 1413 1424 1513 1676 1781 1874
319 253 413 605 677 965 966 984 1117 1254 1346 1661 1790 1817 1926
322 23 128 142 156 294 297 457 466 494 756 902 926 1383 1400 1577 1588
464 128 935 1434 1439 1810
504 268 529 873 1044 1612 1714
567 802 851 899 908 1023 1078 1389 1437 1772
733 52 421 535 1084 1156 1322 1389 1540 1606 1728
1023 24 147 227 498 658 672 1685 1722 1824 1843
1693 448 556 950 1271 1739
1866 206 355 396 656 667 1236 1466 1468 1731 1891
1879 163 262 326 813 1124 1373 1810 1817
1906 37 83 116 134 306 438 458 471 576 745 839 863 1052 1121 1148 1246 1501 1507 1649 1907
15 108 853 908 1037 1065 1077 1100 1505 1598 1853 1861 1927 1935
108 127 260 317 531 561 813 893 931 1042 1186 1488 1954 1988
853 234 278 334 437 592 599 639 661 788 950 1031 1144 1177 1315 1512 1855
908 161 262 710 1157 1840 1858 1985
1037 347 555 975 1287 1308 1394 1529 1876
1065 328 341 864 1355 1840 1928 1947
1077 279 482 496 619 736 770 1338 1884
1100 676 768 1067 1214 1241 1622 1681 1845
1505 34 65 219 235 357 385 401 712 799 810 861 938 1247 1285 1573 1826 1950
1598 60 91 130 699 739 1512 1526 1658 1729 1767 1964
1853 55 95 130 344 438 556 594 630 886 959 1119 1461 1755 1800 1971
1861 28 206 316 556 599 678 1121 1168 1275 1277 1333 1451 1647 1773 1891
1927 179 355 882 1038 1051 1547 1624 1674 1961 1975
1935 329 342 401 585 774 817 887 950 1222 1792
16 72 773 799 976 999 1050 1058 1104 1189 1317 1318 1429 1593 1845
72 467 884 1212 1484 1506 1507 1576 1633 1736
773 33 552 631 937 984 992 1092 1169 1198 1251 1336 1368 1436 1985
799 61 100 126 187 336 448 472 598 767 769 951 1515
976 276 395 407 558 923 979 1157 1295 1490 1599 1980
999 135 508 804 866 918 1127 1346 1419 1651 1960
1050 280 317 385 502 1042 1132 1173 1387 1635 1939 1945
1058 257 310 423 474 677 757 1016 1096 1195 1250 1395 1549 1676
1104 65 269 294 836 962 1180 1390 1597 1623 1703 1983
1189 626 658 664 1218 1565 1606 1726 1749 1854 1995
1317 134 198 305 340 443 805 946 1036 1138 1242 1430 1473 1481 1484 1572 1753 1829 1929
1318 371 373 576 860 955 1215 1389 1397 1441 1576 1778
1429 27 239 846 994 1220 1281 1329 1480 1537 1898
1593 126 376 438 923 1120 1251 1375 1482 1506 1585 1619 1689 1883 1890
1845 36 183 227 734 1421 1493 1651 1669 1769
17 28 166 171 225 293 349 503 557 628 791 820 946 954 993 1083 1098 1108 1188 1195 1214 1364 1414 1590 1986
28 85 229 283 315 429 433 449 845 1003 1293 1912 1925 1966 1967
166 37 159 219 255 277 629 632 869 1045 1113 1432 1621
171 40 144 291 646 965 984 1486 1606 1738 1800
225 95 446 983 1173 1526 1550 1647 1790
293 93 137 394 416 665 667 728 793 861 996 1157 1378 1381 1704 1844
349 394 572 706 730 884 965 1296 1533 1721
503 131 727 745 865 925 978
557 307 532 548 893 1355 1382 1712
628 36 358 462 755 761 1121 1287
791 170 370 1561 1609 1962
820 183 201 390 431 462 778 1180 1229
946 285 309 505 515 537 777 824 855 1583 1697 1714 1857
954 94 396 523 589 616 702 794 841 870 971 1384 1839 1988
993 20 288 463 474 544 549 579 688 1101 1178 1422 1472 1626 1634
1083 614 617 650 1345 1647 1808 1811
1098 81 393 531 737 1179 1588 1614 1657 1775 1981
1108 312 454 907 952 1459 1563 1806 1838 1889
1188 144 201 375 472 592 1271 1466 1638 1876
1195 80 186 192 553 597 840 920 948 1036 1312 1486 1594 1623 1862
1214 113 883 936 1298 1381 1892 1998
1364 105 219 431 576 891 1091 1092 1408 1491
1414 558 565 852 1047 1082 1324 1624
1590 265 686 768 864 904 1335 1449 1516 1608 1848
1986 164 460 810 1123 1190 1319 1443 1823 1882
18 761 1117 1235 1377 1470 1839 1922
761 608 818 840 910 968 1012 1035 1312 1387 1605
1117 308 1167 1221 1933
1235 366 451 511 656 805 920 1170 1287 1472 1551 1891
1377 120 201 246 482 734 811 1000 1125 1681 1682
1470 356 392 681 749 834 1012 1068 1207 1314 1349 1649 1768 1890 1929
1839 84 273 291 355 362 524 725 846 910 935 1139 1184 1542
1922 107 279 405 664 783 874 1311 1408 1659 1661
19 97 415 513 629 669 709 798 1025 1206 1353 1436 1511 1536 1981
97 75 236 305 603 806 968 1009 1180 1333
415 87 109 340 362 825 832 915 975 992 1011 1261 1287 1372 1419 1499 1597 1796 1890
513 274 299 490 662 772 854 1623 1895 1946 1955
629 381 698 701 896 1158 1358 1426 1639 1640 1722 1739 1862
669 111 414 922 940 974 992 1356 1462 1496 1524 1820
709 100 578 732 1156 1212 1406 1669 1681 1964
798 63 216 228 814 936 1060 1072 1264 1386 1626 1632 1716 1740 1931
1025 354 477 486 519 533 836 1070 1519
1206 458 942 1090 1324 1340 1570 1732 1757 1910
1353 437 784 1017 1509 1848
1436 302 364 523 631 811 858 1246 1474 1502 1504 1575 1642 1904
1511 162 186 274 598 677 821 882 890 934 998 1676 1804
1536 587 666 692 767 833 1001 1038 1149 1338 1392 1519 1830 1832
1981 103 204 702 839 1479 1495 1680 1740 1970
20 203 690 737 902 1286 1835
203 333 656 1186 1231 1816
690 131 164 257 380 1276 1550 1701 1716
737 45 75 558 875 998 1047 1053 1109 1162 1288 1384 1560 1897
902 142 324 342 400 412 1094 1227 1683 1819 1889
1286 49 620 727 734 804 830 953 1208 1252 1491 1682 1980 1996
1835 271 436 505 725 728 899 909 1011 1163 1506 1568 1639 1885 1933
21 182 186 339 680 1382 1640
182 153 360 382 720 961 1099 1316 1355 1492 1621
186 301 321 727 742 1200 1229 1231 1263 1387 1828 1903
339 60 71 432 828 1406 1458 1478 1836
680 294 387 703 812 839 1137 1481 1706 1722
1382 32 243 244 527 569 1176 1321 1350 1399 1613 1965
1640 176 703 808 1223 1622 1660 1664 1680 1715 1733
262 459 746 802 995 1013 1122 1135 1531 1768 1961
302 233 326 672 700 929 1038 1277 1329 1550 1579 1827 1842 1885 1929
470 147 278 397 1041 1060 1136 1285 1389 1858 1954 1985
523 341 788 1205 1321 1388 1707 1742 1773
656 62 236 474 1191 1288 1295 1411 1500 1558 1727 1757
738 340 355 1501 1614 1651 1707 1875
1174 228 313 432 897 990 1032 1208 1277 1716
1290 90 138 176 496 592 595 637 756 784 1258 1450 1560 1586 1591 1651
1413 431 511 658 1004 1011 1127 1218 1308 1384 1513 1658 1965
1424 80 92 161 255 284 334 467 719 774 966 992 1005 1134 1252 1774 1795 1987
1513 103 834 849 883 1147 1547 1645 1749 1755
1676 51 244 614 854 865 1234 1404
1781 428 486 674 763 1092 1471 1514 1572 1682 1875
1874 508 696 832 934 1019 1337 1380 1818 1987
23 94 706 1101 1252 1562
94 381 506 978 1039 1258 1606 1613 1820 1958
706 102 323 527 634 721 873 1076 1295 1329 1334 1661 1707 1742 1820
1101 206 241 535 555 616 683 928 1005 1116 1183 1435 1551 1773 1848 1872 1973
1252 92 121 303 412 665 742 804 919 996 1054 1165 1289 1366 1509 1567 1926 1954 1991
1562 381 483 607 612 664 698 857 1806
24 52 517 586 617 805 1448 1794 1827
52 42 202 342 412 1072 1139 1229 1381 1391
517 128 489 529 960 1147 1169 1215 1350 1483 1548 1663
586 193 295 653 723 736 1270 1870
617 41 165 170 215 364 488 604 1482 1772 1978
805 57 141 274 485 561 815 855 1080 1276 1284 1745
1448 219 395 581 722 745 970 1148 1428 1452 1519 1860 1897
1794 610 1034 1151 1194 1394 1428 1586 1722
1827 379 973 1116 1131 1153 1387 1484 1673 1984
252 118 153 831 953 982 1207 1274 1750 1774
272 338 522 702 961 1035 1076 1123 1546 1600 1689 1890 1929
899 85 192 364 521 666 750 1238 1360 1665 1725
1406 157 476 524 1079 1141 1697
1451 281 325 416 744 783 825 1043 1240 1947 1953
1499 29 609 722 884 1111 1173 1199 1333 1399 1544 1880
1803 29 379 851 914 1478 1634
1875 527 739 896 1013 1219 1324 1512
26 36 373 624 731 828 1407 1422 1995
36 144 1369 1702 1758 1939 1970
373 781 824 920 1046 1092 1126 1310 1322 1386 1686 1831
624 208 348 507 714 1102 1637 1737 1926
731 234 1669 1936
828 40 45 242 246 1146 1510 1550 1559 1628
1407 303 376 418 422 477 582 1204 1603 1624 1826
1422 218 263 467 682 697 816 865 953 1009 1072 1326 1392 1929
1995 55 187 250 270 447 527 549 665 939 942 1001 1066 1081 1120 1121 1261 1411 1733
27 38 231 360 363 375 634 643 722 1478 1494 1883
38 362 440 767 831 913 928 930 1072 1193 1220 1314 1644 1704 1968
231 152 179 250 329 619 716 929 1387 1481 1546 1638 1644 1949
360 189 235 468 555 697 1142 1155 1617 1728 1792 1795
363 121 305 310 397 583 762 771 935 952 1041 1307 1516 1517
375 43 79 270 413 522 1295 1309 1326 1380 1871 1892 1957 1993
634 42 45 79 127 294 385 457 878 920 1303 1630 1843
643 593 630 720 777 1156 1218 1730 1791 1797 1893 1921
722 138 236 345 505 717 934 1212 1359 1486 1921
1478 86 176 227 387 632 762 801 1045 1227 1510 1512 1523 1807 1824 1864
1494 146 193 357 358 732 807 968 978 1073 1175 1227 1545 1778 1832 1979
1883 236 263 404 575 782 804 1275 1391 1416 1435
85 297 657 869 876 1070 1510 1559 1957
229 483 871 1131 1220 1811 1915
283 215 670 1576 1634 1832 1949 1990
315 105 107 200 402 659 977 1051 1082 1088 1537 1702
429 453 620 818 964 1016 1036 1128 1147 1245 1733 1762 1904 1933
433 516 1307 1563 1811 1843 1899
449 131 150 536 603 829 920 1223 1746 1783 1831
845 394 630 854 858 1028 1141 1217 1378 1449
1003 46 258 612 989 1026 1109 1311 1921
1293 244 573 655 681 745 832 1313 1500 1606 1670 1761 1932
1912 241 511 636 719 781 911 1020 1151 1193 1759 1885 1985
1925 432 529 936 1276 1345 1468 1579 1594 1622 1910
1966 234 498 1420 1685 1937
1967 396 445 796 894 928 1022 1042 1324 1671
29 213 250 355 397 811 937 1041 1385 1441 1747 1889 1904
213 131 345 607 686 852 1264 1310 1685
250 277 591 919 920 1713 1760 1828 1963
355 243 280 425 466 515 724 785 989 1416
397 198 317 320 502 659 854 1114 1178 1339 1544 1769
811 410 514 639 817 1044 1112 1154 1200
937 57 1046 1332 1363 1428 1703 1747 1815
1041 80 265 325 689 698 1506 1508 1510 1739 1869 1908 1954
1385 119 388 542 555 955 1227 1270 1880
1441 30 105 121 190 241 303 877 958 1127 1764 1890
1747 142 218 404 515 611 730 1014 1249 1487 1650 1805
1889 498 705 831 967 968 986 1057 1373 1378 1736 1833
1904 57 61 289 667 796 936 1340 1459 1811
30 150 327 721 860 1027 1107 1274 1312 1689 1789 1832 1937
150 107 180 295 451 466 854 859 892 1178
327 145 338 466 703 873 1001 1054 1132 1488 1801
721 120 135 268 341 371 488 514 655 1125 1299 1892 1898 1977 1997
860 297 609 678 998 1047 1438 1465 1772 1855 1947
1027 297 394 570 990 1026 1074
1107 54 351 535 577 658 1040 1116 1153 1196 1198 1228 1852
1274 237 446 611 621 1013 1551
1312 128 310 345 878 949 1085 1398 1399 1531 1545 1555 1575 1584
1689 209 1443 1506 1696 1956
1789 165 450 971 983 1084 1440 1704 1720 1729
1832 66 153 321 623 676 1401 1548 1701
1937 59 172 334 342 408 610 829 867 1094 1268 1387 1475 1703 1785 1848
31 233 289 450 622 659 1048 1209 1210 1488 1535 1725 1735 1886
233 137 241 278 395 494 724 832 907 966 1001 1114 1118 1138 1784
289 92 277 421 736 897 915 961 967 1029 1127 1386 1482 1928 1973
450 126 143 534 1019 1374 1551 1777
622 146 202 310 357 626 663 1072 1434 1503 1540 1729 1812
659 574 607 691 727 996 1250 1349 1486 1680
1048 90 251 380 641 708 1033 1234 1251 1775
1209 67 135 276 556 573 807 849 1330 1373 1672 1724 1834
1210 219 257 570 807 821 903 1339 1380 1465 1702
1488 115 255 765 1218 1334 1401 1473 1559 1771
1535 198 453 1540 1729 1867
1725 79 692 765 969 1109 1277 1493 1880 1973
1735 48 288 455 626 808 1060 1137 1515 1578 1688
1886 163 236 997 1014 1088 1618 1863 1897
32 127 435 506 744 747 958 982 1182 1388 1420 1425 1533 1604 1730 1996
127 247 278 331 713 813 1022 1076 1504 1607 1744
435 414 473 661 974 1017 1052 1074 1240 1430 1615 1748 1821 1949
506 60 95 1004 1147 1515 1791 1847 1893 1947 1985
744 496 559 658 1144 1158 1185 1280 1368 1770 1796 1843
747 271 456 529 551 762 785 814 1129 1169
958 347 455 746 755 771 896 1169 1262 1384 1454 1591
982 98 99 378 558 1172 1186 1611 1938 1975
1182 53 55 104 210 563 692 1269 1551 1585 1706
1388 160 457 556 784 1057 1254 1262 1328 1372 1484 1531 1681 1961
1420 86 202 261 271 687 1082 1534 1764 1885
1425 131 515 675 1462 1542 1643 1713 1892
1533 62 82 188 310 343 390 615 743 1427 1479 1772
1604 77 308 413 471 576 915 963 965 968 1237 1606 1724 1863 1996
1730 143 222 1122 1154 1531 1609 1783 1828
1996 178 478 1330 1336 1368 1583 1865 1918 1930 1989
33 217 239 410 416 549 933 1018 1307 1572 1752
217 173 220 620 1271 1762 1933 1948
239 111 306 566 649 746 839 1073 1116 1443 1525 1547 1788
410 468 879 1349 1362 1370 1447 1517 1650
416 341 637 755 1114 1125 1284 1405 1848 1863
549 163 519 671 796 926 1106 1127 1160 1262 1332 1514 1980 1988
933 196 432 802 824 1383 1600 1702 1837 1907
1018 192 243 511 531 1198 1649 1844 1899 1939
1307 93 490 1013 1051 1304 1372 1442 1615 1637 1662 1948 1992
1572 878 1046 1076 1201 1455 1496 1695 1754
1752 391 505 535 578 636 917 934 986 1371 1660 1777 1860 1896 1960
34 101 389 688 926 995 1160 1324 1389 1506 1537 1540 1671
101 50 345 458 1421 1929 1940
389 155 195 751 771 887 1086 1458 1663
688 55 124 134 454 951 1368
926 290 598 895 1088 1236 1603 1686 1946
995 216 408 646 794 846 1028 1177 1254 1295 1434 1462 1520 1736
1160 487 541 655 678 952 984 1170 1597 1648 1776 1921
1324 80 128 251 468 886 893 962 1105 1185
1389 140 371 570 697 827 1086 1146 1644 1682 1857 1985
1506 123 374 498 589 849 916 968 1102 1279 1547 1895
1537 178 717 881 969 1517 1888
1540 93 189 510 609 754 1366 1417 1503 1975
1671 59 423 431 492 1392 1432 1615
35 247 413 941 1251 1405 1575 1791 1903
247 199 414 595 947 1154 1228 1304 1442 1473 1560 1573 1766 1865
413 49 489 584 714 1004 1147 1207 1372 1685 1893
941 126 437 527 605 618 856 897 970 1373 1383 1508 1571 1704 1846 1947 1972
1251 268 320 441 646 930 1012 1362 1369 1547 1777 1811
1405 135 606 755 931 1015 1459 1673 1721 1897
1575 49 220 662 1068 1462
1791 83 173 507 675 984 1091 1626 1639 1662 1685 1928 1942
1903 79 111 151 572 794 823 1238 1272 1459 1790 1984
144 120 125 519 673 983 1459 1641 1703 1737 1956
1369 404 697 857 903 1187
1702 452 604 679 803 893 952 1081 1230 1631
1758 45 268 522 620 1327 1588 1762 1804
1939 605 843 1463 1650 1710 1783 1950
1970 47 74 165 474 676 890 1019 1201 1362 1543 1658
37 336 353 399 534 726 1004 1255 1339 1393 1664 1812
336 249 341 751 1001 1361 1611 1762
353 140 273 460 497 679 795 816 906 1218 1653 1833
399 369 372 741 815 964 1570 1665 1736 1764 1785
534 88 161 279 359 525 696 839 1203 1262 1334 1518 1669
726 155 570 767 1017 1190 1215 1343 1401 1419
1004 498 827 1639 1741
1255 220 295 307 329 544 1363 1417 1427 1563 1585 1631 1638 1727 1772
1339 145 147 678 772 797 965 967 1014 1122 1135 1275 1303
1393 114 237 745 1495 1664 1706
1664 255 619 883 1428 1706 1790 1829
1812 84 358 689 751 900 983 1097 1236 1256 1271 1284 1332 1484
362 187 610 880 949 1416 1921 1940
440 662 728 774 1078 1154 1258 1449 1497 1917 1969
767 99 379 392 499 713 857 1085 1257 1258 1417 1686
831 111 172 454 1153 1169 1476 1519 1606 1757
913 297 391 697 1120 1142 1707
928 238 253 257 813 1238 1265 1483 1521 1546 1595 1670 1776 1826
930 249 275 287 321 423 679 762 991 1070 1124 1211
1072 60 81 139 369 670 815 825 829 850 1867
1193 402 509 1073 1399 1547 1599 1651 1714 1872
1220 88 297 553 795 1033 1531 1964 1988
1314 77 268 632 638 648 782 1024 1669 1795
1644 138 180 472 691 932 959 1661 1699 1740 1772
1704 78 124 134 154 278 439 578 784 1254 1268 1279 1308 1490 1680 1760 1770
1968 136 188 422 476 661 714 975 1127 1692 1808 1913 1928 1950
39 59 60 324 684 808 1350 1625 1917
59 116 126 730 1014 1200 1259 1582
60 54 218 392 563 852 880 948 1287 1468 1532 1563
324 63 223 237 457 616 708 772 781 806 877 890 1169 1279 1370 1412 1462 1630 1774 1782 1997
684 210 333 447 775 1022 1106 1203 1343 1521 1573 1898 1955 1975
808 82 1102 1616 1756 1910
1350 209 540 990 1224 1544 1639 1884 1899
1625 61 155 258 286 563 658 871 1184 1775 1788 1932 1948 1972
1917 550 594 655 663 917 992 1221 1295 1649 1882
40 175 575 618 717 1267 1360 1387 1551 1586 1624 1745
175 96 426 463 917 1033 1143 1358
575 125 542 1176 1246 1492 1600
618 241 380 382 893 904 1576 1615 1688 1834
717 132 701 870 1668 1774
1267 376 804 1217 1338 1354 1366 1951
1360 649 851 1006 1234 1254 1304 1465 1673 1809
1387 426 732 1096 1173 1202 1258 1473 1674 1705 1829 1918
1551 215 536 786 1019 1096 1285 1721 1783 1790
1586 387 532 936 967 1223 1386 1949
1624 583 793 1178 1529 1608 1724
1745 75 200 474 745 1123 1192 1366 1614
41 139 140 165 297 764 1256 1326 1682 1942 1973
139 276 305 653 1011 1229 1392
140 222 305 371 1176 1741 1769 1946
165 297 446 483 939 977 1045
297 341 345 546 742 1120 1782 1851 1921
764 123 237 371 387 558 566 857 911 1046 1217 1304 1403 1631
1256 221 658 802 869 916 1947
1326 279 350 354 480 619 665 774 779 1060 1120 1169 1306 1320 1340 1678 1718
1682 164 214 263 274 344 616 681 1194 1784 1926
1942 113 803 893 998 1001 1358 1748
1973 285 666 776 920 1144 1484 1818 1846 1887
42 87 261 335 532 609 663 784 1068 1481 1589 1729 1799 1926 1988
87 981 1176 1332 1532 1807 1851
261 143 573 1269 1284 1295 1495 1697 1873
335 145 508 606 696 1062 1308 1509 1795
532 500 649 856 974 1149 1175 1427 1497 1567 1629
609 216 772 1096 1106 1126 1187 1192 1296 1354 1378
663 521 785 1262 1309 1541 1882 1915
784 277 369 405 432 648 876 1581 1729 1778
1068 83 476 725 916 1102 1797
1481 96 402 775 1078 1302 1548 1580
1589 84 199 448 916 1116 1246 1659 1705
1729 185 484 821 907 1167 1341 1516 1717 1739 1844
1799 220 242 263 619 806 1432
1926 63 395 673 840 1154 1439 1529 1771
1988 445 732 1374 1539 1577 1707 1998
43 337 387 1029 1358 1817
337 306 752 813 838 985 1135 1169 1178 1190 1741 1837 1938
387 129 317 484 677 686 1356 1379 1863 1950
1029 153 460 711 1149 1712 1767 1944
1358 566 990 1128 1311 1464 1627 1661 1673 1690 1871
1817 90 401 452 491 585 592 657 803 1161 1686
448 590 694 796 843 925 945 973 1191 1381 1651 1736 1867
642 51 566 594 620 626 718 1383 1442 1534
1073 196 395 1014 1071 1236 1253 1578 1908 1982
1754 286 326 509 846 876 1313 1367 1370 1632
1892 90 91 156 365 965 1336 1452 1509 1515 1819 1930
45 591 677 1166 1336 1450 1542 1591
591 107 180 390 576 781 973 1007 1250 1289
677 849 910 911 984 998 1054 1126 1200 1273 1503 1873
1166 49 65 66 196 418 524 829 1297 1545 1661 1688 1743
1336 883 1032 1222 1230 1334 1437 1455 1500 1716 1946
1450 345 358 381 570 1591 1690 1916
1542 317 370 453 566 607 711 957 1122 1131 1555
1591 206 473 1085 1739 1800
46 224 238 509 682 739 829 1076 1219 1623 1650 1665 1710 1721 1841 1885 1901
224 432 519 531 573 974 1113 1264 1787 1804 1933 1983
238 607 724 957 1560 1672 1712 1819
509 398 587 650 880 998 1133
682 341 727 777 985 1501 1509 1717
739 681 979 998 1167 1334 1337 1502 1609 1686
829 254 288 308 311 536 580 1225 1471 1534 1595 1818 1936
1076 291 563 593 925 1246 1653 1878 1963
1219 630 1145 1225 1449 1722 1764 1805 1807
1623 279 1080 1330 1368 1556 1618
1650 178 749 844 1155 1334 1612 1976
1665 382 638 762 830 967 1094 1638 1695 1740
1710 245 1250 1338 1731 1775 1983
1721 473 911 975 1145 1449 1594 1703 1810 1846
1841 325 358 592 710 1034 1063 1157 1171 1310 1570 1913
1885 119 453 1778 1779 1955
1901 183 281 895 1046 1471 1900
47 412 533 657 1268 1454 1617 1859 1948 1980
412 98 196 516 537 645 716 836 932
533 388 661 710 788 875 1202 1330 1606 1728
657 202 430 438 841 1140 1153 1569 1582 1779 1956
1268 172 290 484 561 614 935 1264 1320
1454 493 984 1095 1119 1243 1275 1744
1617 280 821 834 1139 1224 1532 1947
1859 555 621 817 884 1242 1396 1563
1948 881 1067 1473 1673 1716
1980 103 258 279 896 931 1244 1332 1843
48 155 431 521 538 604 673 900 1047 1258 1466 1597 1705 1965 1992
155 162 712 952 996 1443 1815
431 83 723 792 854 896 1081 1585 1712 1878 1915
521 104 483 909 1017 1044 1060 1178 1427 1613 1628 1960 1992
538 172 260 330 608 702 1051 1795 1945 1987
604 452 702 708 743 859 947 1093 1192 1253 1583
673 495 571 630 1281 1638 1669 1955
900 208 219 395 402 473 572 576 581 836 978 1064 1135 1437 1443 1491 1894
1047 257 1081 1309 1558 1858
1258 81 366 471 569 583 651 712 1772 1860
1466 592 778
1597 388 713 889 1215 1399 1434
1705 146 152 332 334 1269 1347 1370 1434 1673
1965 200 354 511 623 1218 1271 1398 1588 1628 1998
1992 305 583 1081 1541 1975
49 88 376 1243
88 579 608
376 174 803 965 1118 1159 1395 1526
1243 51 57 152 208 304 481 966 1225 1504 1515 1753 1955
50 365 608 719 1367 1548 1646
365 218 674 884 1082 1615 1824 1945
608 623 638 827 1008 1455 1611 1784 1820
719 66 163 179 313 386 644 959 1279 1328 1504 1570 1772 1943
1367 287 834 880 1600 1779
1548 104 681 711 734 957 1936
1646 259 274 581 1008 1028 1161 1183 1390 1419 1695
51 66 320 483 598 814 1320 1368 1401 1594 1626 1630 1661 1801
66 172 309 455 488 713 782 1088 1345 1462 1584 1913 1969
320 253 438 942 955 1261 1395 1452 1680
483 638 923 1347 1634 1707 1899 1931
598 242 343 414 482 888 959 970 1264 1600 1774 1838 1898
814 91 162 282 426 451 1139 1228 1419 1508 1744
1320 126 511 512 745 960 986 1502 1543 1836 1865
1368 103 491 881 997 1464 1492 1792 1944
1401 452 580 1097 1352 1447 1703
1594 235 311 392 667 935 1153 1435 1482 1486 1762 1805 1851 1989
1626 183 236 518 949 1349 1848
1630 424 583 974 1200 1309 1427
1661 124 132 345 563 826 944 951 1342 1826
1801 188 437 511 1588 1687 1931
202 285 345 919 1015 1199 1349 1438 1728
342 118 246 254 857 1246
1139 253 274 414 430 1116
1229 858 1496 1714
1381 116 119 121 260 447 780 1365
1391 388 490 511 606 1204 1329 1333 1435 1582 1657 1772
53 91 253 446 477 1504 1627 1695
91 329 507 646 725 1079 1183 1257 1279 1397 1515 1897
253 945 1016 1200 1257 1354 1371
446 142 352 439 502 525 543 698 813 967 1093 1924
477 142 161 398 645 681 694 858 1515 1690 1930 1957
1504 359 381 468 526 661 904 1576 1599 1738 1856 1928
1627 417 559 832 1208 1257 1335 1403 1435 1497 1653 1719
1695 92 356 701 973 1341 1651
54 153 172 270 700 1515 1786
153 753 807 1067 1090 1396 1516 1534 1595 1787
172 279 382 390 512 702 896 997 1064 1846
270 192 492 978 1127 1678 1776
700 73 254 402 458 620 626 810 914 1185 1328 1685 1746 1822
1515 290 579 696 775 803 858
1786 75 173 402 471 544 555 639 877 1067 1078 1173 1518 1840 1852 1945
55 200 785 1136 1238 1570 1848 1928
200 79 100 290 347 626 670 1648 1673 1843
785 105 228 421 583 679 763 852 1390 1404 1653 1880 1987
1136 392 428 610 793 904 960 1009 1095 1179 1462 1784
1238 644 701 988 1028 1181
1570 68 619 666 742 806 1178 1596 1724 1847 1975
1848 496 760 922 1158 1674 1829
1928 84 179 508 593 920 1157 1749 1864
494 193 368 518 612 660 1154 1236 1245 1582 1960
536 455 614 734 852 997 1007 1051 1170 1774 1896
558 117 131 142 637 874 907 1097 1116 1159 1271 1380 1985
559 977 1333 1390 1487 1508 1550 1753
681 100 118 1372 1571 1766 1775
727 763 878 1184 1297 1419 1772 1929 1975
849 249 442 649 686 775 1249 1497 1674 1821 1916 1918
1051 359 607 857 862 1088 1438 1984
1259 126 277 714 772 871 896 1039 1093 1963
1471 105 260 398 994 1169 1184 1284 1523 1574 1584 1633 1785 1951
57 62 325 442 564 1078 1241 1282 1717 1943
62 81 409 1435 1749 1949
325 207 390 437 695 1090 1264 1544 1858 1976
442 393 501 564 895 1584
564 326 428 889 1074 1309 1867 1950
1078 258 710 812 1345 1742 1755
1241 174 179 962 1013 1032 1123 1253 1341 1493 1518 1714 1760 1956
1282 167 966 1432 1753
1717 638 882 1102 1115 1116 1167 1270 1550 1678 1818 1837
1943 199 282 285 334 414 484 593 889 1287 1372 1658 1759
58 969 1162 1962
969 160 286 636 816 1234 1279 1325 1428 1629
1162 64 198 241 893 1171 1731
1962 100 201 354 621 824 1082 1270 1296 1365 1795 1880
116 130 463 710 1005 1186 1372 1465 1613 1984
126 113 246 312 522 1379
730 135 276 647 974 1111 1128 1176 1181 1228 1445 1726 1777 1793
1014 93 467 507 956 1261 1373 1455 1736 1814
1200 124 441 463 510 661 818 1020 1132 1217 1352 1370
1582 455 605 812 817 1075 1304 1378 1434 1464 1865
218 141 241 796 833 929 960 1521
392 480 638 813 957 1045 1823 1930
563 117 338 524 535 728 1910
852 527 531 649 1155 1328 1514
880 258 1426 1541 1573 1991
948 99 359 619 639 689 1184 1846
1287 467 527 794 826 961 1186 1373 1638
1468 234 695 782 867 997 1418 1574 1732 1914
1532 80 159 298 541 795 952 1084 1338 1460 1580 1660
1563 358 1036 1122 1168 1508 1585 1636
61 64 508 580 971 1449 1772 1822 1836
64 67 929 940 945 1380 1588 1798
508 151 255 542 569 932 952 1060 1126 1338 1580 1607 1741 1772 1989
580 196 457 818 846 1012 1095 1120 1122 1355 1376 1394 1520 1639
971 401 452 474 741 864 1069 1151 1253 1434
1449 457 484 582 906 1095 1313 1919
1772 124 191 209 1031 1080 1140
1822 501 813 932 1311 1332 1659 1788
1836 124 254 929 978 1179 1530 1616
81 661 674 763 896 940 1977 1978
409 243 466 481 696 793 817 911 1115 1491 1565 1870
1435 323 457 582 762 794 821 1088 1507 1560
1749 98 113 199 295 321 499 531 939 955 970 1453 1690 1852 1894
1949 220 299 957 1396 1684 1900
63 215 611 788 1172 1677
215 134 330 1044 1298 1559 1576 1641 1809
611 234 301 460 574 695 757 949 1119 1181 1556
788 158 592 699 718 968 1022 1482 1672 1793 1994
1172 692 1547
1677 543 708 889 1310 1514
67 352 571 931 1039 1061 1129 1169 1795
929 1179 1265 1600 1719
940 254 395 459 803 854 1111 1179 1180 1236 1418 1633 1815
945 77 782 1000 1120 1127 1544 1692
1380 309 613 614 750 771 782 985 1231 1588 1804
1588 151 340 944 1169 1175 1947
1798 158 290 351 510 713 884 915 1074
65 113 145 279 467 501 579 728 825 1240 1795
113 241 328 332 851 1456 1577 1616 1806
145 201 235 256 746 776 1149
279 351 803 936 960 1121 1907
467 98 220 641 1063 1197 1523 1573 1596 1731 1998
501 648 686 1289 1620 1728
579 626 768 1347 1437 1460 1692 1783 1982
728 333 407 1254 1479 1544 1837 1847 1950
825 671 1760 1977
1240 473 562 644 1237
1795 566 915 1044 1270 1541 1574 1701 1840 1960
309 162 338 1202 1374 1430 1502 1639
455 86 111 114 141 332 393 547 667 756 861 964 987 1154 1896
488 205 331 1008 1308 1411 1722 1782 1838 1865
713 326 741 1482 1596 1896
782 382 679 746 836 851 1088 1403 1774
1088 313 430 892 922 1680 1882 1930
1345 278 305 576 620 1638
1462 138 841 1055 1325 1692 1856
1584 205 330 404 850 856 1205 1545 1823
1913 428 472 583 841 876 992 1500 1691 1826
1969 329 667 1673
352 818 1181 1362 1718 1811
571 502 885 890 1134 1688 1713 1741 1773 1854 1933
931 644 702 1271 1464 1500 1565 1568 1890 1909
1039 109 400 535 757 1043 1673 1846 1989
1061 147 606 1006 1008 1490 1519 1635
1129 82 216 269 277 326 341 613 620 827 1109 1621 1743
1169 159 312 871 997 1017 1399 1720 1746 1872
68 75 573 960 991 996 1386 1460 1742 1930
75 340 615 660 836 1329 1372 1524 1715
573 107 354 1659
960 301 310 378 858 875 1834
991 347 461 478 935 1052 1159 1285 1330 1603 1736 1773 1778
996 227 304 810 859 989 1384 1523 1782 1818 1972
1386 338 511 529 588 765 874 1090 1242 1574
1460 78 1402 1490 1507 1539 1616 1637
1742 678 1082 1131 1341 1666 1731
1930 285 338 569 655 1070 1681
193 100 678 723 1308 1713 1820
258 522 546 714 783 830 877 989 1384 1688 1707 1910
381 103 183 732 894 1121 1257 1496 1940
460 393 671 877 892 987 1034 1080 1192 1215 1333 1378 1521 1660 1680
655 223 465 675 1015 1767
964 550 1199 1253 1445
1416 497 756 801 915 920 992 1052 1120 1440 1821
285 107 702 750 833 1084 1263 1808 1844 1907
306 195 345 522 594 595 603 668 697 1493 1768 1793 1834
779 577 695 745 763 1144 1684 1908
981 142 154 265 540 594 1269 1357
1768 436 887 956 1244 1245 1284 1776 1977
1776 895 1033 1465 1719 1857 1882
1840 180 553 572 649 1008 1171 1199 1265 1309 1395 1766
1963 181 881 895 1428 1443 1610 1633 1736 1740 1815 1994
71 350 510 696 816 1756 1838
350 644 962 1550 1816 1964
510 696 834 951 952 1000 1492 1726 1783
696 107 222 345 566 570 645 1484
816 692 724 1203 1262 1579 1946
1756 398 577 589 1092 1622
1838 79 164 344 647 906 1082 1163 1399 1477 1603 1658 1893
884 476 944 1712 1757 1932
1212 892 1337 1771
1484 195 269 674 752 854 1086 1090 1102 1328 1486 1558 1642 1757 1880
1507 418 670 1165
1576 683 736 858 1075 1120 1153 1178 1442 1737 1960
1633 102 178 351 569 890 1128 1305 1869
1736 119 344 364 1620 1944
73 188 1153 1713 1826
188 328 378 846 1726 1828 1961
1153 512 676 1526 1609 1750
1713 98 207 499 1296 1348 1550 1769
1826 546 687 753 812 988 994 1128 1398 1483
74 179 204 271 417 967 1421 1732 1788 1896 1915
179 83 210 710 1170 1327 1330 1497 1619 1837
204 832 1194 1818 1865 1936
271 474 676 839 846 920 949 1254 1690 1807 1985
417 173 966 1026 1081 1599 1731 1824
967 331 762 861 970 977 997
1421 256 989 990 1157 1236 1979
1732 303 676 796 1022 1738 1755 1891
1788 256 581 771 882 1062 1113 1550 1595 1843
1896 107 228 1673 1697
1915 278 290 334 390 391 476 636 1099 1390 1819 1979 1990
340 89 223 377 402 846 923 956 1054 1163 1539 1603 1852
615 593 712 796 854 870 920 955 1113 1443 1997
660 280 326 423 1016 1066 1412 1761 1823 1831 1946 1984
836 334 486 939 1716 1773 1978
1329 540 565 952 1135 1334 1346 1774
1372 256 345 354 507 851 979 1362 1578 1936
1524 257 526 689 783 857 1365 1613
1715 207 332 639 792 858 1453 1474 1529 1628
163 219 260 471 989 1947
304 783 871 895 1147 1400 1816
463 378 641 695 907 919 1265 1720 1785 1919
856 1254 1269 1311 1458 1613 1757 1800
1152 92 1069 1125 1508 1863
1354 259 263 888 909 1151 1205 1456 1608
1616 313 481 734 786 1143
1722 174 736 1170 1581
1828 255 426 437 649 676 1254 1997
1982 298 351 561 724 1427 1445 1473 1497 1653 1824
77 180 372 451 472 562 616 695 802 873 1080 1284 1384 1437 1975
180 111 208 374 453 620 1534
372 585 1434 1880
451 99 344 346 746 1043 1769 1860 1919 1997
472 210 332 385 439 1662 1753 1898
562 259 269 407 892 1045 1306 1612
616 420 797 861 862 1304 1305 1371 1419 1509 1933
695 421 893 957 1148 1273 1306 1550
802 265 511 1222 1474 1779
873 263 356 380 475 537 547 641 1266 1272 1571 1578 1819
1080 187 299 499 544 778 807 839 1370 1375
1284 382 866 1218 1842 1871
1384 93 112 430 438 751 793 850 1247 1445 1611 1759
1437 80 105 359 553 1000 1400 1618 1648
1975 161 590 630 877 1497
78 246 408 507 807 1074 1118 1855
246 118 260 280 430 644 983 1144 1231 1244 1373 1496 1779 1834 1914
408 109 257 637 1327 1556 1938
507 288 307 414 574 1066 1133 1156 1234 1417 1637 1865
807 949 984 1244 1328 1613 1823 1977
1074 524 1411
1118 313 698 973 1120 1328 1916
1855 394 636 1016 1086 1091 1140 1394 1622 1921
79 84 89 109 457 578 763 795 1522 1608 1753 1868
84 192 1295
89 114 222 411 487 746 875 878 1134 1779
109 119 124 156 275 1244 1319 1497
457 199 382 458 496 505 531 1273 1691 1785
578 398 556 631 1398 1773 1806
763 154 1581 1950 1997
795 986 1142 1218 1276 1947
1522 294 364 667 1567 1680
1608 756 909 1374
1753 102 368 422 1008 1054 1112 1156
1868 551 743 925 973 1254 1262 1743 1945
80 303 554 1084 1427 1459 1495 1823 1957
303 548 1044 1196 1225 1403 1560
554 323 398 468 870 1246 1298
1084 310 525 1070 1865
1427 86 390 461 547 587 597 614 703 724 939 1123 1142 1149 1223 1272 1669 1899
1459 1079 1277 1520 1605 1629
1495 282 301 308 631 1044 1311 1502 1647 1856 1893
1823 160 556 854 865 1036 1198 1615 1728
1957 648 654 1280 1376 1411 1514 1805
661 637 686 1127 1707 1864 1987
674 287 866
896 757 760 1028 1319 1376 1958
1977 112 121 505 553 1359 1771 1924
1978 191 192 281 556 646 670 1585
82 103 259 277 649 720 824 1042 1770 1933
103 260 269 462 497 942 1699 1910
259 135 421 1183 1757 1890
277 334 411 840 877 1398 1531 1569 1637
649 132 500 582 630 1707
720 83 192 316 920 1250 1313
824 402 769 826 832 989 1263 1553 1612 1663 1761
1042 161 308 867 986 1141 1379 1964
1770 990 1044 1141 1168 1434 1583
1933 124 603 876 962 1038 1086 1186 1208 1837 1847
83 765 838 1456 1458 1657 1699 1733 1991
765 268 323 385 527 827 893 1311 1509 1516 1833 1958
838 207 535 881 882 887 1054 1063 1092 1355
1456 1569
1458 104 119 956 1137 1146 1610 1634 1683 1755 1950 1993
1657 274 760 793 817 907 988 1322 1403 1474 1568 1658
1699 92 1181
1733 519 892 1137 1796
1991 505 985 1090 1921
192 154 174 298 357 437 512 708 1092 1472 1782
1295 486 630 1097 1146 1924
869 405 1804 1829 1863
876 120 546 705 734 862 1000 1057 1585 1893 1945
1070 137 550 862 895 938 1415 1487 1649
1510 282 662 854 1064 1111 1249 1516 1842
1559 111 273 772 978 997 1215 1547
86 308 994 1045 1225 1309 1607 1862
308 338 519 542 551 556 630 1332 1461
994 368 437 458 489 757 813 1674
1045 527 551 613 759 966 1102 1311
1225 527 997 1015 1547
1309 632 742 920 1237 1279 1750
1607 156 281 544 678 907 1543 1718
1862 639 708 732 984 1819
1176 227 965 975 1746 1909
1332 263 1081 1106 1246 1659 1821
1807 330 867 1194 1690 1994
1851 454 529 770 935 1265 1328 1365 1475
114 462 493 626 1455
222 750 826 1330
411 284 569 906 1383 1577 1613
487 370 465 772 920 1203 1304 1556
746 307 405 468 662 772 1203 1400 1445 1738 1909
875 254 796 858 911 1196 1340
878 198 524 547 553 1440 1833 1984
1134 280 307 405 1143 1204 1497 1762 1916
1779 299 605 694 865 1007
90 260 334 1133 1842
260 130 1304 1352 1443 1678
334 344 612 987 1457 1517
1133 154 199 453 840 1036 1899 1924
1842 592 762 1303 1831
329 95 519
646 371 1739 1856 1907 1938
725 354 619 1155 1202 1262 1299 1482
1079 443 904 909 1302 1408 1647
1183 185 441 662 664 1092 1706
1257 159 485 582 956 1748
1279 1197 1621
1397 206 485 589 705 1007 1186 1549
1897 235 424 588 606 760 895 911 1155 1231
92 745 1211 1541 1750
745 138 422 843 966 1022 1639 1672
1211 123 228 481 587 950 1184 1637 1819 1958
1541 189 1019 1192 1365 1404 1696 1956
1750 821 1178 1620
93 481 956 1036 1262 1447
481 368 447 892 1569 1707 1909
956 104 907 909 1509 1574
1036 1199 1718
1262 420 687 691 871 1477
1447 570 636 752 1144 1365 1512 1946
978 525 751 776 1299
1606 124 541 582 892 1549 1567 1863
1613 886 923 979 1217 1366 1643
1820 286 298 1148 1250 1379 1396 1487 1583 1658
1958 243 502 597 1116 1477 1787
95 774 998 1474 1526 1568 1662 1667 1712 1863 1880
774 498 641 915 1009 1191 1402 1580
998 495 718 1569
1474 988 1261
1526 613 614 942 1158 1201 1374 1525
1568 178 572 650 756 1075 1081 1642 1808
1662 100 185 1069 1116 1127 1658
1667 1090 1323 1400
1712 249 255 496 603 886 938 1069 1692 1865
1863 269 574 973 1473 1476 1628
1880 474 716 723 1064 1178 1249 1979
96 301 1016 1132 1151 1227 1902
301 263 346 612 758 1275 1614 1669 1697 1956
1016 485 904 1131 1234 1701 1833
1132 546 556 603 862 1007 1044 1519
1151 750 916 1249 1365 1378 1396 1412 1837
1227 524 645 951 1124 1196 1411
1902 167 316 888
236 499 519 756 914 1096 1116 1549 1983
305 161 241 402 443 550 703 865 870 915 1040 1631 1728 1887
603 672 783 815 834 1371 1916
806 1375 1534
968 561 711 1512 1816 1971
1009 291 516 590 592 623 871 1015 1111 1228 1778
1180 356 664 989 1064 1539
1333 146 201 405 781 1192 1376 1837 1844
98 141 156 235 465 535 566 1022 1081 1289 1728 1737 1985
141 121 316 542 787 1400 1496 1634 1737
156 439 1013 1131 1430
235 975 1002 1482
465 1321 1486 1773
535 377 511 826 1270 1639 1755
566 119 170 1011 1012 1811
1022 907
1081 282 519 547 651 1854
1289 178 318 823 1085 1434
1728 489 502 1123 1155
1737 136 298 359 364 1140 1154 1236 1871
1985 316 668 762 916 1202
99 476 790 1565
476 461 793 927 1094 1334 1530 1950
790 288 610 671 1032 1265 1403 1482 1785 1898
1565 105 619 703
100 357 421 1012 1313 1338
357 221 405 496 637 644 703 710 851 1115 1445
421 154 702 778 1217
1012 436 453 585 778 813 1185 1315
1313 531 572 950 1810 1871
1338 588 759 823 1005 1085 1245 1390 1517 1976
345 525 610
458 341 668 1217 1340 1673 1872
1929 540 987 1186 1544
1940 321 518 864 865 992 1064
102 461 572 683 1154 1651
461 221 227 371 1028 1177 1322 1418 1743 1893
572 985 1325
683 281 321 582 882 1137
1154 176 891 961 1272 1419 1830
1651 379 537 678 783 1033 1054 1141 1647 1852
269 206 589 594 1308 1342 1404 1603
462 273 648 1013 1445 1882
497 287 531 1215 1502 1579 1899
942 492 576 612 1005 1060 1163 1525 1620 1638 1727
1910 107 879 1302 1363
104 486 786 1063 1878
486 284 471 714 776 970 1269 1643 1653 1668 1852
786 143 187 369 1296 1356
1063 118 190 732 797 1131 1165 1179 1186 1335
1878 909 939 962
105 123 400 922 1824 1865
123 957 1008 1365 1800 1946
400 208 254 500 1158 1534 1573
922 382 762 1221 1529 1719 1856 1931
1824 1319
1865 935 1321 1346 1398 1486 1609 1637 1895
207 118 505 692 1508 1685 1718 1783 1894
274 288 500 692 840 854 1015 1663 1714
885 485 892 895 1221 1509 1645 1821 1919
888 916 1482 1503 1771 1783 1818 1960
1546 723 1503 1761
1755 984 1044 1486 1797
1847 138 318 326 665 708 772 818 891 986 1361 1375
107 385 555 645
385 195 422 787 810 874 1090 1375 1392 1438 1531
555 390 402 588 645 768 1476
645 128 162 276 326 1497 1809
317 589 760 1580 1938
531 485 1031 1634
561 423 1486 1806
813 117 243 244 636 647 692 992 1403 1529 1645 1707 1724
893 394 447 866 961 1185 1343 1357 1438 1805
1186 128 288 821 854 1306 1764 1960
1954 183 196 295 804 1128 1244 1395 1464 1574
119 1020
124 582 585 1815
275 1245 1376 1549 1760 1944
1244 426 522 537 839 882 1062 1400 1890
1319 326 606 970 1297 1342 1900
1497 237 311 331 426 599 794 1762 1987
394 206 434 923 985 1178 1261 1490
522 316 712 1373 1491 1686 1759 1792 1800
672 480 662 817 1091 1096 1383 1426
753 138 405 953 1419 1796 1984
1228 330 675 1316 1703
1993 459 540 965 1179 1622 1908 1960
111 1053 1701
1053 364 581 1483
1701 120 312 436 1652
112 154 393 551 1171 1269 1493
154 328 576 699 850 1340 1502 1618 1860
393 281 692 932 1476 1681 1846 1894
551 191 583 974 1404
1171 267 313 613 775 953 1375 1410
1269 542 962 1064
1493 1062 1273 1696 1759
241 228 654 678 705 907 1390
328 743 839 916 955 1185 1348 1439
332 130 1352 1690
851 491 589 923 1013 1111 1237 1994
1577 1141 1249 1404 1947
1806 370 818 823 871 881 1378 1500 1652 1899
493 471
626 209 1304 1599 1762 1787
1455 137 1366 1829
115 612 631 1680 1741
612 198 861 1622 1960
631 1199
1680 181 605 658 870 1404 1891 1947
1741 664 1302 1726
130 348 1809
710 438 653 742 772 951 1001 1115 1893
1005 658 732 988 1161 1854
1465 288 697 1521
1984 445 511 919 932 1116 1797
117 468 973 1487 1503 1619 1775 1790 1994
468 331 482 583 734 917 1191 1443 1932 1983
973 190 263 556 1276 1433 1854
1487 256 546 910 1322 1921
1503 368 1618
1619 810 1500 1638 1647
1775 716 1208 1810
1790
1994 135 395 749 768 859 871 914 1185 1830 1907
118 524 769 916 1001 1114 1343 1359 1479 1687 1706
524 502 529 881 1203 1298 1308 1399 1464 1599 1769
769 473 582 651 1250
916 405 473 1026 1888
1001 439 665 1831
1114 143 732 1168 1349 1686 1769 1852
1343 254 703 1512
1359 244 641 792 882 1678 1784
1479 347 588 797 962 1159 1492 1569 1659
1687 208 777 1093 1341
1706 589 1237
1020 374 675 1438 1783 1833
120 173 826 874 1631 1663 1690
173 1086 1149 1161 1951 1961
826 209 379 525 686 1831 1894
874 282 620 915 963 1071 1198 1553 1888
1631 500 665 755 1044 1046 1490 1553 1761 1773
1663 356 443 492 570 619 620 1404 1678 1692
1690 601 1109 1204 1362
121 1445 1787
1445 758 777
1787 265 583 800 1410
395 159 268 658 1040 1218 1234 1276 1502
723 338 749 1099 1288 1857
817 405 859 1678
819 290 587 778 1281 1472 1945
1038 423 638 770 1091 1149 1217 1218 1352
1402 205 398 1931
1411 1632
1418 245 1483
1490 597 772 859 949 1090 1475
1696 273 529 648 864 1115 1395 1482 1738
957 344 471 648 850 914 1131 1816
1008 952
1365 187 244 525 543 581 613 939 1092 1620 1670
1800 159 214 234 326 515 689
1946 185 396 556 1281 1376 1394 1748
582 212 839 1000 1165 1556 1778
585 298 391 537 605 1844
1815 268 396 705 756 778 783 840 977 1168 1743
125 742 803 840 857
742 284 391 540 897 1071 1156 1234 1514 1569 1797 1895 1950
803 137 985 1064 1523 1534
840 348 405 676 832 903
857 614 1246 1792
312 903 1011 1714 1884
1379 741 979 1094 1125 1207 1250 1556
278 284 732 1476 1500 1720
331 159 1140 1375
1744 326 495 915 1097 1670 1919
128 1159 1374 1396 1426 1561 1634
1159 318 1092 1102 1167 1275 1534
1374 146 1026 1249 1433 1629
1396 542 768 787 1066 1641 1872
1426 540 1529
1561 174 741 800 865 1123 1276
1634 282 321 705 1119 1615
129 496 638
496 718 1412 1543 1629 1856
638 223 644 1809 1914
348 601 854 984 1094 1315 1476 1808 1961
1809 459 650 867 1201 1461 1997
131 210 592 1156 1161 1417 1610 1720
210 288 752 771 827 1234 1688
592 583 932 1298 1390 1686 1814
1156 185 1543 1734
1161 702 846 918 1614 1907
1417 191 734 1199 1285 1810
1610 1142 1328 1352 1637 1726
1720 162 698
132 251 379 1472
251 499 648 854 886 911 1639
379 1341 1475 1738
1472 1534
1976 174 212 565 977 1052 1222 1757 1821
134 863 923 961 1168 1198 1390 1523 1748
863 223 378 1127
923 1796 1924
961 146 212 374 650 664 949 1622 1871
1168 136 426 887 1017 1135 1217 1553 1658
1198 341 386 990 1190 1412 1727 1808
1390 162 176 1031 1192 1310
1523 276 1250 1305 1502
1748 267 354 1142 1914
135 216 574 1066 1099
216 556 866 1142 1215 1919
574 390 404 541 1142 1165
1066 1222
1099 147 605 620 854 1647
136 147 195 676 787 1666
147 705 724 741 846 1122 1272 1296 1648
195 678 882 951 1170 1383 1734
676 160 374 528 597 1116 1410 1632
787 914 1629
1666 983 1285 1415
137 637 664 983 1600
637 152 658 1092 1175 1298 1476 1852
664 291 347 619 843 1201
983 177 1475 1829
1600 219 537 1096 1106 1163 1746
138 714 855 1119 1270 1473 1882
714 699 759 770 1109 1303 1774 1793
855 474 583 1204
1119 212 743 1024 1325 1347 1580 1870
1270 347 1017 1116 1491 1898
1473 1054 1898
1882 1310 1352
276 812 1638 1724
653 843 914 1124 1246
1011 1363
1392 432 1007 1075 1141 1686 1887 1945
371 245 326 619 781 959 1106 1442 1894
1769 316 762 1525 1983
316 514 541 703 1688
542 1092 1109 1525
1400 390 424 590 691 947 1833
1496 181 346 527 548
142 441 701 1341 1500
441 697 1415 1837 1876
701 214 703 891 1328 1525 1578 1989
1341 347 378 588 1071 1321 1921
1500 430 439 883 1196 1202 1261 1740 1876
143 439 1115 1141 1569
439 396 614 756 800 1064 1692
1115 781 990 1457 1492 1583 1620 1908
1141 164 243 776 894 1178
1569 667 970 1217 1404
519 544 915 1525 1530
1641 191 358 915 970 1123 1273 1410 1618
1703 1138 1223 1253 1296 1668
1956 512 1034 1106 1356
201 1233 1738
256 295 1316 1585 1612 1660
776 194 589 903 1658 1660
1149 951 1144 1692
146 288 1438 1833 1918
288 284 527 1019 1636 1829 1919
1438 287 751 833 949 1647 1811 1829
1833 430 434
1918 553 832 1002 1046 1482
705 187 391 944 1876 1921
724 927 1069 1123 1147 1323 1342 1804 1960
741 273 886 1612 1635 1659
846 474 708 1340 1843
1122 424 718 832 1075 1177 1297
1272 1281 1335 1714 1854
1296 1375 1821 1989
1648 280 775 804 1217 1514 1531 1649 1668 1757 1778
1054 359 1019 1834
858 620 697 1126 1362 1700 1714
1550 772 1158 1415 1743
1884 541 1951
1887 343 495 499 1044 1109
295 234 537 679 952 1190 1230 1352 1553 1581
466 209 370 759 1181 1303 1310 1816 1871
854 430 666 756 827 879 1017 1246 1509 1797 1852
859 369 691 716 904 1191 1621
892 280 920
1178 711 749 870 1062 1530
151 834 1724
834 489 917 1120 1261 1509
1724 583 1224
152 543 907 1148 1639 1909
543 698 1321 1509
907 176 369 550 800 1457 1483
1148 414 1731
1639 550 569 918 985 1476 1683 1731
1909 650 1140 1612 1645
1067 190 511 1686 1692 1908 1955
1090 495 867 1002
1516 227 346 1173
1534
1595 866 1094 1230 1376 1502 1509
576 284 492 1567
699 812 1366 1477 1686 1858
850 1125 1321 1356 1508 1632 1831 1931
1340 783 1207
1502 512 1362 1599
1618 368 514 1217 1221 1321 1558 1636
1860 990 1440
162 636 1124 1762 1834
712 183 605 800 932 936 990 1660 1692 1718
952 242 882 1035 1315 1580
1443 589 610 756 1052 1944
1013 1463 1893
1131 426 498 865 1034 1521
1430 242 478 708 755 989 1888 1899
157 443 925 1346
443 294 548 770 830 871 970 1086 1302 1356 1514 1558 1936
925 267 691 1121 1158 1223 1452 1638 1876
1346 438 489 610 1204
158 249 434 679 1146 1357 1475 1814 1955
249 436 1821
434 208 1337
679 619 823 984 1642 1718 1856
1146 843 886 1482 1636
1357 159 641 772 1483 1829
1475 368 650 1261
1814 267 986 1275
1955 762 1888
159 1298 1483 1990
1298 917 1033
1483 164 191 378 953 1398
1990 757 1373
160 377 754 1170 1362
377 862 1567
754 590 1026 1311
1170 263 883 911 1007 1361 1428
1362 170 268 321 556 668 918 1596 1932
161 546 989 1143 1302 1521 1684 1872
546 675 1032
989 267 478 904 920
1143 380 424 1007
1302 370 438 985
1521 1265 1924
1684 282 601 654 1972
1872 378 621 1924
636 599 1165 1175 1236
1124 610 736 1194 1831 1916
1762 548 932 1125 1370 1514 1719 1783 1972
1834 759 936 959 974 1361
219 407 453 1177 1509 1740
471 255 453 1177 1288
1947 388
164 778 1120 1249 1271 1461
778 502 987 1766 1846
1120 189 255 492 666 1342 1972
1249 528 796 963 1185 1404
1271 698 984 1323 1453 1596 1961
1461 414 671
939 209 623 1316 1819 1854
977 756
255 771 895 1325 1580
632 208 436 832 1194
1113 796 1477
1432 752 1328 1558 1692 1697
1621 595 1140 1316
167 870 1415 1531
870 456 614 1871
1415 321 351 889 1869
1531 485 751 1096
313 212 323 917 1140 1529
354 889 997 1184 1315 1738
1231 364 420 1491 1971
1457 194 205 1196 1731 1864 1938
1997 359 452 906 1221 1792 1873
671 356 621 1509 1549 1778
734 438 793 810 865 1811
1453 287 589 1002 1034 1046 1328 1366 1579
1464 1253 1673
170 895 992 1491 1555 1622 1867
895 1553
992 668 1184 1218 1718
1491 212 569 1032 1376 1669
1555 198 587 1221 1266 1330 1614
1622
1867 1253 1361 1685 1944
291 605 610 830 1062 1121 1192 1571 1829
965 341 368
984 228 1111 1900
1486 792 832 1482 1501 1668
1738 187 364 570 950 1032 1199 1395 1440 1517 1659 1734
382 698 783 911
390 1615 1718
512 865 1196 1944
702 518 865
997 263 584 593 1145 1147 1275
1064 1352 1544 1819
1846 974 1094 1419
1086 606 610 1349
1951 697 756 1138 1179 1247
1961 697 841 1207
174 351 1055
351 206 1093 1378 1635
1055
426 1185 1433 1681 1805
917 307 540 1157 1352 1428
1033 692 910 1102 1179 1361
176 581 1125 1672
581 1916
1125 473 565 716 1403 1764
1672 420 1440 1898
177 772 1015 1888
772 475 556 1245 1852
1015 338 1253 1277 1740 1793
1888 330 1007 1864
178 459 903 1556 1719
459 1637
903 1222 1433 1831
1556 243 330 1111 1127 1187 1615 1674 1914
1719 482 541 647 1138 1173 1197 1204 1224 1553
1327 428 1017 1052
1330 401 589 1135 1635 1944
1837 743 830 1006 1376 1766
208 425 499 552 891 1603
374 420 1894
453 263 1857
620 234 1311 1434 1987
181 775
775 841
1316 485 1831
1355 500 692 1233 1285 1628
1492 639 781 1700 1864 1987
183 257 310 407 963 1403
257 205 711 843 1165 1819
310 718 936 1774 1819
407 654 1127 1620 1767
963 911 975 1347 1686 1808
1403 666 915 1263
597 205 1668
1121 346 1071 1412
1230 273 1201 1321 1784
185 194 1378 1777 1979
194 670 1334 1652 1743
1378 601
1777 364 537 1145 1821
1979 756 1112 1520 1726
321 405 751 1322 1983
1263 298 359 793 936 1394 1637 1857
187 502 959
502 1163
959 420 499 529 1596
378 199 552 987 1155 1266
1726 1096 1273 1310 1529 1660
189 1071
1071 810
190 1184 1222 1376 1549 1585
1184 1553
1222 1553
1376 326 587 1060 1645
1549 1924
1585 1811
191 541 1165 1167 1310 1366 1914
541 556 777 781 843 1254 1476
1165 918 1509 1612 1953
1167 237 478 1348 1632 1871
1310 338 647 1434 1782
1366 587 1796 1916
1914 196 587 1044 1558 1683 1805 1950 1972
298 205 583
437 456 621 793 844 1105 1179 1599
708 346 548 1596 1950
1092 364 584 601 911 1322
1782 205 359 491 920
678 212 1512 1899
1308 694 1412 1642 1652
670 500 987 1674 1810
1334 290 1898
1652
1743 356 621 1637
882 623 1155 1739
951 284 290 936 1518 1553
1383 380 594 1217 1681 1759 1774
1734 1052
196
607 311 482 759 810
1285 540 866 1145 1352 1567 1642 1700
1898 323 484 1158
1907 234 812 1361 1893
1944 214 402 590 736 781 1303 1783 1873 1950
198 792 1123 1792
792 243 1335
1123 770
1792 650
199 1035 1091 1628
1035 364 404 1106 1649
1091 658 1404 1871 1916
1628 1281 1804
290 418
347 1187 1545
1673 1112 1299 1514 1931
1843 1250 1643
1233 333 593 800 915 1177 1261 1714
919 221 242 273 1936
1199 245 343 783 911 1234
1349 886 914 1266 1434 1463
333
1816 482 548
832 606 985 1299
1194 1145
1818
1936 594 1305
205 214 550 658 1760
214 432 1155 1852
550 499 601 732 861 890 1106
658 897
1760 515 703 1145 1218 1674 1870
206 593 771 1477 1869
593 456 759 770
771 1433
1477 1322
1869 750 861 1399 1854
505 569 927 1102 1399 1757
692
1508 990 1632
1685 281 1034 1060 1501
1718 499 1337
1783 500 986 1844
1894 1908
425 209 757 911
499 1034 1093 1908
552 590 1398
891 1305
1603 489 1394 1637 1893
209 1155
1155 318 801 861
752 1363 1530
827 1138
1234 528 1612 1890
1688 356 950 986 1558
1173 323 369 762 1060 1250
1856 287 750 1218
1873
212
686 307 1017
1264 949 1265 1325 1543
432 514 1579 1649 1761
1852 227 244 1261 1670
330 1525 1674 1727 1766
1044 540 588 1793
556 588 915 1237
866 1223 1638 1766
1142 391 583 815
1215 492 944 1280
1919 423 438 1221
220 810 1017 1266 1428 1759
796 498 755 936 1596 1683
833 570 986 1202 1514
1177 307 630 793 904 1337 1615 1642 1670 1686
1509 1179 1829
1740 228 280 540 1138
810
1017 423 544 934 1520
1266 1094
1428 621 667 1096 1245 1545 1578 1629 1844 1938
1759 1221 1811
221 346 1612 1636 1707
346 698 711 1096 1900
1612 1034 1082 1700 1774
1636 438 1052 1953
1707 529 650 906 1394 1529 1972
750 667 934 1223
223 584 979 1111 1583 1766
584 227 1137 1275 1632
979 491 650
1111 583 757
1583 529 1767 1899
1766 344 1179 1276
974 662 1007 1304 1322
1804 641
1983 540 985 1137 1203 1371 1482
1647 418 697 823 1057 1305 1410
751 480 935
1093
1571 356 1181 1989
1731 944 1342
227 281 318 514 1040 1069
281 529 1019
318 404 780 1784 1871
514 273 794 864 871 883
1040 482 528 841 1686
1069 743 841
228 456 544 1179 1784
456 1632 1950
544
1179 1019 1297 1821 1830
1784 815 1686
871 711 1482
1811 1085 1452
518 841 1545
528 485 1938
915 234 1046 1157
1653 1808
619 388 687
716 818 1761
1638 420 793 1442 1609 1945 1987
743 515 666 1158 1175
1196 245 1335
1337 877 1440 1821
966 877 1581
1138 588 1254 1261 1810
234 445 1094 1306 1501
445 280 511 864 988 1373 1678 1890
1094 254 424 537 804 1348 1518
1306 495 794 1218
1501 1276
975 237 1342 1972 1998
1002 762 962 1544
1482 323 1356 1433
756 323 1057 1221 1529 1891
914 254 368 577 1191
1096 436 675 801 1659
1116 894 1145
237 718 760
718 1767
760 436 1192 1785
1560 589 867
1819 422 587
839 244 326 359 484 547 1908
1525 986 1669 1916
1547 323 491 758 821 1007 1433
500 485 944 1632
694 804 890
762 1000 1932
812 424 1060 1714 1757 1858 1989
1237 1242
654 1273 1761
242 430 1106 1277
430 589 1052 1163 1304 1404
1106 473
1277 565 780 904 1921
243 1026 1774
1026 588 1398 1945
1774 1373
244 474 1218 1864
474 323 599
1218 1325 1773 1924
1864 1412
245 1987
1987 844 1006
280 697 1202 1580 1945
644 1821
1144 422 454 511 605 665 911 1158 1609
1373 1808 1890
414 391 490 879 1007 1137 1659 1660 1908
595 282 1157 1163 1299 1739
947 986 1046 1746
1304 1024
1442 478 614
1573 647 1221 1530 1686
736 877 1057 1335
436 758
1821 428 881
920 386 1433 1998
648 757 1006 1187
886
911 689 1972
953 452
1207 515 1024 1545 1793 1829
1371 492 1105 1998
254 1767 1932
1767
1932 473 932 1250 1691
1325
1580
1660 621
711 537 1245
843 889 1670
783 287 516 988
830
877 311 1205 1273 1452
1757
1890 1643
1352 1157 1280
1678 1609
1697 823
1135 864 1102 1105 1276
263 1032
1032 405 587 1953
675
1681 428 1197
265
1034 422 1109 1181 1858
1544 1085 1545 1899 1953
267 691 1060 1615
691 404 780 988 1031 1075
1060 800 1348 1611 1796 1831
1615 492 1669
268 1190 1245
1190 428 759 1714
1245 473 1361 1771
589 955 1356 1700
594 282 613 667 1250
1342 299 1674 1805 1810
1404 804
492 890 1543
1127 380 587 1530
949 1223
1254 484
338 1581 1778 1870
273 1519 1900
1519 401 668 918
1900 1829
1714 447 800 934 1410
1398 570 897
1637 282 768 1192 1609
284
732 307 515
1476 511 1434
936 793 1275 1964
697 341 867
1202 749 1145
1945
529 299 480 698 780 1261 1433
1019 986 1347 1440 1581
282 881
881 1530 1611
1808
1844 588 1739
286 651
651 1280
287 970 1668
970 1163
1668 590 647 1043
527
1829 1599
897 1659
418 380 1399
605 861 1185 1858
610 804
1062
1192 447 491
1247 1315 1764
665 484
667 491 797 1871
793 1046 1315
861 841 987 1347 1579
1157 1375
294 1280
1280 547 1858
537 1998
1553 906 1250
1581 985 1024 1276
341 844 1082 1105 1224
1921 547
583 553 1158
299 703 1858
703 909 1328
1858
1075 606 639
1201 1953
758 511 590
1275 1052
1614
1669
326
1579 1348
548 1439 1716 1964
1147
402 369
865 380 1348
668 887 1746
1793
307
630
311 391 475
391 1253 1870
475 1140 1261 1893
323 1221 1315 1347
1140 485 1830
1529 755 904 944
904 749 1629 1635
1082 1356
1938 343
404 599
780 516 553 1543
1871 934
438 768 1315 1960
955 879 1006 1642
1261 478
1395 1674
1452
405 606 1253
1322 489 1328
1221 1605
1315
1347 910 1632
781 424
890 540 1112
1370 498 1253 1876
1412 478
1185 1971
1348 495
1439
1674 815
1727 388 420
1375 452 1246
344 1692
987 909 1203 1692
1517 804 1095
606
1361 480 862 1208 1433 1514
1611
985
1778 386
1870
1163 862 894
1539
844 1128
1105 1024
1224 823 1659
1246 577 986
343 516 1305 1433
516 380 1281
1305 1175
1433 388 454 755 1208
1692 587
525 910 1567 1895
698 755
1187 1924
1545 1281
601 749
962 565 1908
1964
1635
818 906 1007
1181 768
906 565 1109
889 935
515 452
356
358 1480
1480
359
935
364 1299
1299
366 565
565
867 1303 1645 1670
368
369 1205 1514
1205 1328 1629
1514 428 454 1518
370 687 1031
687 1137 1265
1031 1126
1434 398
1046 613 1109
1126 447 1512
1686
1831 1857
420 388 428
862
1567 1691
380 490 909
490 621
909 1924
894
422 1328
386 777 1303
777 988 1356 1931
1303 666
484
1356
1950 1463
388 1102
1102 428 1335
887 804 1363
1253 1109 1175
480 1891
932
1276
396 879
879 526
398 1658
1658
815
1764 938 1128
1785
1158 478 1691
401 883
883
1683 489
599 1028 1085 1543
1097 621
1620 1796
569
489
1893 1642 1960
1007
1137 454 1217
1659 447
1908 988
1419 650 1242
1796
755
1599 647 1288
1399
428 757 1891
1217
1328 1394 1605
423 1574
1574
424
757
1805
1281
1891 1998
1128 495
1052 647 1972
1649 623
1761 1000
1899 613
473
621 1223
768
1960
614
800
662 1854
1876
770
1558 1895
1250 944
511
864 1972
988 918
1924 588
447 553 647
553
647 495 1028 1632
590
1191 1629
1223 804
1746 498
1043 1463 1520
452 1363 1518
1363
1518 1175
1857 623 1085
454
547 801 1605
1632
1273
1691 990
1028
641
1265 823
1810 666
1321
1773 934 1642
759
1197
1596 910
1998 1629
482
1288
927
1530 689 1830
478
1642
1931
485
1643
1203
491
1543
1236
495 1605
1605 1204
1629
498
944
1989 1670
587 1609
650 1000
1000 1953
1895
794
841
910
526
588 918
1175
1520
540
1109
801 1095
1716 666 1440
1057
570
1854
577 639
639
1095
1394
1916 797
1609
918
1700
613 1085
1739 938 1085 1112
1085 623
1463
749 938 1335
623
804
797
1311 1797
1204
1971
1797
1006
1297
666
1410
1512
823
689
1578 986
990
934
1323
1242
1335
938
986
1112
1645
821
1670
950
1972
1440
1771
1145
1953
1024
1408
1830
1208
