0 266 517 729 1207
266 178 373 654 1053
517 198 511 921 1160
729 863 947 1121
1207 570 849 1269 1370
1 223 998 1078
223 343 525 856
998 97 525 1062 1288
1078 419 743 898 991 1150 1237
2 500 529 1163 1233
500 10 112 196 488
529 282 287 593 914 943 1292 1304
1163 253 805 846 905 1321 1328 1484
1233 60 348 1036 1239
3 224 444 1425
224 69 118 976 989 1064
444 608 652 1041
1425 376
4 57 686 978 1200
57 537 681 1035
686 123 458 754
978 26 328 1241
1200 342 378 534 640
5 320
320 795 866 1098 1396
6 622 654 841 1415
622 151 409 662 1359
654 316 821 1027 1131 1136 1268
841 44 936
1415 219 240 445 538 780 782
7 72 230 994 1023 1340
72 661 882 983 1480
230 150 890 1040 1391
994 385 456 518 1013
1023 386
1340 231 243 1010 1121 1296
8 1428
1428 79 219 395 918 1067 1157
9 1258 1391
1258 265 326 1275 1344
1391 426 1147
10 424 476 567 828 1158 1441 1485 1490
424 46 292 315
476 298 538
567 808 1093 1475
828 583 808
1158 116 507 794 934 1077 1357 1439
1441 228 678 745 838 1286 1344
1485 737 1002
1490 852 1173 1189 1232
11 356 1211 1214
356
1211 392 916 974 1196 1347
1214 137 228 237 760 1092 1245 1303 1410
12 175 734 793 875 922 1002
175 25 892 1171
734 207 482 566 731 852 1164 1230
793 259 748 1174 1310
875 855 1379
922 915 1054 1093
1002 410 1308
13 145 371 621 1165
145 499
371 979
621 539 644 1259 1437 1492
1165 69 350 563 1322
14 819 906 1416
819 468 472 1067
906 591 1051
1416 29 71 642 895 1137 1362 1442
15 407 474 512 725 802 1369
407 490 1447
474 507 535 943 1035
512 274 640 1250 1280 1370
725 570 580 806
802 113 416 1027
1369 34 595 1190
16 398
398 37 634 1232
17 46 136 375 404 521 1169 1281
46 94 166 965 1333
136 491 916
375 1310 1325
404 58 92 353 432 996
521 798
1169 98 143
1281 81 726 931 1031 1386
18 462 520 1064 1132
462 271 1082
520 277 891 1336
1064 687 1127 1335 1353
1132 151 382 388 418 593 882 1409
19 946
946 508
20 492 1225
492 150 243
1225 246 1035 1061 1472
21 503 846 937 988 1168
503 312 1112
846 273 541 912 1061
937 151 839
988 143 755 1456
1168 787 851 911 1495
22 470 688 1108 1156
470 1030 1442 1487
688 193 406 685 912 1328
1108 217 339 817 987
1156 457 601 624
23
24 344 733 765 1146
344 59 132 385 637 652 1124
733 96 164 592 788 1029
765 842 1012 1477
1146 362 637 838 918 1157 1398
25 1195
1195 1137
26 256 322 597 1012 1117
256 866 1060 1162
322 123 294 958 1067 1243
597 165 222 282 413 1259
1012 574 996 1153 1243 1488
1117 589 796
27 1410
1410 56 79 1275
28 1084
1084 438 555 647 674
29 59 126 345 542 1096 1179 1488
59 166 228 1042 1422
126 246 610 1362
345 763 1014 1076
542 414 488 1213
1096 640 880 1115 1269 1307
1179 182 195 276 323 602 808 996
1488 199 551 709 1190
30 137 197 488 1175 1358
137 31 94 158 247 454 508 1389
197 227 1120
488 125 340 698 1196
1175 178 420 794 1453
1358 181 338 670
31
32 601 614 705 732 881 1385 1494
601 141 603 817 1303
614 314 744
705 161 910 1385
732 830 1028 1075
881 831 1188 1450
1385 169 237 472 497 626 629 731 859
1494 511
33 394 497 546 629 1040 1188 1212 1318 1436
394 112 113 454
497 48 549 660 1160
546 860 934
629 480
1040 943 1077 1461
1188 198 499 788 1058 1320
1212 177 306 439 1028 1226 1390
1318 929 1317
1436 68 430 1149
34 1097
1097 547 861 1090
35 1142 1398
1142
1398 214 588 656 673
36 292 1185
292 168 486 572 1285 1365
1185 630 693 1184
37 250 259 299 396 566 571 623 838 1468
250
259 248 339 636 747 944 991
299 472 1144 1388
396 185 386 564 687 938 1248
566 369 788 1137
571 104 799 1160
623 264 329
838 289 478 586 608 611 847 924 1177
1468 147 485 1138 1261 1372 1426 1479
38
39 108 516 535 544 1180 1290
108 430 652 826 1224
516 110 316 373
535 395 449 1380
544 155 842 1476
1180 540
1290 691 1113
40 142 1412
142 1017 1424
1412 45 107 803
41 594 1346
594 42 618 738 865 1192
1346 301 833 997
42 121 418 437 884 973 1148
121 756 830 850 911 1015 1103 1496
418 276 645
437 203 269 383 859 958 1181 1184
884 255 664 822 1101
973 813 1285
1148 201 367 889 911
43 308 1136
308 523 599 1093
1136 723 830 1362
44 569 1222
569 220 1373
1222 315 358 776 1491
45 873
873 661 847 1327
94 944 1420
166 340 1249 1311
965 538 553 842
1333 368 468 548 751 951 1119
47 1086
1086 385 430 586 713 720 1033 1315
48 98 482 532 1167
98 144 153 555 804 1440
482 378
532 974 1427
1167 81 202 357 1255
49 117 339 697
117 1161 1204 1308 1378
339 496 630 635 863
697 876
50 683
683 332 893 1301
51 636
636 573 1087 1493 1498
52 120 294 693 1153 1464
120 885 1112
294 714 834 1236
693 872 1272
1153 538 803 1137 1345 1498
1464 367 534 753 788 1026 1121
53 879 1009
879 742 1171
1009
54 661 1093 1319 1321 1332 1487
661 1173 1255 1386 1447
1093 511
1319
1321 67 655 780 1105
1332 77 607 662
1487 284 588 653 1014 1417
55 235 680 1111 1177 1388
235 417 471 1326 1417
680 1071 1474
1111 821
1177 155 170 469 773 883 1465
1388 698
56 75 1008 1421
75 277 315
1008 684 728
1421 91 127 491 1190 1247 1444
537 475 612 915 933 1217
681 1052 1438
1035 800 1381 1406
58 302 801 830 1356
302 63 102 711 773
801 1066 1067 1337 1382
830 481 586 1070
1356 703 1000
228 593 1241 1246 1394
1042 149 892 1393 1426
1422 146 263 477 1043 1126
60 216
216 169 1016 1028 1413
61 827 981
827 938
981 222 317 395 858
62 343 420 540 685 814 919 1071 1304 1376
343 662 718 1033
420
540 712 799 1082
685
814 69 313 950 1193 1260 1342 1481
919 585 1061 1467
1071 67 192 1151
1304 154 949 957 1478
1376 514 835 1406
63 236 455 515 1075
236 361
455 644 761 823 1044
515 158 287 735 1393
1075 341 719 738 1016 1173 1447
64 340 1091 1329
340 931 1098
1091 205 297 741 1227
1329 237 674 764 1032 1483
65 376 399 1098
376 202
399 642 856 1140 1433
1098 276 519 1451
66 560 695 730 816
560
695 80 140 551 964 1479
730 95 202 229 911 915 1349
816 403 999
67
68 562 572 1103 1157 1170 1402
562 655 667 901 934 1339
572 393 403
1103 212 595 969
1157 545 612 655 1481
1170 717 1039
1402 80 167 490 895 1216 1246 1302
69 156 364 808 1145
156 673 1058
364 244 278 1444
808 856
1145 392 409 745 1159
70 219 313 410 1302 1377
219 872 909 960 1010
313 100 244 703 1483
410
1302 744
1377 771 1065
71 435 1087 1217 1294
435 1282
1087 249 645 767 1038
1217 129 557 779 806 1160 1252
1294 367 850 867 1368 1437
882 1052
983 100 1238
1480 397 401
73 293 355 486 1081 1120
293 150 386 651 655
355 1144
486 754
1081 379 834 1469 1476
1120 769 1019
74 799 1082 1330
799 207 346
1082 112 1068
1330 135 807
277 735 772 1133
315 616 1050 1092 1343
76 833 1431
833 326 606 804 865 1474
1431 968 1250
77 551 968
551 131
968 172 607 804 1143
78 747 1102 1224
747 159 990
1102 839 1077
1224 379 945 1038 1062 1414
79 648
648 715 936 1095 1119 1293 1430 1463
80 385 428
385 880 1324
428 557 910
81 280 498 524 611 972 1006
280 625 716
498 812 1246 1426 1448
524 593 1454
611 257
972 436 653 997 1414
1006 951
82 408
408 864
83 287 341 926 1263
287 249 627 1327
341 618 1331
926 1292
1263 118 241 1368
84 1450
1450 205
85 112 534 700
112 177 631 775 1309
534 253 263 358 1182
700 189 1237 1389 1465
86 378 419 522
378 110 123 295 1033 1403
419 118 331 433 720 1051 1106 1270 1373
522 596 1414
87 999 1161 1375
999 487 1024 1121 1306
1161 690 1219 1283
1375 992
88 245 675 844 870 955 1469
245
675 113 465 509 606 912 934
844 652 1276
870 1271
955 282 982 1057
1469 102 509 664 975 1399
89 453 556 932
453 159 163
556 281
932 627 979 1113 1116 1362
90 309 917
309 367 519 834 1286
917 552 558
91 167 409 509 1058 1116
167 128 604 963
409 148 739
509 458 604 1203 1331
1058 185 599 1037
1116 599 609 736 755 861
92 577 615 1347 1426
577 599 809 1003 1389 1473
615 401 640 812 930
1347 284 317 867 1162 1408
1426 674 784 977 982
93 477 1028
477 209 454 508 631 1226 1373
1028
944 169 1399
1420
95 931 1246
931 471
1246 1043 1479 1484
96 425 434 484 829
425 763 1327
434 163 866 1228 1482
484 127 301 316 325
829 1049
97 209 914 1171 1191
209 414
914 331 459 918 925
1171 389 390 704
1191 372 456 679
144 739 858
153 191 603 1323
555 206 330 431 754
804 599 1104
1440 238 328 711 1054 1446
99 248 930 1083
248 252 438 861 1371
930 485 710 754 1448
1083 102 472 541 663 812 1364
100 783 952 1053
783 737 911
952 272 361
1053 527 1025 1070
101 185 513 721 1382
185 207 642
513 160 270
721 727 746 842
1382 441 1159
102 657 903 1038 1397
657 501 728 996 1379
903
1038 383 1115
1397 612 1455
103 178 390
178 575 585 991
390 326 854 970 1306
104 337 707 770 865 1227
337 936
707 268 350 650 696 1007 1499
770 1259 1277 1404 1443 1449
865 504
1227 260 510
105 361 961 1228 1262 1475
361 1112
961 891
1228
1262 491 1371
1475 758 1013 1073
106 333 383 1362
333 274
383 160 578 1295
1362 196 754 857 976 1379
107 570 720 1094 1230
570 241 735 1209
720 1068
1094 518 1119 1123 1176
1230 115 417 619 784 1176 1336
430 158 1223 1367
652 211 487 664 1000
826 592 856 1061 1105
109 1352 1465
1352 297 324 406 461 1316
1465 655 710 893 1110
110 523
523 446
111 186 255 360 1484
186 417 507 1121 1455
255 739 1260 1498
360 888 960 995 1182
1484 506
177 466 1289
631 118 957 1164 1173
775 194
1309 260 387 460 674 1159 1354 1438
113 740 958
740
958 190 414 692 1473
114 148
148
115 445
445 332 934 1253
116 189
189 183 217 1121
1204 712 1203
1308 271 319
1378 574 619 673
118 951 1115 1243 1343
951 152 768 831 867 1476
1115 553 646 792 1274
1243 123 899 1134 1193 1293
1343 243 943 1048
119 586 985 1335 1461
586 273 278 640 786
985 358 839
1335 1383
1461 196 397 969 1044
885 246 552 964
1112 301 365 1453
756 174 290 388 1049 1492
850 633 669 813 905 1074 1307
911 127
1015 672 935 1017 1076 1210
1496 195 283 536 736 1070 1360
122 554 761 862 1073 1479
554 606 608 669 771 1401 1404
761 183
862 276 739 970 1029
1073 684 741
1479 194 588 750 877
123 253 655 699
253 352 473 553 606 1476
655 276 321 671 948 1054 1298 1365
699 1107 1364
124 472 593 934 1203 1286 1295 1355 1453
472 180 727 753 1305
593 674 1424
934 330 401 582 923
1203 533 1481
1286 135 429
1295 1129
1355 776 782
1453 218 574
125 891 1220
891 133 1252
1220
246 851 969 1399 1471
610 295 716 1118
127 626 663 933
626 1007
663 171 669 1024 1354
933 585 703 941 1394
128 452 1424
452 241
1424 327 553 753
129 442 942
442 954
942 575 898 1037
130 150 757 1036
150 451 781 787 1280
757 475 963 1001 1244
1036 644
131 687 1046
687 938
1046 176 924 1317
132
133 795 1456
795 1113 1252
1456 1021 1379
134 172 296 372 454 1339
172 1021
296
372 669 1482
454 821
1339 519 744
135 413 464 634 1455
413 239 604 1047 1237 1307
464 954 1016
634 1043
1455 1364 1447
491 564 644 774 812 1380
916 506
158 433 1229 1299
247 163 493 563 669 790 1123 1371
508 1189
1389 702 1183 1267
138 284 433 852 856 1024 1384
284
433 373 604 1315
852 1060 1495
856 155 591 633 1061
1024 1037
1384 646 1119 1337
139 735 1417
735 495
1417 251 616 1371
140 902 1298 1472
902
1298 1047
1472 811 975
141 644 719 1299
644 327
719 207 446
1299 406 711
1017 275 817 876
143 1066
1066 358 813 1205
739 812 1162
858 518 582 781
499 514 1458
146 171 1113
171 628
1113 501 861
147
149 880
880 389
451 323 421 753 883 949 1338
781 290 748 913 1342
787 649 1379
1280 643 1130 1446
151 1249 1301
1249 377 1201
1301 790 1328
152 321 818
321 660 669 1152
818
191 332
603
1323 908 1218
154 530 1004 1196 1242
530 1065 1196
1004 162 774
1196 769 1353 1445 1491
1242 198 326 706 1400
155 449 967 1139
449 271 796 888
967 541 927
1139 741 806
673 501
157 519 824 1430
519 335 384 1186 1285
824
1430 557 786
1229 806
159 208 638 1437
208 708 717
638 874 1003
1437 825
160 1129
1129 275 493
161 387
387 226 1477
162 778
778 270 708 1306
163 921 1442
921 692 820 971 1371
1442 936 1065
164 738
738 327 366 786
165
1311 834 928 1182 1495
604 1067
963 507
168 768 832 935
768 915 1150 1288
832 272
935 927 1131
169 1316
1316
170 1434
1434 1458
628 237 1411
1021 289 936
173 201 265 918
201 912
265 1143
918 317 1265
174 1160 1194 1349
1160 196 791
1194 625 996 1089 1234
1349 316 401 584
892 526 665 956 966 1130 1341 1438
176 704 709 1221 1271
704 1198
709 1239
1221 490
1271 772 980 1030 1101
466 896 1201
1289 368 954 1092
575 196
585 363
991
179 192 784 878
192 568 1386
784 362 1292
878 894
180 558 1001
558 1022
1001 1266
181 993
993 274 947 1014
182 276
276 650 1288
183 352 851
352 809 976
851
184 1493
1493 760 1390
207 310 1238
642 461 1014
417 395 427 995 1107 1144
507 363
1121 190 587 596 637 1079
187 300 443 479 901 909 1216
300 1114
443 592 1110
479 894 1259 1282
901
909 627 1255 1394 1452
1216 656
188 900
900 855 945 1154 1245
217 501 633 696
190 545 1341
545 289
1341 1275
332 1095
568 282 362 463
1386
193
194 213
213 1353
195 1101
1101 1037 1273 1396
196 301 722 1199 1234
301 1466
722 726 1379
1199 1123 1387
1234 325
227 871 1061
198 270 314 354
270 772 1387
314 1293
354 232 518 583 836 1215
199 346 1063 1351
346 915
1063 660 860 960 1080
1351 1252 1390
200 268 1320
268 782
1320
912 438 1401 1414
202 600 954
600 553 836
954 480
203 855
855 590 726 1244
204
205 598
598 489
206 401
401 220 456 995 1189
310 639
1238 263 798 1259 1447
708
717
414 714 842 1026 1135 1310
210 1105
1105 225 349 402 997 1137
211 619
619 641 659 888 1282
212 573 578 1446
573 1276
578 490 505 1123
1446 421 679 1007 1206 1231 1438
1353 1482
214 377 1435 1448
377
1435 478 1077
1448 608 853 871 1414
215 579 662 1057 1178
579 905
662 1486
1057 669
1178 1310 1413
1016 658 692 806 1452
1413 406 1305 1313 1408
501
633 1197
696 592
218
872 233 465 748 997 1174
960 813 1310
1010
220 239 426 1186
239
426
1186 238 257 273 504
221 249 312 703 1251
249 776 1433
312 1390
703 1090 1172
1251 231 834 1390
222 427 478 948
427 766
478 1248
948 746
525 422 743 1184 1363
976 1372
989 843 940 1206
225 304 306
304 776
306
226 461
461 465 645 913 1189
871 653
1061
1241
1394 257 379
229 1026 1273
1026
1273 581
890 441
231 504
504 915 964 1303
232 234
234 389
233 744
744 728 1325
389
471
1326 436 714 896
237 238 590 607
238 351
590 977
607
351 251 1296
240
241 815 1068 1474
815 728 849
1068 326 1328
1474 753 971 1279
242 291 618
291 668
618 481 1013
243 1451
1451 468 1173 1215
244 1259 1324
1259 550 581 979
1324 1313
969 684 887 1257 1312
1399 1337
1471 303
493
563 910 1037 1218
669 1305 1357
790 996
1123 369
1371 727 791 1080 1223
252 1374
438 1099 1107 1336
861 370
776 391 400 898 1449
1433 854 1197
251 506 584 595 753 767 1261
506 803 893
584
595 380 712 791
753 608
767 316 1292 1365
1261
1374
473 526 754
553
606 712
1476
254 684 837
684 1182
837 440 727 1039
1260 817 1314
1498 260 849
866 327
1060 561 869 982
1162 987
257 1253 1443
1253 995 1404
1443 397 458
258
260 836 1088 1172
836
1088 1460
1172 559
261 1198
1198 625 971
262
263 395 1050
395 714 1256
1050
264 672 1266
672
1266 854
1143 297 494
373 1140
267 718 1079
718
1079 368 1080
782 402
269 463 1288
463 613
1288 496 656 1173
772
1387 380
271 762
762 518 1327
272
273 731 821 1092
731 468 689
821 617 1364
1092 678 1350
274 400 1150
400 1134
1150 1418
275
650
1133
278 349 1033 1327
349
1033 281 1118
1327 1192 1497
279 1278
1278 467 817 1223 1264
625 1334
716 559 971 1254
281 1237
1237 820 910 1338
282
283
285
286 599 794 1124 1363
599 1252 1345
794 679 924
1124 1149
1363 588
627 630 640 975
288 1267
1267 898
289
290 771 962
771 1287
962
668 907 1499
1285 1459
1365
386 565 1213
651 1467
714 868
834 743 1130
1236 1055 1164
295 326 1037
326 809
1037
297 382 1240
382 893 1404
1240 1125
298
1144
1114 440 769
1466
711
773 1130
303 338 370 822 1193
338 543
370 677 1344 1367
822 311 1041 1135
1193 1235
305 1400
1400 1293
307
367 712
639 1486
311 868
868
1390 514 591
1483
1293 325
616 1459
316
317 422 742 883 925
422 411 1072 1292
742 1404
883
925 1022 1223
318
319 1322
1322 1312
1396 480 923
660 359
1152 853
1067 823 1427
323 849
849 483 1201
324 483 888
483 392 1312
888
325 637
637 843 1313
809 984 1134
327 643
643 1062 1106
328
329
330 485 645 1244
485
645 465
1244 620
331
1095 763 1467
334 1062
1062 894 1166
335 915
915 920
336 421 745 842 1276
421 447
745 894 904
842
1276 1030
936
543
496 726 764 1354
630 392 1277
635
863 1447
1331 1125 1350
342
763 613 1354
1014 1370
1076 1405
347 986
986 574
348 1279 1404
1279
1404 874
350 659 750
659 457
750 358 831 1140
1296 1032
353
518 359
583
1215 845 939
357
358 1223
1223 363 536 1264
359 726
726
995
1182
362 1197
1197 864
363 620 845 1080
620
845 1122
1080 939
1444 692
365 632
632
366
712
368 864 1030 1049 1403
864 977 1411
1030
1049 393 561 800 1245
1403
369
677 494 777 1090 1265
1344 979
1367 447
979 907
1482 510 813 971
1140 929 971
374
1310 689 758 956
1325 889 966
379 415 964
415 514 887 1439
964 895 1213 1405
380 755
755 754 1189 1370 1454
381 1047
1047
893 495 689 982 1135
384 758
758
565 807
1213 1192
1477 1300
388 813
813 854 1283 1379
854
970 1141
1306
391 1031
1031
392 1292
1292 786
393 953
953 1439
1256
564 592
938
1248 1077
397
1232 460
1134 698 947 1164 1328
456 676 713 743 1334
1189 1130
402
403
432 748
996 1283
405 847
847
406 682 1022
682
1022
490 1303
1447 591 1239
411 1307
1307 751 908 1272
412 929
929
1135
514
887
1439 943 1291
416 1423
1423
1107
1051 1297
1106
1270 1131
1373 798 1013
447 1282
1072
423 843 1125
843 723 1250
1125 853
766 1029 1312
557 1005
910
429
431
748 475 1445
1315 1265
1282 694
436
859 831
1181
1184 1274
1099 715 1128 1277
1336 591 679
439 889 913
889
913 526
440 737
737 698 956 997
441
592 895 1218
1110
608 480
1041
446 908 1018
908 1429
1018 943 1250 1445
448
796 1090
450
949
1338 676 1366
823 1044
1044 665
676
713
743 640
1334 777 1268
457
458
459 613 860
613 674 1154 1254
860 596 1122 1287
460
465
896 587 1499
1201
467 980
980
468 754 1408
754 1314
1408
469
727 527
1305 1247
526
943 574 831
475 959
959
538
1226 848
894
480
481
1312
487
698 1432
489
1303 1005
774
812
1380 667
494 510 751
510
751
495
764 1445
1354 609 1039
549 656
1458 777
502 1069
1069
505
803 602
511 1147
1147
640 1497
1250
1370 656 1427
1393
798 550 1154
596 1337
1414 877 1381 1492
1454 1366
527 1460
1460
528
1065
531
974 671
1427 760
533
536 840 1348
840
1348
612 1239
539
541
547
548
656
550
552 1202 1452
1202 1089 1457
1452 1409
1401
1005
559
561
667
1218
807 741
788 702 1190
1137 723
1209 810
574 1473
1473
576 760
760
1003
905
580
581
582 992
992 1314
786
587
588 835 1013 1492
835
1013
1492
589 647
647
977
591
895 1122 1495
674 1459
1192
791
1337
1252
1345 1239
817
602
605
609
1118 1043
1239 1045 1449
1154
1254 810
1459
617 1187
1187
641
1359 1235
624
1007 1235
975
1411 1255
1277 877
957 945 1432
1164
1173
1043 694
1313
874
1486
1497 923
646
715 1219
1119 982
1463 1247 1264
649 1109
1109
1467
664
1000
653 1395
1395
1027
1131
1268
671
1054
728
1379
658 1284
1284
1255 1383
665
666
907
1499
1357 867
670
777
1090 1392
1265
678 1449
1449
679
1052 780
1438
1328
689
690
691
692
1272
694
876 1429
1432
1364
701 1025
1025 1300
702 1381
1381
706
710
1219
971 1350
746
723
724
806
947
1029
736
956
997 1495
741
904
990
1445
749
831
752
1314
759
769
1287
1130
898
779
780
1342
785
1190 1205
789 1085
1085
792
1174 1392 1457
924 800
797 1104
1104 897
800
805 1247
1247 1070
984
810
811 941
941
1283 1368
950
1481
820
825
1070
1039
839
1122
848
1074
1495
853 927
927
857
867
869 1297
1297
1429 1020
877 1366
1366 1149
886
966
982
897
899
945
1245 1275
920
923
928
939
940
1405
1257
1141
1350
1372
987
1206
1235
1011
1210
1019
1020
1300
1032 1418
1418
1034
1406
1077
1045
1317
1048
1055
1056
1059
1166
1127
1205
1151
1089 1491
1491
1392
1176
1269
1128
1100
1274
1149
1126
1409
1138
1159
1155
1457
1183
1208
1264
1231
1275
1383
1368
1291
1478
1360
1361
1407
1419
1462
1470
1489
