0 46 123 204 235 287 358 403 490 538 724 746 748 817 907
46 65 163 199 420 699 700 843 854 922 927 982
123 96 326 400 463 544 618 644 698 732 762 981
204 114 210 270 342 373 424 431 437 479 481 701 752 798 925 950 976 977
235 44 141 374 493 592 626 649 713 843 896 966
287 141 255 329 336 349 359 415 538 681 705 822 887 925
358 29 57 81 83 203 255 434 656 821 826 945 977
403 67 112 142 253 278 363 384 389 438 507 563 625 627 632 682 974
490 221 342 423 510 523 555 721 758 777 820 969
538 54 240 289 313 324 390 405 549 578 605 724 797
724 4 49 107 112 179 298 380 426 484 628 663 767 884 888
746 134 207 227 296 525 541 576 629 720 926 935 982
748 2 29 87 214 221 334 370 496 522 676 691 716 812
817 38 145 148 265 278 339 617 644 715 716 735
907 20 151 301 368 485 733 735 799 888 898
1 25 116 666 726 732 797 802
25 96 277 372 557 655 657 680 849 888 893
116 112 135 168 206 238 376 519 562 866 877 887 970
666 21 36 233 237 303 319 440 497 519 541 620 681 698 715 839 956 978
726 133 166 178 205 406 467 599 688 784 787 813 832 974
732 184 262 296 365 600 628 672 686 762 786 821 830 846 894 940 994
797 88 89 108 135 188 253 320 444 617 787 823 853 942 969 971 987
802 92 121 162 259 302 435 477 515 521 645 765
2 398 467 694 708 747 858 864
398 45 57 151 169 228 328 427 445 717 722
467 11 252 443 691 828 847 912
694 8 34 45 195 211 215 306 357 384 407 541 651 744 763 766
708 78 216 385 476 484 594 761 842 988
747 114 211 271 466 597 618 881
858 16 48 318 407 408 454 518 627 635 733 804 815 890
864 7 62 82 149 216 329 512 515 535 547 568 643 709 868 898 946 971
3 97 104 337 390 425 496 509 572 582 590 751 925
97 30 44 76 162 258 337 376 396 849 913
104 54 59 126 226 482 510 613 621 770 835 908 912
337 20 80 92 112 149 175 206 223 502 532 553 578 635 650 831 847 876 967
390 217 283 356 374 428 455 659 671 727 735 789 898
425 60 127 192 198 276 599 779 916 929
496 181 343 374 459 481 562 602 901 925
509 158 213 247 330 562 617 768 855 915
572 6 71 90 259 286 303 320 479 599 739 960
582 73 157 524 568 674 840 844
590 5 50 55 74 170 171 197 226 333 366 376 432 540 544 616 770 783 869
751 57 142 211 263 311 756 763 863 867 972
925 129 286 375 486 553 565 758 785 816 936
4 11 36 76 179 216 424 606 627 670 738 756 857 865 926 940
11 134 218 352 566 581 605 606 671 691 928 981
36 63 115 146 285 438 594 600 610 736 843
76 188 497 524 575 823 900 934
179 81 88 140 289 310 650 665 705 749 971 984 994
216 32 112 137 294 433 481 651 759 813 884 932 946 961
424 118 151 192 323 455 537 653 712 897 938 969
606 17 144 265 351 686 803 813 885 961 975 991 999
627 24 88 442 455 489 491 553 674 735 758 880 931 962
670 72 127 176 269 273 315 522 523 555 722 761 782 871 939 944 949 976 990
738 53 227 366 436 552 557 866 914
756 42 62 66 218 241 320 345 368 433 579 863 950 962
857 18 53 135 150 333 340 529 657
865 155 260 384 471 548 559 697 718 783
926 78 214 251 264 347 396 458 482 647
940 92 94 626 775 782 839
5 302 401 598 718 720 725 976
302 128 140 505 583 628 804 871
401 109 400 528 574 654 688 720 891
598 18 113 228 314 330 397 431 546 616 743 780 838 850 934 972 977
718 308 414 433 547 563 581 692 712 725 758 823 904
720 80 379 389 405 442 534 568 594 600 621 674 711 749 895 897
725 56 66 71 113 162 197 258 530 779 819 847 852 955
976 40 180 201 257 285 322 443 531 761 832
6 225 404 411 413 438 481 565 618 634 649 709 816 822 893 910 947
225 117 193 226 327 402 423 462 524 574 707 735 773 896 908 933
404 48 68 110 150 341 383 426 462 478 521 604 639 653 662 801 807 843 910 964
411 66 115 331 547 662 731 931 995
413 16 18 42 143 146 171 289 416 418 607 645 867 911 930
438 18 19 74 94 128 157 193 430 457 785 815 830 874 877 951
481 181 189 332 339 517 593
565 166 186 551 674 683 697 930
618 190 196 238 276 432 434 459 508 510 895
634 107 121 233 344 345 512 530 537 601 663 734 783 796 827 934 943 999
649 21 63 82 154 159 168 173 280 323 329 393 427 505 831 837
709 119 144 416 442 690
816 13 40 112 128 156 217 342 372 419 667 772 843 920 927
822 83 140 238 281 471 484 489 501 642 846 935 995
893 140 141 190 199 202 886 922 971 996
910 54 78 266 512 530 599 615 701 769 825 853 866 963 986
947 144 178 197 379 500 626 780 853 970
7 120 285 414 476 532 562 777 832 848
120 214 325 351 465 506 654 664 784 879 948
285 14 166 190 340 344 639 698 809 903 974
414 115 501 921 963
476 206 255 286 305 382 408 480 529 860 928 987
532 55 77 241 330 484 520 592 635 762 900 938
562 109 332 333 458 605 614 734 924 942 963
777 142 223 284 330 343 400 548 566 607 619 984
832 186 198 268 380 384 399 477 488 564 749
848 89 107 168 227 348 459 460 527 537 633 640 676 685 767 875 901 917
8 71 190 198 707 782 874 894 936 938 961
71 19 118 177 289 316 397 470 651 656 765 779 892 902
190 191 308 349 453 523 529 555 588 705 856
198 74 213 263 267 789 871
707 110 170 301 316 349 351 523 735 775 812
782 118 181 253 304 326 336 387 396 412 426 460 465 512 534 623 727 768 778 996
874 48 65 181 192 271 380 469 489 517 524 566 652 685 766 792
894 260 275 290 319 377 468 719 776 803 809 810 812 913 924 978
936 174 196 206 261 307 376 477 573 654 655 674 887 967
938 156 175 180 245 328 353 368 475 685 696 713 760 833 855 970 979
961 58 96 100 159 173 284 318 466 501 514 596 811 866 888 921 954 980
9 188 244 256 339 431 640 806 814 904
188 146 217 238 272 312 370 387 451 527 844 878
244 144 219 277 479 498 571 745 966
256 181 331 366 371 379 420 454 506 609 636 645 695
339 35 49 80 357 500 644 805 905 922 980
431 18 426 520 662 676 780 861 956
640 99 128 152 164 186 306 311 328 345 502 510 673 700 788 914
806 14 44 160 187 201 241 290 374 471 505 586 671 684 902 905 950 964 967
814 27 105 278 632 688 754 769 778 831 851
904 90 217 311 350 388 417 418 419 790 828
10 57 62 229 278 447 597 692 710 714 742 868 911
57 60 165 176 193 291 296 312 315 333 338 702 767 886
62 60 275 276 384 432 605 689 717 888
229 95 96 122 193 310 344 402 531 638 654 672 783 799 830 885
278 45 262 435 669 867
447 67 103 134 250 275 299 366 402 504 527 555 587 609 624 630 667 715 716 842 876 883
597 54 135 152 159 257 311 540 570 644 721 803 805 989
692 27 75 78 100 645 736 905 954
710 72 201 493 657 727 804 838 881
714 33 34 70 106 191 199 218 255 324 331 577 657 677 781 922
742 286 303 320 388 437 444 539 697 700 835
868 22 52 125 193 470 506 514 633 698 808 826 905
911 185 212 276 313 436 668 743 750 768 778 984
134 125 148 239 246 255 312 360 386 387 418 510 632 702 711 749 775 866
218 41 189 203 417 569 653 657 854
352 194 214 399 644 779 909
566 82 122 141 300 378 429 585 632 661 882 902 913 966 987
581 15 77 125 168 200 313 351 498 500 508 513 688 699 850
605 372 380 386 561 833
671 105 377 443 455 574 661 760 767 785 824 855
691 15 83 165 570 613 616 637 735 737 778 882 902 952
928 75 78 92 247 651 834 878 951
981 79 364 369 728 778 818
12 85 326 343 489
85 90 258 406 426 455 457 531 585 763 887
326 26 405 719 778 898 971
343 16 170 208 211 215 282 396 492 803 881
489 140 312 392 531 588 719 727 831 962 991
13 96 199 304 316 389 487 521 768 784 787 834 852 950 988 997
96 106 153 177 288 296 678 890 891 969
199 59 265 267 280 286 314 439 703 784 905 908 913 957 978
304 389 510 600 639 667 687 762 785 878 886 887 967
316 82 350 384 441 544 899 915
389 47 82 106 154 313 730 841 884 994
487 40 119 335 429 515 761 895
521 230 445 655 792 986
768 63 101 536 993
784 55 105 144 177 290 315 480 555 650 719
787 210 224 429 443 511 641 693 696 750 917
834 27 30 70 152 332 500 601 740 871 879 908
852 29 201 327 351 367 473 553 703 803 993 995
950 93 232 372 463 526 767 804 846 882 930 969
988 208 347 463 471 513 741 773 809
997 247 305 453 630 730 788
14 40 400 409 462 608 686 870
40 128 138 249 540 604
400 28 172 335 433 499 717 839 920 942 943
409 102 128 257 310 351 659 764 825 881 984
462 280 300 353 370 442 550 696 698 807 811
608 406 451 463 653 959 984
686 212 270 296 382 387 621 646 890 999
870 113 276 312 333 393 396 461 560 805 854 892
15 108 310 349 503 511 526 561 733 879
108 27 208 392 470 508 642 704 833 873 902
310 37 130 266 463 644 699 840 877 939
349 319 423 440 466 519 552 984
503 320 341 556 668 690 821
511 23 143 162 247 255 370 374 421 466 553 579 704 785 935
526 128 217 241 266 515 622 871
561 19 74 320 362 434 491 568 719 808 869
733 56 114 127 321 323 410 715 763 772 890
879 22 122 145 175 201 268 286 356 452 553 600 705 778 786 877 883 960
16 111 148 234 320 441 586 677 767
111 37 176 228 262 639 641 821 892 959 990
148 58 89 140 311 435 461 617
234 215 292 297 331 494 499 559 675 730
320 83 127 369 479 647 722 850 953
441 101 109 536 637 657 662 752 982
586 42 92 288 292 308 356 465 515 535 542 592 628 677 695 841 902 915
677 54 105 149 242 543 697 744 863 884 916
767 66 150 540 623 860 903 959
17 65 90 135 208 224 397 463 548 550 599 623 924
65 171 176 317 318 430 488 580 620 723 785 804 866
90 107 172 212 284 353 513 555 769 867 921
135 63 99 142 220 281 363 454 676 687 815 840
208 67 137 184 813 825
224 23 72 171 386 549 567 652 711 760 805 909 923
397 142 301 611 721 750
463 353 407 522 549 557 593 648 765 775 796 899 974
548 80 308 365 388 420 689 833
550 150 168 206 213 333 367 863 998
599 82 136 157 192 306 314 382 426 658 799 829 929 946
623 49 121 146 159 166 271 402 422 517 534 571 579 591 629 655 706 796 830 895 960 984
924 23 155 185 196 410 452 601 774
18 86 243 288 311 472 482 679 704
86 60 407 504 514 528 600 650 683 853 860 886 932
243 227 312 898
288 145 175 186 375 573 642 695 697 761 804 815 953
311 87 102 280 630 790 800 881
472 51 535 555 557 635 669 695 886 913 937
482 63 126 156 753 902 996
679 41 101 255 362 449 563 630 695 769 828
704 29 77 93 133 314 417 443 446 452 507 533 578 750 871
19 26 52 105 259 351 471 477 556 734 839 881 919 992
26 68 182 255 266 388 552 595 614 790 841 846 887 959
52 261 428 433 468 655 776 790 975 995
105 246 375 443 450 455 702 705 905 972 983
259 45 145 319 346 430 512 539 815 853 873 941 945 986
351 59 64 106 124 152 214 333 393 675 717 821 948
471 37 102 187 415 505 553 785 808 990
477 34 150 155 169 346 387 470 525 614 645 850 923 980
556 237 241 395 473 480 587 592 841
734 58 107 220 306 324 357 360 388 603 642 675 687 698 711 876 977
839 75 127 303 499 535 600 683 735 872
881 347 356 473 628 739 796 875 929 969
919 41 77 232 262 271 333 386 437 828 905 957
992 161 168 210 220 364 427 639 644 688 721 761 840 959 971
20 53 59 99 195 245 410 444 474 625 699 847 860 921
53 121 272 317 368 443 636 744 921 934
59 27 50 91 140 161 163 354 381 449 622 659 702 876
99 39 60 280 294 350 883 941 960 964 974
195 74 88 136 222 261 350 357 410 613 641 652 737 851 920
245 45 144 250 528 567 619 759 815 939 984
410 22 37 84 227 332 665 699 723 850 948
444 167 210 250 450 673 811 849
474 103 289 321 646 705 793 875
625 114 289 334 613 663 690 820 846 931
699 274 334 502 915
847 27 197 308 680 934 959
860 43 325 421 502 609 651 728 840 888 979 999
921 113 231 464 576 593 648 801 813 903
21 95 181 232 291 396 578 601 619 641 854 973
95 70 261 483 614 628 859
181 60 91 157 273 274 301 317 585 739
232 348 687 706 717 801 833 853 949
291 22 227 283 292 303 450 461 752 760
396 78 298 460 588 609 673 788 969
578 524 545 628 736 818 826 856 866 872 929 995 999
601 319 454 475 491 522 568 579 959 964
619 293 359 486 502 543 554 594 759 791 811 835 994
641 192 250 515 630 827
854 110 292 440 622 766
973 215 353 395 554 617 843 871 895 899
22 312 364 437 567 684 790 803
312 113 165 296 345 533 560
364 171 239 250 603 763 873 875 883 960 991
437 237 319 583 808 908
567 78 94 149 163 194 423 653 661 700 745 886 908 990
684 164 247 329 338 536 659 722 763 855 884 937 980
790 129 341 387 500 547 633 769 801 855
803 48 88 300 322 419 553 630 683 745 878
23 167 194 217 461 653 659 791 844 887 995
167 56 84 100 222 306 318 367 552 676 736 828 876 913 934 960
194 42 173 347 361 540 563 587 607 899
217 42 183 300 672
461 38 47 98 376 555 685 788 808 871
653 37 44 266 353 387 534 589 611 795 855 912
659 292 594 660 680 728 861 862 863 887 903 986 989
791 28 408 430 533 622 644 745 820
844 118 157 269 346 454 525 569 631 712 796 827
887 87 219 270 284 386 479 502 533 558 664 792 812 823
995 117 267 350 517 820
24 241 346 427 522 554 655 728 846 849
241 49 201 228 296 298 519 543 737 931 970
346 56 101 122 133 307 379 445 501 546 705 827 828 898 935 945 978
427 133 419 504 544 906
522 66 67 150 258 359 380 547 587 622 644 660 770 771 979
554 129 189 249 293 387 846
655 68 155 171 177 209 374 486 776
728 359 535 620 713 754 779 968
846 29 196 327 533 647 735 760 953 971 980
849 186 275 363 615 828 866 891
277 301 464 498 564
372 292 421 439 451 523 584 680 826 916 932
557 74 88 187 207 221 383 501 650 987
657 42 61 125 149 257 318 368 453 458 504 740 915
680 78 117 131 177 577 638 700
888 133 313 336 730 823 963
68 178 359 363 516 783 823 882
182 112 157 251 282 347 406 516 539 633 851 964
255 258 499 647 739 752 788 867 935
266 155 384 439 535 617 651 683 837
388 125 384 420 516 542 547 901
552 82 109 314 593 646 801 812 942 964 974
595 27 67 345 391 645 796 972 998
614 91 289 323 334 377 529 609 622 716 795
841 58 103 231 360 531 755 920 983
959 41 375 391 575 589 620 917 983 989
27 56 137 138 184 371 448 454 620 753 987 998
56 128 317 323 529 616 731 740 795 836
137 242 356 835 873 876
138 127 239 289 308 319 371 379 957 971
184 93 169 172 380 419 645 658 778 820 830
371 32 227 282 574 645 646 780 882 980
448 32 83 113 215 347 387 519 669 722 942 944 985
454 35 147 273 575 741 843
620 289 365 706 801 856 886
753 77 125 169 170 227 248 363 436 458 596 617 840 937
987 177 227 280 325 384 426 440 516 681 903
998 322 652 667 929
28 44 283 377 491 501 545 665 835 862
44 124 177 378 421 435 524 639 665 696 716 843
283 82 139 251 289 628 723 875 880
377 110 127 342 446 569 712 880
491 213 313 321 422 769 830
501 74 430 506 517 575 600 678 922
545 317 330 344 440 445 446 466 541 674 700 716 792 809 811 840 930 993
665 32 175 206 221 367 478 534 589 700 770 795 807 935 977
835 79 176 230 361 375 449 681 689
862 51 107 175 328 341 514 536 845
29 131 263 434 484 621 672 859
131 63 128 246 290 547 650 770 830 837 982
263 34 205 267 275 426 485 488 558 895 915 971 980
434 238 271 323 368 445 450 494 519 584 674 681 899
484 156 206 262 360 596 610 727 796 933
621 113 122 308 483 530 685 687 723 843 967
672 128 174 359 531 889 996
859 143 540 825
30 69 106 306 428 486 867
69 121 543 553 632 982
106 88 157 172 253 393 475 793 811 901 933
306 66 74 115 193 359 569 612 776 969
428 41 121 163 226 228 313 380 406 589 650 676 678 683 799 828 885
486 70 350 421 468 645 681 701 719 801 890
867 114 209 324 607 752 850
31 94 252 264 667 900
94 212 230 247 258 455 564 580 629 645 688 729 829 885
252 64 183 186 210 492 594 702 723 984
264 222 370 415 762 871 899 968
667 193 468 535 703 779 882
900 88 132 170 479 644 804 826
32 247 272 296 374 629 647 825 902 944
247 47 54 151 154 180 308 645 688 758
272 185 275 290 296 356 361 512 537 681 682 700 719 786 866 913 969
296 128 136 158 162 783
374 456 507 517 537 830 878
629 412 465 628 658 897
647 66 79 230 588 974
825 142 334 459 485 574 693 749 810 866 927 962 968
902 128 203 219 220 460 574 575 757 794 831 949
944 178 570 592 622 656 735 861 989
33 74 254 265 355 421 660 820 876
74 42 175 271 309 370 417 460 502 514 931
254 140 384 612 965
265 305 505 918 939 999
355 73 139 284 324 432 863 972
421 307 324 348 412 530 551 813
660 121 154 334 493 773 778 993
820 157 186 214 419 450 485 499 678 736 922
876 34 92 435 507 611 716 736 809 974
34 54 186 406 446 523 600 821
54 98 150 242 321 392 506 587 589 654 762 792 906
186 70 78 136 172 483 502 927 978 999
406 84 89 394 440 580 628 882 954
446 212 236 589 906 909 915
523 133 380 518 698 861 871 906
600 41 43 82 162 268 276 319 342 456 499 512 583 705 804
821 77 79 125 755 828 954 991
35 392 613 760
392 70 249 505 529 546 591 609 786 884
613 233 284 315 334 646 788 863
760 238 299 407 464 493 494 500 617 689 786
63 209 290 299 344 363 418 575 633 989
115 498 569 669 683 851 958
146 269 300 429 494 635
594 153 305 416 651 729 805 866 989
610 60 319 347 383 622 722 807 824 892
736 89 91 183 329 617 979
843 173 203 294 466 549 639 813 890 899 930
37 87 103 201 237 890
87 98 109 117 228 267 340 644 681 754 783 845
103 274 290 499 553 585 818 945 970
201 66 162 299 307 805
237 211 668 681 744 792 840
890 82 124 178 517 705 932
38 43 98 133 329 384 497 587 739
43 79 329 382 494 575 749
98 121 432 433 574 683 770 826 957 994
133 295 408 417 563 750
329 270 380 549 700 764 804 922 958
384 149 307 551 685 706 759 766
497 83 257 644 697 912
587 290 353 416 524 576 579 628 871 913 991 994
739 49 202 335 429 510 529 536 615
39 58 110 233 305 537 626 632 689 712 755 842 912 994
58 117 172 338 642 794 931
110 73 513 529 534 833 935 971 972
233 152 205 380 576 743 758 935 962
305 60 70 330 342 579 643 716 719 731 744 808
537 61 443 515 611 882 952 982 999
626 49 297 464 488 592 646 681 715 799 808 824
632 308 420 604 683 731 851 873 897 964
689 91 168 239 273 636 833 990
712 45 118 121 149 360 381 580 793 861 875 885
755 80 118 149 269 280 769 895
842 163 193 340 382 440 517 711 721 969
912 117 622 648 776 818
994 661 703 715
128 49 622 869 871
249 156 170 187 344 359 375 609 941
540 164 307 327 563 850 891 985
604 49 174 246 258 262 369 391 483 535 588 873 931 964
41 154 173 257 268 314 429 673
154 67 91 149 165 202 688 875 982
173 129 366 574 596 616 740 754 891
257 72 239 297 370 433 504 571 575 607 654
268 162 223 319 466 551 676 719
314 64 391 417 833 906
429 336 542 685 730 763 971 993
673 147 301 420 442 674 808
42 75 292 524 602 863 877 962 970
75 192 360 798 823 969
292 119 183 365 515 722 935
524 196 348 415 469 517 519 564 588 642 644 668 788 836 923 979 984
602 143 560 635 789 830 909 969 996
863 215 507 546 722 897 922
877 143 171 207 440 505 637 654 794
962 341 348 458 460 771 932
970 307 318 457 702 731
79 139 147 202 336 423 479 542 577
382 73 121 147 280 717 752 855 935 939
494 279 332 774 955
575 385 488 644 700 702 872 937 965 979 999
749 160 301 335 408 469 630 882
124 327 770 785 837
177 226 391 654 656 778 786
378 542 729 830
435 93 174 344 369 908
639 213 214 317 405 445 568 809 991
696 270
716 160 240 335 385 445 934 939 977
45 269 891 933 966
269 558 705 759 771 913 985
891 333 354 426 452 470 715 717 809 957
933 73 300 510 529 658 737 971
966 142 222 385 596 776 986
163 221 405 480 615 873 978
420 596 866
700 118 636 786 873
922 70 117 362 529 873 923 974
927 180 223 799 979
982 187 319 362 722 799 829
47 118 142 468 531 682 702
118 60
142 60 166 279 442 617 774 793 824 837 913
468 109 433 480 529 568 584 596 721 799 800 882 971
531 91 286 379 391 459 612 770 811 871
682 308 330 452 570 607
702 114 415 455 475 505 792 801 805
48 130 375 405 416 517 568 648 693 722 833 953
130 67 213 369 520 630 775 908 952
375 155 168 303 340 470 512 588 713 831 923 979
405 122 126 129 322 359 513 543 693 785
416 168 376 451 635 695 949
517 379 433 528 693 866
568 220 279 297
648 170 675 789 818 892 960
693 151 220 258 366 813 917 978
722 251 373 393 589 630 957
833 240 525 750 761 943 958
953 113 342 458 495 706 719 808 943
49 101 205 330 789 880
101 528 577 652 654 661 713 818
205 391 658 663 946 949 974
330 338 456 459 500
789 114 230 253 367 585 744 882
880 408 505 583 678
50 117 318 504 512 615 713
117 222 240 299 354 426 506 616 631 754 967
318 150 155 211 248 297 335 553 607 663 731 905 917
504 200 223 325 353 721 957 978
512 344 380 520 528 546 930
615 319 558 785 794 918 980
713 136 147 348 674 923
51 258 395 584 719 875
258 248 407
395 66 443 450 518 579 633 678 851 948 967
584 430 525 737 780 804 840
719 357 535 652 681 695 776 853
875 385 450 460 824
261 546 559 651 715 800
433 534 549 585 869 903 996
776 185 213 284 360 579 638 772 853
975 286 360 417 650
121 136 307 317 407 470 723 920
317 303 347 569 650 757 819 866
368 191 213 353 417 573 636 638 697 775
443 100 333 387 829
636 328 635 678 809 883
744 274 294 479 622 762 853
934 357 505 536 932
150 70 92 322 380 897
242 160 338 360 571
321 345 685
506 102 426 662 819
589 459 480 883 957
654 210 248 354 457 811 963
762 202 664
792 209 213 369 508 555 989
906 145 197 210 250 394
55 136 617 644
136 248 635
617 236 579 644 698 727 769 815 878
644 89 132 267 498 569 809 972
323 107 203 227 250 293 450 596 609 917 932
529 126 191 354 357 432 445 656 946 952 957
616
731 72 126 140 271 299 309 333 370 450 473 754
740 161 215 290 457 530 569 721 837 948
795 213 662 674 774 991
836 102 112 127 164 335 408 555 837 878
60 528 536
165 436 645 809 909 954
176 248 347
193 340 417 642 698 778 808 869 901
315 141 152 308 327 528 764 774 901 920 941
333 353 367 514 757 993
338 66 100 197 417 483 513 729 979
886 91 112 426 544 646 735 818 869 943 965
172 183 262 361 560 651 801
642 192 331 415 675
794 754 930 955 985
931 239 344 466 663 783
91 878 943
140 174 246 319 432 510 766
161
354 151 215 299 485 571 750 799 828 993
381 473 507 818 855
449 250 280 301 515 664 754 840 853
622 88 502 510 969
528 171 282 611 750 909 937
536 126 175 546 828
61 151 280 308 334 356 993
151 294 624 786 818
280 675 741 808 896 946 974
308 92 147 215 662
334 143 158 313 551 563 909
356 78 196 246 772 778 898 915 916 968 978
993 525 688 701
275 81 357 515 580 628 662 687
276 213 711
432 155 270 624 651 661 935
717 170 365 499 652 785 869 878 951
209 248 423 455 478 631 723
290 215 370 373 651 727 796 941
299 80 132 246 342 445 723 763
344 81 363 591 643 828
363 122 450 775 898
418 127 220 611 830
633 102 519 914 983 984
989 73 82 289 362 819
64 83 168 214 513 741 850 937 983
83 127 830 883 884 901
168 78 82 612 690
214 279 376 508 551 577 612 668 758 765 917
513 327 510 564 765 837 977
741 379 485 573 826 929
850 796
937 228 319 322 701 895
983 332 391 423 502 676
171 164 222 301 331 591 855 968
430 157 284 488 754
488 357 518 583 591
580 67 145 170 174 180 248 498 977
723 366 478 544 563 824 884
785 149 458 520 541 826 954 996
804 175 664 918
866 114 347 558 743 796 948 978 991
66 159 745 780
159 73 180 379 507 570 675
745 267 603 845 979
780 253 442 514 570
67 77 119 144 367 737 799 861
77 207 415 721
119 450 765 882 954
144 102 231 555 650 986
367 178 365 480 583 685 977
737 114 558 765 905 990
799 149 236 303 560 823
861 239 701 963 971
178 81 681 813 851
359 78 772 883 899 914 964
516 160 203 274 297 466
783 253 295 325 664 763
823 289 955 963
882 196 207 273 525 571
543 200 271 478 527
553 78 162 408 690 698 766 971
70 492 507 583 656 828
492 457 637 771
507 786 831
583 170 918 929
656 72 856 985
828 393 394 455 675 769 837 979
289 238 986
470 473 510
651 122 706 765 929 945
765 100 347 638 771 781
779 436 576 662 831 884
892 445 824 851
72 230 387 972
230 293 313 442 563 564 730
387 197 668 798 943
972
73 149 898
149 92 139 281 295 451 544 643 830 932
898 122 298 426 855 957
175 322 534 845 923
271 228 267 360 370 380 986
309 122 274 391 460 544 563 577 607 612 727 955
370 127 158 274 324 366 450 453
417 270 563 801 824 977
460 80 107 281 300 527 941
502 80 361 773 793 967
514 164 549 889
192 260 328 576 631 735
360 207 436 774 807 899
798 284 340 533 807 810
969 125 369 480 573 658
207 423 662
415 88 231 535 771 801 829 871 901 999
721 196 423 560 853
78 127 576 786 788 813
127 139 336 422 560 984
576 102 189 743 801 908
786 145 301 480 596 979 996
788 298 445 547 916
813 658 853 896
139 141 248 727 754 769 775 793 807 819 872 878
147 711 829 918
202 436 676 815 856 896 980
336 92 183 901
423 89 203 273 534 547 585 705
479 530 703 819
542 458 569 918 974
577 231 238 248 345 436 445 451 452 535 909
80 129 564 855 856
129 113 533 705 827 935 999
564 345 376 457 840
855 143 158 281 340 345 715 915 949
856 102 303 391 585
81 469 547 685 808 869
469 211 240 547 701
547 240 675 909 980
685 153 313 457 764 903
808 551 687 957
869 185 246 281 347 495
82 206 274 464 473 883
206 220 681 831 942
274 273 637
464 191 219 451 480 811
473 223 574 705 984
883 223 295 393 967
830 132 183 227 238 270 348
884 215 297 347 593 895 977
901 107 688 727 750 853
84 92 113 236 711 923 949
92 180 452 643 929 952
113 89 295 778 878
236 88 211 505 727 908
711 112 508 609 645 801 942
923 196 240 624 669 796 996
949
426 211 763 772
455 270 328 558 967
457
585 478 498 669
763 422 948 978
407 143 222 932 956
650 508 681 774 899
683 380
853 100 107 231 520 527 980
932 109 180 196 518 757
109 107 452 766
228 251 518 908
267 200 284 298 347 451 669 941
340 478 559 935 967 985
681 125 519
754 270 643 715 965
845 871
88 493 917 943 985
493 393 546 871
917 145 697 772
943 197 361 362 376 385 439 824 903 980
985 379 533 800 889 958
89 638 645 778 851
638 465 812 873 951 967
645 156 250 770 905
778 174 270 408 607 678 977
851 525 954
107 743 759 811 837 895
212 200 456 631 948
284 239 286 350 913 957
353 279 365 676 772
555 530 793 958
769 222 297 325 558 560 570
878 145 335 596 674 715 963
180 226 328 466 678
452 347 466 809
643 297
929 419 560 668 793
952 322 386 465
93 170 231 383 515 771 809 948
170 141 253 612
231 440 535 990
383 102 141 246 379
515 185 827
771 122 126 588 935 954
809
948 607
688 162 219
729 300 963
829 328 361 459 758 984
885 160 260 297 307 611
483 273
628 332 451 495 965
153 260 534 624 815 979
678 203 534
162 122 200 260 325 801
376 971
913 197 238 345 703
574 213
770 573 591
826 174 196 505 593
957 322 440 958
294 143 222 915 980
350 227 369 758
941 223 573
960 185 215 652 897 920
964 164 458 664
974 546 592 897 909
100 253 412 498
253 227 663
412 112 385 393 573
498 560 990
652 187 223
661 191 920
818 166 508 551 946
102 664 761 909
664
761 125 157 450 459 819
909 518 810 873
499 357 624 903
945 631 963
126 143 219 774 980
226 592 611
510 203 295 465 541 593 646
908 897
246 223 811
450 705
705 187 196 240 445 727
905 125 286 662 697
157 391 889 956
393 386 466 773
475 143 530
793 607 827 978
811 295 525 675
743 213 369 456 596 812 990
759
837 345 366 451 624 978 986
895 164 758
508 125 141
873 211 348 466 968
766 402
534 676 805 838 930
935 445 872
971 456 730
262 345
990 169 203 674 946 986
112 215 282 307 328 607
215 132
282 347
307 250 273 569 942
328 319
607 270 519
295
114 223
223 391 593 775
569 301 327 456 544 573 593 703 757 801 958 967 968
669 152 211 465 505
958 132 394 451 465 485 593 812
238 436 518 727 812
519 169 327 658
222 535
240 440 801
631 402 800
967 122 380 558 668 674 706 831 963
954 152 293 391
325 365 465 815 819
465 324 549 812
920 386 687 796 956
122 505 662
505 459 697
662 357 436 774 899
544 541 549 563 663 939
698 183 327 570
327 221 342 977
125 185 999
185 152 270 348
999 260 819
143 520 899
219 480 800 815
774
980 451 706
422 530 559 827 951
560 442 800
984 386 549 800
871 439
533 220 915 979
827 191 635 930
213 169 596
369
520 210 341 365 812
630 646 801 831 963
775 145 535
132 361
361 191
408 357
563 810
750 459 796 951
239 386 801 955
386 500
220 348 899
281 896
676
687 570
815 442
840 480 495 525 807 889
248 286 478
635 889
319 145
379 445 612
141 525
727 593
807 301 341 968
819 250
872 603 903
174
525 345 897
166 345 458 480 781
279 221 341 558 579
442
824 348 918
899 439 592 831 963
986 324 541
145
300 341 916
918 197 270 342 380 459 495 968
451 773
322 456 801
380 345 436 549 706 752
897 758 896
624 342
152 701
701 535 796
260 183 250
979 332 402
155 385 896
385 781
896 402
156 675
675 200 303 518 551
391 270
889 183 273 366 558
956 939
158
570 191 331 730
160 810 951
810 394 440 690 831
951 764
200 270 558 752
801 571
221 189 593
480 399 445
978 191
164
436 394 539 609
345
458 485 772 903 977
781 805 939
612 196 596 930
690 183
169 593
593
301 946
331 459 838 914
591
968 772
183 335 348 663 735
366 500
596
347
466 558 977
273
251 211
539 210
335
348 227 939 996
663
735
419 535 571
658 324 558
270
187
527 551
189 313
313
191 394 440 703 946
453 800
588 764
394 939
440 402
703 196 357
946
357 365 500
196
197 485
485 293
286 549
439 546 573
558 342 758 977
752
805 592
203
210
342
373
977
831 478
942
478 695
211
456
551 399
668 674
758 955
800 362 603 812
535 592
549
402 903
773
592
611
227 991
991
518
293
730
706 250 298 362
297 298
559
812
955
298
571 365
250
939
609 546
965
695
546
715
915 332
637
341
579 996
903
573 914
697
796
303
365 500
445
916 764
764
757 500
324
459
500
838 646
914
332
996
399
772 930
362
603
646
930 963
963
530
674
495
541
