0 242 579 1570 1801
242 223 729
579 1008 1155 1747 1970
1570 613
1801 963 1251 1579
1 26 32 682 848 975 1394 1496 1704 1712 1938 1947
26 244 615 1174
32 213 896 1107 1378 1435 1705
682 1651
848 287 895 1363 1514 1735 1824
975 211 1218 1792
1394 513 1768
1496 85 279 542 678 904 1279 1379
1704 551 746 1345 1407 1852 1868
1712 154 693
1938 73 619 912 960
1947 180 751 807 823 1967
2 252
252 810 1022 1450
3 217 237 284 598 1584 1934
217 394 580 781 1984
237 94 236 1097 1398
284 384 1463
598 674 1517
1584 410 1485 1741
1934 1667 1829
4 760 1380 1840
760 1205 1364 1856
1380 132 146 533 1385
1840 739 1072 1413
5 301 1179
301 506 707 899
1179 335 1479 1708
6 254 1084 1790
254 424 799 1180 1486 1579 1581 1590
1084 233 516 1673 1990
1790 122 1168 1615 1792
7 420 1167
420 606 731 839 1847
1167 320
8 74 818 1188 1298 1398 1537 1761 1876
74 47 218 1314
818 135 271 473 1081 1588
1188 48 157 608 844 863 1474
1298 715 1345
1398 540 854 1252
1537 112 174 367 655
1761 898 1310 1829
1876 91 377 433 609 1197
9 1814
1814 131 302 342 585 1124 1491 1545
10 587 1476 1665
587 457 1314 1421 1653 1949
1476 435 928 1138 1205 1907
1665 154 176
11 18
18 1247 1671 1672 1798 1982
12 60 456 867 1685
60 281 1158 1297 1647 1786
456 659 967 1264 1385
867 345 487 1209 1323 1487 1893
1685 501 1525 1986
13 516 618 884 1996
516
618 223 888 1444
884 1985
1996 1075
14 850 1168 1378 1538 1597
850 93 379 1310 1608 1985
1168 38 521 1070
1378 692 889
1538 560
1597 1047 1112
15 1963 1992
1963 294 470 1950
1992 255 1079 1621 1849
16 1291 1854
1291
1854 765 1396 1813
17 50 219 702 924 1939
50 1108 1964
219 322 449 835 1018
702 69 180 291 852 935 1363 1569
924 162 511 1638 1973
1939 1505 1831
1247
1671 595 977 1097 1148 1686 1959
1672 540 1037 1056 1436 1585
1798 467 1880
1982 870 1354 1450
19 161 372 742 1792
161 527 1070 1357
372 1103 1397 1788 1813
742 382 1568 1958
1792 346 919 1138
20 229 718
229 27 751 1114 1208 1316 1543
718 279
21 578 663 1186 1196 1463 1499 1694
578 898 936 1201 1416 1598
663 613 637
1186 688 710 1117 1322 1414 1830
1196 271 403 486 674 851 1436 1698
1463 1397
1499 87 593 705 1609 1978
1694 163 381 681 1658 1737
22 526 708 1838
526 181 960 1422 1469 1867
708 798 1011 1316 1358 1714 1723 1856
1838 264 502 671 962 1687
23 698 816
698 1527
816 67 201 386 1831
24 430 585 874 1155 1304 1542
430 700 823
585 160 1006 1060 1147 1575 1687 1808
874 90 556 858 1006 1768
1155 541 1444 1590
1304
1542 97 305 1774
25 91 200 1635
91 54 334 342 629 700 801 994 1535 1803 1892
200 739 1107 1174 1268 1654
1635 179 640
244 152 261 425 1283 1426 1511
615 62 122 261 1012 1200 1624
1174 235 264 397 1099 1254 1326 1459
27 379 533 736 799 912 1194
379 1453
533 158 181 474 731 855 1430
736 156 596 1299 1415 1695
799
912 457 1040 1249
1194 343 562 688 778
28 1195 1441 1624
1195 184
1441 373 487 666 780 959 1608
1624 310 1252 1317
29 148 677 1090 1608 1690
148 1293 1623 1743
677 447 1182 1553
1090 1068 1318 1478 1703
1608 1232 1544 1863
1690 33 291 340 396 1259 1284
30 436 901
436 401 788 1888 1964 1994
901 332 660 1734
31 65 77 575 991 1391 1426 1437 1733
65 1786
77 361 408
575 1981
991 380 1041 1426 1842 1999
1391 385
1426 483 497 1844
1437 61 80 865 963 1460
1733 1170 1456 1884
213 339 1250
896 366 462 734 966 1931
1107 839
1435 34 478 820 977 1047 1989
1705 1305
33 107 1797
107 1129 1256 1899
1797 230 1252 1396
34 446 576 986 1006 1104 1212 1267 1486
446 150 1164 1642
576 583 657
986 1331 1664 1669 1989
1006 1286 1768
1104 460 683 844 1032
1212 1529
1267 371
1486 956 967
35 307 671 755
307 989 1591 1772
671 1223
755 297 583 626 943 1649 1927
36 1166 1868
1166 958 1243 1929
1868 763 1093 1365 1818 1928
37 1000 1057 1981
1000 180 198 1634
1057 880 1239 1786
1981 94 202
38 688 844
688 863
844 724 1266 1638
39 661 746
661 297 680
746 394 656 999
40 80 1505 1810
80 1556 1588
1505 1429 1800
1810 398 883 977
41 1209 1909
1209
1909 995 1736
42 641 651 827 1061 1342
641 139 987 1655 1829 1954
651 166 211
827 898 1208 1420 1882
1061 600 861 1448
1342 164 250 1181 1799
43 723 1397
723 76 389
1397 256 684 1738 1927
44 137 1175 1708
137 153 806 965 1759
1175 732 1321 1697
1708 1662
45 544 1599
544 513 765 1185 1419 1442 1693 1785
1599 503 903 997 1724 1891
46 716 1302 1679
716 1729 1777
1302 48 110 164 1395 1679
1679 72 352 1703 1743
47 49 201 1110 1933
49 556
201 304 439 1339 1818
1110 117 699 707 1661 1734 1962
1933 382 838 922 1454 1803
48 1337 1459 1503
1337
1459 433 712 1343
1503 758 1989 1997
556 232 623 1226 1565 1772
1108 326 695
1964 261 1428 1514
51 738
738 69 815 1746
52 250
250 739 1308 1500 1629 1656
53 133 634 997
133 1531 1974
634 330 825 1215 1360 1640
997 264 622 1580
54 1103 1749 1932
1103 108 626 1682
1749 298 990
1932 402 471 500 1334 1339
55 745 1515
745 1623 1691 1745
1515 543 676 820 1315 1376
56 189 834 1393
189 286 852 920
834 285 396 837 1882 1894
1393 325 915 1296 1769
57 555 1226
555 374 759 841 1741 1796
1226 330 776 1478
58 181 538 1655 1842
181 179 560 599 1492
538 298 356 776 1059
1655 601 811
1842
59 319 1032
319 553 1017 1450
1032 110 810 959 1100 1626
281 164 257 299 363 549 630 981 1867
1158 497 815 1093
1297 681 1462
1647 554 673 1455
1786 548 627 782 1558 1651
61 418 1099
418 706 756 1554
1099 489 636 717 1347 1392 1442 1514
62 421 647 705 1091 1460
421 938
647 410 608 917 1707
705 444 462 632 871 1543
1091
1460 968 1296 1338
63 603 1237 1455
603 350 431
1237 1751
1455 841 1395 1573 1769 1825 1886 1904
64 1083 1191 1652 1681
1083 99 154 639 920 1691
1191 134 206 1565
1652 125 470 696 1281 1310 1781 1924
1681 564 995 1813
66 542 825 854 964
542 202 231 636 764 992 1577 1768 1974
825 361 485 611 1070 1352 1516
854 522
964 481 862 1852 1922
67 551 1144
551 520 1015 1208 1578 1923
1144 668 758 1569 1778
68 350 504 943 1203 1242
350
504 150 452 1211 1546
943 125 1493 1776 1783
1203 788 1118
1242 1132
69 73 258 293 454 670 787 870 1123 1369 1875
73 364 849 1370 1766
258 448 807 1126 1140
293 452 508 1870
454 140
670 118 409
787 564 1860 1911
870 1622
1123 260 1553
1369 960 1089 1213 1225
1875 625 907 1119 1658
70 1197 1466 1887
1197 119 819 1668
1466 862 891 1238 1596
1887 93 270 1848
71 1054 1594 1855
1054 87 726 1178 1596
1594 841 1651
1855 296 317 640 821 879 1509
72 909 989
909 455 1547 1684
989 591
364 386 866 1799
849 248 277 1284 1443 1527 1563
1370 358 879
1766
218 455 1219 1642
1314 564 632 1098 1263 1754
75 111 457 537 1279 1517
111 88 1130 1444
457 157 550 781 1419 1859
537
1279 194 354 491 541 1002 1815 1853 1892
1517 147 377 785 790 1861
76 331 712 1477 1556
331 952 1207 1213 1824
712 686 906 1438 1643
1477 639 804 1583
1556 78 1644
361 388 853 890 1151 1834
408 481
78 135 1114 1889
135 1232 1961
1114 539 1030
1889 1580
79 96 584 775 1541
96 1401
584 193 343
775 154 494 999
1541 256 689 873 877 892 1308 1438
1588 646 683 733
81 246 530 566
246 330 881
530 1265 1467
566 247 1414
82 86 184 297 519 1044 1235 1430
86 184 340 1047 1364 1404 1731 1764
184 102 464 648 1093 1239 1254 1966
297 596 1740
519 248 859 934 1456 1870
1044 104 626 813 1137
1235 172 639 1736 1976
1430 1100 1229
83 805 1449 1848 1961
805 176 340 502 767 1462
1449 1715 1884 1965
1848 206 529 1832
1961 102 389 1309 1926
84 509
509 1500 1869
85 97 290 447
97 326 1045 1554 1841
290 471 1121
447 239 602 612 1744
340 428 602 999 1421
1047 642 1514 1912
1364 401 630 729
1404 851 1249 1321 1366
1731 1351
1764 877 1707 1785 1879 1911
87 766 1668 1985
766 99 640 1224
1668 1151 1199 1557 1815
1985 359 719 851 866 1164
88 225 1262 1631 1983
225 243 306 1745
1262 165 259 1306
1631 253
1983 932 1171 1692
89 92 505 583 899 935 1381
92 494 505 1535
505 547
583
899 208
935 243 305
1381 607 1261
90 110 1033 1315 1924 1944
110 936 966
1033 554
1315 656 992
1924 681 699 1220 1350 1736 1757
1944 1832
334 1156 1289
342 443 462 1248 1254 1415 1592 1622 1841
629 695 748 1628 1640
700 328
801 413 696 1574
994 171 643 977 1585 1865 1902
1535 1182 1888
1803 1026 1239 1580 1643
1892 405 449 697 945 1119
494 360 487 613 706 1230 1702 1903
93 842 1355 1550 1580
842 878 1205 1412
1355 1740
1550 792 1481
1580 977
94 358 562 1141 1727
358 531 643
562 433 1021 1064 1308
1141 343 794 1439
1727 967 1396 1677 1773 1922
95 103 472 815 889 1569
103 182 998
472 341 580 1015 1468 1534 1617
815 306 1451
889 118 523 669 925 1043 1145 1942 1994
1569 749
1401 686 969 1928
326 1150 1442 1458
1045
1554 1772
1841 623 1335
98 389 1252 1346
389 927 1743
1252 1389
1346 1245
99 128 294 567 859 876 1495 1508 1846 1936
128 564
294 1067
567 792 966 1020 1056
859 962 1462
876 363 644 1710 1737
1495 115 1413
1508
1846 900 1022
1936
100 149 249 275 332 441 616 623 725 865 1231 1490 1945
149 468 669
249 194 630
275 1633 1637
332 523 770 1551
441 873 1234 1332 1411
616 1145 1658 1687
623 371 498 645 1199
725 458 1379 1431 1491
865 429 916 1501
1231 788 910 1094 1334 1598
1490 452
1945 1137 1386 1669 1769 1949
101 952 982 1695
952 633 1414
982 378 1015
1695 130 1412
102 756 795 937 1546
756 377 534 1689 1788
795 541 669 1082 1100 1224 1617
937 1026 1253 1368 1374
1546 1949 1953
182 922 1072 1452 1634
998 1470
104
105 211 1427 1913
211 132 493 1067 1308 1589 1759
1427 286 317 366 565 809 1030
1913 264 676 1207 1715
106 171 1573
171 272 1748
1573 956 1264
1129 310 330 580 1867
1256 1483 1732
1899 1127 1754 1926
108 392 1071 1773 1955
392 907 1224 1396
1071 478 1338 1618 1948
1773 963 981
1955 1470 1806
109 814 959
814 209 485 657
959 186 1163 1192 1310 1529
936 1181 1818
966 445 739 1287
1130 165 981 1275 1423 1469 1680
1444 175 521 714 802 1613
112 532 1674 1820
532 944 1615 1684
1674 1066 1086 1440
1820 174 706 1204
113 419 429 560 1734 1941
419 485 1069 1534
429 1572
560 1445
1734 751
1941 1326
114 381 1105 1529
381 1082 1866
1105 193 895 929 956 1027 1040 1742
1529 122 543 650 1163 1375 1548
115 363 527 1411
363 699 1182
527 658 664 1260
1411 767
116
117 471 486 855 1929
471 733 1112
486 660 1559 1990
855 1392
1929 329 602 607 1022 1153
118 286 740 883 1714 1809
286 190 1052 1160 1307
740 595 657 1162 1421
883 894 1134 1497
1714 172 916 923 1133 1915
1809 369 713 977 1147 1571
119 273
273 1131 1975
120 230 673 969
230 212 563 890 1060 1275
673 1952
969 432 811 841 984 1070
121 150 194 221 722 1165 1640 1914
150 177 240 1131 1993
194 387 614 776 906 1021 1028 1126 1768 1942
221 539 947 1201 1866 1940
722 1274
1165 1132
1640 323 336 1485 1612
1914 721
122 481 942
481 395 861 917
942 717
123 317 713 878
317 652 1011 1709 1756
713 1843
878 627 1135
124 355 1361
355 685 1228 1918
1361 546 869 1109 1491 1805
125 450 468 531 574 1389 1675 1829
450 1453
468 558 875 1825 1879
531 431 1018 1181 1248 1384 1581 1859
574 322 650 1074 1183
1389 263 514
1675 631 828 879
1829 214 323 1609
126 1413 1461
1413 231 646 1025 1042 1354 1448 1689
1461 166 720 887
127
564 523 1124 1349
129 434
434 173 232 424 1746 1984
130 824 857 1303 1650 1770 1901
824 1125 1509 1978
857 777 1912
1303 600 1051 1060 1068
1650 179 529 1145
1770 231 1656
1901 1093 1432 1565
131
132 324 871
324 528 1465 1753
871
1531 1925 1970
1974 344 1085 1142 1192 1249 1629 1767
134 152 495 1282
152 1278
495 155 366 536 637 877 1199
1282 376 1308 1428
1232 1277 1549
136 977 1308 1331 1957
977 796 836 1443
1308 674 1273 1585 1750
1331 821 979 1131
1957 304 338 669 741 1019 1066 1085 1349
153 352 672 1818
806 417
965
1759 517 1680
138 1351
1351 245 1162
139 482 1989
482 654 1115
1989 164 428 507
140 422 781 1862
422 179 338 1102 1481 1494 1696
781 489 1995
1862 164
141 626
626 283 906 1362
142 1268
1268 406 484 515 606
143 831 845
831 892 1682
845 1317
144
145 1163
1163 1405 1585
146 187 1740
187 459 1527 1713
1740 570 1915 1967
147 719 1399 1780
719 752 1246
1399 1511 1962
1780 1506
1293 343 753 808 1837
1623 270 367 571
1743 836 841 1180 1737
669 875
177 1023 1152 1328
240 224 398 1290
1131 411 1498
1993 216 1488
151 175 1475
175 271 313 1220
1475 846 887
1278 1292 1782
352
672 234
1818 1783
154 1794
1794 493 497 1112 1177 1215
155 382
382 376 1962
156 777 873 1056 1219 1620
777 502 1040 1692 1962
873 1575
1056 310 1575 1872
1219 872 1371 1837
1620
157 684
684 512
158 911
911 925 1312 1347
159 1683 1768
1683 664 1572 1799
1768 1253
160
1070 833 1753
1357 354 624 1405
162 1575
1575 523 839 1270 1808
163 348 939
348 1002 1046 1273
939 830 1445
164 1238 1300 1686
1238 600 721 856 1160
1300 707 1275
1686 215 1612 1697 1767 1808 1926
165 1299 1785
1299 173 269 951 1849
1785 691
166 685 974 1739
685 904 1062 1307 1808 1956
974 207 547 571
1739 802 1453
167 439 1060 1138 1469
439 320 1937
1060 197 291 769 978
1138 1856 1863
1469 466 947
168 1017
1017 1807 1870
169 568 675 1075 1240
568 794
675 328 843 1539
1075 887
1240 343 1375
170 782
782 1136
272 524 1667
1748 452 678 1513 1524 1702
172 1269
1269 907 928 954 1890
173 921 996 1682
921 1484 1917
996 1162 1201
1682 245 773 1150 1180 1953
174 247 797
247 508 600 624 1839 1952
797 1587 1911
271 469
313 292 540 1894
1220 1744
176
1023 620 903 1078 1135 1210 1742
1152 1510 1558 1601
1328 835 1572 1878
178 1861 1886
1861 203 327 1176 1266 1802
1886 739
179 1418 1723 1736 1895
1418 299 1433 1788 1843
1723 506
1736 222 1753
1895 906 1670
180 1979
1979 780 837
599 424 786 1173 1843
1492 885 953 1286 1799
922 1783
1072 1494 1884
1452 477 1040 1324
1634 1102 1290 1424 1713
183 696 1516 1718
696 1178 1292
1516 1067 1121 1183 1702
1718 581
464 479
648 709
1093 335 902 1767
1239 550 836 1074 1076 1272 1376
1254 593 1561 1593
1966 1498 1758
185 265 354 947 1076 1572
265 245 1277 1383 1755 1833
354 1287 1612 1907
947 208 1139 1261
1076 261
1572 227 398 548
186 589 1074 1187 1793
589 645 932 1255
1074 300 1330 1468
1187 209 630 1593
1793 559
459 1872 1948
1527 449 1925 1952
1713
188 198 726 1016 1169 1457 1619
198 1249 1250 1765
726 1409
1016 345 1628 1828
1169 503 692 988
1457 267 1639
1619 406 432 1438
852
920 913 1972 1997
190
191 558 660 1532 1812
558 769 1101 1127 1382 1880
660 949 1265
1532 992 1450
1812 630
192 1037 1333
1037 550 1789
1333 923 988 1087 1562
193 1377
1377 227 369 517
387 1751 1837
614 757
776 1336
906 717 954 1593
1021
1028 357 927
1126
1942 433
195 674 1156 1700 1702
674 1471
1156
1700 349 1540 1622 1922
1702 999
196 1011 1014
1011 1638
1014
197 226 563 1266 1946
226 1245
563 412 748
1266 724 1106 1701 1825
1946 1055 1246 1424 1425 1481
1249 248 413 1086 1124 1320
1250 1567 1735
1765 223 477 520 522 707
199
739 259 1776
1654 438 841 1483 1807
304 1729 1788
1339 743 837 970 1224 1318
202 875
875 881 1050
203 919
919 1069 1234 1310 1336
204 1722 1816
1722 798
1816 1420 1958
205 750
750 448 1807 1931
206 774
774
207 239 261 428 900 918 1005 1925
239 980 1488
261 1336 1926
428 1382
900 1642 1645
918
1005 934 1684 1866
1925 300
208 539 907 1148 1372
539 376 687
907 887 1689
1148 238 762 1228 1595
1372 640 1248 1360
209 320 1066 1807
320 1146 1243
1066 224 235 1396
1807 697 701 1068 1642
210 621 1519
621
1519 1332 1629
493 256 1257 1557 1751
1067 720
1589 640 813 1680 1782 1825
212 398 1973
398 253 306 308 580 683 1968
1973 715 955 1281 1301
339 1063 1244 1791 1988
214 1534 1970
1534 256 786 812 1706
1970 274 1051
215 1540 1614
1540 877 1241 1317 1596
1614 302 1081
216 970
970
394 789 1013
580 231 443 600 836 1524
1984 1565
455 1406 1412 1593
1642 843 1172 1416
322 337 1162
449 1136 1202
835 627 1092
1018
220 753 785 1484 1808 1823
753 269 1150
785 438 513 687
1484 1858
1808 253 628 1259
1823 1192 1258 1972
1201 232 518 1721 1953
1866 279 335 1039 1432
1940 1787 1893
222 1479 1874
1479 1617
1874 553 656 1574 1796
223 499 559 1693 1851
499
559 1549 1661
1693 248 443
1851 748
224 1709
1709 1062 1077 1407
243 391 1903
306 277 1405
1745 453 520 720 1405
1245 1586 1611
227 1581
1581 480 957 1246
228 1703
1703 374 754 1553 1902
751 1137
1208
1316 1258 1344 1906
1543 888
890 838 979 1890
1275 1259 1493
231 778 1046 1140 1306 1421 1962
778 346 1055 1440
1046 630
1140 550 1277
1306 1468
1421 693 1577 1872
1962 881 932
232 1356
1356 625 958 1295
233 1154 1200 1431
1154 262 369 622 1878
1200 720
1431 241 561 1450 1553 1582 1789
234 435
435 1119 1227 1548
235 444
444 236 1918
236 345 477
345
477 757 967 992
1097 1026 1587
238 1251
1251 1230 1910
980 276 448 820
1488
1290 601 1020
241 1274 1965
1274 1181
1965 375 1419 1443 1563 1622
729 251 1088
391 1758
1903 999 1149
425 543 565 1027 1738
1283
1511 1395
245 548 592 807 1577
548 405 1094 1513 1578
592 1064 1558
807 819
1577 336 622 1633 1721 1891 1921
330
881 1324 1795
508 1843
600
624 1434
1839 1600 1916
1952 699
248
630 1170
1500 819 1402
1629 990 1360 1716
1656 1603
251 886 892 1143 1828
886
892 635 1198
1143 496 955
1828
810 386
1022
1450 351 549 1857 1879 1967
253
424 1043 1864
1180 1089 1125 1334
1579 318 427 549 1064 1335
1590
255
256 620 1288 1383 1497 1666
620 500 545 711 1439 1891
1288 1379
1383 506 534 804 1494 1943
1497 1923
1666 552 1557
257 1142 1376
1142 299 343 649 1405
1376 839 1244 1395
448 1366
259 1287 1651
1287 861
1651 800 829 1336 1446 1574 1741 1856
260 655 757 1317 1836
655 1746
757 1562
1317 609 1058 1522 1799 1994
1836 546
1336 1373
1926 683 1470
262 1261
1261 609 1958
263 1122 1560
1122 1684 1755 1825
1560 1027
264 397 1447
397 796 926 1189 1456 1991
1447 483 1507
1277 426 679 1414 1478
1755 847
1833 1162
266 451 591 1502 1767
451 453 872
591 299 511 868 1611 1783 1935
1502
1767 601
267
268 771 1662 1902
771
1662 1756 1853 1905 1997
1902 1008 1246 1585
269 279 968 1327 1487
279 625 1536
968
1327 735 1471 1518
1487 714 916 1134 1784
270 581 1510
581 927 1513
1510 779 963
469 1285 1412
524 811 1880
1667
1975
274 938 1525 1864
938
1525 438 1065 1491 1857
1864
1633
1637 1898
276 1139
1139 1513 1721
277 593 1338
593 377 401 609 811 885 1001 1323 1788 1905
1338 488
278 1787
1787 1221 1688 1951
625 296 545 631 1412
1536 594 948
280 1791
1791
299
549
981 955
1867 1234 1578
282
283 489 1863
489 638
1863 903 1824
384 550 668 1224
285 1192
1192 433 1162 1362
1052 1539 1919
1160
1307 502 1050 1063
287 639 686 885
639 1507 1751
686 500 633
885 1106 1908
288 645 752 1628
645
752 1776 1951
1628 1737 1865
289 298 1928
298 490 707 948 1915
1928 1612 1948
1121 399 979
291 405 502
405 1185 1605
502 853 1387 1639
292 1636
1636 460 1117 1124 1354 1395
452 1193
1870 1137 1622 1721 1930
295 697 946
697
946 724 1879
296 1349 1593
1349 628
1593 662 1111 1229
596 1387
490 754 1055 1285
707 649 951 1458 1489
948
1915 652 1758
300 957 1214 1604
957 433 1879
1214 662 1036
1604 308 484 826 1625
506 1223
302 902 1202 1387
902 535 913 941 1096
1202 445 960 1882 1968
1387 308 732 1013 1360 1888
303 1877
1877 1248 1326 1916
1729 1100
1788
305 1906
1906 1524 1779
1405 308 402 1402 1717 1811
1591
1772
308 788
788 839
309
310 1352
1352
311 511 711 993 1026
511 1124 1210 1281
711 370
993 458 1611 1888
1026 1157
312 606
606
540 433 478 955
1894
314
315 1117
1117 699 1094 1276 1884
316 923 954 1111
923 607 790 1669
954 594
1111
652
1756 507 1643
318 741 743 1109 1325 1360 1565
741 1347 1878
743 1050 1910
1109 1112 1224 1485 1657
1325 1353
1360
1565 466 572 843 861 961 1064 1555 1564
553 388 1732 1904
1146 1701 1999
1243
321 458
458 520 552
337 501 747 1578 1795
1162
323 694 1358 1746 1805
694 529 737
1358 622 761 1049
1746
1805
528 588 594 690
1465 808 1408
1753 483
325 1986
1986 328 426 758
1150 554 714 764 1310 1445
1442 897
1458 680
327 748 960
748 569 1216 1849 1890
960 520 767
328 1320 1472
1320
1472 829
329 916 1147
916 1257
1147 572 1872
1207 1865
1213 353 678 1284 1433
1824 1113
523 1241
770 987 1471 1649
1551 1506
333 622
622 1900
1289
335
336 653
653 1271
501 1559 1834
747
1578 386 554
1795 784
338 1905
1905 460 762
1063
1244 1630 1912
1988 552 680
602 636 1507 1987
999 1038 1079
341
443
462 635 1943
1248 1013
1415 1754
1592 898
1622 400 1873 1907
343 1835
1835 1042 1711 1847
344 1193 1802 1972
1193
1802
1972 680 821 822
346 864 1969
864 546 1416
1969 858
347 497 657 1673
497 1177
657 1433
1673
1002
1273
349 931
931 371 1015
351
353 445 1697
445 522 1643
1697 1670 1778
1612
1907 545 812 1994
1228
1918 984 1159 1468
356 385
385 404 687 866 1784 1922
357 813
813
643 1101
359 463 521 1190 1530
463 1559 1735
521 1217 1425
1190 367 683
1530
360 613 941
613 687 1255 1596
941 1024 1485 1954
388 1410 1897
853 769 1555
1151 731 1528
1834 417
362 1825 1826
1825
1826 1035
699 703 894 1419 1606
1182
386
866 905 1305 1706
1799 632 1077
365 642 1064
642 958 1800
1064
366 983 1473 1618
983 617 872 1136 1227 1374 1717 1763
1473 812 1586 1948
1618 1664
367 1068 1760
1068
1760
368 1178 1221
1178
1221 573 882
369 475 1132
475 380 687 826 910 1210 1512
1132 632 1257 1416 1750
370
371 897
897 1990
1813 1374 1806
373 1571
1571 627
374 611 1309
611 426 995
1309 1375
375 1832
1832 1323 1968
376 627 1796
627
1796 945
377 995 1048
995 1241
1048 1012 1448
378 790
790 492 1617 1921
1453 1112
380 1471
1471 512 808 1177
1082 856 903 926 1128 1707
383 1329
1329
550 1019 1977
668 860
1224 594 680
404 786 837
687
1784 1777
1922 1392
1751 1265
1837 510 1691 1857
1410
1897 1365
927 1741
390 744 1321 1482 1987
744 749
1321 1390
1482 717 780 926 972 1827
1987 1050
1758
1396 1522 1606
393
789 967 1081 1648
1013 1858
395 438 803 1049
438
803 577
1049
396 649 1856
649
1856 768 1417
796 735 1774
926
1189 573 1038
1456 479 1198
1991 828 1819
683
1968 858
399 1416 1425
1416
1425 1227
400 1276
1276 1010 1544 1692
401 665 1689 1883
665 1050
1689 415 1385
1883 839 1432 1698
402 546
546 1029
403 1087 1136
1087 1157
1136 515
786 1020 1504
837 1137 1494 1881 1910
1185 470
1605 1752
406 1343
1343
407 817 862 1598
817 628 1735
862
1598 1153
409 1904 1917
1904 1958
1917
410
411 604 1958
604
1958
412 1379 1976
1379 768 1434
1976 843
413 1086 1669 1954
1086 888 940
1669 1403 1428
1954 1843
414
415 1305 1977
1305 1923
1977 595 761
416 1480
1480
417 664 727 944 1363
664 905
727 681
944 1752 1999
1363
706 1216 1218 1610
485
1069 1815
731 951 1491
839 1498
1847 1081 1507 1548 1617
1102
1481 1223 1849
1494 1330 1999
1696
423 635 714 767
635 1353 1395
714
767 658 1783
1043 879 1432
543 1210 1562
565 1270
1027
1738 1080 1606
426
427 1128
1128
1382 586
823 915
431 496
496 1613 1698
432 1301 1350 1547
1301
1350
1547 1106
433 561
561 836
1119 945 1711
1227
1548 1549 1776
1888 1574 1849
1994 658
437 1112 1781
1112 570 1859 1912
1781 529 1080
1937 1015
440 590 1409 1523
590 1951
1409 1645
1523 1815
1234 846
1332 1078 1956
442 1910
1910 1313 1371
522 800
1643 503
1164 681 720
612 1520 1602
1744 843 1524 1757
1366 1440
453
872
1406 609 1869
1412 843 1464 1684
659 1353
967 784 1368
1264 1717
1385 808
1419 1080 1663
1859 1935
520 763 1137
552 1609 1822
1872 695
1948
460
461 791 1272
791 695 1821
1272 704
1943 804
1559 951 1648
1735 1310
479
465 749 1724
749 679 1080
1724 1159
466 1857
1857
467 1390
1390 588 1849
1879
1285
470
733 1024 1687
1015 1717
1468
1617 1223
473
474 1204
1204
826
910
1210
1512
476 1181
1181 691
992
478 838 1384 1403 1659
838 1852
1384
1403 654 841 961
1659 1050 1555
480 798 1434 1849
798 1562
1434 971 1095 1522
1849 572
861
917
654
1115
483 1161
1161 1711 1750 1831
484 515 1750 1980
515 633
1750 773 843
1980
1990 1218
487
488 1368
1368
638 554
754 1967
1055 951 1286
491 840
840
492 656
656 836 1296
1257
1557 1149 1258
1230
536 950
637 868
877
1199 1684
1613
1698 1664
1177
498
500
1639
503 646 1616
646
1616 1347
1211 932 1445
547 1092 1632
1223 1951
507 605 1353
605 632 765 1827
1353 1439 1853
1843
1869 1222
510 1553
1553 903 1660
1124 529 779 1041 1059
1281 608 701
512 573
573
513 1676
1676
514 955 1271 1850
955 903 1931
1271 1504 1586
1850
633 1725
517 1062 1706
1062 1198
1706 617
518 1539
1539 1029 1898
934
763
1137 692
1217
800 1582
1241 1587
811 961 1893
1880 898
525 681 1172 1777
681 882
1172
1777
1422 1771
658 1433 1757
1260
588 1053 1691 1927
594
690 1089
529
1265
1467 894
1615
1684 1035 1322 1920
534 619 1653
619 1916
1653
535
950 945 1567
1059
541
636
764 571
1562
765
545
1029
1092 1236
1632 1053 1789
1094 1774
1513 608
1019 728
1923 1024 1367 1778
1609 1566
1822 1687
1732 1582
554 1292
1292
759 1649
841
1741 569 570
557 1089 1951
1089
1951 769 1263 1596 1804
769 1100 1524
1101 1081 1096
1127
1549
1661 1595
1445 703 1294 1311
836
1270 1819
1414 1198 1509
792
1020 628 1601 1747 1896
794 1423
569
570
571 1860
1860
572 689
689 1726
650
1183
577
898 1526
1008 1218
1747 1522
1524 1446
582 1009 1865
1009
1865
1687 821
586
1949 1514 1576
1053
1691
1927 1313 1423
932 1039 1098 1677 1720
1255 1365
868 1176 1603 1625 1670
1611 1118 1638 1763 1885
1783
1935
1558 1439 1526
609
1001
1323
595 822 1433
822 692
1433 784
597 888 987 1159 1771
888
987 1489 1896
1159 1335 1882
1771
1173 893 908
601
1507
632
1827
607
608
610 808
808 780 1763
1520
1602
1596 779 1036 1720
1012
1145 895
1658 1885
617
1916 701
1439
1891 1950
1900 1716
631 829
1362
628
695 728
1170 737 1040
829
1725
1215 715 730
1395
640 1347 1365
1347 893 1003
1365
958
1800 913
644
1707 1096 1561
709 830
1296
1757
949
680 1978
662 1039 1956 1998
1039
1956 891 1509
1998
905 809 1680
1050 1335
666
667
860
843
676 988
988
678
679
1978
882
904
863 828
1726 732
691
692 1253
1253
693 1522
1522
737 809 1149
728
703 1648
894 1514
1606 985
701
1648
704 915 1663
915
1663
1216 1717
1218
1610 1711
951
1489
830
710 846
846
1438 1280
715
717 933
933 856 979 1514 1920
1246 1133
720
721 828 1568
828 832
1568 1699
724 1664
1664
1491
1088 1657
730
732
1024
734 1176
1176 1065
735 1225
1225
809
1149 1811
1776
1878
1890
1080 856
1931
1967 1930
1649
758
1205
761
762
768 914
914
1100 1603
772 1509
1509 953
773 1371
1371 1010
1040 1953
1692 1367
1440
779
780 1031 1312
1031
1312
1995 1073 1566
783
784 1646
1646
1504
1911
1081
1921
1821
793 1106
1106
1423
1774 1852
1587 1263
1582
1574
802
804 1311
1311 1236
1462 1716
819
1763 1085 1630
961 1742 1908
1893
812
1451
1831
820
821
1125
1420
1882
832
833
1881 1036
1852 1699
1498
1638
847
895
1514 1819
1284
1443
1563
1310
851
1555 1198
1392
856 1716
1716 1077
1912
858
962
1501
1603
1625 1898
1670 880
869
1710 1007
1737
1135
879 1564
1564
880 1644
1644
1324
1134 1858
1908
887
925
979
891 1286
1286 1118
1198
893
1526
1645
913
1096
903 1873
1873
1680 1896
908
1997 1677
928
929 1446 1762
1446
1762
930
1098
1677
1720 1345
1920
1374
940
1485
1493
1752
1999
945
1567
953 1853
1853 1335
956
1742
963
984 1711
971
972
973 1118
1118
976
978
1717
1711
985 1778
1778
1896
990
1041
1585 1728
1470 1263
1038
1079 1719
1003
1004
1007
1010
1858
1601 1959
1078
1025
1157
1030
1626
1034
1035
1036 1263
1263
1789
1953
1042
1432
1448 1699
1335
1051
1919
1058
1065
1815 1367
1884 1280
1073
1330 1544 1811
1077
1719
1085
1657
1318
1478
1236
1095
1113
1116 1474 1845
1474
1845 1775
1120
1133
1721
1701
1595 1319 1811
1811
1528
1153
1171
1326
1334
1184 1429
1429 1898
1322
1830
1436
1206
1222
1229
1233 1844
1844 1545
1375
1630 1586
1586
1561
1483
1258
1259
1819 1583
1544
1782
1280 1600
1600
1428
1294
1295
1345
1313
1754
1344
1319 1386
1386 1552
1518
1373 1688
1340
1341
1348
1354
1359
1367
1688
1552
1388
1769
1400 1660
1660 1728
1402
1407
1408
1464
1417
1424
1898
1699
1715
1454
1583
1506
1521
1533
1545
1566
1576
1728
1959
1607
1885
1621
1627
1641
1678
1730
1775
1779
1804
1806
1817
1930
1871
1950
1960
1971
