0 11 150 173 246 368 382 502 614 627 636 671 687 723 790 884 906 910 996
11 8 85 243 286 387 395 418 420 617 625 642 737 743 800 820 940 986
150 125 151 281 327 333 405 529 535 563 646 771
173 9 40 91 118 165 205 247 476 563 651 718 770
246 222 341 450 551 664 877
368 48 78 346 401 451 518 572 649 665 785 886 893 914 927 978
382 66 171 349 679 747 824 825 952
502 57 140 161 284 289 326 400 416 454 497 706 863 943 967
614 260 359 536 619 719 886 978
627 185 281 299 443 446 448 513 623 625 698 767 801 866 868 869 907 947
636 184 229 440 443 592 612 618 623 924
671 32 183 197 264 395 398 588 657 813 897 905 914 959
687 66 104 136 148 340 372 381 414 503 565 603 700 736 806
723 31 38 58 245 458 601 624 816 884 885 903 965
790 43 82 103 198 293 384 392 465 478 481 485 491 497 548 710 717 744 810 848 879
884 82 126 147 181 240 288 334 352 379 500 689 789 865
906 28 29 67 82 99 260 379 386 476 686 726 878
910 113 293 302 397 401 483 484 523 526 538 606 641 745 809 828
996 39 158 174 271 273 355 504 534 643 763 875 944
1 64 191 242 303 322 358 682 964
64 230 607 751 757 800 872 946
191 155 164 302 316 324 361 387 423 589 592 748 824
242 10 87 235 240 371 438 473 515 681 727 820 958
303 192 274 641 678 814 851 872 995
322 195 222 248 280 296 365 373 461 517 586 612 617 772 793 886 908 924 949 980
358 138 147 166 257 381 423 472 561 593 653 694 800 934 956 992
682 7 18 58 109 116 168 308 335 596 702 708 769 808 876 900 928
964 148 210 296 312 366 381 428 524 554 603 749 755 758 874 926 984
2 117 157 175 198 275 295 423 452 561 692 750 811 842
117 178 189 192 227 257 401 405 457 779 843 845 853 882 973 991
157 109 174 228 317 347 373 840 861
175 53 55 131 427 597 664 683 708 753 781 832 889 893
198 282 379 416 434 552 696 869 931 979
275 29 137 177 223 244 519 620 669 677 709 752
295 87 119 124 227 324 470 475 615 690 753 799 867 895 905 948 960
423 8 32 35 130 230 310 326 438 585 658 670 764 780 783 861 984 990
452 41 78 136 192 223 470 499 528 668 761 776 799 949 977
561 17 33 90 340 433 435 460 585 596 673 675 741 755 808 842 894
692 34 56 132 192 202 293 506 527 568 597 600 764 795
750 67 89 103 148 211 388 398 526 668 713 845
811 84 113 138 467 558 584 724 745 806
842 134 216 265 334 451 461 468 542 742 753 973
3 83 125 254 354 438 649 709 726 739 771 886 980
83 25 177 192 210 287 414 436 444 457 508 545 644 653 675 679 683 697 718 851 904 927
125 111 113 118 388 393 419 493 657 676 700 715 985
254 101 113 335 345 357 512 560 562 697 838 955
354 153 398 429 462 739 834 864 880 938
438 93 137 265 280 589 663 709 773 820 885 957 975
649 84 307 419 543 633 659 711 787
709 234 286 334 353 426 442 477 478 567 739
726 67 73 99 165 319 453 475 509 600 673 804 823
739 10 12 65 92 120 185 186 239 317 337 340 341 385 510 559 597 609 613 637 662 740 757 804 832
771 41 89 119 144 224 302 373 538 641 695 707 782 804 968
886 38 55 98 250 318 365 377 402 466 482 493 521 611 664 860 924 936 945
980 21 179 290 302 309 486 521 569 816 829 883
4 261 445 492 522 688 815 827 837 843 888
261 94 116 187 271 276 406 589 599 642 664 761 850 911 959 987
445 104 204 282 420 565 688 720 728 939
492 47 85 172 240 251 462 479 638 742 767 827
522 12 42 73 335 378 470 481 553 568 577 613 631 927 943 986
688 19 32 113 203 219 286 337 495 554 586 589 592 856 955 978
815 110 162 234 271 365 457 479 480 487 553 612 706 843 852 913
827 41 103 139 195 450 593 642 755 938 977
837 70 129 250 403 494 826 835 943
843 21 73 108 111 129 296 338 364 454 480 612 718 831
888 273 312 327 355 387 473 525 557 580 601 612 621 799 845
5 104 201 222 365 401 425 506 646 681 862 863 951 952 968
104 9 56 116 158 239 514 555 570 611 765 822
201 31 114 168 209 236 302 370 420 482 500 602 759 806 849 895 954
222 119 187 188 195 216 264 281 307 337 370 422 441 442 601 604 606 626 663 676 881
365 23 69 88 111 179 192 239 249 471 571 639 814 914
401 80 129 207 319 431 434 513 523 537 543 699 708 732 744 767 846 881 913
425 41 228 263 453 462 520 785 806 853
506 178 300 334 394 516 678 851 934 949 971
646 56 112 126 304 544 656 658 662 741 772 924 999
681 86 120 152 287 301 319 479 689 742 788 908
862 8 34 40 122 135 263 378 437 530 545 589 640 674 675 707 781 846 924 943
863 22 220 418 426 434 446 461 521 539 769 990 997
951 266 327 449 450 590 611 650 869 890 899 918 946
952 134 135 140 199 337 500 521 566 686 705 715 737 844 870 898 913 981
968 8 36 49 106 119 151 171 307 315 324 460 567 596 695 725 891 902 949
6 28 156 183 310 485 510 713 759 870 883 913 922
28 50 99 247 248 331 366 377 381 393 404 456 463 479 539 543 643 683 699 730 985
156 49 60 68 123 212 217 229 475 481 599 697 753 855 859 907
183 22 133 142 400 500 512 549 697 876 898 988
310 238 249 266 288 370 372 383 407 447 450 464 493 587 601
485 62 182 355 446 538 572 590 610 817 860 889 893 946
510 67 152 197 202 209 233 387 567 596 626 631 635 694 727 764 989
713 61 93 143 177 366 372 496 497 530 546 564 576 604 631 669 748 821 896 914 957 997
759 120 315 370 474 508 519 583 625 648 676 686 701 902 925
870 366 367 400 403 623 635 665 954 985
883 93 128 136 459 478 489 490 493 525 747 786 955
913 230 257 459 621 761 819 899 959
922 25 51 82 96 146 412 455 456 571 576 630 699 744
7 19 22 66 218 236 315 351 595 617 648 683 686 866 937
19 36 65 153 159 308 316 330 464 482 573 610 722 733 744 758 841 861 934 976 981
22 16 24 32 187 219 393 586 650 664 668
66 74 165 182 256 377 393 431 656 766 817 836 871 894 921
218 51 195 267 321 400 574 588 592 599 639 901
236 80 102 171 278 355 413 429 599 899 947
315 268 332 342 448 453 616 673 775 947
351 18 67 103 105 133 146 148 340 466 549 573 587 600 972
595 53 75 91 213 228 346 431 456 494 707 740 784 831 881 963 987
617 299 399 457 542 548 584 652 719 744 903 908
648 60 129 227 274 407 490 537 594 598 606 628 679
683 32 44 161 187 220 226 393 496 535 558 654 725 757 767 785 804 822 942 948
686 63 197 232 233 407 521 580 631 685 698 733 805 932
866 17 52 69 244 251 340 356 363 514 517 591 733 762 789 887 975
937 57 124 225 230 301 347 376 383 626 640 677 756 784 814 963 973
8 56 197 216 247 422 460 468 521 575 593 647 650 719 967 987
56 151 165 257 292 297 562 603 615 657 668 740 776 794 933 936 949 981
197 195 199 291 312 380 400 407 504 544 548 572 602 694 740 758 852 882
216 48 225 340 410 775
247 75 80 244 320 350 377 473 475 479 582 834 856 949 950
422 142 279 298 493 602 640 929 961
460 249 283 344 501 503 557 680
468 299 361 587 714 755 840 867 988
521 174 189 282 429 594 652 699 791 990
575 133 325 356 592 748 844 845
593 61 65 95 169 345 400 463 535 569 628 630 755 802
647 52 58 105 110 123 442 481 526 576 621 710 792 876 880
650 80 105 142 390 568 787 845 918
719 21 287 419 470 559 594 674 836 903
967 288 397 598 689
987 181 367 455 549 626 731 799 829 943 949 970
9 124 188 189 241 292 337 353 474
124 110 134 289 301 426 558 789 958
188 110 203 226 267 317 345 396 400 429 515 772 869 907 991
189 16 137 279 349 762 803 966
241 109 187 264 312 339 427 469 625 651 676 836
292 36 278 290 400 479 520 528 543 562 629 638 752 800 820 847 972
337 79 92 250 255 266 273 299 596 738 783 876
353 78 119 227 257 442 469 567 601 876 901 931 947
474 76 217 456 464 475 660 721 918 930
10 30 74 126 145 227 228 238 360 390 404 487 783 807 869
30 71 250 260 269 323 324 375 414 447 461 482 644 776 930
74 34 76 96 314 373 384 394 444 458 514 663 670 949
126 33 109 131 172 239 317 348 418 554 685 747 822 874 948 976
145 102 114 208 420 463 537 589 701 832 970 982
227 88 158 166 380 458 698 770 832 892 969
228 45 98 100 391 393 462 577 630 716 858 938
238 21 60 73 138 300 379 456 486 602 613 675 787
360 13 20 160 215 296 413 583
390 271 317 364 471 483 558 748
404 186 212 257 369 457 462 568 805 867 933 948
487 33 87 165 167 356 399 436 606 703 950 965 983
783 176 192 265 386 411 436 443 456 481 567 615 718 740 807 855
807 97 99 110 234 457 476 539 602 678 772 778 920 998
869 77 132 203 348 391 500 583 597 674 786 867
85 103 230 318 376 478 550 589 607 619 662 814 848 917 918 921 983 993
243 39 72 131 208 326 463 799 801 829 973
286 142 331 462 651 727 749 854 960
387 95 147 325 399 594 662 799 867
395 137 161 204 229 231 232 412 480 482 535 611 680 707 761 874
418 35 279 331 336 347 377 416 437 440 461 549 557 651 691 877 997
420 84 100 141 338 366 436 466 476 479 559 634 741 768
625 130 164 448 513 981
642 40 47 127 313 314 361 373 469 509 628 640 680 737 778 817
737 90 143 151 223 269 300 414 605 705 714 727 777 796 894 946
743 36 47 248 263 287 385 433 476 565 634 644 788 890 894
800 48 77 116 133 211 344 346 435 472 574 638 979
820 144 163 220 229 255 331 411 752 829 949
940 186 196 264 600 604 643 676 784 806 809 895 975
986 80 97 112 221 336 417 665 684 917 944
12 122 167 288 411 413 548 594 768 813 972 979
122 58 134 205 377 405 511 673 810 831
167 29 39 54 71 176 313 500 556 733 794 821 898 950
288 182 213 377 477 482 599 616 631 900
411 67 78 383 475 612 669 844 867 947 963
413 39 366 375 408 582 604 725 748 787 819 824 938
548 94 147 164 204 240 346 403 551 738 928
594 87 177 195 233 318 326 427 523 543 580 605 664 774
768 69 100 307 466 482 527 531 644 703 712 753 852 925
813 31 43 148 166 257 349 488 493 568 670 824 852 872 942
972 48 102 152 160 217 346 352 499 742 791 943
979 78 84 177 356 386 489 564 697 716 734 756 812
13 72 132 203 304 346 443 453 637 697 734 880 892 962 999
72 39 82 159 164 264 273 463 538 603 881 924
132 67 69 529 566 599 745 828 848 853 941 994
203 16 81 110 182 338 415 443 545 629 823 854 936
304 47 106 146 308 313 321 526 585 638 877 983
346 118 192 199 256 407 430 437 462 566 586 753 876 900
443 89 127 177 279 312 405 816 823 852
453 139 166 491 611 616 693 697 700 789 806 822 944 991
637 162 282 287 343 498 508 535 630 700 757 765 944 995
697 45 162 223 240 378 455 516 529 762 802
734 44 49 87 267 371 517 560 581 657 746 792 853
880 82 182 370 476 703 724 776 801 947
892 17 25 82 151 319 369 429 430 512 604 678 705 877 881 981
962 151 393 463 573 895 941 945
999 26 54 92 144 184 327 348 371 431 465 616 775 778 926 945
14 27 39 153 170 289 484 652 871 920
27 50 88 89 148 311 437 462 480 547 787
39 95 277 312 331 396 591 609 715 718 721 753 754 993 997 998
153 75 90 328 392 444 455 503 509 538 634 792 828 897 949
170 100 121 240 336 378 490 607 630 643 747 829 833 960 975
289 118 174 186 199 257 333 349 447 545 942 993
484 319 408 426 568 791 950 978 982
652 53 123 212 273 374 431 615 798 978
871 142 363 560 612 633 661 893
920 65 75 99 297 302 305 491 526 546 782 859 898 988
15 112 231 366 430 442 513 574
112 35 588 640 685 765
231 92 143 210 250 316 335 342 378 410 430 797 956
366 121 194 196 273 281 427 454 500 684 707 732 747 939 943
430 95 326 405 539 576 578 600 740 756 889 945 961
442 190 287 317 398 419 524 534 551 720 855 877 878
513 143 177 212 290 350 465 616 643 669 742 757 867
574 48 62 301 345 570 788 939 945 948 971
16 41 192 213 279 370 424 495 515 738 754 780 794
41 163 307 329 409 464 497 498 507 607 989 995
192 67 138 177 232 271 480 690 846 878 927 949
213 71 352 441 471 532 599 613 825 829 836 950 956 997
279 61 131 224 342 529 658 702 899 995
370 55 111 158 367 511 621 721 780 919 971
424 24 174 206 375 841
495 196 211 403 494 526 789 831 903
515 32 178 305 477 578 616 670 769 865 908
738 151 163 394 417 437 498 524 618 831 846 903
754 90 143 291 316 588 631 656 670 745 989 991
780 123 142 176 428 526 577 599 814 958
794 100 108 283 375 509 712 752 873 878 990
17 24 331 518 702 793 949
24 47 211 273 291 547 567 601 747 982
331 52 54 171 447 475 493 526 611 689 749 819 881 958 977
518 79 161 202 205 260 283 308 357 428 469 550 552 703 822 850 855 992
702 200 248 399 450 629 798 912 916
793 155 186 224 296 349 388 450 554 788 896 908 981
949 37 253 456 493 494 722 797 822 836 919 970 976
18 107 367 428 440 712 814 876 916
107 31 127 239 342 473 512 579 635 662 740 791 808 833 889 974
367 159 233 364 505 801
428 32 90 103 200 312 589 615 630 696 729 776 779 788 828 966
440 164 505 524 680 779 929
712 92 101 362 409 472 565 576 698 744 855 872 911 974
814 43 49 53 86 101 277 464 470 516 519 528 658 923 985
876 75 459 489 635 725 803 941
916 185 282 335 457 504 732 766 854
36 135 374 384 436 622 706 832 966
65 177 185 277 536 597 643 767
159 108 226 363 383 385
308 40 94 103 134 190 389 393 417 554 566 824 872 958
316 25 52 221 527 529 722 731 849
330 62 87 133 168 255 312 389 878
464 33 108 123 200 263 361 381 480 531 596 673 764 787 826 853 860
482 25 59 154 340 388 471 532 662 707 715 850 898
573 57 63 118 363 383 503 523 569 756 781 816 819 954
610 69 182 202 215 349 634 653 773
722 101 131 282 338 373 410 523 534 558 821 875 878
733 47 371 436 584 640 706 894 991
744 294 352 504 639 773 822 844 856 891
758 23 164 232 342 362 400 479 552 638 661 786 836 966
841 129 199 324 344 552 669 792 909
861 371 410 524 565 691 715 753 896 919 938 959
934 160 166 194 249 347 356 402 685 708 823 849 989
976 94 102 129 264 543 590 631 797 833 882 887 957
981 49 210 224 388 564 670 808 897 927 956 995
20 81 96 204 206 403 475 535 599 728 745 801 845 973
81 119 225 273 557 603 619 667 795 855
96 207 311 327 376 383 446 584 663 727 735 747 755 846 948 971 978
204 202 255 345 544 546 554 592 639 796 955 959 969
206 240 291 307 325 628 680 784 903
403 38 62 194 338 345 371 469 826 846
475 90 516 532 536 551 623 667 746 822 914
535 299 386 444 519 577 640 735 872 925 948
599 75 98 109 209 302 433 473 508 773 889 963
728 38 214 232 237 314 328 342 356 394 415 524 570 577 698 826 909 965
745 21 33 59 62 158 267 293 309 356 421 426 584 679 764 802 877 938
801 77 133 214 369 570 638 855 901
845 127 244 320 343 372 417 525 668 669 878
973 31 84 131 164 374 415 583 675 704 777 825 894 899 921
21 60 102 161 386 469 476 496 557 773 846 872
60 91 109 272 398 410 486 526 551 658 735 828 947
102 37 75 138 149 209 342 369 415 501 603 673 782 839 848 874 930 946 995
161 58 98 376 476 618 634 640
386 63 73 523 563 566 580 893 901 927
469 29 34 52 59 105 491 544 639 799 806 810 823 836 893 943
476 105 214 215 341 359 551 557 653 891
496 103 240 258 439 596 830 878 997
557 67 169 215 503 539 598 607 615 689 875
773 78 88 235 471 581 695 716 721 912
846 68 75 131 196 478 706 746 805 879
872 44 91 190 313 341 532 619 696 823 941 957 965 982
32 61 219 229 380 531 551 724 823 849
187 62 79 109 155 202 260 294 421 547 613 685 700 805 849
219 44 119 121 285 545 592 930
393 43 75 142 248 326 397 638 641 727 736 832 936
586 59 87 95 235 426 427 536 540 772 897 943
664 121 130 277 558 621 628
668 78 143 200 309 427 498 581 598 601 705 925 998
23 240 294 340 380 499 558 559 685 699 834 890
240 46 268 293 419 603 639 689 848
294 90 202 255 340 439 581 718 812 890 894 992
340 105 141 164 323 327 414 456 493 494 534 542 691 812 887
380 94 177 376 542 760 819 918 923
499 162 223 309 320 516 549 579 770 926 936
558 281 324 394 563 767 828 832 868 891 919
559 79 99 284 466 621 710 953
685 199 281 287 374 461 478 748 785 919
699 34 121 355 379 471 483 605 899 930 955 977
834 186 244 276 280 334 436 439 660 689 710 714 747 767 844 865 895 905 917
890 48 151 166 172 274 284 385 615 655 698 991
47 182 282 332 352 406 494 540 953
211 176 343 589 608 716 864
273 100 299 332 439 536 848
291 79 500 711 766 812 822
547 200 307 410 426 501 571 667 917 965
567 76 618 661 717
601 94 118 120 151 262 332 342 361 385 525 537 542 629 930 931
747 283 332 530 725 785
982 130 258 408 446 540 638 653 655 757 945
25 205 490 500 542 564 585 657 809
205 34 54 179 326 355 429 465 538 603 645 670 935 960
490 109 338 635 691 698 748 755 795 805 966
500 67 137 245 272 751 948
542 50 77 196 348 512 514 633 678 698 769 822 847 931 950
564 178 239 305 611 756 899 900 956
585 123 180 333 334 477 489 763 829 963 988
657 234 334 359 405 584 941
809 34 355 520 572 622 639 673 836
26 34 121 806 874 941 965
34 100 123 282 385 450 486 571 633 655 852
121 111 143 200 293 359 414 467 721 994
806 214 229 578 605 644 933
874 207 276 541 584 679 791 802
941 84 284 383 399 419 519 528 598 839
965 103 133 234 293 375 606 746 765 817 860
50 114 359 516 565 689 703 736 816 991
88 54 517 576 631 707 710 878 903
89 116 168 233 364 612 673 689 767 787 912 958 971
148 208 333 634 730 850 908 925 998
311 87 220 514 765 810 894 909
437 244 250 255 449 450 467 504 727 898
462 71 755 791
480 106 162 207 230 666 730 860 978
787 164 232 391 444 644 698 770 991
99 120 144 407 470 494 540 638 761 851
248 68 696 755
377 29 326 497 580 596 742 836 885 946 991 997
381 37 86 93 128 141 501 538 611 730 755 765 919 991
456 58 235 432 508 603 609 662 742 766 782 865
463 234 389 534 545 696 958
479 168 296 320 369 389 488 584 609 835 864 878 950 983 990
539 115 587 656 948 955
543 144 151 372 373 400 919 930
643 127 193 378 446 451 589 653 679 732 924 960
730 46 109 271 297 357 388 394 665 954
985 92 162 239 296 373 597 605 708 727 792 865 911 963
29 38 154 376 532 600 609
38 162 171 359 410 494 803 824 828 936 994
154 232 412 606 706 859
376 75 79 232 256 284 534 554 651 887 918
532 258 282 296 309 488 530 885 984 995
600 115 176 185 270 345 619 717 729 791
609 235 268 446 493 514 639 705 856 889
71 186 260 264 512 519 544 762 769 983
250 68 90 314 541 616 661 735 944
260 86 87 118 149 155 447 454 881 915
269 109 131 262 406 544 781 802 840 854 917 925
323 37 45 97 239 270 357 483 565 756 894 899 939
324 82 146 214 665 694
375 35 37 136 162 251 293 373 391 431 457 526 720 767 822 998
414 199 527 533 938
447 45 212 235 320 531 589 701
461 297 317 372 415 560 612 613 630 749 788 804 958 975 992 998
644 77 97 257 429 587 622 691 696 854
776 263 272 307 343 544 656 696 746
930 168 177 252 299 373 388 556 596 725 761 959 989 994 995
31 137 633
137 97 113 302 458 590 736 782 819 909 977
633 345 435 630 819 927
61 140 146 221 412 533 724 788 795 960 983
229 63 87 396 563 663 714 865 891 908
531 181 196 359 431 569 611 656 689 732 852 855 942
551 46 152 190 338 431 472 727 908
724 119 162 554 556 718 830 844 932 956
823 113 142 345 640 660 720 729 761 882 983
849 44 92 217 249 252 267 493 533 658 680 752 779 931 933
33 781 788 852 908
781 136 385 412 508 523 769 775
788 352 553 639 663 753 887 938 991
852 51 67 80 109 152 329 356 555 621 764 954
908 77 301 553 704
100 94 209 281 379 616
123 35 302 407 483 498 507 666 705 818 956
282 40 172 293 336 342 409 581 587 603 628 851
385 68 147 556 741 828 915
450 68 111 139 140 144 458 529 536 667 775 779 907
486 147 421 580 818 856
571 321 410 508 634 700 775 936 939
655 172 396 489 552 591 677 710 847
35 135 300 359 465 602 669 680 690
135 59 265 451 511 603 821 856 873 909 936 998
300 76 318 458 658 691 695 786
359 128 529 629 631 675 693 732
465 402 624 731
602 37 143 196 312 429 470 523 619 877
669 97 133 165 234 369 684 711 717 911 932 997
680 40 75 130 184 195 290 378 399 409 494 608 641 732 833
690 103 230 233 471 578 581 588 831 868 933 960 977
374 92 237 302 523 538 729 782 854 963
384 45 284 398 549 597 641 654 899 954
436 255 299 332 333 434 533 715 848 961
622 73 105 180 224 244 264 663 764 822 824 856 877 970
706 225 297 352 427 604 618 641
832 73 92 534 588 653 777 966
966 164 165 336 591 623 675 899
37 141 266 405 434 435 449 570 708 796 802 836 907
141 408 735 764 989 994
266 49 270 434 530 555 568 583 598 613 621 639 700 755 854 975
405 69 149 309 741 775 932
434 182 217 293 299 402 467 645 755 864
435 43 97 181 224 274 283 301 426 527 676 769 798 924
449 90 111 118 143 299 338 458 578 656 755
570 44 139 220 379 511 550 556 569 639 974 997
708 116 163 196 572 715 760 821 983
796 193 317 621 764 924
802 54 329 472 717 840 844 950
836 119 178 265 285 361 857 864 900 975
907 149 259 343 398 524 537 835
162 158 181 319 507 523 526 533 732 939 942
171 42 399 900
410 75 80 110 138 214 263 372 481 529 640 701 764 840 905
494 335 576 751 792 805 860
803 80 290 858 918 944 950
824 45 54 55 299 342 466 817 844 898 988
828 75 78 184 606 838 988
936 299 313 391 865
994 44 45 128 194 345 467 629 630 672 742 853
95 63 270 325 408 503 584 698 729 792 835
277 127 215 325 511 651 873 875
312 695 825 953 975
396 168 257 458 607 740 887 963
591 109 172 215 234 264 306 342 577 663 762 944
715 58 152 283 296 503 534 577 606 630 710 763 885 957
718 224 267 373 419 467 603 604 641 748 850 957
721 79 357 451 563 568 675 881
753 163 180 268 356 363 379 398 729 831 881 954
993 208 356 369 526 606
997 136 378 388 472 825
998 115 180 208 844 971
40 111 313 439 477 554 581 616 889 969
111 314 345 528 720 856 867 877 899 904 927
313 347 663 853
439 267 568 900
477 62 70 128 264 406 488 693 819
554 320 520 528 562 698 742 764 775 877 889
581 48 78 80 178 181 212 338 451 509 693 903 984
616 350 398 785 795 867
889 194 225 244 770 808 954
969 67 285 342 607 700 911 914
163 169 174 177 207 417 429 624 857
307 166 209 332 427
329 91 129 207 256 263 296 357
409 45
497 225 321 441 481 623 878 921 953
498 46 136 332 493 520 553 620 731 767 826 926 927
507 264 356 369 394 481 785 830 853 902 954
607 281 629
989 186 230 319 407 419
995 217 297 298 309 402 444 478 556 720
42 459 578 975
459 327 352 676
578 109 763
975 63 91 257 287 629 670 853 903 961 978
43 57 101 106 182 207 314 364 400 419 466 923
57 114 120 166 177 255 274 305 326 670 677 830 900 974
101 110 184 220 314 319 325 491 530 589 666 731 826 942
106 103 105 176 177 280 332 344 572 670 854 898 931
182 62 129 272 285 296 334 546 592 751 898
207 258 278 623 864
314 62 151 252 369 488 541 603 840 855 938
364 73 416
400 76 283 604 756 825 897
419 55 146 320 628 696
466 392 840 851 860 896 924
923 94 103 321 432 472 613 756 850 950 991
44 193 194 259 299 545 992
193 249 271 343 406 415 596
194 284 363 556 795 885 909
259 369 524 700 764 868 978 984 988
299 263 388 470 472 639 653 654 731 898
545 181 318 921
992 46 478 701 819
45 143 251 253 478 549 587 597 654 659
143 62 97 214 457 519 529 618 775 805 878
251 186 265 276 572 611 785 812 833 903 915
253 233 441 457 608 751 853 858
478 116 158 302 317 399 656 840
549 118 239 392 538 598 605 624 799 838
587 51 389 458 670 954
597 185 278 349 398 446 891
654 127 136 256 334 448 608 696
659 59 130 136 196 221 270 606
46 79 255 523 590 675 868 945 953
79 550 552 588 676 963 991
255 49 53 120 210 334 345 924 947
523 176 566 720 752 769 903
590 151 165 233 257 268 278 296 345 361 398 565 620 784 808 847 946
675 80 87 133 357 392 526 765 895 928 943
868 119 421 519 850 901 931 945 988
945 78 200 489 592 626 963 988
953 174 239 379 451 865
332 516 611 658 710 808 817 911
352 408 429 501 763 915 933
406 296 335 662 679
540 408 651 727 774 942
48 512 538 696 797 873 897 957
512 70 200 276 361 493 509 562 729 762 826
538 98 168 190 328 392 774 804
696 49 67 105 128 178 202 209 341 508 778 779 970
797 118 134 186 408 421 555 703 785
873 177 220 524 611 628 746 822
897 656 716 894 961 988
957 118 149 271 676 830 911
49 90 215 252 305 326 350 451 611
90 116 252 284 285 451 526 727 741 810 877 955 988
215 180 210 249 264 343 399 467 491 511 576 695 777
252 285 882 919 956
305 160 319 470 830
326 362 536
350 142 212 344 348 877
451 87 224 397 416 473 850 902 948
611 256 257 334 347 397 415 544 577 835
114 136 297 867 915 932
516 249 284 912
565 130 138 176 336 488 514 704 748 760 900 926
689 113 168 327 455 826
703 53 136 804
736 129 185 265 511 926 939 946
816 271 417 501 524 560 592 817
991 84 133 136 298 349 363 520 546 582 974
51 546 603 864 918 928 948
546 62 69 321 389 524 741 978
603 177 225 276 345 955 958
864 103 202 526 735 817 900 919 956 958
918 344 458 784 961
928 160 165 284
948 105 151 237 267 379 426 720 789 939 978
52 258 407 624 749 774
258 113 133 134 152 265 397 426 939 958
407 138 166 199 369 392 624 628 693 850 881 950
624 105 257 789 914
749 62 115 180 398 446 503 579 693 731 748 819 854
774 355 530
53 130 138 155 431 519 635 651 821 879
130 391 701 769
138 408 667
155 257 306 714 777 954
431 234 854 912
519 84 239 383 563 679
635 92 146 296 325 328 444 729 818
651 221 290 293 338 572 705 772 911 943
821 82 232 416 626 757 857 959
879 210 214 429 789 833 958
54 160 166 345 415 604 740 970
160 82 349 562 645 902 984
166 230 318 379 441 520 544 640 777 854 960 984
345 92 144 283 287 662 875
415 55 91 98 278 454 760 875 891 893 929
604 80 168 274 298 335 347 402 421 473 493 878
740 67 446 488 503 772 893
970 92
55 199 608 810 882
199 110 119 172 471 529
608 67 181 339 342 674 701 795 805 929
810 129 239 658
882 87 129 176 208 483 661 853
151 176 196 446 720 798 938 947
165 131 136 226 432 620 782
257 210 237 416 770
297 86 270 714 854 899 926 946 963 983
562 116 168 202 427 579 835 903
615 220 274 349 491 520 612 720 812 944 974
933 97 131 427 854 859 887 947
120 109 110 115 336 605 785 911
177 115 164 488 716 761 919 955
274 202 509 641 694 860 891
670 134 504 508 583 839 938 983
677 105 184 212 383 621 674 772 808 829 914
830 149 225 318 342 361 363 421 448 694 714
900 68 226 369 667
974 73 256 296 355 527 534 983
58 98 302
98 262 618 764 765 829
302 59 129 181 200 237 550 694 725 748 775 799 887 944 958
59 73 76 110 136 731 838
73 388 483 553 568 666 854 875
76 77 378 473 961
110 262 317 613 735 756 881 904
136 68 725 857
731 287 444 583 632 791 840 855 881
838 139 202 491 613 756
91 505 631 789 857
109 221 230 389 392 505
272 152 379 527 881 887 938
398 116
526 212 408 432 433 735 779
658 181 369
735 264 433 769
947 92 103 339 347 379 592 639 835 851 909 912
140 184 265 493 620 950
146 68 87 319 343 529 632 826 919
221 234 264 278 639 660 698 717 792 856
412 285 319
533 118 256 283 333 441 662 955 960
795 343 639 785 875 954
960 208 281 488 566 639 705 911
983 134 306 663 935
62 290 296 527 942
290 339 640 786 822 859 931
296 894
527 152 169 301 321 389 511 520 568 588 760 931 943
942 186 225 327 553 755 805 931
63 402 433 847 935
402 343 417 457 511 537 568 698 705 756 786 963
433 78 103 344 725 777 798
847 196 212 318 389 582 927
935 369 391 501 694 825 854 860
230 483 529 848 924 955
751 224 432 529 812 826 853
757 181 237 488 517 678 752
946 68 105 142 361 416 491 560 640 924
185 249 588 653 746
536 245 271 441 729
767 93 172 244 293 342 432 467 501 656 667 785
256 472 954
656 116 244 317 569 589 860
766 149 481 509 762 854 925
817 343 640 729 765 775
894 343 408 505 792 961
921 714 775
67
68 75 147 762 901
75 158 388 582 927
147 70 133 357 508 552 694 812 961
762 556 605
901 327 372 729 819
69 94 566 695 714 752 926
94 115 195 483 537 605 748 798 877 885
566 371 481 895
695 640 764
714 164 268 525 577 630
752 293 698 887 914
926 511 693
70 184 467 613 742 912 954
184 169 268 371 467 582
467 131 178 271 362 679 855
613 223 388 618 626 805 848
742 93 235 348 541 577 673 955
912 705 857
954 666 755 984
186 489 514
264 416 792
544 152 588 956
769 270 355 988
82 224 369 525 663 944
164 317 925 984
881 178
924 388 764
388 223 271 320 417 666 808 904
483 210 339 605 804 944 956
553 169 180 605 630 679
568 454 569
666 77 232 263 278 576 804 859 867
854 149 421 560 763 777
875 190 792
373 220 306 317 524 761
394 86 180 429 580 629 653 929
444 704 764 853 958
458 174
514 342 674 764 784
663 278 429 770
158 704 858
582 379 427 505
927 214 389 620
77 134 280 427 472 848 891
378 371 580 632 727 808 822 893 899
473 509 653 665 704 741 826 829 831 833 938 956
961 103 361 619 799
134 80 470 959
280 301 618 619
427 142 223 379 673 819
472 784 917 943 984
848 334 357
891 178 284 334 619 893 898
78 217 298 784 819 915
217 237 333 588
298 306 676 851 895 902 919
784 339 679
819 779
915 347 791
550 128 505 620 808 857 963
552 760 914
588 131 142 339 727
676 152 335 372 818
963 116 262 336 391 829 898
80 127 208 267 320 471
127 97 181 441 700 785
208 441
267 348 763 765 984
320 133 139 202 580 619 755
471 505 579 711 917 955
119 761 839 878 909
225 249 441 598 887
619 729 885
667 782 896 931
855 698 700 939
224 283 306 505
369 196 200 592 629 799 984
525 196 391 860
944 86 560 634 639 895 899
210 133 142 178 705 717
287 200 454 455 508
457 265 343 541 725 770 938 990
508 284
653 777
679 605 859
851 270 454 563
904 417 867 971
84 589 896
589 317 426
896 504
103 97 232
318 131 176
662 306 325 530 534 584 634 672 707 717 893
917 128 441 725 741 799 905
86 220 556 791 853
220 196 348 645 674 950
556 448 628 678 727 732 857
791 454 746
853 284 426 493 505 632 645
87 383 391 711 932
383 481 777 911 958
391 128 441
711 631 634
932 328 534 898
517 108 309 363 786 938
576 249 840 899 925 938 956
631 118 190 421 432 741
707 239
710 357 748 877
878 630 674 720 792
903 190
116 276
168 92 172 284 421 971
233 293 645 779 812
612 239 278 379 746
673 606 805 858 914 950
958 226 321 641 914
971 176 501 929 977
284 139 839
285 105 416
727 131 432 831 893
741 108 786
877 196 572
955 176 950 984
988 180 592 672 859
505 176
789 174 580 990
857 118 470 639 925
92 638 717
638 334 770 885
717 334 371 859
93 488 925
488 361 572 756 786 808 825
925 371 596 844 990
115 129 268 399 504 598 725
195 327
537 149 417 592 598 770
605 105 720
748 729
798 169 426 577 831
885 850 859
270 399 416 528
325 176 732
408 245 321 701 931 938
503 628 629 720 860 865
584 196 301 336 361 763 911 950
698 190 283 732 856 899
729
792 180 701 831
835 520 825 856
327 149 239 524 529 634 914
446 212 598 763 805 812 826
755 118 421 674 931 977
978
97 142 235 333 579 583
142 190 371 634 700
235 716 765 779
333 694 808 865 929
579 139 321
583
262 448
618 454 577 833
764 214 898
765 429 632 694 799 895
829 237 560 858 909
144 833
470
761 237 328 347 448 778
209 306
281 133 334
379 276 343 956
319 244 271 770
491 268 799
530 128 426
826 454
149 200
342 339
501 176 909
782 263 641
839 493
232 392 606 623 716 818
239 278 306 694
555 760
822 504 704 770
105
176 169 349
344 139
572 249 347 560
898 181 234 725
931 265 867
808 448
833 128 363 529
108 131 200 214 317 448
131 336 348 632
200 621
214 621 938
317 139 321 919 943
448 577 598
389
392 493 645 716
756 371
528 363
720 306 309 634 684
856 541 560 777 902 939
867 520 534 725 887
899 504 623 919
640 283 520
113 421 909
421 909
909 268 399 493 700
129 190 349 371 684 694 902
268 694
399 223 336 632 959
504 174 760
598 661 865
725 278 338 623 785
276 321 760 779
178 426 772
779 865
118 489 520 634
489 777
520
634 349 455 674 943
336 577 938
785 684
911 356 716
293 805 984
511 481
831 139
705 244
818 128 454 691
956 943
301 249 357 362 804 840
426 481 641 770 775
493 704
700
172 212 560
348
181 226 334 529 639 704
441
128
190 234
349 524
371 704
684 529
694 169 223 283 455
902 355 672
701 334 339 626
632 805 943
529 226 887
133 263
263 357 665
959
265 339 905
977
139 244 760 919 929
244 716
760 363
919 804 990
929 629 984
620 840 990
950 223 321 623
775 481 534 606 860
805
343
357 328
812 825
850 169 179 283
563
196
938 271 481
152 672
672 455 660
328 693 990
455
509 169 283 309
606 716 895
859
306 786
777 639 763
212 623
481 180 334 661
174
347
840 169 763
704 645
858 335 341 596 844
226
363
645
984
732 245
939 454
169 278 356 660
417
429 355 629
432
278 416 541 569 626 825
356 271
660 524 621
630 397 569
560 693 844
770 245 621 763
893 335 355 763
716
772
179
180
334 580
639
592
249 524
746
202 778
234 763
361
271 309
596
416
621 623
895
778 237 678
338 283
629 245
355
628 569
623 534
825
237
321
674 283
626
223
283 335 534
887
577
865 943
335 372 804
763
339
799
245
341
524
541
661
397 641
454
665 905
905
309
641
860
569
534
786
691
362
804
678
372
943
580
914
693
990
844
