0 6 1149 1207 1495 1642 1682
6 587 1101 1504
1149 339 637 693 1314 1504 1732
1207 167 258 405 469 790 903 1010 1070 1979
1495 379 526 986 1090 1608
1642 158 227 838 1487 1624
1682 591 1727
1 115 164 438 1189 1217 1395 1447
115 950 1397 1816
164 201 245 623 746 881 997 1868
438 645 980 1112 1758 1892 1992
1189 248 258 265 467 646 1048 1195 1323 1348 1358 1374
1217 471 538 573 1250
1395 1010 1866
1447 251 298 509 679 842 1567 1736
2 403 451 695 1136 1272 1340 1823
403 399 468 474 542 1164 1374 1410 1562 1706 1744
451 461 614 796 962 966 996 1540 1842
695 137 250 494 657 757 1769 1872
1136 121 241 276 782 900 1237
1272 17 387 464 519 561 813 1732
1340 477 605 721 1106 1311 1528
1823 215 535 700 767 1168 1605 1868
3 179 1234
179 231 292 653 1376 1577 1945
1234 256 498 613 1049 1542 1571
4 73 322 591 1102 1865
73 700 998 1307 1639 1687 1886 1950
322 185 498 738 1316 1338
591 61 87 900 1398 1817
1102 242 763 838 1158 1471 1616 1852 1911 1940
1865 234 251 1168 1262 1738
5 618 1086 1557 1960
618 23 478 572 1248 1625
1086 1355 1515
1557 159 280 982 992 1012 1425 1509
1960 125 726 1178 1379 1465
587 902 1383 1586 1592 1747 1947
1101 117 189 890 1327 1556
1504 37 1387 1403 1613
7 347 794 1946
347 34 225 227 518 738 775 1116 1511
794 823 1170 1347 1465 1953
1946 238 257 869 1215 1245 1342 1497
8 153 225 269 765 884 1396
153 140 354 690 1366 1678
225 137 174 1036 1265 1457
269 946 1302
765 205 779 1305 1307 1669 1755 1818
884 14 505 701 924 1038 1190 1594
1396
9 379 395
379 263 448 1982
395 422 560 1007 1178 1321 1486 1891
10 168 1163 1487
168 98 251 253 304 742 895 1095 1173 1322 1692
1163 72 148 200 314 962
1487 18 270 357 1199 1417
11 169 594 1187 1391
169 20 200 935 1412 1815
594 146 223 390 1310 1526 1798 1843
1187 338 385 421 977 1020 1138 1140 1177
1391 95 1015 1100 1462
12 452 480 874 1074 1148 1268 1772
452 242 513 949 1132 1260 1737
480 79 85 239 1058 1344 1562 1606 1738
874 135 146 999 1233 1326
1074 37 138 212 303 304 1029 1033 1135 1561 1563
1148 896 1492 1700
1268 36 426 1628 1892
1772 14 423 1380 1792
13 28 112 1284
28 683 1213 1314 1352 1453 1555
112 239 362 372 460 500 839 1575 1841 1869 1972
1284 50 122 834 871 1378
14 66 84 745 1081 1427 1500 1528 1987
66 43 98 172 1456
84 23 466 476 599 747 1041 1260 1800
745 121 127 173 350 440 778 926 1567 1616 1753 1996
1081 174 299 348 1131 1195 1656 1719 1822 1949
1427 256 426 831
1500 35 1315 1421 1735 1937 1945
1528 134 1117 1270 1488 1712 1749 1955
1987 76 461 525 619 693 1299 1300 1434 1618 1646
15 267 816 1141 1358 1767 1948
267 882 1497 1604
816 198 1870 1942
1141 976 1064 1252 1498 1525 1723 1911
1358 571 849 1446
1767 892 972 1540 1705 1807 1888 1979 1985
1948 827 1238 1384 1576
16 577 759 1313 1335 1512 1644
577 69 310 968 1007 1104 1374
759 344 396 1529 1908
1313 420 1623 1745
1335 297 1666 1692 1797
1512 495 852 1481 1775
1644 406 476 503 706 1055 1129 1321 1482 1885 1962
17 20 215 845 946 1105 1283
20 634 1683 1857 1889 1968
215 89 561 951 1342 1933
845 514 771 796 902 1810
946 421 1455 1593 1797
1105 539 869 1745
1283 44 860 919 943 1139 1542 1696 1750
18 275 370 612 1231 1639
275 969 1251 1759
370 47 605
612 287 1820 1993
1231 758 899 1389
1639 409 802 828 990 1440
19 226 440 806 1280 1302 1388 1565
226 186 284 507 894
440 137 575 620 879 1103 1424 1648 1716
806 574 720 996 1045 1402 1405 1784
1280 201 372 521 1732 1963
1302 38 616 627 1277 1617 1691 1814 1938
1388 23 36 96 708 893 1052 1059 1090 1957
1565 221 500 766 1158
634 199 233 1171 1971
1683 190 497 504 1127 1672
1857 203 1434 1595
1889 541 581 820 1634
1968 70 250 556 639 752 1743 1997
21 141 205 657 1094 1481
141 205 854 887 1481 1980
205 254 716 1520 1738
657 59 281 888 1025
1094 368
1481 222 997 1620
22 161 459 616 666 775 848 1126 1275 1315
161 151 711
459 344 751 876 1255 1598 1627 1971
616 107 808 843 1134 1379 1805
666 381 707 1121 1518 1605 1665 1707 1842
775 661 1343
848 70 357 800 1686 1766
1126 1996
1275 491 1491 1568 1885
1315 896 1282 1995
23 257 364 507 763 1309 1809
257 917 990 1400 1899
364 55 252 319 1140 1602
507 90 258 604 1897 1910
763 227 1046 1052 1210
1309 388 868 893 1146 1305 1571 1654
1809 425 652 733 1004 1190 1364
24 1413 1690 1871
1413 1400 1845
1690 105 353 415 486 522 1257
1871 81 1342 1346 1694
25 242 243 289 485 610 1109
242 265 531 698 1932
243 152 277 1014 1137 1726 1969
289 200 543 613 1320 1587
485 1576 1727
610 263 737 989 1143 1620 1733 1775
1109 515 1916
26 486 1496 1615
486 368 611 944 1260 1278 1506 1777
1496 37 213 476 1439 1904
1615 333 614 863 870 930 1600 1958
27 33 362 608 1040 1045 1070 1171
33 142 171 307 425 782 1250 1348 1603 1986
362 81 748 1110 1469 1652 1666
608 1120 1142 1158 1724 1959
1040 293 381 512 1888
1045 478 690 766 798 1430 1446
1070 52 1179 1465 1468 1560
1171 555 718 752 1274 1471 1817
683 72 300 1041
1213 932 956 1071 1681 1994
1314 123 1063 1669
1352 246 271 684 977 1033 1039 1041 1319 1378 1459
1453 474 509 665 718 1020 1415 1796 1962
1555 57 579 664 667 1420 1473 1708 1826 1899
29 814 1963
814 238 660 1193 1460 1571 1580 1671 1963 1965
1963 139 188 1962 1971
30 250 310 803 930 952 1110 1433 1622
250 189 333 1524 1686 1955
310 44 245 309 528 904 1222 1368 1515 1799
803 363 778 793 847 1131 1357 1484 1852 1888
930 160 266 548 835 1394 1717
952 771
1110 261 694 767 960 1071 1747
1433 499 502 516 1319 1324 1459 1564 1680
1622 251 488 519 681 1188 1366 1680 1855
31 769 798 1698 1934
769 460 664 913 1232
798 671 902 1244
1698 121 173 346 366 1027 1711 1797
1934 72 471 543 1666
32 971 1483 1794
971 472 799 1077 1216
1483 561 1192 1694
1794 43 925 993 1909
142 96 581 680 1842 1909
171 193 385 388 448 566 1232 1386 1567 1607
307 336 867 994 1455 1629 1786
425 101 627 1293 1378 1883
782 348 429 491 671 1021 1178 1245 1532 1861 1918
1250 1471 1524 1989
1348 155 254 598 1265 1458 1671
1603 672 1118 1441 1858
1986 131 724 827 834 1229 1353 1361
34 132 387 602 1501 1567
132 597 645 776 1411 1537 1635 1641 1913
387 58 197 252 1633 1733 1855
602 108 863 972 1636
1501 160 1032
1567 1602 1718 1854 1942
35 57 74 372 703 789 1662 1726 1859
57 1401
74 58 284 477 868 1435 1728
372 550 607 940 1297 1752 1868
703 128 457 569 757 839 913 920 1409 1558
789 592 805 1376 1472 1671 1734
1662 40 1000
1726 394 947 998
1859 528 914 1883 1944 1993
36 200 315 639 963 1138 1288 1689
200 1035 1182 1426 1802
315 454 1562 1791
639 625 681 986 1057 1760 1811 1818
963 1274
1138 58 239 582 607 876 1897
1288 110 484 853 926 1591 1732 1998
1689 152 224 746 1460 1925 1949 1992
37 97 359 723 768 1455 1617 1820
97 274 651 700 783 841 974 1116 1233 1526
359 162 423 723 757 1851 1886
723 478 527 905 1715
768 466 833 1298 1414 1598 1740 1909 1996
1455 290 483 812 1259 1669
1617 102
1820 82 229 313 682 873
38 196 796 886 1876
196 252 934 977 987 1029 1030 1176 1184 1202 1360 1803
796 167 520 708 742 1075 1894
886 146 191 527 1008 1191
1876 531 779 1854 1885 1915
39 65 412
65 183
412 434 554 1285 1375 1436 1921
40 80 109 910 1030 1117
80 158 592 984 1419 1421 1674 1901
109 184 305 912 913 1143 1548 1573 1668
910 82 223 383 1438 1838 1997
1030 240 1386 1951
1117 155 217 500 1026 1282
41 503 596 653 707 715 869 1023 1730 1828
503 396 398 896 1429 1652 1719 1846
596 294 901 1990
653 61 172 1322
707 401 409 853
715 312 752 1729
869 357 856 860 931
1023 636 800 827 831 1586
1730 1204 1262 1746
1828 1890
42 114 409 455 571 905 1093 1165 1222
114 123 361 381 660 790 927 1553 1905
409 203 304 360
455 284 305 774 914 1124 1508 1713 1892
571 181 331 652 951 1460 1529
905 199 304 435 569 1261
1093 598 877 1954
1165 1473 1649 1808
1222 593 1212 1294
43 261 296 887 1527 1897
261 481 853 876 1446 1703
296 630 756
887 46 181 1503 1606
1527 358 969 1600 1651 1763
1897 172 312 422 853 1497 1595
44 219 607 774 957 1480
219 533 1033 1578 1759 1766 1945
607 163 986 1218
774 831 1180 1955 1991
957 224 831 1067 1183 1779
1480 217 274 352 522 553 563 706 799 1262 1364 1444 1522 1663
45 281 989 1224 1749 1930
281 100 380 925 959 1066 1181 1575
989 165 557 689 773 908
1224 514 1892
1749 580 710 902 1159 1351
1930 427 911 1306 1888
46 920 1033 1812
920 195 879 1178 1674
1033 354 1269 1449 1724 1776
1812 94 183 268 461 779 871 1591
47 190 203 1175 1407 1506 1529 1576 1802
190 158 633 939 1531
203 162 209 264 416 744 1200 1285 1351 1539 1685
1175 638 972 1003 1130 1506 1664 1834
1407 101 378 421 604 688 784 785 980 1375
1506 144 481 781 1258 1389 1880
1529 300 427 1000 1131 1153 1312 1384 1936
1576 192 464 1096 1602 1804
1802 308 1156 1177
48 475 1104 1181 1182 1546 1554 1861 1886
475 183 892 1048 1238 1962
1104 131 1132 1364 1462 1742
1181 709 862 1967
1182 194 1429 1786
1546 265 272 298 567 988 1263
1554 477 712 1287 1543 1847
1861 144 622 1898
1886 291 344 801 829 1393 1472
49 137 177 537 820 919 1575 1634 1652 1758
137 435 689 1035 1247
177 712 942 1317 1343 1360
537 280 457 733 830 1114 1142 1704
820 1368 1867
919 344 793 1414
1575 167 544 960 1435 1831
1634 156 1062
1652 255 1159 1456
1758 335 460 463 694 1042 1147 1186 1834 1973
50 420 760 1301 1510 1957
420 102 1442 1578
760 454 1479 1846
1301 462 518 1331 1620 1907
1510 188 844 1098
1957 229 338 593 1236 1300 1845 1937
51 558 841 1089
558 208 876 1994
841 509 688 956 997 1130 1502 1765 1970
1089 1398 1435 1538 1947
52 344 1368 1414 1492 1641
344 202 839 898 1742
1368 96 187 479 688 1057
1414 262 935 1448 1474
1492 533 770 1206 1559
1641 1534 1611 1665 1808
53 163 279 1201 1225 1464 1507 1685 1839
163 526 985 1252 1805 1931
279 397 735 839 862 1428
1201 405 1305 1768 1941
1225 321 875
1464 483 1038 1146 1541 1700
1507 79 280 656 894 1060 1778
1685 135 457 567 719 1748
1839 298 740 896 1790 1855
54 564 598 980 1022 1054 1691
564 717 1068 1437 1441 1691 1760
598 1645
980 349 1533
1022 182 641 898 1956
1054 228 317 441 791 968 1183 1532 1694
1691 1130 1688 1920
55 213 620 1354 1734 1991
213 1310 1618 1760
620 392 422 513 1015 1308 1970
1354 525 1157 1172 1745
1734 288 622 684 790 1156 1800 1938
1991 1296 1706
56 319 468 740 1632
319 308 1443 1478 1814
468 667 835 943 969 1378 1882
740 82 280 308 1569
1632 217 532 735 754 801 1677
1401 670 1204 1236 1364 1580
58 593 1158 1475 1976
593 533 709 787 1254 1659 1699
1158 108 116 705 882 1829 1833 1976
1475 482 1243 1334 1450 1595 1700
1976 323 426 756
59 555 809 897
555 735 1442 1542
809 753 1087 1381
897 96 1493
60 238 349 377 719 870 1863
238 367 389 1041 1303 1428
349 277 285 843 893 1273
377 240 489 640 1978
719 162 1106 1400
870 411 429 711 832 1467 1950
1863 585 611 675 1958
61 167 1486 1628
167 128 457 985 1057 1503 1748 1853
1486 306 876 1044 1154 1600
1628 728 1508 1552
62 258 1130 1611 1741
258 410
1130 89 665 1121 1338 1597
1611 278 317 442 533 1408 1955
1741 442 756 1471
63 253 960 1277
253 404 1027 1192 1491 1521 1542 1645 1667
960 724 1944
1277 441 526 586 929 1519 1592
64 518 799 979 1127 1169
518 512 762 1177 1337
799 1195
979 341 656 728 1116
1127 96 937 1406 1746
1169 365 1324 1713 1753 1781
183 138 924 1551 1818
98 1007 1286 1549 1568 1956
172 193 717 739 927 1416
1456 932
67 130 465 976 1440
130 129 195 446 850 1078 1108 1147 1370 1609 1650
465 544 1547 1958
976 85 709 784 1532
1440 79 144 916 1119 1286 1416 1582
68 389 754
389 254 941 1077 1266 1955
754 298 1132 1286 1606 1678 1838 1901
69 79 157 363 1228 1416 1418 1663 1671 1922
79 737 826 1211 1569
157 186 1728 1782
363 308 378 388 1545
1228 246 297 431 716 779 1450
1416 150 166 1372 1570
1418 1239
1663 316 336 983 1508
1671 540 1065 1079 1392 1445
1922 582 638 864 975 1044 1703 1950
70 437 592 862 1421 1708 1751
437 101 1975
592 1377 1771
862 1484 1649
1421 262 1836
1708 71 214 835 1372 1900
1751 198 547 623 797 844 1060
71 662 906 1100 1470 1556 1765 1977
662 187 733 1536 1602
906 380 542 817 823 1606 1672
1100 1293 1519 1954
1470 510 628 1345 1435
1556 761 1029 1514 1532 1702
1765 342 1579 1769
1977 191 272 737 1626 1737 1905
72 700 888 1002 1674 1728 1862 1953
700 286 350 563 1343
888 131 249 327 1450 1637 1854
1002 355 871 879 1441 1846
1674 1041 1208 1325 1656 1745
1728 148 1774
1862 82 613 652 822 1571 1885
1953 268 833 1056
998 380 509 532 645 995 1837 1884
1307 1125 1174 1397
1687 466 787 1108 1308 1503 1669
1950 1441 1672 1706 1778 1866 1908
284 506 528 1375
477 314 337 908 1010 1779
868 890 1005
1435 244 606 1035 1325
75 734 1540 1560
734 353 374 1076 1330 1633
1540 329 988 1235 1385 1710 1931
1560 463 559
76 119 293 1131 1967 1972
119 285 300 831 1065 1457 1493 1974
293 673 1531 1721 1729 1920
1131 427 1024 1670
1967 483 758
1972 1448 1935
77 303 491 947 1011 1177 1619 1797
303 901 1412
491 99 390 797 1048 1188
947 233 367 463 807 974 1781
1011 1204 1343 1390
1177 193 345 1780
1619 393 678 1083 1128
1797 1538 1656
78 193 320 1186 1771
193 117 1000 1121 1827
320 374 829 1262 1381 1449 1775
1186 908 987 1257
1771 268 396 1119
737 306 404 837 973 1520 1583
826 255 621 1326 1625 1757 1791
1211 212 392 1215 1450 1468 1531
1569 532 561 951 1057 1129
158 133 271 630 1046 1168 1203 1443
984 1051 1503 1601 1877
1419 790 1113
1901 265 481 520 527 1328
81 124 298 419 642 821 1906
124 429 990 1038
298 262 493 693 981 1479 1593 1633 1676 1763
419 384 394 1311 1330 1513 1695 1704 1815
642 276 365 643 780 1336 1361 1411 1954
821 574 1403 1821
1906 410 743 1118 1176 1257 1597 1973
82 304 357 973 1454 1655
304 682 895 995 1047
357 434
973 912 1255 1328 1735
1454 195 1269 1658 1785 1788 1842
1655 197 792 1135 1249 1526 1702 1970
83 280 423 743 831 1852 1917
280 135 176 655 1036 1342 1725 1796
423 107 630 1032 1592
743 488 617 1753
831 974
1852 199 1441 1835
1917 206 1143 1994
466 398 771 1488 1571
476 118 135 340 1058 1525 1533 1849
599 528 985 1753
747 283 651 985 1640 1693
1041 116 1118 1334 1585 1775 1877
1260 233 724
1800 643 1010 1459
85 866 880
866 499 1541
880 116 510
86 178 239 426 597 916 981
178 665 711 1059 1379 1383 1775 1879
239 462 575 1034 1266 1296 1425 1445 1457 1971
426 139 557 1052 1816 1910
597 633 677 858 1389 1420 1541
916 786 1157 1707
981 192 495 585 1290 1508
87 1394 1409 1657 1858
1394 413
1409 447 934 1610 1777 1831 1890
1657 497 673 757 1286 1287 1377 1848 1908
1858 249 400 787 1153 1278
88 861 1267 1468 1686
861 343 579 739 1424 1526 1607 1640 1696 1811 1868 1924
1267 751 951 1888
1468 447 773 1668 1686 1786 1944
1686 96 948 1025 1132 1310 1733 1763 1868
89 201 1445 1578 1807 1898
201 1044 1316 1884 1904
1445 233 333 343 755 940 1289 1900
1578 182 469 498
1807 961 1940 1961
1898 696 807 934 1204
90 506 629 1299
506 622 1498 1925 1982 1994
629 181 623 933
1299 327 502 606
91 111 1625 1811 1919 1944
111 339 462 469
1625 151 483 701 924 994 1699 1738 1941
1811 1014 1245 1518 1795
1919 1868 1910 1911
1944 672 762 1115 1370
92 456 595 1072 1940
456 116 970 1932
595 1050 1282 1842
1072 1598 1712
1940 373
93 471 1458 1522
471 686 915 972 1015 1536 1921 1935
1458 1533
1522 199 626 908 1356
94 1452 1684
1452 271 276 530 1056 1099 1526 1539 1547 1705 1791 1998
1684 1587
95 217 617
217 454 894 983 1899
617 454 818 1209 1503
96 548 649 656 949 1108 1408 1498 1583 1676 1956
548 463 712 738 1769
649 1450 1582 1791
656 118 311 943 1065 1257 1971
949 501 1519 1702 1760
1108 256 487 1579 1701
1408 202 1740 1904
1498 385 400 1173 1237 1561
1583 573 1341 1570 1675 1700 1784 1888
1676 182 502 749 867 1402
1956 254 499 766 1635
274 175 297 336 717 721 1192 1448 1561 1720
651 535 1068 1311 1382 1430 1793
783 182 277 336 1271
974 908
1116 105 371 878 933 1091 1366
1233 327 911 950 1375 1713 1737
1526 509 854 1134 1974
1007 232 404 415 933 1034 1192 1485
1286 853 892 1111 1714
1549 309 464 650 978 1390
1568 188 748 964 1139 1160 1860
99 786 1013 1516 1752 1902
786 367 728 1269 1469
1013 568 575 1080 1197 1220
1516 120 860
1752 800 1411 1469
1902 1114 1659 1719
100 458 721 1701
458 140 335 1996
721 102 1091 1173 1341
1701 839 863 1150 1198 1594
101 551 791 1014 1135 1502 1929
551 722 1051 1184 1237 1806
791 318 1864
1014 413 1442 1547 1680 1980
1135 264
1502 107 600 1264 1305 1846
1929 448 999 1200 1816 1825
102 210 931
210 1564 1648
931 324 538 1532 1668
103 198 448 533 1274 1371 1533 1932
198 391 877 986 1459
448 288 1018 1640 1958 1992
533 294 757 1124 1493 1505
1274 454 1096 1273 1503 1638 1703 1896
1371 206 207 1519 1594 1780
1533 749 1147 1519
1932 453 637 1080 1357
104 502 669 1428 1584
502 123 490
669 189 1214 1887
1428 1084 1292 1888
1584 199
105 1010 1082 1246 1582
1010 1155
1082 668 1031 1219 1255
1246 447 511 928 1195 1630
1582 684 729
106 603 941 1590
603 645 1067 1121 1406 1952
941 182 847 1006 1065 1485
1590 766 846 1253 1714
107 185 390 1068
185 145 231 1052 1595 1778
390 1198 1825
1068 729 1060 1293 1627 1679
108 333 348 494 678 1241 1327 1596 1729
333 688 1257 1310 1392
348 563 955 1270 1688
494 404 890 1645 1805 1885
678 1472 1810
1241 394
1327 1426 1711 1762
1596 405 1776 1903
1729 447 961 1460 1514
184 738 846 1119 1877 1925
305 1295 1539
912 317 1817
913 110 246 691 1091 1562 1984
1143 246 383 1386
1548 500 802 898 1580 1601 1844
1573 306 1324
1668 828 914 1474
110 125 356 843 1442 1466
125 488 726 746 1085 1564 1821
356 584 627 1153
843 987 1226 1770
1442 462
1466 1462
339 396 566 1599 1973
462 221 720 731 801 1306 1581 1818 1882
469 144 811 839 1441 1762
460 552 565 900 1330 1390
500 498 682 999 1050
839 367 478 523 1192 1942
1841 263 1239 1379 1472
1869 755 873 882 1159 1497 1842
113 1172 1344 1695 1745 1847
1172 672 1058 1392 1669 1810 1891
1344 1018 1792
1695 235 282 808 1259 1406
1745 264 524 893
1847 876 1243 1476 1664
123 450 1916
361 687 1322 1336 1703 1774 1903
381 780
660 554 873 1476 1589
790 844 893 1078 1424
927 899 1356
1553 276 483 674 693 901 1304 1424
1905 499 648 1312 1321 1763
950 1049
1397 131 391 600 652 1774 1952
1816 418 892 1097 1417
116 781 1359 1609
781 1864
1359 398 1012
1609 671 684 1263 1713 1791
117 1036 1372 1737 1781 1782
1036 1140 1247 1629
1372 750 876 1150 1326
1737 553 767 772
1781 644 1339 1518 1795
1782 487 804 1604 1844
118 493 565 762 1669 1815
493 170 1406 1742 1757
565 188 264 1411 1681
762 186 287 445 464 1015 1602 1943
1669 991 1293 1296
1815
285 170 337 489 613 1083
300 176 194 520 725 1079 1113 1574
1065 218 1240
1457 120 1793
1493 380 1915
1974 1003
120 615 724 730 891 961 1297
615 211 352 1381 1937
724 538 1895 1912 1954
730 677 1128 1271
891 211 481 605 907 1424 1580 1810
961 578 641 729 894 1202 1399 1754
1297 1757
121 336 1821 1921
336 276 453 1638
1821 1197 1566
1921 446 547 785 1747 1827
122 559 646 965
559
646 294 654 778 1523
965 652 907 1949
450 430 654 986 997 1092 1851
1916 446 1199 1393 1431
429 295 1006
990 332 894 983 1203 1962
1038 208 283 292 894 951 1392 1630
488 1616
726 1350
746 166 1137 1178 1320
1085 804 1369
1564 736 953 1018 1257 1431 1523 1980
126 186 327 392 401 1064 1203 1997
186 133 149 204 311
327 295 1367
392
401 221 1651
1064 241 249 378 1915
1203 1942
1997 970 1097 1648
127 443 704 1270
443 1697 1711 1739 1880
704 1672
1270 148 182 573 1001 1339 1519 1777
128 207 240 524 1287 1875
207 1055 1210
240 1499 1992
524 449 517 851 1383 1479 1503 1660
1287 129 1330 1393
1875 807 1017 1051 1111 1384 1665 1712
129 800 876 1732 1907
800 675 1831
876 338 739 1230 1836
1732 149 1125 1947
1907 528 680 1273 1899
195 574
446 144 997 1784
850 134 233 337 383 453 1743
1078 202 373 863 1842 1873 1912 1915
1147 199 373 422 751 1006
1370 371 534 1808
1650 354 795 813 1449
131 251 859 1648
251 1156 1431
859 929 1878
1648 270 483 522 921 1461
645 388 398 528 987 1052 1151
776 353 496 601
1411 221 716 1618
1537 262 365 733
1635 223 1467 1704 1971
1913 661 663 1714 1926
133 863 1180 1436
863 410 691 1062 1450 1885
1180 650 875 1559 1600 1878
1436 1206 1379 1646
134 165 189 374 1084 1338
165 621 865 1509 1714
189 415 675 710 929 1099
374 259 665 1562 1640
1084 881 1789
1338 230 343 1055 1350
135 463
463 873 881 1197 1422 1740
136 366 1620 1836 1936
366 647 725 785 1790
1620 482 1666
1836 1530
1936 638 685 1263 1563
435 241 691 801 1195
689 917 1754 1783
1035 299 630 1324 1523 1550
1247 330 375 1364 1430 1489 1626
138 810 1531 1840
810 556 819 1031 1379
1531 585 1008 1073 1473 1798
1840 449 588 1743 1978
139 580 901 1595
580 718 1830 1855
901 482 871 1034 1405
1595 341 408
140 232
232 584 623 787 879 1292 1827
854 748 1008 1581
1980 350 481 1646 1838
581 292 346 770 1153
680 844 1552
1842 1206 1364 1439
1909 1067 1144 1166 1328
143 287 1417 1933
287 784 1731
1417 413 1426 1511 1710
1933 638 766 1459 1594 1992
144 741 1505 1541 1880
741 923 1720 1879 1965
1505 633
1541 970 1160 1558 1813
1880 1355 1514 1670 1843 1978
145 335 1125
335 1375 1511
1125 547 1423 1740
146 229 1152 1254
229 636 673 1890 1892 1896
1152 427 561 722 852 1137 1342
1254 541 1018 1026 1067 1144 1263
147 1121 1289 1449
1121 953 1399
1289 472 921 1524 1777
1449 385 785
148 641 1052 1291 1494 1928
641 288
1052 199 424 1051 1544
1291 837 1336 1441 1601 1733
1494 736 945 1191 1389 1780
1928 180 334 449 522 711 1122 1643
149 329 1154 1478
329 899 1788
1154 539 1438 1589 1766
1478 208 993 1192 1822 1872
150 343 997 1577
343 1710
997 182 767 1123 1176 1252 1410
1577 1326 1329 1764
151 434 1223 1962
434 394 801 1227 1592 1829
1223 890 1050
1962 294 528 739 748 766
152 1059 1364
1059 517 1075 1326 1460
1364 405 576 1281
354 312 611 1429 1798
690 679 1024 1193 1240 1477 1864
1366 561 812
1678 1672
154 815 1090 1581 1984
815 650 1355
1090 1229 1532
1581 1098 1150 1589
1984 1173 1185 1712
155 648 1521 1911
648 504 635 675 1252 1696 1768 1873
1521 378 986 1146 1379 1398 1523 1703
1911 1602 1888
156 670 1826
670 352 1087 1561
1826 331
271 265 795 1392 1651 1981
630 600
1046 314 758 1563 1680
1168 1069 1292 1398 1873
1443 467 1058 1589
159 538 777 1775
538 411 474 1075 1489
777 321 1680
1775 317 672
160 583 1095 1472
583
1095 407 613 1097 1329 1633 1780
1472 940
711 369 895 1337
162 266 352
266 230 696 1031 1819 1833
352 214
526 314 407 556 606
985 1837 1899
1252 1174 1441
1805 262 1037 1193
1931 482 1239 1319 1854
245 192 211 588 1722 1961
623 332 1162 1293 1479
881 871 1240 1703
1868 1235 1476 1759
621
865 573 1166
1509 236 353 406 752 1044 1321 1599 1651
1714 1140 1786
166 619 962 1677
619 416 637 858 1799 1894 1973
962 1278 1964
1677 970 1601 1955
457 405 433 1718
1057 197 236 631 942 1316
1503 509 633
1748 1205 1798
1853 846
742 1025 1139 1256 1357 1744
895 1925
1173 727 1347 1356
1322 246 728 840 1824
1692 735 942 1000 1762
935 346 722 855 942 1524 1951
1412 665 1600 1720
170 256 658 847 1727
256 482 569 1278
658 297 1616
847 970 1461
1727 194 633 1593 1785 1855
385 321 749 778 1162 1296 1633 1753
388 378 940 1319 1580
566 1238 1446 1646
1232 223 823 1542 1774
1386 1155
1607 1446 1519 1755 1766
717 585 735 1209 1638 1709 1848
739 1132 1146 1843
173 228 1384 1719 1943
228 365 1285 1792
1384 241 1346 1995
1719 1798
1943 508 817 1050 1295
174 182 255 643 1699 1763
182 1360 1822 1845
255 1251
643 331 404 1600 1638
1699 413 1406 1543 1864
1763 204 584 933 1303
175 934 1954 1959
934 834 1192 1779 1935
1954 797 915
1959 1278 1446 1520 1672 1994
176 857 1150
857 550 1808 1855
1150 504 589 829 1881 1952
712 262 832 1888
942 474 661 1008 1062
1317 306 570 892 1103 1164 1539 1949 1995 1996
1343 1055 1550
1360 180 1184 1355 1838
665 191 350
1379 474 764 811 1292 1653
1383 406 668
1879 725 1790
231 808 1164 1731
292 1349 1403 1441
1376 627 1076
1945 441 1069 1178 1195
180 214 282 569 977 1193
214 265 1637 1923
282 1157 1239
569 532 536 873 1673
977 1107 1278
1193 632 661 1325 1618 1796
181 355 1257
355 515 1423 1664 1768
1257 216 353 541 550 828 1124 1155 1410
1822 522 1643 1881
1845 837 1446
924 1341 1349
1551 514 940
1818 849 1079
738 209 481
846
1119 413 761 833 1404 1405
1877
1925 407 1069 1704
1778 431 1019 1226 1707
204 417 635 802 1439 1469 1621 1661
311 400 1209
187 542 713
542 1218 1298
713 918 1170 1843 1912
188 489
489 248 772 853 1927
415 236 546 697 909
675 582
710 1198 1392
929 779 1989
1099 461 729 1420
633 260 797 1161 1434 1989
939 958 1255 1766
191 824 1618 1742
824 1334 1613 1646 1970
1618 302 969 983 1240
1742 216 439 1009 1350 1804
192 341 1016
341 1827
1016 324 749 771 1306 1696 1813
1000 1056 1661 1721
1827 417 496
194 836 1918
836 907 1037 1490 1888
1918 487 1079
574 278 1539 1636
252 482 1710 1759
987 517 625
1029 1001 1517
1176 521 766 1028 1055 1261
1184 589 902 1709 1860 1988
1202 1133 1477
1803 398 1837
197 318 1637
318 531 679 1212 1331
1637 1020
391 199 220
877 1439 1462
986 1020 1056
1459 904 1294 1747 1978
199 394 601 1356 1446
394 1523
601 470 958
1356 510 544 1736
1446 1134 1244 1762
1426 369 408 479 1285 1392 1550
1044 547 1276 1380
1316 1214 1703 1850
1884 428 1756
1904 427 582 1462 1923
202 756 764 914 1210 1265
756 417 813 1523 1558
764 340 573 802 1021 1491
914
1210 959 1076 1304 1544 1854
1265
209 904 1514
264 832 1474 1482 1724
416 358 479
744 501 1215 1285 1290 1415 1693
1200 1004
1285 301 479 1387
1351 246 572 588 728 1704 1860 1999
1539 259 1069 1080
417 1185
635 1883 1924
802 808 1132 1374
1439 1056 1514
1469 373 652
1621 367 1103 1369
1661 236 1142 1832
254
716 288
1520 487 1562 1864
1738 867 1331 1878
206 442 606 637 902 944 993 1113 1310 1524
442 584 993 1712
606 536 1400 1712 1849
637 582 604
902 1192 1282
944 1004 1593 1938
993 481 627
1113 511 586 1994
1310 531 1140 1757
1524
1055 1206 1325 1630 1659 1835 1867 1988
208 1137 1718
1137 534 731 778
1718 797 1608
904 787
1514 241 585 1542 1707 1854
211 323 1646
323 1053 1212 1382
1646 294 380 626 972 1817 1992
212 1325 1899
1325 528 543 1305 1517
1899 647 772 955 1720
1760 780 807 1161 1369
265 613 1923 1951
1923 1120 1949
561 447 1221 1784 1942
951 549 688 1230 1463
1342 528 1235
216 373 835 992 1717
373
835 481 1425
992 1432 1756
1717 404 535 1746
454 1097
894 294
983 383 752 873 1614
218 1114 1710
1114 375 515 705 1174 1508 1721
1710 441 505 1900
1759 1155 1282 1700
1766 696 1227
220 1743
1743 771 1145 1891
221 498 531 1629
498 611 1398
531 1120 1256 1702
1629 996 1024 1311
222 731 1243
731 1048 1467 1849
1243
223 405 1598
405 299 714
1598 879 1345
224 1799
1799 1806
227 302 1015 1499 1715
302 411
1015 969 1238 1597 1761 1887
1499 1337
1715 484 1008 1872 1964
365 297 628 1696
1792 1120 1292
636 326 686 693 885 1047 1115
673 1993
1890 1606
1892 590 1490 1599 1675
1896 614 1134
230 449 1422 1434
449 1423 1829
1422 268 1295 1785 1958
1434 829 1476 1723
808 408 822 972
1164 1195 1334 1592 1610
1731
584
787 523 1523
879 1958
1292 345 1227 1304 1404
233 1185 1221
1185 260 753 818 918 1755
1221 1039
234 408 1825
408 1039 1574
1825 1069 1166 1208 1312
235 702 1098
702 1881
1098 1380 1903
236 753 1791 1983
753 367
1791 308 467 852 995 1304 1867
1983 688 975 1323 1985
237 497 1935
497 682 1151 1392 1656 1973
1935 294 1306 1798
367 604 1239
1303 1369 1602
575 553 937 1174
1034 432 441 1353
1266 1656 1926
1296 860 1230 1779
1425 1795
1971 398 813 856 1058
1992 923
241 1610 1746
1610 709
1746 436 937
698 691 725 1643 1733 1961 1995
277 1122 1580
1969 314 560
244 1103 1774 1988
1103 1083 1563
1774 1066 1908
1988 400 516 1473 1627
588 478 568 1258 1543
1722 411 780 999 1251 1647 1856
1961 652 792 975 1363
246 827 1282
827 1256 1345 1547 1693
1282 470 705 1398 1476 1601 1659 1900
247 1027 1039
1027 664 1334 1855
1039 632 900 972 1755
248 844 1151 1482 1704 1707
844 490 948 1463 1757
1151 399
1482 915 1672
1704 589 671 970 1230
1707 532 1489
249 550 804
550 725
804 414 453 1159 1331 1761
1955 688
1156 1088 1420
1431 632 691 1305 1363 1656
482 326 773 1432 1616
404 878 1430
1192 308 510 1155 1362 1851
1491 487 513 1461
1542 273 340
1645 453 966 1882
1667 1532 1851
1251
1278 295 1048 1860
917 1462 1785
1400 436 1402
410 490 1750 1770
259 316
316
260 1025 1336
1025 1613
1336 652 729 1012 1885
481 418
853 883 1271
1703 536 1854
262 684 1347
684 528 600 1157 1978 1993
1347 376
263 890
890
832 380 838 928 1720 1937
1474 1574
1724 676 867 1179 1673
613 314 701 1112
1951
696 994 1497
1031 382 439 691 837 928 1220 1375 1538
1819 522 708 1755 1834
1833 1672
882 368 1004 1587 1804
1497 692 1485
1604
268 324 441 1276 1353 1451 1534 1891
324 479 501 1854
441 473 793 1405
1276 682 953 1115 1638
1353
1451 331 453 1058 1465 1623
1534 326
1891 439 1787
270 733 1062 1238
733 530 988
1062 911
1238 873 1106 1122 1975
795
1392 1670
1651 1465 1757
1981 501 1195
272 1511
1511 1295 1721 1779
273 371 1405
371 650 840
1405 1881
297 938 1142 1179 1382 1660 1878 1989
1448 1834
1561 509 560 1194 1586 1989
1720 967
969 436 1587
276 499 1387
499 382 1259
1387 1323
1122 278 428 964
1580 470 953 1996
278 892 1097 1649 1764
892 515 1195
1097 1255
1649 628 1757 1872
1764 418 1437
397 1021 1739
735 956 1403 1461
655 788 1312
1725 1870
1796 422
380 1806
925 825 1328 1739
959 926 1001 1832
1066 1048 1740 1878
1157 407 427 972 1321
1239 668 801 1004 1024 1236
283 467 778 1525 1591 1900
467 384 823 964
778 727 1330 1403 1592
1525
1591
1900 545 1197 1329 1373 1705
528 398 522 1323
1375 797 1123 1160 1910 1926
337 858
1083 290 893 1281 1330 1570
286 334
334 1600
784 627 842 1570
288 1006 1721
1006 487 521
1721 447 772
543 294 360 668 788 1326
1320 418 1982
1587 470 1236
290 632 1665 1694
632
1665 817 1047
1694 727 1056
291 672
672 1159 1160
1349 549 883
1403 525
1441 750
1920 1333
294 496
496 321 1048 1484
295
938 350 572 1142 1373 1432 1586
1142 766 937
1179 1975
1382
1660 554 1245
1878
1989 453 1517
693 340 345 350 508 923 1146 1768
1479
1593
1633 966
299 1132 1190
1132 1262
1190 1563
520 900 1145 1363
725 1080
1079 585
1574 432 546
301 573 975 1712
573 664
975 306 1321 1404
1712 1552
411 1229
682 878 1204
995 1334 1640 1866
1047 722 1756
1295 369
306
867 1153 1362
994 860 1311
1786 1087 1206 1849
308 628
628 921
309 813
813
1515 1329
400 788 1973
1209
312
313 644 811
644 749
811 332
314 918
918 1586
1562 1133
317
679
1212
1331 896 898
1814 328 664 864 1208 1350
829 1004
1262 1465
1381 350 736
321
1053 793
479 1124
501 1139
1854 464 1653
325 828 1398
828 1485 1789
1398 384 398 1133 1544
326 470 605 903 1423 1535 1735
470 694 991 1145 1393 1550 1638
605
903
1423
1535
1735 369 631
1367 1269 1688
328 432 697 812 1476
432 631
697 1736
812 529
1476 418 614 907 1073 1873
899 1681
1788 428
330 701 954 1870 1952
701 604 1216 1866
954 1626
1870 1167
1952
331 572 797 1198 1544 1736
572 1227
797 1048 1159 1330 1723
1198 1463 1874 1958
1544 342 1393
1736
332 505 589
505 1658
589
688
1600 1324
453 490 1938
1638 433 1958
858 671 937 1263
338 399 681 1058 1947
399 1050 1255 1281
681 1263
1058
1947
396 937 1240 1681
1599 968
1973 1471
340 761 1159
761 1856
1159 830 915 1844 1895
342 1975
1975 1385
898 833 991 1769
345 1779
1779 849 1248
346 1236 1337
1236 1373
1337 376 509 1420
563 1927
955 664 909
1688 1437
893 714 1229 1393 1530
1273 384 515
350 991 1438
991 1361 1406 1538
1438 1263
351
353 1903
1903 773 849 1092 1404 1485 1855 1937
611 1261 1785
1429 767 1824
1798 1829
515 1361
1664 842 1365
1768 1675
627
1153
358 511 1594
511 1636
1594 945 1672
757 1831 1837
1851 600 728
360
687 413 694
748 495 614 663 1183 1305
1666
378 819 1881
1545 860 1915
1140 654 932 1019 1377 1762
1602
1696 386
647 1630
785 817
1790 1088 1160
604 382 509 622 1077 1319 1399
368 685
685 1627 1832
369 421 1049
421
1049 428 1623
650 1253
840 1390 1636
940
1640 972 1389
375 1326
1326 1019 1543 1709
376 945 1654
945
1654 1755 1998
640 1019
1978 1037 1377
819
1881 911 915 1716
1982 694 915
1806 1334 1410 1888
780 889 1585
382 1199 1697
1199
1697 521
383 771
771 873 1008 1867
384
749 1415 1860
1162 414 1256
1753 527 1558
386 1230
1230 1558
1733 1144
1855 834 921 1311 1834
1319 1339 1613
1077 1216
393 625 1333
625
1333 1616 1700
1523 1226
422
560 758
1178 671 1312 1485 1530 1723
1321 699 1484 1810
937
1240 686
1681 436 1145
1021 1017 1323
1739 1547
398
1050 714 793 1927
1255 1536 1601
1281 1215
788 1754 1773 1915
402 729 1592
729 1399 1424
1592
474 1843
1374 1856 1949
1410 727
1706 1755
1744 424 667
878
1430 1673
714 1893
406 521 671
521 830
671 1249 1702
407 540
540 508 1129 1144 1339
490 1264
1750 875 1365
1770 1835
1229 1350
554
413 1071
1071 767 883 1543
414
546
909 1216
418 872 1330 1380
872 1194 1941
1330 1294 1783
1380
1311 556 1249
1513
1032
424
1293 667 1856
1378
1883
557 727 1206
1910 576 1740
427
428
430 1530 1711
1530 652 1926
1711 1993
431
631 1092
433 1096
1096 1073 1614 1675 1824
801 1536 1939
1227 1350
1829 590
691
1195 1996
436 1304
1304 1938
1112 1134 1208
439 1174
1174 492 523
1424
1716 1161 1170 1242 1332 1990
473 923
793 1437 1656
444 510
510
445 1713
1713 1488
1784 590 1769 1894
447
1018
1958 1783
654 705 1080
1092 705
461
614 699 1444
966
996 926 1838 1882
513 1124
1938 852 1363 1850
1124 522 1547 1623 1994
1508
970
1996 692 1864
751 1003
1627 1139
552 478 1517 1608
900
1390
720 1120
1306 1355 1357 1626
1882 988 1026 1256 1346
873 1324 1830
1197 1215
1740
464
544 1895
1547 1328 1463
1488 722 1543 1949
1571 1087
823 586
964 1804
667 1995
943 562
1762 1218 1888
694
1145 889 1636
1393 1937
1550
686
915 1485 1813
972 1323
1536 1385 1700
472
923 727 1001 1484
1843 1161
1048 523
1849 1253 1866
908 1350 1626
478
1606
773 549 1328
1432
1616
483 1444 1461 1601
1444
1461 590
1601 1076 1167
484
1777 504 1586 1894
487 1107 1484
1107 1056
1484
772 709 1831
1927 1012
1264 1028
1188 926 1437
492
1406 579 1305 1585
1757 1570 1985
1885 1170
495 535 1244 1318
535
1244 1700
1318 1517 1518
1656
1259
999 652 849
1139 1134
896 1323
1846 1377 1559 1614 1670
504 522 1471
522 1489
1471 1043 1673
1658 547 1810
622
1994 1026 1134
508
509 1830 1939 1993
1830 1063
1939 579
1993 1517
1636 1754
512 1647 1670
1647 907 1538
1670
514 1673
1673 727
1361 523
516 758 1700
758 556
1700
517 834 958
834
958 1789
519 837 1754
837
1754
1363 664
830 1437
1489
523 1693 1785
1693 1990
1785 1205
851 875
525 807 967 1585
807 766
967 1290 1532
1585 1490
556
527
1323
529 1076
1076 1067
530 674
674
1120 579
1256 770
1702 1329 1941
532
534
536
1075
539 1990
1990 1552
1129 1552
1144 1415
1339 590 1060 1626
541 833 928
833 842
928
1218
1298 1271
668 727
1895
545 1659
1659
547
1769 792
549
722 1215 1308 1755
1051 1208 1776
1237 1183
1517
1608
553
727 1437
1206
1942
562 582 1808
582 1835
1808
1437
567
568
570
652
1460 1970
664
576 883
883 1020
968
578
579
718
770 1966
1835 1037 1543
585
586
1586
1747 1037
1258
1543
590 852
852 1402
1817
1377 921 1166 1226 1450
709
677 825
1389
1420
600 732
732 1073 1579
1067
1399 1060
609
1261
699 1341
1937 1705
1134
818
1248 1624
1894 1755
1308 1170
1970 1355
624 792
792
626
921
933
1161
1924
885
1115
638 1563
1563
1019
1630 1369
1873 922
1450 1191
1253 1334 1532
1793
705
1080 1518 1612
1312
659
1589 1780
661
663
1518
1605
1995
1214 1204
1887
1087 1783
1249
1160
676
825
1810 1558 1860
1552
1263
1204
1832 1838
1783
1024
1477 1941
1864 1350
692
1146
1872 856
1643
1341
1216 855
1866
1558 1328
1672
706 1043
1043
708
1888
1170
1912 1709
1893
752
1709 1194
1848
1106
1091
1215
1755
1350
728
1128
1271
1467 1559 1999
1073
1579 1324
988
956
736
1965
1357
1290 1037 1789
1415
926
1183
1305
1860
750
1003 838
1838
755
1831
1837
1908
1856
779
766
767
1966 1028 1205
1008 1789
1867 864 1612 1776
1328
1680
889
1245
1532 932 1679
842 1061
1570
817
1269
1773 1998
1915 1985
805 1020
1465 1069 1205 1346
1723 1009
1761 1005
1020
1402
822
1355
1334
1613 1226
1345 1362
1485
1789
1004 1061 1941
838
907
1037
1490
1061 1844
1226
948
1463
849
875
855 1191
1191
856
860
864
1166
1362
1005
871 1385
1385 1111
1194
1941 1626
1324
1462
1804
1626
911
1813
922 1926
1926 1914
1001
932
936 1332
1332
1373
1519
953
1964
1949 1155
1404
978
982 1017
1017
1614
1056 1167
1538
1756
1123
1009
1155
1012
1220
1597
1026
1028
1776
1118
1042
1623
1208
1167
1060 1294
1294
1844
1063
1679
1069
1612 1675
1219
1369
1088
1329
1780
1675 1566
1824
1111
1133
1473
1834
1559
1196
1874
1205
1979
1235
1242 1787
1787
1624
1279
1998
1300
1850
1346
1999
1365
1653
1795
1705
1566
1572
1588
1631
1985
1801
1914
