0 25 95 108 204 275 307 323 355 357 394 570 625 767 803 849
25 221 308 385 407 435 463 524 567 680 834 847 917 935 957
95 87 121 373 519 726 755 807 959 960
108 6 109 176 286 433 543 882 903 969 977
204 37 89 114 130 243 317 432 448 631 671 743 755 818 887 968
275 31 481 595 616 634 675 811 821 959
307 119 219 251 328 386 451 629 826 864 895 961 988 997
323 102 242 355 427 449 450 468 681 749 789 892 974 983
355 41 97 129 236 362 385 391 615 690 708 840 843 882 911
357 348 434 462 516 521 544 571 623 705 724 833 857 919 961
394 27 114 270 333 354 484 521 535 624 790 805
570 167 190 339 430 440 443 510 555 594 809 818 863 907 939 992
625 10 82 84 398 409 547 708 850 854 969
767 128 310 314 406 448 493 514 555 690 933 990
803 53 438 499 538 949 981
849 39 146 214 588 593 636 736 932
1 44 89 115 128 130 194 208 421 497 592 780 819 893 899
44 344 421 425 452 491 496 620 701 735 762 780 786 814 823 887
89 88 141 273 384 410 417 495 628 674 813 858 915 945 978
115 74 129 167 297 900 988
128 27 79 298 457 483 677 713 902 987
130 72 164 305 403 460 512 531 560 564 693
194 31 461 526 580 635 775 873
208 446 467 557 609 621 706 765
421 96 143 221 234 499 656 727 902 953
497 67 161 162 206 428 448 528 539 549 706 833 869 981 999
592 176 375 676 705 808 877 901 940 962
780 22 60 212 273 294 358 438 525 534 585 672 722 793 813 824 883
819 41 71 249 295 512 537 684 718
893 155 574 661 830 926 996
899 141 244 617 668 787 793 840 966
2 467 549 555 655 698 976 997
467 32 82 94 162 247 346 415 489 533 549 571 578 800 823 826
549 55 88 310 315 352 370 389 401 424 503 515 895 906 954 982
555 5 145 277 317 433 493 598 600 689 848 892 968 983
655 35 101 184 412 529 536 633 654 738 743 813
698 57 189 289 295 371 429 553 689 703 708 855 867 894 911 971 995
976 32 88 299 300 320 387 443 559 710 787 839 902 960 980 990
997 8 26 249 293 329 396 516 546 605 721 807 977
3 21 301 314 364 400 502 600 919 947
21 10 146 178 316 331 431 601 624 645 686 769 981
301 67 122 135 227 252 345 498 551 581 662 711 768
314 178 659 888 912
364 237 272 322 384 416 509 669 825 843 868
400 72 79 264 286 417 420 814 962
502 66 121 209 298 316 464 496 744 754 936 957 979
600 225 350 610 616 634 795
919 56 83 84 283 376 419 561 640 722 936
947 18 53 170 182 292 317 468 479 646 665 732 868 896 931
4 47 93 253 358 584 675 693 725 854 910
47 87 211 246 408 509 528 562 685 909 938
93 97 403 457 569 629 663 808 833 846 999
253 78 152 178 209 474 551 609 650 712 838 873
358 18 20 189 205 464 578 649 662 761 799 807 944 980
584 76 114 172 303 335 481 648 757 801 848 989
675 103 226 266 292 441 545 562 569 603 747 766 777 804 824 829 901 963
693 38 167 244 361 572 694 716 863 910 970 994
725 36 226 321 483 509 576 696 726 732 753 829 883 984
854 158 159 273 453 519 528 652 669
910 199 246 282 393 507 544 629 932
5 279 456 476 598 636 830 846 897
279 29 59 110 111 206 210 348 414 676 749 820 933
456 30 158 235 237 240 411 460 642 777 859 870 950
476 103 202 403 445 510 652 699 753 761 941 963
598 186 218 256 267 293 441 960
636 22 127 164 390 478 614 722 740 748 994
830 92 107 173 178 190 372 528 626 657 924 927
846 33 259 285 317 344 635 663 668 759 823 829 984
897 30 94 131 327 337 384 410 425 433 468 559 642 664 746 787 828 952
6 65 227 343 361 403 416 493 500 548 712 788 799 811 868
65 40 241 373 432 469 503 586 621 759 809 839 850 888 979
227 149 280 391 408 411 429 483 568 604 722 742 911 916 939
343 17 18 38 39 122 235 435 494 591 656 731 922 950
361 48 129 154 283 288 351 418 449 461 529 563 601 645 710 815 988
403 11 119 173 195 205 264 345 418 491 498 694 749 797 998
416 57 119 191 268 508 532 597 617 639 652 661 665 671 736 837 859 870 982
493 17 100 324 336 374 472 519 531 713 741 805 926 952
500 46 114 117 181 486 613 798 888 960
548 189 210 466 483 494 581 617 740 775 818 857
712 42 135 140 235 336 367 438 574 804 840 884
788 218 350 433 537 720
799 111 263 366 369 595 629 845 938 948
811 133 162 226 309 341 587 610 662 700 703 814
868 85 167 299 300 736 798 817 847
7 157 165 174 207 341 488 628 630 662 717 739 755 862 874
157 106 133 201 792 823
165 18 242 268 300 352 384 448 477 557 585 612 741 863 902 959 989
174 106 142 230 618 680 695 829
207 52 255 309 576 610 621 644 692 737 769 836 969
341 63 124 231 269 281 298 551 554 809 851 866 907 940
488 491 723 763 782 801 809 832 847
628 58 88 188 272 354 401 436 603 616 719 841 926 928
630 58 170 262 303 350 561 574 915 928
662 8 236 383 401 483 550 690 791
717 60 197 248 393 428 581 635 813
739 119 237 238 356 376 388 390 401 450 492 524 551 682 785
755 262 448 490 621 696 793 809 914
862 31 117 274 276 382 847 877 925 968
874 129 132 152 236 282 375 560 769 878 946 961 985
8 16 116 188 213 366 566 644 715 975 982
16 9 20 98 102 121 153 178 198 214 720 723 781 802 843 920 969 983
116 37 50 177 222 324 525 559 588 795 806 928
188 19 79 110 186 288 305 382 487 568 687 873 879
213 17 87 251 431 530 568 680 686 699 708 817 878 929
366 80 114 132 239 328 396 426 583 632 639 732 801 855 935 996
566 48 221 303 321 565 815 916 941 961
644 61 141 202 347 631 691 705 809 852
715 33 100 111 144 206 494 593 621 632 709 736 814 835 859 946 960
975 40 143 167 312 348 428 453 576 808 848
982 79 103 262 265 374 375 513 665 666 773
9 14 114 182 319 378 385 546 694 979
14 148 149 192 334 444 512 522 543 591 751 863 895 934 953
114 10 32 52 121 143 367 411 451 547 601 730 781 840 900 959 988
182 197 272 282 320 418 517 710 918 964 968
319 85 168 285 306 346 365 374 392 437 667 737 797 835 957
378 349 535 561 564 576 613 664 959 986
385 100 160 369 383 448 459 764 936
546 63 290 320 335 431 472 609 663 941 967 972 995
694 232 264 458 550 679 802
979 67 107 297 305 407 576 613 683 721 727 771 907
10 22 98 222 538 559 581 652 722 770 870 885 952
22 85 100 167 258 389 406 428 435 604 639 678 689 724 863 891
98 144 180 185 218 231 254 425 591 834 985
222 90 154 280 410 415 422 427 444 496 515 615 705 727 838 946 965 991
538 146 292 387 521 635 814 990
559 78 265 379 542 664 711 833 860 978
581 148 302 315 417 532 554 713 859 953 981
652 18 84 126 136 198 224 365 465 513 541 565 571 730 759 850 913 929
722 387 392 418 726 766 920 963
770 113 175 223 237 495 531 689 723 835 856 857
870 190 264 345 473 475 489 512 519 540 543 591 742 851
885 171 192 196 393 418 586 761 791 881
952 41 61 309 320 331 552 616 650 667 716 848 850
11 77 118 162 171 340 442 445 648 682 747 800
77 61 140 212 422 629 682 967
118 129 170 271 276 427 485 564 860 861 889 930 935 988
162 79 143 475 723 752 804
171 261 293 533 687 783 867 955
340 172 259 326 352 362 407 454 524 642 645 773 776 779 792 860 863
442 52 117 146 181 295 317 337 377 511 578 604 696 708 716
445 84 202 212 263 273 310 391 425 558 658 732
648 149 352 663 678 949 965
682 387 435 464 534 615 847
747 127 140 190 521 561 785 977
800 91 161 483 677 723
12 393 574 706 714 953 972
393 276 320 353 371 464 535 542 561 666 905 980
574 19 218 360 557 651 704 705 836 851 864
706 57 59 135 286 605 617 637 860 888 915 957
714 119 287 373 390 396 415 452 563 568 692 740 783 804 901 958 967
953 48 82 179 221 237 251 459 520 582 716 861 964
972 32 90 94 459 595 597 686 777 829
13 62 66 86 133 161 237 283 401 491 494 540 654 843 851 861 903
62 23 38 163 296 344 349 379 506 572 594 669 784
66 406 471 509 537 623
86 92 286 322 642 661 729 810 860 878 915 980
133 51 109 137 152 238 247 311 495 541 557 731 753 774 914
161 30 52 53 63 189 240 354 359 427 440 485 575 586 657 798 850 917
237 57 212 233 278 328 353 373 429 512 746 751 776 783 875 950 955 998
283 238 247 342 379 569 573 603 613 705 728 838 905
401 79 90 99 155 179 250 276 291 580 622 679 720 729 737 981
491 73 203 291 373 472 589 921 943
494 191 226 440 554 657 793 851 858 928
540 104 121 135 153 186 235 395 512 545 624 646 758 859 948 957 986 989
654 69 276 311 521 599 620 716 797 818 828 843
843 126 254 349 365 372 541 563 596 643 753 759 790 863 922 926
851 79 94 103 521 530 757 872 921
861 17 24 121 276 392 460 510 659 676 726 980
903 143 179 318 328 360 384 410 543 743 749 804 814 889
148 215 326 374 479 591 647 796 906
149 189 216 267 404 420 586 617 635 695 817
192 19 67 154 410 690 716 818
334 49 159 180 238 255 257 326 509 606 623 673 677 705 822 837
444 150 242 350 504 513 553 626 635 737 745 763 771 795
512 82 107 146 195 375 551 590 618 826
522 15 234 315 452 503 666 993
543 88 242 310 389 410 608 685 720 726 847 904 905 978
591 267 288 517 635 757 782 816 937 984
751 17 215 246 282 288 324 440 498 529 812
863 17 23 55 134 211 229 312 390 460 663 683 756 797 864 908
895 59 338 433 490 533 702 793 796 948 994
934 15 17 110 273 396 860 923 928
15 78 318 321 475 485 486 547 552 597 637 802
78 49 219 224 225 241 446 469 553 690 808 877 915
318 39 187 263 316 346 433 607 681 683 729 815
321 254 263 305 391 518 575 577 656 801 864
475 18 46 261 441 638 911 936 946 949
485 219 233 243 268 471 563 601 673 835 886 930 948
486 138 390 412 413 593 720 731 883
547 170 229 247 259 482 896
552 55 159 160 398 414 659 951
597 60 87 122 449 487 653 672 944
637 56 153 173 226 261 292 399 498 765 951
802 124 132 158 423 469 946 987
20 176 290 317 370 587 616 664 839 858 881 898 993
102 152 226 276 388 483 514 605 657 692 707 734 772 956
121 67 465 612 639 664 782 880 989
153 17 284 293 363 495 807
178 126 173 180 375 679 684 779 789 827 831 918 990
198 259 260 266 443 459 530 929
214 51 246 260 276 309 322 392 469 526 558 638 660 900 962
720 49 67 292 368 377 382 388 571 651
723 17 63 67 125 448 542 590 666 898
781 34 61 92 156 367 568 664 688 792 798 898 902 927 989
920 23 34 67 90 219 362 368 806
969 70 135 368 516 607 635 643 825 834 847 873 990
983 26 201 261 350 659 665 776 884
17 346 446 602 700 750 764
346 85 261 294 408 417 820 937 949
446 265 352 583 764 864
602 30 199 335 359 511 606 627 738 837 887 916
700 131 290 299 308 322 342 371 399 460 643 792
750 264 312 709 925 955
764 73 81 277 408 466 554 609 963 989
18 143 193 203 309 329 383 443 501 687 695 766 786 806 879
143 52 282 466 705 883 941 970
193 197 225 290 608 840 992
203 94 154 167 242 344 451 569 609 748 832
309 34 74 173 185 266 374 381 604 773 981
329 28 134 136 296 356 402 536 683 875 878
383 23 104 146 585 635 680 703 745 806 818 850 915
443 134 206 228 259 431 489 856
501 34 150 224 305 311 327 718 922
687 43 175 200 348 376 631 653 663 756
695 40 96 328 362 528 571 942
766 112 125 160 180 201 230 284 322 436 509 626 756 777
786 219 362 412
806 134 142 276 450 455 462 667 736
879 306 386 404 541 609 744 941 977
19 223 254 330 335 377 544 609 719 745 793
223 51 144 251 541 993
254 183 310 414 455 484 671 818
330 55 260 353 461 676 744 840 988
335 85 347 414 624 684 785 856
377 67 238 261 311 432 480 505 896
544 29 144 271 338 422 468 578 736 775 886
609 139 167 426 451 741 794 837
719 185 327 372 526 587 892
745 135 646 674 701 785 857 905 985
793 39 85 144 172 233 257 264 347 514 669
176 76 119 423 481 524 560 612 657 659 665 938 998
290 226 276 336 542 812 823 831 949 958
317 74 169 181 218 219 243 433 589 663 676 741 841 915 916
370 42 139 201 236 384 459 495 510 684 858 948 961
587 142 246 265 273 696 713 805
616 48 240 320 376 514 589 603 690 708 753 818 840 842 999
664 150 186 191 265 285 855
839 256 482 639 696 824 852 872 948
858 197 266 354 371 395 407 433 489 514 608 629 681 995
881 206 369 398 415 596 642 647 865 892
898 73 262 509 642 710 795 850 974
993 220 287 353 372 374 425 531 643 929
146 67 337 641 909 927
316 271 277 298 299 308 379 396 564 607 619 685 816
331 24 190 226 362 423 508 647 890
431 31 43 252 392 791 880 901 995
601 76 333 562 797 805 860 907
624 163 169 170 342 454 526 610 676 792 831 931
645 163 345 505 516 673 727
686 28 37 125 345 663 668 737 827 987
769 111 241 246 495 517 674 679 735
981 83 354 381 699 838 921 966
85 100 134 324 367 374 651 966 970 996
100 40 92 259 376 510 604 836 872 967 980
167 172 205 430 524 809
258 57 605 634 960
389 110 325 368 557 759
406 31 51 76 244 426 509 641 716 977
428 448 479 578 925
435 81 101 690 709 756 937
604 217 345 563 576 649 774 801 835 886 946 955
639 55 217 621 731 807
678 68 186 663 774 816 865 987
689 117 247 257 302 327 691 703 743 744 812 880 928 948 988
724 34 187 195 217 424 690 730 782 823 883 962 970
891 221 345 433 462 524 779 828 911 961
23 311 327 436 557 572 621 845 938 960
311 120 138 246 391 823 902 965 996
327 90 166 185 287 699
436 42 189 336 449 473 514 667 680 777 929
557 112 164 265 344
572 68 437 455 528 629 684 756 807 816
621 42 64 70 225 674 736 840 995
845 41 117 266 296 362 499 808 812 916
938 53 124 300 372 395 482 506 513 527 925 950
960 215 240 342 391 433 518 596 685 710 855 873
24 49 190 390 567 571 585 615 699
49 273 433 473 521 531 834 882 936
190 339 365 481 532 553 711
390 106 197 224 280 349 430 528 542 859
567 144 312 342 347 541 804 807 925
571 298 612 801 880 965
585 132 160 238 352 409 466 855 957 973 974
615 48 104 205 380 618 688 816
699 295 328 368 413 508 525 649 703 746 842 908
221 206 230 238 345 595 672 704 832 847 901 908 956
308 35 68 177 206 310 426 564 627 827 929
407 31 134 140 173 239 742 875
463 75 202 250 386 462 480 704 738 815
524 64 69 81 140 218 240 337 402 703 749 949
680 140 245 412 558 831 856 932 959 971 980
834 139 261 328 789 828 841
847 43 201 273 339 426 539 541 612 707 777
917 105 287 473 513 617 683 816 902 922 964 987
935 67 140 305 449 458 498 658 988
957 29 363 374 622 640 668 707 945 974
26 71 97 642 990
71 40 158 196 216 844
97 63 362 521 593 633 774 795 904 916
642 34 99 480 665 968
990 281 433 627 647 650 740 900
27 64 120 132 295 306 356 582 633 681 690 760 796 810 961
64 42 87 120 368 731 762 765 925 930
120 32 40 159 280 391 409 520 614 730 856 886 946
132 41 175 238 285 507 731 929
295 282 387 529 684 711 826 905 948
306 31 99 117 332 384 398 850 866 950
356 54 342 397 607 763 813 818 832 852 864
582 83 286 480 499
633 144 352 471 563 594 659 763 842
681 236 328 703 877 989
690 129 232 701 752 878 973
760 233 251 425 541 810 968
796 31 50 90 99 201 304 484 735 741 782
810 177 369 634 651 801 823 928 942
961 79 83 200 228 233 236 472 617 672 848 884
28 43 45 67 166 177 568 603 653 889 927 944 949 968 977
43 46 57 104 138 156 342 536 748 927 930 978
45 87 201 234 298 503 573 641 775 932 939
67 129 154 505 778 787 871 880 884
166 33 123 152 234 665 676 998
177 239 285 379 426 627 708 721 783 794 824 882
568 129 156 170 489 516
603 134 215 246 286 313 380 479 487 553 610 713 774 791
653 328 541 623 650 784 888
889 303 483 605 623 912 921
927 80 134 219 225 233 246 303 458 735 912
944 99 113 180 266 381 408 482 697 759 946 989
949 87 168 170 215 296 365 447 449 529 882 965
968 37 46 101 117 156 200 269 270 273 665
977 112 293 345 365 451 914
29 58 205 462 942
58 83 215 324 537 635 911 965
205 211 218 328 413 487 506 553 721 924
462 200 202 298 375 437 658 837 929 962
942 220 440 612 649 677 926
30 533 579 612 752 950 971
533 56 105 125 280 427 466 826 915
579 272 294 464 809 815 857
612 103 274 413 554 702 837 905
752 202 273 660 875
950 274 399 438 593 605 619 623
971 101 282 287 310 450 461 499 704 721
31 375 398 984
375 105 234 345 391 422 629 761 991
398 135 147 151 160 273 374 395 867
984 534 542 627 673 778 801 901
32 41 99 105 236 287 481 542 558 718 967
41 63 107 145 293 489 499 511 825 850 998
99 107 175 265 399 507 789 824 994
105 163 168 268 396 464 511 595 650 765 772 922
236 34 50 96 131 172 244 409 422 432 460 504 508 528 530 554 596 732 737 875 940
287 109 147 184 388 420 487 521 974 978
481 465 659 763
542 117 158 219 539 583 856 939 943 955
558 226 267 324 405 907 995
718 438 454 661 728 795 822 945 963 967 992 995
967 107 216 452 489 506 516 536 565 635 707
33 73 142 144 274 455 535 562 663 867
73 126 423 484 641 734 775 790 820 888 959
142 51 53 181 326 417 914
144 59 83 734 746
274 70 185 302 392 448 560 737 970
455 40 139 175 417 419 531 541 631 685 778 840 912 956 980
535 124 134 217 225 338 487 523 528 674
562 336 583 610 734 818
663 246 359 413 430 578 627 753 785 829
867 117 271 272 328 404 531 713 905 928
34 104 338 495 886
104 38 136 189 218 248 471 525 606 696
338 117 288 365 380 412 594 661
495 110 397 433 441 504 650 791 795 865
886 226 350 511 565 580 660 677 789 915
35 101 328 387 464 479 594 692 754 924 925
101 458 986
328 158 202 352 388 420 536 561 744 768 914
387 354 379 626 651 929
464 122 150 229 257 483 531 589 665 776 805 832
479 126 229 299 520
594 281 818 869
692 60 348 697 749 842 865
754 219 255 368 484 519 529 593 641 685 820 941 956 970 986
924 42 57 61 218 270 465 473 477 794 804 929
925 122 267 349 701 708 794
36 245 298 465 510 634 704 707 709
245 201 232 396 583 821
298 410 618 685 948
465 154 294 299 302 617 619 669 818 833 936
510 173 373 576 607 608 771 999
634 75 92 159 297 608 894 970
704 40 75 79 82 84 589 709 978
707 299 432 563 627 857 932
709 111 135 150 344 586
37 189 238 322 425 471 551 688 776 913
189 251 312 369 595 672 765 828
238 131 151 202 226 278 622 758 763 998
322 40 326 527 906 912
425 113 269 380 434 623
471 61 159 342 347 635 875
551 230 288 575 650 746 785 877
688 553 617
776 80 200 676 896 948
913 88 107 184 211 267 404 489 564 814
38 42 55 127 154 246 472 837
42 422 492 583 589
55 141 187 450 610 790 937 995
127 164 225 376 480 672 737 777 866 900 974
154 294 372 498 730 753 859
246 52 129 242 282 288 515 626 650 930
472 135 250 417 419 470 477 487 505 958
837 52 79 200 265 474 812 869 956
39 339 461 560 992 996
339 241 263 277 422 513 792 831 844 945
461 72 80 627 759 792
560 140 225 304 536 617 939 956 991
992 123 212 217 266 657 871
996 168 250 569 773 864 876
40 139 197 233 469 527 731
139 576 608 797
197 660 894
233 353 451 457 506 527 635 753 765 840 869
469 202 347 527 590 798
527 94 107 183 228 240 351 828 916 966
731 59 302 372 617 683 738 792
63 224 271 439 477 614 735
107 83 163 809 835 986 991
145 68 250 288 371 490 771 792
293 453 631 823 853
489 271 452 710 871 987
499 365 490 508 545 583 763 824 831
511 300 336 713 782 966
825 112 382 528 531 643 741 931
850 76 90 183 966
998 136 151 159 249 305 419 516 647
422 46 363 430 432 541 676 728 737
492 380 427 457 518 946
583 79 374 466 733
589 80 136 155 226 326 359 395 554 939
46 234 241 396 487
57 117 175 234 235 573 614 785
138 109 172 797 932
156 277 324 396 490 841 857 945
342 129 263 409 457 564 746 929 974
536 449 487 789 855 989
748 248 430 629 742 746 813 911
930 374 528 684 758 844 937
978 175 185 466 762 841 906
344 80 231 396 588 945
452 117 262 271 303 404 880
496 276 437 790 866
620 48 124 661 828 848
701 80 125 216 261 299 313 411 477 531 610 691 743 762 783 798 813
735 359 466 561 683 986
762 53 87 163
814 70 82 83 191 359 418 441 520 556 902 904 988
823 79 91 255 276 312 515 556 670 773 784 829
887 708 730
87 83 103 671 738 989
201 392 575 734 857 940 958
234 259 419 541 626 638 646 877
503 79 179 438 554 573 580 626 657 797
573 124 247 650 774 813 890 912 986
641 160 271 285 458 627 804 836 864 939
775 70 91 262 515 554 877
932 392 807
939 206 229 281 529 666 730
241 212 326 519 531 643 808 876 909
396 84 179 185 359 529 569 742 783
487 457 613
211 163 388 517 629 763 955 970
408 112 482
509 151 183 286 404 515
528 313 813 844 988
685 106 278 348 506 614 684 711 749 860 894 948 986
909 230 270 278 506 838
48 124 229 380 449 646 732 989
124 110 367 729
229 399
380 175 289 415 434 483 829
449 151 155 333 384 618 836
646 84 196 420 514 777 789 855
732 59 79 126 218 303 453 638 659 829 841 966
989 268 534 768 973
273 119 399 561 617 669 813 872
433 264 391 473 474 515 619 833 896 904
473 51 303 679 763 878 962
521 81 384 418 490 667 804 859
531 131 210 292 367 537 665
882 478 683 809
936 206 232 351 459 815 986
50 80 235 460 857 980
80 315 384 554 702 705 743 795 878
235 81 391 480 684 923
460 123 277 372 474 477 726
857 70 136 448 943
980 382 513 677 761 951 963
51 113 117 215 320 638 746 757 951
113 111 212 430
117 362 911
215 103 575 894
320 303 736 746
638 262 299 324 665
746 159 270 286 813 999
757 110 448
951 183 270 351 412 553 703 859 880
52 657 734 827 987
657 90 122 135 260 276 384 508 554 607 833 970
734 286 310 447 506 537 599 831
827 365 504 605 618 778 835 948
987 74 292 402 516 569 595 840
53 351 629 674 691
351 106 265 271 384 484 608 878
629 96 402
674 84 110 247 250 738 880 945 995
691 88 596 774 815
54 519 576 816
519 159 251 267 336 498 605 787
576 280 684
816 561 902 986
141 88 212 304 397 427 454 937
187 122 184 399 453 828 829 928
450 209 447 608 631
610 88 134 230 300 402 530 964 999
790 109 255 263 291 302 417 451 468 666 740 783 836 852
937 649 783 848
995 368 921 958 974
56 225 595 696
225 164 372 711 875
595 91 672
696 200 477 545 659 896
175 112 191 224 299 391 457
614 384 759 852
785 70 137 376 391 429 539 840 848
83 206 224 257 353 374 498 530 534 671 753 768 933
324 247 350
537 109 703 768
635 186 710 988
911 110 126 404 480 649 798 852
965 61 202 392 545
59 255 265 372 402 761 807 907 922
255 206 349 768 772 859 912
265 110 185 439
372 91 195 333 411 703
402 423 474 599 876 943
761 278 349 369 388 744 753 864 912
807 230 242 243
907 397 530
922 271 325 347 386 397 418 855
60 135 196 665 671 875 890 908 916
135 420 484 795 798 804 824 948
196 90 160 268 365 367 477 526 586 869
665 209 376 384 520 703 733 738 783 970
671 155 185 426 619 643 679 809 869 894 921 964
875 159 292 440 447 454
890 122 300 348 367 518 605 821 904
908 278 617 815
916 112 136 350 948 962 994
61 195 397 586 713 840
195 74 242 268 285 384 424 530 569 632 744
397 299 815
586 605 729 940
713 186 432 564 727 871
840 140 252 405 410 429 545 873
163 91 112 183 313 325 349 376 418 451 515 666 798
296 360 432 437 759 812
349 365 738 759 864 912 962
379 137 504 946 955
506 247 352 580 711 729 801 853
669 224 281 347 367 741 865
784 184 363 872 956
224 84 345 490 647 679 848
271 109 126 264 822
439 411 578 727
477 772 791 797 900
368 172 412 659 661 824 883 940 973
765 119 147 180 627
373 218 248 260 284 626
432 206 304 352 381 661 736
759 231 305 483 667 711
809 76 336 466 647 880
888 119 276 515 632 684 945
623 440 651
129 123 315 683
505 158 733 772
778 94 304 490 829 974 985
787 191 280 303 388 474
871 109 262 302 448 756 820 974
880 231 243 302 564 618 631 649 789
884 119 180 345 763 906
68 199 352 376 478 643 931
199 170 285 352 647
352 230 412 545 659 795 873
376 183 230 386 459 708 729 929
478 76 268 310 434 726 914 943 991
643 94 111 405 520
931 184 218 250 262 626 795 859 945
69 413 459 588
413 228 353 419 482 815
459 315 518 661 826 853
588 424 483 848 963
70 111 605 853
111 84 391 412 852 973
605 561 606 705 876
853 437 902 918 988
158 125 482
216 798 805 860
844 119 126 155 437 826
72 74 160 252 454 631
74 263 474 575 779
160 288 315
252 219 392 404 480 877 914
454 556 622 818 945
631 119 232 740 815 820
126 248 878
423 152 563 705 958
484 147 291 483 783
820 212 243 534 774 900
959 134 206 569 661 894
263 134 170 350 915
474 545
575 369 842 999
779 232 285 292 345 801
75 76 286 530 865
76 94 300 365 563 672 730 773
286 140 228 649
530 384 429 498 763 856
865 169 170 424 580 606 676 705 708 710 711 821 860
94 200 250 326 365 490 864
300 534 841 855
365 147 242 345 353 507 818 915
563 123 259 554 660
672 347 434 561
730 262 332 490 948
773 260 705 896 962
140 134 333 728 986
212 106 110 231 280 418 529 894 945
219 206 564 900
553 243 666 877
808 200 202 347 520 970
877 305 513 743 848 873
915 276 332 525 607 677
79 150 756 906
150 270 411 771
756 303 367 369 430 658
906 667 860 876 914
315 353 550 777
384 556 666 945
554 270 386 482 705 743
702 515 529
705 137 278 405 905 963
743 185 244 859
795 147 556 596 945
878 304 347 466 848
81 191 371 409 520
191 325 668 974 994
371 545 596 726 736
409 774 813 956
520 289 607 632 749
82 91 159 388 453
91 999
159 112 231
388 96 852
453 259 360 622
206 304 313 395 873
257 220 230 441 514 608 613 883 963
353 860
374 123 179 185 266 833
498 513 896 956
534 88 134 202 427 753
753 181 248 288 427 596 607 838
768 297 607 797
933 627 883 914 988
84 226 876
226 626
876 109 185 277 382 565 670 905
134 310 774 914
367 277 892 940 948
651 251 362 490 666
966 362 458 822
970 490 523 872
92 168 441 658 828 872
661 209 721 831 892 948 963
729 239 250 448 791
860 360 618 742
103 284 466 679 841 859
738 310 590 962
88 280 333
280 168 414 611 824
333 249 514
410 305 419 697 848 864 985
417 180 251 270 523 740 792 797
813 180 564
945 736 841 923
90 590
590 660 832
999 217 518
168 122 200 244 268 429 580
441 248 270 337 359 426 564 596 831 836
658 106 391
828 218 239 326 448 727
872 697 943
457 200 649 758 815 958
569 218 259 276 523 736
833 289 325 336
200 556 670 777 892
250 954
326
490 345 354 596 721
864 249 804
726 232 242 564 670 842
96 963
963 666 855 926
362 392 721 832
593 184 247 424
774 276 855 866
904 272 437 517 801
180 302 392 869 896 921
185 179 411 468 841 929 991
218 170 525 818
231 240 267 526 789
985 119 812 973
399 269 599 721
507 202 230 958
789 297 526 673 804
824 448 666
994 791
259 419 514 737 954
836 679 902
458 284 348 550
986 136 299 420
152 532 541 826
276 136
483 434 822
514 109 169 348 596 632
772 210 312 451 564 613 912
956 122 926
284
466 710 783 821
679 386 525 815 821
841 336 392 426 517
859 673
136 294 926
248 386 622
525 266 516 905
606 131 179 337 829 852
268 794 973
650 262 382 716 923 948
106 249 596
249 411 697
596 230 291 798
835 155 626 728 804 873
991 228 526 721
109 405 599 741
405 266 288 291 869
599 217 411 526 815
741 202 261 348 561 683 727 883 926
110
391 517 541
412 239 272
852 294 647 848
973 122 386 905
112 186
186 230
430 541 822
411 619 736 792 805 918
451 232 305
900 556 817 855
988 359 670
297 151 209 392 921
928
170 220 647 649 703 708
427 294 659 783
564 202 866
119 532
532 404 440
856
946 243 565 948
782 420
122 894
894 518
123 580 684 716
580
684 131 727
716 278 292 619
125 369 438 711 855
369 239 545
438 424 941
711
855 179 247
164 613 797
480 289 832
737 272 613 777 869
777 281 896 954
866 668
974 332
677 517 523 647
902 209 386 424 821
683 282 627 958
305 523 783 817
131
285 183 392 608 647
929 179 805 838
137 264 792
247 267 763
541 667 943
914 230
310 647 710 801
420 437 523
798 304 345 892
804 183
948 281 448
294
926 728
264
792 202
172 303 468
797 232 282 419 508
608 303 556 955
728 468 611 703 943
304 676 801
181 217 613 617
282 173 336
883 667
941
288 482
771 523
337 240 325 517 626
147 277 617 627
277 482 842 892
617 415
627 905
647 733 794
267 269 545
404 392 622 659 873
817 179
270 266
151 607 838
607 429 640 673
838
826 447
363 299 348 350 550 708
155 470 697 812
470 347 360 649
697 831 923
812 742 873
482
240
354 801
359 312
440
183 230 256 783
313
325 842
418 256
515 386
666 312
613 269
242 508 659
448 577
676
244 742
429
169
220 332
649 289 345 424 901
703 173 292 794
708
261 289 656 740
783 281 447 848 923
955
303 815
468
173 640 869
640 179 740
869 818
230 266 272
618 437
829 281
299 292 526 742
659
239 382 721
426
721 565
794 611 815 912
831
918 733
179 805
805
302
392 815
896
921 209 740
217
272 209 578 742
517 736
710 381 801
964 822
256 611
184 243 414 415
243
414
415 742
382
873 291 923
251
312
668
818 749
526
424
632
744 749 912
660
260
266
556
670
892 611
940 561
958 516
202
832 626
395 210 345 736
209 742
742
210 381
381
763 545 749
529 437 736
962 516
332
345 923
901
727 912
848 667 822
626
228 523 578 791
523
578 262
791 289 656
232
419
923 508
504
508
278 434
622 943
758 518
821 801
386
954
912
611 619
289
656 545
740
262 733
733 350
350
269 545
545
822
561
842 291
434
348
749 550
281
336
905
291
292
360
437
815
801
550
619
667
736
518
577
673
347
513
516
943
447
539
565
