0 45 123 152 178 293 296 309 321 365 404 413 432
45 6 26 95 125 127 136 137 167 223 287 316 387 389 471 484
123 48 92 124 140 148 199 292 296 299 352 381 399 449 483
152 13 19 47 74 165 176 194 279 288 314 317 347 353 358 404 420 457
178 18 43 51 119 139 190 214 284 287 313 366 386 410 433 487
293 17 28 31 100 211 224 300 330 351 381 434 456 472 485
296 68 153 184 199 247 286 352 392 393 402 477 488 495
309 31 53 162 308 318 339 359 382 446 493
321 70 92 114 124 224 274 333 342 403 407 409 481
365 27 68 79 137 158 182 198 204 228 255 288 306 353 392 401 408 477
404 158 251 266 337 340 424 428 443 456 459
413 4 7 60 120 187 228 230 232 239 300 306 340 423
432 58 119 145 156 246 283 285 370 372
1 43 49 99 160 203 305 319 348 371 434 465 466
43 44 131 173 259 310 360 430 462 469
49 16 42 52 69 132 154 170 197 215 221 291 355 381 384 398 406 424 431 479
99 17 19 126 139 161 177 238 249 252 292 295 315 351 371
160 55 60 100 127 218 278 438 464
203 5 13 91 133 187 238 262 267 286 371 397 399
305 146 157 164 264 347 366 445 450 458 472 493
319 59 105 148 193 260 264 271 304 362 411 437
348 36 68 89 108 193 202 237 258 262 286 330 333 346 414 416 493
371 14 42 77 109 112 202 366 369 375 399 434 455 465 479
434 35 92 108 127 142 150 267 279 318 334 338 361 379 388 414
465 12 32 47 60 79 117 210 231 299 330 338 357
466 94 132 139 166 173 218 246 252 299 359 376 441 455 462 467
2 37 146 198 202 221 289 345 356 376 444 461 471 478 498 499
37 34 39 50 62 128 143 175 183 212 227 253 261 268 303 364 402 418 422 426 459
146 52 67 97 184 283 303 346 360 398 406 451
198 149 161 171 199 202 205 225 259 289 299 302 390 408 457 463
202 78 189 239 245 263 277 279 314 328 460
221 5 87 114 137 189 332 350 385 407 414 464 470 478
289 40 89 181 214 224 251 423 488
345 70 158 191 194 230 283 349 357 406 443 487 499
356 62 98 122 142 176 180 227 247 257 275 276 310 355 418 444 468
376 34 81 107 124 246 265 334 340 425 468 470 486
444 24 38 95 235 299 410 412 445 455 471 480
461 25 56 77 98 117 161 185 188 194 222 223 256 257 280 311 313 349 386 439 474 482
471 7 110 117 124 161 181 195 200 219 226 276 302 324 340 354
478 26 41 121 142 147 181 300 317 327 329 341 385 443
498 8 82 92 131 205 214 260 440 482 485
499 9 10 19 52 64 110 136 163 176 180 194 199 256 257 310 341 458 484
3 98 164 216 310 326
98 12 74 140 163 216 229 242 258 362 395 409 448 463 487
164 48 58 69 82 85 218 323 324 347 391 420 455 486
216 16 19 38 88 111 116 217 232 342 363 419 421 480
310 46 69 137 195 259 275 306 307 315 393 449 459
326 59 132 261 294 333 439 482 486
4 35 91 115 141 169 186 304 327 403 435 437 485
35 40 60 90 112 147 153 206 311 329 416
91 156 157 159 174 179 266 288 331 361
115 23 52 60 145 166 173 193 215 228 268 273 314 322 327 425 494
141 21 113 139 142 190 373 398 488
169 5 15 71 77 103 219 236 241 249 352 364 405 407 479 489
186 21 36 47 92 233 323 344 360 367 389 440
304 8 96 190 225 331 385
327 30 88 97 107 114 128 143 174 181 185 212 214 406 426
403 54 104 133 135 399 405 439 456
435 21 59 68 110 119 197 222 249 253 259 282 482
437 10 24 30 56 80 89 119 126 144 234 257 337 350 378 397 442 455
485 12 55 116 131 172 212 233 253 284 312 323 328 329 385 414 442 449
5 93 175 256 333 344 374 389 429 430 446 480
93 97 104 155 166 217 241 283 353 367 393 441 472 475 486 492
175 7 133 139 181 215 279 287 301 336
256 67 82 208 231 307 338 366 387 449 460
333 14 26 27 53 64 90 283 336 396 447 473 492
344 8 64 67 68 136 162 224 226 237 247 270 337 424 442
374 55 87 121 180 188 191 207 287 317 343 384 462
389 26 32 109 208 234 284 324 336 433 476 480
429 15 28 48 70 72 159 166 185 192 227 280 287 297 338 355 396 422 428 464
430 18 109 110 126 179 191 268 273 382 405 450 483 484
446 85 125 156 193 212 222 276 306 352 388 412
480 13 30 107 121 181 208 255 297 343 349 355 358 369 392 399 414 438
6 103 187 301 381 420 455 457 483 495
103 14 18 84 85 127 177 209 224 250 260 273 330 332 377 384 442 469 481
187 62 75 81 116 135 163 195 223 229 262 267 369 393 474
301 9 138 193 239 249 254 300 342 361 408 473 477
381 56 138 338 442 473 476
420 38 52 73 75 167 183 210 212 273 317 372 452
455 44 55 56 68 92 135 189 241 244 270 334 373
457 38 50 168 173 226 239 279 299 390 422
483 16 19 53 110 153 288 307 320 352 399 408 443 474 475 484
495 50 70 101 116 143 334 339 354 414 427 468
7 12 89 101 117 161 253 270 292 316 334 361 368 372 394 423 431
12 39 85 89 121 168 176 215 218 288 393 491
89 20 117 132 171 238 320 340 347 369 373 449
101 10 15 38 54 61 86 230 361
117 105 227 237 393 419 458 477
161 15 75 92 113 121 122 167 233 299 300 367 372 475
253 23 63 78 86 106 129 143 176 215 245 394 431 438 487
270 24 114 163 183 199 204 206 238 338 445 473
292 26 30 105 127 206 219 230 264 298 390 408 497
316 14 34 69 125 134 142 167 172 199 242 274 361 378 379 447 452 490
334 28 31 57 62 88 96 137 170 228 268 398 476 490
361 87 106 172 205 369 467 490
368 20 62 64 66 82 88 97 135 151 208 217 229 254 261 359 400 448 449
372 9 11 36 102 168 211 351 357 384 475 484 490
394 15 61 65 82 86 102 128 162 180 195 276 295 352 375 380 411 487
423 197 264 341 360 410 412 488
431 78 150 167 210 257 336 353 382 386 388 406 494
8 111 149 209 243 283 298 387 489
111 23 119 143 181 259 290 337 339 405 472
149 10 59 102 120 134 156 172 225 251 338 353 373 390 410 451 497
209 65 212 251 257 286 323 338 357 410 469
243 85 87 106 121 181 227 231 232 241 260 278 484 486
283 18 61 90 127 142 144 151 177 285 320 385
298 112 174 237 269 339 352 387 415 433 452 468 472
387 105 110 176 266 487
489 18 56 143 248 273 279 290 297 342 402 441
9 21 61 74 147 220 266 312 317 441
21 10 95 147 173 190 191 268 279 300 411 419 447 451 463 468
61 44 128 170 212 287 290 370 427 473
74 73 87 104 142 166 213 233 347 367 397
147 11 69 167 217 291 397 414 418
220 56 262 287 306 350 441
266 67 92 113 124 225 267 300 337 472
312 52 64 102 124 212 287 415 451
317 116 127 142 206 247 275 307 323 347 354 386 393 490
441 20 31 34 110 121 159 170 193 227 257 358 364 399 401 402 443 474 497
10 23 41 44 71 97 140 236 274 346 406 439
23 63 129 133 135 163 167 168 179 190 194 204 233 339 364 405 411 439 496
41 18 130 170 227 231 264 287 346 393 416 426 468
44 11 73 95 96 174 176 279 307 482
71 30 96 329 479 487
97 189 213 229 249 282 335 351 355 456 494
140 85 214 307 315 360 398 436 447 458 464 476
236 81 85 184 222 263 302 306 353
274 62 190 199 325 328 378 386 492
346 14 38 40 47 84 87 135 136 158 163 265 285 329 427 477 497
406 29 60 70 167 215 217 233 247 286 306 449 459
439 110 136 233 237 273 285 295 421
11 94 107 126 133 269 347 488
94 33 56 68 92 142 272 347 388
107 54 70 79 86 118 148 200 286 363 373 377 391 421 433 473 482
126 39 56 100 165 171 212 215 245 271
133 31 77 86 155 167 231 260 347 354 364 412 414
269 79 92 109 166 177 190 227 228 234 252 323 359 377 449 481 491 493
347 32 42 55 81 157 165 280 297 311 353 382 421 474 477
488 26 84 87 128 170 267 287 343 400 448 454
39 83 95 158 167 244 258 268 350 450 484
85 16 59 73 81 92 163 184 201 245 261 285 369 383 463 492 497
121 75 84 87 95 193 258 330 392 395 401 421 425 454 464
168 96 109 120 139 173 179 241 282 284 290 295 451 492
176 22 88 106 166 181 182 240 287 290 342
215 31 69 75 77 227 250 290 311 314 375 417 436 438 460
218 15 135 240 255 297 303 323 337 353 411
288 25 73 124 134 151 181 196 207 232 336 385 475
393 54 113 205 238 252 377 395 398 440 463 482
491 46 52 66 207 214 249 280 329 343 405 421
13 28 53 142 231 244 341 349 449
28 25 78 151 190 230 265 291 306 314 339 395 400 459
53 18 31 70 136 155 197 207 212 246 290 300 366 410 470
142 31 55 62 162 212 273 330 357 469
231 118 210 214 286 451
244 65 182 191 276 302 325 384 443
341 81 119 132 166 177 279 384 427 428 459 476
349 33 92 194 325 342 380 449 458
449 30 129 199 208 235 291 470
14 15 56 135 171 263 279 396 398 440 486
15 156 163 206 358 453
56 17 104 144 156 162 179 290 362 422 454 492
135 65 159 211 245 264 323 358
171 30 55 165 183 265 343 453
263 65 68 277 285 338 407
279 17 155 195 200 254 332 362 411 414
396 83 204 265 267 360 408
398 16 69 83 122 128 162 219 272 286 322
440 27 92 222 240 332 357 386 392 463 470
486 18 64 173 237 322 386
156 16 27 188
163 174 207 224 257 308 360 428 492
206 72 114 229 278 285 299 451
358 18 227 234 369 417 445
453 90 105 138 167 191 196 255 262 267 388 412 462
16 153 165 207 211 228 351 422 445
153 60 172 181 207 213 222 257 291 330 373 415 422 447 448 470 472
165 20 62 239 259 323 384 417 438
207 18 158 238 260 272 280 330 415 433
211 26 32 65 82 143 158 343 352 354 360 475
228 34 36 80 167 379 448 473
351 75 114 131 311 414 427
422 18 124 148 210 268 295
445 50 122 303 323 481
17 51 60 72 113 125 136 192 219 250 287 300 458
51 119 194 222 224 262 294 295 300 307 401
60 82 120 159 194 214 291 294
72 219 262 320 324 328 330 487
113 25 120 183 197 240 275 331 359 369
125 38 46 143 297 350 366 390 415 418 421 475
136 64 80 204
192 278 328 359 373 391
219 150 251 287
250 42 57 75 81 191 196 213 217 247 254 400 484
287 183 193 194 273 281 370 400 421
300 50 58 83 177 258 261 280 360 384 407
458 19 57 132 172 237 284 286 315 323 378 450 479
18 462 472
462 139 194 201 226 247 414
472
19 59 64 84 90 95 104 130 197 214 233 239 267 400 493
59 181 208 239 257 303 350
64 20 26 162 182 210 291 295 385 459
84 47 150 173 179 233 252 323 391 400 408 426
90 52 118 127 188 284 354 383 475
95 52 360 438 460 493
104 118 158 172 183 257 271 363 370 383 409 438 442 447
130 87 401 450
197 83 138 151 226 239 252 311 383 451 476
214 151 162 234 278 318 357 364 427 447
233 32 67 86 229 299 311 330 456 463
239 181 245 277 375 433 487 492
267 63 70 77 110 129 230 281 303 328 350 460 475
400 68 77 331 364 401 433 436
493 129 217 273 392 425 469
20 48 106 112 114 116 167 237 299 428
48 105 131 208 213 284 340 342 379 496
106 22 27 124 173 277 281 306 364 417 469
112 128 159 170 311 343 382 454 456
114 40 144 190 260 323 328 353 395 479
116 46 79 110 360 443 494
167 34 36 63 108 179 184 191 194 195 235 247 324 337 355
237 24 66 145 210 252 384 421
299 25 73 190 433 448
428 87 183 200 242 251 373 386
173 76 80 119 157 281 290
190 127 204 208 255 257 415
191 102 158 245 314 370 402 470
268 50 63 119 157 238 303 357 405
411 122 143 212 443 452 479
419 252 328 427 467 490
447 159 166 262 284 330 384 410 436 463
451 38 205 342 385 460 473 490
463 385
468 80 150 200 201 222 241 255 332 373 427
22 73 144 150 320 363 409 443 484
73 67 193 205 235 260 265 307 324 337 340 355 363 476 487
144 33 62 110 184 320 352 410 442
150 27 36 57 154 196 200 225 252 302 454 464
320 82 83 127 177 184 225 252 382 492
363 70 245 276 313 390 487
409 62 92 154 193 204 275 392
443 40 83 129 177 212 265 272 280 308 315 332 354 391 418 467
484 27 108 122 148 230 242 281 325 331 366 490
63 57 79 362 397 402 433
129 69 87 148 184 245 388
179 182 235 370 388
194 40 96 118 245 306 343 362 375 421 469
204 138 224 380 467
339 86 188 200 332 342 360
364 47 76 78 119 122 234 261 265 342 388
405 26 54 82 294 315 382 494
496 170 205 264 357 378 385 426 450
24 82 119 172 284 401 454
82 189 213 426 454 490
119 118 131 330 482
172 87 177 246 322 323 438 448 475
284 76 212 227 234 249 290 315 340 366 476 487
401 76 124 127 134 217 252 340 350 367 377
454 76 384 482
25 88 137 182 332 395 460
88 47 75 143 336 366 397 426
137 40 66 151 230 280 407 436 473
182 40 227 229 246 275 325 362 386 402
332 181 223 262 282 386
395 155 229 272
460 69 80 238 257 280 452
26 33 77 232 330 388
33 145 257 260 295 382 384 416 418
77 69 166 183 189 210 275 297 352 477
232 78 105 145 162 247 294 308 373 407 479
330 34 52 138 177 240 251 442
388 297 337 367 414
27 80 183 295 352 469 476 482 494
80 68 70 174 359 377 383
183 40 252 264 357 397 456
295 29 57 108 177 259 261 318 355 357 477
352 158 188 260 359 384 426
469 290 297 318 325 397 442
476 62 66 265 273 369 399 415
482 29 108 131 151 189 199 329 391 407
494 75 83 127 188 193 230 255 262 286 313 362 379 490 492
78 47 102 128 151 193 354 448 474
151 102 131 223 262 360 421
230 120 180 195 272 297 322 331 342 367
265 52 68 134 145 157 248 375
291 54 248 262 427
306 70 87 193 246 314 418 475 479
314 32 70 75 92 247 275 294
459 118 177 258 362 424
29 79 157 245 323 392 402
79 34 46 92 254 259 264 392 417 426 470
157 235 384 399 487
245 32 139 258 276 325 367 492
323 36 66 196 199 249 282 285 331 456
392 42 86 252 324 331 337 353
402 324 342 369
30 46 248 257 315 366 370 384 386
46 40 132 252 308
248 69 75 196 311
257 145 280 331 473 490
315 200 260 277
366 32 120
370 162 170 181
384 118 158 195 324 367
386 139 155 280 377 464
31 42 92 177 181 235 379 481
42 416
92 262 303 342 373 426 481
177 181 311 318 337 487
181 38 70 210 238 307 325 337 354 378 448
235 184 329 343 492
379 54 143 262 342 367
481 52 271
32 55 100 390 414 427 436
55 102 145 193 307 378
100 139 180 227 329 360
390 54 127 134 278 426
414 247 450 470 497
427 67 154 158 188 277 307 383 490
436 54 62 65 155 158 217 278 290
145 193 281 397
260 47 185 470
382 132 343 385
416 54 86 217 251 254
418 118 155 180 195 438
34 240 241 331 450 470
240 81 83 105 122 155 210 223 226
241 76 336
331 303 329 475
450 40 66 200 213 280 297 362 367
470 185 222 391 415 424 477
40 195 255 377
311 69 180 286 357
329 58 87 193 217 227 278 335 375 397
36
50 47 227 307 343 408 415
62 54 109 138 139 222 264 277 308 479
128 38 52 174 275 280 391 425 473
143 134 155 264 335 340 357 367 383 407 442
212 131 205 357
227 238 343 350
261 337 338
303 75 185 225 307 391 408
426 132 259 271 337 350
38 66 282 383
66 134 217
282 159 201 223 407
383 210 297 336 342 355 385
83 196 199 234 255 273 375 410
158 154 224 290 294 360
258 324 378 473 474
350 52 81 96 280 325
195 473 479
255 87 278 412
377 185 281 318 421
170 102 399 442
264 271 302 337 421
131 138 154 155 223 272 281
259 54 337 342 378
360 65 210 213 335
96 87 213 308
174 57 124 155 201 421
307
127 65 75 159 193 272 313 336 380 408 475 490
223 52 139 251 290 313 410 474
132 154 217 354 424 492
252 342 391 408 473
308 180 185 200 208 280 286 456
47 52 65 290 318 328 474
52 154 249 280 373 475
65 238 397 425 442 474
290 148 185 280 285 415
318 336 385 477
328 154 162 200 208 226 492
474 58 67 81 138 322
105 225 337 355
208
213
340 286
342 67 81 184
69 110 159 369
154 166 281 285 490
355 281 297 336 375 467
424 155 234 238
479 108 122 249 271 375 410 497
343 155 200 336 492
408 70 139 380 391 415 442
415
222 200 201 357 378 438 448 473
224 75 134
262 251 359 492
294 359 399
249 193 302 336 369
280 54 375 421 425 487
373 217 254 442 492
475 335
70 148 159 277
155 421
246 86 254 452
410 193 362 421 464
54 138 335 433
138 57 58
335 58 148 251 277 399
433 139 205 337 490
102 120 285 380
193 87 380 407
378 108 120 217 380 417
162 210 367
362 148 425
492 417 452
57 229 464
229 302 425 456 467 487
464
58 242 452
242 109 281
452 251 313
120
159 87 442
473 148 196 210
109 271 313 397
139 353 359
277 251 273
397 185
210 337 490
385 124 238
238 200 302
425 110 200 359
442 421 438
134 225 285 369
217 118 184
67 273
273 110 199
68 86 196 286 354 359
86 417
196
286
354 189 278
359 225 357 421
110 189 313
369
148 380
487 375 417
324 75 325 338
205 225 272 391
337
87 254
166 477
367 285 313
75 122 225 357 407
122 297 336
225 201
357 438
407
76 200 380 497
200 412
380
497 448
189
275 297 322 391
297
477
448 199 336
254 185 234
417 199
81 302
302
490 438
199
234 226 391
375 438
391 278 281
184 118
201
285
336 325
118
188 338
353
272
438
456
180
271
124 325
281 247
421
108
313
322
399
325 226
412
251
338 185
278
247
185
226
467
276
