0 178 480 1162 1180 1617 1668 1843
178 37 173 316 628 670 957 987 1016 1265 1407 1454 1737 1744 1760
480 65 320 800 975 1054 1287 1379 1786
1162 428 714
1180 669 827 829 1138 1390 1456 1532 1635 1991
1617 54 448 451 657 837 1077 1189 1574 1732 1872 1919
1668 5 155 238 665 1157 1458 1876
1843 204 620 697 714 1581
1 33 414 553 761 925 1008 1031 1166 1270 1302
33 79 205 225 644 840 908 1243 1368 1685 1797
414 176 219 914 1097 1634 1925
553 203 211 421 447 484 763 1057 1204 1941
761 215 408 560 606 804 1630 1736
925 119 243 559 629 898 974 1087 1128 1430 1526 1562
1008 1043 1133
1031 19 441 484 630 1737
1166 17 464 1207 1751 1826 1913 1958
1270 345 364 832 972 1267 1356 1599 1760 1825
1302 293 826 1247 1294 1501 1616 1774
2 110 205 271 428 945 1223 1316 1525 1616 1618 1978
110 83 152 975 990 1023 1115 1968
205 50 287 329 435 832 970 1105 1386
271 10 685 817 1184 1356 1612 1624 1792
428 212 346 539 744 1135 1137 1201 1372 1798 1799 1927
945 225 351 970 1016 1372 1579 1588
1223 494 938 951 1178 1424 1510 1592
1316 9 63 169 254 259 283 316 648 895 971 1605 1838
1525 237 274 446 505 1292
1616 160 194 336 534 586 616 653 764 801 999 1211 1226 1349 1900
1618 326 361 624 640 915 966
1978 35 101 241 476 751 801 1035 1131 1299 1908
3 926 1398 1924
926 108 146 174 288 472 615 657 885 892 899 1033 1192 1367 1560 1972
1398 190 398 510 575 812 916 1436 1626
1924 238 369 873 890 1578 1713
4 1098
1098 274 374 539 713 1018 1403 1670 1820
5 51 155 220 230 466 488 492 495 862 890 923 1267 1386 1596 1715 1984
51 306 413 618 703 732 1035 1125
155 509 565 739 798 888 1276 1306 1315 1466 1571 1711 1834 1983
220 137 831 1117 1143 1165
230 54 183 342 651 841 1116 1273 1895 1972
466 71 184 601 954 991 1365 1603 1716 1800
488 102 398 973 1041 1470
492 26 100 504 820 1122 1191 1396 1481 1905 1909
495 14 55 57 774 787 932 948 1339 1404 1634 1739 1767
862 245 399 403 735 984 1092
890 358 451 928 1235 1793
923 67 83 493 682 698 711 901 1053 1234 1239 1337 1339 1553
1267 685 1151 1446 1799
1386 43 321 476 631 1825
1596 403 1094 1149 1322 1803
1715 25 119 132 626 671 823 1116 1228 1651 1923 1989
1984 150 252 744 784 944 1396 1771
6 163 373 391 768 824 1231 1243 1361 1438
163 315 440 1190 1200 1231 1408 1440 1652 1876
373 334 471 540 1129 1480 1481 1684
391 662 1104 1122 1499 1603 1700
768 387 420 447 546 660 1022 1667 1807
824 362 1090 1376 1631 1653 1709 1738 1812
1231 476 577 813 975 1743 1907
1243 179 269 289 500 933 1025 1049 1518 1687 1912 1942 1973
1361 156 237 409 672 907 1131
1438 22 197 226 1399 1794
7 16 75 272 494 787 851 1212 1588 1635 1666 1680 1778 1793
16 241 319 1092 1442 1867 1911
75 334 485 499 592 637 756 829 875 1548
272 9 305 313 331 874 943 974 1937
494 131 137 490 848 877 1132 1312 1569 1746
787 423 988 1148
851 135 809 1463 1489 1600 1743 1995
1212 69 452 1400 1403 1633 1646 1864
1588 244 686 842 1017 1418 1510 1981
1635 308 369 820 1281 1945
1666 181 571 1154 1567 1922
1680 378 455 804 1493 1659 1916
1778 417 595 678 683 887 1035 1413 1541 1700
1793 1298 1432
8 374 535 842 852 879 988 1200 1693 1815 1909
374 458 903 1023 1072 1168 1188 1220 1241 1570 1706 1810 1876
535 657 906 1305 1472 1679 1814
842 99 514 585 610 847 951 1834
852 796 904 928 1037 1125 1189 1421 1584 1733 1765 1784 1787
879 60 91 1369 1413 1466 1797
988 524 825 1065 1148
1200 122 539 1111 1138 1206 1390 1494
1693 609 801 1106 1125 1164 1405 1661 1771
1815 9 104 201 596 598 777 1022 1330 1637 1932
1909 91 416 572 633 681 886 983 1019 1165 1557
9 259 365 478 483 1071 1423 1480
259 354 599 967 1069 1370 1371 1473 1535 1642 1932 1963
365 189 518 718 902 1224 1709 1981
478 361 927 999 1464 1988
483 69 315 359 431 774 983 1064 1205 1343 1507 1705 1819
1071 151 290 377 421 575 747 1353
1423 836 1205 1672
1480 15 41 88 371 538 613 615 1150 1358 1473 1583 1930
10 111 127 213 407 815 899 1012 1470 1716
111 50 793 891 987 1199 1358 1421 1704
127 92 161 774 1121 1275 1495 1498 1928
213 126 1001 1882 1916 1997
407 171 816 830 1145
815 435 867 1023 1179 1205 1857
899 384 404 534 1217 1230 1465 1903
1012 441 1177 1265 1478 1593 1825 1972
1470 30 68 96 134 489 549 820 830 954 1044
1716 121 380 621 831 932 1064 1161 1360 1475 1829
11 455 968 1091 1188 1311 1500 1611
455 387 955 983 1059 1494 1966
968 69 368 533 916 1526 1708
1091 73 104 246 464 566 641 807 858 1073 1146 1315 1414 1567
1188 53 118 944
1311 818 1277 1400
1500 41 143 386 405 493 940 1174
1611 513 1280 1294
12 68 173 187 1475
68 274 755 906 1043 1435 1852 1897
173 175 415 710 835 1474 1496 1531 1767 1768 1836 1931 1972
187 102 191 198 748 871 1746 1757
1475 308 682 702 1037 1325
13 286 468 705 843 1561
286 112 303 388 1137 1161 1170 1262 1284 1453 1540
468 47 863 1305 1434 1544 1851
705 27 196 424 517 907 1597 1849 1890
843 186 1185 1476 1931
1561 58 285 536 654 703 958 1034 1209 1425 1869
14 265 1281 1296 1391 1608 1625 1751
265 253 262 322 336 606 735 1169 1185 1193 1218 1342 1387
1281 106 232 336 387 788 849 1337 1766 1774 1816 1821 1836
1296 425 854 1017 1050 1506 1549 1682
1391 246 1681
1608 152 405 1491
1625 193 253 364 986 1038 1093 1217 1925
1751 342 669 822 1171 1404 1797 1853 1900 1946
15 215 247 1029 1185 1974
215 260 516 1164 1228 1982
247 73 221 496 732 1303 1498
1029 555 1387 1451 1852
1185 143 190 568 795 993 1145 1533 1861
1974 202 1260 1487 1497 1647 1669 1686 1766 1808
241 450 591 1213 1533 1799 1808
319 729 800 1266 1451 1594 1742 1895 1998
1092 210 673 690 1415
1442 212 311 711 715 1075 1433 1465 1710 1872 1897 1900
1867 19 50 147 237 782 1038 1312 1581 1749 1837 1887
1911 485 559 693 743 1121 1335 1687 1968
17 70 143 216 217 1708 1836 1954
70 146 532 552 1841 1888
143 433 607 897 1089 1155 1261 1355 1447 1487 1601 1733
216 477 559 944 976 1768
217 57 490 630 902 1145 1424 1495 1583 1711
1708 829 950 1138 1510
1836 23 237 766 919 1256 1465 1511 1772 1807 1952
1954 531 850 1294 1983
18 128 436 572 831 894 960
128 152 422 470 883 1136 1211 1225 1698
436 63 189 369 672 1411 1449 1790
572 294 1298 1448 1849
831 541 1159 1328 1349 1418 1634 1762
894 433 1006 1147 1197 1221 1248 1628
960 81 180 310 315 807 1122 1305 1308 1478 1632 1959
19 28 45 63 149 184 316 527 652 1703 1714
28 125 183 684 1026 1764 1886 1952 1964
45 86 571 839 870 989 1015 1498 1594 1710 1790
63 388 706 773 837 996 1318 1702 1792 1814 1842 1931
149 139 276 571 799 964 987 1367 1430
184 144 439 807 961 1042
316 164 511 684 771 783 808 1010 1633 1744
527 76 97 118 498 618 967 1125 1135 1295 1942
652 141 164
1703 372 476 519 876 955 1478 1905 1950
1714 66 176 355 434 629 845 905 1379 1380 1812 1969
20 257 266 340 601 898 904 921 937 1128 1401
257 1213 1738 1769
266 454 531 1003 1077 1227 1265 1725
340 832 1177 1378 1545
601 98 403 412 551 576 662 1058 1262 1674
898 72 141 161 314 1350 1576
904 82 363 874 1099 1197
921 736 749 771 829 943 948 1488 1544 1649 1730 1819
937 158 246 376 751 1032 1530
1128 429 446 848 878 909 935 946 1119 1338 1424 1725 1829 1986
1401 99 107 327 1032 1094 1351
21 303 422 583 684 984 991 1327
303 59 282 543 648 891 1036 1171 1263 1383 1471 1786 1841 1871
422 1305 1402
583 361 710 1312 1581 1603
684 348 1009 1046 1171 1305 1335 1669
984 321 383 432 1000 1049 1262 1943
991 1191 1452 1467 1628 1719 1729 1925 1927 1988
1327 368 415 518 828 866 901 1948
22 313 377 517 577 589 1080 1269 1427 1613
313 122 973 1619 1725 1851 1885
377 104 421 901 993 1691 1798
517 66 207 245 335 358 389 565 586 835 1244 1295 1865
577 463 541 593 745 753 942 1060 1124 1190 1479 1613
589 510 540 1023 1059 1319 1683
1080 681 703 1411 1512 1672
1269 251 274 1178 1249 1263 1540 1670 1805 1851
1427 24 447 504 996 1879
1613 502 859 1169
23 452 1102 1178 1203 1473 1590 1689 1773 1918
452 193 840 1005 1772
1102 1565 1571 1592 1622 1847 1873
1178 228 376 403 855 1685
1203 95 96 218 418 775 1040 1266 1709 1801 1874 1927
1473 82 1101 1152 1219 1610
1590 150 245 587 600 694 1015 1122 1515 1892 1945
1689 43 50 602 660 708 941 1047 1057 1366 1860 1966
1773 552 867 1695 1726 1825
1918 72 122 228 410 702 767 1019 1293 1826
24 538 545 638 698 1334 1399 1557 1734
538 320 420 1131 1345 1448 1483 1777
545 77 774 833 895 955 1073 1552 1826 1848
638 201 550 644 733 744 1418
698 60 486 730 910 977 1082 1116 1695
1334 688 784 1049 1410 1549
1399 715 1979
1557 176 292 371 392 588 999 1062
1734 78 551 953 1400 1648 1967
25 156 512 702 1134 1780 1785 1791
156 194 512 779 873 1445 1633 1866
512 394 437 461 751 1493 1547 1799
702 91 166 524 579 1025 1498 1798
1134 196 246 521 613 657 1355 1397 1732 1875
1780 59 470 625 786 1704 1893
1785 331 832 931 1101 1320 1750 1916 1939
1791 254 290 523 612 695 997
26 311 467 686 835 1713 1838
311 195 690
467 177 285 400 795 1115 1511 1798
686 646 818 1318 1654 1963
835 39 996 1600 1645 1872
1713 384 669 964 1050 1172 1242 1711
1838 124
27 44 179 1295 1305 1797 1950
44 305 511 701 816 971 1967
179 64 225 791 905 1085 1543 1873 1945
1295 89 575 699 983 1093 1510 1683 1898
1305 750 1265 1457 1582 1955
1797 671 1121 1317
1950 64 132 532 576 714 760 865 1122 1154 1218 1232 1235 1283 1284 1563
125 94 375 1043 1724
183 130 231 290 1045 1549
1026 1482 1792 1962 1983
1764 364 547 807 1277 1278 1289 1765
1886 1280 1665 1702 1979 1992
1952 171 188 501 560 564 673 813 911 1100 1343 1379 1959
1964 555 745 1033 1533
29 245 782 877 1018 1329 1868 1874 1976
245 109 631 812 1707 1945
782 305 390 642 724 1058 1193 1285 1834 1948
877 432 833 1653 1975
1018 269 479 602 641 793 976 1431 1762
1329 133 227 997 1094 1568 1748
1868 88 192 279 379 629 1601 1634
1874 144 158 457 532 580 1641 1993
1976 238 305 440 681 730 1360 1640 1861
30 93 631 816 860 1375 1456 1912
93 189 1233 1632 1903 1973
631 510 1150 1883
816 772 978 1256
860 401 771 886 907 1066 1192 1197 1461 1518 1915
1375 129 148 335 599 897 1059 1848 1916
1456 65 444 651 659 976 983 1007 1070 1120 1403 1422 1481 1709 1726
1912 141 464 485 734 982 1049 1540 1599
31 190 194 301 304 564 1454 1814 1817 1937 1980
190 360 568 1692
194 789 828 900 1380 1430
301 227 543 556 660 1489 1629 1887
304 892 930 1346 1481 1825 1971
564 542 578 629 832 1063 1485 1562 1592 1633 1663 1759
1454 56 240 253 449 718 881 941 1061 1103 1149 1291 1750
1814 966 1502 1538
1817 600 726 756 992 1232 1234 1418 1572 1573 1698 1859
1937 223 312 940 1035 1156 1229 1374 1628 1665
1980 88 167 758 891 935 1054 1895 1944
32 174 270 351 384 863 992 1121 1437 1453 1694
174 323 477 500 611 711 1345 1415 1858
270 182 597 1075 1168 1621 1705 1893
351 659 729 924 1045 1097 1395 1495 1679 1790 1998
384 166 600 796 1426
863 278 357 642 690 829 990 1090 1126 1469 1855
992 84 322 1403 1429 1728 1782
1121 169 587 672 794 1283 1505 1813 1819
1437 46 95 511 865 1262 1342 1400 1414 1701 1866
1453 437 458 499 697 766 964 1257 1441 1855 1981
1694 551 786 909 1282 1459 1697
79 261 442 588 717 743 766 1259 1575 1710 1737
225 525 648 733 927 1623 1858
644 169 255 1014
840 182 248 1016 1499 1833 1910 1972
908 292 327 697 1758 1784 1857
1368 681 733 1090 1136 1551 1659 1762 1857
1685 410 443 449 529 610 909 982 1060 1065 1409 1517 1907
34 64 189 224 473 1257 1450 1462
64 567 613 760 911 948 1141 1366 1735 1908
189 203 410 445 1004 1055 1120 1341 1573 1690 1731
224 335 459 477 799 1343 1583
473 135 516 745 1001 1450 1665
1257 192 327 403 528 603 1424 1553 1985
1450 94 954 983 1055 1382 1459 1599 1760 1805 1979
1462 116 117 185 253 386 511 922 1073 1417 1527 1592
35 330 736 827 839 1049 1481
330 162 650 668 814 850 939 1286
736 167 627 712 800 1215 1387 1633
827 136 546 1156 1252 1477
839 380 415 985 1001 1469
1049 115 1272 1359 1404 1468
1481 442 608 647 806 876 913 1062 1439 1774
36 645 747 763 784 1011 1051 1075 1360 1664
645 433 563 661 707 934 1061 1204 1777 1805 1828 1921 1926
747 236 674 1044 1872 1943
763 218 273 593 699 1101 1439 1665
784 85 359 408 651 773 1045 1771
1011 186 1089 1506 1641 1774
1051 359 532 592 1111 1455 1587 1712 1930 1981
1075 71 140 812 844 1122 1139 1250 1278 1425
1360 237 283 285 526 673 797 1493 1660 1852 1920
1664 49 66 162 290 533 1210 1506 1542 1696 1857
37 539 738 856 980 1777
539 168 370 636 740 1004 1035 1139 1396 1483 1606 1795 1840 1970
738 541 569 936 965 1406
856 293 625 847 1176 1232 1410 1719
980 175 668 857 928 1093 1536 1537 1540
1777 263 368 883 1017 1101 1209 1471 1771
38 182 433 574 599 610 1571 1575 1766
182 91 526 1022 1061 1089 1254 1465 1690
433 306 509 621 1050 1133 1177 1258 1279 1670 1699 1915
574 406 444 482 807 935 1082 1554 1925
599 131 382 1061 1215
610 525 958 1784 1848 1928
1571 858 1122 1148
1575 223 355 386 941 1733 1890
1766 445 628 1132 1224 1556 1728 1823 1837
39 139 161 325 871 1699 1771
139 312 586 691 769 1869 1967
161 89 1125 1504 1509
325 596 1064 1803 1872
871 511 889 1268 1394 1405 1840 1891
1699 232 368 773 1040 1199 1601 1863
1771 221 470 611 936
40 83 278 412 814 1013 1352 1374
83 462 733 1621
278 87 358 670 855 1097 1524 1970
412 580 617 622 681 697 1425 1539 1877 1967 1989
814 249 654 785 917 1002 1113 1149 1741
1013 104 141 600 1533 1669 1765
1352 578 1333 1776
1374 434 1125 1138 1193 1230 1532 1687
41 550 819 1278 1516 1556 1583 1698 1939 1960
550 203 615 756 1077 1319
819 1299 1342 1701
1278 565 913 1413 1418
1516 349 624 627 758 929 1505 1674 1997
1556 177 902 1132 1149 1179 1199 1722 1853 1893 1969
1583 196 332 426 800 854 872 1320 1891
1698 242 396 507 658 876 1273 1422 1461 1515
1939 196 269 443 866 893 1059 1710 1835 1982
1960 570 1007 1115 1853
42 721 1463 1537 1742 1798 1813
721 154 435 669 718 950 1280 1291 1587 1943
1463 356 693 883 990 1515 1783
1537 295 996 1201 1209 1364 1726
1742 86 294 769 1216 1319 1336 1910
1798 379 667 1503 1673 1971
1813 606 783 1014 1490
43 91 415 1186 1645 1658
91 264 284 985 1177 1723 1878
415 935 963 1209 1464 1568
1186 355 514 724 987 1022 1060 1605 1948
1645 58 396 519 974 1328 1336 1531 1574
1658 85 427 504 1232 1649
305 451 619 1479
511 48 124 218 297 329 370 817 1202
701 226 586 633 1191 1206 1845
971 603 777 966 996 1258 1478
1967 126 1217 1355 1420 1492 1558 1852 1957
86 359 1224 1733 1870 1935
571 326 1060 1310 1710 1830 1846
870 251 648 670 1127 1141 1589 1606 1810 1930
989 61 1403 1489 1526 1916
1015 171 598 797 1004
1498 114 191 244 542 699 804 1229 1700
1594 107 554 1236 1253 1421 1441 1479 1844 1944
1710 559 930 974 1702 1820 1835 1880
1790 421 1366 1507 1737
46 102 560 677 811 967 1150 1981
102 342 803 952 1322 1457 1496 1598 1728 1782 1935
560 107 548 756 1245 1864
677 250 290 379 752 832 1965
811 60 1673 1869
967 85 620 643 1179 1455 1464 1515
1150 181 229 756 785 1244 1363 1511
1981 388 715 730 764 881 1164 1343 1543 1651 1748 1938 1983
47 328 813 820 1170 1216 1308 1560 1686 1750
328 188 246 435 446 715 1504 1554 1732 1834
813 532 580 909 990 1095 1312 1767
820 670 850 1241 1330 1837
1170 140 643 847 995 1053 1459 1621
1216 300 543 1108 1314 1653
1308 53 570 791 914 1103 1603 1994
1560 148 326 441 796 829 1086 1139 1347
1686 719 1070 1161 1292 1646 1830 1920
1750 685 987 1410 1655 1735 1758 1996
48 192 423 524 1491 1789 1894 1973
192 198 287 1241 1277 1551 1684 1752 1759 1888
423 596 1074 1823
524 281 496 559 635 812 1014 1078
1491 112 635 1076 1356 1530
1789 59 598 646 1129 1141 1593
1894 505 865 1509 1521 1681 1758 1779 1866 1878
1973 355 445 663 888 892 1314 1359 1406 1574 1719
49 267 1171 1210 1219 1467 1546 1775 1961
267 432 716 748 1581 1856 1988
1171 720 741 1181 1263 1457 1720
1210 203 282 350 608 1053 1182 1237 1859
1219 411 623 985 1986
1467 285 444 516 712 1046 1073 1263 1285
1546 1312 1425
1775 442 575 777 1749
1961 62 709 865 916 941 957 1969
50 584 919 965 973 1800
584 1206 1211 1323 1359 1605
919 177 872 1061 1252 1342 1451 1717
965 421 448 710 1096 1132 1487 1639 1722
973 949 1196 1510 1573 1584 1832 1897
1800 76 484 582 985 1198 1286 1659 1863
306 568 1411 1446 1906 1953
413 58 612 1940
618 296 1002 1077 1301 1354 1520 1570 1605 1796 1930 1977
703 147 198 796 823 882 962 1434 1804
732 99 335 387 472 548 769 1344 1697 1842 1871 1945
1035 409 498 889 994 1612 1718
1125 579 995 1346 1358 1524
52 210 345 459 998 1792
210 789 881 1458 1796
345 416 674 753 776 1175 1614 1701 1840 1990
459 663 690 997 1140 1222 1349 1353 1587 1630
998 570 985 1117 1354 1440 1461 1605
1792 268 269 281 481 554 575 846 1119 1977
53 1252 1648 1940
1252 77 167 186 456 957 1119 1357 1425 1850
1648 72 342 404 962 1229 1650
1940 115 312 327 939 1043 1506 1676 1739
54 92 341 932 966 994 1242 1264 1339 1977
92 198 617 676 1149 1158 1255 1692 1784
341 360 500 902 935 1366 1861 1985
932 260 297 770 954 1056 1275 1319 1476 1639 1989
966 58 1083
994 299 1598 1935
1242 191 324 369 490 1799 1917
1264 961 1005 1073
1339 141 180 496 557 726 979 1237 1675
1977 258 487 531 563 751 934 1048 1147 1913
55 117 283 1382 1582 1810 1865
117 239 1515 1786
283 356 806 1783
1382 108 134 353 470 681 793 806 982 1143 1563 1834
1582 214 680 1757
1810 464 474 582 1229 1493 1756 1897
1865 867 1436
56 400 683 961 1126 1246 1428 1494
400 58 236 404 658 1000 1524 1727 1741 1864
683 256 669 975
961 199 397 482 1490 1553 1669 1893
1126 508 532 636 785 977 1211 1476 1656
1246 141 159 291 595 1052 1064 1235 1422 1975 1983
1428 87 486 561 607 1324 1343 1637 1757
1494 548 759 762 1350 1377
57 237 470 575 760 1683
237 678 1044 1250 1497
470 742 1335
575 73 469 685 817 1277 1489
760 679 804 1247
1683 300 1208 1379 1509 1638 1846 1907
58 74 147 838 1065 1112 1298 1577
74 1209 1706
147 81 148 240 637 1127 1314
838 471 532 656 1605 1821
1065 635 716 1062 1610 1811 1903
1112 1642 1806
1298 616 893 987 1168 1412 1945 1993
1577 240 364 581 1190 1433 1528 1639
59 882 1047 1737 1958
882 399 1045 1934
1047 71 82 329 629 1636
1737 90 746 826 1141 1182
1958 910 1220 1629 1725
60 269 591 596 725 1259
269 228 450 1662 1669 1880
591 181 261 276 522 1602
596 525 639 718 876 1164 1225 1535 1943
725 227 1248 1313 1805 1930
1259 1076
61 320 403 443 886 952 1224 1406 1552 1887 1920
320 372 733 1043 1115
403 801 1045 1319 1515 1554 1566 1781 1788 1934
443 426 479 754 771 1101 1103 1105
886 186 396 504 534 737 895 1395 1422 1877
952 146 1022 1213 1669 1933 1935
1224 546 948 1273 1829
1406 103 222 626 735 924 1144 1378 1383 1493 1963
1552 197 608 630 758 1273 1444 1743 1966
1887 226 821 1726 1968
1920 522 547 795 1227 1816
62 275 411 1265 1303 1559 1624 1633 1659
275 651 783
411 392 543 552 707 801 891 1299 1414
1265 258 476 1124 1141 1163 1346 1469 1600 1667 1688 1768 1997
1303 251 333 905 942 1056 1220 1379 1580 1621 1873
1559 97 113 379 388 393 541 637 713 730 1205 1307 1312 1392 1541
1624 146 397 457 821 1214 1670 1756
1633 449 975 1182
1659 440 818 1024 1282 1502
388 186 1172 1337
706 393 771 1353 1420 1935
773 223 832 1315 1358 1580
837 344 767 1208 1593
996 279 339 990
1318 375 734 810 1176
1702 339 441 497 566 876 1632 1687
1842 105 154 762 1631
1931 244 460 502 1690
567 463 823 1038 1046 1202 1254 1294 1309
613 255 950 1394 1629 1654
911 222 629 874 938 1580 1661 1955
948 223 389 437 1268 1310 1904
1141 368 397 1226 1474 1925
1366 185 323 576 762 1313 1724
1735 350 754 1083 1405 1477 1533 1650
1908 218 635 1070 1363 1530 1532 1878
65 96 438 724 1383 1461 1502 1690
96 310 604 660 1416
438 621 727 791 1245 1811 1834 1859
724 292 440 778 1249 1293 1378 1384 1408 1443 1554 1622 1847
1383 132 249 917 1898
1461 157 188 343 1262 1497 1529 1837 1870 1992 1994
1502 200 396 803 903 1107
1690 873 888 935 1144 1328 1677 1682 1861
66 1033 1213 1580 1826 1994
1033 486 582 902 1094 1096 1195 1725
1213 228 292 353 1591 1609
1580 532 963 1173 1179 1414 1893
1826 140 350 427 496 666 669 799 1419
1994 67 115 1230 1725 1832
67 289 566 570 710 942 1084 1513 1674 1895 1995
289 442 496 516 753 801 958
566 972 1068 1087 1301
570 204 498 642 881 1108 1294 1420 1533 1639 1643
710 1275 1309 1681 1706 1726
942 97 1155 1811 1998
1084 502 1565
1513 465 869 912 1729 1844
1674 949
1895 85 522 649 679 957 1283
1995 801 1069 1087 1108 1781
274 142 249 256 950 1605 1657
755 238 290 294 628 847 1418 1907 1936
906 169 447 569 619 624 771 1653 1701 1860
1043 521 656 823 922 1057 1806 1875 1921 1968
1435 669 884 959 1116 1405
1852 1872
1897 222 750 875 1280 1345 1436 1882
69 158 460 558 682 909 1405 1899
158 372 1160 1445 1515 1526 1619 1656 1752 1758 1878
460 261 416 457 791 853 1088 1306 1439 1478 1604 1915
558 484 516 521 943 1535 1646
682 332 822 1727
909 166 261 263 1037 1160 1628
1405 160 518 568 1077 1147 1227 1644 1824
1899 134 1061 1067 1159
146 366 1419 1432 1609 1697
532 334 999 1022
552 115 281 1656 1889 1988
1841 387 663 897 1451 1539 1681
1888 288 1099 1422 1917
71 130 1069 1182 1676
130 461 502 752 1027 1073 1276
1069 180 941 1079 1599 1757 1832 1914
1182 1300 1350 1663 1701
1676 115 136 546 688 741 896 1016 1279 1631 1956 1998
72 105 167 193 362 665 751 978 1345 1601
105 177 594 1007 1030 1732 1946
167
193 140 486 516 646 1277
362 196 777 957 1403
665 410 730 748 785 807 1261 1353 1923
751 292 444 597 1169 1371 1482 1755
978 1320 1788 1824 1827
1345 218 616 1194 1351 1743 1761
1601 510 788 1022 1058 1390 1688
73 1289 1568 1990
1289 142 185 293 607 776 1152 1253 1476
1568 1097 1627 1829 1968
1990 435 949 1156 1753
1209 331 562 694 752 1034 1417 1455 1602 1972
1706 1032 1225 1260 1488 1501
334 343 441 627 872 1446 1493 1508
485 191 229 233 327 444 534 722 868 1783 1943
499 1439 1681
592 624 959 1786 1892
637 608 694 731 881 1201 1893
756 262 322 378 752 1347 1418
829 565 640 1104 1119
875 503 1586 1651 1662 1805 1879
1548 82 208 1355 1682
76 526 642 742 857 1181 1230 1916
526 295 1376 1425 1573 1687 1903
642 78 569 1322 1445 1620 1717
742 627 808 853 1288
857 357 1218 1631
1181 300 579 969 1628 1875 1877
1230 834 1522
1916 185 802 1160 1290
77 487 635 688 1024 1301 1478 1507
487 98 353 510 1972
635 134 219 294 450 1068 1688 1870 1878
688 78 82 500
1024 1211
1301 484 621 744 1505 1584 1830
1478 609 1532 1718 1768
1507 322 943 1534 1640 1884
78 1036 1338 1355
1036 383 392 474 519 739 935 1752 1755 1801 1864 1876
1338 709 1103 1183 1544 1718 1857
1355 476 547 1183 1294 1492 1662 1765 1808
261 218 892 1041 1082 1118 1215 1369 1530 1903
442 604 632 776 995 1019 1140 1258
588 975 1030 1314 1542
717 398 651 1153
743 451 679 795 914 1944
766 152 561 563 1093 1144 1196 1290 1627 1641
80 116 463 581 800 1328 1955
116 87 104 162 508 1901
463 137 352 580 1003 1226 1315 1377
581 660 1350 1591 1665
800 363 554 656
1328 715 1945
1955 401 655 1367 1371 1769
81 160 263 348 1283 1350 1823
160 579 1314 1621 1880
263 126 696 722 958 1250
348 381 489 563 1411
1283 398 884 1028 1175 1332 1511
1350 663 767 953 1607 1662 1726 1768 1854
1823 1196 1972
82 372 762 1151
372 250 410 1096 1152 1979
762 780 1240 1304 1881
1151 157 793 864 1495 1581 1746 1769 1857
462 671 733 1446 1866
733 393 579 976 1499 1569 1853
1621 100 612 1202 1218 1845
84 678 953 1195
678 430 1138 1347
953 186 251 806 1146 1254 1804 1851 1878
1195 917 1759 1828
85 236 1143 1161 1585 1853 1860
236 121 203 287 716 1144 1297 1511 1520
1143 825 1083 1202 1402 1527 1671 1774 1847 1851
1161 389 568 693 1307 1533 1665
1585 608 1348 1371 1522 1531
1853 855
1860 268 606 847 1321 1331 1831 1879 1928
359 775 1022
1733 94 729 927
1870 531 617 700
1935 151 199
87 504 612 1120 1446 1523
504 737 1626 1884
612 141 177 647 672 1002 1132 1455 1808 1819
1120 342 693 1064 1086 1099 1363
1446 363 896 995 1472 1503 1600
1523 118 444 764 789 934 1816 1938
88 136 484 764 1306 1949
136 122 515 1217 1387 1489
484 293 525 1025 1148 1372 1555 1833
764 712 976 981 1770 1828
1306 841 1628 1647 1672 1752
1949 191 757 915 955 1060 1907 1945
89 950 1519
950 208 218 253 273 369 585 708 865 915 1004 1377
1519 354 1389 1597 1607
90 367 386 475 1534 1553
367 402
386 1233 1234 1443 1499 1885
475 1017 1745
1534 108 759 1127 1526
1553 321 382 670 825 841 853 1117 1740
264 847 1356
284 308 406 865 1050 1215 1472 1989
985 229 346 536 649 913 1131 1581 1744 1879
1177 171 393 554 858 1521
1723 317 659 969 1919
1878 1493
198 1240 1325 1555 1875 1933
617 229 248 382 938
676 380 474 1402 1436 1893
1149 1109 1884 1941
1158 434 563 778 934 1175 1412 1760
1255 554 715 1057 1085 1218
1692 108 232 1701
1784 144 505 608 643 812 1000 1274 1570 1746
1233 121 234 1358 1848 1927
1632 803 876 933 1426 1521
1903 429 529 598 629 675 897 1323 1341
94 445 1100 1174 1558 1584
445 176 482 969 1010 1326 1628 1728
1100 670 671 714 715 749 1107 1290 1416 1673
1174 1214 1277 1539 1678
1558 1651 1684
1584 222 606 1057 1409 1862 1902
95 153 312 315 368 602 828 1133 1326 1514 1517 1932
153 1287
312 218 324 397 786 825 949 1032 1046 1059 1857
315 449 563 660 680 1532 1992
368 244 294 457 1085 1144 1204 1779 1966
602 350 352 1070 1113 1598 1929
828 997 1901
1133 309 426 983 1503 1820
1326 226 281 1681
1514 529 861 881 1290 1460 1603
1517 152 893 1774
1932 106 185 737 796 1028 1064 1201 1236 1441 1687 1987
310 940 1426
604 298 469 582 685 931 1040 1068 1943
660 172 1859
1416 135 148 235 1189 1325 1746
97 357 1313 1982
357 152 562 946 1117 1245 1757
1313 180 191 399 439 1096 1364 1572 1657
1982 549
98 376 753 1068
376 262 1781 1859
753 1431
1068 113 180 498 622 792 944 1218 1471 1643
99 1396
1396 426 609 1238 1432 1833
100 1317
1317 962 1179 1991
101 807 1367 1729 1953
807 229 446 1042 1531
1367 251 416 565 1767 1774 1938
1729 1294
1953 206 300 1356
342 355 482 530 1111 1337 1696 1861
803 199 1425 1482
1322 531 704 1129
1457 713 859 1272 1358 1512 1883
1496 281 918 1353 1422 1449 1647
1598 405 1377 1393 1882
1728 339 634 719 850 859 982 1116 1388 1390 1472 1769
1782 197 608 799 1323 1469
103 188 826 1373 1414 1786
188 402 1105 1424 1430 1539 1638 1744 1872
826 162 457 529 785 1123
1373 162 318 1079 1176 1469 1518 1885
1414 115 1597 1615 1746 1845 1890
1786 522 746 1004 1099
104 231 277 1204 1745 1856 1861 1947
231 140 1719
277 122 203 240 429 938 975 1113 1720 1857 1966
1204 294 629 1093 1099 1469 1610
1745
1856 1330
1861 148 437 537 662 866 1236 1324 1660 1936
1947 522 636 1476
177 580 719 1394 1551 1569 1623 1700 1835 1966
594 349 718 797 864 959 1058 1271 1410
1007 667 892 1504 1600
1030 256 896 1379 1419 1565 1833
1732 202 292 957 1115 1131 1397 1472
1946 778 1323 1344 1670
106 260 679 812
260 115 214 238 409 1138
679 181 508 664 1971
812 627 651 1130 1452
107 737 1040 1077 1123 1154 1465 1738
737 380 887 900 1619 1896
1040 781 1304 1332
1077 523 624 895 1176 1403 1677
1123 378 576 641
1154 252 441 491 823 1320 1812 1985
1465 238 258 449 1644 1869
1738 165 606 938 1755 1794
108 254 689 796 1016 1110 1307 1332 1412 1447 1872
254 804 849 874 1933
689 1183 1429 1458 1661 1788 1804 1827 1919 1951
796 337 641
1016 379 401 713 1096 1192 1291 1378
1110 195 199 297 590 1528 1619
1307 715 806 1000 1148 1477
1332 938 1190 1348 1662 1769 1862 1986
1412 290 343 634 671 1851
1447 507 620 709 1103 1292 1930 1942
1872 798 957 1263 1346 1419
109 578 974 1921
578 654 658 954 976 1291
974 202 1922 1929
1921 1774 1957
152 562 634 781 1074 1266 1890
975 337 353 576 1245 1284 1725
990 258 370 790 1247
1023 544 1081 1261 1539
1115 465 1687
1968 427
793 131 528 632 832 876 1607 1647 1866 1905
891 1108 1535 1936
987 805 858 869 1118 1380 1417
1199 308 363 845 869 884 1119 1183
1358 489 776 946 1743 1794 1991
1421 794 1357 1807
1704 145 700 759 1429 1506 1822
112 892 920 1001 1046 1052 1192 1418 1528 1864
892 565 844 864 1504 1535 1551 1725
920 138 251 291 366 542 1760 1776 1847
1001 1336 1417
1046 515 809 1019
1052 318 406 410 723 775 1642 1665
1192 430 450 1153 1287 1315
1418 1527
1528 1820 1957
1864 1037 1196 1763
113 548 1410 1770
548 406 598 805 1408 1993
1410 530 1057 1639
1770 873 1309 1938
114 437 1058 1304 1330 1482 1923
437 349 718 947 962 1076 1087 1508 1756
1058 122 1190 1253 1529
1304 866 1020 1415 1574 1743
1330 1623 1637
1482 397 1536 1749 1767 1818 1997
1923 420 1319 1420 1431 1460
115 640 846 1009 1164
640 1041 1669 1889
846 314 1248 1293 1871
1009 404 529 585 672 849 902 962 995 1554
1164 754 1000 1656 1794
162 137 203 1222
508 120 593 629 771 1444 1630 1959
1901 425 447 917 1834
239 227 366 1986
1515 502 600 723 822 1044 1277 1589 1854
118 506 522 546 1105 1488 1620 1684 1871 1930
506 770
522 424 1549
546 896 1256 1434 1858
1105 486
1488 285 1581
1620 946 977 1655
1684 186 221 322 339 797 943 1146 1569 1890
1871 280 726 1803 1831
1930 1000
119 1193 1705 1835 1944
1193 135 175 258 380 440 520 818 934 1041
1705 586 624 883
1835 1273 1490
1944 636 786 866 1002 1225 1550 1599 1663
120 185 212 830 1262 1279 1726
185 148 854 1148
212 1014 1925
830 719 1476 1712 1970
1262 238 509 1168 1459 1999
1279 390 474 672 1859
1726 294 338 687 982 1176 1261 1936
121 151 417 1879
151 521 693 1222 1445 1489
417 134 380 421 547 598
1879 745 1587
122 444 1111 1748
444 1455 1691
1111 1022 1380 1970
1748 1021 1420 1832
123 1078
1078 674 946 1006 1122 1539 1707 1971
124 629 872 1602
629 288 1060 1535 1844
872 1184 1294
1602 248 1695 1736
375 514 775 1248 1641
1724 767 936 1682 1854
126 748 1965
748 324 344 704 841
1965 133 469 788 1772
774 673 1137
1275 234 333 623 1042 1093 1284 1300 1687
1495 309 914 1420 1719
1928 141 476 836 1505 1592 1606 1672
883 541 823 970 1325
1136 135 461 1400 1644 1740
1211 431 720 1799
1225 335 922 1536 1754
129 621 1103 1436 1567 1701
621 497 1010 1363 1448 1787 1820
1103 1359
1436 207 369 1145 1147 1578 1739 1945
1567 235 262 928 1464 1933
1701 625 1263
461 718 1526
502 242 804 1579 1956
752 969 1045 1099 1320 1378
1027 491 1131 1325 1425 1794
1073 922 1010 1057 1059 1240 1672
1276 540 902 1004 1468 1563 1631 1802 1971
131 697 1236
697 775 1271 1417
1236 493 1284 1727 1890
132 134 692 1533 1801 1833 1850
134 656 962 1325 1464
692 262 331 648 1642
1533 670 1168
1801 1239 1249 1638 1665 1808 1851
1833 938 1062 1591 1907
1850 172 580 1172 1377
133 366 834 997 1108 1459 1532 1926
366
834 1089 1129 1409 1884
997 699 957 1147 1235 1280 1299
1108 200 280 1072 1106 1323 1433 1829
1459 741 1130
1532 369 479 1477
1926 165 253 371 1107 1863
656 849 954 1067 1452
962 383 1310 1445 1535 1569 1803
1325 336
1464 1344 1348 1479
135 168 214 378 529 1005 1060 1101 1343 1432
168 370 935
214 222 361 905 1273 1730
378 958 1445 1497 1551 1656 1669
529 361 410 1085 1819
1005 759 1063 1370 1605 1662 1963
1060 607 1288 1697 1760 1875 1951
1101 250 714 955 1044 1506
1343 195 1081 1989 1998
1432 586 699 776 876 1041 1419 1501
515 382 603 646 1229 1452 1637
1217 361 671 694 1565 1576
1387 1969
1489 446 1640 1657
137 335 659 790 1263 1587
335 191 1155 1499 1622
659 279 1137 1234
790 1135 1441
1263 636 1736
1587 1019 1042 1566 1848
138 288 486 1139 1740 1863
288 707 758 986 1572 1637 1687 1763 1845 1975
486 344 569 788 789 1799
1139 514 712 959 1426 1691 1707
1740 754 1048 1183 1347 1875
1863 653 1441 1603
586 387 663 944 1082 1176 1999
691 559 795 1228 1348
769 542 723 1359 1536 1959
1869 497 641 957 1662
140 221 381 646 1415 1660
221 298 740 1194 1365 1420 1802
381 389 1651
646 791 1597 1829 1902 1943
1415 287 716 930 982 1153 1474 1638
1660 562 1285 1628 1827
141 1135 1315
1135 722 1082 1356 1679 1731
1315 669 695
142 258 382 408 874 944 976 1781 1851
258 479 650 1260
382 622 1054 1168 1371 1535 1638 1667
408 420 855 1788
874 145 195 337 1222 1407 1725 1772 1812
944 252 516 912 1140 1402 1678 1876
976 481 878 1501
1781 542 964 1433 1718 1731
1851 296 523 859 1656
607 729 1286 1294
897 1622 1682 1837
1089 389 791 1239 1288 1346 1639
1155 395 1866
1261 707 1274 1603 1652 1654 1969
1487 204 1014 1492 1563 1654 1768 1997
144 1208 1573 1600
1208 469 1319 1877
1573 624 912 1266 1493
1600 195 1417 1653 1915
145 180 298 399 848
180 397 448 918 1061 1378
298 910 1222 1424 1518 1551 1804
399 1244 1915
848 1159
1419 204 209 731 1176 1812
1609 958 1057 1137 1816
1697 955 1183 1794
148 544 669
240 410 668 927 1384 1451
1127 520 1239 1795 1996
1314 868 1256 1483 1486 1722
544 293 406 501 1807
669 661 675 809 823 1522 1913
276 498 823 861 910 1756 1854
799 1545 1917
964 521 1522
1430 622 650 802 1531
150 324 347 424 905 1025 1122
324 208 563 1562 1725
347 1364 1439 1875
424 477 1179 1527 1615
905 505 1550
1025 1168 1890
1122 804 1055 1574
521 608 943 1010 1431 1847
693 1644 1665
1222 1172 1681 1803
1445 1238 1260 1572 1747
562 1479 1665
634 482 491 510 1160 1372 1640 1830 1866
781 208 222 616 969
1074 252 519 1083
1266 191 540 1184 1667
1890 500 1202 1627 1905
1287 854 1116 1284 1363 1451 1540
154 778 939 1349 1395 1972 1989
778 1176
939 432 1142 1253
1349 248 709 821 1179 1538
1395 1636
1972 1448
1989 207 383 825 850 999 1381 1840
509 1228 1337 1439
565 1604
739 605
798 171 309 664 929 1238 1825
888 196 585 636 895 1422
1466 750 1319 1752 1848
1711 605 741 1426 1725 1730 1866
1834 337 861 1431 1506
1983
779 626 1221 1709
873 1712
1866 218 1679 1832
157 292 534 1054 1175 1910 1943
292 250 1607 1806
534 458 1189 1194 1291 1570
1054 244 1090 1356
1175 356 878 1197 1297 1626 1829
1910 206 1526 1589
1943 943 1086 1651 1992
1160 262 389 514 673 804 1364 1614 1803
1526 765 929 1527
1619 327 910
1656 518 655 1762 1975
1752 472 1402 1631
1758 410 1086 1527 1562 1915
159 229 533 977 1441 1476 1929
229 418 1719
533 395 1996
977 1499 1762 1840 1891
1441 251 654 1440 1691 1722
1476
1929 206 242 1392
579 805 847 1662 1670 1933
1880 209 1234 1915
1504 687
1509 446 1779
203 392
440 735 1347 1820
1190 833 1037 1057 1541
1408 797 999 1090 1536 1739
1440 227 295 639 1420
1652 235 322 458 551 630 1312
1876 228 496 729 810
164 349 419 606 667 914 1411 1678 1765
349 356 1228
419 609 749 750 1055 1424 1951
606 1244 1490 1959
667 954 969 1644
914 608 626 982 1324
1411 409 435 627 903 1389 1503 1802
1678 916 1649 1986
1765 197 350 791
165 1118 1413
1118 465
1413 218 393 735 1970
166 821 885 1094 1492 1719 1787 1806
821 1014 1363
885 528 622 1829
1094 246 519 1351 1452 1819
1492 476 633 639 794 836 1510
1719 1831 1840
1787 1003 1586 1796
1806 191 339 530 707 794 1113 1434 1665
370 287 628 822
935 671 918 1630 1847
169 418 845 1499
418 1403 1892
845 294 723 1117 1550 1962 1992
1499 658 928 1679 1998
170 1569 1997
1569 202 235 242 636 933 1282 1586 1722 1830
1997 251 623 1739
171 704 1226 1425 1591 1696
704 201 700 1201 1767
1226 549 672 1254 1521 1545
1425 767 1363 1898 1999
1591 255 1061 1460
1696 474 864 1072 1221 1763 1854
172 711 855 954 1168 1566 1574
711 1934
855 531 712 1006 1048 1809
954 326 1579 1593
1168 338 541 1364 1431 1547 1962
1566 866 912 922 1700
1574 1066 1147 1512
175 195 832 956 1448
1474 661 1905
1531 273 404 754 847 1622
1767 406
1768 900
323 394
477 295 958
500 209 868 1085 1630 1830
611 709
1858 1324
195 295 580 777 1579
832 687 695 722 951 1581 1846 1859
956 296
1448 331 557 563 1106
176 191
191 233 234 551 561 641
580 797 1319 1885
719 219 291 294 308 1839 1885
1394 181 218 354 1205 1235 1254 1388 1721
1551 663 1248
1623 525 662 859 927 1605
1700 352 940 1336 1554 1654 1755
1966 346 786 1183 1376 1741
628 410 817 927 1503
670 598 1369
957 1310 1673
1407 1612 1759
1744 448 767 1669 1844
1760 551 1892
791 385 1184 1543
1085 448
1543 673 720 1057 1273 1363
1873 253 1014 1235 1477
1945 497 986 1198
397 1603
448 392 1198 1922
918 729 786 929 1651 1821
1061 392 912 1654
1378 233 297 541 1948
181 472 714 1050 1799
472
714 639 887 1501
1050 881 1113 1370 1431
1799 471 1235 1371 1497
1022 735 1479 1662
1254 516 864 1691 1755 1998
290 708 1285 1522 1727 1794 1956
1045 204 654 735 1183
1549 1388 1638 1783 1889
439 250 1156
1042 199 457 729
854 970 1169 1237 1393
1148 922 1597
186 802 1272 1646
802 358 1067 1284 1518 1655 1993
1272 307
1646 339 878 1297 1409
1746
1757 1970
402 307 1070 1400 1824
1424 1055 1297 1606
1539 1218
1638 1037
410 390
1004 505
1055 902 1205
1341 490 1359 1816
1731 387
360 380 1006 1576
568 350 603
233 750 1458
234 474 1220 1822
551 471 959 1215 1285 1541
561 1196
641 1385
287 731 881 959
1241 294 1490
1277 308 394 757 995 1053 1137 1140 1179 1294 1483 1651
1759 750 754 934 1907
516
789 394 632 1067 1335 1749
900 244 326 518 1388
1380 757 1409 1544
295
777 1002
1579 530 1351 1804
196 1053 1062 1321 1631
1053 432 713 1093 1117 1779
1062 406 1485 1640
1321 603 716 720 1353 1458
1631 1056 1536
197 930 1083 1913
930 299 449 655 1379
1083 1202 1902
1913 281 314 352 1753 1986
1240 541 861 1197
1555 1153 1247 1333 1581 1657
1875 867 1599 1803
1933 650 1034 1654
199 1662
1662 204 887
200 446 674 1845 1877
446 1037
674 449 1443 1688 1848
1845 255 1544
1877 727 1152 1402 1769
201 1229
1229 343 792 1037 1390
202 1323 1529 1673
1323 369 757 1256
1529 1117
1673
392 963 1017 1717 1795
204 307 332
307 541 713 982 1359 1772 1891
332 696 1244 1661 1747 1783 1906 1948
329 427 549 616 1006
435 1331 1354 1527 1847
970
206 1677
1677 666 1173 1896
207 385 1244
385 317 405 754 922 1205
1244 901 903 969 1056 1370
208 1179
1179 597
209 1993
1993 1096 1220 1570 1651
881 1172
1458 531 889 1140 1152 1837 1892
1796 491 1356 1586
211 356 605 709 1095 1381
356
605 530 849 1388
709 425 1681
1095 1291
1381 299 409 597 712 797 972 1848 1951
1014 405 430 1187 1372 1755 1779
1925 252 822 1130 1455 1629 1649
1882 912
222 282 333 454 664 735 853 1477 1628 1969
361 1206 1505 1642
1273 1228
1730 1477 1606 1755
1228
559 1087 1783
490 393 924 993
630 394 620
902 866 1400 1565 1832 1917
1145 1117 1520
218 297 593 1818
297 598 1215
593 808 1191 1359
1818 983
219 525 771 1248 1644 1846
525 395 780
771 1159 1344
1248 720
1644 1274
1846 409 491 537 794 1082 1354 1417 1828
1117 825 1260 1829
1165 916 1772 1774
740 273 783 941 1097
1194
1365 878 1232 1310 1510 1576 1671
1420 655 696
1802 458 1593 1991
282 597 1948
333 425 1247
454 344 510 776 783 809 903 924 1695 1917
664
735 1187 1238
853 246 371 1215 1393
1477 563 749 1169
1628
1969 543 1176
223 429 940 1292 1417
429
940 321 1290 1356 1506 1805 1998
1292 595 1348 1663 1671 1672 1825
1417 549 1434 1472
648 1003 1542
927
226
227 810 1653 1722
810 636 1232 1511 1536
1653 933 1811 1970
1722 518 1293 1324
228 510 694 1137 1218 1250 1544 1996
510 1639
694 1232 1772
1137 430 734 1667 1805
1218 1138 1152 1975
1250 519 726 757 770 775
1544 235 716 1247
1996 1076 1883
651 469
841 795 889 1721 1906 1956
1116 314 1593 1754
232 420 1351
420 308 788 1082 1538
1351 1527
750 354 1822
474 343 431 822 938 1736
1220 622 1907
1822 1132 1402
235 598 1260 1320 1649 1655
598
1260 616 1772
1320 620 866 1274 1630
1649 1637
1655 465 1390 1859
716 285 1615
1144 708 801 1485 1832
1297 675 809 1196 1434 1483
1511 1124 1828 1837
1520 632 1970
1044 795 941 1985
1497 308 585 792 1807 1862
238 650 783 1039 1508 1906
650 772 1227 1927
783 262 405 471 770 1006 1828
1039 759 928 1606 1828
1508 1384
1906 465 1691 1812
1986 479 1159 1783
668 1079 1665
1384 1309
1451 1274
450 1592 1889
1808 1006 1335
242 519 722 1106 1291
519 1404 1452 1934 1956
722 597 1371 1550
1106 833
1291
243 633 1284
633 476 482 1147
1284 300 1138
244 489 1422 1804 1942
489 1215 1592 1688
1422 1251
1804 268 389 405 1538 1597
1942 354
1707 1070
246 1717
1717 850
496 268 543 1028 1066
248 876 1530
876 369 699
1530 394 1774
249 338 1390 1650
338 317 1082
1390 405
1650 731 934
250 363 464 931 1578
363
464 585 632 1667 1747
931 801 1486 1884 1956
1578 1147
251 1093
1093 1003
252 1433 1484
1433 434 671 1067
1484 406 1107 1402 1595 1682
253 1156 1372
1156 416 1207 1449
1372 371 1268 1510
804 507
849
255 1604
1604 1152 1319
256 390 1389
390 817 1290 1524
1389 959 999 1469 1769 1900
1769 1364
479 302 1140 1256
354 1471 1524
1370 867 1563
1371 928 983 1006 1970
1535 626
1642 995
1963 929 1202 1245 1828
409 619 955 1310 1987
1138 1634 1665 1914
1041 563 643
1082 1205 1362 1429
1215 1612 1672
1369 1663
262 491 595 1641 1962
491 300 893 1599 1681
595 715 1547 1597
1641
1962 590 1992
696 662
958 1048 1379 1741
847 1607
1356
322 425 734 1063
336 1429 1881
1169 542 1002 1003 1661 1788
1342 1564
531
1003 1066
1227 427 1483
1725 1506
432 715 1038
1581 426 1712
1988 959 1324
268 1987
1987 730 1727 1812
1669 647 788 1957
597 321
1893 1774
685 1202 1749 1914
817 699 1172
1184 1541
1612 540 865 1712
331 540 938 1900
943 434 1595
273 518 884 993 1348
518 281 1153 1883
884
993 447 1020 1340
1348 302 1542
1605 549 933 981 1857
1657 758 776 1747
498 573 1455 1687
823 383 776 1429 1681 1999
861 1124
910 936
1756 757 1811
1854 745 822 955
938 451
1113 941
1720 772 933 1747
1857 1288 1754 1855
358 314 536 1774 1820
1097 864 1938
1524 501 675 866
1970 1443
279 1840 1862
1840
1862
280 1238
1238 547
281 1807
1807
1948 928
806 713 947 1258 1606 1739
1783 555
308 1691
406 1172 1404 1811
865
1472 1665 1682 1998
285 647 745 1020 1506
647
745 513 1821
1020 369 600
1506 947 1661
1540 727 795 1855
731 681
959 1032 1503 1812
707 350 767 1032 1763 1992
758 369 1900
986 458 1670 1691 1824 1839
1572 427 1237 1736
1637
1687 476 972
1763 825 1152
1975 1359 1469
801 309 1131
708 672 767 1883
1285 1076 1183
1522
1727 723 1626
1794 1985
1956 503 513
291 822 866 896 1037
822 355 1774
866 1364
896 326 672 726
1037 441 547 1452 1761
1607
293 907
907 1198 1688
294 1718
1718 1109
296 505 1300 1541 1749
505 1493
1300 869 1490 1592 1959
1541 749 1282 1825 1922
1749 563
1518 1439
299 425
425 770 1904
300 1402
1402 540 887
543 730
556 1357 1721 1739
1629 1443 1681 1951
302 1827
1827 825 916 1379 1586
1471 318 626 1056
1346 780
1825
1971
451 1830
619 1831
1479 1172
541 982 1364
713 1542
982 1359
1359 540 1671
1772 1809
1891 339 797 869
1691 1142 1426 1754
309 1312 1364
1312 723 757 1152 1550
1364 730 1486 1747
1426 469
690 1038 1803
786 924 1207 1896
825
949 1439
1032 528 1376
1059 963
1885 1109 1589 1741
314 746 859 928
746 1019 1187
859 946 1163
928 955
449 632
563 1147 1622
680 364
1992 661 1589 1627 1639 1774
808 797
1010 1333 1639 1828
317 1056 1070 1563 1824 1884
1056 421 503
1070 624 627 895 999
1563 632
1824 1205 1490
1884 369 389 1207
318 658 1736 1855
658 554 1991
1736 643 818 1353 1898
1855
729 792 1636
1998
321 728
728 1431 1626
734 582
1063 727 1245
394 723
1562 776 1202 1547
1064 880 1576
1803
326 795 1739
795 720 1362 1385
1739
327 934 1258
934 1167 1256
1258 430
715 1124
1554 547 1831
427 1176 1234
549 955
616 1214 1651
1006 1393 1400 1671
850
1286 530 1079 1201 1503 1640
540 497 608 788 1090
1900 797 963
1661 441
1747 941
1247
343 1542
441
627 513 1429
1493 1048 1586 1627
1622 396 1385
1429
1881 1665
337 929
929 481 1076 1173 1324
339 1253
1253 675
1545 675 955
1985
355
482 1183 1483
530 353
1337 776 1468
1542 469 723 1282
344
416 1512
776 917
1614 624 1099 1353 1849
346 844 1017 1268 1721
844 1385 1679
1017 1501
1268 395 430 456 1354 1469
1721 1028
1439 655 1251
350
924 878 893 981 1057 1237
1679 712 1163 1914
352
353 1754
1754 700
946 672 687 1157
1245
536 1603
1774
1820 1310
775 600 818
380
1576 947 1066 1761
1206
1505 603 1443 1914
1403
364 471 614 1905
471 1172 1755
614 396 1570
1905
718 503 727 1626
1709 632
457 780 1173 1288 1883
1779 864 969
369 1087 1282
1087 1379 1695
1282
371 620 649
620
649 887 1197
1096 587 675
1152
1979 969
1129 430 1927
458 1914
903 1237 1959
1072 465 1142 1397
1570 770 1485
514 1951
1859 1896
421 833 1038 1892
901 671 809
379 393 887 922
393 1237
887 1385
922 1131
389 1002
1651 864 995 1832
622 864
1667
383
600 765 1363
405
754 1187
1205 434 792
1234 1274
1443 624 741 1028 1124 1512 1839 1941
387
1172 999
1002
1290 1299 1959
662 1627
1104
1603 576
963 695 1503 1636
1795 1821
1237 983 1167 1173 1828
723
395 1130
1130 542
396 1324 1404
1324
1404
398 805 1503
805 1207
1503 1319 1919
1915 788 912
404 557
1000 476 1232 1688 1898
1741 636 867 1762
401 1187 1469
1187
1469 1682
1400
1319 434 513 671 1452 1599 1883
1788 983 1564
1934 1335
557
1811 555 1376
955 1393
1310 1837 1847
1299 695
681 1028
1634
1512
547
1892 933
609 833
749 1830
1951 765 1173
788
1538 1235
833 869
1038 1354
1527 576 1239
1615
770 1991
1904 636
426 465 878 1849
465 1849
878 1377
1849 1630 1941
1176
744
1201
1927
430
431 1340 1486
1340 481
1486 913 979
1670 1239
434
1331 730 916
1354
1847 639
672
1449
947 1057 1159
1076
727
1347 655
632
995 501
1019 576 864 1280
1140 915 1837
1455
969
447 1021
1021 1048 1146
1198
1922
1592 590 1606
1889
1830
453 1643
1643
809
1695
1917 780 1589 1681
983 1599
456 1090 1636
1090
1636 1753
780 582 1753
1173
1288 915
1883 1397 1776
1914 1293
663
1353 712
1630 576 1565 1606
1088 542 913
671 1057
1377 1232 1547
585 1671
1434 730
469 1640
1640 1048 1392
1335
1755 576
1665
476 1647
1647 730
999 582
1256
1379 1682
481
1183
1483
1819
868 507 785
569 1153
1688
893
1599 915 1991
1681
1191 917 1941
493 1837
1837
1132 520
1028 979
1066 528 687
497
573 1753
501
503
1626 1131 1776
507
1444 1392 1991
1959 772 1107
1639 626
1202 1280 1393 1991
1547
513
603 757 1844
1452 1107 1309 1597 1671
1153
520
608
1431 1627
523
1376
528 867
867 1816 1839
1189
657 1485
537
1131
636 765 1293 1362
1606
542 1610
1610
730
895
1848 1393 1812
615
1057
1941
554
555 654
654
1357 916
1196
1147
1485 1821
1663
972 653
1294
1309
1753 695 1812
576 1829
1829
1124 767 1919
797 915
582
1671
1999 757
587
590
624
864
1271
1597
639
765
1363 1896
757
1844 913 933
1388
1490
1654
1214
1831
623 1761
1761 1672
625
626
1293 981
1362 941
1385
643 936
936 1167
661
1805
1828
1902
1197 1812
772 726
653
655 1762
1762
1067 1159
1991
1627 699
785
666
1079 1565
675 1048
673 1034
1034 1167
1048
818
687 700 1521
700
1521 720 1743
1919 836
1232
695
699
767 916 1109
712
1501 1743
1839
720 1163
1163
1280
1550
1249
726
792
1344
1896 1743
941
741 915
915
1821 981
1099 889
1907
1936
759
981 1167
916
1109 1114
1536 1393
1159
917
1221
1207
794
1812
1119
1712 979
951
869
1409
836 1593
1593
889
1743
1393
1809
858 1333
1333
1816
1589
1586
880
1235 1142
1682
1565
1832
912
913
1776
1239
933
1167
1142
1595
1157
1146
1510
979
1898 1251
1336
1081
1468
1397
1672
1086
1938
1107
1114
1274
1251
1675
1564
1392
1460
1957
