0 51 287 468 635 723 793 1107 1144 1190 1208 1307
51 325 866 932 983 1018 1029 1389 1392
287 22 83 184 210 216 279 355 423 432 718 810 875 1124 1346 1415
468 161 181 372 471 501 694 1154 1434
635 83 446 466 501 691 764 1186
723 79 237 254 345 349 389 529 554 1093 1098 1104 1150 1210 1313 1345 1424 1475 1497
793 7 63 87 90 152 205 235 327 439 519 675 858 1356 1376 1418 1439 1497
1107 289 304 519 629 739 768 913 1012 1042 1177 1422 1423
1144 308 324 342 357 474 638 943 1345 1364
1190 168 192 208 281 383 396 421 577 628 832 953 1027 1394 1429 1455 1493
1208 120 993 1122 1266 1357 1390 1426
1307 228 387 758 816 858 1089 1329 1391 1456
1 106 475 580 713 812 877 969 1332
106 68 217 273 448 473 885 935 993 1084 1241 1310 1445
475 28 151 575 623 680 818 1057 1212 1226 1251 1289 1386 1463
580 120 123 222 521 567 962 1019 1085 1415 1444
713 15 31 55 72 121 159 183 247 429 547 929 1050 1099 1158 1193 1207 1249 1273 1346 1362 1371 1488
812 110 156 209 310 330 391 490 537 847 917 1010 1119 1288
877 143 295 314 337 612 694 1220 1245
969 115 218 319 332 365 551 555 735 759 836 905 937 1122 1214 1458
1332 29 53 59 510 615 871 919 948 1174 1194 1303 1379 1470
2 62 107 110 181 188 260 327 540 660 665 742 891 1005 1343 1378
62 140 238 246 332 481 491 575 743 865 1076
107 8 318 624 734 825 862 888 891
110 171 245 317 393 513 744 1134 1234
181 24 52 58 231 272 376 389 429 471 538 591 883 889 893 908 918 1153 1426
188 281 331 343 425 455 599 622 801 811 874 883 944 1029 1429 1496 1497
260 315 345 416 585 740 1001 1248
327 26 76 91 139 211 224 532 645 1150 1284
540 108 424 646 753 1372 1497
660 177 235 257 301 434 505 581 603 607 640 646 840 917 1167 1204 1338 1462
665 42 262 385 408 445 685 862 973 1019 1331 1442
742 14 195 208 422 707 1031 1209 1240 1285
891 239 332 411 440 531 618 681 832 962 1224
1005 428 532 641 690 825 1045 1075 1125
1343 67 304 328 345 416 418 459 460 646 763 879 980 1234 1295 1333
1378 165 225 342 402 534 611 691 869 878 955 1040 1042 1046 1067 1088 1235
3 259 357 592 686 887 905 1211 1238
259 161 170 312 761 787 796 941 995 1020 1275 1386 1391
357 176 333 449 683 706 730 762 815 892 1132 1142 1157 1405 1409 1435 1465
592 359 427 498 513 642 834 987 1126 1286 1315 1470
686 11 160 186 193 315 563 610 631 1041 1480
887 88 219 386 614 800 815 1066 1324 1426
905 36 79 211 320 406 462 478 760 798 850 1114 1416 1447
1211 267 672 909 961 1122 1216 1220 1401 1402
1238 57 101 214 244 278 457 607 802 929 1040 1067 1149 1232 1268 1272 1309
4 45 46 76 115 682 752 1128 1364 1404 1474
45 280 311 351 378 670 692 746 1197 1288 1290 1444 1480
46 291 385 552 1048 1203 1319 1320 1326 1347 1402
76 215 326 522 544 756 1041 1118 1135 1234 1442
115 27 90 523 603 724 996 1146 1374
682 16 142 288 472 785 851 1106 1466
752 39 58 203 356 358 362 363 455 696 719 1227 1374 1471
1128 144 244 273 390 456 517 545 566 596 763 791 998 1081 1301 1335 1356 1416 1463
1364 144 323 386 536 900 904 959 1097 1305 1315 1379
1404 163 210 805 828 882 1001 1036 1129 1372
1474 121 130 347 395 597 625 750 761 773 821 980 1266 1278 1286 1355 1466
5 171 296 512 564 756 883 901 1141 1244 1277 1458
171 133 176 190 201 205 213 307 325 336 350 563 573 730 979 993 1076 1133 1236 1339
296 164 199 385 405 472 522 547 646 683 717 907 1035 1051 1072 1272 1284
512 195 295 408 436 519 606 930 1027 1172 1234 1373
564 138 282 368 416 520 534 758 968 1083 1359 1406
756 150 243 567 804 910 1134 1316 1354
883 82 209 374 601 747 804 946 1045 1059 1205 1230 1317 1436
901 83 195 216 649 729 733 736 779 1006 1281 1336 1441
1141 31 60 303 486 653 814 863 988 1142 1179 1337 1386 1400 1457
1244 163 225 328 329 343 413 749 776 933 1180 1315
1277 329 406 531 841 1255 1294 1402
1458 378 434 478 521 814 941 954 1015 1110 1140 1186 1235 1393
6 49 70 178 194 240 620 1060 1132 1189 1288
49 179 209 232 326 546 770 827 1120 1357 1403
70 97 119 273 292 569 728 745 798 879 1089
178 150 153 302 457 633 843 1006 1089 1257 1485
194 354 425 494 579 629 684 704 823 999 1035 1375
240 75 156 174 454 499 995 1222 1250 1436 1464
620 113 501 599 647 737 743 933 1031 1048 1063 1333 1336 1352 1419 1432 1436 1498
1060 213 314 437 444 559 785 854 1117 1227 1374
1132 301 584 926 1038 1088 1310 1325
1189 40 299 377 506 526 600 934 1341 1469 1476 1480
1288 347 799 868 1498
7 105 225 354 532 623 643 719 724 904 1445
105 121 123 134 158 526 800 1021 1063 1096 1148 1183 1340
225 179 302 530 563 634 658 845 900 913 1042 1089 1111 1139 1495
354 273 294 600 692 803 910 1067 1070 1072 1170 1311 1396 1438 1443
532 37 307 361 839 1058 1061 1260 1299 1338 1442
623 322 346 449 516 1017 1178 1435 1498
643 84 372 463 578 647 862 903 1010 1145 1169 1319
719 211 345 495 507 663 839 941 1338
724 490 587 662 679 743 995 1234 1260 1299 1325
904 50 353 789 935 955 1394 1468
1445 122 442 507 571 880 895 920 1159 1431
8 191 404 638 949 1007 1044 1269 1367 1389
191 86 515 800 900 1007 1024 1495
404 52 132 138 557 568 577 835 850 1091 1103 1292 1348
638 48 161 270 302 474 678 861 923 1108 1396 1419
949 92 321 572 787 854 916 1054 1067 1401 1426 1492
1007 234 316 382 457 1337 1495
1044 83 153 392 396 804 1049 1056 1139 1310 1440
1269 47 317 411 443 464 521 584 774 820 1184 1245 1268 1324
1367 81 187 266 402 504 566 657 690 729 825 857 890 942 1020 1055 1296 1424
1389 22 29 146 273 324 363 474 500 503 514 518 520 576 770 1055 1266 1334
9 87 117 138 278 487 637 683 879 902 1146 1205 1294 1354
87 160 170 187 224 355 427 487 528 1118 1147 1316 1395
117 130 147 758 963 991 1124 1145 1159 1381
138 243 388 506 508 544 616 988 1031 1076 1102 1119 1197 1242 1433 1483
278 245 262 301 336 362 842 875 1023 1184 1432
487 56 656 716 778 885 890 1121 1272
637 30 261 270 279 355 523 550 556 683 814 875 946 959 1064 1089 1099 1149 1261
683 52 74 128 158 333 417 653 727 974 1201 1348
879 299 473 511 593 672 705 822 837 863 1318 1462
902 254 371 594 728 788 810 818 864 985 1402
1146 265 329 338 436 543 555 754 926 1303
1205 10 37 61 646 663 693 698 908 1058 1221 1376
1294 132 348 395 714 729 758 759 971 1053 1457
1354 95 96 114 513 820 839 847 857 963 1096 1106 1114
10 508 544 545 584 704 937 964 1375
508 514 606 689 711 892 1163 1204 1450
544 180 255 418 470 528 1052 1225 1402
545 25 104 164 202 220 376 465 677 699 1046 1049 1351 1446
584 44 311 422 547 553 579 670 671 673 706 709 834 1066 1242 1259 1368
704 71 374 648 732 795 854 991 1225 1313 1377 1439
937 170 303 314 328 602 881 886 1004 1437 1448 1498
964 111 291 333 415 452 479 502 562 634 834 1150
1375 47 315 332 465 469 497 946 1172 1209 1303 1424
11 177 186 262 421 568 765 775 826 923 972 1014 1020 1145 1203 1250 1326
177 199 281 622 642 692 716 943 1032 1082 1161 1387
186 100 131 502 526 569 627 664 1137 1152 1384 1439
262 1043
421 73 245 329 632 647 751 837 865 1009 1110 1206 1252 1407
568 362 375 377 457 560 591 873 1492
765 20 42 555 913 1040 1203 1268 1418
775 350 352 446 484 501 773 892 1117 1295 1349 1451
826 100 460 513 740 999 1248
923 155 202 212 311 390 516 646 882 945 1028 1243
972 85 172 335 576 645 797 1115 1150 1196 1484
1014 226 342 610 868 870 1006 1459
1020 134 201 247 284 414 589 813 875 1125 1225
1145 94 223 319 389 926 1036
1203 17 31 221 298 365 401 517 791 936 1076 1272 1326 1352 1376 1430
1250 439 557 593 631 678 727 885 966 1046 1089 1191 1320
1326 549 561 583 597 687 764 872 978 1019 1092 1163 1278 1280 1456 1477
12 132 218 294 326 335 389 640 878 1135
132 56 167 594 762 768 881 900 1193 1340 1357
218 197 316 374 375 528 651 1009 1097 1182 1259 1370 1480
294 69 101 124 154 233 244 271 282 339 463 753 795 941 1261 1301
326 168 179 535 661 840 943 1259 1328
335 175 190 282 573 610 785 834 1467
389 91 461 513 672 1001 1293 1317 1390 1452
640 121 187 195 277 370 459 645 649 804 912 1098 1196
878 34 149 245 467 472 503 628 663 903 921 1021 1043 1274 1283 1461
1135 390 807 888 1200 1245 1349 1351
13 30 135 460 569 762 1383
30 32 670 722 745 1057 1095 1180 1193 1300 1312 1337 1345
135 208 293 379 452 700 1056 1138 1147 1213 1248 1358
460 21 66 324 418 451 772 962 1015 1149 1231
569 92 140 462 483 577 645 771 801 846 932 1109 1485
762 61 130 299 1088 1359 1450
1383 68 234 241 293 298 316 802 834 932 968 981 1154 1342 1357 1363
14 28 64 282 694 715 859 1071 1118 1321 1325 1425 1437
28 285 576 748 947 982 1052 1116 1241 1279
64 119 368 435 516 662 716 814 1161 1265 1297 1311 1427 1437
282 57 96 414 442 496 529 799 1108 1170 1333 1336 1355 1356 1417
694 130 198 528 663 999
715 33 204 300 301 429 981 1021 1083 1123 1295 1335
859 116 128 148 708 739 900 959 1015 1451
1071 175 275 381 582 600 717 807 1131 1264
1118 234 333 453 478 488 547 670 854 968 1101 1392 1496
1321 166 280 547 784 894 1017 1456
1325 160 265 494 711 1026 1061 1381
1425 53 73 250 341 675 1192 1230 1494
1437 58 60 168 169 184 244 270 311 459 1023 1055 1153 1168 1175
15 141 239 369 381 410 659 777 1105
141 100 148 193 258 267 310 412 571 994 1009 1054 1408
239 63 74 217 395 819 930 950 1194 1227
369 129 183 293 317 486 646 1006 1079 1265 1442
381 99 376 781 854 988 1070 1246
410 95 180 199 204 254 394 736 810
659 165 353 493 549 783 858 1293 1345 1369 1432
777 74 204 314 382 436 599 872 1019 1312 1388
1105 407 510 519 614 636 852 1282 1350
16 63 84 286 291 822 912 1374 1476
63 91 254 256 648 676 720 735 748 916 933 1069 1400
84 647 795 899 924 996 1059 1271 1493
286 166 228 314 452 473 478 788 841 915 1054 1183 1200 1324 1400
291 123 375 650 741 790 1130 1342
822 313 465 587 698 1012 1033 1191
912 144 330 344 378 503 899 1072 1313 1361 1451
1374 103 140 388 484 536 658 672 739 819 1274 1420 1489
1476 43 193 390 515 691 1147 1270
17 29 272 382 436 738 740 780 847 1083 1094 1129 1181 1365 1398 1436
29 25 71 142 156 505 680 1334 1335
272 256 693 697 749 799 802 838 939 1274 1319
382 159 250 267 383 394 482 572 1024 1153 1198
436 98 101 157 212 254 483 819 981
738 180 365 439 546 1034 1198 1240 1295 1333 1363 1459
740 85 98 522 814 833 872 931 1076 1102 1114 1155 1177 1184 1243 1252 1362
780 109 158 211 212 417 486 673 855 990 1001 1247
847 265 712 1124 1171 1392 1489
1083 37 199 257 426 521 527 565 763 1017
1094 27 237 267 268 387 431 535 729 1065 1068
1129 143 238 466 497 797 900 1046 1154 1252 1409 1449 1482
1181 207 454 708 766 830 845 1090 1139 1140 1166 1231 1249 1280 1495
1365 402 455 519 578 669 747 799 1081 1130 1334 1357
1398 154 167 320 411 492 766 953 1101 1306 1331 1400
1436 42 234 396 504 542 601 617 712 939 997 1197 1241 1310 1470 1483
18 211 423 451 558 576 596 647 894 917 943 1037 1133 1152 1253 1460 1462
211 53 361 556 600 865 888 1112 1147 1320 1371
423 93 151 328 484 557 692 772 851 1029 1400 1412
451 19 81 134 180 371 397 553 946 961 1087 1112 1125 1143 1327
558 367 685 791 1186 1248 1352 1413
576 109 184 313 601 796 950 1373
596 61 250 516 1267
647 336 560 873 1078 1162 1171 1212 1237 1406 1489
894 104 318 433 670 798 1196 1477
917 144 165 174 267 612 639 698 874 963 981 994 1164 1200 1246
943 142 448 534 718 750
1037 81 626 729 800 1021 1276 1400 1449
1133 409 414 481 741 845 1043 1174 1193 1394
1152 36 309 427 454 626 800 1051 1090 1348 1349 1366 1415 1462
1253 280 358 408 435 910 1262 1379 1482
1460 44 195 498 529 700 767 928 970 1003 1216
1462 35 83 154 600 725 770 785 872 874 1407 1463
19 164 305 359 974 1034 1408 1448
164 26 230 273 525 599 676 845 856 892 994 1327
305 41 91 502 697 916 985 1035 1056 1108 1225 1337
359 44 264 346 376 417 608 625 926 1047 1356
974 303 315 457 472 482 579 908 992 1059 1109 1139 1220 1262 1323 1433
1034 79 136 322 549 581 807
1408 47 301 339 674 804 1097 1311
1448 169 376 530 608 689 750 805 1093 1290 1409
20 31 261 318 407 796 804 1073 1075 1171 1284
31 393 527 547 613 808 861 1011 1259 1305 1331
261 249 307 428 464 548 864 950 1016 1149 1201
318 675 749 973 1471
407 162 358 624 656 739 861 918 932 950 1031 1164 1315 1335 1405 1457 1494
796 67 315 744 862 869 1137 1338
804 85 109 112 329 374 405 470 618 731 792 982 1041 1328 1385
1073 124 441 794 857 881 956 997 1400 1401 1485
1075 612 754 872 1003 1088 1340 1381 1386 1488
1171 26 43 149 253 309 367 394 437 631 645 841 967 1018 1072 1174 1359
1284 202 285 399 413 594 599 769 941 961 998 1456
21 97 293 442 450 714 968 1025 1092 1184 1206 1224 1338 1344 1361 1397
97 34 108 339 400 818 845 906 1009 1176 1318 1450
293 42 155 193 393 471 513 707 761 819 1221 1249 1339
442 356 589 712 896 939 1049 1064
450 289 383 398 641 677 767 1013 1036 1038
714 109 150 204 210 400 425 528 696 731 1388
968 249 290 312 403 664 852 932 1214 1218 1299 1329 1353
1025 100 320 385 388 489 570 642 655 841 1153 1185 1202 1335
1092 289 316 1079 1098 1428
1184 52 230 254 553 593 612 653 700 840 922 1126 1139 1186 1248 1258 1497
1206 148 368 507 546 645 748 863 886 1010 1120 1324 1345 1396
1224 56 244 308 341 784 914 967 1165 1237 1310 1323 1410 1466 1479 1484
1338 22 251 314 316 667 668 729 951 1222 1261 1381 1411
1344 491 560 585 951 1036 1052 1065 1330
1361 88 103 122 148 165 182 375 610 737 1008 1096 1450 1456 1464
1397 645 731 743 933 1114 1218 1429
22 24 27 258 273 274 427 626 712 748 840 953 955 1082 1137 1169 1254 1298 1400 1402 1452 1486
24 523 744 835 876 957 1134 1176 1225 1242 1266
27 234 349 371 867 918 1291 1333
258 167 199 306 412 480 693 820 920 1196 1395 1441
273 394 403 573 1100 1420 1487
274 77 82 850 932 954 1095 1464
427 42 58 241 385 466 530 589 830 1218 1317
626 253 371 398 403 469 951 1156 1380 1475
712 35 103 122 495 504 920 1126 1297 1406 1413 1416 1439
748 204 342 541 1231 1305
840 245 492 764 769 788 876
953 113 276 298 319 515 717 747 758 906 1064 1204 1255 1432 1468
955 127 418 424 563 579 642 688 835 1170 1223 1255 1258 1385 1415
1082 198 324 341 433 601 750 893 989 1024 1053 1054 1173 1234 1243 1396 1430
1137 684 834 933 970 1151 1156 1271
1169 399 597 727 833 1024 1104 1115 1182 1283 1421 1484 1494
1254 101 198 341 392 425 462 497 553 892 1028 1089 1114 1191 1363 1369
1298 212 250 546 611 872 1103 1110
1400 93 224 297 429 653 746 997 1148 1193 1259 1417
1402 205 250 344 462 496 502 518 642 930 1070 1124 1209 1266 1494
1452 35 36 125 284 290 340 353 387 681 729 792 1385 1454
1486 201 961 1188
23 41 334 393 507 624 827 855 1008 1108 1113 1156 1167 1260
41 33 42 144 156 221 365 372 434 455 567 586 615 869 935 1103 1180 1210 1433
334 47 209 247 254 348 486 588 754 1166 1368
393 151 205 339 504 1049 1327
507 55 303 431 565 741 784 823 849 1176
624 111 119 249 316 490 502 536 602 611 708 1176
827 207 246 376 666 710 716 810 866 1223 1226 1251 1450
855 173 412 462 510 810 818 935
1008 26 167 430 603 606 725 1022 1070 1108 1385 1419
1108 379 394 570 906 938 1081
1113 533 572 841 1055 1222 1252 1323 1432
1156 56 190 207 726 792 1157 1380 1392
1167 380 401 848 924 928 961 1064 1085 1339
1260 264 279 420 629 821 841 913 1042 1080 1252
523 183 313 420 498 645 666 761 852 890 1018 1054 1147 1225 1232 1255
744 299 417 674 844 985 1093 1214 1314
835 165 254 322 788 959 1229 1261 1270 1311
876 83 245 248 349 418 641 986 1049 1110
957 209 586 739
1134 268 317 328 411 462 543 648 782 848 884 932 1213 1283
1176 92 156 298 303 401 458 884 1246 1296 1299
1225 58 201 277 342 443 631 685 1038 1095 1183 1481
1242 148 207 317 459 554 557 795 995 1076 1345 1449 1453
1266 353 479 697 800 1039 1097 1248 1443
25 302 395 465 565 892 1304 1391
302 34 245 463 716 908 966 1421
395 65 241 351 419 639 755 868 890 966 976 1061 1271 1342 1381
465 149 201 351 409 611 705 770 815 823 830 874 915 1086 1099 1161 1372 1453 1465
565 37 104 179 536 673 676 1057 1102 1216 1330
892 54 114 263 866 925 1180
1304 78 237 383 501 575 843 913 1051 1124 1192 1306 1386
1391 38 207 578 676 922 1261 1312
26 42 73 236 268 379 411 705 782 1050 1330 1432
42 991 1154 1261 1285 1313 1351 1355
73 54 90 100 480 546 622 646 736 1125 1334
236 299 377 650 709 722 945 1243 1336 1444
268 397 424 520 552 627 664 666 673 1054 1090 1252
379 445 823 1003 1099 1182 1251 1385 1450
411 71 350 367 453 655 735 934 986 1249
705 341 400 735 1174 1267 1316
782 82 215 355 666 799 1096
1050 61 71 303 307 347 477 618 778 808 834 1247 1342 1357
1330 219 317 441 526 547 554 739 868 1252 1414 1457
1432 40 310 321 351 448 555 651 750 789 1059 1340 1347
234 557 911 1006 1221 1236
349 36 125 143 554 572 673 809 844 1200 1316 1355 1393 1426
371 151 331 555 930 1038 1234 1335
867 156 160 446 516 693 785 850 1061 1324
918 120 224 276 320 330 1215 1289
1291 485 650 678 680 726 783 933 956 984 1323 1440
1333 32 820 899 919 1248 1388
285 39 121 122 130 329 575 586 916 954 1070 1179 1454
947 133 376 481 842 1022 1290 1309 1340
982 99 205 316 402 642 690 1477 1489
1052 339 492 642 934 948 1247 1405 1490
1116 441 670 850 1091 1110 1248 1485 1489
1241 275 486 681 770 831 881 1076 1289 1318 1410
1279 81 137 173 295 332 695 700 815 1142 1264
71 111 374 728 916 1035 1127 1347 1482
142 158 457 601 654 679 746 1256
156 65 155 396 441 578 628 632 760
505 67 121 368 546 560 562 799 1131 1461
680 55 203 252 345 426 495 526 718 880 925 1000 1033 1235 1296
1334 114 655 1110 1212
1335 127 323 383 455 534 634 649 761 915 1045 1219
32 60 242 409 605 639 766 913 1010 1087 1285 1392
670 92 127 350 539 560 581 601 854 1067 1101 1185 1372 1380 1382 1418 1475
722 111 144 535 610 829
745 219 279 888 950 959 1236 1263 1417 1488 1494
1057 95 196 201 279 392 449 871 881 980 1093 1263 1272
1095 34 75 470 473 800 886 1074 1212
1180 48 182 201 445 582 842 1276 1499
1193 78 93 459 494 551 769 779 839 1030 1154 1368 1497
1300 100 500 579 591 869 1204 1349
1312 249 572 1089 1172 1215 1252 1322 1411
1337 492 658 673 881 1004 1027 1227 1280 1287
1345 37 47 124 628 668 809 900 965 976 1091
527 34 69 124 200 392 908 938 1028
547 185 210 386 461 837 1051 1188 1371
613 37 184 198 246 908 942 975 1202 1209 1264 1348 1418
808 88 385 492 634 1165
861 528 548 646 971 1031
1011 229 303 549 579 669 898 920 1255 1292
1259 124 147 646 1054 1302
1305 56 222 241 280 398 567 604 669 706 896 985 1003 1046 1122 1170 1228 1490
1331 143 219 669 671 1056 1278 1353
60 345 494 595 618 778 839 850 857 1022 1453 1468
242 74 139 279 292 480 489 511 541 662 820 961 962 1003
409 276 418 863 1387
605 251 269 707 1079
639 308 317 552 772 821 1247 1270 1303
766 848 1003 1449
913 183 226 297 529 587 799 823 999 1233 1324
1010 189 368 726 769 794 930 946 1153 1188 1191
1087 108 311 440 838 950 1163
1285 80 372 575 629 825 1311 1379 1420
1392 174 182 245 257 730 856 1061 1112 1199
33 215 264 614 757 785 1104 1421 1473
215 148 187 339 374 457 509 550 642 768 1062 1070 1341 1360 1413 1420
264 43 96 346 521 597 730 1023 1219 1268 1301
614 165 496 609 726 802 942 983 1233
757 310 657 1164 1296 1353
785 232 263 307 501 604 617 951 971 977 1022 1039 1127 1256 1487
1104 321 588 718 771 802 938 948 1032 1062 1426 1487
1421 198 227 238 485 491 504 653 727 872 1012 1160 1324 1417
1473 61 158 220 343 548 778 857 978 1215 1318
34 120 224 252 269 362 424 570 699 805 1023 1213
120 122 192 358 697 753 1246 1384 1434 1456
224 774 1003 1140 1355 1409
252 101 127 226 227 241 400 690 703 837 898 1017 1138 1265
269 85 172 574 806 967 1093 1319 1459
362 53 100 315 601 852 874 1219 1351 1459
424 935 961 1018 1032 1101 1406
570 470 495 497 520 689 733 926 1061 1263 1287 1403
699 183 249 303 306 388 509 656 768 1322 1377 1478
805 473 546 590 1175 1379
1023 65 74 203 467 511 559 662 725 989 1153 1248 1494
1213 351 525 595 1173 1262 1478
35 39 329 415 561 798 1042 1202 1265 1355 1362
39 116 340 374 489 522 885 931 940 1043 1165 1272 1376
329 322 375 397 438 555 587 693 750 989 1029 1265 1376 1401
415 486 495 925 1311 1428 1487
561 494 529 681 1268 1362
798 280 554 707 760 794 962 1177 1413
1042 47 232 249 365 391 471 669 677 799 858 919 989 1056 1283 1467
1202 155 190 642 983 995 1456
1265 129 599 644 1199 1219 1296 1357
1355 53 160 208 241 325 751 753 906 1159 1492
1362 82 145 237 284 456 727 814 874 896 997
36 113 144 214 429 504 550 1076 1248 1286 1311 1492
113 119 133 370 530 548 732 1148 1168 1199 1235
144 157 481 536 906 932 991 1182 1212 1237 1239 1297 1469
214 228 320 594 597 737 941 991 1296 1339 1492
429 125 314 586 718 893 1003 1085 1161 1261 1384 1438 1446 1447
504 40 44 309 364 649 739 806 819 836 966 1196 1422
550 145 441 604 671 886 1048 1123 1168 1271 1311 1443
1076 65 99 174 654 655 995 1223 1327 1485
1248 40 82 344 590 729 776 806 1122 1147 1150
1286 199 275 502 734 787 980 1310 1457 1484
1311 163 253 472 914 1096 1127 1160 1450
1492 692 853 885 1022 1283 1376 1416
37 209 524 734 741 1200 1215 1401
209 55 101 124 146 230 583 717 735 885 1109 1316
524 341 363 438 759 893 1485
734 406 520 617 837 880 1003 1275
741 358 481 533 535 571 577 737 751 873 927 1038 1204 1426
1200 103 199 534 633 926 1085 1155 1227 1456
1215 271 455 546 628 754 860 963 1061 1065 1103 1166 1177 1185 1197 1283 1324 1381
1401 219 477 541 542 1148 1153 1336
38 154 461 657 942 1081 1216 1240 1412 1430
154 147 160 314 611 743 1041 1056 1093 1109 1243 1315 1403
461 161 176 372 459 552 1126 1385
657 160 295 649 1363 1484
942 319 579 636 773 1226
1081 390 432 1054 1256 1469 1495
1216 199 299 489 517 709 1088
1240 308 529 578 658 849 882 1032 1186 1308 1351 1395
1412 95 728 1080
1430 146 408 645 667 963 1281 1346
116 81 90 91 92 126 129 153 492 511 1069 1127 1385 1387
340 199 595 1232
374 173 452 457 611 1088 1154 1340 1443 1469
489 112 147 157 364 432 453 522 542 833 868 951 983 1026 1039 1119 1322
522 199 453 484 662 690 1018 1064 1165 1268
885 77 86 183 347 398 456 702 1340
931 91 310 963 1280 1463
940 358 431 511 617 981 993 1478
1043 96 146 284 736 784 893 1030 1368
1165 221 716 871 1017
1272 103 127 316 426 727 788 818 842 1433
1376 495 595 603 962 979 1041 1099 1295 1339 1443
40 96 1174 1276 1319 1327
96 68 370 490 517 627 760 781 933 1102 1138
1174 91 212 433 531 936 1018 1214
1276 92 139 277 546 610 737 761 774 1035 1078 1341 1488 1497
1319 85 483 516 789 978 989 990 1035 1155 1377
1327 195 360 491 538 662 1187 1313 1368
221 235 481 493 574 594 717 924 1256 1313 1341 1427
365 83 192 265 1067 1469
372 58 67 219 300 313 525 559 837 1009 1102 1227
434 185 227 439 560 585 591 634 767 1049 1098 1186 1373 1499
455 150 315 813 838 978 1230 1267
567 202 414 439 642 676 684 991 1036 1098 1210 1413 1444 1488
586 710 882 995 1223 1231 1278
615 443 494 499 962 985 1450
869 81 267 380 518 998 1175 1339 1454 1455
935 131 448 663 678 750 924 1029 1038 1194 1320 1409
1103 205 338 739 797 1053 1055 1280
1210 100 169 212 485 531 549 662 743 776 896 924 941 952 990
1433 231 256 271 316 609 711 799 820 1068 1096 1168 1336
991 43 725 884 948 1316
1154 94 300 303 344 417 480 515 616 863 1163 1282 1416 1420 1429
1261 88 337 397 414 490 543 701 875 1314 1411 1487
1313 119 322 535 671 788 1263
1351 299 574 674 1000 1022 1106 1316 1317 1417
43 65 432 560 778 850 906 1315 1346
65 385 582 1359
432 122 333 486 641 1382
560 328 430 431 510 593 617 856 860 921 978 1074 1217 1229 1387
778 180 347 446 608 750 816 820 1131 1237 1416 1443
850 288 331 345 388 594 746 813 997
906 367 518 965 993 1450 1483
1315 284 1047 1377 1413 1423
1346 319 345 366 546 759 1019
44 134 161 314 347 392 402 607 739 1054
134 54 599 792 989 1237 1247 1323 1454
161 56 674 818 875 984 1101 1147 1212 1316 1419
314 129 364 430 551 907 1271 1287 1461
347 102 233 370 706 1032 1160 1221 1348 1495
392 123 351 556 689 788 1466 1475
402 235 298 417 485 497 510 1179 1342 1420
607 250 597 600 649 651 769 965 1038 1209
739 184 814 999 1032 1074 1221 1366 1477 1488
1054 55 124 661 771 821 973 1370
280 248 257 585 685 829 866 888 1012 1024 1058 1085
311 128 207 212 431 662 801 838 1160 1234
351 307 611 703 1302
378 128 255 814 962 1435 1443
692 48 297 336 491 709 870
746 90 204 303 366 425 516 518 526 1102 1126 1316
1197 133 173 206 283 289 980 1207 1323 1348
1290 59 173 205 341 390 456 574 898 907 1179 1185 1415 1438
1444 98 593 710 1110 1177
1480 373 496 503 718 1148 1278 1405
385 129 759 915 1237 1316 1368 1470
552 363 375 784 839 1051 1324 1387 1453
1048 77 198 290 312 358 370 593 700 771 973 1055 1212 1218
1320 168 187 277 419 511 538 666 789 814 1080 1229
1347 104 245 612 618 706 710 849 1047 1068 1219 1406
47 208 543 645 655 1065 1350 1384
208 201 737 865 1041 1339 1394 1406 1491
543 585 1035 1064
645 229 889 1012 1017 1056
655 480 494 511 672 769 1270 1296
1065 322 425 500 736 1163 1271 1410 1423 1434 1438 1467
1350 428 700 911 1419
1384 373 414 669 1069 1080 1085 1423
48 298 387 474 518 618 864 919 1114
298 50 61 250 366 799 1049 1182 1212 1237 1381
387 271 346 736
474 425 1496
518 92 167 669 697 760 846 1026 1056 1217
618 94 126 320 453 498 521 603 731 936 944 1251
864 554 633 895 1068 1089 1263 1490
919 88 539 587 606 758 819 890 1396 1450 1497
1114 56 124 323 377 408 417 729 749 807 820 963 1068
179 199 247 720
232 448 729 1053 1496
546 425 1078 1485
770 121 149 220 254 476 676 824 842 1219 1229
1120 53 108 317 809 1264 1275
1357 206 337 363 492 591 703 794 1046 1143 1220 1394
1403 109 145 202 667 759 1070 1247 1274
50 520 787 1085 1271 1275 1467
520 53 81 139 413 426 736 1013 1098
787 173 484 828 997 1012 1179
1085 58 182 857 941 1000 1004 1022 1162 1427
1271 677 698 736 1456
1275 265 366 537 709 903 1031 1045 1303
1467 163 484 747 921 1017 1045 1158 1287
325 257 496 498 873 916 959 994 1466
866 104 506 658 735 843 941 961 1097 1140 1435
932 182 255 548 583 595 658 1163
983 476 482 525 539 611 721 873 874
1018 81 133 192 250 528 763 1109 1348
1029 217 250 399 685 807 924 936 984 1017 1163 1393 1414
52 57 111 229 251 709 710 751 760 898
57 220 254 303 536 590 788 845 1026 1158 1239
111 217 516 595 727 973 987 1188 1302 1308
229 169 578 631 678 688 761 841 890 1041 1229 1281 1373 1490
251 839
709 131 344 833 860 1422
710 595 621 1150 1416 1487
751 253 452 601 612 649 784 1363 1390 1477
760 119 147 216 328 632 733 750 895 1147 1149 1175 1370 1475
898 315 664 824 956 985 1030
53 363 517 773 970 1035
363 350 641 642 708 836 1138 1186 1323
517 58 146 650 1000 1098
773 58 271 376 417 873 880 1232 1441 1488 1495
970 464 708 759 820 1031 1281 1461
1035 572 656 848 963 1418 1487
54 1292 1380
1292 333 439 578 668 792 895 1016 1072 1358
1380 322 414 555 711 763 1031 1186 1493
55 86 127 223 231 332 339 706 873 977 1024 1209 1411 1484
86 146 183 289 328 603 888 978 1026 1316 1431
127 444 516 721 930 1100 1419
223 166 589 627 797 1451
231 72 81 345 471 588 653 736 1162 1164 1296
332 91 944 1188 1299
339 90 556 754 803 838 1450 1479
706 124 136 145 600 790 807 823 846 952 1273 1282
873 147 498 575 590 1066 1130
977 92 143 206 316 440 799 1097 1424 1443 1451
1024 163 275 300 394 555 590 979 1199
1209 193 212 346 477 690 1143 1160 1442
1411 58 151 577 1257 1496
1484 399 653 667 671 839 1175 1186 1246 1415 1495
56 444 992 1415
444 324 431 581 652 1153 1234 1251 1252 1379 1423 1472
992 88 122 253 553 648 653 989 1047 1127 1157
1415 81 165 212 376 466 477 566 810 1185 1252 1329 1409
220 634 806 819 868 1111 1387
254 85 373 600 800 938 963 996 1126 1306
303 75 525 666 980 1168
536 317 1239 1297
590 95 103 137 192 641 743 800 1058
788 266 322 355 633 1101 1212 1252 1497
845 85 206 267 557 622 720 1204 1353
1026 476 693 909 1493 1497
1158 418 486 528 927 1061
1239 99 1234
58 196 230 373 888 993 994 1072
196 119 125 276 331 353 495 499 656 684 844 1214 1230
230 367 419 503 1263
373 160 356 730 807 851 1097 1101 1247 1289 1418 1465
888 95 399 621
993 263 344 433 477 754 836 1164 1192 1255 1394 1399
994 195 199 284 458 717 794 795 1009 1289
1072 59 123 579 784 939 1390
59 91 189 299 480 513 529 644 886
91 151 297 554 566 702 941 1063 1182 1198 1317 1426
189 241 304 428 443 1249 1487
299 238 313 548 676 1032 1160 1281
480 598 633 1283 1295 1482
513 213 300 764 769 819 921 999 1115
529 549 779 814 886 952 1136 1246
644 103 356 494 535 619 767 848 981 1168 1185 1369 1418 1497
886 176 203 249 330 526 838
345 74 246 946 973
494 383 599 837 966 1028 1373
595 172 792 875 1069 1109 1140 1281 1466
839 245 506 679 914 967 1021
857 99 971 1369
1022 309 366 530 856 1161 1459
1453 279
1468 233 557 1124
61 562 848 1106 1160 1280 1434
562 92 321 783 800 1013 1036 1101 1126 1270 1413 1427
848 165 418 430 587 924 1257 1342 1358
1106 203 343 606 653 727 926
1160 482 619 896 1003 1237 1353
1280 146 170 173 358 506 582 843 1066 1369 1472
1434 238 368 448 477 672 726 988 1070 1080 1173 1420
140 122 1257 1322 1414
238 149 488 551 711 727
246 204 391 735 781 910 1064 1090 1109 1168
481 226 491 662 998 1053 1207 1447 1498
491 542 872 922 1131 1151 1231
575 114 308 924 1143 1228 1273
743 150 328 486 675 813 1138 1194
865 78 500 641 997 1036 1111 1186
256 83 124 308 462 554 599 985 986 1027 1100 1122
648 199 277 484 571 651 916 944 1166 1296
676 403 554 814 936 986 1003 1130 1151 1233 1451
720 971 1136 1172 1233 1287 1299 1371 1423
735 301 399 556 664 1230 1405 1441 1470
916 170 376 1173
933 131 198 498 1157 1386
1069 184 377 582 837 1157 1323 1416
119 784 954 1212 1309
368 108 175 698 973 1159 1201 1220 1247
435 454 658 678 1162
516 80 533 535 554 1021 1086
662 383 897 1111 1185 1465
716 145 338 437 557 572 597 599 661 693 921
814 306 794 1077 1078 1449
1161 257 336 702 1074 1263 1422
1297 129 143 467 911 1015 1102 1353
1427 588 597 630 727 1372 1469
582 1027 1059 1084 1112
1359 358 438 622 881 896 1009 1217 1232 1377
66 155 893 987 1214
155 342 445 884 1236 1282
893 100 476 737 989 1126 1256 1478
987 248 306 469 533 733 954 1062 1252
1214 265 336 563 571 658 679 1417 1442
67 98 124 384 471 1195 1235 1309 1496
98 430 469 629 684 698 853 945 1188
124 321 459 482 610 612 663 711 815 1125 1234 1270
384 226 333 628 703 728 858 938 1192
471 93 183 422 466 786 821 1282 1471
1195 667 672 956 1049 1112 1223 1442
1235 1264
1309 669
1496 791 945 1490
68 212 438 754 807 856 920 1142 1243
212 401 422 1032 1281
438 377 598 677 924 948 988 1079
754 315 331 571 691 761 975 1063 1163 1342
807 548 989 1264
856 170 204 270 428 616 641 794 831 967 1233 1245 1477 1495
920 353 396 631 703 951 1040 1066 1356 1373 1481
1142 464 633 636 721 907 928 979 1036 1101 1149 1182 1455
1243 152 1013 1039 1147 1463
69 226 366 420 925 1204 1340 1407
226 136 391 1268
366 459 577 1149
420 148 469 711 768 989 1061 1147 1308 1390 1413
925 306 380 1122
1204 166 556 895 924 1110 1471
1340 344 388 664 1164 1370
1407 90 93 405 588 1262
292 1130 1394 1439
728 331 422 802 890 1125
1089 477 767 1109 1168 1233 1287 1306 1372
1127 103 143 168 551 589 666 687 690 786 836 988 1308 1457
1482 198 425 849 997 1386
72 307 813 875
307 90 93 163 556 591 664 858 1062 1079 1179
813 74 603 625 689
875 446 555 698 1196 1308 1447
90 541 616
100 94 250 283 336 364 622 731 952 1055 1056
622 74 216 1187 1439
646 146 320 534 548 588 784 1264 1481
736 275 447 462 509 961 981 1212 1230 1469
1125 88 149 439 688 753 838 946 962 971 1070 1150 1299 1356 1379
74 227 330 601 603 608 632 642 799 996 1078 1463
227 425 616 1420 1429 1431
330 248 405 511 1098 1151 1157
601 416 521 579 600 924 1097 1136 1140 1177 1255 1450
603 439 511 625 672 1262
608 149 768 1049 1130 1252 1308
632 276 356 619 988 1061 1188 1472
642 228 257 492 549 667 926 1098 1130 1493
799 85 101 448 534 966 1040 1074 1494
996 337 454 485 1062 1074 1123 1495
1078 401 464 578 730 1220 1455
1463 160 315 316 542 772 802 988 1028 1478
75 78 270 456 571 961 1221 1472
78 80 446 593 628 1122
270 243 399 579 941 1070 1182 1469 1479
456 244 1058 1223 1439
571 129 147 454 727 1222 1390
961 121 219 346 667 737 755 928 1068 1263 1341 1372 1386
1221 383 858 1111 1481 1488
1472 121 157 388 486 510 514 1030 1246
1041 81 173 406 598 666 750 801 976 1030
1234 173 419 823 952 981 1030 1207 1322 1469
1442 118 128 216 281 944 1066 1371
77 169 203 216 277 466 862 1070
169 324 437 469 636 1091 1328 1414
203 168 207 337 401 466 650 794 862 870 900
216 123 133 338 1067 1150 1451
277 167 358 690 755 841 1080 1155 1372
466 210 295 589 750 938 995
862 102 125 625 717 1017
1070 267 315 521 525 934 966 1301
80 121 162 168 490 797 1021 1121 1219 1245
446 157 317 333 399 960 979 1217 1339
593 283 304 308 317 443 687 945 1183
628 1049
1122 367 691 841 1004 1490
79 418 763 976 1002 1032 1182 1341 1388 1418
418 93 99 687 701 1457
763 383 394 428 542 594 598 759 816 985 1317
976 160 233 394 539 717 769 1420
1002 342 406 585 731 783 963 1256 1369
1032 143 147 483 669 698 1192
1182 331 428 467 664
1341 197 954
1388 222 306 526 1066 1249 1258 1499
1418 267 789 802 1164 1188 1450
121 1138 1255
162 574 1124 1369
168 501 1096 1102 1336
490 82 463 482 484 533 627 825 884 973 1385
797 973
1021 263 426 499 535
1121 165 319 469 688 701 1055 1074 1187 1212 1303 1406
1219 102 183 322 497 841 874
1245 1263 1293 1491
81 137 408 426 538 1000 1046 1236 1449
137 197 718 908 945 990 1314
408 200 464 526 691
426 233 1053 1061
538 533 921 1124
1000 151 419 459 721 1098
1046 908 1068 1273
1236 249 266 342 350 825 956 1223 1394 1499
1449 157 167 195 553 784 802 951 962
82 175 656 1019
175 158 346 510 990 1381
656 341 499 533
1019 170 193 585 802 868 1157
83 131 353 500 537 929 1249
131 109 207 519 597 684 1406
353 102 126 1270 1282
500 257 428 453 702 725 792 795 1157 1456 1497
537 102 499 1274 1303
929 753 838 922
1249 126 250 350 1377
795 128 725 1088
899 356 396 501 688 914 946 950 1179 1409
924 198 213 315 346 1079 1201
1059 279 449 452 755 1348
1493 114 173 437 1138 1413
85 275 377 764 1049
275 501 594 671 851 1157 1429 1464
377 600 688 854 1187
764 386 484 1447
1049 396 802 829 868 939 995 1157 1191 1363
146 187 439 681 810 896 950 951 988 1186
183 149 333 493 1147
289 279 553 573 870 979 1360
328 253 266 312 437 818
978 94 587 688 794 833 897 1123 1178 1226
1316 281 467 581 612 630 889 1257 1431
1431 297 439 652 674 1192 1410 1424
160 322 774 1088 1258 1491
170 315 443 482 819 1123 1138 1194
187 908 930
355 950 979 1247
528 348 506 1130 1282
1147 206 346 693 794 810 890 1126
1395 185 671 834 1479
88 288 509 927 973 975 1027
288 915 1162 1420
509 774 810 1157 1212 1466
927 577 695 794 852 1151 1183 1306
973 245 361 519 914 1077 1091 1175 1423
975 148 267 341 482 556 589 597 1067 1426
1027 157 217 650 1130 1372
89 341 1172
341 414 453 641 844 1456
1172 182 247 313 963 1185 1318 1422
541 265 467 627 790 907 1112 1227 1228 1478
616 109 717 1168 1177 1282 1459
151 150 1047
297 484 663 783 784 800 803 958 989
554 630 1394
566 197 308 320 399 820 926 1413
702 315 525 666 896 1003 1329
941 337 772 811 1015
1063 147 342 482 890 1079 1336
1198 150 255 496 577 669 783
1317 112 501 1047
1426 333 472 479 496 1455
92 143 145 200 1324 1353 1422
143 126 597 727 1150 1164
145 308 440 984 1047 1422
200 139 356 367 414 1360 1477
1324 361 781 1369
1353 946 1440
1422 301 781
93 130 243 290 346 458 583 753 820 966 1051 1149 1293
130 99 153 207 358 430 1130 1370
243 180 454 629 1222 1490
290 469 573 609 650 661 772 1194 1314
346 952 1153
458 206 711 767 896 984 1283 1348 1409 1470
583 319 1097
753 99 338 414 572 1001
820 153 431 691 815 1062 1191
966 530 1310 1466
1051 668 828 838
1149 559 1170
1293 317 380 397 425 597 908 910 1173 1494
94 685 729 737 895
685 255 559 768 772 951 1246
729 172 597 768 890 1435
737 122 602 915 1443 1490
895 281 852 1080 1372
95 776 1053 1119 1278 1446
776 469 695 730 749
1053 184 312 495 658 730 870 985 1385
1119 109 482 1356
1278 817 960 1066 1488
1446 430 472 611 1031 1045 1246 1435
370 589 1485
627 300 589 810 890
781 250 367 484 502 907 963 1179 1409
1102 322 703 1097 1386
1138 228 463 661 711 1212
108 653 688 811 1109
400 671 825 1126 1139 1218
818 677 800 1001
1009 636 909 1194 1329 1479
1318 122 457 555 591 604
1450 112 678
430 671
469 173 222 244
629 195 321 588
684 1273 1379
698 165 484 1487
853 195 324 419 903
945 102 126 166 563 801 965
1188 248 433 585 674 1187
99 650 658 811 909 1168 1191 1268
650 267 419 792 872 1187 1226
658 167 237 265 725 1006 1491
811 174 498 1062
909 125 281 367 495 731 880 960 1420
1168 205 295 725 874 890 1036 1454
1191 219 244 417 652 900 944 1230
1268 281 306 649 690 697 844 1036 1227 1360 1495
250 118 295 336 889 1112 1199 1419
283 320 851 938 1148
336 101 356 361 375 510 989 1461
364 255 271 549 967 1096
731 675 842
952 157 219 304 653 772 1220 1302
1055 233 414 530 889 907
1056 281 598 610 821 1117
101 148 726 880 948 959 1439
148 150 295 343 417 664 774 928 1115 1223 1399
726 419 633 651 679 769 1465
880 358 454 477 484 496 497 832 950 1139 1387
948 1435
959 309 563 1499
1439 173 401 579 1016 1062 1124 1264 1469
102 118 348 499 727
118 1227 1371
348 502 587 609 874 896 1093 1098 1179
499 803 1124
727 653 1013 1096
103 193 641 1199 1282
193 1068 1369 1409 1488
641 247 383 663 1131 1222
1199 180 315 388 602 963
1282 184 205 317 849 1405
104 1015 1454
1015 150 321 463 654 1031 1124 1170 1301 1381 1396 1443
1454 1028 1086 1148 1420
123 237 492 668 1451
158 669 691 944
526
800 172 331 1039 1371 1372
1096 133 173 190 198 1140 1218
1148 661 668 997 1329 1451
1183 352 383 674 690 954
217 182 342 783 1077
448 184 841 1447
473 470 664 755 884 962 1067 1306
1084 319 383 534
1310 166 689
825 185 439 939 1396
653 248 789
688 185 690 730 1273
1109 472 530 661 758 1414 1495
109 884 1061 1064 1163
884 1058 1257
1061 228 823 1358 1373
1064 324 1177 1499
1163 440 779
245 126 201 673 1117 1419
317 830
1302 542 1387
1308 313 397 417 433 837 1155 1386
112 1016
1016 167 984 1196
133 443
530 319 1038 1139
548 114 342 401 634 810 872 1039 1098
732 284 767 836 998 1155 1435 1477
114 422 453 700 759
422 486 654 897 984 995
453 390 789 926 1162
700 201 433 609 695 1090
759 707 896 1185 1440
126 484
129 150 271 312 863 882 1440 1470
153 301 514 1164 1194 1396 1461
492 192 403 817 1013 1232 1273 1495
511 149 219 396 611 995 1385 1409
1385 454 572 668 721 951 1192 1303 1413 1423
1387 149 172 907 946
147 383 602 890 908 944 1090 1093
758 149 204 249 783 843 971
963 476
1124 449 832 1386 1488
1159 159 443 503 563 602 1039 1485
1381 125 394 551 630 834 841 958 1414
1227 315 478 669 672 817 841 844 1130 1177 1296
1371 237 249 553 872 1289 1299
784 180 300 553 667 1067 1218
954 464 506 938 1039 1256
1212 577 851 1469
122 467 852
192 691 985
358 276 445 573 768 1100 1491
697 431 730 874 956 1013
1246 316 673 806 1220 1478
1456 174 295 437 470 625 666 960 1058
1255 413 501 815 1264 1498
467 166 310 721 998 1410
852 417 721 1131 1393
237 663
668 454 551 988
1451 579 1464
321 159 403 572 965 1047 1231 1273
459 228 703 896 1036
482 652 863 1066 1295
610 199 433 486 594 1303 1479
612 343 413 510 617 1491
663 165 1223
711 829 938 951 1382
815 696 837 1413
1270 190 323 652
125 312 483 717 1455 1487
312 304 403 433 747 1226 1328 1382
483 222 1003 1488 1490 1494
717 344 768 771 1322
1455 774 1423 1469
1487 488 1194
484 204 266 1466
721 304 687 733 934 1366 1494
930 496 908 1273 1360
1100 388 419 1047 1066
1419 486 611 1289
128 360 693 908 1080 1139 1251
360 306 386 388 425 493 498 995 1067
693 319 1192 1358 1428
908 271 419
1080 591 921 936
1139 313
1251 730 809 1363
150
271 810
863 228 279 403 1177 1186
882 907 1465
1440 472 501 767 1006 1067 1112 1153 1194 1220 1356 1497
1470 399 707 950
207 338 478 486 525 1088
1130 197 295 585 1390 1435
1370 802 1218
519 308 761 1424
597 531 664 1101 1273 1488
1406 182 767 830 939
167 1494
594 472
768 498 581 1117 1217 1469
881 265 521 664
900 219 356 515 695 965 1151
443 535 896 1004 1123 1299
599 388 440 573 667 817
792 621 695 771 1040
989 367 501 598 600 1091
1237 149 1229 1424 1447
1247 589 824 1062 1093
1323 233 338 388 591 1039
452 313
1358 304 572 681
136 578 581 631 687 854
578 195 390 971 1033 1274 1469
581 440 477 837 1187 1428
631 1409
687 281 844 1488
854 579 1013 1257
197 833 1077 1150 1417
718 376 690 832 1123 1175
990 654 830 1263
1314 319 830 1267 1274 1481
388 383 1067 1123 1218
506 440 897 1039 1231
988 263 284 413 1438
1031 447 591 634
1483 493 604 772 1459 1491
139 414 730 806 1062 1115 1175 1179
414 803 871 1414
730 276 361 926 1464
806 572 1098
1062 157 279 315 445 995
1115 401 1207 1226 1372 1399
1175 210 319 515 667 1101 1166 1192 1352
1179 496 834 1233
1257 454
1322 533 585 1003
1414 1039 1045
267 652 677 837 1274
310 636 690 810 1479
412 454 733 849 1363 1372 1382
457 386 476 695 771 1299 1498
654 323 376 837 939 984 1497
679 257 315 403 750 769 896 1101
1256 249 478 928 1217
1150 488 572 928 938 1369
1164 557 606 1017 1396
157 172 316 431
1469 1489 1498
308 838
440 830 934 1126
984 180
1047 244 604 791 870 1086 1143 1413
439 497 703 821 997 1110
681 320 600 636
810 306 386 425 433 1117 1267 1498
896 337 958 1230 1232
950 316 691 926 1228
951 556 997 1396
1186 228 419 779 819 871
383 980
602 621 980 1077
890 163 322 324 691 823 1423 1481
944 315 470 587 1372 1416
1090 428 860 1066 1356 1423
1093
295 621 772 1131
343 176
417 172 874 1466
664 180 315 549 761 1428 1478
774 598 802 836 956 1283
928 342 535 1136 1263
1223 579 747 1058 1410
1399 324 431 834 1155 1328 1366
149 476 573 997
476 205 634 1258
573 462 533 981 1394
997 502 771 786 914
152
301 874 1281 1328 1490
514 176 419 939 1028 1281
1194 502 843 934 980
1396 222 338 591 965 1086 1336 1382 1478
1461 159 1067 1301
611 493 559 1187 1369
342 956 986
445 803 831 1465
396 398 619
441 235 621 1143
172 870 936 1394
316 199 539 621
431 352 842 868
669
691 403 956
159 533 703 821 1233 1301 1328
533 313 1099 1151 1372
703 163 428 531 535 1074
821 462 549 588 755 761 921 998
1233 204 630
1301 279 535 549 617 621 1155 1410
1328 1386
322 206 477
1088 464
1258 315 367 965 1068 1390
1491 503 667 1012 1264
674
1101 263 361 842
574 747 846
1369 219 399 747 803 1066 1299
163
525 406 498 1499
165 199 816
199 695
816 572 801
166 832 889 1112 1382
832 309 591 1006
889 315 1281
1112 391 661 794 851
1382 279 361 678 1068
1494 579 1153 1229
501 630 842 1252
1336 707 769 772 1117 1140 1187 1356 1471
324 213 549 849 1405
437
636 675 801
1091 1136 1143 1162
315 1287 1498
819 701 831
1123 202 649 936 981
176 486 824
190
201 824
205 1342
213 386 609
350 479 1001 1299
563 1349
979 672 1465 1498
1339 609 747 1295 1410
870 477 696 1045
936 228 871 1386
1394 1040 1153
173 428 633 1117 1424
428 621 999 1077 1079
633 485 585 634
1117 956
1424 463 464 630 652 1438
174 263 733 1033
263 572 803
733 375
1033
510 265 572 761 962 967 1435
486 498 585 789 934 1379
824 488 725 831 1464
281 244 257
843 320 598 1074 1363
1006 849
1485 233 1173 1264
247 202 284
180 794
794 1226 1443
376 1283 1495
591 652 1471
1153 652 1177
182 553 1045
553 1295 1329
1045 206 535 556 791 1001
333 228 361 619 649 921 956 1143
493 577 652
184 521 786
521 695 1296
786 707 967
185 276
276 497 911
502 790 938 1410
331 515 829 1003 1017
425 1185 1267
801 831 914 1267 1368
874
1429 338 1478 1495
1497 761 1038
241 419
304 323 661
515 1488
1495 309 667 934
985 403 1004 1360
1068 621 911 1465
1409 1299 1477
1488 1342 1423
579 323
823 352
999 838 1230 1342 1373
195 253 542 619 1136 1230
253 235 755 1417
542 323 572 1207 1289 1295 1416
619 604 695 696 783 1074
1136 557 1231
1230 841 1273 1490
495 871 1170
844 836 1281 1363
833 555 1299 1464
1077 361 488 1058 1222 1498
1417 1017
198 210 836 1110
210 255 725 1143 1217 1457
836
1110 1303
695 284 531
356 903 1366 1475
367 479 938 1151 1263 1410
1360 399 755 789 998 1155
1477 1263 1377
202
337 946
401
204 701 1296
701 244
1296 767 1074
1342 206 986 1479
206 361 838 981 1067
361
838 652 803
981 235 789 1373 1435
1067 249 600 661
338 577
478
255 915
725 551 789
1143 960 1475
1217 1131 1157 1228 1299
1457 233 266 496 907
556 323 391 673
600 1416
1281 557 1386
386 375 1017 1267
609 319
228 1478
320 319 551 617
1413 1028
1420 463
783
375 413 419 809 903 922 998 1287 1295
651 248 496 842 1001 1155
1097 463 1028
219 449 802
449 470 1170 1356
802 344 649 960
634 621 830
868 1393
1111 406 454 652 1079
235 265 617 962
222 313 549 625 1379
313
549 598
625
1379 707 1157
589 767 1423
1003
1140 249 769 946 1471
391 911
1478 849 1038
678 463 779
761 673 817
841 1017
1229 539 617
1373 1231
1490 1441
419 585 1098 1196
503 926 1079 1207 1489
1263 555 749
588 403 496 922 980 1126 1185
1162 767 772 1098
233
557
911 1289 1471
265
617 604
962 1459
488 860
551 244 1366
454 1366
995
1222 649
1464 464 577 677 1329
279 772 872
244 319 830 1177
319 398 539
830
1177 406 497
673 831 1178
910 1363
284 300 403 915
248 1170 1416 1471
1170 257 1157
1416 577 1498
1471 1274
249
690
837 1066
1017 829 872
755
938 406 1099
1126 1187 1475
1306 572
915
462 986
986
257 344 390
344 535 872 1479
390 817
306 661 1441 1479
1196 675 750
1441 606 1356
1386 671 858 1036
416 667 1303
585 871
1001 1443
464 965
1201 497 1013
572 871 1036 1377
803 1390
266 858
858 1390
652 1393
677
1274 380 672
397 971 1218
666
1252 559 1459
967
1459
399 772
1479 831
749 447
939
394 661
403
671 1299
851 809
1157 485 750
497 661 675 1012
1155 779 1264 1435
1372
842 708 1178
772 577 598
872 477 577 829 871 965 971
829 1499
1012 1303 1428
1058
496
1356 559
300
661
790
707 604
463
621 907
1131 1366
405
472 535
907 960
958
980 1466
323 1226
1079 649
309 604
604 1303
433 809
747
1226 1232
1287 1443
1498 1039 1074 1232
539 1004
675
398
965 606
1231
1273
477 1262
849 708 903
1405 769
498 1499
1466 1289
535
555 834 1489
587
750
1098
1151 559 767 1166
1299
649
921
956 1030
1166 598
1368 860 1185
834
946 1499
577 380
1232
1348
809
1393 479
479
352 831
831 689 1481
1438
1443
903
1366
1475 960
1435
1465
926
708 1030
1410
1220
1038 779
559
1289
413 1192
922 960
998
1295 1066 1390 1447
1283 1303 1428
1187 1264
1099
380
1192 1228
1267 1036
1218
672
1390 1423
817 914 1352
689
971
485
406
934
1363
871 1036
1428
667
1303
897
1185
1447
767 1481
1499
598 1264
1004
1423
960
447
470 860
1013
1036
789
771 696
1086
860
1262
1207
1066
1039
1028
630
1489
606
769
846
779
531
534
1228
1329
791
1352
1074
1349
1377
1264
696
1178
1481
1030
1040
828
914
1173
