0 19 61 167 286 339 563 800 1080 1257 1367
19 341 431 626 833 946 1404
61 23 269 275 384 473 488 513 519 542 658 996 1193 1231 1307 1319 1383 1396 1415 1488
167 73 90 176 894
286 150 307 332 345 689 880 1422 1423 1490
339 5 379 472 538 729 740 781 1056 1116 1212 1224
563 42 80 210 283 382 441 493 698 1165 1234
800 287 293 412 508 764 1059
1080 62 65 215 488 573 847 955 1133
1257 96 163 404 548 745 752 1078 1112 1171 1322
1367 237 399 426 910 937 1017 1045 1258 1485
1 473 517 963 1011 1017 1026 1074 1287 1387
473 451 512 518 666 772 1165 1397
517 105 124 380 582 607 764 830 864 1096 1203 1336
963 560 601 625 680 1375 1449
1011 765 1010 1119 1264 1396
1017 241 626 658 756 772 1425
1026 74 137 183 525 1012 1072 1117 1195 1320 1441 1475
1074 1008 1201 1332
1287 82 94 204 384 419 554 621 947 987 1018 1038 1067 1092 1127 1475
1387 406 490 677 905 1015 1098 1123 1130 1302 1415
2 39 269 408 596 779 1082 1100 1281 1462 1487
39 3 178 376 526 1025 1030 1116 1186 1449
269 95 100 657 883 1094 1246 1398
408 21 97 99 124 179 275 280 426 487 740 754 923 1044 1127 1268 1380 1384 1465 1473
596 297 367 370 424 456 458 701 832 972 1029 1171 1305
779 51 80 421 721 790 1362 1452 1453 1463
1082 110 131 139 263 400 735 790 972 1170 1252 1379 1410 1466
1100 109 127 144 387 462 476 526 691 892 1094 1290 1413
1281 35 222 263 649 673 751 1035 1056 1351 1398
1462 84 141 496 585 586 639 754 850 900 1058 1198 1497
1487 109 136 303 322 660 665 685 753 844 1164 1437
3 196 333 466 470 667 921 932 976 1061 1204 1268 1375 1470
196 68 71 79 86 319 452 575 655 661 1003 1116 1195 1208
333 14 56 572 1008 1104 1264
466 260 367 610 685 952 1150
470 59 181 413 662 826 1189 1192
667 130 449 506 691 880 906 944 962 1063 1186 1429 1469
921 134 137 282 384 506 647 1376 1386
932 41 81 145 177 179 228 509 522 863 1022 1095 1365 1443
976 161 438 504 523 534 597 624 641 903 1288 1353 1377
1061 37 275 350 417 479 494 979 1012 1400 1408 1410
1204 506 615 871 1039 1091 1146 1244 1254 1297 1305 1357
1268 129 179 193 312 448 828 884 920 1302
1375 143 183 294 391 474 570 604 758 820 845 869 880 1060 1155 1201 1455
1470 51 284 864 960 1250 1471
4 353 405 522 691 863 895 1069 1259 1406 1409 1497
353 91 279 576 632 785 815 1270
405 153 159 204 224 393 460 465 582 678 999 1120 1477
522 154 241 416 422 537 576 908 918 1350 1380 1423 1474
691 323 334 445 573 602 659 876 1147 1289 1474
863 113 120 198 249 1282 1345 1394 1400
895 44 526 1075 1096 1157 1260 1305 1349 1365 1493
1069 273 316 724 853 915 994 1261 1456 1498
1259 156 176 255 262 321 614 761 1181 1341 1495
1406 23 171 531 598 714 1052 1260 1342
1409 18 205 414 513 645 719 1183 1249 1397
1497 25 416 583 767 844 1022 1129 1493
5 27 210 320 415 546 1019 1067 1086 1176 1246 1283 1303 1402
27 187 447 487 557 665 743 892 910 914 1344 1405 1469
210 395 416 500 567 663 774 823 888 894
320 124 659 847 935 1127 1243 1477
415 68 75 205 253 312 446 518 706 828 894 931 1092
546 106 364 509 628 706 1013 1467
1019 88 259 303 426 540 614 984 1091 1333 1408
1067 136 362 560 1210 1349 1461
1086 285 565 874 1016 1029 1084 1344 1355
1176 25 159 241 481 490 636 728 982 1303 1398 1471
1246 92 616 632 708 737 1018 1044 1335 1436
1283 186 237 346 578 582 604 1087 1232 1380 1488
1303 111 146 177 486 654 1205 1346 1389 1499
1402 148 149 328 379 471 689 790 864 1063 1191 1249 1335
6 199 275 447 450 583 594 629 743 845 944 975 977 1418 1422
199 315 373 905 1149 1212 1386
275 266 561 882 919 973 1030
447 376 499 951 1258 1394 1443
450 226 259 348 382 436 610 846 1097 1309 1408 1456
583 309 615 761 896 911 1013 1112 1219 1491
594 94 120 189 234 354 526 778 1092 1164 1170 1194 1215 1266 1346
629 84 145 317 480 1127 1136 1137 1236 1307 1345
743 149 245 261 322 475 487 544 589 622 980 1043 1116 1156 1230 1272 1350
845 78 237 307 587 769
944 292 403 426 476 609 762 806 812 818 916 947 1203
975 151 386 612 948 1127 1301 1320 1358
977 26 390 439 1136 1167 1179
1418 122 131 254 437 658 864 1004 1063 1144
1422 336 478 545 595 1004 1044 1047 1097 1195 1311 1332 1388 1407 1411
7 63 112 489 498 502 589 628 665 705 909 1089 1112 1210
63 309 318 356 397 399 497 552 611 886 1023 1193 1413
112 179 373 455 506 539 878 928 984 994 1048 1299
489 23 148 279 406 554 590 698 1186 1329 1405
498 295 306 751 890 1131 1233 1244
502 34 65 177 370 430 537 602 628 793 916 1156 1233 1238 1249
589 33 50 510 536 568 631 735 770 810 896 1244 1380 1383
628 151 213 237 330 483 541 581 758 769 813 945 978 1102 1490
665 129 485 770 817 1064 1187
705 85 380 547 585 611 733 814 851 966 969 978 1108 1128 1186 1335 1437 1465
909 104 506 1210
1089 707 803 843 1115 1146 1309 1335 1407
1112 104 467 796 933 1235 1345
1210 99 203 592 624 794 853 872 1048 1407
8 609 644 798 810 987
609 394 454 523 666 747 840 1034 1188 1198
644 43 87 149 369 925 1024 1051 1132 1272 1366
798 17 213 272 293 363 435 597 898 904 1152
810 694 773 827 1358 1485
987 115 197 577 923 930 1475
9 59 171 292 531 902 1055 1093 1154 1172 1260 1329 1342 1453
59 71 149 671 807 848 962 1009 1093 1185 1450 1456 1488 1493
171 396 671 700 1107 1160 1382
292 189 330 499 653 707 713 988 1040 1205 1357
531 35 216 237 553 816 854 1009 1302 1307 1373 1393 1467
902 560 762 777 815 875 1110 1292 1319
1055 20 337 400 569 1446
1093 28 161 335 858 966 1049 1054 1160 1444
1154 57 84 251 310 419 529 694 757 969 1299 1357
1172 533 659 806 868
1260 120 138 175 179 180 267 551 760 833 1045 1149 1186 1191 1254
1329 169 474 597 662 927 1261 1280 1324 1475
1342 187 248 707 713 715 1036 1160 1379
1453 186 298 308 345 350 535 634 875 994 1077 1136 1317 1323 1457 1474
10 44 1018 1152
44 258 721 756 775 782 896
1018 90 111 430 507 801 1243 1277 1280 1345
1152 97 389 468 513 706
11 26 508 878 905 960 1040 1070
26 79 462 478 540 823 984 1429
508 14 25 51 130 173 390 1050 1185 1319 1405 1447
878 50 994 1081 1421
905 45 56 153 218 315 548 597 664 803 875 989 1091 1104 1305
960 138 141 172 307 356 536 767 786 1068 1395
1040 140 280 332 608 642 753 964 1451
1070 51 77 342 458 630 690 805 900 1022 1064 1171 1182 1217 1292 1408 1438
12 57 113 237 241 243 490 585 586 606 707 719 777 949 1125
57 262 706 1173 1251 1324 1425
113 239 256 341 584 615 738 1455
237 204 295 352 367 412 549 569 836 1037 1380
241 35 613 1005 1200 1316 1338
243 244 859 954 996 1035 1039 1323 1388 1433 1456
490 83 99 155 294 566 956 1202 1229
585 218 595 613 864 872 1012 1124 1139
586 108 221 224 496 712 835 1087 1320
606 650 751 1273 1319 1356 1479
707 15 100 307 317 675 789 879 939 1046 1059 1118 1180 1449
719 24 42 85 90 138 445 474 538 595 720 943 1072 1316 1368 1382 1385 1392 1478 1482
777 34 137 679 740 992 1097 1148 1446 1451
949 368 444 510 745 823 842 1092 1095 1159 1398
1125 42 98 640 737 881 983 1158 1189
13 68 262 263 310 336 375 431 741 775 824 862 995 1091 1201
68 33 123 352 363 950 958 993 1270 1288
262 208 436 480 487 1108 1202 1239 1399
263 103 207 283 449 456 599 625 828 1258 1291 1295 1440 1481
310 138 180 309 325 607 631 928 968 973 1381 1440 1446
336 127 683 855 1097 1123 1247 1361
375 173 366 483 504 529 669 695 1087 1261
431 40 225 500 528 640 649 657 792 940 1083 1167 1178
741 103 174 359 600 638 1131 1166
775 122 352 621 738 886 894 1015 1416
824 285 357 808 1244 1421 1430
862 64 277 788 872 882 1175 1311
995 75 82 577 732 793 808 966 1004 1087 1104 1238 1335 1421
1091 419 603 630 751 856 872 904 979 993 1149 1156 1217 1320 1355 1374
1201 140 274 525 836 1132 1251
14 31 111 153 244 309 387 484 612 626 873 887 981 1047 1087 1231 1359 1445
31 189 203 282 349 535 539 1340 1399
111 18 73 81 135 299 370 1121 1208 1221
153 40 101 484 503 527 636 911 984 1179 1181 1256 1278 1464
244 184 418 533 545 732 762 782 1045 1122 1324 1366
309 147 217 253 318 348 420 1140 1151 1397 1424 1458
387 148 198 312 390 527 538 590 687 736 1231 1344
484 170 359 366 429 557 782 959 1073 1178 1312 1348
612 77 223 401 636 764 911 1058 1160
626 444 571 579 613 654 708 835 866 964 967
873 40 247 256 569 627 846 1024
887 123 391 445 631 663 704 738 1003 1192 1386 1461 1488
981 89 251 370 507 570 694 695 774 1103 1186 1363 1399
1047 94 442 552 712 792 889 1160 1310 1440
1087 568 854 1044 1161 1170 1193 1269 1334
1231 194 364 386 400 424 527 682 937 1190
1359 360 426 658 666 870 991 1023 1206 1288 1318 1328
1445 22 43 46 211 482 622 991 1068 1106 1275 1430
15 240 324 820 865 948 1045 1203 1270
240 162 177 222 239 323 537 568 580 592 599 679 1030 1195 1371 1478
324 296 430 534 553 634 834 1024 1062 1290 1348 1392
820 48 179 496 530 671 702 771 906 1044 1279 1358 1498
865 436 518 836 1393 1394
948 598 789 848 1075 1278 1296 1480
1045 42 247 410 565 631 716 940 1191 1222 1277 1294
1203 29 181 488 723 1219 1229 1253
1270 298 362 438 694 1148 1151 1361 1400
16 173 413 964 1090 1240 1333
173 22 72 872 1105 1262 1288 1389
413 35 124 550 853 935 1068 1215
964 53 73 99 184 406 581 784 815
1090 43 625 833 839 883 996 1146 1318
1240 127 128 159 330 1160 1396
1333 329 453 618 724 733 738 955 1084 1181 1277 1316
17 504 930 935 947 1014 1081 1114 1179
504 45 207 245 299 384 486 733 1313 1378 1421
930 123 298 412 527 938 1158 1492
935 95 287 658 793 1207 1278 1424 1492
947 351 959 1302 1372 1420
1014 165 233 494 827 967 1177 1229
1081 152 203 282 638 680 695 770 778 819 839 1142 1267 1313
1114 155 821 883 1174 1200 1237 1393
1179 785 1182 1193 1394
18 66 71 140 192 236 782 1181 1207 1476
66 144 231 925 1004 1313 1408 1428 1483
71 206 343 540 825 1417
140 139 203 295 364 461 574 636 659 808 1183 1236 1252 1412 1458
192 717 967 1051 1250 1345 1360
236 88 361 391 1004 1015 1273 1354 1397 1490
782 126 177 488 570 1039 1099
1181 195 228 540 601 714 823 897 933 1102 1290 1412
1207 38 169 197 207 311 826 920 1094 1161
1476 23 143 233 340 536 603 668 1127
341 52 204 542 858 927 973 1053 1491
833 297 530 1064 1289 1343 1498
946 467 494 792 1010 1153 1193
1404 147 434 518 529 735 856 1128
20 115 362 369 679 755 855 978 989 1048 1077 1208
115 469 545 876 1187
362 135 299 311 492 615 677 738 897 1132 1304
369 75 94 180 256 603 790 1233 1377
679 516 621 1032 1119 1238 1415 1463
755 428 842 917 1030 1277 1327 1395
855 134 283 344 404 524 670 703 1010 1131 1296
978 89 656 663 875 920 945 1013 1056
989 191 344 444 556 894 1211
1048 30 1131 1258 1274 1419 1468
1077 174 252 273 302 520 598 1102 1344 1383 1495
1208 81 268 370 458 539 664 1109 1233
21 134 356 398 520 714 886 1094 1337 1358 1394
134 271 335 451 507 1284 1439
356 370 379 480 634 694 706 760 891 962
398 49 280 731 831 1225 1420 1432
520 116 165 282 394 442 636 776 881 1341
714 67 212 218 547 623 648 803 821 1085 1233
886 72 142 661 997 1317
1094 856 890 1194 1235 1318 1344 1370 1381 1398
1337 197 300 383 633 926 1085 1169 1274
1358 114 329 552 592 610 827 994 1036 1464
1394 78 234 274 335 401 634 647 898 1085 1366
22 157 201 272 421 442 518 576 584 598 793 851 1056 1258 1465
157 81 97 430 970 1024 1382 1408
201 60 313 406 439 515 647 1293
272 206 224 284 327 710 1109 1438
421 139 278 379 459 640 663 926 1054 1068 1214 1339 1437
442 394 397 482 560 847 870 931 1046 1190 1224 1279 1284 1379
518 323 443 523 544 582 615 649 685 1053 1131 1236 1318
576 87 168 287 305 559 957 1031 1165 1255 1327 1477 1486
584 33 290 627 686 1049 1148 1211
598 48 274 461 501 549 1218
793 87 306 322 364 859 861 1130 1252 1442
851 175 254 827 908 1314 1400 1427
1056 397 658 1223 1346 1405
1258 123 469 639 651 699 785 1192
1465 235 467 578 919 999 1117 1192
23 249 969 1022 1097 1446 1468
249 24 162 317 557 650 660 664 1350
969 103 182 410 463 857 961 1133 1145 1175 1338
1022 33 258 261 274 372 536 728 1035 1108 1263 1400
1097 316 579 620 790 870 1096 1340 1492
1446 452 694 916 997 1024 1160 1192 1377 1393 1459
1468 170 229 1315
24 164 500 561 1215
164 259 351 355 891 1049 1066 1457
500 516 640 951 1144 1381
561 285 331 406 451 650 841 928 1132 1147 1148
1215 42 150 638 672 801
25 29 197 256 354 513 1032 1197 1382
29 103 1235
197 267 549 602 651 784 993
256 78 116 337 432 617 933 1062 1206
354 230 316 371 429 566 695 999 1036 1435 1449
513 488 555 620 754 864 954
1032 110 239 247 331 790 1000 1436 1488
1197 577 914 939 1351
1382 418 607 728 970 1101
79 277 395 455 720 919 943 1126 1153 1299
462 595 762 825 1110 1175 1196 1267
478 94 343 394 403 444 524 548 647 912 1213 1482
540 303 395 449 674
823 290 510 568 660 678 796 954 1037 1265 1292
984 131 1109 1327 1419
1429 186 206 493 695 856 1006 1212 1236
187 127 223 299 876 925 970 1151 1243
487 207 720 918 1275 1276 1293 1318
557 222 250 578 789 966 1135
892 209 340 417 426 565 622 668 857 1166 1479
910 198 427 908 962 1264 1292 1386
914 45 288 304 385 545 677 791 1075
1344 542 1068 1276 1305
1405 205 371 807 872 1133
1469 1135
28 380 538 808 955
380 33 47 122 301 592 673 1183 1185 1448
538 289 552 821
808 95 282 434 634 653 807 996 1332 1338 1352 1491
955 64 77 93 828 870 1004 1037 1390
103 109 126 318 344 505 708 817 869 943 1188 1254 1461 1494
1235 202 284 327 521 527 752 1027 1206 1289 1315 1435 1475
30 386 541 571 592
386 72 346 365 434 488 647 1118 1403
541 188 202 384 548 676 899 965 1262 1414
571 222 1212 1328 1360
592 52 145 393 625 853 1058 1317 1477
189 33 88 203 485 1042 1408
203 46 55 437 597 617 703 920 957 1354
282 316 604 614 733 1371
349 84 706 799 812 875 1148 1483
535 453 636 680 835 906 943 1106 1222 1399
539 98 165 245 378 499 545 915 1109 1202 1236 1457 1493
1340 332 463 1352 1479
1399 78 331 468 553 678 689 812 1102 1120
32 410 474 723 894 1275 1296 1389
410 277 457 760 1078 1173 1341 1498
474 89 118 251 297 300 554 654 699 860 1261 1265 1458
723 151 265 294 323 373 389 445 885 1338 1341 1435 1472
894 659 1479
1275 219 587 619 720 781 815 893 904 1141 1214 1355
1296 52 118 434 703 789 864 881 1042 1438
1389 91 266 296 388 428 1008 1177
33 231 295 344 521 570 684 980 1243 1417
231 55 534 640 1053 1386
295 35 93 139 152 652 876 907 1455
344 91 143 216 247 360 368 374 426 1205 1489
521 370 730 763 1059 1347 1434
570 45 47 77 385 397 527 1323 1401 1408
684 165 193 221 424 760 1099 1156 1478
980 198 879 1146 1229 1252 1277 1416
1243 756 760 763 771 825 841 868 954 1004 1031 1106 1232 1251
1417 54 56 239 252 306 366 422 440 610 632 675 760 1267 1277 1412 1482
34 76 179 181 469 544 758 874 889 1228 1373 1450
76 453 654 745 1052
179 248 630 657 690 1041 1205
181 100 423 467 939 1001 1153 1306 1495
469 426 429 768 906 1015 1411
544 42 149 1044 1294 1311 1411
758 130 382 402 459 816 1015 1027 1263 1388
874 693 791 912 1146
889 129 165 250 281 503 587 1219 1379
1228 38 222 459 631 835 1136 1250
1373 90 131 165 205 377 418 434 533 744 759 951 1058 1317 1320 1496
1450 127 359 367 432 881 882 1115 1140
35 100 180 376 698 822 846 898 965 1108 1113 1146 1198
100 418 671 695 979 1456
180 182 385 781 1202 1223 1348
376 144 904 1146
698 126 154 195 217 285 311 437 556 611 906 929 1325 1426
822 255 388 623 634 718 1124
846 315 577 869 1035 1284
898 75 127 242 426 568 672 749 883
965 49 198 267 371 457 1107 1173
1108 308 1085 1460
1113 117 251 693 720 1084 1400 1499
1146 416 482 837 1016 1054 1157 1223 1435
1198 122 198 280 683 853 961 1141 1213 1498
36 121 141 528 590 1043
121 96 332 370 392 406 414 499 712 748 854 868 1072 1200 1442
141 443 662 988
528 480 742 747 1190 1354 1384
590 151 407 1234 1361 1398
1043 53 94 232 451 663 962 1336
37 55 425 432 603 642 934 991 1006 1217 1221 1345
55 65 220 417 537 552 728 1073 1295
425 162 360 422 1173 1220 1225 1315
432 47 137 527 651 868 942 1212 1289
603 283 680 745 1122 1491
642 215 772 1064 1277 1299
934 119 126 552 1294
991 155 436 456 588 1102 1169 1200 1393 1423
1006 228 519 1000 1110 1408 1411
1217 307 403 582 717 766 871 908 985 1054 1273 1482
1221 128 233 370 439 461 568 708 795 869 999 1209 1245
1345 152 258 300 552 951 1141
38 382 536 840 1092 1185 1322 1326
382 95 215 234 334 458 651 710 754 877 936 1007 1092 1292
536 150 242 308 420 454 465 638 703 757 778 1107
840 51 400 467 486 523 621 790 923 1117 1288
1092 135 151 343 712 752 925 1130 1169 1416 1437
1185 51 91 289 641 666 835 927 1051 1310 1457
1322 122 355 708 1150 1378
1326 494 639 857 1123 1368 1407
178 118 297 371 379 406 414 486 711 1224
526 142 300 399 417 445 455 635 639 1099 1348 1407
1025 170 273 686 744 936 1278 1377
1030 69 899 941 1000 1122 1199 1241
1116 883 1037 1072 1168 1169 1190 1380
1186 524 763 1075 1084
1449 86 534 875 919 1284
40 318 359 1003 1122 1159 1338
318 160 351 427 468 632 770 807 819 962 1315 1354 1386
359 160 476 553 682 1148
1003 85 552 716 742 1079 1166
1122 107 401 587 844 854 1124 1211
1159 409 524 1004 1223 1242 1397 1460 1463
1338 101 258 265 313 529 666 729 880 1157 1220
41 155 326 403 646 761 841 1127
155 42 136 512 792 1398 1424
326 52 133 148 411 420 888 996 1396 1410
403 434 547 1202 1298 1482
646 305 327 494 512 529 595 751 1285
761 58 367 676 847 1101 1161
841 332 577 623 685 731 1052 1323 1415
1127 129 131 175 235 974 1075 1140 1200
42 45 422 572 680 1191 1379 1464
45 560 1004 1302 1433
422 1157 1314
572 323 443 1104 1182 1366 1379 1413
680 218 290 305 383 435 529 550 588 706 988 1307
1191 385 673 720 1102 1175 1298
1379 317 464 575 643 791 868 1036 1289 1309
1464 46 305 393 632 827 877 1310 1456
43 48 56 175 206 219 294 799 836 941
48 95 929 1075
56 452 952 1042 1095 1253 1316
175 215 232 434 501 516 666 750 1472
206 730 802 870 928 1224 1482
219 542 627 763 861 940 1155 1320 1353
294 99 368 656 739 1013 1412 1433 1437
799 47 253 288 306 388 593 957 1457
836 304 365 512 523 565 1266 1410 1494
941 166 288 453
258 122 222 396 619 673 711 754 859 992 994 1007 1023 1034 1083 1193 1319 1489
721 86 438 641 666 1044 1324
756 276 601 915 1111 1175
896 62 106 195 604 634 1218
560 222 281 397 738 1192 1330 1461
1004 46 73 96 110 529 1120 1213 1423
1302 116 285 573 578 687 868 884 1096
1433 245 441 492 702 1161 1212 1308
46 200 476 602 826 1143 1153 1467
200 876 1109 1377 1380 1390 1398 1415
476 105 365 618 726 861 1024 1202 1267
602 183 216 436 899 1346 1371
826 84 198 332 507 1451
1143 53 154 221 332 512 1166 1195 1324 1431 1477
1153 496 768 1475
1467 124 428 472 610 715 1173 1383
47 307 360 620 776 982 1107 1414
307 204 213 393 412 682 768 913
360 185 945 1161 1357 1362 1426
620 142 615 750 1101
776 81 146 191 677 704 1013 1205 1335
982 267 299 918 933 1084 1106 1200
1107 93 261 452 677 708 712 744 884 1123 1343
1414 60 107 407 1300 1391
95 225 267 299 394 485 507 754 771 1224 1401 1440
929 706 757 1015 1448
1075 404 1008 1105 1117
49 233 495 835 903 1118 1148 1334 1461
233 216 270 809 1133 1192 1241
495 330 439 578 765 904 942 998 1099 1115 1237
835 773 916
903 108 125 807 872 1230 1264 1315 1400 1423
1118 185 281 493 499 616 859 996 1016 1436
1148 148 159 623 817 890 990 1168 1343 1353
1334 152 342 497 704 788 1184 1267 1309 1474
1461 195 429 455 472 578 1136 1168 1336 1354 1459
50 907 937
907 346 688 1008 1098 1136 1230 1363 1393 1443
937 126 246 250 389 400 569 669 675 919 973 999 1311 1420 1435
51 519 682 897 933 1213 1437 1451 1483
519 388 672 745 1244 1280 1380 1481
682 591 614 882 1381
897 270 305 331 352 461 753 791 797 848 927 928 1361
933 86 194 348 388 733 1071 1085 1166 1212 1222 1321 1332
1213 214 420 630 717 1073 1245 1350
1437 214 391 630 854 1050 1254
1451 91 426 427 706 797 1160 1170
1483 211 229 346 640 694 724 730 1134 1175
52 108 778 951 1155 1163 1391 1439
108 78 918
778 64 460 600 681 821 1015 1238 1276
951 537 554 555 593 1123 1289
1155 245 246 486 597 662 700 958 1226
1163 70 90 106 130 420 843 891
1391 125 255 338 350 575 815 1053 1378
1439 97 146 264 358 499 694 819 920 939 945 986 990
53 302 315 683 1079 1183 1187 1377
302 260 340 392 566 664 724 763 882 1317 1369 1383
315 160 876 1224 1361 1463
683 381 872 876 1137 1157 1174 1227 1256 1261 1313
1079 218 736 819 931 1149 1220
1183 190 656 1393
1187 444 734 1317 1348 1380
1377 73 901
54 109 439 942 962 1013 1015 1052 1420
109 367 730 906 968 1317 1368
439 444 477 687 1049
942 268 293 804 872 1007 1036 1285 1401 1427
962 138 163 579 745 844 1190 1323
1013 316 639 663 972
1015 72 325 419 483 727 754 1033 1095 1247 1299 1427
1052 132 550 749 888 1160 1378
1420 119 162 287 328 613 1393 1427
65 300 417 537 559 567 577 771 773 815 923 1250 1304 1336
220 280 579 652 815 831 844 966
417 279 409 1138
537 91 184 216 250 468 503 574 579 624 672 838 1039
552 107 128 314 749 1072 1239 1274
728 106 911 1267 1269 1472
1073 512 1147 1161 1265 1415
1295 696 1000 1044 1206 1238 1331 1454
452 185 461 809 938 1134 1226
952 119 149 158 305 463 503 819 999 1222
1042 303 358 511 659 1200 1309
1095 493 532 787 1167
1253 208 647 700 739 966
1316 194 311 655 770 843 1156
706 154 724 999 1041 1175 1262
1173 308 374 640 1144 1292 1482
1251 150 283 633 870
1324 671
1425 207 229 397 638 819 856 1139 1288 1292 1493
58 402 458 492 1454
402 436 458 577 668 734 871 1117 1238
458 84 491 595 711 966 1182 1206 1230
492 159 640 812 928
1454 87 499 711 1261
149 101 252 859 936 1206 1388
671 214 374 427 449 516 632 717 771 891 925 1044 1219
807 86 475 613 954 1242 1392 1396
848 147 268 298 390 435 565 760 762 1036 1051 1282
1009 392 751 1194 1267
1456 640 1279 1496
1488 83 90 267 542 580 974 1351
1493 746 918 1117 1134 1234
60 305 448 637 762 1224 1323
305 377 434 764 768 1354
448 83 161 343 1104 1130 1229 1291
637 323 738 1066 1138 1218
762 208 234 477 545 701 739 957
1224 384 569 574 890
1323 449 919 1007 1083
384 139 215 285 332 849 911 1136 1190 1362
488 227 235 433 475 543 720 786 999 1265 1290
542 260 666 870 936 1364 1435
658 229 291 455 471 764 1301 1393 1479
996 80 477 1076 1139 1438
1193 332 456 649 1229 1290
1307 160 553 587 601 890 967 1273 1392
1319 467 604 739 827
1383 573 661 763 1050 1471
1396 304 391 558 765 926 943 1144 1241 1306 1374
1415 165 291 314 732 774 803 936
62 317 482 718 906 1157 1489
317 83 136 198 550 588 992 1126 1205
482 645 746 1138 1289 1458 1481 1482
718 183 834 1120 1491
906 98 116 177 358 559 582 925 1398
1157 453 729 788 916 1166 1248
1489 455 730 1130 1184 1411
397 205 285 306 383 400 593 631 702 877 1063 1300
399 107 497 694 880 1255 1372 1381
497 98 285 406 420 745 1236 1252 1447
611 215 635 720 1244 1395
1023 99 323 567 686 1123 1151 1206 1430
1413 289 509 656 749 821 1020 1304
64 293 739 787 805 928 1126 1245 1284 1473
293 225 267 367 573 624 753 1299 1393
739 1249 1473
787 159 224 308 577 1357
805 93 212 291 1195 1427
928 276 505 510 759 774 829 1141 1170 1365 1474
1126 127 234 323 562 827
1245 348 593 694 702 849 1430
1284 85 125 512 651 827 900 1381 1452
1473 183 212 298 343 1211 1496
300 144 266 893 931 1110
559 748 821 893 1177
567 271 395 486 511 533 784 825 857 871 1031 1365
577 186 214 623 668
771 211 866 1027 1267 1492
773 118 130 177 416 515 681 732 769 931 954 1147 1332
815 351 394 481 713 885 1001
923 132 371 849 854 920 1142 1300
1250 254 289 325 569 1252 1432
1304 93 104 158 274 545 812 891 953 1142 1239
1336 388 676 797 1386 1447
144 338 983 1120 1180
925 123 491 506 1063 1149 1292 1386
1313 638 1054 1441
1408 107 451 479 493 527 812 1447
1428 247 549 639 649 1165 1211 1300 1459
67 77 168 298 401 428 729 749 1161 1214
77 147 510 713 1035 1110 1305 1369
168 284 301 332 419 920 1054
298 74 118 176 409 1062 1219 1498
401 621 838 1001 1177 1237
428 96 150 242 340 556 710 1352
729 573 869 885 1117 1369 1482
749 132 392 515 534 645 677 938 999 1096
1161 304 347 780 785 1142 1365
1214 615 713 750 797 1248
123 524 911 1205 1222 1492
352 623 1279
363 177 195 209 481 702 943 1188
950 374 457 700 1062 1078 1085 1140 1255
958 313 461 649 678 816 1000
993 228 547 621 919 1101 1347 1370
1288 150 357 378 389 641 1110
69 731 872 1151
731 194 257 332 334 1058 1151 1352
872 792 797 1129 1139 1261 1266 1388 1481
1151 193 325 509 668 1156 1174 1264
70 208 216 565 1063 1132 1133
208 209 331 457 548 1046
216 78 116 234 257 475 819 1376 1419
565 289 511 716 1150 1177 1426
1063 129 139 247 378 636 737
1132 224 312 371 726 999 1318 1352
1133 252 368
343 316 885 1380
825 754 789 854 927 1411 1482
72 138 395 1180 1212 1314 1411
138 166 361 455 784 831 1098
395 154 438 616 621 753 927 1286 1480
1180 75 139 373 685 912 1178 1360
1212 957 990 1320
1314 84 266 290 455 545 882 1432
1411 551 566 672 827 849 972 973
73 328 481 710 917 1044 1105 1110 1309
328 119 351 435
481 118 227 332 366 391 467 659 695 1008 1099 1384
710 575 1068 1088
917 218 261 746 1168 1416 1434
1044 93 311 920 1189 1267 1273 1477
1105 651 795 901 1037 1131 1134 1426
1110 268 904 1053
1309 754 757 1222 1364 1407 1484
74 146 273 287 346 783 1494
146 94 383 621 638 770 829 1102 1109 1457
273 160 319 662 692 871
287 118 207 1211 1403
346 740 794 813 936 1049 1472
783 463 685 1271 1427
1494 480 657 957 1065 1139 1190 1272 1320
75 151 512 839 1427
151 883 1241 1444
512 90 154 202 271 523 812 994
839 313 556 1062 1280 1410
1427 84 505 610 849 1027 1124 1264
453 424 467 591 687 795 922 1021
654 114 289 999 1138
745 99 190 252 525 785 819 864 882
147 247 306 1128 1376
510 101 377 419 716 1219
713 190 545 595 780 870 908 1216 1298
1035 132
1305 366 418 446 506 676 1012 1041 1458
1369 209 330 459 566 1200
78 148 195 254 440 786
148 290 732 1123 1196
195 393 411 653 817 916 1205 1490
254 156 158 221 483 613 766 1012 1016 1272
440 279 374 744 837 1031 1182
786 105 480 607 649 1060 1098 1364 1474
277 280 491 1238 1341
455 290 688 737 748 1164
720 104 308 1317 1474
919 423 943 1121 1332 1486
943 194 633 857 1135
1299 97 209 338 992 1291 1315
80 152
152 230 367 389 647 686 747 998 1168 1310
81 145 265 630 672 802 856 1301
145 133 616 754 1162
265 82 137 427 530 687 715 1285 1376
630 278 332 461 558 562 695 1424 1485
672 444 496 733 735 1241 1455 1471
802 391 747 751 1012 1206 1434
856 252 792 814 842 1144
1301 327 643 759 888 1202 1354
82 235 281 332 1291
235 238 434 1458
281 143 832 891 1234 1448
332 207 381 888
1291 98 125 635 655 1103 1129 1184 1356 1371
83 367 1171 1267 1362
367 1357 1361
1171 122 383 464 499 687 716 938 1274 1368 1471
1267 625 747 999 1211 1442
1362 225 252 368 1297 1361
84 188 217 228 692 853 1175 1263 1318
188 493 610 659 1106 1442
217 166 394 460 818 899 938 1060 1182 1290
228 491 1131 1320 1331
692 379 1065 1102 1269 1447 1472
853 89 443 460 464 817 922 1050
1175 204 477 678 994
1263 86 340 412 582 1038 1200
1318 400 647 656 704 716 1354 1463
85 877
877 383 407 674 861 881 1005
86 311 940
311 226 831 1434
940 225 1064 1349 1432
87 327 736 819 920 992
327 174 717 850 1386 1390
736 253 301 379 801 1150
819 94 700 1351
920 543 545 1199 1372
992 248 433 461 966 1194
88 165 223 358 622 1315
165 613 828 1188 1294
223 183 308 809 1041 1255 1357
358 90 122 454 516 580 733 774 998 1452
622 850 1378
1315 120 301 494 838 870 971 1158 1222
89 493 954 1016
493 172 523 688 881 1286 1348 1400
954 214 276 568 582 838 1435
1016 222 867 1442 1490
90 212 319 752 814 908
212 553 1285
319 125 378 454 530 640 844 979 1273 1276 1306 1343 1460
752 234 285
814 266 289 1495
908 131 160 396 1165 1272 1435 1443
91 213 426 491 604 663 900
213 222 938 1278
426 229 939
491 291 509 1012
604 229 1248 1410
663 480 496 677 803 831 1024 1254 1317 1331 1478
900 130 337 467 849 990
92 238 999 1256 1475
238 844 879 1066 1351
999 335 1277
1256 342 393 445 568 781 959 1412
1475 511 844 876
93
94 177 686
177 389 441 456 477 1103 1139
686 323 483 625 985 1036
225 154 246 885 1189 1466
267 120 365 548 660 709 1232
299 396 624 1169
394 509 673 1034 1167 1269
485 106 573 623 926 990 1255
507 306 685 764 767 1353
754 117 794 971 1038 1162 1188 1280 1310
1401 1028 1328 1370
1440 107 390 430 433 436 769 1050 1300 1416
96 186 266 529 1370 1412 1430
186 150 280 385 738 1282 1341 1354 1378
266 456 562 617 796 1317
529 1020 1248 1398
1370 169 599 676 774 871 1098 1115 1232 1236
1412 202 211 445 1010
1430 162 278 496 1071 1120 1196 1435
97 143 438 985 1166 1238 1380
143 209 226 312 400 693 766 880 1024 1169 1255
438 441 591 599 600 1188 1410 1423
985 126 496 956
1166 119 248 1036
1238 224 418 901 1031 1354 1463 1481
1380 118 124 161 437 651 1072 1277
98 545 631 785 1482
545 194 366 456 600 614 733 971 1024 1046 1339
631 110 169 534 1129 1142 1321 1424
785 407 869 1165 1209 1331
1482 524 838 1223 1327 1447
99 234 885 953 1192
234 209 232 331 591 694 742 1170 1190
885 142 304 465 506 884 1199 1277 1397
953 224 297 938 967 1058 1184
1192 381 436 701 959 1027
418 632 1001 1068 1346 1458
695 627 763 801 870 1236
979 268 1341 1349 1351
101 268 619 1174
268 117 211 1101 1479 1495
619 496 1028 1200
1174 239 368 627 678 693 733 939 1252
102 133 259 297 854 1189 1443
133 214 1308
259 260 664 744 864
297 1232 1312 1403
854 260 699 838 1225 1325
1189 768 860 1249
1443 215 1261 1378
126 222 280 618 792 1130 1147
505 120 420 483 1164
708 338 393 986
817 869
869 174 198 463 514 751 838 1378 1455
1188 355 645 670 1039
1254 247
104 296 379 457 562 578 1206 1286 1321
296 221 370 427 1360
379 107 323 396 655 727 809 1486
457 643
562 553
578
1206 193 357 564 653 781 1050 1142 1364 1372
1286 486 866 891 1101 1448
1321 209 252 312 740 764 804 834 974 1136
105 524 633 832 1242
524 744 1144 1285
633 624 1355
832 107 255 634 748 918 1496
1242 221 1293
106 406
406 222 744 1085 1123 1403
107 116 163 616 1033 1121
116 325 623 639 998
163 388 554 1365
616 433 769 888 1170
1033 830 899 1054 1442
1121 227 811 1096 1209 1435
918 549 674
730 139 183 742 876 1028
968 582 597 657 860 881 1145 1419
1317 525 1062 1294
1368 675 751 768
110 342 530
342 158 373 927
530 370 922
135 279 289 573 587 624 688 1164 1184 1498
370 618 973 1102 1233
373 218 285 610 638 766 1005
506 222 224 289 301 525 704
994 117 635 821 838 957 1162 1196
239 274 337 1282
615 348 1068 1279
738 114 184 303 503 525 696 1021
1455 335 449 1372
114 600 674 1005 1024 1049 1274
600 194 753 866 1386
674 119 748 912 1021 1381 1447
1005 549 794 966 971 1076 1237
1024 689 699 751 1484
1049 365 533 678 711 1144
1274 316 767
876 649 681 1060
325 1002 1424
623 122 372 434 813 1232 1280 1308
639 1390
998 747 1426
117 288 355 527 970
288 280 313 834 912 1071 1262
355 983 1027 1227
527 437 834 1020 1041
970 1384 1459
118 122 625 1376
122 222 365 407 1463
625 381
1376 255 632 744 1229
119 204 230 888 1027
204 1279
230 280 780 1244
888 303 378
1027 849 879 1216 1266 1385 1397
120 597 1140
597 130 699 700 1165 1300 1442 1447
1140 185 516 744
392 251 460 860 870 1423
414 242 368 555 742 939 1136 1216 1298 1385
499 209 514 816 1381
712 549 1084 1310 1452
748 416 1424
868 740 1119 1177 1266
1072 331 632 830 901
1200 154 496 794 959
1442 744 1057 1099 1106 1241 1374 1481
222 1050 1496
365 617 972 1481
407 261 702 704 1160 1386
1463 366 983 1478
911 340 641 747 763 1028 1170
1205 284 523
1222 744 770 1365
1492 248 1397
124 314 650
314 496 670 1031 1393
650 420 454 821 1216
125 803 1021 1138 1255
803 882
1021 556 827 1138
1138 351 511 573 1223 1247 1397
1255 477 659 735 884 1466 1490
280 335 400 486 1190
618 532 666 792 1104 1279
792 248 322 523 1381
1130 162 247 1008 1320 1349
1147 303 350 396 599
127 385 1395
385 166 323
1395 160 404 811 957 1184
128 251 463 587 1036 1478
251 1137 1269 1328 1378
463 139 475 1144 1196 1356
587 357 389 1498
1036 614 727 766 1178 1346 1352 1484
1478 131 154 635
129 139 601 661 789 1328 1330 1459
139 166 1134 1277 1393
601 364 1264
661 368 433 532 648 694 818 858 986 1031 1280 1416 1496
789 443 859 1083
1328 194
1330 184 283 372 551 656 882 1410 1434 1486
1459 1177 1331
130 340 441 653 1001
340 475 904 1434
441 434 579 769 1279 1351
653 378 435 523 772
1001 599 1294 1477
131 790
790 460 534 647 715 1141
132 389 1084
389 246 252 847 1332
1084
214 191 291 501 636 784 857 926 1278 1441
1308 329 669 724 1244 1278
271 388 412
335 306 366 377 390 509 858 1000 1341
451 209 558 1123
279 205 477 694
289 161 227 791 812
573 1057
624 316 780 818 1252 1490
688 931 1289 1320 1466
1164 400
1184 784 1012 1057
1498 471 638 716 724 831 1381
136 161 454 1378
161 669 746 795 812 849
454 763 795
1378 250 1341 1410 1419
137 1028 1134 1141 1392 1452
1028 170 956 990
1134 250 701 767
1141 464 1145
1392 158 337 501
1452 198 675 1282
166 312 1466
361 912 1149 1466
784 891
831 191 696 1050 1343
1098 467 657 687
1277 434 446 715 795 1262 1278 1397
1393 162 801 844
364 742 867 1343
461 193 548 610 735 1103 1351
574 416 1474
636 1054 1128
659 511 635 829 931
1236 617 959 997 1339 1472
1252 371 374 687 694 1226 1386
1458 494 1078
443 215 675
662 274 922 1249 1327 1474
988 301 534 830
142 588 617 1078 1457
588 198 338 703 1292
617 496 558 742 1000
1078 331 643
1457 174 218 1124 1265 1293
209 1264 1351
226 768 1178
312 381 593 634 837 1158 1466 1481
400 374 515 696 1039 1289
693 555 727 1466
766 283 291 647 811 1293
880 366 523 1407
1169 248 381 523 534 687 973
338 257 1083
983 306 871 1285 1410
1120 162 744 858 882 1160 1424
1162 182 185 501 534 746 1223
383 702 806
621 170 643 1424
638 247 547
770 255 554 575 753 1102 1496
829 645 1481
1102 247 1223 1390
1109 322
247 967 1306
306 227 278 509 939 1247
1128 158 1064 1160 1365
290 227 232 1099
732 780 852
1123 182 480 757 794
1196
252 316 747 765 1158 1423
859
936 313 420 655 742 957 1311 1325 1374 1397
1388 605 1220 1341
150 285 1310
285 331 1499
1310 599 744
883 291 465 543 647 801 997 1088 1496
1241 313 391 1007 1248 1434
1444 769 1008
647 283 922 1218 1280 1371
747 229 794 1276
1168 781 860
503 543 1111 1290 1448
1278 483 1234 1279 1436 1486
154 818 986 1104 1289
818 224 253 664 956
986 479 726 966
1104
1289 467
1398 1472
1424 613 666 725 891 916
156 1357
1357 174 593 821 1397 1472 1479
430 391 436 464 516 1339
158 215 893 1195 1480
215 357 436 959 1199 1360
893 733 735 1384
1195 769 828 837 1397
1480 301 377
159 666 915 1403
666 224 669 1219 1347 1403 1431
915 676 844 1239 1298
1403 202 472
160 486 575 689 763
486 329 330 479 697 959
575 704 1020 1481
689 191 194 434 972 1306
763 1010
669 198 227 581 687 1106 1220
746 794
795 253 446 871 1124 1218
812 350 516 687 857
849 509 1423
162 284 640 844 1339
284 555 1111 1436
640 260
844 511 548 864
1339 852 1160 1479
388 649 912 1068
554 581 843 1165 1435
1365
351 202
891 172 551
1066 957 1294
613 248 697 1010
828 202 791 1037 1101 1248 1298 1320
1294 1106
1466 516 569 804
176 496 580 635 913 1124 1290
301 534 796 830 864 1139
419 1029
1054 250 468 480 1068 1261 1423
169 182 555 1332
182 809
555 760 1182 1226
1332 1341
170 276 1064 1327 1436
276 509
1064 668 866
1327 664 871
1436
396 690 702 788 1060
700 202 371 564 664 871 1160 1272
1160 242 676
172 670 697 796 1046
670 257 1416
697 945 1165 1320
796 972
1046 764 1149
1262 780 961 1076 1491
174 459 972
459 543 780
972 599 1421
232 445 553 652 838
434
501
516 675 973 1351
750 242 1149
1472 566 884 1137 1226 1297
496 347 350 357 449 534 551 744 1325 1346
580 811
635 657 842 1211
913 523 740 842 866 1012 1136 1216
1124 533 668 1057
1290 479 543
456 218 534 610 1226
477 270 566 734 737 806 1495
1103 593 1099
1139 423 533 605 838 959 1479
371 566
711 656 811 1416
248
657 664 1129
690 579 727 1474 1477
1041 564 569 875 1137 1320
781 768 1272 1416 1435
1202 412 767 956
1223 253 391 605
1348 699 931
423
467 429 769 1248 1366
939 722 744 881
1306 548 593
1495 183 1071 1135 1354
809 780 912
183 550 725 794 1273
550 1144 1272
725 727 768
794 579 605 1431 1460 1484
1273 551 767
184 971 1142 1479
971 733 1177 1249
1142 427 483 1111 1269 1384
1479
185 250 446 641 1297 1438
250 245
446
641 304 420 1349 1426
1297 533 668 774 957 1400 1484
1438 838
1282 322 494 884 1000
1341 366 1265
1354 494 664 1229 1234 1484
610 409 1165
1106 924 1490
190 1421
1421 595 704
191 767
767 494 804 867
717 811 1053 1149 1248
967
1051 460 581
1360 205 404 816 875 927 961
193 393
393 316 350 922 1170 1247
194 483 703 801 827 1194
483 409 553 857 1209 1351
703 857
801 1190
827 648 677 760 1271
1194 675
411 759 901 1165 1237
916 316 1150
1490 304 605 881 1167 1426
655 368 377 821
549 699 1199
651 726 924 1431
198 416 834 926
416 480 1227 1350
834 722 768
926 696 1057
1149 668 1285
1386 514 627 1131 1366
1390 1136
313 973 1131
515 694
1293 1101
202 304 924 1101
304 1182 1400
924 435 437 634
1101 433 634
437 261 722 1346
957 409 734 1209 1481
1279 734 1050
205
870 278 381 566 1361
207 255 1237
255 433 791 864 1129 1225
1237 1272
331 757 879 1353
548 433 780 904 1076 1178
1264 391 681
1351 591
774 511 769
211 1145
1145 1071
553
1285
938 772 850
291 1298 1331 1486
857 391 1135
1441 253 591 709 780
357 218 634 704 901 1135 1144
436 404 1060
959 866 1209
1199
257 274 374 722 1029 1216
475 591 709 1190
1419 227 253 742 1271 1300
460 945
899
1060 1115 1426
1182 702 850 990 1233
218 348 734 1131
348
734 881 1071
1131 283 337 390 599 890 1432
627 830
861 444 871 1037 1085 1144
1320 427 850 864
1353 1177
579 701
652 599 1117 1233
966 581 1247
221
1050 564
1496 471 1170
308 990 1477
224 676 973 1248
676 1481
973 1190
1248 678
246
768 283 404
1178 1471
227
1331 769
229 514 1167
514 701 1129
1167 821 1071
780 675 678 1266 1312
1244 1083
534 871
1053 350 390 821 1226
445 1029
838 715 813 1007 1115
270 444 525 694 806 843 1012 1225
591 368 724 1034 1085
694 274 372 1218
742 1071 1150 1374
1170
1190 1020
391 1434
1397 350 533 927 1165
412 1448
569 471 1499
1037 806 882 1031 1435
879
274 649
337 1271 1384
323
568 316 843 1031
599 1012
1371 366 685 1216
242 1059 1372 1471
1059 261 1343 1366
1372 409 1232 1361
1471 1311
1039 1115 1261
533 1349
1366 435
245 791 1085
791
1085 1115
660 1111
664 1271
1350 735 1068
1137 525 904 1352 1416
1269 582 744
316 852
765 753 806 1233 1261 1292
1158 1384
1423 753 1165 1363
253
1012 816
1272 322 494 547 645 1261
433 511
864 479 1325
1129
1225 956 1115
1062 303 716 858 1020
374 1311
722
1029 733
1216 757
673 699
1007 278 1352 1477
1034 668 813 1065 1068 1384
1083 264 543
260 816 1002
744 757
816 1111
1002 465
261
480 330 1385
1239 632
283 704 716 842 1000
449 726
1481 901
264 740 804
740
804 788 811
427
687 716
715
709
1232 1385
444 608 837 882 1144
525 1219
806 1300
843
871 788 1000
649 757 1229
882 278 733
509
278 1261
1261
1234 420
1448 643 850
614 465 737
733
704 303 1135 1211 1292
716 699
842 390 1229
1000 1311
1111
1499 532 668 735 1156
345
1211 772 1230
912 303 724
1071
1099 532 1434
1298
1486
330
753 1144
368 757
656 1356
1312
409 581
1219 1374
931 1150
830
566 1150
724
303
1400 329 543
377 1020
764 372
1247 1280
990 464
1477 701 1165 1364
420
607
1381
1434
381 685 890 1384 1410
593
634
837 881
1031
1361 390 726
852 378
468
632 1119 1485
378
1276
1343 1349
1460
847 901 1447
321 797 1347
797
1347 372
322
1410
850
435
329
757 974
1008 1426
334 1115
1115
366 472 1249
390
858
1271 678
1384
472
904
927
1491
813
347 866 1119 1136 1325
866
1119 1218 1335 1416
1136 881
1325
875 1363
350
429 643
1435 811
1227
760 751 1485
901 867
1135
1144 1447
945
1426 735
677 558
702
867
1249 1057
1233
372
1311
1020 551
727
685 699 1218
890
1292
1068 471 605
860 648
922 1474
788 643 1076
1300
1432
696 735
1177 404 701
668 1065
1117 1363
547
404 769
769
465 645
582 1474
678 737
581
759
1165
1385 479
1346 956 1226
424
1220
556
1352
643
464 1416
511
675 1096
608 1355
1229
726
558 645 1038 1335
1226 961
737 471
595
1230
543
735
1356
1416
645
1150
471
772
699
1265
479 494 1266
494
1266
1209
956
523
881
551 974
1447
751
1156
701 811
1096
1280
1474
1407 648
532
1349
821
1364
1076
974
1038
1335
564
1057
811
1058
1218
605
1355
1010
1485
648
1431
1065
681
1088
1374
1484
1363
997
884
961
