0 185 273 752 868 925 1424
185 7 143
273 104 336 439 478 647 974
752 356 1184 1475
868 118 311 543 939 951 1172 1223
925 781 985 1112 1451
1424 85 277 633 830 854 948 1083 1236 1473
1 228 385 747 791
228 339 1459
385 469 534 668 860 928 940
747 165 357 442 1237 1245
791 501 675 1387
2 394 477 844 1022 1119 1178 1193 1245
394 220 621 794 1493
477 59 398 421 1103
844 15 381 1420
1022 1094 1313
1119 66 713
1178 732 860 958 1032 1491
1193 145 298
1245 34 369 819 1463
3 170 658 780 783 1117 1189 1284
170 153 347 1090 1111 1186
658 358 446 770 819 836 1384
780 245 437 749 1470
783 142 340 1196 1306 1367
1117 62 543 857 1163 1225
1189 577 740
1284 210 1106 1133 1299
4
5 346 463 710 1431
346 236 270 1412 1478
463 439 657 1029 1152 1228
710 1059 1144
1431 245 298 618
6 703 1011 1283 1494
703 364 588 942 1371 1396 1440
1011 86 287
1283 324 442 532 1148
1494 545 594 1276
7 946 1233 1337
946 78 139 1061 1293
1233 38 67 103 260 1489
1337 141 431 466 913 1027
8 857 1036 1331 1437 1456
857 640 642 1036 1400 1472
1036 258 468 607 704 989 1080 1412 1468
1331 210 731 911 1007 1312
1437 44 154 387 657 666 671
1456 16 55 777
9 236 1155 1348 1393
236 132 362 402 413 1339
1155 18 452 473 836 1068 1152 1343
1348 1435
1393 1434
10 95 211 297 488
95 208 792 1057
211 513 584
297 358 526 585 637 884 979
488 109 231 1326
11 36 289 380 913 991 1173 1317
36 238
289 374 501 608 680 788 1112 1391 1432
380 914 928 1038
913 964
991 253 436 1076
1173 205 615 777
1317 303 364 838
12 76 183 800 834 1110 1142
76 800 1033
183 388 392 468 797 808
800 148 163 171 507 692 732 869 1214
834 84 730 794 1172 1321 1484
1110 63 123 292 872
1142 393 696 843 873 944 1300
13 248 531 771 994 1242 1244
248 147 967
531 73 121 500 516 954 1261
771 15 136 343
994 436 1040 1287
1242 624 1148
1244 109 364 722 1116 1316
14 53 548 1158 1170 1350
53 105 251 841 861 1320
548 87 448
1158 112 480 572 1010
1170 608 619 660 877 902 1460
1350 339 438
15 335 373 854 1240 1383 1410
335 883
373 46 48 420 1308
854 1282
1240 454 1054 1288 1416
1383 667 757 969 1151
1410 590 638 832 1050 1484
16 713 746 901 956
713 206 391
746 595 816
901 99 624 1339
956 286 410 986 1218
17 210 493 870 875 1104 1118 1398
210 416
493 149 153 230 910
870 39 117 167 648 819 1315 1439
875 1049 1115 1259
1104 253 683 796 1008
1118 54 1307
1398 156 375 910 1323
18 362 591 864 963 1039 1078 1133 1211
362 180 410 528 759 1320 1336
591 1417 1439 1483
864 443 656
963 437 442 909 967 1358
1039 82 1159 1222
1078 417 553 729 914 1066 1478
1133 636 1042 1174
1211 96 187 439 725 1416 1490
19 530 558 785 1012 1229 1270 1368
530 272 392
558 68 295 414 595 915
785 820 837 960 1391
1012 37 187 402 1279 1307
1229 37 162 205 338 883 1080 1246 1363
1270 28 316 1058 1425
1368 104 843 1197
20 167
167 96 465
21 722 1347
722 501 1083
1347 106 745
22 113 163 578 702 1357 1363
113 839 1225
163 111 409 517 781 1390
578 323 702 1234 1261 1417
702 300
1357 723 930 1224
1363 344 612 670 1203
23 344 490 707 1195
344 316 717 1205
490 50 331
707 377 656 805 1149
1195 1062
24 950 1485
950 876 893
1485 241 265 546 670 801
25 340 723 784 1073
340 146 358
723
784 83 403 715 1047 1073 1225 1447
1073 114 198 797 924 990 1096 1432
26 125 311
125 213
311 342 1258
27 973 1074 1150 1376
973
1074 313 343 1071
1150 32 535 546 1220
1376 271 391 575 644 790 820 1063 1111
28 111 212 352 559 608 1302 1312 1449
111 638 757 884 984 1048 1086 1382 1459
212 547 957 1467
352 627 992 1224
559 241 512 748 917 1010
608 678 794 882 1370
1302 388 597 809 945 1390
1312 225 725
1449 652 960 997
29 151 310 1246
151 288 708 977 1497
310 319 882 1342 1371
1246 270 502 889 1060 1120 1421
30 190 865 1308
190 433 581 641 923 1058 1180
865 1018 1361
1308 57 499 846 1171 1375
31 48 168 294 478 938 961 1054 1108
48 43 502 504 519 672 732 1262 1463
168 165 1028
294 46 54 229 598 894 1206
478 287 388 398 434 1201 1498
938 242 281 1164
961 116 269 285 360 672 936 1452 1479
1054
1108 300 677 1218
32 187 188 761 934 1145
187 435 731 1076 1156
188 106
761 230 329 1058 1163 1486
934 282 959 1273
1145 37 430 445 1272 1273
33 73 693 974
73 81 303 324 518 1164 1495
693 277 353 422 1234
974 277 500
34 444 452 574 1201 1259
444 1321
452 100 502 599 792 947 1035
574 825 1015
1201 367 1451
1259 890
35 197 661 704 1066
197
661 100 879 1369
704 301 320 336 866 1366
1066 121 242 386 1035 1148 1222 1234
238 281 528 1088
37 74 609
74 44 91 494 1009 1343
609 744 1031 1223 1255
38 42 91 948 1107
42 983 1261
91 146 169 471 683
948 372 604 815 849 1287
1107 206 1037 1413 1443
39 61 509 650 774 867 1028
61 650 917 1007 1136 1379
509 528 757 1057 1458
650 331 1129
774 365 1018 1247
867 165 288 437 738 1162
1028 596 898 918 1043 1191 1465
40 202 1322 1370
202 465 686
1322 206
1370 46 972
41 543 1299 1452
543 653 965 1442
1299 87 249 442 942 1303
1452 881 1046 1160 1378
983 145 195 345 759 894 1243 1423
1261 169 1292
43 684 947 1059 1075
684 624 939
947 912 1397
1059 431 827 852
1075 887 1290
44 622 1490
622 345 480 871 935 1403
1490 351 579 695 1067 1343
45 69 672 778
69 157 337 1048 1199
672 232 277 748
778 405 765 902 1115
46 1013 1175
1013 213 313 516 556 992 1474
1175 147 404 433 611 840
47 732
732 413 936 1199
502 405 735 972 1053 1262
504 1018 1125 1260
519 216 529 659 1120 1194 1321
1262 145 181 436 1174 1309 1338
1463 302 535
49 379 816 842 1058
379 266 397 646 1232
816 152 442 515
842 468 1149 1235 1260
1058 556 1315 1321 1378
50 180 487 814 883 1088 1466
180 97 99 366 749 883 1053
487 229 274 511 1321
814 450 885 1137
883 143 483 1188
1088 480 611 742 1057
1466 614 1132
51 159 250 459
159 215 445
250 513
459 245 483 792 1004
52 390 415 1023 1168
390 586 675 1345
415 219 251 739 823 1488
1023 613 694 1489
1168 152 295
105 682 763 1015 1041
251 424 725
841 166 245 900
861 1215
1320 437 468 779 1380 1465
54 84 321 408 642 821 1375 1401 1471
84 298 365 944
321 734 1227 1277
408 620 1335
642 171 839 1031 1037 1395
821 1279
1375 1198 1445
1401 413 962 1112
1471 288 315 523
55 400 563 757 833 862
400 107 318 618 1157 1495
563 178 486 797 1046 1049
757 233 395 743 765 1018 1489
833 143 397 556 840
862 1406
56 589
589 620 1096 1420
57 303 945
303 455 1166
945 117 520
58 165 277 360 781 1020 1080 1455
165 1030 1361
277 181 520 570 691
360 544 903 1400
781 227 312
1020 728 748 1009
1080 639 700 1216
1455 259 790 886 911 1425
59 458 718 798 825
458
718 915 1010 1330 1420 1435
798 199 595 795 898 1199 1279
825 235 267 338 1252
60 224 332 1359 1448
224 81 1027 1069 1103
332 300 471 540 1310
1359 742 853 1338 1417 1469 1498
1448 636 998 1151 1281
917 962 1202
1007 178 469 823 1343 1480
1136
1379 154 759 1214
62 175 267 341 896 1361
175 257 822
267
341 79 434 635 775 1241
896 428 430 520 557 962 1239 1255 1386 1409
1361 291 1139
63
64 874
874 265 626 627 758 1034
65 536 694 1210
536 158 495 515 649 680 1029 1263
694 930 1251 1438
1210 1169 1416
66 132 744 952 1340 1425
132 72 643 753 941 1095 1122
744 728
952 623 910
1340 103 333 484 494 522 1089
1425 1047
67 199 361 937 1336
199 323 523 1380 1405
361 802 985 1338
937 915 1374
1336 790
68 381 612 1148 1395
381 1159
612 90 997 1043 1221
1148 338 1241 1418
1395 315 654 660 805 909 1042 1296
157
337 412 905 1282 1440
1048 655 888
1199 801
70 1329
1329 425 936 1372
71 255 773 1219 1330
255 117 434 988
773 915 1192
1219 293 554 1099
1330
72 136 195 234 523 616
136 810 984 1113
195 853 1207 1334
234 1102 1227
523 851
616 226 471
81 436 465 1182 1364 1475
324 314 434 739 940 1392
518 279 644
1164 407 866 1296 1321
1495 669 986
494
1009 112 568 1264 1415
1343 871 1479
75 557 958 1394
557 302 686
958 820 966 1260
1394 263 1493
1033 1111
77 889
889 790 949 978 1051 1281
78 388 696 793 1050
388 838
696 90 343 527 551 779 1454
793 644 1125
1050 319 1015 1388
79 687 955
687 1358
955 120 916 962 1292
80 461 627 1288 1439
461 1179
627 1071
1288 116 600 1005
1439 317 510 859
436 123 581 712 906 986
465 971
1182 1159
1364 89 148 514 767 968 1385
1475 840 1027 1344
82 424 685 1139
424 413 572 1120 1177
685 576 673
1139 456 660 964 1114
83
298 1188 1386
365 491 540 576 1106 1327
944 122 206 1157
85 323 806 1154
323 843 1310
806 804
1154 421 820 1214 1397
86 799 986 1445
799 1256 1304 1385
986 576 636 733 1335
1445 256 396 634 735 893
87 127 468 990
127 348 895 1269
468 397 646 1367
990 1097
88 209 327 1226
209 533 835 912
327 856
1226 453 683 711 879 1043
89 285 421 464 772
285 738 997
421 860
464 213 753 794 1476
772
90 1216
1216 336 637 1269
146 473
169 1380
471 647
683 860
92 292 349 638 708 985
292 363 433 987
349 440 540 750 1157
638 396 995 1384
708 590 1071 1473
985 552 807 1130
93 527 969 1144
527 372 940 1429
969 260 290 769
1144 526 1314
94 1444
1444
208 121 237 317
792 483
1057 626 756 1115
96 272 818 1438
272 1419
818 692 1397
1438 280 516 621 1252 1323 1382
97 756
756
98 147 1185
147
1185 410 537 819 987
99 278 1177 1274
278 414 997
1177 184
1274 134 728 748 1277 1377
100 673 871 977 1024 1344 1433
673 981
871 720 850
977 499 993 995 1402
1024 115 219 299 549 811 921 1010
1344 412
1433 128 148 700 1459
101 114 984 1477 1479
114
984 126 1223 1279 1294
1477 881 1217
1479 148 1025 1405
102 220 797
220 855 1131
797 334 566 827
103 581
581 1035
104 482 674 1157
482 261 890 1414
674 357 706 1002 1130 1131 1230
1157 392 916 1122 1172 1428
682 442 657 942 1027 1285
763 817
1015 107 347
1041 1060 1362 1493
106 706 1207 1286
706 269 1225
1207 139 247 690 912 1045
1286 161 171 692 714 1106
107 293 304 479 524 1365
293 166 369 1067
304 129 249 617 1067 1086 1304
479 430 629
524 139 260
1365 679 715 1003
108 128 300 366 727 1214
128 894
300 121 671 1098 1354 1412
366 276 316 497
727 316 551 1271
1214 1092
109 133 1129
133 354 391 443 1371
1129 886 1397
110 1147 1400
1147 302 353 610
1400
884
1086 855
1382 134 455 695 779 885
1459 363 610 810 1159 1271 1434
112
839 186 420 765 1196 1324
1225 632 755
115 887
887
116 786
786 789 1040
117 1099 1252
1099 126 656
1252 811 1167 1269 1443
118 119 357 416 483 1137
119 604 670 1169 1413
357 656 1087
416 562 1169 1446 1451
483
1137 160 843 1335
604 389 812 1381
670 1296
1169 1391
1413 354 827
120 268 382 420
268
382 1313
420 968 1478
121 737 1030 1238
737 594 910
1030 570 717 1132
1238 443 1091 1127 1269
122 606 1051 1060 1276
606 472 1319
1051 438 633 872 1068 1222
1060 270 853 918 972 1161 1310
1276 890
123 418 1306
418 760
1306 392 1034 1187 1279 1335
124 240 1061 1461
240 1194 1241
1061 235 681 878 1146
1461 596 1234
213 451 700 960 1082 1121
126 391 859 1415
391 1127
859 239 1435 1458
1415
348 299 359 615 637 810
895
1269
894 263 594 749 1100
129 1220
1220 139 406 1196 1352
130 700
700 1249
131 678 1017 1165 1206
678 866 1486
1017 353 942
1165
1206
643 1469
753 407 675 967 1232 1353
941 579 899 1128
1095 443 762 813
1122 145 451 520 618 1319 1324
354 610 628 741 1042 1472
443 648
1371 205 976 1443
134 435 448 962
435 257
448 453 724 1300
962 422 996 1385
135 513 635 1124
513
635 1149
1124 256 659
810 855
1113 143 998 1167 1388 1467
137 695 829
695 218
829 491 593 1100 1102
138 309 935
309
935 221 690
139 308 469 822 1102
308 542 1387 1453
469 577 726
822 437 1052
1102 242 858 1389
140 387 929 1224 1372
387
929
1224 491 576 897 1488
1372 675 789 1469
141 299 541 900 1187
299 316 652 681 750 775 1255
541 629 728 770 1180
900 1228 1397
1187 432 437 908 1232
142 845
845 227 485 1031 1079
143 510
510 401 688
144 936 1446
936 275 755
1446 364 1275
145
473 1202
148 776
776 954
149 290
290 758 1003
150 192 287
192 1483
287 815 1076
288 219 486 711 954 1212 1414
1497 383 719 1319 1486
152
153 164 315 374 445 542 1315
164 316 569
315 371 735 1174
374 155
445 472 836 1304
542 1085 1374
1315 888 1097
154 438 1016
438 265 766 1151 1345
1016 252 1065 1215 1255
155 492 582 1004
492 599
582 932 1000 1026 1277 1391
1004 194 520 1381
156 252 1294 1296 1417
252 174 1100
1294 1067
1296 350 588 758 1125 1280
1417
158 320
320 569 610 965 989 1316
215 386 566 805 882 1231
160 630 1005 1121
630 462 646 1476
1005 890 1290 1369
1121 529 660 823 1484
161 280 641 675 1268 1374 1484
280 521 669 1298
641 876 1085
675
1268 214 484 550
1374 942 1077
1484 600 1342
162 437 575 1152
437 226 553 656 873 979 1409
575 835
1152 644
409
517 625 1103 1215
1390 1082 1301 1496
316
569 274
166 775
775 745 916 1303
1380
347 396
1090 1360 1421
1111 235 270 484 1100 1311
1186 730
171 1227
1227 1037 1324 1332 1423
172 266 644 1239
266 1328
644 230 406 526 1205
1239 943
173 475 788 805 959 1316
475 222 244 404 593
788 1250
805 193
959 659 897 1324
1316 611 1053
174 779 1097
779 1321 1326
1097 795 1001 1149 1263 1279
257 1064
176 359 1143 1450
359
1143
1450 535 686 813 1064 1149
177 914
914 426 998
178 369 372 610 1197
369 1067 1290
372
610 1421
1197 897 1328
179
749 550 594 691 782 922
1053 397
181 1141 1305
1141 534 1131
1305 957 1116
182 715 919 1035
715 270 342 1241 1362
919 328
1035 411 540 1247
392 823 989 1462
808 1234 1346
184
186 314 836 916 1404
314 410 549
836
916 512 891 1065 1132
1404 229 664 1267 1342
731 306 628 1295
1076 474
1156 1018
189 401 725 1313
401 960 1171
725 863 1188 1256
1313 393 1032 1037
433 339 1230 1426
923 953 996
1180 386 583
191 302 813 891 1123 1290
302 326 472 583
813 860
891 520 611 634 680
1123 1055
1290 535 968 1258 1266
1483 481
193 229 235 989 1358
229 317
235 367 460 1003 1044
989 590
1358 657 743
194 1260 1281
1260 403 1386
1281 232 585 997 1230
853 200 428 512
1334 1068
196 244 885 942 1428
244 242 1341
885 1081 1280
942 566 1205
1428 663 699 1292
198 219 1391
219 576
1391 480 755 1335 1342 1397
1405 598 646 750 1149 1153
200 466 1258
466 815 860
1258 1222
201 729
729 626 666 1458
686
203 1062 1217 1351
1062 245 1221
1217 319 819 1083 1241 1256
1351 716 960
204 561 566 572
561 470 711 954 1093
566 246 980 1202
572 803
205 432 1250
432 807
1250 318
206
207
237 1190
317 655
533 890 1000
835 915 1218
912 585 653
584 472 506 1235 1362 1386
547 491 897
957 1255 1411
1467 646 1047 1249
451 412 1473
960 282 735 767 1068 1218
1082 910
214 605
605
386 733
882 450 1026
1231
216 275 397 457
275
397 593 1055
457 968 1043 1194
217 1236
1236 532 560
218
576 406 588
855 660
1131 358 592 754 1034
221 662 755 1064
662
755 893 1205 1332
1064 623 1130
222
223 476 654 1047
476 846 904 1412
654
1047 261 1355
1027 975 1063
1069 1469
1103 378
225 966 972
966 526 1006
972 467 491 1159
226 450 668
450 355 626
668 669 1160
227 733
733 1248
339 690 931 1293
230 515 1089
515 442 667 908
1089 1223 1491
231
232 705 971 1162 1387
705 1014 1470
971 585 830 940 1091
1162 498 1077
1387
233 440 1084
440 281 920 980 1010
1084 426 1001
367 593
460
1003 1384 1486
1044 965 1406
402 551 603 689
413 505 921 964 1223
1339 924
1190
281
528 1406
239 804 1352
804
1352 1132 1356
1194 1091
1241 1126
241
242
243 550 968 1134 1367
550 405 1388
968
1134 741 750
1367 665 1470 1481
1341
245 1019
1019
246 611 690
611 878 1026 1172
690 802 1083
247 1077 1100
1077
1100 412 940
967 264 274 496
249 423
423
253 322 659
322 636 1303
659 1263
254 1251 1426
1251
1426 545 996
434 629
988 691 1081
256
258 370 525 770
370 1272
525
770
259 888
888 532
260 617 866
617 765 920 1172 1280
866 577 734
261 480 667
480 376 1291 1369
667 663 849
262
263 665 1070 1209
665
1070 439
1209 307 410 1303
264
265 830 831
830 625
831 939
1328 1469
269 564 1146 1273
564 439 1083 1384
1146 567 890 1489
1273
270 1486
1486 928
271 565 742 876 995
565 342 508 1441
742
876
995
1419 766 1408 1427
336 767 1298
439
647 291 1265
274 716
716
276 1001
1001
520 764 1105 1304
570 1032 1109
691 1462
414 807 915
997 1115
279
521 496 649
669 1298 1468
1298
282 807 1191
807 456 579
1191 1285 1381
283
284
738
286 736 1353
736
1353 679
815 1464 1498
486 902 1151
711
954 522 526 1321
1212 499 681 1018 1230
1414 406 676 850 1159
501
680 534 1409
1112 908
1432 677
758
291 1300 1354 1496
1300
1354 1407
1496 981 1218 1442
363
987 1349
1067 1293
598
295 544
544
296 975
975 634
358 639 998
526 851
585 655
637 538 1037 1326
979 410 474 1021
1188 976
1386 535
652 826
681 529 921 1303 1319
750 629
1255 1037
671 1462
1098
1412 651 1436
301 982
982 858 1345
326 801 1018 1056 1360
472
583 328 812 826
455 470
1166
1304 312 1469
305 489
489
306 538
538 522 980 1071 1429
307
1453 426
319 1318 1482
1342 431 512 1006 1204
342 601 911
312
313
410 850 1120
549
371 631
735 499
1174 1264
655 924 1307
318
1318 1010
1482 726 1321
965 407 634
734
1277 1101
636 506 1420
1303 664
843
1310 508 677
739 331 1323 1451
940
1392 981 1345
325
801 1109 1311
1018 355 907 1120
1056
1360 910
856 740 1324
328 930
930 1196
329 928
928 1462
330
331 613
613 907
540 740 1427
333 405 717 860 1338
405 1115 1266
717 1208 1291
860 1373
1338 384
334
767
412 1222 1421
905
1282
1440 491 614 1291
338 764 1230
764 1159
1230
931
1293 626 809
601
911
343 603 1081 1327
603
1081 554 1307
1327
1205
345 389 751
389 1378
751
1478 407
396 692
615
350
351 632
632 537 1029
992
353
628
741
1042 1114
1472 453 981
355 1140 1171
1140
1171 1114
356
656
1087 899 1499
639
998 1491
903 1243 1447
802 441 1462
759 1063
364 546 1135 1381
546 441 1285 1292
1135 920
1381
491 760 765
1106
497 1040 1324
593 454
368
1272 1101
631 698
375 730 999 1253
730
999 1235 1278
1253
376
377
378
646
1232 404 470 777
1038 1014
1159 660 852
383 1167
1167 447 1032
384 1406
1406 404
534
838
1378 719 964
586 719
1345 568 878 1292
1127 1215
823
1462 634 1130
393 1326
1326 1476
621
794 812
1493 508
395 470
470
692
1055 809 1333
398
399 828 899
828 634 657 688 1181
899
618 499 796
551 419 1079
689
403 1407
1407
404 529 1034 1430
529 1045 1247
1034
1430
1115
1266 1006 1421
406 847
847 1362
407 629 1065 1295
629 848 993
1065 553 1454
1295 1181
620
1335 1421
850
1120
411 782 1487
782 467
1487 431
1222 496
1421 726 1499
505
921
964
1223
915
1488 653 892
562 1221
1451 949 1323
417
760 446 1025
419
422 1000
1000
425 484 811 1280
484
811 431 1101
1280
426
427
428
429 1473
1473
430
431
712 657
906
553
873
1409 1151
766
1151 1204
920 1213
980 789
1010 688 697
441 537 1323
537
1323 666
442 1192
1192
648
1321 898
446 939
939 1285
447
453 790
724
449 599 697
599
697 1332
626
790
454
456
1043
1179 522
462 554
554 879
657
1029
1228
1476
467 726
726
577
1202 787
474 893 1489
893 666 1068
1489 1072
846
904 625 633
1498 902
1291 614
1369 1204
481 1052
1052
890
485
902 1492
511 701 1454
765
910 633 1138
495
496
1040 500 676
1324 651
498
499
500
503 1257
1257
1125 1092 1423
506
507 1333
1333 922 1243
508
1458 721 909
688 837 1362
701
1454
512 714 1408
714
1408 623 743
514
908
516
625 886
1215 677
1105
649 993
522
851 1092 1264
1429 1469
1045
1247 1234
532 1161 1416
1161 579 879 1184 1384
1416 552 1243
535 933
933
1263
1071
539
740
1427
728 645
1085
653 878
1442
545 803
803 1083
1285
1292
897
1388 1002
1079 1014
552
879
555
556
595 1091
748 1237
560
1093 909
1221 1184
1046
1049
1083
1384
1441
567
568 943 1208 1265
943
1208
1265
1032 719 848 1183
1109
571
573
588
1234
579
580 1418
1418 640
932 607 1397
1026 607
812 1469
826 600 1068
1235
1362 832
719
587
1096
1420
590 600 978 1021
600
978
1021 1008
592
594
1091 922
596 795 1267
795
1267
597 1248
1248
602
1319
607
1031
878
1172
907
614
796
619 1130
1130
1403
623
624 1196
1196
886 1287
848 1314
993
698
633
634 1443
1443
1149 1311
1037
640
1469 869
645
651
924
1307
819
660 1402
1402
663 1114
1114
664 745
745
666 926
926 1389 1492
849
1160 922
1468 1309
981
1002
676 1278 1311
1278
1311 1492
677 809 840
809 1411
840
679 1422
1422
837 1063 1128
1332
699
1249
1396
1366
1014
1470
709
1435
720
721
863
1256
1271
743 787
787 1289
1237 1480
922
1184
754 1287 1464
1287 953
1464
1063
1025
1163 1132 1411
762
817
768
769
777
1447
820
789
1289
827
898
1279
1385
869
1346
1411 1297
1101
1397
824
1068
1181
832 892
892
1218
1128
1314
1092
1264
852 1198
1198 1480
858
1373
951 1499
872
877
880
881
949
1492
1243
909 1297 1399
1297
1399 1309
1138 1006
1132
918
1213
953
996
1389 1356
927
1499
1006
970
976
1423
1349
1491
1480
1008
1474 1481
1094
1465
1183
1355
1072
1116
1126
1204
1153
1460
1176
1200
1203
1254
1309
1377
1275
1301
1325
1356
1481
1434
1436
1457
