0 109 155 239 412 431 498 595 686 710 914 932 974 1060 1121 1307 1830 1966
109 47 68 266 537 1054 1153 1287 1373 1399
155 149 269 350 375 758 805 830 1008 1217 1332 1346 1347 1409 1552 1610 1728 1736 1762
239 23 24 75 318 325 384 522 633 941 1120 1397 1500 1505 1553 1622 1755
412 430 549 656 657 834 1250 1326 1335 1404 1686 1768 1858 1985
431 259 294 397 468 475 534 693 926 1157 1438 1597 1622 1989
498 48 100 230 242 264 335 413 493 561 742 833 937 1007 1148 1242 1257 1271 1315 1392 1764 1785 1815
595 62 96 123 393 703 1020 1148 1267 1464 1581 1693 1793 1901 1929 1955
686 27 76 154 161 458 617 954 1046 1230 1250 1304 1329 1673 1734 1835 1837 1860 1971
710 98 304 317 340 358 451 452 583 642 666 728 871 910 1147 1221 1297 1483 1502 1539 1707 1845
914 222 484 567 720 833 1058 1258 1273 1437 1672 1685 1687 1721 1848
932 85 325 539 790 864 1002 1067 1187 1202 1431 1752 1935 1942
974 19 265 466 526 690 718 833 1108 1226 1349 1521 1799 1818 1999
1060 26 60 324 409 534 599 781 909 1013 1024 1034 1097 1189 1344 1367 1474 1827 1922 1923 1939 1959
1121 76 425 437 551 696 992 1184 1240 1255 1320 1543 1638 1703 1826 1859 1884
1307 346 372 508 529 547 552 695 727 813 891 941 1160 1209 1383 1457 1478 1749 1792 1881 1884
1830 99 137 144 157 188 197 576 663 730 794 864 1124 1419 1535 1706 1773 1849 1887 1986
1966 195 208 245 524 578 691 757 1234 1338 1450 1603 1674 1753 1872
1 56 233 335 393 655 657 661 981 1202 1217 1234 1437 1667
56 72 119 157 224 228 267 291 336 447 523 575 732 819 864 1139 1402 1405 1412 1449 1524 1650 1671 1701 1844
233 69 106 203 549 600 681 1391 1523 1547 1726
335 256 935 1081 1275 1375 1624 1736 1853 1932
393 381 425 560 701 776 917 1099 1256 1548 1660 1691 1697 1820 1879
655 353 578 609 662 708 784 1009 1014 1188 1298 1368 1391 1427 1528 1576 1646 1768 1865
657 12 137 214 245 346 462 604 764 792 966 1051 1106 1253 1348 1416 1611 1772
661 249 258 608 624 705 825 931 1025 1776 1804 1881
981 32 81 235 1110 1172 1191 1218 1282 1355 1395 1534 1740 1792
1202 47 142 171 315 434 443 514 587 673 871 985 1004 1057 1113 1184 1485 1561 1660 1755 1758 1763 1859 1882
1217 114 396 481 527 649 779 837 976 1040 1196 1249 1309 1402 1538 1722 1730
1234 521 702 880 939 940 941 944 1049 1262 1400 1601 1891 1907 1950
1437 3 19 97 284 376 576 596 690 751 770 797 1020 1087 1204 1605 1642 1692 1835 1862
1667 42 351 370 944 960 1049 1067 1482 1795 1905 1999
2 76 221 251 419 442 462 489 574 809 921 925 931 1155 1370 1622 1645 1700 1703 1723 1724
76 11 30 234 352 378 451 513 713 793 1007 1463 1559 1656 1660 1763 1815 1847 1848
221 52 295 620 703 764 807 1139 1239 1313 1623 1768 1823 1964
251 54 170 235 308 392 504 562 756 801 807 831 928 1003 1170 1185 1187 1220 1384 1528 1617 1622 1643 1704 1831 1832 1973
419 107 432 628 675 694 937 1126 1248 1327 1357 1367 1368 1546 1662 1773 1873
442 369 480 852 887 1092 1182 1196 1240 1271 1310 1328 1341 1350 1506 1754 1829 1862
462 102 152 290 296 358 496 506 618 685 1015 1382 1410 1732 1759 1766 1807 1970
489 68 108 291 365 551 564 607 902 1020 1141 1224 1252 1255 1256 1416 1453 1539 1922
574 312 560 605 624 804 891 971 1122 1156 1360 1362 1552 1597 1704 1731
809 48 163 782 857 863 919 1030 1115 1188 1205 1267 1315 1572 1733 1934
921 60 123 296 350 466 499 504 671 723 736 838 854 858 1252 1433 1485 1712 1754 1756
925 80 104 107 128 136 167 178 352 480 487 774 858 1114 1182 1280 1357 1468 1620 1852 1937
931 142 150 199 208 360 434 530 706 761 772 928 997 1225 1325 1513 1656 1956 1958 1972 1973 1980
1155 119 162 216 265 323 361 505 634 892 1059 1116 1286 1409 1570 1592 1630 1649 1695 1856 1968
1370 367 670 732 774 818 833 947 1075 1101 1249 1495 1981
1622 59 139 443 448 933 988 1156 1410 1595 1718 1812 1859 1945
1645 43 54 70 147 205 300 318 701 706 960 1084 1304 1344 1471 1879
1700 139 187 223 232 374 383 387 884 939 996 1229 1334 1415 1576 1679 1795 1798 1901 1925
1703 3 45 457 611 1025 1095 1285 1360 1588 1625 1683 1829 1893 1953
1723 65 275 437 497 502 653 1026 1139 1358 1554 1783 1788 1838 1905
1724 52 160 291 622 659 736 752 757 910 1451 1462 1477 1566 1680 1719 1792
3 140 806 1039 1059 1066 1133 1264 1282 1497 1519 1684 1691 1728
140 42 64 175 301 321 353 578 689 982 1681 1854
806 29 129 183 241 362 380 505 626 762 891 1061 1299 1410 1441 1713 1874 1951
1039 122 153 369 460 473 540 664 902 1303 1394 1448 1530 1594 1760 1856 1904
1059 72 217 249 258 286 413 545 605 741 998 1249 1496 1509 1638 1751 1872
1066 148 294 483 625 687 755 910 1274 1453 1471 1879
1133 189 483 695 776 1252 1265 1515 1538 1818 1897
1264 34 194 272 302 643 696 797 881 1081 1215 1271 1284 1454 1469 1589 1846 1886 1902
1282 129 215 323 566 664 766 791 795 864 1065 1349 1424 1505 1579 1615 1681 1692 1843 1851 1960
1497 160 309 336 631 636 896 946 969 1100 1105 1140 1277 1318 1531 1545 1648 1792 1813 1824 1882 1898
1519 30 132 348 499 570 852 1006 1128 1536 1591 1664 1800 1818 1824
1684 27 283 447 838 1300 1341 1365 1416 1432 1460 1652 1679
1691 118 299 864 1302 1330 1351 1553 1641 1850 1900 1916 1987
1728 90 135 169 226 245 334 388 800 1148 1214 1708 1749 1784 1898 1923 1933 1983
4 61 177 226 564 784 879 995 1153 1187 1324 1452 1549 1581 1924
61 97 466 521 714 731 880 1027 1035 1329 1336 1523 1745 1815
177 324 380 457 538 601 802 825 889 1036 1151 1218 1278 1402 1428 1466 1606 1853
226 143 187 309 318 685 754 1225 1280 1285 1639 1706 1837 1881 1928
564 134 142 243 332 388 475 481 652 760 787 810 1063 1107 1176 1250 1316 1371 1407 1533 1567 1840 1922 1930
784 413 484 894 960 1069 1200 1349 1409 1410 1656 1758 1999
879 29 48 158 492 496 524 746 757 779 888 982 1087 1117 1287 1479 1489 1506 1555 1695 1741 1742 1870 1885 1887 1985
995 7 32 102 181 350 522 529 753 1053 1178 1310 1328 1334 1771 1815 1822 1932
1153 26 161 169 249 300 1009 1036 1199 1308 1343 1533 1883 1909 1911 1962
1187 84 142 212 336 578 635 680 817 971 1109 1146 1273 1427 1487 1539 1568 1664 1800 1840
1324 231 262 767 799 999 1094 1122 1161 1223 1299 1343 1632 1636 1716 1892
1452 444 768 854 935 973 1084 1104 1418 1468 1889 1967
1549 88 117 250 342 464 475 522 647 728 774 980 1002 1073 1127 1164 1279 1285 1325 1456 1902 1915 1930
1581 30 85 209 410 609 860 878 1075 1091 1112 1414 1558 1666 1719 1720 1824 1937 1972
1924 165 272 503 519 1471 1631 1674 1927
5 363 403 499 589 623 751 819 839 868 1071 1410 1517 1520 1574
363 13 202 791 804 999 1228 1289 1467 1551 1859 1887
403 64 69 131 253 309 339 630 765 864 866 907 1201 1396 1458 1948
499 93 286 324 560 709 857 883 1007 1156 1161 1252 1286 1503 1577 1782 1842 1931
589 172 214 297 376 754 869 946 1017 1067 1120 1129 1228 1263 1299 1439 1804 1844
623 351 385 524 745 747 756 862 903 928 1093 1248 1295 1305 1396 1556 1788 1893 1978
751 107 175 723 741 752 920 961 1250 1390 1417 1491 1655 1678
819 11 94 304 394 487 662 1245 1288 1486
839 164 362 377 559 620 715 1092 1258 1309 1401 1455
868 40 94 281 312 482 516 724 852 1088 1259 1389 1393 1490 1726 1907
1071 84 505 813 943 1004 1041 1304 1384 1433 1554 1753 1812 1894 1928
1410 30 43 79 134 267 379 472 701 741 881 1163 1190 1205 1355 1460 1483 1858 1984
1517 314 518 532 617 765 878 1171 1193 1230 1412 1421 1430 1522 1585 1747 1827 1962 1974 1998
1520 98 123 128 131 396 405 444 678 740 998 1038 1111 1615 1809 1963
1574 75 219 270 280 579 602 658 690 916 1175 1246 1275 1586
6 27 108 181 629 674 787 873 1110 1140 1261 1346 1446 1481 1562 1625 1797 1933
27 121 171 236 278 304 356 368 532 694 745 823 844 924 975 1046 1404 1624 1632 1731 1916
108 340 447 552 928 930 952 958 982 1011 1131 1200 1389 1606 1632 1663 1674 1682 1707 1985
181 144 257 552 643 663 699 948 952 1012 1116 1545 1599 1763 1765 1824 1922 1956
629 70 153 449 716 796 905 1016 1102 1386 1406 1626 1653 1664
674 121 272 347 468 894 1023 1091 1208 1229 1259 1439 1550 1636 1639 1679 1682 1957 1992
787 8 164 714 720 938 959 960 1184 1499 1680 1918 1952
873 440 888 927 1175 1221 1261 1315 1334 1609 1665 1810 1954
1110 144 231 257 276 293 376 386 458 586 690 937 944 993 1016 1180 1337 1817
1140 82 170 342 426 514 681 954 1165 1216 1327 1805 1820 1885 1902
1261 21 142 196 198 269 387 573 633 904 1089 1101 1111 1632 1732
1346 187 206 235 277 352 493 507 782 797 999 1009 1123 1184 1192 1303 1404 1508 1546 1597 1676 1910
1446 9 558 599 616 739 813 893 1267 1276 1295 1468 1501 1510 1670 1682 1765 1975
1481 541 672 771 950 1134 1576 1743 1753 1886 1940
1562 206 385 460 763 835 865 1041 1077 1146 1157 1326 1330 1424 1436 1476 1786 1839
1625 57 83 353 624 866 909 956 1043 1258 1334 1516 1732 1814 1886 1949 1999
1797 36 261 281 287 331 476 525 575 651 775 798 820 940 1172 1299 1317 1325 1441 1555 1565 1587 1630 1894 1916 1943
1933 24 176 196 294 306 481 616 705 766 767 772 798 799 899 1020 1092 1149 1169 1183 1660 1878 1923
7 314 488 494 631 680 1531 1592 1602 1604 1683 1782 1887
314 160 312 323 364 448 647 720 1349 1516 1638 1877
488 117 252 533 624 662 746 1167 1181 1468 1475 1525 1629
494 63 433 599 690 770 828 944 948 1267 1351 1372 1418 1629 1702 1822 1840 1908
631 102 106 111 194 596 878 1109 1262 1330 1393 1569 1813 1861 1868 1925 1985
680 33 135 241 328 416 842 1408 1737 1912 1916
1531 405 466 546 567 732 767 941 1196 1371 1527 1565 1585 1603 1626 1665 1736 1792 1844 1854 1995
1592 138 184 384 506 584 755 971 1042 1077 1154 1439 1521 1580 1662 1828 1847 1963
1602 95 360 510 549 1177 1180 1276 1433 1449 1552 1561 1725 1747 1773 1896 1969
1604 471 642 923 943 1094 1148 1415 1460 1498 1554 1601 1609 1651 1771 1783 1846 1854 1879 1987
1683 44 93 111 247 282 567 723 762 1204 1235 1405 1461 1530 1550 1810 1904 1961
1782 156 257 264 307 316 506 541 636 770 935 940 1147 1258 1540 1937
1887 148 185 230 484 618 659 770 821 1225 1503 1584 1793
8 136 215 224 544 622 791 836 950 990 1089 1283 1420 1539 1929
136 146 267 300 466 587 671 792 844 848 869 1038 1077 1216 1270 1428 1611 1675 1741 1837 1879
215 507 572 624 752 785 852 1257 1345 1405 1492 1878 1905 1929 1964
224 67 164 434 616 796 821 895 940 1010 1141 1225 1278 1295 1306 1352 1358 1523 1636 1709 1715
544 28 110 487 612 743 807 953 1099 1188 1861 1919
622 284 457 612 681 723 810 979 1011 1873 1880
791 69 74 179 265 339 483 741 794 1403 1529 1866 1955 1989
836 52 53 332 351 490 549 838 1098 1467 1745
950 14 113 268 320 427 597 778 887 956 966 1065 1171 1193 1215 1688 1706 1854
990 158 202 261 271 397 437 486 501 741 757 826 830 876 945 1021 1129 1299 1330 1600 1689 1738 1781 1863 1920
1089 38 107 164 235 254 355 390 477 785 866 907 1074 1267 1378 1451 1666 1837 1893
1283 262 275 323 346 613 656 961 1163 1341 1368 1565 1740 1957 1961 1978
1420 58 82 399 507 537 685 740 748 1421 1471 1822 1884 1955
1539 182 236 261 275 391 644 650 769 1176 1182 1183 1322 1381 1434 1546 1547
1929 10 132 329 744 770 781 815 863 890 1057 1154 1270 1294 1414 1614 1650 1850 1854
9 367 581 640 654 801 1024 1156 1377 1462 1584 1839 1867 1992
367 20 23 749 768 804 829 948 1340 1426 1467 1693
581 16 23 110 162 557 632 675 718 849 883 910 1031 1086 1196 1284 1771 1983
640 533 929 941 1062 1074 1109 1165 1380 1555 1556 1689
654 92 423 427 597 727 906 958 1203 1560 1621 1805 1871 1993
801 294 460 525 855 910 1041 1163 1169 1290 1350 1515 1778 1801 1869 1877
1024 248 356 495 600 774 876 1090 1137 1353 1371 1491 1598 1701 1980
1156 67 114 190 311 460 516 608 662 683 917 1054 1213 1228 1263 1374 1431 1524 1579 1621 1826
1377 764 1025 1412 1647 1801 1991
1462 42 78 189 276 436 567 614 633 649 773 786 915 1149 1251 1309 1344 1891 1912 1959
1584 72 229 695 792 814 1138 1238 1669 1842
1839 24 299 383 454 532 617 662 713 764 1178 1365 1542 1579 1710 1727 1783 1905 1930
1867 71 445 570 1208 1315 1391 1501 1540 1613 1660 1764 1978
1992 62 115 157 432 537 823 855 872 960 1011 1075 1313 1565 1788
10 170 179 244 339 460 540 650 747 803 1127 1245 1260 1330 1407 1554 1718 1767 1803 1840 1894
170 92 126 256 273 425 453 578 587 820 896 897 936 989 1320 1457 1852 1862 1905 1952
179 92 229 317 319 531 621 1197 1503 1525 1550 1577 1594 1770 1934 1962
244 62 66 147 278 432 440 448 896 952 999 1249 1438 1547
339 18 64 330 361 517 566 1008 1249 1686 1787 1934
460 90 100 450 693 903 938 983 1055 1405 1689 1874 1981
540 66 123 197 490 592 816 908 1203 1224 1246 1392 1405 1575 1686 1942
650 37 258 947 1367 1429 1482 1962 1965
747 84 156 425 520 638 820 961 966 1084 1372 1495 1928
803 410 467 509 514 691 739 1002 1115 1143 1316 1600 1744 1772 1873
1127 448 500 840 911 1046 1375 1464 1483 1682 1750 1854 1884 1905
1245 119 240 364 390 546 641 1102 1313 1363 1490 1781 1851 1917
1260 77 99 266 426 475 476 492 516 691 746 1106 1235 1278 1348 1740 1970
1330 24 365 696 744 758 1101 1161 1299 1476 1740 1751 1783 1951
1407 98 359 378 590 613 700 927 1007 1229 1314 1417 1433 1679 1713 1729
1554 52 166 241 287 334 375 459 616 1143 1321 1440 1746 1779
1718 152 167 378 802 989 1117 1336 1383 1626 1666 1696
1767 166 195 320 473 475 672 1017 1289 1292 1504 1544
1803 281 328 478 760 765 854 930 938 1092 1474 1677
1840 75 245 340 374 437 502 505 561 689 864 907 952 954 1478 1546 1629 1739 1759 1860 1876
1894 426 962 988 1170 1714 1760 1942
11 95 138 526 556 644 775 828 1309 1399 1461 1638 1641 1711 1713 1779
95 920 955 1012 1136 1159 1242 1454 1748 1831
138 68 180 222 247 277 424 537 556 576 606 648 736 754 824 936 1489 1715 1806 1948 1987
526 163 183 187 229 548 743 798 923 928 1252 1595 1730 1744
556 22 81 102 328 582 617 920 1175 1244 1252 1470 1600 1695 1946
644 169 452 505 736 793 843 994 1029 1159 1254 1748 1935
775 22 302 353 430 834 862 983 1052 1085 1216 1262 1413 1690 1828
828 50 123 147 197 284 297 336 683 713 869 930 947 971 1014 1054 1288 1653 1791
1309 30 319 349 391 453 830 1014 1367 1432 1458 1577 1680 1765 1769 1870 1901
1399 439 802 1019 1116 1441 1504 1629 1710 1826 1917
1461 55 325 446 568 605 852 944 951 1198 1478 1721 1931 1988
1638 25 91 132 375 440 476 1090 1387 1443 1447 1771 1866
1641 58 91 149 168 310 608 854 967 977 1147 1289 1357 1364 1508 1588 1904
1711 127 398 552 602 614 817 871 1102 1221 1318 1525 1620 1656 1681 1696 1783
1713 194 289 301 856 964 1626 1664 1714 1733 1818 1835 1895
1779 218 350 529 720 915 1019 1308 1430 1550 1643 1734
12 110 165 475 683 730 1020 1081 1361 1406 1540 1548 1571 1576 1654 1995
110 646 1081 1336 1848 1921
165 44 159 187 295 330 670 905 939 1130 1351 1993
475 22 43 228 508 664 1032 1145 1272 1412 1419 1597
683 20 452 808 866 889 956 1148 1206 1350 1559 1629 1757 1786 1789 1814 1863
730 147 302 790 1146 1171 1443 1601 1821 1954 1972
1020 71 209 565 699 870 898 1160 1485 1518 1536 1558 1575 1615 1742 1746
1081 63 102 139 306 364 658 841 881 989 1173 1601 1710 1880 1883 1981
1361 99 235 331 369 446 565 696 844 857 1084 1971
1406 32 81 332 514 899 953 967 1003 1019 1090 1203 1213 1304 1586
1540 19 30 171 238 273 626 715 770 1043 1057 1074 1111 1448 1533 1800 1961
1548 320 678 706 855 1194 1360 1528 1651
1571 49 729 1239 1281 1366 1460 1565 1942 1985 1991
1576 191 365 628 811 967 1041 1109 1131 1150 1249 1351 1391 1448 1861
1654 41 189 312 632 637 895 1095 1348
1995 47 88 218 278 620 684 867 1139 1412 1431 1456 1510 1986 1990
13 397 453 696 794 853 949 1058 1302 1308 1331 1430 1543 1800 1878 1989
397 23 289 360 428 833 969 1027 1067 1208 1240 1416 1588 1662 1806
453 202 360 649 702 771 930 1120 1175 1434 1629 1762 1870
696 157 229 394 446 638 861 1212 1903 1906 1918
794 55 447 479 531 539 746 822 892 894 933 952 1253 1278 1408 1443 1529 1575 1778 1822 1828
853 66 68 87 447 653 687 863 1006 1196 1422 1707 1791
949 28 333 714 814 1070 1134 1142 1268 1355 1375 1750 1858
1058 31 50 84 437 954 1168 1280 1785 1922
1302 89 469 706 848 926 1280 1514 1515 1973
1308 1172 1247 1354 1429 1607 1732 1793 1856 1880
1331 74 245 332 362 534 536 865 985 1038 1112 1173 1248 1279 1288 1662 1925
1430 14 71 456 514 549 955 1093 1097 1279 1326 1489 1552 1736 1744 1757 1910 1967
1543 32 168 197 201 423 614 1056 1099 1116 1291 1337 1510 1566
1800 39 99 365 422 779 978 1017 1515 1537 1784
1878 132 183 515 618 653 1466 1546 1790 1861 1977
1989 135 169 304 372 429 471 630 729 936 1132 1277 1482 1547 1594 1725 1749 1773 1831 1931
14 102 210 343 345 546 552 571 687 862 998 1190 1272 1278 1852 1914 1951
102 22 306 349 389 510 690 813 827 927 1206 1258 1468
210 236 275 756 838 888 1086 1364 1371 1515 1702 1781 1925
343 48 371 395 481 529 555 621 977 1009 1035 1130 1294 1412 1421 1518 1758 1923
345 105 153 207 485 1040 1495 1527 1629 1660 1897 1903
546 60 323 598 864 1065 1400 1428 1657
552 77 148 247 465 512 524 951 1070 1207 1414 1483 1490 1617 1717 1826 1993 1997
571 308 407 477 783 1172 1180 1295 1364 1470 1617 1922
687 23 168 283 714 800 866 1021 1113 1244 1318 1790 1808 1852 1982 1994
862 17 36 87 280 408 436 536 633 641 903 1190 1205 1374 1553 1823 1833 1897 1970
998 114 199 289 298 350 364 445 493 646 667 901 1238 1398 1471 1769 1825 1918 1936
1190 29 111 651 777 1017 1055 1083 1448 1689 1705 1884 1918 1991
1272 196 294 541 559 603 760 854 1157 1262 1493 1544
1278 51 253 323 327 395 600 612 749 762 834 1334 1451 1668 1753 1829 1851 1908
1852 57 106 237 272 319 711 725 798 850 860 892 910 964 971 1239 1344 1706 1936
1914 402 444 474 841 959 1150 1379 1588 1737 1892 1972
1951 197 248 315 405 609 637 648 999 1007 1185 1299 1347 1772 1826 1981
15 73 103 153 193 232 625 635 738 837 841 1106 1347 1397 1451 1498 1527 1586 1719 1948 1969
73 34 83 299 728 886 1115 1126 1354 1773
103 557 715 872 903 1053 1157 1447 1460 1534 1564 1626 1954
153 492 535 1176 1221 1274 1312 1318 1362 1490 1541 1719 1821 1974
193 42 105 230 368 451 539 756 895 951 1125 1146 1203 1425 1435 1770 1811 1834 1850 1980
232 313 454 479 607 619 720 782 837 1090 1122 1326 1441 1485 1506 1546 1583 1650 1848 1850 1877 1965
625 22 59 67 129 208 285 568 599 863 1368 1557 1600 1608 1624
635 59 60 89 91 296 359 362 378 398 445 459 697 811 907 1114 1381 1439 1527 1541 1551 1605 1607
738 17 211 252 309 378 617 636 900 936 968 977 1237 1279 1280 1487 1544 1572 1664 1676
837 43 92 168 256 302 607 613 670 688 726 875 1025 1026 1150 1344 1652 1792 1885
841 82 216 677 715 969 971 1104 1340 1400 1618
1106 79 312 350 447 676 919 973 984 1318 1371 1387 1524 1572 1733
1347 48 121 134 296 479 811 1012 1319 1472 1512 1815 1898 1983
1397 88 553 604 652 824 953 964 1030 1079 1091 1208 1246 1247 1379 1403 1426 1528 1662 1788 1873
1451 106 117 152 202 252 323 344 351 557 706 714 813 886 1157 1166 1664 1912
1498 286 352 572 759 901 1316 1402 1511 1671
1527 89 93 166 182 394 524 856 1028 1076 1115 1189 1473 1477 1749
1586 46 129 282 300 327 1185 1189 1391 1411 1422 1441 1470 1627 1770 1880
1719 36 45 159 169 249 486 539 597 742 783 811 946 958 1085 1150 1222 1236 1488 1663 1712 1714 1762 1817
1948 660 722 996 1243 1253 1341 1400 1712 1873 1923 1941 1969
1969 46 262 306 457 515 693 971 1012 1186 1233 1636 1716 1954
16 474 504 602 1053 1161 1186 1382 1441 1503 1623 1671 1698 1721 1893
474 86 196 516 613 726 884 1100 1184 1214 1295 1824 1932
504 508 515 583 598 626 732 1177 1179 1180 1386 1813 1860 1882
602 45 74 227 370 619 1030 1111 1174 1177 1335 1382 1466 1546 1851 1857 1892
1053 43 206 328 523 798 909 948 997 1248 1281 1408 1596 1603 1757
1161 143 697 785 799 820 1358 1378 1393 1433 1875 1897 1931
1186 254 279 467 478 877 902 965 1086 1088 1358 1388 1534 1763 1784 1821 1991
1382 84 130 580 630 697 850 1172 1179 1273 1303 1325 1343 1353 1379 1897 1927 1986
1441 216 355 473 771 802 905 1061 1132 1162 1362 1466
1503 88 273 331 514 748 771 845 1062 1143 1159 1277 1320 1664 1678
1623 31 182 549 624 678 816 942 1122 1125 1378 1401 1636 1648 1708 1758 1791 1940
1671 104 106 269 329 597 624 732 799 1300 1477 1608 1896 1901
1698 32 65 123 306 886 1079 1098 1424 1523 1918 1950
1721 643 727 951 1006 1015 1100 1375 1413 1525 1572 1926
1893 366 407 439 681 742 910 967 1617 1706 1845
17 127 180 268 435 510 607 840 861 1182 1417 1421 1594 1640
127 77 173 507 695 813 880 926 1062 1191 1613 1647
180 141 630 689 842 1384 1692 1766 1877 1903 1917 1944
268 22 45 90 263 280 439 480 849 1119 1147 1297 1311 1314 1421 1530 1617
435 91 96 252 276 318 429 763 1031 1448 1615 1828 1927 1934
510 151 220 249 519 550 637 700 870 884 897 1417 1559 1563 1809 1928 1932
607 312 525 605 656 717 742 1102 1169 1337 1439 1530 1612 1642 1816 1947
840 436 530 668 715 1075 1165 1320 1599 1675 1679 1694 1750 1819 1826
861 77 146 178 273 309 396 555 673 782 1069 1075 1108 1219 1736 1759 1788 1828 1880
1182 36 438 479 514 1063 1148 1230 1304 1366 1380 1568 1794 1869 1993
1417 121 184 266 531 534 700 966 1189 1565 1599 1697 1760
1421 406 648 814 929 1025 1122 1210 1237 1367 1913
1594 49 144 372 447 892 962 1087 1195 1354 1402 1758 1792
1640 228 258 308 478 486 487 776 1295 1319 1566 1627 1649 1665 1801 1874 1950
18 146 249 250 664 699 913 964 1146 1400
146 382 445 484 1025 1035 1055 1400 1487 1490 1758 1796 1949
249 30 209 354 394 432 520 530 548 719 731 792 812 860 894 1232 1644 1695 1704 1772 1866
250 467 1001 1114 1393 1532 1619 1738 1870 1987
664 169 228 757 940 1044 1098 1118 1201 1205 1229 1478 1777 1851
699 98 100 592 700 741 901 1055 1248 1256 1357 1422 1444 1493 1535 1814 1884 1936
913 378 497 647 718 736 1049 1228 1524 1615 1812
964 381 387 451 543 838 847 869 1076 1097 1359 1363 1456 1784 1954 1998
1146 51 267 764 771 797 851 977 1185 1223 1253 1522 1780
1400 81 477 503 560 632 850 880 1305 1659 1844
19 112 212 252 327 360 373 443 621 736 792 896 902 1044 1300 1595 1666 1689 1790 1841 1862
112 161 184 346 375 439 672 793 865 1017 1188 1355 1393 1605 1682 1727 1832
212 144 207 288 509 514 769 888 924 1045 1475 1493 1595 1944
252 37 87 151 1017 1122 1176 1291 1375 1414 1458 1597 1737 1791 1884
327 278 288 308 396 438 471 667 706 728 733 952 1273 1326 1412 1518 1769 1832 1856
360 152 443 455 1026 1056 1485 1706 1726 1757
373 147 225 351 502 744 1192 1216 1243 1252 1460 1563 1564 1747 1851 1879
443 50 157 320 429 588 691 721 1290 1492 1610
621 66 96 175 201 294 416 465 502 573 676 712 1012 1237 1371 1524 1687 1864
736 163 387 481 580 584 603 671 982 1476 1725
792 49 64 196 423 672 684 811 1336 1697 1965
896 273 440 464 617 976 1088 1137 1300 1313 1364 1650 1863
902 34 131 411 470 476 507 557 679 735 761 884 900 940 967 979 1332 1475 1582 1606 1704 1815 1832 1891 1942 1986
1044 53 707 923 966 1010 1028 1046 1138 1204 1219 1334 1342 1412 1535 1756
1300 50 107 158 358 506 653 880 916 1345 1556 1587 1727 1743 1806 1816 1891 1899
1595 144 271 439 513 834 1025 1034 1290 1358 1375 1384 1596 1672 1704 1752 1896 1964
1666 20 183 334 944 979 1151 1628 1653 1787 1857
1689 151 561 887 935 942 1351 1428 1521 1940
1790 218 370 651 662 714 844 855 987 1316 1455 1526 1699 1820 1881
1841 52 167 432 466 688 768 816 924 1218 1672 1967
1862 62 188 192 536 702 768 893 1050 1159 1270 1274 1647 1679 1736 1772 1835
20 160 614 980 1116 1348 1402 1659 1675 1870
160 87 91 166 220 318 392 477 639 901 1017 1120 1226 1416 1644 1722 1777 1909 1950
614 299 742 1201 1328 1454 1474 1673 1725 1764 1853
980 44 45 86 163 266 506 572 660 700 713 943 1015 1040 1085 1177 1478 1533 1908
1116 55 287 350 826 1236 1295 1326 1392
1348 144 159 194 429 541 774 870 871 991 1072 1128 1466 1778 1974
1402 60 81 365 502 922 1002 1054 1132 1135 1259 1270 1295 1383 1919 1986
1659 35 223 295 347 354 390 439 467 871 1019 1070 1337 1582 1686 1795
1675 47 141 194 275 652 733 790 820 857 887 1259 1266 1401 1496 1545 1655 1960
1870 126 219 406 603 1112 1233 1344 1459 1657 1686 1895 1912
21 70 96 309 354 365 515 538 539 608 663 666 844 1079 1733 1738 1921
70 22 218 305 348 350 533 539 835 944 1241 1242 1460 1567 1648 1962
96 151 222 458 700 1004 1033 1236 1343 1381 1393 1413 1636 1770 1871 1890
309 82 284 320 662 754 756 1055 1099 1320 1392 1559 1780 1807
354 33 40 209 315 440 679 743 749 827 885 973 1063 1095 1177 1216 1871
365 555 717 746 835 903 1007 1294 1334 1360 1751 1866
515 116 174 182 243 681 957 1019 1056 1129 1223 1336 1349 1585 1865
538 150 208 269 368 422 503 933 1391 1601
539 660 760 864 934 946 1101 1179 1196 1423 1428 1579 1808 1857 1945 1946 1996
608 29 369 587 709 754 984 1047 1114 1429 1502 1792 1794 1926
663 157 274 347 492 724 920 1102 1226 1393 1628 1668 1681 1765 1772 1823 1958 1983
666 491 500 505 833 965 987 996 1214 1292 1299 1631 1634
844 126 293 352 476 743 799 966 1233 1271 1305 1357 1395 1486 1524 1593 1736 1749 1882
1079 525 698 741 1057 1239 1541 1624 1979
1733 139 150 161 189 281 482 545 610 860 918 1064 1301 1864 1925 1998
1738 204 545 593 659 727 877 1254 1351 1438 1509 1583 1607 1629 1699 1796 1848
1921 26 104 236 247 256 421 587 656 808 1041 1092 1148 1195 1226 1285 1415 1564 1588
22 39 377 394 480 565 870 889 1618 1644 1668
39 107 199 228 385 485 549 748 790 1013 1055 1083 1366 1375 1612 1750 1837
377 66 89 254 405 624 992 1350 1884 1941
394 81 454 590 947 1433 1460 1732
480 163 290 392 514 643 826 1063 1662 1663 1873
565 91 298 483 1014 1391 1501 1606 1674 1799 1880 1928
870 98 217 255 372 406 682 748 1013 1341 1424 1443 1802
889 698 708 772 892 1325 1362 1453 1624 1792 1832 1864
1618 196 219 901 1176 1778 1857
1644 104 205 342 356 468 692 729 763 926 987 989 1004 1115 1255 1329 1811 1823
1668 168 315 541 610 720 1000 1008 1270 1297 1507
23 115 296 434 961 1162 1163 1298 1772 1956 1971
115 41 201 214 230 255 265 530 537 909 1016 1025 1605 1665 1810 1828 1833 1945
296 149 310 347 411 467 545 548 833 1252 1311 1547 1660 1820
434 198 295 497 672 876 1003 1159 1270 1334 1939 1965 1982
961 348 375 470 610 744 977 1405 1431 1455 1493 1538 1546 1551 1706
1162 66 265 471 617 821 978 1122 1312 1375 1510 1817 1820 1886 1954
1163 80 231 361 405 586 773 1094 1274 1358 1931
1298 321 388 389 527 704 1386 1422 1597 1826 1873 1977
1772 29 34 93 240 311 381 416 421 626 1030 1297 1411 1456 1489 1599 1714 1857 1937 1956 1967
1956 53 209 282 410 501 671 851 975 1051 1215 1401 1865
1971 144 478 518 521 739 1086 1477 1848 1960 1981
24 120 400 766 1306 1428 1764
120 40 223 436 781 863 1061 1100 1262 1380 1658 1817 1866 1930
400 74 90 150 466 642 759 911 1135 1876 1881
766 185 306 383 417 560 641 711 849 892 917 1085 1392 1508 1512 1734 1750
1306 242 316 514 1159 1263 1836 1850
1428 34 64 92 206 651 671 1029 1863 1892
1764 34 118 202 300 695 1015 1030 1288 1379 1450
25 104 161 169 241 545 690 833 987 1216 1582 1676 1759
104 374 1240 1317
161 94 194 392 739 824 842 1124 1205 1221 1902
169 54 211 286 376 519 545 773 850 975 1075 1175 1275 1670 1865 1885
241 228 273 283 290 424 897 936 937 987 1626 1629 1746 1838
545 154 358 424 505 531 780 1119 1293 1305 1701 1910
690 60 202 446 511 578 603 653 712 732 849 894 927 1181 1227 1291 1320 1528 1655
833 37 59 99 247 279 448 484 530 537 677 776 848 1230 1885 1980
987 410 516 547 908 927 1056 1152 1801 1879 1994
1216 63 144 168 437 583 632 705 795 826 874 965 1805 1947
1582 51 154 186 266 350 550 697 863 926 984 1035 1177 1276 1509 1567 1814 1838 1925 1997
1676 316 452 592 633 850 863 895 1301 1670 1762 1768 1806 1856 1889
1759 40 44 385 590 826 886 934 1000 1036 1291 1472 1590 1786
26 230 258 351 358 463 884 1030 1062 1080 1268 1340 1512 1558 1655 1812 1850
230 321 350 467 785 818 1088 1550 1568 1757 1780 1939
258 81 133 158 189 336 416 712 761 991 1229 1240 1247 1375 1499 1591 1828 1965
351 272 294 411 562 752 763 826 876 878 900 963 1034 1101 1327 1597 1788
358 254 283 495 718 1630 1760 1811 1838
463 35 280 308 323 405 558 606 647 778 1241 1257 1291 1312 1325 1339 1572 1709 1720
884 135 149 227 305 1028 1038 1102 1165 1253 1363 1469 1603 1634 1682 1838 1847 1963
1030 143 156 421 446 522 734 813 817 1507 1751
1062 47 107 392 495 594 1065 1082 1114 1177 1194 1218 1423 1459
1080 277 446 638 641 754 1057 1093 1142 1207 1536 1784 1865 1927
1268 29 83 218 227 390 604 752 945 1033 1353 1388 1403 1490 1509 1605 1656 1682
1340 173 362 396 637 1194 1215 1388 1532 1637
1512 122 516 895 996 1349 1662 1904
1558 236 348 448 675 717 858 1097 1112 1303 1605 1652
1655 63 100 374 396 404 535 601 901 971 1088 1170 1241 1501 1855
1812 43 200 267 398 467 741 815 922 928 1047 1088 1101 1442 1750
1850 34 277 305 382 594 807 933 956 1028 1064 1270 1396 1433
121 227 274 401 466 483 691 750 838 881 1100 1537 1783
171 53 292 659 719 776 878 1055 1108 1142 1288 1356 1553 1657 1747
236 35 79 117 465 948 996 1311 1529 1627
278 133 135 257 709 860 958 968 1009 1766 1907 1978
304 293 512 1184 1526 1977
356 125 793 829 866 882 1953
368 92 113 307 509 1197 1215 1232 1390 1474 1634 1701 1753 1849 1901 1964
532 506 829 1029 1230 1396 1418 1429 1494 1565 1731 1896 1923 1958
694 223 269 580 596 651 669 847 996 1040 1101 1151 1353 1432
745 80 194 470 529 681 843 1000 1094 1120 1122 1178 1267 1506 1884 1891
823 147 198 330 579 676 1025 1466 1580 1629 1950
924 99 270 299 317 651 793 848 948 1136 1419 1743 1744
975 81 142 257 357 642 761 946 984 1220 1254 1440 1744
1046 173 381 451 1247 1274 1279 1325 1394 1476 1501 1597 1702 1877
1404 88 254 308 323 579 670 954 1095 1384 1513 1580 1650 1739 1777 1818 1828 1943
1624 51 234 493 583 592 749 789 798 817 866 1229 1356 1715
1632 53 387 733 1478 1888 1930 1986
1731 132 433 611 688 697 826 996 1047 1649 1827 1906
1916 57 256 320 324 449 630 797 927 1025 1154 1176 1516 1605 1891 1975
28 105 182 579 597 671 725 780 1056 1063 1151 1222 1257 1297 1895
105 38 66 256 559 846 1252 1501 1664
182 81 740 758 830 898 943 1287 1469 1561
579 323 337 810 1218 1351 1375 1396 1490 1621 1636
597 275 298 401 454 506 613 954 1005 1007 1082 1176 1189 1238 1467 1529 1664 1908 1987
671 317 330 429 830 1016 1027 1028 1057 1064 1494 1514 1587 1664 1787 1902 1981
725 137 322 549 757 876 1064 1091 1237 1327 1533 1565 1739 1976
780 114 338 352 455 652 653 908 1113 1362 1366 1515 1747
1056 131 207 208 234 457 724 1294 1325 1337 1354 1363 1364 1367 1528 1716 1810 1837 1863 1892
1063 361 428 642 705 822 1131 1318 1479 1546 1746
1151 316 348 482 720 817 917 953 1011 1206 1679 1856
1222 123 628 645 713 942 1386 1456 1614 1627 1710 1725 1869 1874 1889 1964 1965
1257 44 53 62 261 324 440 469 516 533 1137 1179 1209 1326 1385 1636 1953 1965
1297 92 196 282 284 739 887 1000 1005 1433 1472
1895 67 206 208 517 555 603 632 797 1014 1109 1253 1310 1339 1504 1568 1741
29 272 677 719 808 846 962 1008 1368 1826
272 202 336 705 934 1069 1267 1590 1609
677 34 78 283 341 449 596 619 708 933 1091 1152 1391 1529 1610 1810 1855 1901 1927
719 407 421 422 594 620 668 1007 1075 1108 1196 1524 1846 1863
808 35 137 447 497 642 757 815 952 1000 1092 1650 1775 1845 1853
846 133 325 439 651 781 815 854 944 973 1078 1139 1419 1538
962 130 208 237 529 547 1303
1008 128 211 353 420 676 1142 1768
1368 48 55 196 483 576 578 660 672 852 887 1034 1193 1453 1707 1804
1826 35 126 211 281 452 537 960 1113 1120 1343 1514 1755 1928 1970
30 50 101 235 588 915 928 1034 1097 1134 1211 1275 1313 1351 1424 1472 1898
50 124 154 634 762 810 851 1067 1099 1109 1516 1528 1701 1752
101 312 500 978 993 1265 1564 1833 1993
235 48 156 204 670 795 933 986 1034 1844 1882
588 172 229 260 291 774 845 1193 1336 1524 1725 1854
915 46 262 448 561 688 731 916 946 1017 1107 1258 1336 1426 1523 1530 1642 1715 1748 1786 1883 1935
928 289 630 740 744 1454 1566 1686 1829 1977
1034 223 573 667 734 1088 1369 1541 1680 1763 1846
1097 32 44 149 312 337 583 1209 1720 1868
1134 172 203 276 478 618 1026 1125 1337 1573 1650 1685 1821 1825 1959 1970 1972 1976
1211 55 255 256 325 438 505 582 912 1022 1072 1267 1409
1275 273 308 1102 1319 1529 1598 1679 1927
1313 455 500 518 626 665 708 783 940 1141 1200 1246 1280 1552 1742 1808
1351 366 493 1040 1065 1105 1126 1327 1459 1541 1646 1844 1891
1424 342 503 1301 1327 1416 1445 1552 1629 1807 1809 1890 1903 1922
1472 192 240 245 253 523 605 618 1184 1364 1515 1846
1898 47 145 240 413 726 741 799 1086 1129 1167 1181 1323 1674 1747
31 87 174 191 245 592 770 843 923 956 1076 1210 1656 1928
87 92 152 211 313 425 493 594 869 898 905 918 943 1112
174 255 378 596 700 1078 1101 1289 1379 1425 1443 1610 1613 1794
191 77 337 618 688 898 1038 1104 1774 1778
245 113 151 156 477 824 886 1273 1476 1722 1860
592 157 190 692 820 1096 1124 1160 1352 1425 1706 1710
770 32 378 416 423 461 754 1112 1192 1327 1561 1757 1774
843 113 466 732 1253 1835
923 457 620 731 816 842 863 1076 1111 1173 1510 1513 1535 1575 1626 1694
956 254 491 598 883 957 1087 1149 1171 1214 1232 1288 1291 1359 1386 1606 1704 1783
1076 134 207 234 253 292 302 449 482 521 611 845 1040 1137 1403 1547 1665 1795 1957
1210 778 793 887 903 959 1383 1427 1509 1532 1822 1834 1928 1980
1656 372 563 695 752 1017 1082 1579 1756
1928 509 691 754 797 817 855 899 986 1010 1057 1180 1439 1709 1746
32 315 323 333 605 711 908 922 1341 1822 1832
315 459 472 583 610 1002 1028 1267 1357 1829
323 113 152 208 303 681 968 1052 1075 1145 1185 1251 1473 1725 1965 1970
333 197 254 317 344 425 1253 1352 1389 1487 1513 1588 1679 1715 1882
605 113 198 1069 1218 1553 1715 1937
711 35 219 307 311 340 349 507 737 812 1018 1103 1239 1339 1528 1605 1843 1943
908 218 385 386 502 517 786 1288 1467 1814 1890 1892 1903
922 259 325 441 447 542 615 761 882 1004 1096 1373 1817 1831 1848
1341 36 126 243 275 461 580 847 1583 1629 1847 1861 1949
1822 36 48 58 320 331 383 444 615 698 907 936 1164
1832 192 355 396 402 466 647 753 897 1092 1167 1288 1525 1610 1709 1910
33 231 257 270 553 874 1009
231 37 72 130 375 601 789 855 1436 1455 1677 1707 1978
257 163 317 441 491 647 720 851 859 1070 1114 1123 1221 1611 1746
270 447 646 720 749 758 829 1192 1251 1432 1513 1936 1952 1987
553 84 137 399 483 1125 1198 1292 1936
874 129 137 196 286 287 357 577 1165 1289 1325 1427 1475 1637 1663 1795
1009 173 859 955 1174 1235 1463 1470
34 83 1015 1769 1881
83 381 728 757 848 886 1057 1105 1185 1454 1844
1015 69 100 132 387 511 658 994 1100 1476 1524 1580 1930
1769 43 118 156 284 407 476 541 563 685 692 945 955 1014 1022 1057 1251 1364 1861
1881 90 99 131 154 398 410 508 580 606 849 959 1120 1516 1598 1818
35 119 139 194 222 432 805 979 1147 1194 1333 1583 1811
119 48 292 321 1104 1220 1333 1344 1455 1522 1572 1611 1628 1932 1945 1982
139 166 186 599 857 1225 1508 1535 1547 1553 1590
194 183 417 481 647 807 899 906 1385 1408 1463 1536 1936
222 163 616 704 779 1072 1102 1389 1662
432 129 288 299 326 491 507 568 705 781 960 1125 1128 1191 1749 1837 1897 1936
805 190 289 514 551 594 1070 1074 1343 1345 1395 1619 1847 1901
979 293 346 429 604 665 1083 1263 1712 1864
1147 144 238 470 688 906 1026 1137 1181
1194 113 207 426 501 627 1082 1132 1291 1453 1747 1760 1959
1333 496 536 729 788 1135 1137 1293 1345 1802
1583 493 649 697 741 793 903 1082 1179 1326 1334 1391 1533 1630 1730 1753 1901
1811 40 293 904 1180 1291 1316 1391 1434 1750 1935
36 59 89 369 767 1091 1173 1207 1396 1433 1658 1897 1981
59 145 606 705 706 992 1002 1317 1564 1712
89 93 163 206 382 516 520 756 802 863 1326 1458 1697
369 57 99 100 248 286 606 697 709 762 778 790 824 901 948 965 1114 1385 1613 1670
767 151 199 209 229 299 976 1214 1438 1442 1770 1859 1962
1091 74 380 645 695 807 818 826 1258 1360 1365 1386 1409 1597 1680 1821 1927
1173 203 477 734 898 1137 1168 1352 1408 1426 1492 1799 1885
1207 206 452 524 576 594 653 701 1166 1254 1537 1541 1634 1828
1396 147 338 759 795 802 939 1224 1366 1447 1538
1433 93 350 445 1022 1240 1249 1332 1652 1657 1885 1942
1658 68 137 264 392 749 967 978 1215 1315 1391 1749 1793
1897 85 466 560 1096 1694 1872
1981 234 467 1198 1227 1682 1757 1815
37 173 509 626 744 826 863 945 970 1206 1620 1838 1871 1879 1942
173 437 976 1135 1310 1371 1447 1493 1696 1908 1993
509 533 675 754 982 1243 1332 1376 1429 1533 1538 1606 1663 1739 1793 1901
626 391 396 679 1102 1292 1426
744 178 240 291 735 1405 1528 1575 1777 1802 1976 1997
826 859 984 1336 1480 1530 1857 1903
863 71 74 117 145 646 786 1148 1253 1299 1336 1487 1677 1807 1816 1932 1959
945 541 542 580 890 1286 1425 1475 1502 1580 1694
970 98 436 525 702 852 1478 1555 1834 1855 1901
1206 172 213 349 633 779 1077 1142 1170 1349 1695 1705
1620 1012 1029 1160 1215 1355 1449 1515 1965
1838 326 876 960 1069 1423 1552 1587 1699 1705 1868
1871 74 149 203 476 522 636 665 1016 1237 1285 1376 1896
1879 199 266 292 634 936 1043 1551 1663 1735
1942 303 353 409 551 582 667 1603 1692 1798 1860
38 132 516 1064 1166 1267 1390 1504 1506 1653 1761 1810
132 604 927 1074 1135 1145 1280 1479 1507 1541
516 276 548 646 1126 1273 1373 1514 1937
1064 198 234 898 1122 1411 1760 1984
1166 563 685 866 976 1103 1136 1221 1373 1563 1777 1831
1267 63 66 189 285 308 424 612 829 866 910 1188 1419 1427 1687
1390 91 482 760 789 864 1007 1086 1195 1218 1479 1799 1824
1504 42 185 216 620 682 692 1061 1100 1200 1394 1479 1559 1672 1742 1753
1506 383 485 672 731 737 821 910 955 1450 1774
1653 364 405 537 600 935 965 1048 1054 1099 1419 1629 1845 1908
1761 1398 1419 1515 1825 1859
1810 596 883 1137 1425 1572 1634
107 100 197 318 320 325 370 436 484 768 866 1012 1013 1037 1374 1444
199 46 575 583 800 1011 1012 1387 1941
228 66 123 150 449 838 1318 1476 1688 1789 1808
385 135 137 238 531 804 958 1128 1192 1335 1619 1720 1922
485 154 273 427 470 620 919 1006 1068 1228 1355 1380 1393 1450 1513 1546 1808 1986
549 242 352 559 698 856 972 1196 1243 1438 1579 1741 1935 1939
748 280 391 466 878 1095 1569 1988
790 77 229 260 422 1051 1253 1596 1849 1856
1013 151 531 536 548 609 746 817 1380 1970
1055 91 596 718 720 733 971 984 1285 1444 1467 1566 1661 1835 1882 1947
1083 201 208 234 317 558 718 757 777 893 935 1072 1115 1529 1649 1943 1990
1366 378 466 613 617 817 821 845 926 1318 1359 1545 1686 1975
1375 47 321 582 591 1003 1354 1468 1485 1514 1735 1979
1612 159 310 404 469 642 698 810 1069 1073 1112 1266 1664 1722 1859 1941
1750 65 352 563 619 672 820 876 1001 1538 1545 1588 1722
1837 162 254 446 450 491 734 771 1126 1252 1293 1439 1639 1792 1817 1993
40 427 501 1589 1630 1796 1984
427 293 331 347 407 533 1047 1067 1157 1180 1294 1367 1376 1381 1401 1857 1975
501 60 123 149 573 580 877 967 1150 1256 1301 1573 1799 1813
1589 291 336 470 656 802 877 1007 1160 1252 1425 1496 1505 1715 1824 1829 1945
1630 116 130 188 795 909 926 1057 1219 1320 1450 1572 1774 1809 1910
1796 248 604 670 779 1032 1408 1970
1984 285 340 459 643 835 1075 1084 1505 1522 1542 1657 1986
41 64 217 276 729 885 944 976 1681 1730 1817
64 133 286 301 322 682 782 1237 1318 1322 1393 1547 1551 1601 1930
217 166 349 562 825 867 954 959 983 1032 1126 1209 1243 1468 1708 1819 1858 1886 1965 1993
276 130 167 525 712 768 796 799 944 1355 1358 1741 1876 1884 1912
729 229 528 562 726 1096 1392 1511 1699 1976
885 186 198 512 684 838 859 871 1142 1328 1374 1388 1469 1491 1934 1958
944 638 1246 1304 1856 1861 1962 1979
976 63 195 269 596 1189 1247 1321 1403 1490 1546 1884 1885 1930
1681 113 753 762 768 830 1007 1035 1532 1744
1730 281 456 470 529 639 810 996 1144 1473 1677 1752 1985
1817 188 306 407 634 649 667 866 1082 1101 1360 1715 1758 1831 1869 1920
42 117 195 322 326 338 425 557 1905 1960
117 137 408 441 781 1447 1514 1585
195 186 536 831 1304 1415 1488 1603 1747 1876
322 100 298 464 715 762 771 795 816 941 1073 1124 1273 1880 1959
326 299 852 954 1124 1322 1478 1489 1492 1696 1888 1991
338 98 355 467 764 1338 1556 1636 1702 1742 1935 1960
425 269 328 386 642 1095 1149 1197 1685 1865 1943
557 53 404 799 857 1154 1238 1271 1508 1534 1575 1601
1905 65 94 192 255 361 966 1050 1274 1357 1456 1798 1805 1939 1967 1999
1960 391 899 1188 1563 1763 1768 1784 1842 1978
43 141 164 514 591 700 878 887 1578 1606 1753 1804
141 325 341 709 842 909 1265 1493 1494 1525 1575 1714 1760 1808 1941 1963
164 418 524 848 907 1477 1755 1973 1994
514 90 185 246 292 440 701 937 1018 1077 1247 1385 1453 1600 1849 1911
591 52 124 137 567 989 1122 1279 1321 1978
700 248 260 773 917 942 1067 1185 1196 1312 1560 1931
878 697 984 985 1213 1281 1356 1473 1669 1923
887 62 72 478 523 992 1137 1168 1304 1358 1367 1471 1473 1591
1578 220 255 337 789 822 881 1184 1189 1450 1600 1739 1906
1606 384 758 782 1102 1542 1695 1836 1863 1998
1753 143 527 712 1057 1412 1674 1743 1792
1804 818 1021 1159 1287 1429 1510 1541 1639 1695 1766 1855 1884
44 51 422 472 478 612 665 724 762 827 1051 1065 1131 1818 1985
51 137 265 371 573 764 1117 1144 1171 1780
422 246 247 376 527 543 668 1068 1181 1258 1279 1323 1353 1646 1854 1994
472 49 53 129 550 741 764 1007 1078 1082 1226 1314 1321 1466
478 145 163 624 933 1425 1546 1827 1911 1931
612 77 128 303 520 662 880 1135 1177 1294 1295 1412 1686 1734 1843 1970
665 372 585 972 1019 1271 1710 1778 1786 1798
724 78 291 481 600 613 634 753 835 849 1017 1326
762 401 433 1263 1317 1323 1409 1537 1661 1760
827 519 997 1150 1354 1408 1438 1541 1611 1619 1652 1743 1845
1051 129 214 227 408 560 662 1244 1378 1500 1547 1686
1065 158 207 287 383 797 821 1029 1229 1271 1385 1502 1682 1717 1875 1900 1918 1931
1131 74 357 568 891 899 1007 1043 1320 1380 1479 1500 1617 1749 1789
1818 357 547 586 620 1037 1434 1598 1913
1985 55 58 111 135 185 305 359 452 533 559 568 746 820 1087 1181 1215 1240 1321 1434 1732 1814 1835 1890 1920
45 62 80 81 347 511 641 1093 1240 1326 1570 1775 1907 1932
62 281 455 893 997 1213 1290 1393 1752 1809 1814
80 48 523 1339 1663 1687 1807 1834 1915
81 209 660 688 795 909 1228 1358 1706
347 216 778 1463 1486 1831 1866 1904
511 114 206 930 965 1311 1315 1367 1473 1686 1737
641 113 144 283 413 481 758 816 895 1218 1436 1449 1483 1496 1651 1706 1727 1799
1093 156 325 416 505 593 705 732 774 810 886 1107 1185 1743
1240 264 405 754 875 910 993 1072 1101 1197 1537 1560 1628 1962
1326 533 555 996 1242 1523 1695 1906 1998
1570 328 331 467 584 652 658 927 940 1320 1854
1775 114 401 405 447 939 1909 1996
1907 126 178 189 240 376 440 598 807 1033 1094 1170 1243 1572 1669 1919 1935
1932 57 821 1249 1345 1492 1522 1611 1934
46 202 291 459 505 877 893 927 985 1143 1337 1440 1534 1565 1603 1628 1931 1935
202 370 409 421 716 812 907 946 1032 1078 1483 1763 1908
291 152 568 831 1360 1443 1551 1927
459 157 658 731 1203 1422 1496 1687
505 206 225 307 492 1090 1176 1958
877 93 128 130 359 529 554 598 764 1050 1281 1694 1835 1926
893 330 418 439 675 1328 1371 1411 1848 1883
927 90 273 344 417 569 600 969 1485 1495 1788
985 142 201 277 409 609 627 930 1381 1445
1143 204 324 467 1167 1169 1170 1413 1483 1485 1501 1509 1611 1715 1899 1920 1979
1337 49 148 175 205 601 702 709 776 1074 1553 1646 1687
1440 63 176 286 573 714 866 909 951 1119 1165 1281 1442 1467 1829 1869
1534 172 292 364 390 782 798 815 941 1096 1475 1494 1601 1765
1565 67 269 598 1258 1469 1556 1944
1603 277 517 667 746 807 1074 1196 1301 1411 1842 1866 1883 1973
1628 247 658 695 903 1078 1223 1409 1455 1754 1755 1890
1931 487 1006 1045 1128 1455 1771 1827 1972
1935 726 752 796 894 951 1075 1263 1274 1304 1325 1353 1372 1510 1679
47 490 628 1227 1270 1381 1513 1687 1695
490 167 477 611 689 717 814 991 1011 1215 1758 1776 1786 1847 1906
628 166 204 213 308 894 941 1026 1035 1052 1128 1165 1316 1360 1459 1616 1863
1227 144 405 495 731 756 1332 1786 1915
1270 111 282 357 482 617 756 954 1184 1323 1744
1381 311 417 491 708 811 953 1460 1485 1637 1743 1939
1513 142 214 336 610 649 758 860 1114 1124 1157 1172 1246 1327 1468 1545 1619 1637 1744 1886
1687 469 525 619 911 1092 1112 1135 1374 1607
1695 82 454 576 850 1174 1200 1224 1674 1739
48 57 316 317 1005 1011 1102 1355 1614 1686 1961
57 234 352 523 1092 1466 1615 1763
316 525 685 753 969 1040 1344 1505 1631 1957
317 99 512 707 756 1038 1247 1259 1325 1490 1646 1720 1725 1828 1976
1005 60 331 988 1455 1521 1755 1814 1844 1986
1011 122 508 603 695 737 816 1352 1480 1776
1102 399 613 619 852 1107 1547 1791 1823 1853 1860 1873 1904
1355 303 389 461 559 642 645 670 672 716 763 816 910 1152 1223 1342 1478
1614 310 647 697 1118 1273 1398 1411 1429 1569 1617 1706 1717 1771 1863 1906 1952 1957 1990
1686 88 157 204 211 218 284 479 610 613 968 1084 1553 1773 1911 1947
1961 55 100 205 483 529 570 721 1197 1925 1978
49 259 562 613 946 959 1025 1380 1483 1522 1593 1746 1851 1889 1982
259 517 1184 1843
562 262 765 1087 1619 1819
613 94 388 525 982 1218 1478 1910
946 192 219 349 848 947 1105 1232 1550 1575 1690
959 417 518 1388 1858 1968
1025 567 701 723 807 1427 1456 1530 1714
1380 74 297 401 429 697 709 936 1002 1010 1054 1212 1943
1483 55 114 295 386 785 845 1144 1179 1748
1522 269 301 399 417 548 555 717 842 856 992 1090 1160 1167 1188 1474 1505 1773 1774 1978
1593 656 788 1073 1664 1923
1746 58 214 470 599 647 965 1075 1269 1465 1494 1824 1829 1845
1851 227 578 653 735 776 1789
1889 207 382 585 593 1288 1665 1755 1806 1856
1982 223 468 536 632 678 929 955 982 986 1019 1119 1349 1476 1485 1572 1635 1722 1986
124 131 219 313 457 563 586 652 682 746 1285 1342 1735 1930
154 125 285 705 933 1139 1317 1320 1601 1662 1973
634 240 413 457 952 1012 1017 1322 1617 1886
810 55 517 793 816 1354 1547 1679
851 72 388 420 482 519 638 918 939 1077 1434 1496 1903 1906 1975
1067 65 90 206 284 380 513 1188 1204 1444 1564 1827 1958
1099 649 1208 1224 1486 1538 1545 1573 1613 1631 1973
1109 273 468 525 555 854 1315 1448 1786
1516 417 777 910 963 1016 1754 1835 1973
1528 69 185 305 308 370 371 1115 1204 1214 1395 1442 1597 1680 1701 1743
1701 248 311 449 726 800 1727 1793 1900
1752 243 541 765 789 872 1277 1352 1395 1476 1541 1854
137 283 876 1041 1150 1365 1648 1891
265 98 147 457 793 939 1012 1115 1495 1553
371 58 144 717 768 845 1049 1193 1203 1223 1369 1756
573 610 732 1074 1100 1160 1510 1552 1899 1979
764 204 785 854 941 1454 1636 1699 1710 1814
1117 74 374 491 848 1006 1104 1335 1670
1144 253 372 1293 1621
1171 106 114 392 420 1027 1201 1532 1690 1807
1780 279 560 572 642 899 1154 1220 1228 1317 1327 1596 1836
52 656 777 1018 1054 1124 1230 1515 1872 1925
656 213 610 646 742 890 1392 1414 1439 1489 1551 1598
777 209 346 709 811 842 864 890 953 1019 1092 1250 1613 1706 1872
1018 63 77 308 342 789 1448 1488 1492
1054 192 455 702 727 1145 1392 1900 1903 1943
1124 66 206 348 457 714 888 1118 1170 1185 1596 1729 1778 1788 1986
1230 283 337 361 590 957 997 1000 1010 1101 1126 1295 1412 1771 1783 1819 1884
1515 262 483 872 920 941 1103 1236 1247 1411 1458 1829 1883
1872 525 584 620 703 917 1007 1043 1078 1248 1251 1273 1281 1321 1356 1489 1649
1925 280 286 681 821 847 871 1031 1036 1345 1490 1816 1980
53 319 366 473 522 681 1123 1256 1262 1344 1456 1541 1820 1934
319 128 261 531 578 639 722 845 1038 1259 1454
366 201 285 454 471 1037 1042 1159 1392 1488 1616 1793 1964
473 186 554 864 1488 1489 1705 1795
522 94 894 938 1103 1344 1463 1585 1835 1873 1885
681 118 287 534 783 830 905 1204 1226 1405 1674 1736 1809 1866
1123 85 125 555 758 954 1087 1236
1256 125 577 673 688 756 798 871 1028 1209 1383 1751
1262 60 416 752 955 1128 1241 1532 1980
1344 390 741 958 977 1477 1499 1568 1673 1798
1456 312 340 346 428 500 576 741 818 1238 1253 1567 1605 1908
1541 82 324 392 1029 1103 1213 1288 1317 1342 1533 1861 1920
1820 167 216 947 1038 1057 1077 1112 1246 1489
1934 65 705 807 1043 1170 1464 1678 1774
54 168 376 461 530 954 1247 1886 1917 1986
168 756 757 940 1231 1816 1908
376 420 424 492 669 774 875 901 909 936 1160 1359 1450 1573 1650 1657 1801 1825
461 114 131 508 854 935 1007 1198 1507 1617 1758
530 284 633 829 901 1088 1132 1378 1486 1693
954 575 701 1418 1636 1874
1247 670 692 763 991 1521 1690
1886 145 361 534 541 977 1111 1616 1828 1834 1882 1964
1917 285 383 404 639 698 1113 1149 1150 1185 1299 1304 1447 1627 1660
1986 75 99 184 547 676 789 967 1119 1607 1619 1646 1739 1856 1884
55 163 307 375 1919
163 68 392 455 599 695 876 1467 1487 1988
307 916 1078 1416 1785 1854
375 398 421 615 1000 1213 1442 1805
1919 198 321 517 1431 1455 1855
72 320 416 483 541 948 953 1888
157 390 559 703 811 859 1259 1291 1511 1544 1783
267 287 300 388 660 735 772 898 1175 1243 1588 1610
336 465 859 904 957 1050 1095 1674 1801 1819 1835 1920 1997
447 129 208 438 541 938 1125 1393 1568 1652 1765 1783
523 69 134 359 892 1105 1538 1575 1983
575 111 324 352 420 503 559 585 772 882 968 1070 1892
732 188 525 590 933 1141 1439 1500 1639
864 632 669 684 967 1006 1241 1414 1530 1663 1824
1139 216 292 468 534 637 740 842 859 1160 1600 1955 1987
1405 58 379 404 479 610 1068 1126 1367 1419 1468 1523 1569 1591
1412 123 142 220 238 456 529 604 845 940 953 966 1113
1449 438 493 669 763 820 855 1422 1720 1819 1930 1979
1524 284 332 411 457 918 929 1061 1152 1332 1334 1744 1846 1891 1904
1650 234 518 603 1031 1213 1235 1285 1401 1884
1844 299 318 586 818 1017 1128 1130 1252 1321 1332 1557 1680
234 78 704 929 1022 1135 1249 1265 1342
352 78 90 441 642 758 825 881 1126 1183 1409 1414 1469 1716 1757 1849 1880 1978
1092 114 205 282 550 825 940 1082 1292 1542 1866
1466 60 269 378 670 756 871 953 1087 1427 1784
1615 166 471 1074 1125 1204 1416 1557 1742 1781
1763 757 876 1459 1745 1794 1949
58 832 894 1181
832 872 971 1259 1336 1529
894 274 439 649 735 825 934 948 1096 1289 1447 1480
1181 286 374 487 855 977 1074 1105 1253 1284 1561 1963
145 357 467 1251 1363 1383 1621 1674
606 311 406 752 963 1336 1439 1468
705 324 466 527 936 1538 1726 1849
706 497 712 716 768 1489 1542 1770
992 75 183 324 519 668 1016 1086 1896 1926
1002 282 692 750 854 957 972 982 1167 1359 1385 1416 1478
1317 310 492 1088 1149 1310 1314 1447 1551 1569 1660 1952
1564 218 452 590 817 1010 1651 1704 1726 1748 1883 1959 1978
1712 288 722 906 1019 1072 1082 1277
60 143 601 670 741 749 1434 1631 1805
143 464 1386 1470 1510 1749 1806 1937
601 311 576 660 776 817 993 1311 1367 1439 1774 1998
670 85 166 324 430 585 882 1074 1136 1160 1224 1648
741 97 281 892 933 1379 1386 1439 1487 1597 1937
749 477 802 1195 1220 1259 1358 1365 1373 1720
1434 344 548 742 1084 1349 1637 1834 1927 1943
1631 78 652 750 897 1280 1471 1525 1694
1805 454 672 717 867 1160 1212 1259 1465
97 255 337 479 603 788 1037 1183 1184 1312 1443 1661 1947
466 289 378 430 433 503 660 1294 1651 1663 1762
521 310 543 593 653 951 1910
714 436 524 531 866 1122 1208 1213 1573 1974
731 332 340 440 804 905 983 1100 1142 1555 1888 1922
880 100 201 280 695 752 855 942 1087 1184 1193 1708 1742 1946
1027 298 361 465 1246 1253 1303 1486 1496 1946
1035 875 1422 1669 1958
1329 715 737 971 982 994 1212 1354 1384 1435 1463 1755 1963 1997
1336 517 570 848 986 1033 1150 1545
1523 404 477 636 940 1115 1243 1699 1833 1998
1745 223 450 1026 1150 1305 1484 1610 1692
1815 248 260 508 822 991 1021 1050 1073 1252 1258 1809 1829 1979
281 128 211 294 416 829 1191 1363 1685 1693
455 387 1185 1611 1688 1874
997 125 190 254 280 350 389 781 799 892 984 1294 1479 1716
1213 414 599 855 1042 1111 1135 1169 1209 1223 1342 1371 1477 1634 1742 1845
1290 205 651 746 789 1095 1754 1808 1827
1393 313 392 436 1118 1284 1471 1566 1642 1903
1809 441 667 769 1301 1387 1475 1864
1814 263 320 359 755 1165
63 188 264 290 348 411 484 524 675 795 966 1036 1425 1556 1860 1993
188 78 448 559 978 1032 1303 1373 1544 1732 1755
264 703 1000 1274 1678 1741 1788 1855 1896
290 131 387 410 563 1854 1962 1983
348 66 567 983 1242 1263 1823 1864
411 86 387 798 1223 1335 1415 1662
484 68 446 723 1508 1864 1906
524 65 205 518 716 789 1284 1551 1692 1902
675 144 262 598 660 1221 1318 1415 1714
795 116 134 261 500 560 781 1132 1386 1391
966 149 391 506 1550 1597 1636 1776
1036 82 559 642 798 855 955 1029 1096 1105 1231 1391 1419 1611 1922 1993
1425 306 383 649 659 1085 1384 1493 1853
1556 183 378 502 649 735 933 1085 1354 1359 1383 1866 1923
1860 271 633 642 743 800 978 994 1228 1263 1484 1495
1993 85 116 452 871 1132 1212 1235 1627 1664 1766 1768 1874
133 255 617 856 1176 1321 1367 1649 1846 1949
286 702 703 891 904 991 1043 1095 1271 1866 1883 1946
301 717 722 754 1168 1696 1725
682 517 570 937 953 967 1180 1249 1545 1825 1829
782 292 337 1600 1634 1849 1853 1874
1237 185 531 636 695 890 1167 1362 1422 1616 1756
1318 129 150 395 445 847 1168 1236 1243 1488 1598 1869 1891
1322 773 958 1196 1827 1842 1882 1950
1547 158 698 850 918 1040 1651 1835 1846
1551 66 587 624 688 1164 1241 1488 1702 1777 1970
1601 531 698 726 891 934 957 969 988 1105 1458 1485 1617 1736 1792
1930 223 370 497 520 577 593 715 721 1014 1031 1636 1912
65 282 723 1363 1419 1468 1896
282 531 639 1007 1101 1273 1438
723 218 646 752 778 1215 1249 1414 1580 1788
1363 318 560 1047 1648 1707 1980
1419 909 1031 1637 1697 1927
1468 334 370 517 618 633 685 967 1108 1345 1553 1572 1774 1946
1896 190 470 483 558 909 953 978 1255 1536 1744
66 118 280 324 334 1902
118 362 761 831 1087 1459 1768 1816
280 74 172 242 311 615 799 1040 1090 1105 1423 1487 1665 1729
324 149 551 567 660 726 1132 1195 1360 1550 1590 1648
334 86 198 328 754 872 1118 1204 1353 1692 1776 1926
1902 312 726 1926
67 144 225 624 754 905 1239 1436 1486 1980
144 382 512 541 669 769 1226 1354 1357 1374 1696 1913
225 471 619 771 773 1457 1467 1611 1660
624 423 437 577 882 993 1074 1776 1988
754 123 192 428 620 1499 1596 1716 1757 1874
905 337 372 566 737 815 869 912 916 1249
1239 383 487 797 929 968 1197 1479 1591 1751
1436 742 1001 1016 1301 1792
1486 147 260 329 452 610 636 660 1016 1022 1052 1175 1193 1241 1590 1678 1970
1980 269 481 620 1376 1482 1500 1857
68 213 387 424 569 570 757 1175 1360
213 78 116 415 467 797 1265 1770 1965 1996
387 380 585 773 1077 1104 1352 1573 1946
424 248 330 437 471 817 1085 1335 1789 1798 1952
569 128 131 211 285 645 1115 1196 1499
570 150 814 1023 1114 1269 1362 1470 1778 1904
757 576 722 1040 1179 1201 1371 1415 1454 1626
1175 294 413 416 759 815 907 1591 1637 1685 1977
1360 126 288 482 721 813 818 1521 1577 1725
69 74 122 274 550 668 842 1559 1663 1789 1798 1882 1996
74 404 547 984 1094 1101 1444 1525 1616 1760 1864 1915
122 84 158 187 871 919 1639 1854
274 129 308 536 668 1050 1296
550 78 482 551 845 1426 1760 1944
668 151 189 645 942 1050 1086 1467 1774
842 458 918 993 1423 1857 1903
1559 91 593 637 645 812 1180 1184 1661 1791 1912
1663 84 178 436 703 876 916 971 1289 1740 1748 1890
1789 284 310 378 398 599 708 789 793 986 1094 1238 1342 1460
1798 294 311 781 1045 1521 1529 1597 1756 1760 1946 1963
1882 71 151 409 617 947 958 1577
1996 467 1021 1192 1253 1464
218 340 637 676 793 871 1048
305 86 134 438 481 646 965 1199 1252 1530 1532 1567 1999
350 313 359 465 850 855 1226 1320 1438 1496 1626 1774
533 299 313 359 1086 1103 1252 1280 1530 1532 1972
835 529 820 963 1023 1338 1510 1661 1868
1241 408 876 1078 1145 1383 1475 1626
1242 299 534 560 771 903 1045 1357 1418 1423 1635 1762 1854
1460 85 288 362 1019 1136 1249 1544 1743 1801 1909
1567 184 248 402 882 1087 1480 1629 1829
1648 111 404 1122 1977
1962 260 292 587 702 761 994 1107 1465 1856 1868
71 312 361 449 469 548 1043 1802 1891
312 93 128 147 201 448 458 491 554 967 1709 1765 1784 1883 1885
361 227 273 692 814 815 972 994 1021 1111 1263 1334 1499 1699 1778 1875 1909 1944
449 159 197 229 417 541 576 720 824 911 1135 1142 1373 1389 1521
469 399 951 1953
548 98 242 353 357 611 653 1052 1253 1280 1707 1727
1043 79 229 735 830 849 1037 1098
1802 294 477 872 973 1385 1854
1891 297 772 798 951 1136 1179 1388 1398
320 192 547 739 958 978 1704
416 248 421 465 1252 1311 1320 1854 1875
483 128 227 958 1016 1427 1705 1901 1968
541 1098 1316 1978
948 283 383 603 881 1176 1265 1685 1922 1994
953 372 698 994 1049 1084 1192 1353 1408
1888 298 420 1352 1416 1994
299 92 673 1045 1997
728 223 963 1130 1177 1673 1755 1819 1950
886 555 1001 1028 1108 1476
1115 294 517 1447 1575 1621 1756 1770 1776 1955 1987 1994
1126 242 300 512 529 712 1148 1327 1369 1484 1831
1354 219 454 487 785 1077 1542 1744 1883 1955
1773 450 615 856 1159 1573 1847
404 77 189 486 737 752 1200 1552 1613 1899
547 190 201 331 392 1138 1183 1303 1371 1727 1737
984 198 1075 1145 1573
1094 183 313 359 1198
1101 100 114 430 1323 1964
1444 98 152 300 708 789 1255 1555 1975
1525 493 1023 1235 1293 1395
1616 176 271 318 382 417 1052 1214 1295
1760 300 561 708 963 1224 1238 1276 1286 1429 1470 1588 1801 1859
1864 429 742 1323 1372 1479 1970
1915 86 190 308 667 1032 1170 1508 1831 1892
75 543 619 807
543 507 935 977 1408 1629 1793
619 243 341 669 788 1225 1304 1596 1599 1621 1965
807 142 444 735 907 1696 1806 1937
378 84 269 407 691 994 1057 1150 1438
451 248 295 583 1026 1041 1376 1379 1411 1777 1885
513 183 196 636 875 891 1042 1320 1471 1502 1722
713 82 147 300 651 824 834 875 1157 1208 1223 1378 1591 1938
793 421 1077 1167 1271 1665 1784 1828 1874
1007 814 1028 1029 1138 1169 1221 1467 1847 1855 1918
1463 147 346 722 779 802 821 1012 1068 1167 1201 1263 1359
1660 392 563 818 1489 1824 1848 1944
1847 1152 1183 1219 1496 1816
1848 481 676 733 1047 1104 1105 1566 1715 1987
77 162 187 283 604 643 1255 1885
162 79 88 220 266 471 993 1017 1201 1617
187 237 260 410 528 647 660 1193 1357 1694 1908
283 91 243 520 617 1028 1579 1596 1873
604 717 737 938 1265 1365 1949
643 500 561 718 817 901 988 1493 1579 1587 1813 1868
1255 130 303 702 1016 1100 1338 1910
1885 131 325 816 1722 1734
78 183 284 318 636 746 1409 1662 1938
183 238 408 721 940 943 1087 1223 1392 1500 1563 1845 1849 1869 1987
284 253 440 561 742 1172 1214 1311 1338 1457 1544 1729 1784 1793 1979
318 590 860 1150 1199 1596 1973
636 243 888 1243 1292 1491 1652
746 311 972 1328 1489 1725
1409 79 184 332 594 697 798 867 1249
1662 1068 1373 1418 1489 1535 1600 1855 1991
1938 261 289 616 720 1358 1426 1611 1777 1955
79 346 395 818 958 1032 1196 1280 1372 1501 1610 1634 1998
346 578 1033 1627 1657
395 209 379 464 781 1289 1292 1715 1950
818 1149 1373 1550 1890
958 561 1017 1249 1372 1741
1032 298 583 814 856 942 1332 1416 1945
1196 450 651 673 739 800 912 1314 1736 1829
1280 920 933 1195 1359 1384 1552
1372 92 223 660 965 1423 1572 1875 1976
1501 208 786 897 1226 1521 1991
1610 128 151 342 413
1634 123 128 496 508 637 989 1129 1157 1384 1510 1526
1998 414 717 1416 1469
1339 405 771 1177 1443 1489 1664 1975
1807 216 328 838 1174 1248 1292 1294 1469 1629
1834 559 658 693 994 1019 1047 1167 1238 1371 1388 1941 1946
209 214 437 871
660 172 192 313 528 715 1258 1471
688 129 203 1188 1338
909 94 328 632 897 1040 1049 1950
1228 583 918 1057 1325 1398 1457 1619 1708 1884
1358 303 577 615 708 735 963 1119 1249 1352 1627 1858
1706 129 288 759 1028 1132 1145 1494 1621
82 90 200 269 313 420 441 457 1016 1299 1303 1334
90 125 216 599 642 1104 1111 1303 1599 1726
200 206 476 876 939 1669 1813 1990
269 148 633 883 1204 1445 1553 1626 1735 1913
313 436 566 856 952 1277 1304 1740 1808
420 364 830 1049 1098 1214 1395 1442 1642 1669 1859 1910 1952 1994
441 227 353 414 444 812 1172 1359 1657 1813 1892 1913 1937
457 178 289 410 1077 1218 1301 1647 1751
1016 396 551 586 649 755 773 1108 1129 1214 1365 1414 1454 1621
1299 310 952 1137 1422 1552 1707 1762
1303 129 294 398 882 895 1069 1142 1511 1639 1855 1877 1943 1958 1988
1334 158 349 584 637 831 1136 1301 1480 1920
381 1118 1389
848 93 148 298 306 580 627 639 693 824 1806
1057 185 528 536 662 769 1374 1560 1577
1105 106 166 261 390 429 476 512 639 860 1029 1136 1168 1215 1464 1526 1647 1736
1185 134 262 940 1017 1052 1458 1920
1454 408 465 788 1212 1225 1679
84 172 817 929 1113 1291 1458 1588 1994
172 86 238 1246 1294 1353 1635 1726 1823
817 389 410 1357
929 968 1006 1012 1526 1754
1113 248 593 750 830 1710
1291 1778 1937
1458 198 388 1198 1253 1321 1394 1611
1588 248 341 1084 1148 1277 1526 1756 1816 1900
1994 311 1132 1311 1332 1680 1705 1742 1748 1762 1958
85 99 277 293 500 717 718 800 1118 1258 1880
99 98 223 652 901 1068 1168 1342 1500 1555 1744
277 875 1224 1422 1479
293 398 519 1077 1183 1369 1873 1906 1908 1976 1978
500 380 383 479 587 1269 1376 1475 1569 1599
717 189 289 391 857 951 1023 1310 1364 1435 1465 1605
718 279 439 789 993 1068 1074 1104 1367 1477 1647 1955
800 152 229 285 503 627 1042 1172 1243 1414 1484 1682
1118 131 159 892 978 1285 1480 1664 1690
1258 150 186 554 1327 1496
1880 100 916 972 1251 1627 1913
86 175 720 1003 1748
175 208 465 610 850 942 1480 1560 1714 1784
720 190 662 743 816
1003 1104 1296 1353 1485 1633 1900
1748 287 392 611 903 1074 1359 1484 1553 1585 1791
92 645 684 1168
152 407 715 1208 1365 1707 1842 1936
211 465 771 920 1508 1757 1816
493 204 337 901 1219 1312 1647 1793
594 586 633 774 785 1392 1544 1714 1744
869 197 203 329 512 1088 1095 1100 1198 1717
898 353 585 618 1316 1552 1637 1791
918 418 758 871 930 965 1480 1563 1740 1977
943 653 733 759 1164 1311 1379 1383 1448 1866
1112 128 321 1038 1050 1188 1189 1208 1823
88 229 811 829 872 1238 1766 1988
229 396 430 685 702 1387 1707 1978
811 421 639 1249 1473 1613 1784
829 743 845 963 1120 1491
872 142 428 436 439 1792
1238 206 487 637 882 1208 1359 1901
1766 391 1371 1591 1682 1806 1883 1920
1988 201 630 1047 1158 1629
93 359 1395 1423 1529 1944 1952
206 205 253 633 1145 1432
382 100 156 273 771
520 330 750 838 858 926 937 1705 1751 1865
756 398 450 506 1212 1296 1403 1776
802 506 993 1078 1304 1364 1575 1983
1697 240 525 1028 1103 1259 1629 1677
125 130 207 260 1229 1680 1770
216 637 903 1026 1310 1699 1945 1999
599 134 353 1429 1455 1705 1792 1875
642 262 408 409 517 834 999
1104 114 355 415 440 740 986 1236 1374 1566
1111 467 518 967 1509 1529 1737 1806 1899 1943
1599 328 448 911 1225 1328 1611 1944
1726 227 491 785 983 1908 1978
91 857 910 1854
857 260 337 737 796 1201 1327 1364 1371 1735 1794 1908
910 418 445 476 667 907 936 1505 1590 1694 1965
1854 203 330 391 967 1611
645 184 198 321 349 559 834 1114 1184 1575 1626
684 396 578 603 733 763 773 824 882 906 1107 1108 1538
1168 911 968 971 1082 1281
359 433 535 752 761 769 1353 1569 1587
1395 261 402 537 647 940 1073 1183 1532 1762 1827
1423 519 865 871 1179 1221 1243 1374 1478 1489 1911
1529 637 678 813 1212 1325 1353 1954 1991
1944 796 859 989 1487 1702 1792
1952 207 242 487 693 755 1088 1178 1251 1364 1414 1573 1801
94 219 916 1248 1253 1286 1530 1770 1816
219 789 1136 1335 1353 1431 1609
916 388 789 1657
1248 130 185 355 437 630 740 955 1328
1253 142 1323 1596 1685
1286 189 344 518 1233 1327 1661 1974
1530 783 897 1119 1236 1693 1827
1770 285 384 1082
1816 248 1040 1494 1555 1705 1884
920 1422 1438 1484 1507 1573 1937
955 917 1010 1296 1587 1646 1819 1833
1012 135 201 392 418 778 892 1229 1246 1526 1823 1978
1136 111 203 529 750 831 1130 1191 1491 1673 1722 1742 1990
1159 593 615 1047 1335 1480 1639 1923
1831 129 648 1294 1353 1563 1677 1821
151 227 273 986 1087 1160 1319 1422 1774
458 813 855 1416 1639
1004 590 820 1288 1502 1509 1566
1033 467 1218 1288 1321 1690
1236 527 598 934 1017 1502 1680 1685 1704
1343 237 726 1378 1629
1413 632 816 856 941 1021 1233 1720
1636 531 649 1580 1633 1751 1875 1978
1890 130 603 702 991 1050 1122 1205 1450 1473 1546 1587
255 279 529 555 583 667 1068 1075 1244 1510 1569 1737 1755 1788 1853
337 134 310 329 707 768 854 1305 1736 1855
479 176 391 444 600 633 947 1197 1587
603 735 1415 1572 1647 1953
788 525 897 1474 1900
1037 208 1494 1651 1661 1778
1183 407 436 1021 1294 1388 1431 1845 1910
1184 362 402 596 940 1148 1250 1657 1709
1312 292 967 977 1342 1416 1768 1940 1973
1443 271 708 1082 1087 1176 1511 1673 1813
1661 192 445 1438
1947 386 611 1189 1301 1369 1439 1508 1546 1953
98 332 895 900 1040 1328 1482 1758
332 407 450 1045 1391 1699 1819
895 384 446 568 679 689 1457 1910
900 114 214 495 689 881 1664 1670
1040 507 647 1690 1696
1328 785 1042 1107 1199 1823 1884 1999
1482 287 561 617 691 721 799 850 933 1074 1408 1491 1799 1857
1758 439 785 813 972 1082 1293 1580 1674 1953 1974
223 340 1385 1401 1508 1845 1865 1901
652 279 292 535 615 632 917 1325 1883
901 308 402 519 755 982 1403 1756 1899 1940
1068 454 527 708 820 951 1401 1756
1342 444 1469 1784 1824 1836 1908
1500 410 678 1204 1288
1555 186 204 321 428 446 669 743 1476 1999
1744 408 417 1041 1047 1209 1418 1696 1824
100 298 370 440 659 701 1170 1469 1510
298 1224 1455 1639 1710
370 353 444 529 676 678 1078 1311 1447 1457 1715 1975
440 185 834 1208 1364 1439 1457
659 388 648 759 1408
701 166 302 1179 1198 1285 1682 1725 1987
1170 158 577 936 1427 1511 1611
1469 408 815 852 1739 1903 1987 1990
1510 609 1204 1250
978 667 1226 1349 1552 1563 1672 1709 1743 1785 1846
993 355 379 561 667 1319 1389 1670 1736 1855 1861
1265 128 285 968 1052 1426 1431
1833 113 850 935 1205 1311 1394 1801
306 364 693 834 1160 1639
349 410 512 590 772
389 919 1254 1277 1293 1325 1457 1470 1476
813 204 464 593 709 947 960 1203 1314 1709 1743
715 176 208 401 468 996 1026 1052 1352 1478 1491 1696 1734 1855 1912
903 926 1148
1157 772 1374 1475 1563 1845
1447 205 401 410 554 1021 1031 1293
1626 273 450 1122 1281
1954 321 386 692 693 743 965 1010 1231 1657 1799 1884 1918 1968
374 142 486 551 740 859
256 534 1178 1281 1335 1535
559 190 492 824 1070 1180 1575 1680
1252 227 703 772 855 1416 1544 1637
1664 186 567 917 1220 1792 1923
106 1477 1679 1717
1477 709 1107 1471
1679 321 587 1017 1296 1364 1479
1717 379 444 537 638 845 1001 1119
197 512 938 1160 1179 1198 1560 1920 1953
325 201 517 577 653 1073 1084 1353 1374 1768 1973
436 658 891 1061 1279 1435 1450 1509 1688 1792 1968
768 328 821 1212 1332 1771
866 830 892 1061 1178 1189 1364 1762 1829
1374 750 758 1485 1714 1856 1875
340 392 446 1378 1386 1590 1657
930 410 698 855 1480 1672 1842
952 142 285 399 812 845 858 1178 1855 1857 1978
982 390 707 1069 1137 1208 1212 1821 1853
1200 815 1087 1090 1172 1225 1292 1418 1511 1912
1389 518 859 875
1674 196 415 437 926 1073 1532 1544 1629 1673
1682 1251 1281 1936
1707 446 578 596 742 1287 1476 1561 1569 1573 1669
266 414 617 1188 1479 1590 1781
537 401 899 938 1367 1435 1473 1941
1287 328 386 1208 1371 1536 1708 1729 1755 1835
1373 114 190 329 760 1073 1098 1315 1431 1855
646 882 911 957 1103 1226 1321 1332 1732 1736 1913
111 1288 1289 1442 1629
1288 481 609 1098 1141 1422 1431
1289 716 1536
1442 330 781 888 951 1049 1315 1455 1608 1741 1968
1629 287 1160 1371 1590 1768
184 237 638 969 1045 1129 1158 1174 1192
439 189 242 1048 1108 1145 1220 1225 1677 1858 1943
672 227 247 445 456 1177 1369 1801 1990
865 113 669 812 1386 1702 1768
1017 647 834 1277 1296 1580 1975
1188 824 1041 1904 1912
1605 246 454 476 1716 1781 1865 1957
1727 446 578 1233 1254 1356 1383 1455 1652 1892
113 308 502 776 1198 1356
308 364 1669 1670 1737
502 328 1045 1231 1488 1511 1532 1781
776 470 487 938 1052 1301
1198 417 742 765 1041 1138 1231 1459 1552 1749 1793 1876 1883
1356 302 380 506 1047 1320 1345 1392 1484 1635
114 438 471 883 933 1553 1715 1791
438 126 185 246 414 528 1019 1041 1422 1742 1849 1927
471 227 1028 1725 1877
883 639 789 1323 1480 1768
933 159 935 1095 1379 1627 1808 1892
1553 331 401 815 1263 1401 1484 1725 1736 1755
1715 590 691 926 1740 1835 1927 1973
1791 709 1205 1970 1999
201 876 1829
214 506 727 774 1077 1949
1665 147 240 417 586 703 814 1972
1828 409 433 558 596 816 936 1158 1246 1467 1741
1945 402 470 566 653 667 1464
116 1311 1325 1563 1708 1768 1946
1311 481 482 1074 1114 1705 1720 1722 1901
1325 399 1544 1904 1977 1978
1563 297 518 611 882 1125 1384 1923
1708 692 1197 1729 1943 1950
1768 273 999 1129 1145 1284 1315 1316 1379 1490 1722 1729 1829
1946 1052 1319 1590 1735 1877
408 630 685 1107 1415 1787 1939 1990
781 417 824 1418 1652
1514 496 1235 1598 1633 1693
1585 542 585 590 616 752 824 1197 1295 1923 1943
362 691 798 1029 1310 1646 1652 1785 1983
761 130 288 468 1301 1642 1673
831 667 786 867 890 1128 1488 1499 1600
1087 413 508 525 630 653 673 871 938 1365 1383
1459 287 1149 1246 1411 1972
292 590 1526 1642
321 275 364 892 1197 1284 1617 1904
1220 593 609 774 1552 1906
1455 287 834 1208 1320 1741 1849
1572 227 380 398 487 816 852 1233
1611 396 937 1077 1386 1450 1474 1637 1813
1061 430 1203 1224 1408 1478 1977
1100 653 850 1088 1467 1678 1729
1866 786 937 1098 1467 1597 1936
227 1022 1445 1677 1943 1977 1991
401 254 311 1224 1388 1438 1936
691 429 507 517 786 852 1000 1314 1403 1432 1445
750 357 1077 1219 1269 1276 1480
838 189 542 773 1387 1432 1473 1485 1633 1857 1940
881 512 753 822 1088 1232 1484 1621 1783
1537 536 567 1026 1189 1304 1414 1431 1643 1729 1979
1783 763 799 854 899 1160 1164 1250 1493 1677 1943
158 410 467 707 737 1048 1214 1235 1385 1431 1550 1716 1776
871 288 402 566 615 858 912 1031 1532 1937 1987
919 134 653 799 937 1114 1142 1250 1353 1619 1657 1892 1964
1639 386 398 519 572 638 854 911 1401 1489 1909
123 289 409 534 658 698 1495 1619 1845
289 554 876 1225 1450 1526
409 428 965 1090 1853
534 331 372 610 704 1259 1596
658 822 1224 1544 1627 1637 1778 1874
698 342 357 372 639 830 977 1160 1243 1836
1495 464 1271 1385 1741 1964
1619 303 456 703 779 942 957 1327 1963
1845 676 1357 1587 1857
131 384
563 167 178 364 926 1073 1150 1496 1677 1892 1950
586 185 496 617 771 1214 1215 1259 1637
1285 737 1855
1735 991 1232 1266 1967
130 600 734 799 939 942 1353
207 785 1314 1795 1906
260 467 590 935 971 1244 1670 1861
1229 482 904 963 1164 1903
1680 739 972 1029 1050 1103
126 287 531 667 693 742 796 963 1327
287 580 593 637 772 1301 1379 1427 1431 1450 1912
531 390 445 508 1049 1070 1095 1167 1205 1332 1478
667 467 497 752 947
693 372 577 596 926 1141 1223 1431 1480
742 506 507 560 637 812 892 1214 1218 1232 1544 1904
796 470 600 812 973 1026 1418 1473 1739
963 192 1164
1327 391 452 495 737 824 1107 1195 1305 1617 1795
507 166 852 996 1279 1301 1490 1936 1949
695 285 398 492 679 1038 1224 1579
926 192 444 1384 1505 1568 1635
1191 1120 1226 1532 1627
1613 517 1098 1714 1926
1647 300 495 584 1429 1484 1489 1521 1600 1736 1899
128 391 852 858 1502 1801
391 178 568 855 1431 1575
852 271 303 703 1401 1445 1479 1742 1936
858 476 996 1090
1502 535 994 1096 1129 1209 1941
1801 237 388 585 936 1158 1209 1643
129 850 934 942 1014 1218 1702 1876 1967
850 248 353 407 486 673 755 882 1014 1223
934 189 600 760 1193 1214 1225 1649 1747 1861 1863
942 311 1596 1652
1014 703 797 1103 1467 1808 1920
1218 1049 1052 1125 1376 1426 1445 1861
1702 561 897 1165 1476 1699 1722
1876 248 353 709 1169 1246 1379 1509 1973
1967 899 1103 1901
600 167 189 1369 1705
734 1359 1557
799 253 707 1314 1388 1550 1824
939 735 935 1000 1251 1739 1922
1353 248 536 1045 1277 1448 1922
384
1074 189 243 341 542 804 1085 1254 1685 1923
1135 973 1130 1141 1310 1338 1672 1784 1990
1145 240 263 1041 1580
1479
1507 261 578 716 1149 1231 1739
617 176 178 854 972 1953 1977
856 740 755 1042 1050 1450 1487 1508
1176 649 860 1000 1050 1141 1321 1646 1739 1857 1906 1953
1321 760 1125 1249 1453 1651 1939
1367 379 407 476 519 1041 1315 1493 1579 1939
1649 1438 1596 1693 1788 1823 1941 1978
1846 372 456 936 1075 1177 1855
1949 300 383 415 778 1246
134 148 517 593 737 1250
148 220 593 1212 1535 1991
517 238 1320 1398 1936
593 159 577 941 1169
737 275 598 855 994 1152 1892
1250 1103 1130 1475
135 620 1544 1785 1939
620 1254 1384 1387 1535 1868
1544 186 421 707 937 1385 1943
1785 353 528 716 938 1958
1939 310 610 1129 1195
300 328 415 759 774 1226 1284 1494 1720 1787
587 465 1464 1591
1038 166 198 398 561 917 1398 1633 1756
1077 220 273 994 1001 1088 1465 1904
1741 779 1913
876 237 310 417 679 1088 1205 1892
1041 176 630 815 904 1716 1771 1777
1150 237 1720 1795
1365 854 892 1164 1205 1467 1580 1609 1732 1825
247 1435 1550 1729 1849
576 854 855 1226 1795
648 142 465 789 1129 1875 1909
824 142 465 735 804 969 1274 1357
936 383 609 669 703 1226 1316 1386 1975
1489 205 450 477 707 941 1169 1976
1806 159 243 1149 1765 1869
1987 1029 1221 1378 1471 1670
166 398 456 560 638 912 1114 1132 1320 1742 1771 1794 1977
186 410 452 647 733 1160 1476 1709 1937 1965
1225 743 834 1045 1362 1509 1751
1508 1193 1526 1943
1535 288 407 743 786 1132 1378 1964
1590 150 328 572 702 947 1098 1427 1836
353 554 1164 1214 1357 1478 1729 1943
578 849 1422 1426
689 495 528 1319 1445 1819 1823 1873 1904 1975
341 465 630 1084 1141 1305 1709 1940 1975
709 426 476 529 1010 1096 1177 1195 1435 1720
1493 679 704 1596
1494 204 1496 1652
1575 940 1193 1364 1912
1714 771 779 917 1141 1385 1596
1808 771 1000 1189
1941 297 454 673 783 834 1070 1142 1169 1208 1692
1963 470 968 1070 1319
142 996 1149 1316
996 567 755 1427
1149 598 673 882 977 1338
1316 937 1095 1836
464 497 1029 1047 1085 1215
1386 712 1232 1637
1470 518 1158 1180 1319 1338 1505 1819 1875
1749 999 1070 1072 1088
1937 912 1884
512 390 508
669 551 755 1120 1338
769 273
1226 355 989 1473 1859
1357 759 1335 1505
1696 1208 1678 1910
1913 328 697 1212 1345 1597 1739
357 627 904 1784
467 567 816 899 1776 1787 1908
1251 986 1281 1414 1742 1974
1383 248 295 386 527 789 1609 1762
1621 150 1352 1560
445 753 1090 1538 1799
1487 198 527 618 1199 1476 1607 1918
1490 190 433 752 947 1292 1388 1391
147 638 1023 1475 1484 1720 1787 1819
638 703 991 1359 1784 1853 1868 1920
1023 1048 1178 1364 1369 1740 1836
1475 755 845 1193 1246 1978
1484 678 875 1045 1215
1720 205 288 508 1384 1637 1742 1857 1940
1787 535 972
1819 692 1778 1903
220 364 525 616 1069 1201 1827
1212 721 830 1199 1352 1968 1997
1991 508 685 1259 1670
149 396 518 849 911 1233 1387 1435
396 196 679 755 759 897 1010 1293 1376 1403 1438 1561 1577 1642
518 311 551 632 773 1201 1398 1401
849 560 938
911 410 506 1284
1233 204 297 712 1231 1488 1997
1387 1345 1609 1633 1918
1435 388 616 867 951 1107 1652 1699 1857
150 208 303 450 1010
208 651 1048 1130 1323 1518 1795 1873
303 433 726 1464 1863 1912 1950 1953
450 906 969 999 1205
1010 1047 1403 1762
273 329 1254 1416
986 1072 1082 1597 1609 1825
1160 1022 1398 1492 1688 1843
1319 240 789 969 1709 1958
1422 295 415 772 951 1048 1069 1873
1774 254 798 983 1195 1972
407 392 1518 1825
1208 783 1742 1743 1757 1892
1842 721 1006 1669 1940
1936 294 402 413 558 814 816
492 653 707 875 971 1006 1505 1884
535 763 1577
1221 536 618 1179 1384 1533 1765 1793
1274 430 1673 1912
1362 344 428 495 647 722 1129 1266 1439 1975
1821 398 1178 1192 1332 1376
1974 380 417 957 1142 1608 1637 1642 1771
285 383 771 1154 1499
1320 386 1910 1976
1973 203 331 551 1021 1600 1900
758 1154 1685 1795
830 611 1478 1670
1332 882 917 971 1476
1552 567 1271 1587 1926
1736 1189 1573 1635 1875
1762 279 470 947 1577
156 1031 1254
1031 410 1167 1224
1254 566 859 882 899 1096 1103 1438 1478 1692 1853
390 506 560 937 1271 1685 1909
703 632 814 1045
859 446 560 1069 1082 1130 1189
1259 297 1107 1672 1705 1788 1959
1511 1416 1427 1471 1561
410 392 1141
707 1384 1392 1488 1598 1795
1048 1858 1865 1909
1214 1293 1439 1474
1235 907 1608
1385 372 941 1349 1918 1943
1431 405 615 907 1022 1281 1976
1550 468 528 722 973 1132 1829
1716 1471
1776 716 1231 1566 1777 1976
159 888 1269 1485
888 437 1794
1269 176 310 444 486 845 892 1022 1416 1690
1485 495 1021 1904
392 330 496
477 482 590 815 1633
639 1923
1120 415 1224
1416 561 584 1047 1164 1799
1722 554 1473
1777 1652
1909 330 342 917 1480 1959
1950 1086 1107 1165 1350
739 1464
1205 185 704 951 1464
1201 726 1266 1786 1972
1617 355 482 1073 1388 1480
1467 1197 1474 1824 1868
418 616 897
907 237 561 821 1178 1195 1473 1739 1799
1755 263 294 1284
295 1141 1172 1795
330 566 786 855 1849
1130 1022 1705
398 892 1266 1598
456 196 554 609 1084 1710
560 452 630 938 1669
912 196 755 1152 1388 1799 1899
1114 527 1224 1608 1943
1132 437 528 1223 1823 1836
1742 1757 1799 1970
1771 632 760 1052 1657
1794 454 465 969 1164 1685 1688 1849
1977 448 1049 1499 1538
167 470 506 632 1082 1152 1651 1751 1863
470 262 678 743 1224 1542 1747
506 785
632 355 609 1427 1568 1953
1082 275 1315 1403 1823
1152 704 1573 1849
1651 246 951 1294 1315 1573 1725
1751 406 1049 1379 1912
1863 525 968 1694
940 618 814 1096 1119
1231 271 1244 1391 1652
1908 486
519 288 577 1959
773 647 735 1983 1997
1075 960 1180 1273
1670 554 584 804 1364 1799
1865 288 1884
820 405 1189 1557 1853
897 310 712 951 1781 1978
989 176 1192 1457 1464
1457 566 1391 1657
1108 253 1029 1215 1335 1600
1142 310 771 867 1496 1591 1704
1657 486 1335
1747 906 1294 1471 1799 1857
238 386 582 1392
1246 814 969 1829
1294 917 1465
1635 372
1823 262 1204 1398 1892
437 721 753 1427 1546
1310 253 1369 1445 1546 1710 1754
1371 875 1119 1669
596
1078 496 1096
1379 421 487 577 662 892 1022 1739
465 630 1148 1597 1859
610 957 1276 1836 1900
1480 1349 1922 1927
1560 1598 1904 1918
1784 969 977 983 1829
176 1369 1474 1569 1737 1824
1369 735
1474 185 1450 1739
1569 417 580 1364 1955
1737 572 733 1148 1169 1178 1488
1824 1976
380 185 637 1006
825 468 651 1164 1378 1448
1853 310 1439 1526 1732 1875
178 310 1189
310 1088 1293 1505 1518 1669 1859
1189 789 1561
1197 590 1128 1178 1204 1292
1577 577 1006 1141 1678 1858
630 590 798 1141 1352
1384 428 452 778 1692 1855
1692 1128 1561 1694 1756 1959
1877 311 495 1045 1293 1756
1903 294 1204 1488
1545 1740
1765 527 529 759 1045 1271
1922 190 875 1148 1471
740 647 875 994 1859
1561 248 662 1141 1263
721 386 1219
1223 198 205 279 497
1392 355 772 1047 1293 1827 1855
1849 421 429 789 1690 1868
1869 566 580 783 999 1901
237 988 1591 1732
969 965 1095 1450
1045 1154
1129 342 566 712 1122 1138 1476
1158 525
1174 364 789 854 1518 1813 1868
1192 1281 1438 1729
185 481 583 812 1976
481 580 938 1086 1088 1204 1350 1643 1740
583 454 712 733
812 482 1587
1976 983 1088 1901
452 1756
647 774 834 1699
733 1646
1476 263 726
1709 448 551
1965 527 1378 1427 1557
528 262 542
1193 678 845 1215 1699
1694 759 855 1070 1899 1900
448 566 1799
1732
189 1398 1591 1743
1398 205 815 938 1203
1591 692
1743 288 679 1000 1019 1243 1394
190 847 1165 1478
847 413 1799 1927
1165 1119 1345 1492 1642 1778
1478 1314 1432
618
1778 294 598 785 1376
192 917
917 503 971
951 1825
1125 486 716 1439 1533
1203 248 935 938 1414
417 331 399 854 1445
899 405 941
906 1204 1349
1408 248 428 892 1378
1536 1088 1215 1315 1391 1883
536 572
1304 772 1427 1642
1415 495 580 678 814 1349
1488 673 977 1690
196 331 702
331 765 1049 1095 1521 1858
702 722 1295 1414 1836 1911
938 551 1825 1873
1179
1920 1418 1596 1873 1958
1953 1178 1970
198 482 1314 1835
482 1029 1725
1314 446 1892
1835 855 1070 1273 1688 1875
476 584 1376 1911
1669 1829
1813 1855
1990 1453
1829 590 1705
421 271 415 527 616 752 983 1429 1926
716 364 783 972 1154 1795
203 615 679 772 947 1000 1249 1414 1855
615 344 1090 1609 1688
679
772 1022 1090 1627
947 243 1263
1000 1107 1518
1249 364 429
1414 1180
1855 406 495 609 704 1364 1729
204 297 704 965 991 1022 1906
297 551 1107 1793 1999
704 697 1471
965 1199 1859
991 429 1172
1022 1073 1084 1209 1786
1906 1445 1526
205 1983
1983 262 388 508 1098 1899
253 616 1096 1521 1642 1725
633 1427 1911
1432 294 388
785 1279 1627 1673 1999
1795 1084
651 1276 1899
1323 454 555 797 854 1627
1518
1873 1859
275 977
1086 243 1705
1364 529 1597
1781 508 662 1673
771 240 551 755
1757 542 789 1607
288 561 759 1204 1836 1972
415 765 1492
797 727 855 977 1643
727 1281
774 487 568 722 1378 1607 1754
572 590 1292 1579 1598 1964
752 765 1284
1345 662
1492 1542
1964 637 778 845 1473
637 342 892 941 972 1263
1026 821 1725
1699 413
1999 834
867
983 582 1473 1690
1209 243 568 960
1243 598 611 1505 1633
1858 977 1098 1178
676 262 329 399 804 904 1069 1450 1685
789 1296
1335 1141 1195 1438
1609 1028
364 242 860 1169
525 968 1448 1538
616 1122 1293 1927
1069 904 1019 1710
1827 468 753
779 685 904
1072 1526 1580
1401 508 582 804 1141 1597
1901 697 1542 1955
821 1792
1141 1167
1295
1352 598 692 712 1006
685 968 1006 1042 1856
1445 1219
1677 892
1943 892
1688
430 263 662
1978 786
1088 1177 1394
1568 568 994
855 1085 1107
454 1090
1090 1169 1276 1792
1122 1883
1546 1050 1875
1391 248 279 508 904 1073 1453 1652
1627 1006 1073 1509
988 446
386 1491 1642 1857
582 495 854
941 968
1505 242 423 822 957 1756
240 1729
1729 566 1338 1496 1926
937 242 551 662 1293 1411 1473
242
243 1411
1411 692 1085
999 1049
1438 1167
1273 529
246 662 1646 1940
662 496 815 1095 1450
1646 1418
1940 302
248 1856
1856 1095 1315 1704
860 1637
1232 1042 1509
1704 854 971 1450
1001 753 1388 1427
1532 1070
1643
1597 406 786 1169 1350 1429 1997
1884 1875
1096 577 1006 1579 1792
1521 627 1178 1693
1642 261 585 765 815
1725 344
254 977 1296
977 261 555 882 1542 1690 1904
1296 1923
279 402 405 1305 1607
529 1148 1883
555 743 1843
1244
1788
1178 598 882
1281 1219 1263 1672
491 759 1029 1471
1070 1107
712 1904
1499
1843 649 890 1019 1596
590 1883
935 527 765 1098
971 1148 1219
1861 1690
261 486 561 1526
486 342 1359 1600 1927
561
1526 1734
262 1378
1378 653 1177
263 1388
1388
1678 1672
414
388 708 1169 1429
735 882
1119 584 834 1138 1199
1204 1464 1900
271
329 1754 1793 1918
1050 372 1923
1912 743 994 1006
875 496 1128
1224 1047
968 678
402 568 1199 1279
405 994
1305 567
1607 428
311 891
294 1098 1672
1685 487 527
1693 1301
1028 890
1579 882 1825
1596 1154
1172 551 678
1338 722
1793
1979 1471
383 355 834
1154 446 1473
891 1859
904 542 1857 1958
1095
1271 1927
1883
580 1557
1301 429 1263
1427 627 1276
1450
759 1754
1836 960
1972 957 1103
554 786
568 1292
1927 1394 1923
1098 496 1293
1672 446 804 1029
551 1394
1107 355
1710 1052
673 379 678 1042
1997 1754
328 1029 1350
1284 1580
722
302
433
726
1464
1199 755 1955
834 692
1293
1859 755 786 1453 1739
967 763 1918
566 406
1277 1756
1740
1349 495
753 577 778
1957 598
845
892 1047 1633
1904
816 495 760 1471 1959
1073
1959 783 1137 1875
1052 611 1350 1734
1473 1471
1970 697
567 890
1195 495 1006 1911
577 428
653
1084 1029
1029
1350
1754 890
1918 760 1875
786
765 692
1049
344 446 1633 1875 1958
1926
957
854 1911
355
446 429 1047 1900
1975 1263
342 697
697 527 1453 1799
1923
1633 627 815 1874
1875
1958 1167 1608
778 763
1263 1566
1496
763
1164 503 1019 1148 1471
743
973
1177
882 804
627
495 1598
1587 1103 1359 1542
692 1739 1911
814 406 1128 1792
815
972 558
994
1021 598 609
798 1215
1652
804 1180 1557
1169 1792
1042 426
1426 1509
1215 1138
444
678
1756 1019
372 598 1673 1734
598 760
1673
1734
1359 1566
1573
1825 1019
379
1006 1138
1128 1148
1491
1857 1874
585 1910
708 428
1429
496 542 611
1292
755 1608
1376 428 1138 1533
1403
428 1103
1266
1598
399
1279
1899 503
406 527
527 423
413 1792
1792
1910 1557 1566 1637 1690
423 1439
1439 1705
1085
426
1047 468
1180
1103
429
468
960 609
497 783 1394
1448
1509 1465
1968 1542
1019
1892
1538
1799 508
1900
649
1874
609 1608 1739
508
558
1148
503
1542
1705
584
1911
1600
487
1167
1453
611
1786
1471
1219
1418
542
783
1394
1315
1533 1276
1739 1637
760
1138
890
1557
1637
1955
1608
1276
1868
822
1465
1580
1690
1137
1566
