0 64 125 238
64 119 179 452
125 54 96 163 333 429 437
238 130 484
1 121 272 289 369 382 472
121 88 199 235 267
272 263 271 275 374 433
289 59 297 406
369 38 80 100 410
382 86 87 134 146 166 433
472 74 213 220 291
2 221 268 426
221 176 255 257 365 446
268 36 49 226 249 375
426 82 431
3 53 136 202 245 311 357 405
53 4 6 71 222 332 360 421 462
136 8 214 224 251 285 364
202 465
245 33 70 287 312 315 494
311 251
357 31 313
405 48 354 412
4 54 93 104 266 442
54 286
93 129 254 342 404
104 383 485
266 105 176 334
442 242 379 407 457
5 386
386 257 385
6 160 197 207 318
160 19 364
197 10 362
207 94 208 220 258 329 455
318 12 34 189 481
7 118 365 410
118 18 177 259 286 414
365 217 219 259 366
410 342
8 44 106 327 454 486
44 52 236 254
106 41 90 227 439
327 224
454 445
486 46 170 262 413 462
9 66 339 385
66 169 302 310
339 91 94 210
385 11 84 127 140 358 467 490
10 264 371
264 45 174 214 315 390 427
371 394
11 133 267 310 446
133 67 123 471 495
267 47 120 287 292
310 73 296 343 452 477
446 270 278 284 296 307 314
12 59 232 256
59 115 336 344 398 461 494
232 137 168
256 33 186 377
13 299 414
299 60 278 312 414
414 117 259
14 100 330
100 97 321 420 485
330 55 167 190 253 323 364 407 413 416
15 94 116 142
94 337 459 476
116 31 48 147 165 228 457 462
142 72 105 213 398 402 416 438
16 52 222 270 417
52 43 131 301 364 370 436
222 180 254 317 423 494
270 40 137 379 389 481
417 152 276 459
17 249 300 487
249 143 192 317 430 436
300 36 128 224 408
487 21 78 81 387
18 439 466 496
439 48 234 349 436
466 189 193 281
496 27 239 407 490
19 218 243 284 329 345
218 21 115 413
243 57 84 139 228 259 408
284 457
329 30 56 455
345 185 473
20 306 372
306 48 235 387
372 37 178 399 478
21 137 362 458
137 107 170 273 379 493
362 27 275 298
458 72 324 443 498
22 42 332
42 149
332 72 155 205 490
23 74 195 206 276
74 298 305 389
195 41 158 176 491
206 279 400
276 154 379
24 111 153 387
111 124 134 361
153 58 80 293
387 148 375
25 58 112 431
58 213 377 492
112 81 117 399 455 481
431 81 148 234 370 433 448 463
26 71 151 164
71 188 190 244 261
151 34 229 281 290 335 349 398 419 493
164 158 251
27 46 177 290 358 377 471
46 129 179 282 482
177 83 200 230 322
290 91
358 49 255 279 396
377 214 258 304
471 257 288 291
28 498
498 171 286 295 303 313 346 399 403 475
29 122 186 278
122 108 113 286 335
186 123
278 48 253 320
30 85 352 430 443
85 251
352 190 394 464
430 309 465
443 72 145 333
31 271 274 409
271 33 101 143 235 255
274 141 258 490 491
409
32
33 321
321 96 244 251
34 131 181 262 419 484
131 37 301 408
181 114 157 319
262 70 161 403
419 90 396
484
35 161 172
161 148 424
172 86
36 78 108 275 388 399
78 105 313 499
108 138 302 457
275 159 422
388 61 174
399 65 96 451
37 49 50 113 363
49 180 189
50 141 215 355 449
113 143 250 265 381
363 45 189 201 280 342
38 69 75 185 497
69 235
75 99
185 182 229 301 379 467
497 81 282 432
39 70 123 124 129 182 294 393
70
123 212
124 163 263 406 451
129 141 297 325
182 110 340 421
294 68 90 241 308 316
393 248 433 492
40 324 392 482
324 488
392 301 452
482 247 350
41 441 456
441 114 169
456 244 435
149 293 378 465
43 247 286
247 47 203 254 337
286 280 355
236 219 424 453
254 96 461
45 176 252 395 425
176 225 307 400 474
252 115
395 126 168 169 216 307 313 325
425 178 322 457
179 335 343
282 203 353 449
47 323
323 135 457
48 187 354 440 488
187 305
354 87 175 208 259 424
440 231 373 422 447
488 61 346 398
180 198 469
189 173 225
141 159 328
215 193 213 400 429
355 312 344
449 198
51 192
192 291 359 461
301 105 139 380 408 412
364 203 307
370 198
436 209 400 420
360
421
462
55 384 434
384
434 468
56 400 475 495
400 110 147
475
495 230 408
57 348
348 81 101 119
213 96 444
492 97
115 424
336 394
344
398
461 102 144
494 460
60 103
103 114 319 455
61
62 422
422 119 175
63 211 485
211
485 224 234 251 312
119 359
452 312
65 128 139 229 418
128 253
139 376 473
229
418 73 217 277 457
169 212
302 246
67 423
423 167 209 212 403
68 134 478
134 86 101 216
478 200 343
235 257 334 481
188 120 304 347 397
190 157
244 483
261
72 79
79 86 338 367
73 83
83 265 292
298 84 109 313 378 435
305 171 217
389 88 127 424
99 101 102 105 349 468
76
77 199 307
199 81 263 411 470
307 196 250 379
105 120 163 373
313 166 379
499 216 351
86 217 490
338 159 239 451
367 279
80 144 171 214 333 473
144 281 359
171 114 435 451
214 415
333
473 102 183 257
81 273 351 391
273 91 201 341 374
351 491
391
82 156 292 390
156 411
292 403
390 216 326
265 457
84 376 477
376 258 288
477 126
251 258
217
490 89 412
87 242 465
242 117 316
465
88 383 435
383 427
435 191 230
89 92 175 297
92 416
175
297 184 231 279 491
90 95 145 309 316 448
95 455
145
309 201
316 230 432
448 225 366
91 263 337 402 447
263 373 374
337 319 374
402 255
447 350
416 97 157 335
342 308 445
404 143
459
476 135
455
96 183
183 114
97 427
427 320 481
98 237 474
237 379
474 203
101 340
102 173 178
349 148 250 407
468
420 356 359
340 317 483
173 445
178
114
319
120 208
163 240
373 225
227
107
138 444 463 483
457 224 481
109 135 146
135
146 460
110 379
379 205
361 184
117
481 368 479
143 322 328
250 196
381 259
424
147 347 467
165 296 335
228 303
259
359
208 205 331
335
212
406 320
451 408 450
429 396
437 155 234 380
126
127
253 356 411
325
130 312
312 210 280
408 168 331 438
132 216
216
224 277
285 304
170 148
493 204
444
463 196
483 200 403 445
140
159
328 374
438 469
322
281 469
460 396 411
347
467 150
148 479
479
293
378 194
150 291 356
291 158
356 234
152
154 257 296 397
257
296
397
155
411 304
157
158 168
168 334
162
240
166 320
320 200
167
334
445 246
174 248
248
225 210 280
200
230 196 432
343
198
469
184
304 489
191
193
194 428
428 203
491
196 353 375
353
375
470 231 269
201
203
204
205 450
450 315
279 226
220
258 374
331
209
210
415
413
219 394 433
394
433 317
255
317
223
277 432
280 315
226
303
432
231 396
396
233 234
234
453
239
241 403
403
287
315 350
246
374
260
269
341
283
288
308
295
380
412
489
314
350
326
407
346
464
366
368
401
480
