0 379 423 488 497 576 615 666 867 997 1044 1059 1148 1365 1461
379 119 271 350 352 378 492 610 639 646 1195 1244 1248 1326 1336
423 90 162 192 202 233 347 565 590 674 762 1160 1168 1332 1340 1369 1481
488 43 151 223 242 292 375 406 761 791 846 972 980 1127 1253 1382 1404 1436
497 226 282 318 420 904
576 8 68 140 198 223 309 566 569 972 980 1059 1109 1196 1413
615 349 399 585 954 963 1072 1171 1465
666 76 412 533 579 839 846 864 970 1015 1110 1204 1233 1309 1349
867 52 110 134 266 340 349 405 451 476 533 705 873 1330 1427
997 37 127 145 219 237 438 728 746 928 1056 1114 1296 1402
1044 53 387 646 667 735 762 887 889 956 1223 1483
1059 244 295 299 430 653 728 974 1057 1212
1148 73 266 287 374 661 707 712 858 922 1042 1376
1365 18 90 118 735 959 1135 1163
1461 65 143 792 1075 1264 1288 1400 1415 1460
1 126 244 251 420 624 652 706 772 1019 1036 1139 1207 1282 1338 1351 1421 1455 1478
126 30 450 490 526 654 657 841 1209 1388 1439 1463
244 32 49 92 268 440 472 520 573 886 1116 1179 1312 1485
251 6 273 453 701 1004 1032 1038 1233 1361 1434
420 117 394 438 703 715 748 777 1078 1181
624 253 350 355 785 1057 1073 1223 1327
652 105 416 417 427 502 523 798 851 865 887 1418
706 67 77 205 265 703 775 783 999 1176 1319
772 277 646 942 1127 1229 1371 1485
1019 173 289 341 445 447 818 913 971 1011 1127 1320
1036 212 218 269 331 505 513 627 722 728 740 902 921 1053 1108 1135 1209 1225 1249 1309
1139 115 166 233 355 365 410 411 451 458 512 579 898 1026 1035 1186 1394
1207 291 961 991 1193 1210 1224 1429 1499
1282 384 460 563 694 695 817 974 981 1229 1301 1321 1444
1338 7 45 120 122 331 371 378 387 418 462 510 663 759 783 831 855 889 1456 1478
1351 191 196 777 809 828 994 1095 1206 1385 1472 1484
1421 79 133 137 259 302 345 692 773 795 922 1055 1069 1072 1083 1094 1156 1183 1452 1458
1455 58 640 793 818 929 973 1165 1422 1435
1478 53 158 270 311 407 495 891 1218 1243 1255 1257 1295 1300 1302 1323 1379 1431 1445
2 113 237 280 404 451 473 474 780 824 1050 1082 1149 1191 1273 1472
113 33 71 342 388 802 849 1141 1400 1483
237 40 199 361 444 617 687 750 763 776 874 1134 1300 1424
280 22 185 189 442 468 478 762 1030 1122
404 64 138 167 303 433 529 622 762 1224 1400
451 170 215 238 499 663 679 752 796 801 842 920 960 961 986 1049 1071 1123 1257 1261 1285
473 25 207 323 339 458 462 470 715 1026 1358 1444
474 166 442 535 676 694 700 902 918 956 987 1011 1026 1146 1496
780 78 341 944 994 1012 1067 1121 1286 1299 1343 1420 1440
824 431 447 493 538 708 765 800 946 1073 1079 1214 1316 1318
1050 114 195 241 536 689 694 944 1120 1246 1361
1082 10 92 125 267 360 369 382 393 443 525 894 1202 1315 1392 1480
1149 89 168 253 339 401 545 596 739 762 1109 1123
1191 52 250 268 338 513 591 707 764 1041 1076 1077 1095 1121 1332 1383
1273 32 36 151 265 376 521 686 698 755 788 830 931 939 949 1027 1496 1497
1472 72 109 595 753 812 994 1081
3 97 135 193 279 351 360 629 685 844 951 1024 1051 1108 1271 1355 1470
97 158 267 431 504 672 802 831 1218 1289 1302 1357
135 362 484 1121 1216 1302 1430
193 57 164 208 317 327 368 397 971 996 1000 1159 1267 1340 1454
279 141 159 222 397 724 1347
351 23 109 112 165 370 515 543 661 677 687 740 910 947 1008 1268 1383 1384 1392 1393 1423
360 34 138 248 367 605 667 1465 1495
629 525 528 594 638 729 874 884 955 1298 1498
685 85 378 555 723 966 1109 1143 1180 1353
844 74 171 328 334 441 538 1045 1195 1302 1336 1347
951 788 860 891 1482
1024 26 215 336 435 472 719 773 1119 1223 1495
1051 184 197 319 520 546 1069 1260 1333 1358 1375 1381
1108 257 482 714 806 1355 1403
1271 118 148 673 858 861 992 1085 1160 1256 1312 1492 1498
1355 5 409 690 820 934
1470 191 214 301 486 569 593 817 830 906 963 1181 1205 1254
4 162 429 480 498 676 1237 1329 1415 1424 1431
162 6 184 252 425 530 582 712 769 821 925 1151 1231 1412
429 36 38 134 168 308 385 537 625 786 800 1316 1347 1348 1370
480 69 223 290 359 495 774 858 880 912 1288 1458 1477
498 57 84 139 249 349 387 721 745 1031 1035 1095 1128 1336 1409
676 148 288 357 459 640 690 738 1069
1237 350 1008 1021 1048 1109
1329 294 300 412 430 525 761 903 1300 1390 1451
1415 57 71 73 106 227 366 391 396 415 464 504 534 973 1045 1105 1158 1172 1212 1411
1424 37 42 85 128 386 402 463 503 543 678 751 811 848 1028 1283
1431 73 98 130 234 274 317 566 597 734 753 828 944 1006 1040 1141 1154 1211 1238 1295 1434
5 22 176 341 573 655 726 845 917 1114 1143 1171 1294 1341
22 104 255 412 604 873 901 1124 1267 1343 1412
176 131 200 271 391 493 669 1008 1439 1474
341 155 231 311 373 507 514 527 571 764 877 935 1390 1432 1437
573 25 44 145 563 582 720 775 936 1011 1063 1363
655 105 112 185 256 753 826 914 1008 1193 1235
726 59 255 415 456 462 541 589 590 630 642 696 727 795 811 874 1170 1335 1492
845 143 281 305 324 501 875 895 927 1092 1122 1135 1449
917 238 591 592 642 787 874 875 952 1076 1138 1196
1114 151 466 817 1162 1202 1212 1231 1245 1260 1265
1143 20 95 276 611 890 1137 1205 1216 1244 1486
1171 67 72 413 463 839 959 1076 1205 1333 1372 1388
1294 64 142 185 186 339 356 612 799 815 1113 1213 1265 1268
1341 16 223 556 628 636 753 826 1164 1419
6 9 48 261 325 407 546 559 673 793 1115 1279 1467
9 40 289 567 702 783 992 1026 1061 1213 1471
48 108 189 291 319 432 454 789 957 1039 1354 1448 1487
261 262 364 372 516 651 677 1058 1101 1252 1409
325 57 257 300 336 355 400 520 568 712 716 725 903 996 1246 1277 1450
407 8 69 120 427 439 533 582 610 667 751 798 857 1015 1092 1188 1382
546 108 228 313 620 865 978 1011 1105 1134 1288 1379 1476
559 296 678 710 786 853 1018 1197 1236 1295 1344
673 55 163 377 1157 1267 1272 1373 1479 1483
793 85 227 239 285 524 643 1033 1084 1183 1251 1287 1386 1494
1115 220 846 883 941 966 1206 1311 1347
1279 100 159 173 198 287 346 527 532 712 751 979 1332 1414
1467 131 245 317 350 435 593 651 731 808 1233 1333 1368
7 65 115 188 289 586 661 681 698 955 1074 1132 1213 1258 1339
65 47 150 281 1017 1096 1170 1268 1276 1369
115 67 139 258 377 490 617 831
188 109 121 266 406 665 699 900 1377 1469
289 13 52 200 211 305 326 454 487 627 789 853 880 1138 1213 1358 1403
586 300 358 545 627 657 794 1033 1239 1296 1358
661 229 273 486 710 724 727 897 1081 1223 1253 1458
681 397 426 531 634 639 678 806 931 1129 1163 1235 1297 1298
698 79 163 174 529 836 955 1253 1300 1308
955 50 123 234 470 491 609 627 985 1226 1285
1074 19 31 67 149 361 387 391 514 563 591 606 683 702 709 1017 1223
1132 29 236 580 749 976 1492
1213 28 51 119 163 323 491
1258 186 264 326 377 446 515 584 895 1437
1339 408 421 549 660 1003 1056 1153 1180 1450
8 44 359 397 405 791 893 935 948 1158
44 39 159 217 401 732 1408 1452
359 14 105 291 441 602 747 869 918 920 1454
397 286 487 959 1018 1033 1083 1231 1333 1352 1456
405 81 105 146 292 487 634 761 841 909 932 1138 1238 1249 1288 1445
791 88 187 332 385 560 647 680 954
893 137 243 266 507 519 1131 1447 1481
935 57 120 210 356 543 565 674 718 1053 1400 1439
948 32 112 114 216 294 462 489 626 732 1312
1158 14 281 518 992 1117 1234 1290 1343 1354 1428
40 177 203 220 259 499 525 579 587 669 721 778 802 1170 1261 1314 1336
567 266 512 891 996 1112 1320 1416 1419 1432
702 240 259 427 733 741 743 840 909 1000 1093 1100 1208 1310 1325
783 157 158 262 265 525 639 750 898 968 978 1020 1025 1042 1069 1189 1215 1217 1372 1390
992 63 178 314 353 416 727 969 1326
1026 89 399 442 445 534 608 707 746 953 1134
1061 72 338 354 362 554 799 1003 1105 1147 1283 1392 1412 1442
1471 43 149 508 534 543 621 781 851 960 1366
10 232 248 337 524 931 1170 1267
232 14 78 137 267 277 424 906 1076 1128 1161 1175 1204 1250 1348 1398
248 72 117 136 247 259 309 370 383 534 572 699 754 790 853 1000 1230 1340 1435
337 254 309 482 490 525 585 627 680 816 860 962 1001 1047 1095 1248 1253 1464
524 105 133 319 468 714 865 908 1016 1101 1334 1382
931 204 210 385 544 599 677 823 871 1187 1242 1301 1387
1170 122 201 241 296 302 444 518 604 978 989 1162
1267 131 339 426 593 713 773 820 1072 1179 1202 1334 1362
11 90 207 236 333 339 413 421 456 540 801 889
90 93 320 602 603 841 1104 1419 1428 1442 1479
207 86 88 226 292 520 557 966 1146 1290 1412
236 100 313 468 592 635 798 900 1366 1426
333 214 257 458 768 825 866 876 882 989 1073 1248 1353 1382
339 59 67 98 235 290 330 439 491 534 585 591 604 606 647 815 999 1211 1364 1458 1488
413 15 139 272 461 636 697 703 720 892 1031 1101 1147 1161 1319 1464
421 39 66 92 369 640 653 789 892 957
456 75 106 886 1107 1135 1367
540 189 258 353 354 506 759 977 1122 1174 1438 1483
801 88 95 180 187 331 443 486 541 637 712 774 834 1016 1022 1093
889 228 549 746 788 804 921 1058 1113
12 208 254 374 717 734 827 856 894 1128 1184 1221 1281 1319
208 149 243 292 560 1111 1175 1186 1268 1316 1441 1444
254 462 477 552 581 733 885 892 1034 1155 1161 1222 1283 1401 1495
374 42 164 168 234 632 709 740 1008
717 34 101 326 544 632 718 786 799 915 1285 1386
734 76 142 191 551 923 1039 1117 1178 1253 1269 1322
827 28 214 424 521 798 843 885 977 1251 1295 1349 1373
856 77 552 579 642 832 882 1021 1216 1218 1373
894 87 124 145 348 403 1252 1389
1128 105 202 446 637 1140 1292 1318 1349 1434
1184 76 667 884 971 1006 1060 1076
1221 159 298 623 1144 1414
1281 283 425 455 597 715 1200 1289 1411
1319 111 350 528 537 689 794 978 1229 1392 1417
13 130 169 501 531 773 779 896 991 1070 1116 1259 1261
130 63 212 219 419 712 728 740 752 865 918 927 1284
169 14 168 189 345 598 632 829 939 944 950 1202 1404
501 27 290 568 649 794 964 1232 1360 1363 1376 1453
531 151 353 442 562 600 642 712 812 989 1131 1165 1402 1403
773 29 296 301 380 409 528 584 611 714 774 857 918 958 1138 1356
779 34 108 419 905 1088 1134 1268 1304 1327 1344 1370 1410
896 175 260 494 597 701 850 861 875 945 1067 1220 1389
991 69 141 376 558 633 790 1216
1070 125 401 452 470 477 589 619 814 1126 1232 1248
1116 509 752 871 1106 1301 1357 1425
1259 301 356 581 810 836 846 890 899 960 1085 1214 1402
1261 41 62 67 96 110 348 462 591 621 849 850 881 898 934 943 1077 1382 1452
14 318 327 816 874 964 1005 1296 1310
318 39 89 204 491 788 814 829 860 890 1181 1349 1378 1386
327 83 231 408 414 664 813 905 934 961 1096 1175 1336 1385
816 127 147 210 483 775 1127 1129 1216 1228 1384
874 214 433 963 1052 1124 1325
964 17 186 238 297 509 570 792 1053
1005 55 82 290 358 365 519 808 1043 1376
1296 27 246 292 299 301 454 781 837 1002 1064 1097 1202 1231 1361 1401 1422 1466
1310 124 202 344 539 557 888 923 979 1011 1031 1439 1474
15 312 511 689 1017 1125 1166 1314 1343
312 233 516 1123 1398
511 155 175 465 487 554
689 55 445 577 892 1167 1180 1427
1017 56 198 225 246 521 597 609 682 712 764 910 963 1223 1466
1125 43 194 201 233 303 343 466 938
1166 258 516 654 735 767 812 813 817 836 841 1127 1252 1254 1306 1376 1412 1454 1456
1314 20 30 166 198 372 387 441 507 701 829 872 1002 1056 1285 1302 1330
1343 132 386 744 1101 1155 1332 1376 1443
16 64 82 198 231 294 295 310 468 690 757 826 877 908 1220 1346 1359
64 246 538 618 826 899 1124 1278 1346 1395
82 119 150 270 495 599 647 787 1073 1133 1311
198 543 679 956 1145 1211 1312 1376 1392
231 181 514 533 592 684 913 1409 1488
294 17 100 107 123 332 433 483 491 499 628 936 1336 1445
295 269 489 570 838 1301 1401
310 87 141 466 475 584 808 864 910 919 1138 1159 1239 1354 1359 1420
468 29 41 57 123 147 430 461 496 574 915 958 1426
690 187 191 390 555 635 703 1043 1112 1330
757 85 166 229 548 613 643 831 901 1192 1228 1313 1350
826 77 184 249 349 486 543 640 870 970 984 1107 1312 1372 1379
877 77 101 157 316 367 538 656 743 753 922 946 1022 1103
908 389 430 872 1093 1363 1437 1479
1220 54 103 233 281 395 910 977 1004 1033 1155 1265 1317 1488 1497
1346 160 172 173 217 269 460 657 678 1390
1359 51 85 180 222 938 978 995 1228 1304 1395 1486 1495
17 84 128 166 189 460 825 904 1021 1287 1378
84 219 441 633 884 1042 1064 1077 1137 1159 1205 1216 1274 1416
128 116 155 200 375 464 593 638 640 753 769 825 938 1298 1305 1393 1426
166 58 98 234 744 806 864 1161 1368
189 85 258 316 322 324 663 697 720 1295
460 25 178 321 323 392 651 728 755 828 836 905 993 1018
825 168 704 749 847 994 1068 1126 1129 1131 1134 1458 1485
904 24 35 759 887 940 1007 1069 1199 1441
1021 109 386 548 806 960 983 1080 1371 1451
1287 41 305 601 805 1162 1225 1248 1387 1411 1437
1378 53 72 305 311 323 329 767 805 820 885 890 1199 1268
18 80 291 400 634 637 680 738 749 895 1031 1073 1318 1418
80 541 956 1080 1106 1491
291 27 112 249 418 516 740 830 834 954 1203
400 27 146 265 283 352 486 594 987 1301
634 68 168 505 684 800 1055 1078 1098 1102 1203 1209 1210 1362 1497
637 68 633 711 719 796 820 1081 1193 1317
680 156 329 433 526 683 883 1046
738 25 179 277 914 927 1272 1289 1433 1456 1483
749 238 970 1286
895 196 469 523 835 852 976 999 1260 1311 1446
1031 693 733 957 1118 1119 1206 1464 1466 1481
1073 485 700 1400
1318 49 70 99 127 274 329 382 411 459 505 568 617 926 996 1134 1189 1257 1320
1418 103 227 492 515 516 588 805 929 1222 1356
19 95 178 225 353 385 386 638 924 1032 1202 1374
95 910 1046 1057 1201 1300 1356 1450
178 256 386 508 781 831 1380 1427
225 20 50 513 870 989 1131 1136
353 73 94 116 182 372 481 571 630 998 1212 1364
385 66 127 418 518 592 730 833 883 1015 1046 1054 1080 1119 1147 1162 1412
386 59 85 439 693 1077 1264 1372 1439
638 73 209 277 428 848 850 858 922 1066 1067 1215 1241 1306
924 426 431 434 505 658 781 866 972 1142 1177 1422 1463
1032 250 306 373 494 588 625 970 1078 1161 1204 1250 1380 1454
1202 81 139 140 175 416 435 453 596 700 897 961 1025 1152 1405
1374 119 210 1169 1251 1416
20 38 711 716 763 1243 1403 1429
38 177 321 427 445 647 714 735 1264
711 250 370 481 521 809 828 884 970 1154 1234 1288 1345 1394 1399 1450
716 54 109 274 489 536 672 866 905 929 971 1049 1068 1127 1266 1274 1463
763 159 735 817 1099 1274 1383 1454
1243 345 387 1150 1231 1292 1353 1414 1419
1403 140 161 241 332 361 445 458 555 805 863 910 1142 1269
1429 119 276 322 444 605 701 764 840 903 911 921 1335
21 76 1137 1321
76 314 390 393 416 436 491 571 767 1222 1451
1137 181 265 370 493 517 1209 1223
1321 311 377 672 804 1071 1111
104 275 469 579 620 743 777 808 837 903 920 954 960 973 1142 1242 1349 1401 1477 1493
255 57 103 230 299 632 1103
412 58 217 437 862 1142
604 101 544 978 1232 1377 1395 1492
873 382 502 625 674 897 922 1286
901 797 839 950 1065 1293 1309 1370 1484
1124 392 619 644 785 910 937 965 973 1010 1178 1283 1317 1373
1412 92 122 164 252 256 273 391 399 528 684 713 777 802 1136 1317
23 660 695 753 900 944 1041 1218 1241
660 263 452 513 553 880 968 1161 1494
695 163 212 415 453 454 495 809 1003 1088 1474
753 78 122 197 336 380 556 921 1079 1147
900 326 371 822 830 1322 1368 1393
944 315 440 495 728 833 1151 1153 1406 1411 1427
1041 24 260 324 658 672 854 902 1016 1144 1270 1297
1218 155 321 392 424 432 445 509 548 769 775 956 1038 1093 1134 1201
1241 343 441 510 869 939 1133 1315
24 45 86 223 242 346 487 729 805 925 1072 1078
45 131 153 228 250 516 593 719 795 799 1048 1405
86 144 314 366 458 668 736 1020 1156 1275 1300 1335
223 31 140 240 364 493 522 665 905 1255 1313 1358 1479 1484
242 326 1012 1077 1096 1097 1322 1336
346 52 63 299 303 475 491 800 897 941 1163
487 283 532 632 766 907 1004 1064 1105 1195 1391
729 109 286 391 722 1056 1406
805 68 230 247 633 1025 1211 1302 1422 1454
925 85 356 876 1040 1120 1305
1072 194 509 631 870 1200 1298
1078 177 594 668 678 732 837 898 1076 1129 1233 1350 1406
25 278 647 854 959 1288
278 141 151 297 389 1161 1291 1308 1332
647 370 457 657 704 937 976 1027 1206 1444
854 599 631 887 1226 1274 1469
959 434 520 739 918 1107 1133 1140 1190 1367 1497
1288 181 253 303 418 514 579 617 643 714 866 872 943 1056 1134 1204 1481
26 222 328 621 678 788 853 1028 1069 1152 1298
222 173 187 220 406 976 1266 1307 1394 1430 1485
328 256 414 548 657 659 686 775 796 819 878 1464
621 70 83 240 321 678 1066 1101 1164 1165 1196 1306 1389 1465
678 157 165 285 356 425 590 645 868 939 1419
788 59 367 595 724 946 989 1369 1425
853 101 517 693 823 851 1138
1028 151 476 611 974 1079 1198 1361
1069 85 265 274 417 517 714 1030 1193 1398
1152 218 482 794 949 1014 1018 1183 1465
1298 174 319 526 571 674 970 1067 1337
27 91 200 293 422 458 529 543 552 714 857 1364 1413
91 212 246 642 733 1245 1344 1353 1408
200 46 55 286 375 408 742 828 849 875 1003 1014 1033 1187 1425
293 111 156 340 455 506 671 745 940 978 1141 1422
422 33 81 268 410 569 670 855 897 1035 1037 1232 1301
458 152 217 233 309 409 592 741 847 966 1011 1020 1240 1450
529 187 194 204 270 326 401 769 852 1086 1164 1388 1406
543 320 376 549 565 862 1002 1292 1336
552 283 551 712 1053 1265 1283 1430 1442 1493
714 145 364 479 562 595 1095
857 221 256 822 1147 1236 1324 1356 1366 1399
1364 478 598 679 808 907 1015 1039 1054 1216
1413 160 180 241 313 452 551 580 626 659 743 868 1015 1307 1388 1442 1469
28 58 139 155 265 283 432 597 807 912 1079
58 47 71 163 283 284 302 362 438 631 871 878
139 249 340 494 535 643 1214 1414
155 119 180 362 514 668 774 855 1075 1122 1179 1192 1410 1488 1489
265 123 219 352 502 611 995 1180 1183 1269 1387
283 259 342 626 719 852 1029 1067 1103
432 401 721 782 1117 1235 1331 1356 1474
597 156 203 380 428 470 623 682 1087 1260
807 158 287 348 416 762 813 949 966 989 1121 1226 1235 1361
912 73 100 170 174 199 509 518 570 745 979 1457 1476 1489
1079 259 358 630 737 829 974 986 1174 1363
29 313 406 426 513 628 789 910 965 1133 1486
313 55 205 238 593 758 1324
406 212 366 911 1003 1093 1105 1131 1245 1348 1441
426 72 118 215 442 469 659 760 789 798 936 961 1011 1102 1231
513 62 88 156 875 1012 1434
628 635 758 766 841 891
789 124 186 450 518 556 623 836 1000 1030 1187 1411
910 387 469 902 1037 1491
965 161 276 332 509 520 622 712 1010 1215
1133 202 245 256 267 469 759 1090 1388 1484
1486 53 99 356 679 725 1234 1257
30 47 85 245 533 585 850 863 1014 1307 1498
47 49 297 330 347 381 622 746 872 979 1224 1312 1361 1369 1381 1390 1483 1485 1495
85 51 52 152 296 332 362 537 1083 1354 1435
245 211 276 482 819 981 1000 1447
533 216 514 516 536 539 590 1088 1131 1242 1289 1335
585 273 517 555 970 1039 1096 1136 1217 1430 1484
850 70 321 364 434 707 756 984 1087 1095 1162 1249 1299 1347 1440
863 367 393 454 593 847 870 936 950 1035 1172 1210 1216 1380
1014 235 453 945 949 1037 1176 1217
1307 153 180 517 659 839 984 1177 1345
1498 50 108 316 319 482 491 830 1087 1337 1426
31 72 518 671 862 934 954 1045 1322 1384 1462
72 194 235 410 549 799 919 1155 1219
518 109 262 323 390 403 913 923 1010 1076 1193 1210
671 147 220 343 459 553 565 957 1204 1399
862 36 107 239 808 974 1012 1160 1326
934 340 391 553 579 580 699 701 795 809 1144 1385
954 112 119 434 639 879 884 1086
1045 55 234 274 581 727 950 1168 1349 1379 1460 1495
1322 110 243 252 550 635 754 761 883 1295
1384 123 179 562 683 969 1089 1121 1479
1462 158 326 417 847 1092 1475
32 57 274 424 528 674 800 810 812 834 1190 1363
57 66 138 224 393 459 672 760 1007 1075 1182 1303
274 206 243 323 639 831 881 1435 1448
424 161 221 394 434 809 822 1120 1315
528 204 599 984 1035
674 205 445 466 510 514 526 616 636 864 981 1181
800 154 263 514 1138 1371
810 199 476 672 774 865 1042 1066 1120 1304 1334
812 220 399 813 878 915 1068 1081 1119 1120 1203 1244 1460
834 215 297 378 402 720 743 1011 1210
1190 919 1004 1046 1089 1121 1142 1263 1370 1380
1363 73 590 782 817 858 1313
33 138 249 306 642 1075 1110 1397
138 136 181 269 277 569 822 1370 1445
249 464 475 503 704 1001 1256 1417
306 167 442 464 809 939 994 1003 1284 1385
642 311 580 667 682 835 1038 1093 1144 1154 1193 1349
1075 381 672 704 718 790 809 1035 1395
1110 56 153 684 945 979 980 1122 1301
1397 133 309 521 590 707 1042 1387
34 161 164 363 437 553 981 988 1253
161 96 288 314 320 577 636 1018 1151 1162
164 132 145 148 383 495 641 858 920 1001 1100 1126 1201
363 73 75 309 464 618 632 839 970 1093
437 217 297 393 571 640 922 1163 1208 1234
553 132 190 388 555 598 796 841 919 1089 1198
981 260 664 817 848 870 938 989 1172 1311
988 323 1015 1064 1255 1280 1337 1392
1253 109 516 664 697 823 1122 1195
35 112 127 256 574 1175 1193
112 530 662 823 836 963 983 1006 1027 1071 1475 1491
127 93 109 168 909 1048 1157 1274
256 247 382 667 1458
574 489 694 1169 1344 1392 1446
1175 163 302 667 1034 1192 1227 1420
1193 285 317 376 703 705 720 833 851 915 1204 1266 1376
36 234 542 562 656 736 846 956 1315 1411
234 67 186 354 399 410 490 688 1130 1385 1439
542 165 344 517 583 746 804 811 1092 1214
562 43 99 215 835 945 1035 1414
656 338 414 476 973 978
736 63 105 243 732 855 984 1155 1169 1297
846 67 163 180 430 446 454 457 928 1047 1084 1291
956 56 373 440 998 1205
1315 191 297 568 950 1087 1092 1136 1156 1210 1312
1411 114 324 344 865 1168
37 202 211 308 1157 1186 1197 1266 1427
202 106 361 427 462 667 781 1336 1353 1484
211 96 417 438 526 743 1156
308 320 440 950 1280 1485
1157 98 282 358 377 802 852 858 1068 1140 1228 1447
1186 300 403 525 560 883 907 1459
1197 99 290 495 584 619 921 998 1361 1372
1266 378 603 618 1372 1377 1402
1427 204 396 467 829 872 937 1277 1463
177 105 224 703 733 806 839 1008 1196 1245 1324 1366 1399 1419 1432
321 154 191 357 506 919 1107 1408 1445
427 41 296 392 486 802 1230 1362
445 78 309 343 447 646 909 937 989 1055 1375
735 199 372 718 730 884 949 1091 1126 1435
1264 99 192 266 352 375 387 418 778 914 966 1162 1391 1408
39 55 66 815 1229 1280 1396
55 803 808 839 953 1416
66 257 831 899 1011 1062 1181
815 99 267 1226 1286 1335 1410
1229 710 733 840 1270 1340
1280 67 307 516 670 682 945 947 1155 1203 1214 1246
1396 121 425 519 732 909 1029 1034
203 175 213 227 384 399 563 682 798 899 968 1131 1376 1416
220 181 204 209 241 349 383 575 648
259 103 185 297 581 635 664 1141 1263 1368 1406
499 129 625 792 919 1048 1251 1272 1289 1308 1354 1357
525 1163 1178
579 62 106 197 305 398 430 684 1131 1147 1214 1313 1373
587 59 102 151 795 1066 1231 1376
669 147 292 298 336 435 466 1499
721 187 362 453 630 742 841 1249 1327
778 46 49 78 241 362 366 550 636 771 886 1049 1173 1206 1291 1451 1484
802 186 298 582 650 843 1135 1200 1227
1336 137 158 331 388 470 478 1053 1076 1326 1398
41 187 206 367 381 436 483 590 712 819 968 1174 1445
187 109 477 921 986 1268 1417
206 347 348 639 653
367 50 110 532 1064 1345 1352
381 253 478 515 523 627 1013 1046 1062 1120 1142 1361 1437
436 195 733 869 940 946 1065 1122
483 191 277 298 526 613 796 804 1224 1257
590 110 414 433 630 693 786 919 969 1043 1046 1169 1382 1468
712 77 131 142 459 564 739 761 885 897 1039 1358 1492
819 124 243 300 725 747 842 864 1052 1223 1268 1340
968 70 448 838 1023 1463
1174 183 362 370 727 731 970 971 983 1317
1445 217 335 345 538 728 899 923 932 1064 1168 1284 1292 1391 1422
42 52 382 662 732 792 813 976 1145 1177
52 467 809 828 1219 1334 1398 1496
382 580 627 640 645 1048 1236
662 329 428 551 839 1353 1399
732 114 372 418 459 600 612 760 785 881 978 983 1224 1482
792 63 241 303 478 820 1205 1238
813 160 209 614 1240 1269
976 125 165 247 342 364 444 730 748 751 841 982 994
1145 119 146 197 378 582 594 686 797 1027 1239 1300 1316
1177 163 180 798 1101 1138 1410
43 69 183 215 316 317 371 603 841 865 1155 1214 1387 1400 1485
69 194 221 347 419 541 639 697 764 975 1039 1076 1201 1447
183 336 357 614 705 842 868 942 993 1052 1056 1349 1464
215 53 228 794 1003 1214 1217 1332
316 147 175 210 216 376 495 583 922 1129 1165 1240 1432 1442
317 469 496 832 864 1039 1165 1180 1249 1268
371 196 297 507 561 657 665 739 794 839 967 1006 1039 1211 1250 1430
603 322 390 464 495 535 745 823 969 1182 1326
841 60 380 508 849 932 960 1092 1111 1146 1245 1451 1499
865 330 348 433 550 811 940 1071 1192 1480
1155 250 448 520 888 1302 1388
1214 94 300 450 461 605 614 627 775 870 883 939 1160 1162 1228 1328
1387 181 299 581 1081 1217 1242 1286 1304 1313 1451 1476
1400 156 228 272 449 556 961 1040 1100 1120 1153 1432
1485 59 175 266 286 356 461 520 658 1224 1317 1371 1375 1407
159 114 133 929 1167 1410
217 87 197 335 619 645 899 921 927 1002 1215 1426 1483
401 324 368 500 606 664 679 769 957 1121 1144 1167 1324
1408 119 549 648 1010 1093 1211 1231 1488 1489
1452 311 380 409 430 442 459 942 1127 1354
131 522 635 838 1020 1238 1344 1386 1439
153 241 443 705 739 1101 1103 1272 1284
228 152 768 871 909 1270 1292
250 515 777 1248 1466
516 599 719 769 1065 1176 1209 1226 1367 1483 1490
593 106 121 357 417 469 557 782 1270 1299 1497
719 563 940 1327 1448
795 221 393 1250
799 120 184 267 500 512 618 837 1027 1049 1224 1370 1459
1048 224 243 390 454 606 701 781 1046 1185
1405 49 73 167 443 558 613 909 980 1098
46 298 467 514 578 627 752 767 1015 1100 1333 1345 1349 1464 1493
298 117 148 493 659 688 730 1098 1224 1292 1398 1496
467 78 102 117 163 233 392 402 453 461 723 727 966 1076 1308 1420 1465 1499
514 73 170 301 384 472 798
578 560 720 765 942 974 1025 1217 1367
627 219 271 277 366 1354 1417
752 320 323 556 609 1159 1417
767 180 241 986 1146 1179 1182 1447 1454
1015 167 392 589 786 930
1100 137 448 820 986 1178 1433 1464
1333 417 526 833 985 1063 1105 1447
1345 182 334 478 619 653 663
1349 239 457 465 472 769 921 950 1252
1464 83 109 330 378 464 635 972 1205
1493 410 537 699 722 855 869 936 971 1154 1367
49 143 821 840 859 1035 1199 1458
297 148 356 598 785 828 847 978 979 1299
330 212 453 563 600 898 933 1007 1077 1120 1210 1353 1371 1475
347 96 102 137 527 575 696 1003 1490
622 338 398 555 708 771 803 811 918 1071 1242 1293
746 60 94 527 691 703 855 1002 1086 1348 1375
872 142 933 937 1111 1311 1327 1337
979 344 433 563 710 751 766 974 1008 1147 1331 1385
1224 73 478 601 620
1312 87 123 365 408 784 928 1284
1361 239 962 1330 1381 1476
1369 190 194 269 476 527 740 823 830 994 1029 1107 1435 1458
1381 267 441 492 503 614 645 1018 1029 1141 1187 1211 1309 1398 1496
1390 67 506 569 750
1483 311 329 476 651 758 761 811 887 943 993 1039 1077 1379 1448
1495 132 205 448 563 594 672 725 1000
108 98 252 320 618 750 756 1162 1308
319 154 551 657 703 1064 1136 1379 1450
454 229 307 370 482 701 820 875 1344
957 106 303 687 973 1047 1053 1084 1109 1277
1039 216 684 742 775 946 1176 1240
1354 275 340 489 949 1183 1204 1327 1356
1448 145 147 348 704 782 1063 1306 1356 1380
1487 581 1167 1382
143 81 118 369 408 760 998 1240
821 361 395 402 439 584 740 879 1001 1002 1138 1185 1188
840 60 121 240 505 705 870 996 1404
859 99 156 238 372 415 725 742 1348 1488
1035 117 584 592 699 725 1027 1168
1199 210 387 569 675 705 960 999 1084 1188 1254 1278 1284 1436
1458 693 1034 1109 1425 1442 1474
50 311 331 703 1034 1062 1290
311 83 940 963 1057 1129 1456
331 324 340 526 756 973 1012 1068 1118
703 150 839 878 1165
1034 219 241 646 797 1180 1373
1062 81 741 1052 1283
1290 107 262 276 465 537 1056 1096 1121 1219 1367
51 224 482 538 549 654 774 1006 1056 1068 1135
224 152 492 847
482 1105 1141
538 167 247 466 583 601 635 777 861 1037 1167 1444
549 83 229 594 1183 1453
654 463 1209 1356
774 281 500 687 715 876 1147
1006 194 428 687 718 903 909 1141 1234 1340
1056 646 664 861 939 1121 1203 1372 1446
1068 81 136 899 1010 1335
1135 416 449 545 599 722 744 754 871 1260 1398
809 452 515 532 727 903 1370 1372
828 120 267 305 390 591 790 878 1055 1238
1219 147 151 179 258 323 358 594 1247 1474 1492
1334 803 839 906 946 1055 1083 1382 1456
1398 77 315 390 541 592 1156
1496 273 448 600 691 949
53 602 705 740
602 147 258 439 601 960 1153 1185 1245 1347 1420
705 101 107 122 257 414 441 765 1161 1304 1465
740 102 340 352 486 520 786 1003 1134 1165 1247 1297 1300
54 119 252 449 452 786 1163 1165 1173 1476
119 145 205 416 1098 1380 1484
252 428 684 760 804 899 974 1249 1289
449 92 151 409 478 526 591 595 1173 1368 1447 1476
452 238 239 519 649 962 1161 1420
786 415 677 897 958 1144 1154 1434
1163 149 300 391 620 691 777 1042 1303 1414
1165 631 1046 1372 1375
1173 489 507 644 1134 1291 1300 1497
1476 133 151 180 760 914 985 1097 1103 1240 1481
803 415 535 733 903 960
808 450 494 507 1058 1392
839 296 847 1089 1420
953 305 340 822 1121 1151 1217 1262 1436
1416 914 1182 1211 1379 1436 1459
56 462 512 569 743 1000 1040 1144 1303 1469
462 105 365 434 545 592 782 943 1331
512 515 932 947 974 1111 1275 1344 1479
569 102 599 838 1176 1376 1379
743 811 833 972 1320
1000 194 342 1013
1040 96 267 376 521 612 650 1118 1337 1420 1466
1144 79 121 262 921 1112 1176
1303 440 672 765
1469 145 1043 1083 1153 1299
393 526 530 691 1231
459 365 434 905 1085 1289 1348 1447
672 156 677 928 940 1013 1154 1331 1394 1420
760 199 509 521 650 980
1007 551 557 907 1153 1488
1182 158 457 522 878 1043 1434
71 332 450 1055 1067 1206 1254 1391
163 947 983 1101 1194
284 616 814 1482 1491
302 292 332 450 798 852 1285 1327 1373
362 263 1136 1302 1443
438 267 478 697 907 1080 1200 1270 1433
631 197 218 408 605 838 1077 1402 1426
871 230 282 398 692 1477
878 675 1003 1419 1451
59 94 1018 1093 1262 1380 1460
94 190 906 933 1226 1394
1018 196 433 527 1029 1304
1093 103 145 447 782 932 945 1227
1262 165 212 442 571 623 682 1047 1386
1380 67 175 314 592 755 864 933 1393
1460 246 617 1407
60 150 168 197 619 848 887 1422 1474
150 205 214 977 1232 1260 1352
168 146 171 477 696 822 984 1164 1293 1353 1494
197 722 983
619 61 68 149 273 342 1011 1106 1118 1226 1447
848 149 610 694 761 1022
887 123 300 713 1242 1337 1422
1422 98 154 213 389 659 1246 1302 1450
1474 121 260 505 747 861 1489
61 196 527 833 1025 1353 1370 1383
196 269 287 610 875 880
527 99 172 303 439 710 756 787 855 985
833 96 125 614 626 635 876 1205
1025 125 134 216 227 303 648 700 755 770 1344 1348
1353 148 461 832 1012 1153 1230
1370 110 157 260 329 446 664 730 1011 1042
1383 329 504 663 1373
62 1095 1123 1138
1095 175 399 580 1348 1409
1123 357 415 503 687 928 1268
1138 154 179 500 630 822 1057 1399
63 99 277 481 491 710 1301 1348 1484
99 158 348 396 1099 1111 1225 1270
277 79 173 370 577 1156 1198 1268 1497
481 257 264 447 668 670 713 911 971 1080 1326 1395 1465
491 160 209 522 723 1250 1453
710 270 373 486 616 646 868 897 952 1295 1393
1301 152 191 484 534 693 936 1004
1348 657 775 929
1484 154 158 667 1167 1325
246 73 107 209 383 408 469 618 1238 1277
618 270 340 418 600 1122 1377 1402
899 484 532 838 927 989 1049 1118 1187 1499
1278 117 290 583 609 804 1030 1494
1395 117 253 479 526
281 340 558 665 785 1066 1160 1260 1410 1457
1096 212 309 440 551 564 679 941 960 1091 1231 1439
1268 106 651 843 913 1435 1477 1497
1276 612 1142
257 361 623
831 149 307 545 876 915 1057 1335 1414
1011 145 484 614 822 961 1203 1434 1456
1181 267 775 1099 1316
67 305 519 564 918 994 996 1012 1222 1313
305 403 1406
519 369 557 697 916 1248
564 418 550 782 843 1311
918 352 366 477 522 558 775 890 989 1010 1023
994 329 485 614 741 745 1156 1249
996 230 410 478 504 630 1183
1012 160 179 368 534 664
1222 408 547 588 937 972 1022 1047 1098 1377 1432
1313 101 266 290 326 477 724 787 1236 1491
68 982 1077
982 180 644 645 659 724 967 970 1295 1360 1443 1473 1499
1077 785 1151 1210 1236 1399 1436 1492
194 210 221 510 969 1002 1060 1107 1283 1309
221 145 388 693 722 723
419 233 370 650 1080 1228 1330 1482
541 226 263 725 733 775 977 1029 1086 1162 1391
639 109 171 275 290 388 431 506 507 769 1358
697 87 88 185 715 1008 1058 1071
764 146 1206 1284 1456
975 137 240 388 478 509 1146 1215
1076 144 290 464 544 744 1473
1201 81 560 693 1156 1489
1447 111 269 596 969 1425
70 332 342 410 517 606 718 852 1188
332 443 679 811 1417
342 105 914 1242
410 417 930 986 1122 1234 1316 1453
517 165 700 733 886
606 158 580 616 744 860 866 1016 1200 1238 1311 1367
718 73 146 340 372 430 686 784 1146
852 172 230 239 440 556 962 1489
1188 170 226 263 444 558 605 607 943 946 1127 1337
450 240 309 504 1089 1131 1242 1376
1055 186 239 1136 1159 1203 1347
1067 364 868 911 945 1097 1457
1206 141 392 398 485 635 679 1185 1317 1409 1457
1254 219 570 731 1292
1391 122 616 640 699 737 761 926 990
235 123 157 506 1042 1178 1386
919 500 612 694 1227 1230 1332 1410 1441 1443
73 443 448 592 626 665 838 885 1084 1208
443 105 875 1428
448 530 794 823 832 897 1386 1451
592 83 175 329 428 444 594 707 858 1277 1404
626 120 368 389 699 1265 1299
665 152 296 568 978 1020 1122 1360
838 83 219 285 391 653 708 1435
885 78 530 902 1131 1160 1459
1084 520 742 1057 1420
1208 238 286 307 723 906 1043 1183 1417
74 240 439 691 1004
240 146 720 724 751 1265 1293 1311
439 354 864 1101 1140 1210
691 136 1027
1004 241 731 1204 1435 1468
75 496 551 607 1071
496 875 1057
551 210 383 1372 1373
607 241 320 649 730 1063 1389 1489
1071 146 173 435 442 520
314 366 727 761 881 970 1335
390 87 612 1167 1178 1198
416 93 394 761 771 880 974 986 1430
571 399 635 667 1260 1357
1451 123 149 309 471 523 591 601 1248
77 106 741 832 1393 1434 1459
106 133 157 370 479 509 909 1185 1263
741 296 338 395 581 860 1052 1340 1350 1389 1446 1468
832 322 464 860 1010 1379 1423 1442
1393 285 292 453 836 1046 1094 1189 1246 1256 1300
1434 340 441 457 1195
1459 557 1086 1373 1488
78 446 557 704 804 949 1423
446 219 568 843 1251 1291 1444
557 545 581 747 1113 1162 1228
704 776 923 1038 1113 1344
804 181 247 987 1112 1150 1477
949 148 365 668 986 1285
1423 93 171 658 692 1187 1283 1417 1497
79 296 370 544 775 923 989 1106
296 282 440 594 648 777 1088
370 201 275 572
544 286 1285 1430 1454
775 387 700 739 851 1119 1358
923 364 366 963 1106
989 140 345 880 1008 1230 1248
1106 121 141 315 509 644 663 744 906 938 1063 1443
1080 103 191 350 1105
1491 466 643 914 1029
81 212 823 1118 1475
212 129 147 823 902 1113
823 118 269 469 601 1402
1118 170 270 433 715 1168 1234
1475 117 324 368 470 581 640 1030
270 124 253 465 1022 1111 1274 1357 1407
495 377 556 679 864 1324 1435
599 243 640 643 875 1016
787 121 932 1300
1311 204 709 1226
83 167 205 692 1047 1176 1195
167 263 906 1401 1432 1433 1436
205 96 132 190 409 479 594 1392 1436
692 87 663 1109 1239
1047 192 433 616 771 978 1030 1394
1176 186 368 463 598 600 866 1105 1109 1263
1195 120 329 508 558 584 617 897 1103
219 478 644 1136 1285 1406
441 133 182 625 722
633 658 670 814 820 962 1342
884 117 147 584 589 720 860 1020 1235 1242 1375 1409
1042 785 1189
1064 123 216 301 470 939
1159 134 149 503 536 909 1053
1205 785 898 922 1085
1216 98 233 243 486 505 659 1054 1249 1444
1274 102 505 851 913 952 1001 1043 1065 1164 1226 1414
152 588 747 835 1066 1102 1330
537 226 243 285 500 641 707 745 1371
1083 171 354 572 636 677 881 1088
1435 414 686 855 1385
144 148 299 435 755 830 905 1098
366 589 641 751 782
668 253 300 358 911 1126
1020 209 1094 1121 1226 1420
1156 479 561 858 1109 1480
1275 147 354 503 595 722 761 1167
1300 388 986 1146 1255 1340
1335 1105 1272 1443
87 431 433 594 811 861 882 941 983 1052 1200 1244
431 430 932 1437
433 323 510 548 565 1468
594 664 739 744 768 1236
811 181 365 797 921 1107 1164
861 504 649 701 713 750 970 1169
882 383 447 556 613 1150
941 612 937 938
983 349 369 394 600 682 883 1230
1052 798 814
1200 107 146 475 535 914 927 1038 1232 1238 1317 1323
1244 121 350 358 475 505 751 1001 1027 1172 1194 1248
88 503 510 566 664
503 218 324 354 380 484 682 836 1180 1248
510 398 506 536 725 888 1037
566 141 184 520 610 613 769
664 830 879
89 213 216 238 304 952 1215
213 266 545 596 784 971 1029 1086 1342
216 357 595 747 835 864 1119 1211 1249
238 233 324 739 990 1001
304 266 309 343 361 447 677 766 1179 1499
952 253 563 658 995
1215 122 146 598 632 657 771 880 1442
93 109 116 572 620 1136 1142
320 300 556 1285 1404
1104 315 417 560 1009 1119 1457 1494
1419 1063
1428 396 751 922 1008 1211 1252 1304
1442 336 490
1479 478 700 936
733 322
1245 1081 1099 1150 1309
1344 149 175 268 391 926 969 985 1187
92 158 338 490 523 694 851 1490
158 210 632 990 998 1043
338 461 688 998 1286 1494
490 137 151 285 670 967
523 243 350 547 600 751 986 1065 1147
694 229 730 737 1117 1444 1449
851 582 700 860 1164 1236
1490 608 822 1122 1389 1430
109 157 715
116 484 663 920 1013 1120 1291 1362 1399 1432 1481
572 275 444 881 1001 1414
620 98 179 600 722
1136 227 435 798 1169 1252 1482
1142 731 1038 1120
190 184 725 747 950 962 1099 1154 1189
906 186 299 471 555 675 751 1103 1147 1368
933 329 625 630 1285 1347 1386
1226 133 174 489 612 837 869 880 1189
1394 392 455 614 630 653 855 987 1065 1103 1248 1367
1046 428 942 1217
1057 134 434 601 613 1088 1499
1356 100 447 461 479 962 963 1299
1450 145 343 392 1240
96 103 670 1113
103 173 649 1154 1426 1439
670 364 463 796 993 1094 1121 1151 1379 1432
1113 282 830 843 945 1357 1414
267 609 1013 1119 1204 1256 1357 1453
504 285 526 754 938 1225 1236 1441
1289 911 1230 1320
1302 191 409 686 1180
1357 101 493 1246 1249 1308
98 101 909 926 1256 1306
101 334 1297 1326
909 425 1324
926 765 771 777 1249
1256 657 842 891 1477
1306 199 784 1033 1330 1463
348 157 334 515 969 1060 1223 1228
396 323 725
1099 165 1117 1217
1111
1225 142 484 977 1003
1270 243 960 1033 1049 1134 1466
100
334 361 411 1168 1426 1441
1297 253 301 535 570 916 1054 1358
1326 191 376 608 759 993 1223 1358
102 132 137 336 849 1342
132 890 1008 1441
137 120 493 520 724 1022 1257 1332
336 352 776 958 1010 1211 1236 1263
849 486 547 558 969
1342 509 548 814 879 1211
173 262 506 990 1211
649 340 408 589 806 1367 1441
1154 471 601 608
1426 395 1406
1439 241 262 288 494 535 614 972 1272 1323
275 455 505 515 820
469
777 350 930 1049
837 151 239 464 905 945
903
920 185 403 739 1023 1236 1453
960 324 966 1001 1141 1185 1249
973 288 598 715 759
1242 425 430 1085 1304
1401 612 950 1234
1477 129 292 522 636 700 1054 1203 1252
105 145 605 659 1399
145 195 613 1092 1130 1179 1499
605 707 1456
659 630
1399 464 595 643 817 984 1101 1373 1379
133 643 651 967
157 389 563 600 1223 1236
479 755 785 1209 1330
509 776
1185 124 149 484 1063 1443
1263 120 247 866 999 1029 1119
107 457 464 515 611
457 287 1112 1164 1203 1209
464 117 650 962
515 485 650 1013
611 636 972 1168 1449
750 120 466 829 1162 1337
756 263
1162 117 502 644 739 947 1087 1376
1308 154 855 1120 1234 1247
715 1325 1347 1389 1414
110 285 584 653
285 373 391 411 582 684
584 737 1481
653 818 836 860 1023 1192 1320
111 368 1009 1252 1325 1425
368 369 489
1009 545 970 1465
1252 383 995 1196 1249
1325 300 329 539 554 1164 1183 1283
1425 335 463 1103 1233 1305 1316
530 577 1246 1385 1386 1489
836 892 897 928 987 1284 1340 1430
963 1112 1210
1027 181 269 372 376 796 943 1183
388 364 463
1141
114 376 532 657 1147 1178
376 307 408 651 886 1010 1198 1376
532 335 820 891 1065 1316
657 323 556 739 1260 1414
1147 142 387 1212 1463
1178 323 1122 1127 1168 1196
258 179 550 830 1161 1457
377 683 888 1029 1228
617 344 928 1265
484 755 796 1160 1465 1468
663 946 1153
1013 273 947 1130 1160 1327
1120 199 472 700 1172 1385
1291 120 192 287 383 776 860 915 1210 1446
1362 182 276 722 843 1233
1432 869 1436
1481 136 147 470 943 1063 1283 1417
117 124 372 466 1127
124 154 970 995 1360
372 492 699
466 264 658 755 842 1090 1331
1127 123 535 1140
118 463 588 1089 1497
463 755 870 883 897 1234
588 907 1407
1089 292 373 765 1053 1161
1497 683 937 1436
1098 595 921 971
120 785 942 1109
785 387 494 869
942 227 683 818 969 970 1468
1109 349 582 962 1247 1250 1255
121 430 623 758 1053 1196 1324
430 181 945 1249 1260
623 380 1121 1269
758 201 361 768 1030 1091 1164 1295 1309 1379
1053 570 601 790 1105 1347 1373
1196 140 300 357 560 737 1444
1324 322 568 969 1239 1440
122 149 343 391 428 636 943 993
149 282 286 548 769 876 1240 1389
343 414 1121
391 1277
428 324 613 614 1001 1038 1438
636 141 696 1102
943 1212 1330
993 444 646 971 1367
123 185 762 796 958 1187 1323
185 612 1347
762 472 635 1010 1223 1235 1317
796 399 922
958 1228
1187 725 990 1049 1119 1463
1323 241 243 355 820 1003 1058 1246
154 928 1320
970 227 947 962 1265 1292
995 913 990 1060 1285
1360 227 301 402 737
125 288 650 847 987 1480
288 309 455 886 1327
650 148 165 395 1030 1066 1091
847 394 502 1090 1203
987 534 535 820 946 1404
1480 891 1010 1304
526 344 415 868 1010
1209 408 739 814 905
1388 365 730 967
1463 269 612 938 1003
375 640 864
640 181 230 263 378 1101
769 1010
938 323 534 898 980 1087 1492
1305 356 730 940 1058
129 292 364 725 876 962 1327 1382 1437 1473
292 147 171 414 974 1286 1376
364 411 713 971 978 1172
725
876 609 999 1468
962 358 782 843 1037 1119 1168
1327 273 354 730 1140 1358
1382 303 581 630 1286
1437 558 608 751 1087
1473 184 204
728 693 1112 1140
927 883 1091 1210
1284 266 394
522 260 1002 1058 1097
635 271 505 708 739 1198 1407
1238 195 651 699
1386 505
890 141 486 580 765 868 1105 1131 1375
1008 744 929 940
1441 581 677 1228
643 210 214 465 914
651 141 465 902 932 1272
967 156 508 1107 1246 1248
134 897 1167
897 276 1240
1167 1285
1121 142 1179 1255
1430
136
493 273 830 928 1131
520
724 561 830
1022 273 536 632 747 1377
1257 905 1373
1332 146 881 1112 1231 1468
181 891
269 679 961 990 1358
822 782 1029 1160
340 384 470 916 1033 1255
494 140 230 435 550 1001 1227
535 172 555 747 1331
1414 210 301 966 1379
140 146 151 1054 1440
146 141 455 595 1003 1212
151 475 502 1277
1054 392 1065
1440 160 210 434 609 1227 1417
141 425 505 583 817 1420
425 329 683
505
583 790
817
1420 147 1406
142 921 1081
921 299
1081 184 575 759 798 858 883
369 243 402 755 1043 1153 1235
408 192 264 575
998 475
1240 201 271 558 616 675 1217
148 299 612 1239
299 471 1101 1372
435 866
755 322 946 1168 1367
830 260 500 947 1232 1407 1409
905 411 677 1179
195 253 455 713 1239
613
1092 352 1330 1331
1130 601 1286
1179 577 608 1211 1246 1453
1499 226 247 771 974
455 765 1060 1210 1331
595 776 990
1003 1235 1330 1409 1492
1212 160 210 355 1293 1375 1482
147 798 907 1328
798 632 1112
907 345 748 1371
1328 641 1292
612 486 683 1066 1189
1239 300 915
282 160 170 770 820 902
286 415 945 961
548 253 902
1389
214 727 1392
977 403 1249 1436
1232 361 394 684 966 974 1456
1260 307 392 563 866 913 1164 1194 1404
1352 392 684 984 1433
475 575 707
502 175 478
1277 260 271 730 886 1101
747 641 677 766 1372
835 550
1066 625 969 1030 1060 1317
1102 247 418 476 1299
1330 218 395
241 444 754 961 1453
739 699
1101 301 868
1103 356 577 902
1272 352 914 1161 1168 1410
928 453 980
1320 209 465 1265
180 684 1265 1286 1377
855
1122 570 946
1192 731 1285
1410 287 761 966 1246 1402
1488 323 1105 1436
1489 358 478 614 1309
156 950 1087
950 1246
1087 442 507 902
389 507 723 1251 1438
563 1086 1151
600 233 508 609 684 709 937 1407 1409
1223
1236 940 986
210 759
632 272
990 946 1404
1043 575 580 814 1161 1247 1331
929 247 580 980 1049
160 814 1172
814 486 508 700 708 1090
1172 500 684
577 355 709
1151 581 1065 1233
184 179 688 911
582 418 558 616 1134 1246 1457
1231 565 971 1249
947 350 472 536
1194 444 699 1117
383
641 326 534 860 945
858 1049
1001 560
1126 500 1233
165 186 444 556 609 761
186 869
444 344 776
556 418 737 1371
609 315
761 264 323 411 568 596 745 1065
744 644 881 915 1299
806 1211
864 365 591 1299
1161 243 1438
1368 191 560 683 701 1146
263 324 354 547
1433 598 980 1367
1436 402 1385
171 322
477 969 1065 1248
696 545
984 175 182 394 684 985
1164 969 1340
1293 581 1097
1494 272 1443
345 175 883 922 936 1203
598 820 1058 1457
829 272 378 709
939
1404 492 699 1105
170
322 357 911 1227
172 881 1010
881 922
1010 570
262 971
506 361 610 1049
1211 204 771 1016
174 358 860
358 591
860 886 1086
175 776 974
776 453
974 575 648 1406
271 403 898 1292 1446 1454
1366 677 1283
508 324 589 751 1204 1379
781 247 707 1117 1316 1347
179 192 315 770 1091 1317
192
315 1376
770 980 1377 1379
1091 784 1146 1230
1317 434 554 555 879
684 398
1265 409 708 730 1090 1385
1286 273
1377 329
891
182 1449
1449 914 1375
357 417 570
614 344 1180 1340
842 1409 1417
868
688
911
1347 1168 1233
869 1037 1379
986 324 373 440 915
1417 630 985
266 403
699 380
324 723 1140
720 239 591 888 898 1233
1295 476 1285
1189 199 268 472 539 700 1446
191 870 969 1097
870 442 723 731 1063 1235
969
1097 309
971 534 972
1340 309 645 1065 1134
1454 492 913
1002 344 1385
1060 1373 1438
1107
1283
1309 486 630
253 771 1304
713 922
287 1337
610
875 536 1168 1446 1466
880 915 1105 1358
722 465 1230 1367 1376
679 272 414
1376 930 1385 1406
1392 409 591 1086
199 326 1140 1203
326
1140 417 568 748
1203 247 682
742 230 465 589
1033 547 1406 1444
201
361 411
667 264 554 1251
227 486 608 892 946
384 946 1402 1409
399 398 472
682
1131 414
204 797 913 1457
797 402 1249
913 349 470 754
1457 818
409 737 790 1249
226 243
966 790 1248
1146 300 630 914 1468
243
560 395
1316 356
1444 233 1063 1337 1443
209
759 1204 1453
417 754
902
545
596 276 403 547 1407
784 866
1029 1246
1086 465 1030 1438
727 229 442
794 1117
1217
1119 1112
1249 447 766 1153
335 329 1465
645 554
218 373 630
373 686 771 1204 1269 1446
630 644 1227
478 352 768 1090
644 500
1285
1406 790 1235
349
575 570 723
648 365 1250 1402
693 1230
723 395 453 558 765 1183
1255 247
1358 309 1438
492 461
486 329
608 403 470 886 945
892 394 879 1465 1482
946
768 1407
1292
229 580
580 1037 1269
230 247 646 972 1090
247 356
646 461 465 916 1210
972
1090 378 737 754
1409
1204 303
1250 290
233 276
276 683
354 790
1385 260 442 1016
687 565 978
1134 1233 1299 1372
239 453
453 765
751
754
961 472
1453 985 1304 1367
268 677
440
472 1367
886 708
356 365 565
309 591
534 1085
790 601
1230
1248 344 434 683 980 1227
1466 307 558
273 748 766
701 555 866 980 1198
1038 555
1233 264 471 561
771 1465
1304
581 745 748
550 1371
260 355 398 465
355
398 730
465
677 1402
1058 658
547
264
352 843
1180
1183 1331
1269
403 303
1407 392
898 1030 1094 1234
1446 344
272 558
558 916
748
766 1227
323
820
683 489 888
1198 707
442 730
1030
1160
616 940
1482 476 782 843
411 418
415 303
945 940
1337 1331
290 888
888 707
418 500
414 818
745 914 1037
940 737
978
936 914
489 1105 1228
570 1016
1088
1299 329
730 476 554 565 568 731
471
1372
300 700 1350
700 1234
1350 485
301
1373
303 1063
1063
447 568
307
591 554
1129
1456
922 709
1379 1234
1227
568
1246 937
686
329
1210
1371 539 818
866
1168 1235
1465 380 565
461
999 932 1247
470
916
507 1153 1234
914 392 1235 1367
344
883 675
1228
350 1065
1065
843 707
365
565
1443
589 658
782 1251
402 737
1153
1235
561 555
709
378
380
1402
387
1251
1438
392 394
394
395
500
737
932
1105
930 1094
1234
818
1037
434 476
625
1117
1331
1468
476
937 521 1375
1375
1049
765
1367
1112
1085 1169
658
915
707 601
485
980
536
554 1016
521
1016
985
539
555
601
1169
1492
708 1023
1023
879
1094
675
731
1247
1150
