0 35 149 289 563 588 666 789 813 943 1010 1379 1434 1453 1567 1846 1904 1934 1980
35 90 258 261 270 397 419 527 644 941 1312 1423 1548 1625 1638 1820 1937 1943
149 66 232 527 553 566 664 878 1027 1087 1373 1463 1551 1605 1611 1934
289 155 157 217 385 450 643 667 687 726 812 1016 1054 1097 1334 1367 1379 1430 1478 1503 1549 1602 1647 1801 1837 1906
563 27 163 195 314 458 660 912 1082 1088 1096 1249 1269 1287 1387 1589 1601 1840
588 389 464 470 629 767 924 939 975 1076 1165 1284 1522 1609 1872 1953
666 14 258 287 340 494 610 692 741 861 930 1018 1377 1388 1405 1431 1730 1956
789 152 373 393 403 430 473 695 880 999 1034 1042 1218 1305 1471 1902 1944
813 52 431 575 677 806 944 961 971 1217 1281 1321 1540 1562 1688 1756
943 582 602 818 837 1201 1425 1521 1542 1597 1639 1672 1915
1010 128 146 243 274 406 643 815 941 1008 1238 1392 1400 1409 1416
1379 79 323 405 495 513 566 582 692 1024 1106 1120 1266 1277 1339 1498 1775 1973
1434 84 191 221 250 335 727 853 861 911 967 1018 1345 1412 1717
1453 138 161 172 208 453 549 634 683 815 1442 1485 1684 1784 1871 1910 1931
1567 22 60 76 108 134 162 195 244 312 456 665 828 939 1060 1156 1262 1460 1536 1564 1660 1696 1857
1846 17 326 329 602 740 824 1086 1098 1237 1238 1399 1593 1606 1742 1887 1889
1904 76 345 384 770 819 914 1012 1078 1115 1178 1363 1377 1410 1481 1615 1791 1934 1981
1934 172 493 810 830 904 987 1018 1445 1658 1729 1828 1843 1870
1980 297 311 699 765 799 861 980 982 1009 1546 1824 1852 1871 1945
1 32 175 190 319 381 403 471 684 692 838 927 941 1050 1121 1227 1237 1687 1714 1767 1800 1875
32 177 260 299 327 599 810 902 989 1069 1271 1387 1402 1498 1516 1697 1806
175 225 362 544 679 758 806 854 944 1071 1091 1214 1544 1547 1594 1956 1988
190 259 262 310 346 395 484 536 672 816 897 970 1229 1395 1536 1570 1704 1965 1972
319 310 370 387 395 396 769 824 857 918 996 1324 1615 1680 1742 1790 1809 1996
381 11 44 163 434 711 927 1122 1155 1273 1312 1357 1438 1535 1585 1652 1654 1683 1705 1790
403 110 279 468 589 599 742 759 803 1006 1078 1163 1202 1553 1630 1634 1668 1674 1734
471 238 618 691 749 1040 1277 1406 1457 1574 1645 1698 1750 1802 1918 1947 1999
684 164 400 473 534 611 859 873 1368 1606 1672 1697 1709 1871 1935 1986
692 24 488 602 676 720 731 792 819 866 969 1029 1189 1200 1237 1316 1373 1403 1458 1513 1549 1777 1884 1903 1994
838 14 252 334 459 487 690 702 872 1296 1368 1464 1466 1842 1878
927 8 200 227 350 384 593 632 900 919 1163 1343 1419 1623 1951
941 88 288 323 325 362 417 527 539 580 607 661 1139 1267 1283 1339 1381 1449 1663 1783
1050 11 154 353 837 1061 1088 1154 1214 1450 1569 1602 1630 1720 1951
1121 162 458 667 714 1020 1071 1096 1510 1618 1819 1943
1227 5 227 498 646 802 875 1020 1130 1328 1730
1237 155 920 952 1047 1070 1106 1203 1633 1715 1835 1886 1900 1955 1989
1687 3 431 490 639 679 781 808 855 960 987 1025 1218 1286 1494 1573 1745 1863
1714 171 362 476 482 488 555 716 756 799 948 975 1217 1284 1341 1491 1503 1522 1633 1707 1829
1767 13 26 168 284 349 384 472 548 604 786 889 1033 1041 1265 1439 1545 1701 1893 1956
1800 23 43 81 106 274 291 323 361 599 681 740 799 916 1160 1331 1486 1581 1600 1875 1952
1875 198 276 492 539 582 914 1190 1231 1470 1721 1734 1965
2 552 602 1222 1380 1382 1416 1429 1481 1935 1998
552 87 163 222 313 395 413 481 821 916 1032 1114 1130 1273 1369 1519 1642 1906
602 24 460 492 498 500 569 659 935 1652 1943
1222 83 410 438 1013 1132 1170 1286 1339 1510 1522 1731 1835 1982
1380 134 279 328 776 959 1340 1508 1627 1831 1842 1966
1382 12 360 365 417 566 635 688 729 851 853 879 905 1117 1155 1400 1416 1561 1651 1678 1842
1416 90 158 212 462 638 872 1101 1126 1226 1277 1412 1487 1545 1584 1996
1429 203 254 272 483 508 586 670 872 948 1034 1195 1231 1296 1693 1766 1848
1481 158 223 226 271 653 655 671 710 903 1295 1331 1354 1559
1935 37 200 232 392 569 722 758 793 840 907 922 952 1142 1178 1184 1588 1643 1793 1870
1998 88 194 558 609 611 704 925 1144 1245 1305 1343 1447 1486 1538 1580 1681 1691 1736 1821
3 429 546 697 864 986 992 1004 1187 1433 1507 1817 1832 1895 1986
429 136 182 283 395 423 428 616 622 721 1334 1337 1816 1950
546 428 557 600 648 678 709 773 788 987 1200 1332 1377 1458 1509 1543 1722 1779 1987
697 38 81 694 966 1157 1344 1409
864 21 286 299 437 820 963 1424 1584 1803
986 155 192 244 364 514 800 855 1231 1312 1474 1669 1906 1912 1932
992 591 645 654 715 791 1029 1066 1234 1341 1479 1638 1647 1668 1844 1943 1993
1004 51 88 171 270 318 348 724 744 843 935 989 1082 1210 1370 1426 1462 1480 1611 1681 1706 1736 1758 1783 1852 1860 1883
1187 265 336 386 653 804 1022 1314 1328 1486 1628 1744 1772 1784 1888
1433 152 275 537 561 575 593 631 826 1057 1217 1259 1319 1324 1424 1552 1579 1583 1660 1993
1507 169 328 355 379 440 514 856 867 925 966 1005 1233 1339 1463
1817 163 631 825 849 862 908 1126 1540 1575 1612
1832 40 255 762 792 860 956 1027 1242 1294 1664 1799 1995
1895 30 66 67 180 186 486 601 706 906 1048 1485 1628 1670 1676
1986 134 136 346 519 564 808 861 1151 1337 1341 1487 1497 1608 1699 1723 1772 1839 1880 1898 1989
4 131 246 288 456 668 892 1018 1262 1292 1320 1506 1599
131 308 311 538 810 855 857 922 955 959 1000 1194 1240 1530 1765 1885 1957 1983
246 101 245 400 485 585 616 643 928 1003 1306 1778 1781 1785
288 458 535 688 876 1023 1532 1726 1791 1878 1920 1979
456 323 339 505 572 787 788 925 947 997 1059 1442 1443 1485 1503 1530 1577 1775 1851 1908 1930
668 254 328 447 491 775 784 820 1038 1142 1423 1469 1651 1711
892 318 370 412 470 519 574 782 928 983 987 1246 1449 1597 1797 1994
1018 46 225 233 250 333 544 657 675 853 872 945 967 1342 1480 1506 1853 1992
1262 15 185 237 300 377 623 762 1068 1128 1181 1343 1597 1608 1859 1883
1292 21 156 253 261 316 335 391 425 537 609 643 710 760 774 865 921 931 1101 1418 1462 1492 1667 1797
1320 121 528 777 1164 1207 1217 1346 1358 1396 1529 1750 1838 1859 1976
1506 178 210 220 323 1457 1493 1808 1991
1599 65 78 90 164 231 345 401 437 441 719 735 757 831 1007 1113 1216 1245 1276 1432 1436 1445 1500 1554 1621 1943
5 31 73 76 235 388 467 797 879 1075 1191 1319 1724 1746 1966
31 48 160 181 383 424 621 622 726 737 761 834 921 1146 1236 1305 1571 1667 1826 1843 1858
73 436 560 651 657 823 1013 1254 1374 1432 1726 1868 1898
76 171 247 301 370 564 891 1182 1221 1274 1381 1424 1517 1587 1745 1814 1897
235 79 163 364 564 594 952 1287 1363 1428 1577 1884 1907 1927
388 204 221 244 501 677 747 811 834 990 1094 1225 1568 1638 1725 1920
467 15 54 57 150 223 272 349 619 807 1087 1660 1942
797 51 127 135 329 334 368 483 971 1039 1114 1316 1360 1369 1372 1417 1639 1649
879 42 133 135 516 565 592 1029 1031 1309 1615 1660 1733 1903 1953
1075 17 345 379 937 969 1148 1181 1290 1475 1589 1861 1915
1191 39 379 474 533 716 910 1083 1113 1233 1395 1585 1734 1798
1319 266 333 408 717 810 1038 1051 1189 1300 1479 1503 1589 1670 1702 1799 1842 1872
1724 69 86 109 232 419 432 513 659 729 876 919 923 1542 1543 1605 1630 1667 1710 1864
1746 264 359 414 426 718 880 1034 1161 1183 1425 1673 1822 1974
1966 41 240 291 297 304 443 538 616 804 809 897 1070 1152 1234 1369 1496 1825
6 90 155 659 1150 1270 1406 1413 1455 1544 1652 1666 1705 1850
90 162 310 430 695 817 893 926 1068 1521 1731 1924 1977
155 112 189 304 445 511 898 935 965 1087 1228 1430 1437 1470 1579
659 113 433 455 625 661 689 714 729 1143 1323 1399 1518 1558 1758 1766 1870 1894
1150 104 186 350 367 383 432 484 607 822 860 923 1447 1554 1663 1838
1270 49 92 263 402 680 1038 1230 1358 1403 1472 1600 1611 1781 1791
1406 163 208 374 752 1193 1418 1430 1577 1916 1992
1413 236 414 500 782 1523 1646 1678
1455 122 255 735 762 775 1008 1051 1083 1669 1941 1988
1544 134 168 191 633 908 1069 1533 1554 1616 1792
1652 71 207 215 374 451 535 541 615 725 731 886 1139 1280 1286 1431 1564 1965 1985
1666 43 126 434 1579 1683
1705 116 124 153 191 226 436 559 565 590 688 842 1476 1523 1564 1658 1898
1850 119 271 294 317 385 413 782 816 880 946 999 1071 1234 1587 1681 1716 1737 1834 1924 1999
7 30 122 178 422 555 701 979 1087 1090 1180 1211 1304 1520 1560 1868
30 110 188 383 438 449 590 649 863 872 961 1284 1648 1691 1768 1822 1880 1989
122 295 476 778 1020 1088 1287 1511 1595 1686 1834
178 108 161 197 351 646 693 704 751 1309 1376 1802 1823 1824 1831 1950
422 43 212 233 419 571 851 861 942 1131 1174 1257 1273 1352 1402 1405 1491 1571 1612
555 140 402 404 423 562 591 799 812 935 984 1017 1182 1426 1440 1479 1570 1649 1770 1878 1983
701 104 123 255 452 573 794 796 830 845 886 951 972 1022 1122 1309 1367 1479 1960
979 224 574 657 958 1163 1182 1482 1493 1555 1578 1625 1693 1723 1932 1957 1963
1087 58 411 450 458 475 517 679 860 885 936 993 1391 1826 1838 1877 1912 1960 1978
1090 46 504 644 796 936 963 1060 1071 1134 1135 1212 1243 1726
1180 143 451 525 531 562 598 1080 1394 1547 1605 1785 1887
1211 16 53 107 238 280 406 522 587 884 995 1062 1356 1474 1511 1556 1726 1731 1815 1852 1915
1304 57 265 328 377 448 480 515 808 1060 1145 1149 1403 1422 1526 1553 1727 1827
1520 79 549 774 984 1153 1159 1216 1444 1526 1572 1573 1639 1691 1795
1560 98 362 396 424 895 985 1147 1693
1868 82 258 295 334 385 503 529 603 746 829 835 851 898 1078 1310 1360 1577 1633 1994
8 63 241 484 617 1003 1062 1126 1143 1246 1312 1958
63 101 233 694 762 901 910 940 983 1005 1310 1478 1497 1594 1752 1860
241 95 210 244 263 300 331 510 635 707 763 777 974 1016 1154 1384 1509 1518 1529 1835 1997
484 199 218 293 300 542 614 870 928 1264 1513 1563 1703
617 29 105 231 262 426 433 442 605 691 798 848 994 1085 1126 1324 1771 1856 1892
1003 62 126 189 216 228 556 1175 1239 1258 1508 1590 1638 1681
1062 68 85 314 420 499 654 673 740 984 1011 1104 1275 1333 1511 1749 1915
1126 377 561 581 875 902 1030 1107 1276 1285 1346 1501 1589 1651 1661 1669 1984 1992
1143 219 453 567 638 833 970 1070 1152 1328 1369 1411 1486 1662 1719 1791 1805
1246 415 571 622 639 843 1015 1054 1198 1209 1238 1278 1343 1479 1591 1636 1643
1312 176 259 337 532 663 743 771 1043 1100 1341 1384 1428 1482 1485 1638 1981 1988
1958 255 323 390 421 486 494 519 633 884 1408 1537 1662 1791 1997
9 29 375 394 517 619 637 1552 1671 1711 1744 1774 1831
29 47 159 240 305 376 402 646 1009 1021 1259 1353 1570 1650
375 69 376 527 731 778 784 863 1395 1430 1467 1579 1648 1655 1859
394 101 158 357 360 400 1000 1105 1572 1852 1907
517 356 826 1012 1059 1179 1333 1395 1410 1448 1640 1836 1845
619 120 194 236 238 242 260 334 405 672 842 1068 1473 1739 1925
637 99 229 406 521 539 1128 1471 1675 1802 1818 1982
1552 100 137 161 709 735 867 949 956 1099 1323 1558 1841 1858
1671 207 315 506 589 694 818 819 895 964 1164 1471 1517 1854
1711 335 368 696 771 794 1043 1156 1238 1521 1810
1744 27 270 328 389 628 780 807 931 1311 1469 1856 1937
1774 49 64 74 147 161 220 278 373 395 534 599 795 912 937 1034 1098 1112 1316 1323 1393 1466 1469 1578 1755
1831 19 172 196 225 315 729 1061 1175 1257 1487 1553 1607 1693 1704 1760 1798 1858
10 118 354 396 459 501 572 628 631 683 744 753 783 903 1200 1390 1400 1475 1523 1605 1752 1768
118 77 135 145 148 478 582 660 675 785 1294 1571 1642 1691 1791 1983
354 85 220 226 344 384 470 854 866 989 1063 1472 1488 1580 1889 1962
396 38 310 361 386 543 631 826 1041 1352 1370 1448 1826 1849 1881
459 123 184 193 250 513 652 1277 1325 1469 1627 1885
501 23 273 537 836 940 957 1149 1214 1268 1295 1305 1338 1412 1501 1645 1660 1922 1956
572 50 61 281 401 425 469 738 951 1153 1280 1305 1337 1411 1500 1676
628 27 117 182 194 265 275 491 645 908 1068 1287 1349 1362 1745 1844 1918 1961
631 106 302 329 591 690 848 893 1542 1664 1693 1884 1889 1893 1910 1919
683 284 297 533 578 841 1474 1514
744 21 420 729 760 859 882 953 1012 1124 1156 1329 1333
753 170 322 348 491 820 988 1017 1031 1374 1579 1737 1999
783 44 215 334 520 542 707 729 829 1014 1114 1232 1291 1418 1480 1545
903 521 559 585 802 814 1271 1350 1539 1540 1647 1859
1200 26 405 426 570 645 790 812 1076 1079 1117 1127 1335 1621 1631 1678 1689 1697 1772 1784 1848 1989
1390 402 544 603 685 691 702 1183 1489 1688 1768 1978
1400 242 298 316 446 461 624 1130 1284 1296 1436 1651 1713 1857
1475 302 350 605 861 865 1067 1309 1412 1516 1565 1597 1635 1721 1781 1968
1523 26 181 210 706 875 990 1028 1083 1091 1196 1325 1468 1496 1673 1680 1751 1826 1873 1961 1963
1605 137 448 614 795 802 1064 1117 1188 1576 1704 1726 1794
1752 83 191 295 564 909 918 962 1033 1170 1325 1437 1865 1917 1971
1768 77 145 540 740 902 1166 1188 1231 1242 1283 1308 1640 1759 1857
11 107 334 436 446 529 770 790 1097 1188 1411 1688 1798 1812 1906
107 198 237 260 338 749 837 878 893 904 905 1327 1372 1395 1449 1461 1649 1775 1914
334 153 298 331 352 578 985 1078 1645
436 167 391 420 454 698 708 929 1051 1093 1183 1354 1503 1815 1837
446 50 100 233 516 795 918 956 966 989 1105 1352 1427 1512 1730
529 199 255 263 450 499 664 686 711 727 1456 1460 1494 1573 1612 1719 1855 1925
770 87 113 387 401 513 690 872 1127 1189 1212 1305 1308 1386 1403 1539 1683
790 215 231 312 387 435 545 591 1254 1330 1443 1608 1723 1911
1097 66 146 362 371 482 1100 1102 1268 1315 1496 1755 1873 1877
1188 71 119 346 590 719 799 833 930 1302 1436 1451 1496 1641 1694 1734 1784 1807
1411 71 166 173 427 526 553 608 1060 1112 1214 1317 1820
1688 336 368 463 891 1140 1197 1339 1369 1591 1612 1665
1798 89 809 835 1005 1045 1072 1167 1570 1716 1894
1812 65 213 416 439 508 551 702 1025 1081 1653 1799 1890
1906 361 408 525 533 562 707 793 896 964 994 1479 1792 1959
12 250 331 367 613 669 836 869 1053 1065 1098 1223 1513 1580 1636 1644 1844 1902
250 137 441 466 490 586 653 728 737 805 819 946 953 1123 1198 1333 1384 1630 1722 1738 1856
331 98 330 367 384 478 614 626 632 685 836 1034 1118 1192 1296 1327 1377 1899 1902
367 221 292 295 371 405 607 808 894 1064 1065 1209 1354 1464 1743
613 159 184 278 300 412 638 742 821 829 845 873 995 1129 1184 1267 1294 1346 1588 1785 1835 1907
669 146 187 902 934 1417 1727 1950
836 59 104 105 359 423 604 709 760 780 935 945 1081 1436 1526 1534 1698 1880
869 88 335 594 661 1069 1169 1234 1299 1419 1484 1546 1643 1670 1822
1053 105 113 513 721 731 852 893 1046 1144 1218 1226 1368 1450 1548
1065 21 86 225 350 435 562 819 888 916 995 1032 1172 1283 1495 1690 1731
1098 192 227 247 323 495 506 564 584 874 924 1015 1045 1082 1151 1220 1492 1819
1223 45 497 597 854 917 953 1049 1057 1080 1105 1147 1261 1268 1629 1656 1805 1879
1513 298 399 495 604 953 966 1170 1184 1268 1432 1589 1601 1799
1580 92 486 519 610 623 774 922 1046 1074 1076 1082 1144 1344 1494 1588
1636 342 374 518 758 865 887 1009 1105 1106 1207 1208 1309 1392 1446 1501 1786 1877 1965
1644 387 409 527 672 1070 1092 1342 1432 1673 1763 1765
1844 506 703 901 917 974 1249 1346 1387 1446 1840
1902 18 207 306 425 689 1035 1205 1353 1549 1576 1703 1847 1891
13 141 243 314 664 954 1005 1615 1771 1941 1985
141 57 204 347 641 1021 1108 1364 1700 1718 1758
243 188 249 350 420 507 695 708 773 851 998 1233 1450 1550 1881
314 97 194 315 346 419 449 550 590 726 772 778 935 942 944 1014 1194 1259 1317 1327 1333 1482 1568 1633 1689 1859 1979
664 214 884 1013 1068 1091 1281 1353 1641 1742 1771
954 222 259 1297 1309 1316 1346 1375 1386 1407 1525 1703 1719 1732
1005 75 205 781 812 1025 1219 1460 1476 1877
1615 94 187 342 550 758 814 1068 1093 1443 1883
1771 84 329 374 405 442 462 514 1208 1305 1352 1622 1625 1720 1726
1941 56 139 301 440 741 795 822 847 1024 1040 1226 1584
1985 1023 1067 1137 1213 1241 1278 1318 1378 1472 1604 1737 1792
14 191 469 586 611 657 710 1194 1518 1859
191 206 406 492 690 728 772 1154 1263 1282 1361 1514 1572 1600 1738 1777
469 295 380 522 523 667 743 772 902 977 1163 1267 1517 1890 1964
586 104 399 531 556 757 1028 1079 1096 1164 1264 1602 1689 1748 1794
611 18 59 138 316 333 511 571 616 665 766 817 875 897 915 981 1028 1080 1147 1199 1245 1432 1568 1595 1702 1732 1915 1964
657 526 543 576 675 718 741 866 880 895 910 1023 1164 1255 1299 1456 1509 1710 1713 1849 1946 1982
710 74 148 593 647 699 973 1149 1322 1422 1496 1594 1807
1194 167 341 377 453 686 749 765 767 807 887 937 971 1002 1084 1325 1737 1741 1827 1836 1894
1518 25 124 165 195 244 326 363 410 492 639 765 919 1013 1034 1275 1532 1683 1988
1859 330 468 539 618 723 803 907 1206 1327 1347 1549 1647 1797 1858 1877
15 209 299 302 427 491 539 650 724 751 884 1007 1079 1089 1202 1842
209 263 313 372 914 1378 1607 1635 1656 1739 1790
299 20 21 372 393 472 646 993 1036 1173 1291 1586 1654 1660 1803 1808 1827 1988
302 26 52 981 1178 1193 1254 1401 1483 1495 1517 1549 1572 1860 1915 1933
427 309 423 438 758 1156 1201 1394 1427 1511 1662 1830 1888 1954
491 69 618 680 1083 1317 1339 1769 1838 1842 1863 1988
539 320 540 559 573 591 624 658 726 880 1082 1137 1160 1535 1810 1818 1963
650 68 249 260 924 997 1023 1074 1174 1184 1294 1538
724 357 1096 1115 1476 1490 1927
751 88 196 213 358 766 953 1225 1456 1606 1879 1926
884 50 68 296 414 472 782 848 975 987 1015 1080 1144 1324 1365 1649 1689 1853 1880 1939 1977
1007 339 344 486 516 828 1156 1257 1264 1374 1445 1473 1489 1761 1915
1079 34 177 292 349 414 537 687 698 713 969 1138 1362 1456 1657 1733 1905
1089 136 400 407 574 750 1132 1215 1218 1333 1504 1675 1676 1732 1939
1202 104 156 708 739 1043 1080 1190 1346 1370 1405 1408 1473 1818 1855 1975 1993
1842 114 372 392 455 461 745 1028 1217 1252 1370 1456 1499 1559 1920
16 237 278 1026 1068 1352 1385 1409 1587 1712 1807
237 273 311 549 593 765 1117 1166 1881
278 321 448 775 781 1047 1138 1159 1210 1402 1529 1637 1661
1026 166 392 500 639 728 775 883 1099 1239 1492 1632
1068 20 79 213 318 372 705 777 886 898 1054 1154 1281 1423 1568 1598 1658 1901 1972
1352 69 224 229 357 475 603 769 1035 1448 1503 1564 1719 1953
1385 75 251 272 738 833 1261 1401 1594 1670 1696 1723 1786 1803 1855
1409 207 402 1029 1524 1543 1717 1936
1587 597 608 691 728 819 1036 1175 1462 1628 1748 1860 1920 1929
1712 83 92 409 450 465 1024 1054 1225 1300 1327 1330 1345 1668 1882
1807 130 340 353 383 442 540 603 622 749 834 876 889 946 969 1398 1408 1474 1497 1501 1575 1913
17 219 382 578 635 670 678 868 921 974 1108 1109 1178 1245 1364 1678 1765 1797 1806 1848
219 183 336 387 528 550 733 942 1040 1072 1080 1156 1814 1972
382 95 183 290 304 597 660 846 876 893 920 1119 1384 1442 1609 1750 1764 1799 1903 1936 1996
578 317 342 473 485 663 856 1151 1163 1521 1602 1631 1779 1823
635 164 257 294 296 338 372 415 729 732 1001 1254 1521 1589 1684 1884 1918 1954
670 69 194 279 306 399 712 945 982 1063 1085 1088 1316 1329 1348 1500 1584 1939
678 42 144 448 476 784 882 911 1162 1190 1530 1703 1747
868 101 217 293 329 332 426 465 625 785 1572 1579 1641 1677 1961
921 391 414 561 671 776 939 964 990 1163 1450 1467 1514 1861 1914
974 132 186 559 901 1020 1508 1689 1691 1702 1745 1770 1930 1952
1108 187 384 432 912 947 960 1326 1360 1395 1442 1558 1773 1778 1898
1109 113 451 638 779 1199 1267 1285 1443 1548 1751 1787
1178 167 229 341 359 445 468 660 748 777 991 1008 1043 1142 1165 1302 1315 1437 1439 1494 1496 1595 1643 1657 1918
1245 49 64 166 223 291 395 496 589 985 1106 1423 1509 1719 1932
1364 66 457 531 740 748 1016 1056 1086 1637 1796 1811 1833
1678 48 174 405 408 499 1479 1515 1802 1921 1960
1765 137 248 411 729 873 1113 1238 1474 1546 1783
1797 254 282 308 358 699 1034 1177 1367 1573 1606 1618 1642 1691 1858
1806 124 385 475 507 512 718 1045 1208 1284 1307 1730 1874 1926 1929
1848 259 310 442 444 560 828 897 1430 1440 1600 1653
18 89 182 357 416 423 488 494 1029 1102 1116 1308 1510 1538 1543 1623 1650 1679 1780 1951 1978
89 164 660 1250 1290 1401 1428 1467 1627 1710 1723 1819
182 109 218 240 448 468 507 861 1226 1562 1609 1676 1689 1719 1730 1731 1912
357 52 265 577 680 740 1069 1281 1354 1983
416 99 303 510 580 1103 1134 1192 1231 1961
423 93 229 257 426 497 498 811 1071 1303 1395 1500 1606 1754 1891 1907
488 74 291 353 452 463 487 565 622 639 756 802 1267 1337 1405 1447 1727 1965
494 144 202 426 584 713 784 899 1082 1139 1169 1346 1634 1639 1716 1811 1900 1919 1944
1029 111 133 332 450 533 696 831 929 956 967 1286 1300 1334 1346 1510 1614 1732 1794 1939
1102 330 352 418 565 706 712 1095 1419 1435 1527 1657 1769 1867 1883 1897
1116 51 55 188 224 251 315 353 640 647 742 808 897 902 1331 1593 1717 1742 1886 1968
1308 37 171 397 464 530 538 782 856 945 984 1175 1210 1381 1539 1601 1701 1987
1510 391 415 645 890 1208 1553
1538 136 212 218 231 442 595 829 994 1036 1110 1168 1490 1505 1553 1559 1628 1682 1732 1840
1543 573 688 694 977 998 1196 1218 1371 1541 1553 1779 1884
1623 210 373 574 627 691 717 960 1059 1164 1503 1822 1911
1650 180 281 439 460 553 691 902 970 1036 1248 1306 1334 1355 1915 1961
1679 449 510 512 758 801 847 890 1043 1281 1369 1542 1593 1620
1780 58 343 434 557 651 782 803 855 896 1217 1279 1333 1388 1586 1754 1890
1951 77 127 158 277 332 478 504 524 598 821 890 971 996 1157 1162 1482 1500 1661
1978 41 82 551 675 849 1276 1294 1377 1564 1750 1805
19 48 135 342 358 522 647 651 705 995 1107 1425 1494 1629 1700 1748 1977 1991
48 102 165 395 579 648 676 759 779 889 931 1176 1214 1302 1341 1640 1759 1825
135 152 172 228 279 390 435 495 973 1164 1219 1616 1708
342 124 378 393 891 1043 1146 1167 1336 1377 1796 1802
358 43 72 228 229 249 253 392 458 761 913 982 1105 1176 1496 1638 1784 1822 1824
522 371 384 492 704 1551 1881 1918
647 259 444 533 593 618 695 841 1022 1080 1239 1260 1266 1284 1559 1828 1964
651 207 497 580 785 1052 1210 1483 1568 1670
705 45 50 385 808 1129 1588 1937
995 92 157 259 556 931 1047 1114 1198 1256 1696
1107 147 259 284 344 435 489 614 655 736 799 865 881 984 990 1208 1293 1402 1649 1801 1872 1909
1425 233 523 867 878 935 1301 1331 1333 1376 1462 1539 1703 1903
1494 28 177 268 400 437 527 604 696 978 1176 1198 1639
1629 220 323 453 478 505 644 926 1137 1315 1394 1395 1706
1700 41 165 188 582 784 905 996 1120 1213 1340 1348 1458 1635 1769
1748 151 159 296 452 461 567 606 625 733 808 874 959 1052 1060 1195 1210 1255 1502 1894 1993
1977 92 154 393 399 579 1139 1205 1206 1309 1326 1463 1603 1660 1677 1766 1955
1991 151 240 321 452 455 784 824 897 958 1331 1353 1509 1702 1757 1794
20 86 387 474 515 824 989 1172 1210 1428 1501
86 208 227 376 704 767 987 1000 1193 1224 1464
387 116 338 557 746 755 839 860 894 1013 1081 1095 1175 1527 1624 1818
474 53 99 315 608 936 1539 1718 1857
515 232 490 498 565 894 1014 1153 1234 1267 1268 1484 1669 1727 1825 1843 1857
824 147 163 503 519 556 685 894 1001 1337 1515 1630 1663 1695 1697 1704 1790 1862 1879
989 25 180 189 217 379 542 545 709 905 947 1386 1463 1709 1909
1172 169 325 333 360 457 693 893 981 1553 1562 1709 1836
1210 238 347 350 581 689 742 821 1440 1577 1590 1754 1857 1894
1428 112 524 633 711 750 791 799 967 1252 1283 1471 1547 1589 1653 1716 1810 1830 1989
1501 231 667 819 1074 1471 1541 1862
21 140 215 234 485 564 760 907 1028 1100 1142 1397 1808 1947
140 60 599 1038 1080 1251 1327 1350 1496 1575 1585 1707 1741 1808 1927
215 157 798 857 1175 1265 1521 1611 1740 1894 1974
234 25 104 323 451 587 690 762 775 1054 1233 1529 1603 1616 1879 1894 1926 1971
485 75 269 442 591 598 771 843 1140 1165 1232 1289 1322 1344 1408 1628 1841 1982
564 27 37 60 95 216 263 455 481 492 604 795 856 937 1193 1276 1329 1396 1435 1562 1575 1681 1766 1772 1851 1867
760 78 88 96 304 392 431 551 579 616 636 681 687 694 742 759 810 914 1127 1285 1443 1529 1635 1680 1987 1997 1999
907 114 115 318 492 696 727 786 1606 1627 1667 1803 1851 1874 1999
1028 119 146 406 888 911 1114 1549 1613 1662 1968
1100 71 88 260 435 542 573 591 743 826 1134 1263 1511 1533 1775 1969
1142 305 519 625 680 842 866 887 1047 1124 1225 1375 1464 1465
1397 23 343 369 478 643 788 929 956 1009 1473 1638 1869 1900
1808 22 64 92 123 195 200 308 352 534 599 776 953 1226 1449 1955
1947 345 355 476 582 597 794 1047 1215 1500 1759 1893 1981
22 64 138 341 667 708 833 998 1034 1051 1129 1236 1253 1492 1550 1740 1836 1855
64 158 526 615 859 1244 1256 1466 1516 1604
138 23 258 343 424 777 960 1123 1149 1163 1216 1276 1354 1417 1423 1432 1444 1601 1716 1851
341 27 66 67 100 318 335 557 598 1013 1096 1167 1207 1311 1369 1522 1696
667 855 883 926 1020 1162 1280 1347 1350 1417 1586 1709 1862
708 82 366 462 592 833 922 928 1182 1468 1648
833 233 415 756 784 901 1002 1077 1147 1234 1281 1459 1470
998 201 437 640 837 890 918 963 978 1147 1311 1341 1346 1670 1695 1764 1776 1837 1982
1034 81 364 547 584 689 772 817 822 1035 1114 1549 1905 1908 1913 1981 1983
1051 65 292 347 365 413 502 580 623 674 846 1468 1529 1621 1742 1864 1900
1129 447 487 661 698 748 865 918 1014 1242 1257 1372 1401 1733 1804 1855
1236 273 355 370 409 518 698 957 975 1497 1737 1864 1889
1253 119 128 200 298 310 506 677 784 1033 1410
1492 39 386 594 893 1446 1643 1742
1550 80 133 460 622 748 947 1084 1131 1205 1303 1359 1604 1676 1785
1740 329 379 442 528 595 624 808 882 1047 1238 1265 1499 1982
1836 77 116 168 170 171 192 295 481 511 612 625 636 655 908 1114 1182 1265 1419 1528 1783 1919 1983
1855 316 428 550 597 616 730 735 766 939 1255 1337 1653 1698 1809 1917
23 51 483 829 858 876 1190 1561 1572 1701
51 159 228 286 361 380 391 540 573 645 853 908 918 1154 1297 1713 1940
483 78 94 96 134 392 525 549 786 831 1044 1091 1484
829 207 294 399 465 475 512 556 945 1011 1110 1239 1244 1487 1534 1542 1603 1655 1680 1778 1824 1852 1874 1945
858 59 365 442 554 654 1036 1086 1104 1155 1917 1946
876 42 50 79 137 304 404 405 417 615 825 988 1358 1681 1869 1910 1922 1979 1989
1190 82 100 318 585 1384 1707 1742 1987
1561 71 369 1525 1569 1570 1759 1869
1572 60 332 338 509 554 687 720 736 1228 1496 1857
1701 173 280 368 599 655 737 771 842 1137 1321 1349 1426 1575 1632 1791 1931
24 99 258 277 282 496 513 722 952 1040 1167 1315 1395 1443 1653 1699 1915 1952 1968 1970
99 279 596 874 922 955 1483 1531 1590 1664 1785 1849 1888 1975
258 482 579 772 1060 1061 1086 1247 1261 1503 1760
277 180 571 694 696 814 923 1378 1781 1785 1804 1919
282 68 197 233 307 346 462 732 1635 1683
496 93 204 373 720 761 1118 1124 1298 1317 1584 1704 1825
513 213 238 348 440 510 524 583 641 750 1141 1204 1213 1269 1282 1463 1539 1889
722 60 91 98 134 154 298 397 913 987 1092 1095 1136 1276 1327 1695 1813 1964
952 274 401 544 624 658 782 806 1046 1285 1424 1503 1517 1531 1555 1839 1959
1040 236 308 349 560 704 739 975 1337 1554 1569 1917
1167 338 762 1055 1213 1218 1378 1742 1877 1972
1315 57 187 460 535 618 677 944 1092 1151 1298 1393 1482 1595
1395 56 85 132 383 734 1110 1274 1404 1421 1612
1443 37 255 399 476 499 769 806 1258 1317 1321 1500 1660 1689 1803 1871
1653 43 245 404 646 686 716 729 764 1002 1033 1279 1521 1971
1699 189 211 344 417 632 971 983 1306 1628 1673 1824 1897
1915 113 311 395 663 834 890 894 975 1316 1317 1357 1378 1488 1750 1822 1851
1952 148 481 633 781 856 925 945 1047 1249 1401 1761 1973
1968 153 629 737 776 840 975 1072 1314 1321 1323 1330 1435 1598 1612 1769 1896 1945 1990
1970 307 492 510 834 866 1077 1158 1226 1351 1375 1488 1819
25 816 1020 1337 1394 1484 1877 1905
816 96 596 693 1257 1503 1517 1910 1969
1020 41 142 145 279 293 507 575 640 643 1203 1288 1403 1590 1778
1337 39 94 105 399 409 516 1077 1219 1318 1436 1439 1462 1565 1782 1858
1394 232 281 591 720 1030 1084 1163 1305 1438 1536 1589
1484 227 370 500 581 872 887 930 936 946 1056 1071 1117 1377 1402 1444 1534 1637 1736 1815 1845 1899 1989 1992
1877 59 181 297 901 990 1421 1588 1628 1641 1772
1905 133 284 691 733 1146 1157 1216 1418 1535 1642 1694 1997
26 179 287 309 398 430 476 482 604 629 655 758 817 1159 1164 1181 1282 1306 1483 1542 1548 1641 1657 1695 1707 1801
179 170 271 392 404 473 676 731 1485 1729 1983
287 105 145 636 799 1445 1889
309 143 211 380 630 849 1349 1589 1633 1663 1827 1965
398 201 447 457 493 541 566 625 1145 1362 1606 1779 1852 1889
430 146 338 351 560 1238 1289 1341 1874
476 433 658 732 776 899 965 1267 1295 1324 1525 1590 1618 1898
482 283 545 587 750 953 1633 1803 1833 1860
604 139 199 323 502 673 729 737 788 891 904 1260 1274 1450 1607 1957 1964
629 83 104 158 291 442 606 729 746 1268 1405 1437 1469 1584 1923
655 28 67 101 103 164 226 325 349 395 656 759 880 926 1282 1300 1327 1389 1613 1627 1730 1779 1873 1948
758 134 220 253 262 431 841 963 1021 1214 1296 1366 1447 1682 1707 1866
817 45 231 244 271 333 502 641 644 846 930 1396 1680 1853 1916 1975 1982
1159 102 201 327 333 465 720 821 910 965 980 1036 1176 1324 1414 1541 1593 1781
1164 98 185 257 353 369 559 735 802 1006 1041 1134 1163 1529 1727 1729
1181 675 693 734 748 1285 1389 1439 1558 1647 1921
1282 486 489 569 782 910 1280 1450 1751 1810 1849 1890 1891 1983
1306 169 254 466 487 634 636 638 687 769 999 1216 1263 1309 1335 1372 1480
1483 201 266 594 662 791 1209 1293 1537 1834
1542 60 262 975 1001 1101 1348 1573 1729 1742 1743 1921 1971
1548 39 61 114 145 296 712 872 1280 1331 1417 1479 1488 1676 1835 1882 1965 1973
1641 54 143 168 281 466 694 794 931 1059 1179 1460 1938
1657 231 245 506 1119 1226 1375 1387 1684 1718 1937
1695 78 232 345 549 805 819 910 932 967 1016 1022 1240 1341 1499 1794 1816 1937 1950
1707 120 210 248 284 286 569 850 1131 1134 1201 1383 1645 1696 1874 1914
1801 431 508 524 558 615 1069 1094 1163 1378 1448 1463 1530 1706 1776 1802
27 167 303 409 561 769 1061 1317 1466 1563 1602 1907
167 103 330 847 848 1174 1179 1381 1407 1851
303 96 214 236 417 418 447 534 574 756 912 1032 1151 1285 1287 1329 1457 1545 1703 1965
409 55 128 217 349 1208 1343 1535 1674 1753 1884
561 172 233 285 352 368 660 767 826 1215 1268 1298 1489 1590 1662 1760 1777 1819 1949
769 145 207 576 886 1008 1163 1278 1537 1594 1823 1856 1927
1061 38 53 101 270 312 323 431 527 583 772 913 1076 1358 1459 1603 1933 1953
1317 197 272 366 589 605 1037 1325 1333 1373 1665 1898
1466 38 79 168 262 379 413 526 644 730 756 1039 1216 1235 1310 1465 1750 1919 1921
1563 152 413 612 1045 1234 1424 1661 1858
1602 74 91 443 589 622 645 703 1255 1446 1516 1532 1676 1802 1867 1981
1907 47 92 172 424 458 562 594 757 762 885 1144 1298 1350 1367 1396 1622 1760 1886 1973
28 126 148 634 639 771 863 865 882 942 973 1199 1272 1367 1471 1575 1925
126 228 558 673 839 906 948 1363 1442 1546 1547 1726 1796 1965
148 97 170 193 390 490 889 911 1340 1477 1722 1987
634 50 165 262 265 281 369 414 426 464 592 762 764 830 853 904 1120 1273 1311 1377 1853 1973
639 38 53 103 104 186 266 580 782 1110 1144 1290 1535 1574 1716 1891
771 335 353 438 674 730 759 765 991 1140 1273 1353 1391 1756 1799 1823 1889
863 326 351 547 993 1235 1358 1370 1386 1616 1630 1814
865 249 538 607
882 58 96 269 654 1166 1533 1706 1778
942 116 217 283 332 339 391 839 973 994 1046 1110 1598 1702 1792 1891
973 169 411 593 594 711 718 819 1155 1231 1256 1268 1436 1505 1575
1199 56 59 159 280 378 601 1058 1405 1706 1896
1272 270 323 377 503 899 928 1196 1368 1672 1827 1837
1367 125 150 347 1247 1473 1743 1809 1969
1471 489 841 1153 1241 1404 1519 1588 1620 1672
1575 77 136 169 264 433 444 699 703 935 957 964 1082 1404 1655 1668
1925 54 61 214 349 366 391 486 533 828 926 1012 1059 1208 1278 1665 1833 1972
47 147 202 307 747 1182 1586 1592
159 128 369 576 700 948 1093 1303 1410 1625
240 256 574 687 726 930 1025 1251 1336 1549 1709 1792 1903
305 199 587 1224 1374 1396 1667 1869
376 320 648 856 895 897 971 1539 1586 1611 1622 1664 1684 1779 1824 1884
402 56 196 203 294 332 743 1078 1437 1451 1730 1849
646 592 1025 1301 1370 1452 1495 1565 1595 1694
1009 147 339 426 462 477 638 691 896 1316 1330 1377 1521 1747
1021 117 150 156 306 730 732 1203 1534 1632 1734 1745 1760 1778 1946
1259 54 349 505 518 519 632 649 652 845 870 953 1242 1488 1706 1727 1851 1930 1960
1353 78 120 551 620 685 936 1241 1265 1446 1819 1959 1967
1570 355 499 530 809 983 1215 1810 1885 1900
110 301 390 465 472 662 762 859 880 1006 1295 1495 1558 1603 1621 1664 1799 1929 1964
188 112 119 123 603 700 999 1257 1290 1415 1487 1579 1627 1869
383 221 660 1213 1325 1514
438 95 200 301 717 891 1008 1289 1415
449 202 285 349 363 443 534 621 1057 1163 1166 1240 1578 1661 1682 1772 1845
590 180 227 640 756 800 1221 1464 1468 1734
649 680 704 852 875 1081 1153 1182 1340 1474 1485 1734 1908 1953
872 41 212 213 317 731 775 792 1321 1555 1674 1839 1900 1910
961 49 70 96 805 1138 1273 1305 1617
1284 60 193 437 682 718 1123 1500
1648 40 197 621 682 1198 1339 1757
1691 450 481 606 1036 1174 1208 1239 1291 1358 1462 1632 1649 1702 1845
1822 59 239 608 633 814 861 925 1093 1115 1280 1334 1346 1369
1880 213 594 643 704 765 1045 1073 1112 1258 1326 1766 1792
1989 67 77 272 772 788 906 1047 1338 1480 1911
160 660 807 940 987 1069 1186 1244 1387 1401 1421 1632 1735 1793 1867 1869
181 591 757 911 1047 1294 1329 1441
424 262 434 592 607 648 785 871 918 957 1037 1043 1064 1117 1663 1731 1763 1785 1847
621 46 338 627 712 1002 1037 1205 1294 1324 1327 1342 1374 1540 1549 1741
622 464 507 592 940 970 1101 1392 1613
726 97 239 785 978 1064 1078 1276 1398 1551 1664 1709 1809 1922
737 174 265 311 316 610 1451 1680 1710 1747 1783
761 45 87 112 142 776 877 887 997 1179 1298 1311 1509 1741
834 56 72 533 630 978 1327 1479 1754 1758
1146 42 606 703 768 945 997 1168 1375 1643 1706 1865
1305 72 262 461 591 672 750 870 1341 1417 1431 1491 1577 1682 1854 1921 1992
1571 53 143 244 906 1091 1104 1235 1264 1559 1789
1667 57 59 212 335 1158 1197 1551
1826 315 407 503 581 625 643 671 677 889 924 926 948 1153 1293 1423 1460 1555 1759 1849 1912
1843 198 308 410 742 762 837 1303 1839 1981
1858 228 610 642 843 935 949 1019 1064 1348 1537 1697 1979
177 262 730 767 1186 1208 1261 1663 1721 1726 1920
260 94 137 336 473 818 1085 1183 1447 1549
327 104 119 151 221 410 913 1058 1171 1179 1206 1344 1564 1761 1888
599 46 625 857 1247 1742 1782 1928
810 377 437 742 750 971 1122 1185 1279 1324 1682
902 218 470 525 671 707 860 917 918 948 994 1393 1658 1763 1864
1069 55 236 373 582 584 723 890 1058 1540
1271 343 369 850 1058 1185 1216 1286 1617 1862
1387 242 1266 1276 1598 1995
1402 40 46 158 393 466 654 949 968 1015 1095 1168 1362 1431 1582 1611 1990
1498 340 426 570 965 1521 1750 1760 1869
1516 46 286 389 425 502 520 759 905 935 1165 1214 1463 1464 1729 1819 1881 1994
1697 102 133 498 528 953 1103 1332 1365 1545 1770 1792 1870
33 61 218 379 527 793 909 951 1016 1161 1293 1613 1782
61 527 587 695 1151 1247 1298 1418 1456 1593 1609 1628 1922
218 186 410 526 959 1919
379 70 206 543 675 759 1085 1163 1340 1392 1422 1464 1470 1658
527 93 421 688 909 1055 1196 1609 1723 1974
793 94 158 404 447 520 848 913 958 962 1113 1152 1168 1265 1449 1514 1621 1775 1929
909 39 77 101 150 938 1077 1093 1099 1125 1243 1346 1834 1894 1931
951 454 477 495 500 732 759 799 809 1086 1157 1216 1639 1903 1979
1016 144 171 389 508 695 738 878 936 982 1408 1448 1474 1490 1533 1546 1815
1161 132 294 709 1013 1243 1294 1487 1539 1558 1577 1924
1293 267 450 489 767 1067 1112 1136 1537 1595 1622 1731 1789 1824 1889 1908
1613 265 428 507 531 660 775 784 870 1012 1114 1120 1607 1662
1782 157 364 453 565 633 786 843 866 891 1189 1368 1392 1839
34 347 688 748 847 912 1972
347 103 328 729 851 854 938 1175 1203 1447 1684 1766 1920 1949 1981
688 291 306 843 975 1043
748 186 207 425 447 675 853 1000 1622 1757 1766 1820 1840 1974
847 83 411 492 551 978 1384 1635 1674 1750
912 187 633 712 768 870 996 1101 1153 1171 1252 1372 1375 1482 1609 1883
1972 163 632 852 901 972 1041 1232 1322 1871
261 545 574 780 932 1072 1311 1383 1618 1939
270 266 554 636 842 968 1310 1362 1436 1722 1751 1756 1775 1787 1833
397 353 432 458 526 853 1230 1565
419 226 265 461 537 606 846 925 963 969 1073 1082 1101 1139 1145 1291 1449 1593 1762 1856 1975
644 271 442 551 616 1144 1290 1497
1423 325 408 417 537 682 856 1341
1625 72 161 232 236 355 390 418 428 560 574 579 582 1044 1095 1218 1321 1438 1467 1871
1638 49 228 632 648 814 1027 1357 1537 1745 1776 1818
1820 94 324 545 610 700 734 929 1082 1111 1131 1148 1175 1445 1486 1515 1525 1932
1937 97 991 1132 1750
1943 77 91 407 591 598 625 762 780 984 1042 1137 1219 1408 1692 1814 1959
36 74 207 213 312 329 330 505 727 801 853 924 1388 1751 1954 1962
74 384 787 871 916 1119 1598 1600 1733 1867
207 487 525 1215 1511 1673 1731 1932
213 371 373 426 531 575 673 680 1174 1243 1316 1323 1339 1574 1743 1823
312 44 298 594 663 852 862 1088 1232 1238 1403 1565 1786 1810
329 101 361 514 566 672 1283 1663
330 92 199 406 547 713 798 1386 1531 1562 1593 1703 1716 1727
505 125 768 947 1274 1287 1334 1593 1761 1824 1969
727 112 173 428 557 765 934 1185 1316 1885 1887
801 301 681 791 842 983 1106 1166 1212 1261 1461 1533
853 365 777 969 1285 1536 1840 1876 1888 1933
924 43 77 414 550 623 922 1247 1279 1495 1517 1803 1933
1388 264 406 1158 1497 1558 1586 1655 1953
1751 139 293 296 895 1022 1175 1370 1437 1521 1987
1954 271 636 746 774 971 1008 1360 1419 1467 1573 1577 1891
1962 151 262 923 1043 1233 1256 1267 1322 1393 1897
37 79 223 322 401 502 675 778 1091 1168 1241 1298 1476
79 197 490 971 1080 1460 1619 1793 1823 1916
223 166 187 318 374 486 512 587 1055 1074 1396 1446 1662 1910
322 625 717 755 786 918 1583 1741
401 84 699 800 804 1386 1725 1928 1933
502 197 361 448 612 814 981 1076 1607 1698 1721 1749 1894 1900 1912
675 44 87 102 355 390 654 819 871 913 1049 1839
778 43 49 378 447 479 691 741 765 841 940 982 1071 1123 1845 1871 1885 1963 1967
1091 52 238 280 554 712 729 1019 1206 1363 1674 1814
1168 38 345 713 807 1001 1103 1131 1252 1462 1873
1241 466 600 930 987 988 1140 1299 1318 1452 1519 1900
1298 77 562 570 695 740 890 1038 1276 1362 1431 1708 1779 1790 1909
1476 567 703 1866
38 83 123 384 421 980 1112 1134 1565 1819 1910
83 65 265 703 815 923 1066 1810 1874
123 180 186 320 348 713 714 792 807 825 1012 1209 1438
384 172 982 1001 1120 1474 1500 1969
421 406 768 1118 1464 1616 1689 1708 1841
980 263 301 844 1139 1268 1360 1384 1512 1682 1830 1931
1112 291 473 687 689 750 859 1384 1608 1639 1922
1134 285 335 560 695 889 1095 1162 1224 1589 1606 1835
1565 49 78 377 490 607 608 800 1039 1220 1424 1735 1956
1819 480 1044 1438 1473 1604 1828 1887 1909 1956
1910 154 198 239 377 468 665 899 936 1160 1435 1545 1594 1738 1783 1795 1918
39 59 158 251 262 706 1331 1525 1546 1611 1721 1993
59 132 300 432 445 928 1035 1431 1747 1869 1873
158 264 324 442 960 1048 1243 1345 1451 1999
251 407 461 574 738 792 802 1015 1611
262 95 300 432 523 636 773 926 958 1184 1526 1577 1725 1863 1884 1999
706 128 399 698 1093 1577 1881
1331 350 711 852 895 1039 1401 1414 1432 1499 1551 1566 1569 1617 1827
1525 147 187 579 595 717 720 800 937 1022 1175 1461 1526 1556 1569 1825
1546 66 222 263 352 410 589 754 808 815 1285 1628 1829
1611 117 127 298 323 390 1136 1201 1265 1343 1591 1757 1889 1976
1721 97 114 408 448 498 645 807 1120 1477 1892 1961 1971 1990
1993 348 524 533 593 752 959 960 1044 1410 1430 1449 1558
40 214 252 326 516 610 660 717 1478 1539 1556
214 42 168 988 1201 1447 1502 1584 1809
252 497 653 1144 1301 1495 1635 1891 1983
326 50 164 304 894 1094 1162 1274 1431 1640 1731 1901
516 310 605 804 970 1073 1105 1333 1450 1534 1640
610 658 742 1277 1384 1398 1698 1761 1857 1916 1992 1994
660 226 406 542 560 645 681 950 1025 1042 1084 1239 1702 1803 1809 1984 1988
717 489 694 870 1149 1275 1359 1362 1706 1809
1478 44 349 477 595 598 1022 1242 1348 1366 1371 1435 1477 1661 1892 1914
1539 49 96 186 205 274 291 645 828 841 893 1032 1037 1060 1643 1839
1556 193 351 605 739 740 741 775 840 922 1182 1250 1321 1474 1532 1620 1805 1926
41 58 166 224 248 448 458 463 595 609 620 711 774 896 1206 1891 1922 1979
58 500 585 680 785 804 885 901 978 1220 1489 1917
166 253 624 694 732 740 875 1086 1130 1233 1323 1590 1680 1845 1961
224 205 787 898 1037 1058 1257 1265 1351 1369 1504 1591 1681 1834 1898
248 60 75 161 411 461 699 738 964 1281 1301 1626 1756 1942
448 434 506 725 1269 1715
458 116 180 230 543 752 767 958 985 1145 1230 1384 1500 1609 1976
463 192 221 766 815 916 1025 1030 1184 1285 1351 1456 1665 1890
595 242 554 579 652 844 1123 1346 1422 1497 1533 1569 1590 1828
609 400 431 665 719 1205 1316 1333 1603 1869 1950
620 44 162 361 486 870 875 1120 1344 1356 1399 1451 1526 1584 1764 1856 1883 1988
711 143 703 1000 1024 1047 1283
774 407 460 548 693 719 840 1124 1166 1192 1225 1399 1447 1683 1706 1725 1931
896 102 393 695 762 766 983 984 1046 1195 1860 1959
1206 200 368 460 687 695 703 1125 1547 1583 1794 1810 1909
1891 88 323 392 433 487 1122 1281 1447 1892 1967
1922 313 413 451 625 940 1176 1196 1526 1576 1788 1897
1979 62 94 368 823 881 1279 1861 1901 1923
42 43 124 630 715 832 871 1056 1081 1086 1136 1338 1460 1682 1852 1864
43 152 204 208 325 368 591 773 917 1093 1103 1118 1392 1557 1647 1929
124 677 777 1220 1557 1646 1825 1860
630 271 475 625 855 937 972 987 1099 1896 1940
715 96 328 408 1042 1249 1559 1577 1731 1755
832 662 718 1260 1275 1377 1764
871 280 328 441 661 735 795 1095 1277 1410 1512 1778 1792 1938 1992
1056 93 453 531 818 1096 1408 1422 1702 1810 1870
1081 265 559 1651 1784 1889
1086 176 204 480 556 800 1070 1101 1153 1175 1307 1459 1557 1661
1136 728 736 772 796 1060 1330
1338 866 1179 1369 1524 1640 1784
1460 172 417 454 827 968 1155 1898 1949
1682 173 406 593 645 1177 1370 1692 1738 1871
1852 242 1378 1524 1804 1916
1864 363 511 587 593 1000 1031 1054 1099
152 60 1047 1248 1573 1610 1715 1753 1927
204 52 57 313 353 521 755 996 1070 1347 1368 1391 1593 1684 1753 1887
208 571 785 905 1117 1156 1251 1474 1727 1775 1811 1920
325 185 510 766 895 1201 1362 1404 1521 1589 1737 1874
368 351 361 535 910 911 1173 1225 1383 1607 1742 1890
591 197 453 656 887 1103
773 274 441 489 493 945 1027 1285 1579 1872 1919
917 133 161 360 462 640 757 908 1017 1887 1899
1093 127 157 286 524 972 991 1179 1288 1302 1462 1628 1860 1953
1103 173 811 1749 1841
1118 543 593 788 828 947 1267 1635 1742 1784 1914
1392 53 189 200 339 567 776 1491 1606 1841
1557 101 106 115 119 534 806 880 1135 1301 1457 1521 1620
1647 44 239 244 292 296 490 728 1145 1300
1929 420 575 891 976 1470 1645 1981
44 116 172 393 520 565 731 990 1039 1151 1263 1275 1343 1522 1703 1706 1919
116 874 1127 1147 1464 1468 1639
172 212 233 867 1138 1248 1268 1303 1482 1519 1867 1916
393 506 820 862 988 1260 1285 1296 1601 1619 1738 1747 1795
520 265 410 535 562 618 841 1076 1642 1692 1776
565 62 180 702 808 1165 1558
731 146 206 584 663 859 875 976 1201 1325 1326 1463 1515 1634 1677 1731 1815
990 279 519 525 805 908 932 997 1044 1110 1363 1430 1503 1527 1878
1039 65 195 227 356 365 615 632 830 1280 1444 1448 1515 1719
1151 105 144 183 292 311 478 632 712 819 1022 1301 1522 1713
1263 85 290 356 500 511 518 559 883 953 1013 1231 1646 1685 1716 1936 1981
1275 193 236 729 787 837 850 1239 1386 1959
1343 373 625 732 1105 1243 1254 1583 1982
1522 535 579 693 887 1310 1404 1452 1662 1764
1703 359 532 541 1173 1336 1725 1756 1854 1909 1973
1706 128 259 437 720 1058 1133 1165 1422 1702 1710 1757 1871
1919 45 380 854 1006 1035 1344 1519 1622 1791 1794 1990
45 52 78 310 413 432 626 841 935 1296 1412 1589 1787 1997
52 239 263 298 454 530 1048 1148 1196 1335 1632
78 121 202 265 306 417 549 738 861 1070 1519 1532 1604 1840
310 194 259 266 340 636 857 862 920 1002 1055 1547 1924
413 661 714 766 929 1041 1058 1059 1326 1378 1683 1841 1869 1926
432 318 333 441 792 1015 1058 1083 1225 1274 1280 1328 1355 1541 1545 1593 1606 1632
626 187 411 418 524 548 607 638 718 848 1376 1431 1450 1495 1690 1872
841 67 106 130 298 663 870 971 1147 1235 1499 1656 1662 1847 1886
935 489 554 1335 1677
1296 386 807 1042 1489 1870 1899 1916 1994
1412 168 217 233 284 316 411 582 766 987 1141 1405 1535 1942
1589 195 210 242 585 856 1052 1355 1472 1554
1787 68 111 249 798 913 1047 1123 1784 1956 1981
1997 355 728 730 814 1044 1717 1749
46 386 445 508 594 780 875 925 945 1595 1796
386 119 211 290 786 1067 1141 1718 1794 1873
445 173 304 355 392 687 747 772 886 1247 1287 1635 1918 1945
508 150 514 729 1013 1076 1145 1802
594 101 114 645 781 899 981 1048 1203 1446
780 203 340 414 440 519 531 803 867 956 1325 1354 1651 1708 1802 1883 1914
875 106 144 784 987 1119 1265 1360 1967 1984
925 211 348 359 577 856 1452 1974
945 125 284 532 700 889 1031 1234 1823
1595 317 353 447 627 1055 1345 1446 1784
1796 247 307 315 441 486 528 837 861 946 1502 1610 1726 1810 1886
147 414 450 470 914 919 953 1336 1381 1496 1500 1956
202 68 137 195 271 339 958 988 1247 1255 1396 1444 1490
307 435 938 949 1104 1152 1274 1459 1559
747 156 348 695 916 969 1076 1342 1345 1438 1493 1514 1677 1799
1182 530 612 966 1035 1095 1234 1251 1461 1603 1754
1586 55 100 366 728 1080 1642 1716 1999
1592 360 407 825 910 969 1043 1184 1243 1515
102 117 139 663 723 732 881 1273 1327 1781
165 125 163 274 389 525 553 702 830 1479 1535 1551 1620 1631 1893
395 187 380 735 746 1213 1579 1640 1655 1675 1897
579 92 196 244 285 415 489 509 512 738 1008 1214 1240 1251 1594
648 133 221 400 638 714 877 895 1124 1356 1604 1661
676 157 295 356 615 749 870 910 1158 1277 1318 1773 1916 1957
759 98 465 716 728 887 991 1558 1921
779 173 377 754 866 1070 1224 1404 1473 1583 1738
889 133 136 964 1074 1267 1307 1418
931 293 466 479 830 846 906 1185 1240 1407 1408 1462 1559 1642 1720
1176 130 220 301 454 752 795 962 1173 1285 1365 1742 1788
1214 84 356 605 923 1279 1447 1489 1909
1302 229 533 707 985 1015 1257 1362 1430 1654 1857
1341 265 756 785 1106 1265 1339
1640 389 465 583 627 775 899 1133 1175 1677 1810 1874
1759 709 1490 1720 1745 1763 1828
1825 216 406 719 785 905 1372 1464 1944
49 101 217 356 625 767 1070 1183 1333 1649 1866
101 75 855 1085 1096 1250 1468 1528 1718
217 125 171 295 566 575 1013 1111 1193 1339 1554 1898
356 105 113 180 233 598 782 859 1294 1396 1584
625 439 559 580 756 757 999 1147 1258 1290 1446 1462 1583 1591 1731 1810 1911
767 113 444 775 1403 1698 1795
1070 84 189 1023 1076 1366 1762 1809 1823 1887 1918 1928
1183 65 284 324 593 825 831 948 1321 1750 1760 1811
1333 60 193 263 428 658 886 1226 1278 1554 1723
1649 919 1105 1196 1502 1577 1585 1964
1866 137 857 1173 1279 1311 1330 1358 1482 1676
50 82 380 714 820 918 1504 1610 1756 1901 1969
82 57 113 304 535 905 911 1071 1459 1515 1982 1999
380 170 345 638 855 870 1015 1149 1393 1457 1790
714 317 493 523 686 860 1569 1665 1755 1908 1928 1949
820 212 239 414 851 1076 1189 1326 1329 1449 1489 1755 1900
918 68 103 139 412 662 741 800 881 1285 1289 1381 1702 1889 1990
1504 294 373 450 465 645 839 916 1239 1332 1369 1459 1468 1477 1755 1886
1610 244 268 518 570 643 944 1113 1369 1469 1805 1931
1756 180 304 762 1158 1216 1368 1438 1512 1677 1788
1901 95 109 269 276 498 1342 1370 1436 1811
1969 70 259 338 612 956 1014 1099 1681
228 153 161 211 571 1147 1585
286 55 236 799 888 1220 1445 1715 1982
361 57 153 665 709 798 840 908 938 1487 1718 1793
391 598 897 947 994 1281 1376 1606 1620 1908
540 143 151 360 1185 1294 1444 1606 1689 1777
573 203 400 814 835 1218 1554 1590 1626 1889 1893
645 98 435 512 569 596 674 890 971 1225 1307 1461 1673 1734
908 220 284 592 640 866 939 1044 1055 1110 1294 1310 1368 1439 1618 1869 1899
1154 184 772 795 919 1113 1192
1297 88 98 103 729 947 963 1077 1094 1336 1524 1680 1932
1713 195 222 242 345 509 576 1128 1132 1179 1325 1457 1816 1873
1940 125 146 263 1064 1078 1117 1261 1369 1408 1558 1867
239 266 627 752 916 966 1033 1474 1490 1536 1794 1938
263 109 464 614 681 883 976 1130 1234 1426 1743 1838
298 103 200 253 267 275 439 618 743 809 849 850 971 978 1418 1446 1607 1784
454 206 679 729 947 1032 1157 1876
530 95 222 410 524 656 932 975 1254 1287 1371 1474 1874
1048 117 133 229 304 351 443 465 479 481 493 899 1115 1373 1495 1735 1793
1148 203 272 275 480 1258 1261 1491 1499 1670 1792 1794
1196 498 1067 1232 1244 1670
1335 225 360 754 806 982 1135 1193 1482
1632 71 88 137 244 435 554 693 1120 1358 1532 1614 1741 1749 1762 1849
53 477 1464 1923
477 92 273 284 489 544 597 809 1349 1405
1464 242 332 359 506 662 825 1152 1354 1408 1747
1923 62 65 186 435 699 704 707 723 750 851 936 1755 1761 1857 1889
54 197 254 320 400 557 785 914 1032 1226 1733
197 700 878 985 1316 1350 1594
254 498 509 662 840 1014 1321 1324 1527 1584 1731 1737 1763 1778 1788 1903 1945
320 150 687 934 1162 1269 1424 1672 1685 1974
400 161 803 997 1186 1310 1378 1496 1559 1622 1656 1741 1996
557 121 137 164 296 455 920 1032 1115 1235 1250 1391 1609 1626 1627 1731 1781 1805 1942
785 114 366 370 877 956 985 1318 1342 1677 1878 1938 1995
914 226 749 1233 1279 1354 1897
1032 169 257 910 929 1316 1590
1226 108 389 831 932 1006 1066 1138 1361 1743 1750 1886 1894
1733 176 233 745 859 1218 1252 1470 1479 1562 1579 1788 1878 1994
55 414 486 663 1177 1185 1274 1894 1908 1921
414 504 661 804 818 877 880 959 962 969 1313 1545 1578 1656
486 67 136 229 718 843 1147 1288 1421
663 905 928 1381 1496 1630
1177 157 410 577 615 627 776 1281 1355 1399 1436 1440 1519 1861 1999
1185 242 266 404 450 525 932 991 1036 1240 1417 1885
1274 343 798 1597 1614 1715
1894 301 431 707 815 1355 1436 1458 1491 1872
1908 62 130 313 966 1030 1105 1123 1173 1351 1505 1545 1675 1747 1932 1983
1921 176 378 480 536 567 641 959 1046 1077 1085 1132 1505 1735 1793 1953 1967
56 91 553 642 1421 1747 1775 1878
91 231 345 439 662 763 1310 1441 1574 1677 1755 1847
553 333 475 560 776 1240 1646 1957
642 67 227 554 745 972 1035 1197 1485 1521 1532
1421 550 718 805 934 1287 1502 1627 1879 1955
1747 273 878 968 984 1141 1766 1778 1939 1996
1775 1011 1145 1325 1361 1454 1524 1558 1696
1878 582 972 1233 1251 1422
57 134 338 366 374 465 544 1138 1209 1238 1285 1325 1959 1975
134 265 296 350 369 512 597 614 803 828 1017 1174 1267 1268 1579 1606 1635 1683
338 1076 1854 1950
366 75 466 509 768 910 1064 1155 1279 1598 1601
374 232 1186 1266 1417 1569 1627 1718 1723
465 60 544 624 1042 1175 1314 1497 1741
544 510 703 794 885 895 1260 1903 1928
1138 308 493 531 822 1085 1156 1871 1898 1971
1209 75 194 292 439 725 862 968 1125 1512 1761
1238 103 352 441 1289 1618
1285 194 407 495 541 549 755 949 1037 1342 1376 1391 1693 1884 1897 1924 1948
1325 700 953 976 1105 1171 1359 1408 1449 1457 1495 1673 1833
1959 127 433 791 1145 1444 1654 1813 1867 1942 1965
1975 114 846 958 1084 1383 1536 1568 1964
500 137 658 681 700 746 1115 1163 1240 1340 1391 1486 1574 1758 1821 1833
585 125 255 687 791 1535 1715
680 205 238 587 721 850 1192 1517 1618 1754
804 137 192 1225 1702 1739 1946
885 1153 1435 1477 1588 1722 1849 1889 1903
901 72 216 512 582 638 818 1014 1170 1207 1250 1288 1386 1634
978 115 201 537 661 827 843
1220 70 81 115 119 264 267 499 503 691 947 1231 1311 1410 1495 1854 1879 1928 1939
1489 308 318 406 426 451 699 846 1303 1357
1917 100 192 415 451 475 725 1265 1795 1976
132 67 130 425 643 712 1035 1153 1655 1824 1999
300 504 567 713 765 1043 1084 1249 1709 1741 1789
928 187 340 372 495 740 904 1165 1232 1294 1309 1329 1410 1675
1035 69 93 377 473 521 636 840 960 1170 1314 1562 1635
1431 163 269 343 712 745 762 826 936 1189 1239 1288 1354 1426 1642 1689 1838 1981
1869 106 232 297 433 1251 1339 1362 1473 1486 1528 1582 1802 1884 1942
1873 125 253 306 385 765 895 1008 1456 1485 1541 1593
60 81 119 232 504 656 704 750 1299 1358 1424 1547 1736 1996
81 707 844 1219 1541 1661 1725 1857 1885
119 475 880 1555 1663 1737 1758 1974
232 97 104 336 528 766 873 891 975 1114 1221 1606
504 360 473 720 1128 1149 1160 1278 1354 1405 1829
656 225 548 1627
704 405 470 499 534 735 983 1157 1339 1755 1926 1928
750 130 487 786 1017 1391 1519 1676 1745 1888 1987 1995
1299 137 156 210 437 444 542 671 685 1095 1124 1152 1346 1384 1772 1829 1893 1948
1358 411 947 965 1013 1175 1378 1628 1750
1424 433 536 746 1012 1022 1269 1419 1776
1547 292 317 709 874 915 993 1218 1346
1736 117 321 324 472 512 583 1256 1738
1996 355 385 425 558 968 1198 1815
587 129 271 1127 1268 1742 1881
695 88 249 408 443 605 960 1531 1953
1247 308 365 654 886 960 1171 1330 1355 1662 1885
1418 693 870 1427 1432 1677
1456 103 275 489 738 826 1514 1839 1914
1593 233 677 1213 1477 1535 1536 1793 1816 1839 1995
1609 211 212 580 665 719 1491 1723 1939 1960
1628 75 242 323 509 536 616 910 923 1704 1920
62 274 321 355 371 729 754 1066 1252 1479 1670 1784 1881
274 292 301 317 335 1092 1173 1344 1461 1491 1675 1758 1783
321 180 249 280 290 671 831 839 977 1072 1326 1761
355 479 1037 1267 1549 1802 1870 1928
371 65 146 966 981 1045 1106
729 136 420 425 772 792 831 856 1291 1370 1597 1753
754 184 434 541 615 616 1281 1318 1635 1912
1066 170 707 803 828 940 1111 1205 1336 1393 1440 1658 1854
1252 315 976 1000 1141 1204 1426 1607 1702 1704 1861
1479 174 205 308 333 378 404 420 468 795 1080 1386
1670 226 442 497 643 916 953 1463 1619 1841
1784 210 377 415 842 895 898 1052 1192 1568 1573 1661 1726 1892
1881 187 385 428 495 673 1660 1698 1786 1830 1971
233 184 867 956 1110 1170 1233 1239 1324 1485 1723 1994
694 351 535 643 698 1170 1243 1355 1399 1634 1874
762 72 153 736 1099 1750 1936
910 65 84 745 993 1141 1233 1436 1582
940 201 363 802 873 1055 1659 1770 1829 1999
983 85 87 349 437 451 464 702 964 971 1127 1491 1577 1837
1310 1042 1408 1553 1810
1497 1286 1732 1888
1594 238 245 332 533 600 802 930 1144 1162 1376 1554 1564 1617 1665 1692 1698 1737 1883 1914
1860 137 412 665 802 870 1204 1228 1267 1410 1463 1524 1804 1834
526 114 245 318 389 608 741 788 792 1465 1689 1783 1965
615 70 199 276 284 455 498 507 558 993 1179 1269 1370 1851
859 372 473 962 1234 1243 1248 1314 1449 1470 1781 1939
1244 640 1099 1255 1264 1391 1442 1840
1256 662 1131 1132 1499 1600 1727 1802 1890
1604 109 187 285 324 369 633 696 1216 1224 1468 1634 1863
65 279 378 996 1059 1094 1242 1673 1942
279 169 399 845 1011 1462 1692 1827 1927
378 94 306 348 425 437 549 550 883 976 1063 1067 1277 1458 1566
996 994 1036 1307 1608 1994
1059 109 206 654 837 1058 1133 1334 1371
1094 200 597 633 1393
1242 369 433 481 525 543 703 844 947 963 1130 1882
1673 497 837 857 1047 1574
1942 120 353 570 734 906 1019 1354 1720 1790
66 157 365 728 788 837 1269 1369 1480 1840
157 275 699 1038 1243 1370 1452 1490 1601
365 96 161 733 946 1045 1095 1267 1324 1888
728 818 1656 1884
788 238 343 809 881 971 1015 1031 1235 1564 1596 1696 1932
837 562 975 1077 1761 1999
1269 226 283 734 1008 1046 1088 1339
1369 212 266 444 641 878 1101 1174 1361 1393 1686
1480 512 596 969 1044 1123 1307 1422 1465 1789 1916
1840 128 163 372 562 616 643 756 765 1084 1249 1458 1527 1584 1762 1912
67 168 848 1195 1221 1469 1717 1870
168 568 623 739 755 862 1582 1888
848 97 106 114 162 186 475 1122 1250 1419 1676 1769
1195 507 556 784 823 840 1119 1215
1221 451 856 972 1011 1184 1205 1401 1874
1469 195 497 976 1408 1849
1717 328 518 584 795 874 1124 1472 1953
1870 127 128 253 905 1046 1095 1215 1349 1386 1401 1683 1715 1913
68 198 784 984 1201 1268 1309 1378 1462 1722 1794
198 145 970 1130 1228 1265 1279 1683 1772 1813 1841 1961
784 85 94 404 481 533 811 982 1410 1847 1898
984 425 479 507 584 743 971 1113 1117 1144 1577 1698 1757
1201 77 127 426 462 698 808 1124 1260 1327 1336 1590
1268 137 562 582 674 787 809 1642 1785 1900 1926
1309 170 576 823 842
1378 176 593 623 734 985 1375 1588 1838 1909
1462 72 145 528 623 1192 1511 1788 1896
1722 574 662 1077 1132 1264 1608 1627 1675 1805 1815 1876 1963
1794 97 184 499 823 997 1111 1614 1957
69 184 763 861 904 1076 1845 1867
184 478 887 916 1173 1311 1835
763 225 437 687 807 822 830 842 1123 1326 1531
861 136 498 519 891 937 947 975 1437 1562 1760 1789 1867
904 315 658 1459 1527 1651 1715 1726
1076 112 195 227 346 567 898 926 1046 1140 1165 1432 1630
1845 150 359 690 718 730 1041 1042 1232 1248 1355 1472 1508 1614 1799
1867 96 311 946 1054 1105 1155 1332 1407 1422 1931 1987
70 145 835 842 867 1125 1193 1683 1792
145 80 238 713 775 849 1281 1295 1458 1503 1505 1529 1664 1685 1823
835 88 351 439 475 851 1023 1123 1232 1324 1487 1495 1626 1634 1849
842 259 317 431 481 665 930 933 1114 1115 1307 1365 1715 1976
867 92 280 906 1218 1231 1779 1886
1125 993 1192 1654 1661 1732 1883 1885 1930
1193 150 267 344 437 439 466 534 1203
1683 337 359 877 944 993 1124 1375 1827 1874
1792 231 636 815 981 1731
71 493 559 764 857 970 1092 1179 1215 1231 1254 1280 1439 1452 1521 1528 1809 1916
493 461 693 913 937 1030 1036 1149 1163 1614 1645 1690 1696 1816
559 98 257 481 997 1084 1105 1124 1651 1827
764 345 404 1737 1888
857 201 283 531 554 662 672 881 1175 1303 1348 1368 1635 1757 1971
970 108 580 851 1043 1117 1169 1198 1621 1658 1795
1092 129 150 259 291 294 523 541 596 700 929 1137 1509 1936
1179 137 139 266 269 592 1074 1635 1730
1215 88 257 541 749 997 1036 1163 1447 1619
1231 143 340 791 965 1104 1496 1914
1254 958 960 1927 1967
1280 109 114 127 336 640 1386 1680 1809 1813
1439 249 633 772 802 911 1361 1680 1710 1838 1911 1949
1452 88 332 440 461 537 982 1153 1346 1490 1926
1521 247 567 905 932 1503 1642
1528 144 473 547 746 933 939 1152 1157 1184 1234 1755
1809 199 814 1139 1976
1916 273 437 447 1243 1435 1716 1766 1872
72 87 151 582 1017 1133 1500 1514 1577 1656 1898 1927
87 267 293 1002 1013 1162 1401 1467 1581 1882
151 580 956 1524 1643 1791 1810 1955
582 195 343 702 831 987 1265 1372 1374 1458 1574
1017 495 716 862 1000 1228 1432 1514 1577
1133 873 933 982 1496 1715 1835
1500 114 133 311 323 353 558 821 997 1314 1511 1537
1514 624 693 795 939 1576 1818 1961
1577 247 249 349 468 733 977 1186 1588 1662
1656 130 196 1642 1802 1886 1965 1983
1898 512 1130 1322 1473 1710 1920
1927 519 636 786 936 1535 1576 1704
560 349 677 856 982 1038 1485 1487 1574
823 470 550 721 898 1726 1791 1992
1013 125 533 607 709 1355 1366 1833 1939 1950
1374 509 690 696 1006 1225 1278 1362 1375 1614 1617 1675 1799 1862
1432 294 1175 1265 1303 1788 1854 1892
1726 115 297 404 720 755 898 1290 1637 1669
787 180 308 455 791 822 886 916 1162 1348 1631 1737
916 130 653 776 1124 1248 1283 1401 1447 1760 1764 1799 1841
1119 547 551 702 957 962 1762 1899 1920
1598 1149 1289 1399 1555 1569 1770
1600 441 641 1096 1153 1621 1776 1981
75 162 257 533 886 911 1111 1127 1725
162 85 203 281 971 981 1111 1224 1725
257 128 360 499 1366 1588 1766 1999
533 592 831 1208 1328 1391 1778 1939
886 487 523 548 721 781 1295 1322 1821
911 104 125 156 406 1113 1251 1526 1530
1111 509 518 685 716 962 1257 1336 1596 1716 1750
1127 142 468 776 934 966 1361 1371 1468 1896 1949
1725 108 245 443 732 777 1057 1847 1884 1944
171 226 266 468 535 798 877 999 1000 1030 1099 1240 1348
247 411 693 1078 1485 1818 1888
301 317 545 614 653 794 1591 1689 1811 1945
370 285 452 661 905 1219 1314 1451
891 139 238 452 677 855 934 1218 1734 1753 1815 1851
1381 222 827 849 1273 1289 1742 1830
1517 495 920 1171 1339 1356 1631 1871 1960 1994
1745 100 441 802 1158 1316 1408 1883 1994
1814 153 193 828 922 1816 1888
1897 652 874 1067 1073 1742 1909
77 336 926 1175 1330 1669 1976
336 211 671 702 743 766 844 938 1407 1660 1754 1772 1909
926 492 938 999 1377 1486 1741
1175 183 408 507 549 662 1128 1457 1690
1330 196 242 256 441 460 534 542 580 696 1165 1267 1896
1669 556 856 1225 1318 1401 1449 1472 1948
1976 121 698 915 1203 1596 1608 1617 1871
121 80 689 700 819 888 1025 1147 1205 1368 1698 1710 1872
265 169 268 712 757 844 1288 1493 1530 1643 1658 1729
306 225 292 313 333 399 831 1377 1620
417 146 359 1668 1795
549 104 1024
738 120 349 768 947 1088 1291 1463 1899 1949
1519 558 934 1197 1327 1405 1884
1532 129 399 1349 1576
490 104 346 606 930 1287 1361 1426 1995
971 88 441 638 845 881 1328 1389 1882
1080 245 267 584 1085 1583 1739 1911
1619 92 930 1074 1348 1781 1827
1793 96 108 174 183 1008 1085 1155 1156 1301 1357
1823 373 1022 1082 1140 1454 1465 1470 1541 1702
80 143 199 242 874 1002 1702 1909 1974
143 97 335 425 739 1249 1260 1290 1482 1723 1732
199 498 511 598 877 1011 1660 1743 1849 1990
242 173 211 949 1533 1603 1753
874 906 1264 1440 1448 1588 1601 1662
1002 720 894 906 1332 1473 1495 1887
1702 316 791 1882
1909 340 746 827 845 959 960 1122 1361
1974 96 420 536 603 1019 1295 1788
707 111 428 433 725 1037 1110 1620 1698
844 408 1011 1495 1651 1665 1865
1219 164 324 410 428 489 632 1144 1170 1635 1953
1541 154 272 766 809 948 1023 1162 1277 1288 1426 1487 1766
1661 183 360 803 1105 1620 1663
1857 439 581 825 1427 1451 1761 1795 1830
1885 88 150 466 791 1359 1414 1551 1824 1956
113 114 308 345 831 1072 1218 1355 1361 1783 1785 1861
304 115 702 1023 1332 1755
535 352 360 389
905 104 230 1036 1251 1347 1403 1496
1071 200 255 290 887 1067 1251
1459 212 345 389 592 852 919 1019 1229 1417 1597 1743 1949 1995
1515 957 1234
1982 84 183 238 447 550 756 1099 1261 1265
1999 953 957 976 991 1361 1690
703 154 415 772 1140 1232 1354 1370 1534
815 97 335 1130 1281 1351
923 372 541 854 1105 1248 1438 1447 1758 1770
1810 106 323 335 720 1095 1257 1659
1874 253 272 818 1063 1283 1720
84 567 851 1124 1357 1496 1573 1851
567 503 1329 1737 1757
851 461 794 814 898 1025 1224 1240
1124 105 111 811 1286 1914 1963
1357 189 249 344 730 1006 1294 1786 1813
1496 362 453 510 976 1157 1248 1450
1573 772 878 1451 1477 1630
1851 94 690 721 1130 1503
85 266 296 450 464 506 509 777 899 1287 1526 1634
266 163 433 608 1054 1057 1427 1616 1684 1704 1818 1896 1957 1973
296 510 856 1267 1414 1458
450 196 580 1030 1486 1493 1597 1849
464 405 541 1396 1399 1499 1512 1708 1924
506 230 317 732 1139 1218 1404 1435 1458
509 192 364 828 975 1658 1914
777 105 499 746 958 1043 1212 1339 1551 1590 1634 1790
899 349 359 775 1350 1461
1287 570 1135 1301 1446
1526 410 638 654 1045 1123 1131
1634 407 677 802 1303 1729
227 187 377 713 1128 1365 1659 1720 1882 1990
987 468 541 791 792 814 849 1101 1261 1265 1294 1370 1581 1718 1961
1000 95 225 411 545 791 962 963 997 1060 1355 1391 1493 1622 1803 1893
1224 245 959 1531
267 268 739 1104 1141 1213 1399 1791 1920
293 548 981 1205 1213 1243 1454
1162 627 949 1828
1401 183 206 576 1730 1956
1467 1750 1816
1581 163 340 781 1031 1128 1445 1468 1531 1719
1882 324 570 1436 1531
88 273 481 543 802 1024 1229 1405 1447 1534 1540 1790 1795
273 1130 1225 1568 1624 1834
481 253 661 1198 1288 1588
543 94 977 1063 1365 1485
802 803 870 1290 1558 1773 1789
1024 405 410 551 596 988 997 1545 1591 1627
1229 276 294 369 734 1260 1404 1549 1662 1773
1405 473 1362 1422
1447 112 346 442 775 786 913 946 1184 1361 1370 1389 1672 1841 1849
1534 225 297 532 946 1014 1067 1207 1258 1323 1377 1757
1540 139 982 1207 1389 1403 1465 1754
1790 176 849
1795 285 693 1192 1239 1596 1887
164 404 1216 1314 1788 1924
1250 349 1147 1216 1354 1772
1290 537 653
1627 272 453 598 652 947 1264 1417
1710 807 1031 1042 1234 1582 1983
1723 919 1022 1529 1558
893 275 359 1791 1804 1896
1731 163 210 285 462 480 932 1186 1417
1924 965 982 1074 1104 1349 1535
231 255 264 558 600 1351 1616
345 606 1203 1545 1753 1766
439 271 408 1264 1327 1336 1373 1630 1646 1856
662 154 340 451 1041 1303
1441 489 592 825 1128 1184 1685
1574 408 425 854 922 1279 1350
1677 473 702 880 972 1279 1307 1363 1403 1635 1715
1755 618 933 1344 1614 1737 1818 1853
1847 144 280 315 963 977 1240 1326 1377
92 249 332 806 866 1328 1362 1603
249 470 1449 1607 1616
332 225 593 752 811 946 1096 1472 1597 1763
806 108 210 584 1031 1085 1404 1621 1642
866 323 601 811 957 1813
1328 161 776 1105 1558 1621 1754
1362 333 600 1042 1967
1603 405 444 577 881 1266 1564 1987
93 238 733 854 1235 1645 1789
238 575 1350 1727 1834
733 1001 1043 1342 1371 1681 1887 1911
854 518 752 1095 1372 1487 1549 1884
1235 216 550 845 1370 1718 1861
1645 324 566 1716 1830
1789 640 712 873 1503 1913
94 103 205 253 574 805 1266 1273 1576 1658 1930
103 407 1155 1371 1614 1655 1854
205 444 524 765 786 1019 1663
253 144 295 399 442 606 883 894 1366 1404 1741
574 150 601 768 862 1311 1562 1651 1889
805 640
1266 364 532 569 873 1095 1715
1273 183 280 1884 1887 1965
1576 173 192 363 538 603 898 1403 1536 1601 1616 1799 1838 1933
1658 216 412 686 741 956 1490 1505 1933
1930 137 176 200 545 577 730 959 1329 1463 1660 1668 1761
95 153 180 442 614 735 1101 1289 1301 1458 1582
153 139 264 405 418 440 654 845 937 964 1255 1300 1376 1633
180 364 1038 1208 1289 1737 1887
442 281 537 1131 1426 1886
614 283 1311 1535
735 292 335 948 1049 1085 1137 1264 1616 1835 1983
1101 743 1165 1329 1804
1289 674 936 1342 1559 1903
1301 264 534 596 1052 1360 1505
1458 193 441 1585 1643 1680
1582 350 541 575 641 949 1323 1339 1354 1360 1386 1448 1583
96 170 201 514 547 1680
170 186 518 920 1212 1596 1743 1778 1871
201 255 988 1373
514 313 523 672 755 947 1057 1738 1892 1928
547 681 969 997 1537 1633 1758
1680 130 768 840 919 1614 1719
97 136 601 1451
136 532 1281 1502 1512
601 285 512 732
1451 146 174 1689
98 272 426 462 548 860 1360 1716 1949
272 150 850 1403 1863 1973
426 210 333 353 627 812 1251 1420 1684 1735 1739 1861 1932
462 524 719 743 993 1157 1377 1468
548 308 363 575 616 930 934 955 1078 1311 1621
860 115 315 447 545 972 1038 1067 1655 1983
1360 308 593 600 796 881 991 1342 1477 1994
1716 434 743 1326 1461 1956 1973
1949 377 632 1042 1770 1833
596 440 487 580 1642 1889
922 545 746 757 856 1033 1096 1344 1785
955 796 1064 1446 1674
1531 221 460 492 786 975 1057 1084 1313 1370 1933
1590 410 470 597 1072 1773
1664 150 284 447 541 949 1074 1303 1368 1555 1569 1779
1785 128 581 1454 1818
1849 408 739 1386 1804
1888 821 1022 1147
100 245 956 1130 1286
245
956 269 742 1762
1130 531 1105 1827 1911 1912
1286 112 792 819 900 1033 1122 1139
855 518 606 1230 1396
1085 340 1001 1265 1384 1449 1646 1761
1096 284 346 408 447 455 671 878 1607 1821
1468 317 948 976 1163 1435 1674 1863
1718 887 947 1140 1145 1444
117 598 1160 1346 1693 1953
139 174 404 1160 1288 1601 1763
723 144 146 792 812 1046 1099 1607
732 362 895 1152 1368 1524 1527 1537 1583
881 176 186 608 991 993 1105 1140 1651 1783
1327 264 444 606 839
1781 528 665 981 1073 1255 1396 1502 1530 1559 1739
407 741 803 972 1015 1491 1741 1960
1155 206 323 1006 1251 1365 1386 1754 1762 1899
1371 196 280 524 938 1120 1569
1614 822 981 1487 1761 1883
1655 359 605 745 1288 1407 1535 1786 1828 1839
1854 108 411 598 1163 1417 1630 1828
104 129 161 343 606 994 1006 1113 1135 1255 1535 1964
129 605 850 1361 1436 1659 1698
161 105 542 969 1036 1064
343 185 339 690 725 756 966 1046
606 222 244 399 632 873 1248 1260 1446 1566 1585
994 292 1131 1314 1339 1340
1006 173 623 839 1078 1715
1113 337 1060 1072 1824
1135 154 174 351 360 781 1204 1804 1961
1255 584 1025 1470 1973
1535 222 709 798 1158 1313 1449 1853 1861
1964 317 333 434 528 536 776 1082 1140 1376 1654 1988
105 641 661 1043 1117 1368 1591 1839 1948
641 225 852 938 1012 1981 1990
661 405 470 936 1139 1198 1386 1728 1753
1043 353 551 1427
1117 133 186 444 568 736 883 966 1023 1025 1676
1368 220 406 682 1023
1591 189 444 828 1030 1145 1487 1606
1839 229 359 433 765 930 975 1414
1948 150 285 415 550 607 999 1058 1311 1527 1618 1696
106 512 822 1064 1140 1186 1391
512 608 689 742 1128 1477
822 534 1344 1487
1064 511 534 571 1346
1140 1067
1186 144 290 364 612 808 1212 1742 1821 1960
1391 255 297 932 1772
749 716 1216 1529 1583 1689 1827 1871
878 404 1137 1690 1887
1372 196 317 444 479 870 1027 1566 1802 1830 1963
1449 489 700 1169 1827
1461 276 1120 1430 1690 1719
1914 1349 1527 1549 1689 1719
108 221 290 1383 1626 1684 1732 1760 1772 1853 1920
221 360 828 1264 1477 1624
290 144 211 479 794 1144 1637 1760 1955
1383 352 643 843 947 965 982 1323 1410 1457 1536
1626 632 691 845 988 1258 1450 1769 1834
1684 317 425 452 575 948 950 1015 1149 1583
1732 652 818 821 1149 1495 1956
1760 333 772 1077 1829 1834
1772 193 431 589 696 699 897 1031
1853 186 256 373 499 624 993 1344 1348 1876
1920 226 511 1533
109 189 682 1323 1566 1742
189 150 627 633 696 765 1213 1249 1693
682 498 598 616 672 880 1095 1165 1288 1912
1323 528 1373 1786
1566 487 746 1158 1465 1578 1651
1742 220 352 603 740 930 1171 1340 1373 1861 1971
390 111 353 846 1445 1588 1766
472 524 1442 1770 1918
880 699 1044 1057 1166 1675
1295 222 369 972 1502 1887
1495 154 963 1344 1616
1558 229 870 1386 1597
1621 503 862 1324 1444 1493 1618 1838
1799 186 346 411 428 452 589 1715 1938
111 776 846 960 1324 1442 1533
776 173 1160
846 337 340 826 948 1041 1436
960 495 550 799 948 1307 1482 1672 1708
1324 593 734 812 900 1123 1276 1311 1414 1470 1827
1442 612 718 999
1533 225 259 1477 1642 1890
112 324 443 536 598 825 1408 1893 1899
324 652 947 964 1088 1318 1698
443 193 385 497 597 603 1267 1279 1734 1766
536 156 348 475 741 745 831 1120 1157 1347 1861
598 133 344 686 1057 1318 1938
825 584 712 1373 1417 1612 1931
1408 741 999 1189
1893 709 718 988 1204 1477 1737 1813
1899 318 652 929 1208 1345 1499 1545 1862
114 616 897 1316 1512
308 317 492 603 638 730 1463 1564
831 523 826 830 1083 1313 1346 1347
1072 176 348 794 906 1115 1465
1218 269 435 786 843 856 1316 1672 1884 1987
1355 256 686 696 795 862 1047 1120
1361 571 1099 1230 1738
1783 523 603 612 873 966 1197 1569
1861 693 915 1730
616 643 674 1777
897 818 1012 1633 1639
1316 295 786 849 1435 1436 1956 1995
1512 154 433 643 850 1444 1729
115 360 772 939 1318 1404 1537
360 163 1427 1487 1662 1750
772 716 741 944 1084 1258
939 461 807 830 1463 1862
1318 281 315 392 399 551 944 1437 1562
1404 295 624 709 1230 1730 1805
1537 268 575 765 981 1165
1147 531 877 1692 1738
1639 1288 1300 1601 1754 1931
1160 982 1153 1189 1281 1981
1346 203 216 280 519 1216 1228 1233 1448 1530
1693 415 461 537 592 1578
1953 687 1249 1334 1918
478 255 1279 1393 1554 1597 1833
1294 127 146 195 589 597 640 654 696 920 1037 1044 1834
1642 554 1314
1791 1502 1811
1983 453 636
475 211 447 826 873 1049 1261 1389 1417 1805 1883
1555 200 434 523 577 765 933 1365 1398 1779 1912
1663 276 284 335 850 1055 1279 1437 1692
1737 808 949 1073 1213 1228 1342
1758 194 271 581 658 948 1887
120 392 461 1204 1348
392 428 888
461 755 1204
1204 350 580 581 709 1198
1348 369 460 913 1264 1419 1435
689 340 571 808 915 953 1031 1339 1734 1841
700 1545 1651 1828
819 206 294 351 510 850 933 947 1217 1788 1827
888 291 295 839 1342
1025 1037 1617 1741
1205 259 1044 1057 1073 1104 1265 1277 1450 1485 1829
1698 593 1502 1770 1804 1911
1872 364 603 946 1267 1624 1821
295 222 269 352 827 1001 1276 1279 1588 1631 1635 1637 1956
1088 259 337 1620 1631 1884
1511 718 1258 1384 1829 1879 1889
1686 1961
1834 532 652 1334 1837 1876
186 364 638 1336 1912
348 693 799 1049 1307 1675 1912
713 957 981 1170 1314 1749
792 349 633 1342
807 275 1169 1203 1493 1583 1622 1946
1012 1230
1438 128 532 652 1359
677 283 618 985 1410 1764 1828
1646 719 1084 1234
125 150 169 473 1322 1950
150 317 335 534 818 1472 1741 1816
169 130 470 480 920 1463
473 173 959 1607 1912
1322 1334 1486 1887
1950 373 425 947 1389 1399 1643
558 256 795 1415 1551 1579 1955
673 411 437 503 913 1228 1344 1384 1426 1778 1887
839 130 499 519 934 1344
906 144 156 828
948 222 1077 1232 1665
1363 890 1217 1257 1339 1351
1965 225 699 736 768 818 1485 1892
127 216 457 991 1149 1932
216 275 583 1370 1715 1779
457 794 1240 1926
991 718 821 1212 1545 1761 1818 1856
1149 337 1166 1300 1862
1932 968 977 1249 1617
128 318 1058
318 183 225 1568 1618 1734
1058 607 721 808 1022 1170 1403 1761 1776
605 411 913 1283
850 551 603 988 1011 1174 1207
1436 1041 1448 1454
1659 537 1078 1444
130 531 538 627 920 1257 1279 1359 1446 1635
531 244 313 350 369 541 556 1115 1156 1334 1415
538 495 607 679 756 887 1450 1933
627 340 638 794 1612 1955
920 156 1132 1821
1257 525 1044 1083 1131
1279 144 562 1239 1643 1865 1903
1359 222 352 658 830 1198 1230 1676 1778
1446 712 999 1144 1365
1635 581 795 796 1110 1216 1393
311 276 969 1128 1283 1314 1334
959 420 511 698 1189 1884
1240 294 437 444 534 589 679 1105 1366 1508 1734
1530 742 800 814 975
1957 755 895 1019 1023
425 174 350 687 1099 1216
643 597 781 812 1403 1761 1992
712 624 1036 1376 1457 1597 1776
1153
1824 830 968 1276 1741 1762
133 146 259 406 593 768 975 1554 1936
146 1802 1896
259 603 799 1300 1350 1578
406 328 877 1067 1207 1234 1606
593 144 451 534 632 1095 1553 1633 1654
768 499 1668 1757
975 752 1184 1465 1961
1554 350 597 1014
1936 226 681 965 1463 1482 1730
350 623 1037 1288 1887
369 280 1152
597 194 281 313 576 808 818 1258 1579 1963
803 1396 1892 1938 1945
828 550 575 894 1491 1508 1884 1918
1174 415 470 862 1014 1078
1267 685 898 1955
1579 317 968 1585 1588
1606 968 1365 1945
435 364 781 856 1889 1931
495 211 1044 1578
1616 418 571 698 883 919 1015 1073 1960
1708 452 775 800 1001 1166 1329 1365 1630 1770
532 492 566 581 1104
1281 1067 1276 1960
1502 264 551 577 883 1339
137 1283 1351 1597 1692
1283 185 362 932 1631 1961
1351 333 576 603 672 830 1313 1536 1821
1597 196 412 455 600 852 887 1249 1617 1988
1692 674 740 936 1120 1376 1892
1123 466 568 1349
1163 600 965 1023 1145 1342 1349 1491
1216 225 229 434 551 1672
1276 229 236 1719
1354 743 818 985
1417 337 385 525 1106 1173 1545
1444 364 1300 1332 1415
1601 566 1261 1739 1802
174 264 385 521 1165 1862 1955
404 1762
1288 849 1060 1171
1763 460 1278
1038 255 1045 1055 1410 1505 1770
1251 999 1015
1350 541 799 997 1023 1508 1838
1585 428 453 826 929 1132
1741 362 849 856 969 1764 1955
142 225 632 653 1037
225 372 487 709 1114 1334 1509 1818
632 554 1073 1505 1883
653 1508
1037 206 568 741 1384 1896
335 487 690 1766 1960 1995
739 291 765 873 1643
1249 742 812
1260 346 674 1063 1213
1482 431 1042 1470 1896 1911
144 958 1128 1291 1396 1955
958 1230 1903
1128 183 352 428 1041 1971
1291 192 743 890 1084 1739 1805 1995
1396 433 873 965 977 1356 1689 1863 1963
1955 271 363 364 497
775 503 1122 1169
849 405 510 607 1704 1803 1835
1503 349 518 569 818 827 1377
1505 489 702 1764
1529 982 1311 1709 1862
1685 936 1863 1963
1802 654 698 981 1047 1122 1624 1886
1896 470 1052 1313
470 883 1063 1110 1157 1311 1377 1403 1654 1675 1764 1837
919 337 480 511 877 1559 1569 1743 1928
953 681 877 1044 1559 1568 1668
1336 489 537 1430 1448 1805 1838 1961
1956 156 389 1419
193 156
1340 283 328 518 766 873 997 1225
1477 479 575 811
1987 264 556 826 1208 1258 1827 1841
566 460 519 1384 1450 1654 1727 1886
1027 1239 1393
1373 452 455 794 1300 1778 1903
1463 362 633 725 827 1011 1278 1618 1739
1551 607 840 1157 1184 1753
317 523 571
534 411 618 981
818 640 671
1472 275 1821
1816 746 964 1044 1110 1485
580 372 932 1490 1926
1524 782 932 981 1165 1169 1230 1303 1553 1776 1862
1643 934 977 1228 1743 1886
1047 581 718 1115
1248 284 938 1052 1415 1622 1811
1715 244 1022 1719
1753 276 946 1314 1399 1871
264 196 781 972 1049 1054 1509 1545 1728
405 976 1044 1488 1754 1984
418 497 937 1031 1750 1981
440 222 972 1490
654 933 1730
845 489 1173 1228 1427
937 337 411 453 521 1033 1889
964 156 725 1022 1485
1300 895 1264 1704
1376 730 1365
1633 556 1083 1588
154 176 936
176 679 709 840 1132 1488 1818 1971
936 328 433 447 550 623 988 1171 1617 1704
511 1694
898 408 410 811 1779
965 431 1729 1883 1939
1228 315 480 756 1375 1856 1884
1430 542 781 1314 1811
1437 192 255 434 691 745 800 827 1063 1622
1470 550 746 895 1015 1057 1696 1738
156 328 518 1060 1115 1833
328 389 584 1344 1607 1945
518 412 1261 1448 1738
1060 932
1115 507 575 698 757 1769 1900
1833 220 946 1384 1776
275 344 972
699 1082 1311 1349 1654 1931
1243 211 363 665 720
1370 453 1166 1230 1903
1490 344 489 1314 1704
1345 709 827 1055 1414 1509 1879 1971
576 411 640 809 1145
1303 434 734 856 1884
1410 203 1769
1735 957 1213 1407
542 781 981 1694 1827
969 607 968 1777 1963
1036 269 1042 1217 1837
203 280 1622
281 856 887 890 1334 1903
981 210 720 1788
163 1170 1694
1170 672 1871
1694 523 702
1314 340 420 1607
1788 377 1398 1734 1838
389 194 691 947 1773
525 185 297 809 997 1553 1668 1928
702 950 1083 1764
830 862 993 1022 1321
1620 592 852 894 1815 1890
1631 1887
624 294 799 1399 1440 1971
740 1399
1233 545 570 577 997 1709
1961 292 581 1375
1407 183 883
568 349 1261 1366
623 551 600 976 1588 1912
755 607 1114 1709 1720 1778 1994
862 510 716 944 966 1728
480 799 988 1399 1618 1838
1212 444 554 814 929 1078
1596 363 719 736 1776
1743 339 972 1474 1778
1778 709 870 1105
1871 745 934 1077
226 1074 1307 1651 1681
468 686 1334 1837
798 752 950
877 528 988 1332 1588 1995
999 349 385 719 1654 1995
1030 399 583 1057 1398
1099 503 812
212 200 268 1339 1624
173 285 550 1332 1622 1675
285 411 1508
550 696 1422
1332 997 1660 1804
1622 315 1104 1278 1607 1892
1675 352 528 1145 1278 1911
385 1493
521 814 873 1349 1967
1165 333 658
1862 658 1078 1158
362 420 503 766 1435
679 206 1049 1879
944 686 1488 1811 1933
1988 284 1399 1440
709 977 1696
840
1132 363 420 887 1158 1366 1509
1488 363 766 1660
1818 236 269 431 497 592 1277 1389
1971 800 811 1630
730 929 1173
1208 972 1757
1261 283 640 693 968 1114 1265 1672 1876
351 1158 1612
693 1001 1569 1967
271 373 890 1457 1730
1485 420 1769 1967
1729 1938
364 873 1019 1122 1131
1887 1399 1690 1944
757 1612 1704
1329 1841 1928
507 196 255 283 420 843 930 1399 1654
1562 1509 1536 1967
1676 589 1217 1754 1766
1689 408 752 811 993 1347 1440 1786 1913
1719 1445
1730 297 607 781 856 1264 1450
1912 333 972
183 479 589 687 786
479 333 1856
589 1883
687 1055 1366
786 551 1213
887 545
1173 229 315
1311 950 1052 1435 1967
1835 795 1046 1239 1728 1918
185 583 618 1486 1811
583 985 1704
618 222 333 352 545 856
1486 523 821 1933
1811 856 1568
638 1213 1769
187 988 1213 1474
988 244 982 1264
1213 344 674 765 791 962 1145
1474 1668
603 1041 1349 1399 1427
1415 206 1473 1618
1487 1184 1393 1830
633 447 541 795 1139 1192 1762
696 894
765 255 1377
346 1077 1166 1445
672 743 1225 1607
1536 244 1509
1704 1232 1349
206 1803 1827
492 718
690 444 736 812 932
1738 211 894 950
1777 1344
192 1014 1967
1014 431 685 968 1046 1077 1105 1110
1967 1339
194 339 519 1106 1499
339 640 1141 1762 1918
519 1054
1106 377 843
1499 1141 1668
195 292 455 665 1011 1023 1696 1728
292 229 1344 1665 1945
455 229 671 681
665 795
1011 256 1104 1414
1023 210 372 528 1217 1938
1696 736 1583 1805
1728 636 1084 1668 1674 1830
196 894 1913
894 1928
1913 843 870 1258
985 276 452
1265 323 746 1939
1813 453
1841 674 1225 1665
498 745 812 933 1073 1074 1157 1681
1660 562 746
1990 752 1207
200
255 210 736
280 230 997
313 373 551 1349
353 244 523 556 569 743 1414 1588 1681
1347 826 1120 1339 1815
444 210 1342 1389 1786
524 316 1420 1821
1019 883 938 1207 1377 1992
1803 827
1827 1045 1549
487 333 523 1057 1145 1313 1403 1995
571 1944
1156 352 499
1727 1084 1184 1414 1981
372 399
1607
1739 934 966 1422 1559
210 1837
1837 1055 1137 1169
211 719 883 1022 1184 1435 1568
719
883 283 1197 1339 1349
1022 691 1307 1569 1754
1184 1665 1903
1435 349 1393
1568 782
268 1083 1144 1398
1339 1419
1624 344 1342 1454 1884
373
575 340 1720
1584 230 333 718 929 1334 1583
1779 431 434 607
410 581 934 1764
528 685 746 1145
220 1757 1815 1890 1900
1757 1321
1815
1890 554 742
1900 489
1264 1008 1110 1139
222 523 808 966 1232
523 691
808 852 949 1440
966 1375
1232 977
1055 337 809 930 982 1665
1074 1681
1662 340 420 821 1044
1681 1637
1114
1334
1509 230 1559 1750
1307
1651 256 294 938 1073
377 734
1365 541
1720
229 451 1278
451 236 1838
1278 1166
230 333 741 782
333 1073 1152 1234 1821
741 412 1473
782 1583 1892
600 652 1207
766 592 1828
873 1198 1375 1399
1110 399 1398
1239 1549
1994 743 930 1911
323 297
1054 982 1450 1465
1879
1926 569
1884 736
236 352 1166
352 1189
1166 447 1008 1356 1769 1973
752 963
1033 1583 1946
1938 441 1493
256 412 489 1144 1883
930 658 1426
1549 900 1630 1992
1709 1668
1903 1057 1491
244 1608 1886
510 581 1230
1384 584 671 781 972 1828
949 1776
420 1448
1450 1389 1750
1608 503 796 962
1886 1960
411 283 431 592 681 791 1169 1769
1078 592 1326
441 433 1077 1838
466 283 1665
946 433
1198 452 1508 1668
1630 460 826 1366 1805 1918
1856 1171
1015 812 870 1077
497 640 976
1144 284 674 1734
399 1876
1366 721 1403
1321 316 1234 1342
1527 1042 1386 1829
1945 721 742 1545 1690
736 612 933
412 1082
489 315 537 799
1883 1984
499 685 800 993 1876
1588 556 1911
1766 1073
799 1139 1389 1445 1931
1578 340 821
545 1169
932 562 608 1326
1618 852 972 1749
1939 433 636 716 1052
636 827 1084
1863 447 1419
681 284 554 781 1313
976 577 1277 1559 1672
1234 291 556 997 1665
1426 1258
1838
781 447 1427
972 1197
1049
1545 537 1465
1493 962 1403
433 592 1786
608 718 1258
1057
1427 1083 1973
1973 269 718 1377
1104 1189
1141
1399
1083 316
1398 963
269 437 640
437
640 1665
554
968 1067 1171
890 428 826 915
1457 1984
1403 652 997
1225
1344 1082 1445 1465
1491 537 541 581 929 993
344 1389
276 1258 1821
1258 686 1045
1821 671 811 947 997 1207
814 895 1041 1911
1804
1637 821 1992
997 460 1073
856 938 1981
283 913 963
913 1137
963 1889
284
1508 1001
1445 316 1041
1889 607
812 745 1928
794 570 1105 1448
291
1665 541 1001 1749
1454 742
294 592
592 1805
827 1617
1001 551 1137
1414 1750
297 686 895
686 1131 1992
895
743
809
993 691
1654 698
1084 408 1313
1933 537 1749 1992
447 962 1754
756
1377
938 1063 1230
1152
1559
1564 716 1169
1349
340 1139
852
1786 1207
551 982 1120 1145
315 1207
1207 742 1169 1918
316 452 745 1203
452 1473 1750
745 1375
1203
1734
934 843
1672 1931 1944
671
977 1946
1326 967 1754
1761 1764 1865
1583 982 1393
652 791
947 800 1192 1230
1171 1984
584 1992
1386 698 1356
685
1192 349 870 1157
811 415 791 1042 1750
1073
1960 1762
1995
1754 1356
337 1393
1393 982
1762 1389
1918 569 826
1139 453
725 795 1313
1046 1944
1389 363 915
1077 1828
1981 569 1122
349 1931
1931 428 1674
1158 541 1131
1612 363 957 1876
1189 1095 1145 1911
556 742 1122
569
1063 1095 1674
1928
577 967
982 826
1105
359 933
933 1041
1750 929
503
363
1122 562 716
1131 698 1944
1045
1095 1052
607 1690
1569 541
734 1963
1067
1277
1422 460
870
434 720 1690 1776
1764 795
1120
746
691 1992
1773 1197
428 1052
826 1145
1041
1448 1052
1230 1042
541 1865
1145 1356
1876
800 1342
742 843
1553 1082
1668
1674
1044
1984
408 453 1008
453
1008
581
431 962 1137 1473
791
1169
1769 1082
1082
929 415
962
1313
415 1465
1465
1031
537
957
1420
1830
1052
721
1137
1473 1375
720
1690
1776
698
1342
795 1770
1157
460
1042
1770
1805
658
843
718
1944
612
1749 570
1829
1892
562
1963
1865 900
821
1440
570 716
716
967
1992 796
1828
915
674
1356
1911
1197
1946
950
796
1375
1217
1617
1419
900
