0 51 104 149 205 215 336 449 469
51 3 82 83 99 135 227 275 283 307 423 488
104 29 56 75 146 203 204 244 341 429 469
149 59 113 185 193 210 216 266 268 339 348 427 469
205 140 182 188 272 350 373 418 454 461
215 7 46 92 126 197 292 295 318 488
336 28 128 152 159 481
449 16 145 166 172 187 201 221 250 254 367 410 474
469 66 136 144 216 247 323 445 488
1 10 48 56 73 100 168 171 235 263 267 355 384 401 429 468 492
10 95 312 368 390 497
48 72 88 135 142 206 216 240 242 244 288 318 330 416 442
56 53 67 76 87 95 120 159 196 238 375 392 403 471
73 173 184 216 286 403 430 442 499
100 174 201 328 404
168 91 98 242 248 291 292 305 323 392 443
171 33 84 133 359 405
235 2 50 244 266 303 354 417 447 458 490
263 62 81 109 137 192
267 72 90 110 123 189 255 380 392
355 15 248 249 379
384 19 57 297 411 430
401 129 131 147 158 162 230 406 445 458
429 8 23 140 273 275 331 337 464
468 31 32 60 180 316 372 453
492 12 99 257 274 357 465 476
2 24 72 154 173 213
24 38 114 195 226 242 287 339 454
72 65 274 440
154 19 61 150 186 306 308 389
173 42 47 91 143 150 248 408
213 43 59 146 162 200 219 252 337 342 373 444
3 11 59 162 196 199 223 248 348 415 458
11 19 114 153 157 211 241 270 317 403 478
59 66 117 137 167 303 377
162 9 49 108 177 228 250 275 328 339 425 427 451
196 63 103 129 193 207 241 265 316 364 377 379 411 421
199 86 96 105 112 211 314
223 14 44 57 64 114 132 160 300 382 431
248 29 413 481
348 12 15 216 260 317 442 486
415 55 137 158 179 226 284 491
458 42 195 197 245 283 308 338
4 113 143 180 197 222 394
113 57 116 119 150 220 264 296
143 41 217 295 321 356 490
180 13 133 182 242 337 369 371
197 81 93 170 202 212 319 325
222 29 62 64 70 181 254 344
394 6 27 269 298 307 310 462
5 41 91 165 176 322 365 396 491
41 31 68 114 265 283 296 373
91 49 111 122 227 250 271 276 344 395
165 80 89 169 285 298 445
176 19 98 167 232 419
322 18 39 102 123 128 310 314 335 377 424 442 447 481
365 16 50 114 152 231 242 253 266 296 313 396 433 460 488
396 6 95 118 251
491 8 157 174 190 224 303 307 328 361
6 256 306 382 397
256 50 90 118 147 151 195 347 376 478 480
306 7 137 266 334 445
382 82 93 99 105 122 133 204 231 371 424 425
397 164 206 344 367 479 481
7 32 130 152 241 288 320 323 330 377
32 18 69 90 96 144 218 275 360 371 445
130 31 179 219 289
152 86 234 270 354 411
241 67 233 282 448 488
288 28 166 410
320 77 80 178 274 292 333 447
323 57 116 270 276 436
330 15 49 58 79 141 148 498
377 8 94 359 361 376 455
8 26 121 140 147 167 243 376 410 427
26 46 86 182 335 470
121 28 102 146 277 402 425
140 335
147 71 227 290 372 417
167 239 307 324
243 21 189 281 305
376 372 392 464
410 40 208 212 246 277 295 302 321 364
427 74 93 95 102 153 157 208 479 480
9 42 109 177 264 270 274 310 386 400 421 426 438
42 39 40 49 96 313 345 411 444 485 489
109 31 78 145 233 239 284 326
177 25 94 101 117 164 187 206 293 358 420
264 144 151 170 217 402 451
270 22 55 60 142 361
274 166 170 216 225 226 284 318 494
310 20 36 43 120 289 393 484
386 57 110 238 242 328 392 409 440
400 12 21 98 134 135 155 293 380 383 392 420 421 445
421 203 216 438 456
426 96 153 244 255 289 375 420 493
438 36 52 137 166 251 370 371
95 37 49 94 170 259 350 408 425
312 22 71 87 156
368 184 216 357 439
390 198 286 366 375
497 75 157 174 340 378 387 462
19 96 181 228 281 339 391
114 424 463 475
153 15 87 117 134 239 262 371 419 475
157 13 225 249 318 413
211 68 194 290 299 329 338 456
317 253 476
403 15 25 77 216 362 380 389 482
478 158 198 233 361 420
12 139 244 245 334 402 434 483
139 431 435
244 34 53 202 318 471
245 58 148 257 385 399 433 463
334 138 184 251 275 484 498
402 39 132 137 142 329 358 370 462 470
434 101 379 493
483 119 123 294 349 358 411 430 432
13 30 70 97 125 231 477
30 105 186 193 198 268 316 356 418
70 38 128 151 185 272 308 338 350 395 470
97 79 81 123 242
125 190 227 278 279 280 391 413 422 435
231 62 78 200
477 31 106 170 407 441
14 89 189 321 408
89 131 175 178 181 201 230 305 356 370 424
189 195 207 240 302 303 392 424 487
321 69 107 160 247 286 339 428
408 25 45 135 373
15 52 78 158 172 234 258 290 324 338 370 374 444
52 316 340 413
78 151 230 414 450
158 195 247 253 276 420 462 485
172 145 191 203 236 314 327
234 54 163 169 345 350 414 437
258 65 87 292 303 326 344
290 21 94 239 273 329 333
324 36 146 193 206 309 327 462
338 96 161 186 257 265
370 249 339 419 431 471
374 103 120 182 261 269 372
444 179 247 253 260 283 436
16 58 169 202 220 499
58 257 412
169 101 265 292
202 31 67 115 302 346 372
220 88 102 145 182 280 360
499 54 87 191 282 298 366 416 446
17 31 74 112 117 141 228 342 465
31 43 115 219 269 319 412 441
74 69 122 269 418
112 53 105 405
117 35 144 170 309 366 473 490
141 22 77 115 127 159 275 301 399
228 155 385 460
342 254 262 367 375
465 138 301 302 327 344 375
18 39 105 160 250 277 281 287 364 451
39 49 85 218 337 433 489
105 111 328 441
160 27 76 87 129 239 268 373 436
250 50 68 179 369
277 69 120 193 327 352 393 476 480 490
281 25 69 278 305 436 461 476
287 22 53 146 161
364 46 88 214 246 313 315 366 380
451 119 275 311 430
96 29 178 325 346 399 482
181 146 175 339 351 383
339 92 142 300 301 471
391 86 207 331 343 392
20 71 301 318 319 452 470
71 299 307 340 372 409 452
301 22 442
318 61 134 179 279 498
319 29 102 135 185 219 242 366 406
452 46 53 155 159 233 332 363
470 69 193 216 411
21 66 99 265 335
66 87 150 225 286
99 34 156 201 388
265 64 293 381 453 486 498
335 216 304 331 441 475
22 34 239 254 299 309 432 487
34 25 135 138 286 392
239 64 85 87 135 174 276 393 456
254 57 85 261 333 443 475
299 261 308 447
309 29 45 159 375 456 486
432 80 146 411 412
487 190 344 363 471
23 81 190 286 498
81 175
190 40 60 200 255 297 343
286 110 216 249 268 295 352 354 380 448
498 54 144 192 238 262 422
38 106 132 170 297 455
195 123 179 186 280 307 313 392 476
226 90 155 200
242 166 405 418 460 473
454 187 284 353 399
25 203 422 436 466
203 146 185 296 345
422 229 259 345 446
436 80 120 178 207 358 486
466 122 186 204 257
46 156 192 193 233 358 389 393 475
86 68 219 271 353
182 88 161 260 303
27 28 423 473 489
28 420 464 480
423 476
473 302 456
489 33 218
420 40 249 251 460
464 229 251
480 49 212 227 229 237 328 409
29 82 87 131 156 188 349 448
82 37 184 304 360 387
87 50 102 170 175 253 459 462
131 67 253 359 455
156 85 255
188 194 260 305 439 488
349 77 106 361 362 375
448 127 212 380 437 475
186 159 210 249 495
193 64 233 251 325 409 439
198 164 350 366 411 437
268 128 137 151 313
316 194 214
356 60 129 159 194 252 447
418 178 233 431
43 79 407
115 75 138
219 204 232 255
269 108 308 333 459 472 485
412 88 98 120 343 443
441 67 129 132 137 325
69 249 416
90 50 315 367 462
144 150 272 494
218 36 110 379 496
275 225 283 351
360 247 259 276 341 344
371 63
445 279 424
33 57 134 345 495
57 64 207 261 398 495
134 40 111 136 262 440
345 164 414
495 67 159 187 262 341
135 93 230 304 363
138 116 276 300 333 405 411 493
392 311 443 460
35 45 148 315 354 375 385
45 49 206 424 439
148 76 411
315
354 291 431 482
375 224 298 329 341
385 47 253 361 459
36 201 238 280 372
201 54 77 129 212 378 433
238 259 430 450
280 62 76 192 419 493
372 84 116 120 166 261 314 411 481
37 133 369
133 77 111 212 236 308
369 194 216 247 442 457 493
106 184 216 367
132
170 60 62 68 79 337
297 155 246
455 124 249 361 433
49 77 200 472
85 118 137 240 308 328
337 83 209 344 379
433 155 260 266 405
40 450
450 101 129 463
68 174 383 484 488
283 101 307 328 437
296 285 325
373 98 150 204 393
313 395 442 479
411 101 300 302 399 476 493
485 61 185 217 262 490
79 192 233 289 419
407 227 387 416 461
44 63 151 185 225 404
63 123 126 271
151 175 381
185 209 340 460 462 488
225 303 344 367 475
404 271 388 493
206 77 108 232 380 471
424 53 166 326 475 486
439 161 307
192 142 279
233 122 260 344 482
358 278 362 431
389 308 378
393 155 304 456
475 232 278
47 84 127 224 366
84 124 126 174
127 272 440
224 159 298
366 272 327 430
88 255 305
142 122 443 447
216 54 80 217 304 472 490
240 64 253
416 80 271 285 351
442 111 124
77 187
200 395
472 305 486
50 161 395
161 107 232 333
395 116 159
83 259 314 344
227 75 93 292 378 398 431
307
488 204 232
340 53 207
413 65 75 295 351 381
53 111 116 482
111 257 332
116 236 346
482 128 146
54 75 259 378 440
75 61 463
259
378
440 361 398
55 183
183 118 343 460 494
67
76 118 123 456
120 108 387
159 187 363
471 124 164 230 326 333 405
64
207 174 291
261 155 459 461
398
257 262 276 493
137 60 62 164 278 295 329
303
60
61 230 271 476
230 136 179 295 302 311
271 214 311 359 380 474
476 279
62 98
98 204 262
123 357 363 431 474
126
65
150 308
174 272 419
383 210 347
484 437
249 262
128
272 155
308 260 311 329 333
350 194
409 146 346 457
184 94 252
430 362 387
122 164 266 341
463 251 331
118 300
456
187 327
414 146 204 236
289 92 178 273 292 387
419 166 273
80 279 331
279 236 311
331 329
175 92 388
304 346 496
387 136 406
314 209 212 493
344 379 381
124 145 266
328 329
353 107
102
253
459 107 129 255
462 388
255 129 146 351 352
305 92 467
178 221 251 292
367 479
276 155 332 494
92 166 191 302 346
166
191
302
346 208
93 246 447
246 381
447 359
94
425 490
325 252 435
399 352 357 486
204 145
262
388
101 208 293
208 431
293 209 214 467
103 108 266
108 145
266 431
146 210 481
341 357
107 351
351 209 460 467
145 136 214 327
284
326 298
110 210
210 327
332 136 300
405 236 479
119 362
236
490 311
300
362 136
164
357 311 494
363 217 252 431
431
474 155
278 443
435 217
129
179 406 467
359 232
212
136 247
247
295 282 380
329 380
333 194 260 481
493 352
443 417
217 327
494 352
214 352
327
481
417 294
381 486
155 163
163
232
285 453 461
298 294 352
291
292 294
221 446
251
406 294
467
260 496
343
460
252
209 294 486
194
379 486
437
461
380
294
486
352
496 428
446
229
311 347
237
282
347
453
361
273
479
428
457
