0 29 32 39 116 128 237 310 669 699 731 782 1217 1607 1664
29 94 283 443 459 691 857 985 1204 1247 1379 1551 1773 1911 1964 1991
32 251 417 781 1412 1553 1778 1816 1882
39 198 245 936 998 1299 1313 1338 1765 1930 1958
116 9 174 222 541 841 1109 1315 1406 1539 1643 1660 1865 1920
128 79 229 378 412 414 434 501 652 843 1100 1693 1716 1756 1836 1912
237 129 199 200 210 576 863 886 923 976 1026 1301 1303 1492 1503 1660 1774 1801 1965
310 30 31 138 490 1528 1675 1981
669 13 358 364 387 409 495 541 613 769 1031 1355 1423 1513 1709 1908
699 59 144 277 408 425 428 441 626 649 754 1431 1508 1522 1836 1949
731 38 190 540 585 965 984 1038 1210 1836 1974
782 24 201 326 581 859 890 1082 1117 1212 1215 1220 1468 1505 1667 1669 1705 1746 1870 1961 1973
1217 55 239 664 701 853 878 958 1019 1260 1309 1425 1789 1791 1808 1844
1607 30 69 257 652 715 964 1244 1296 1410 1416 1432 1496 1641 1780
1664 82 131 276 670 867 999 1054 1125 1150 1173 1199 1294 1390 1818
1 122 296 435 442 1067 1131 1283 1340 1689 1817 1819 1982
122 183 295 407 614 640 820 1041 1239 1449 1457 1472 1595 1683 1703
296 112 219 433 821 1166 1347 1513 1572 1763
435 363 564 593 628 829 917 1517 1849
442 51 54 184 611 644 847 868 881 1102 1191 1234 1339 1470 1550 1644 1697 1902 1987
1067 19 33 56 103 199 275 491 628 1370 1493 1523 1709 1749 1789 1939
1131 75 82 274 309 434 449 1194 1563
1283 48 171 174 216 536 994 1010 1128 1149 1381 1396 1636 1659 1716 1997
1340 70 462 670 738 1039 1101 1274 1405 1462 1533 1658 1871 1886 1893 1962
1689 4 136 588 797 1175 1186
1817 132 215 350 515 709 798 992 1007 1187 1216 1666 1755
1819 138 388 571 756 774 796 860 1054 1583 1740
1982 516 660 1149 1232 1564 1667
2 141 520 758 846 985 1080 1692 1761 1968
141 158 168 774 859 913 1198 1232 1297 1446 1683
520 51 147 438 571 607 829 1299 1398 1711 1974
758 257 553 692 845 1113 1199 1656 1706
846 4 77 212 420 547 919 1272 1396 1639 1857 1890 1980
985 113 486 588 712 882 976 1186 1303 1498 1630 1770 1999
1080 66 76 138 255 482 496 509 640 659 866 883 940 1193 1288 1435 1697 1704 1840
1692 144 149 205 326 368 469 752 754 936 1297 1354 1540 1543 1788
1761 345 718 789 864 1282 1701 1743 1751
1968 372 533 571 1058 1192 1651 1745 1771 1938
3 224 362 377 408 424 471 636 745 1426 1464 1517 1707
224 18 81 161 221 244 289 929 1269 1680 1736
362 416 628 670 700 710 866 1019 1164 1285 1467 1548 1665 1670 1703 1710 1855 1964 1973
377 198 249 503 601 847 905 1039 1051 1262 1506
408 16 318 671 698 707 836 1044 1047 1087 1096 1115 1130 1680 1683 1721 1769 1785 1943
424 707 1045 1521 1649 1820
471 91 255 388 586 790 853 918 1154 1297 1325 1400 1556 1587 1598 1787 1864 1925
636 242 378 549 581 991 1167 1237 1246 1328 1398 1465 1492 1531 1644 1750 1805 1888
745 173 228 343 413 567 618 885 955 1598 1890
1426 142 151 339 455 656 741 786 812 1027 1574 1694 1754
1464 71 274 400 790 827 884 923 925 1379 1618 1680 1877 1893
1517 524 671 979 1064 1375 1519 1866 1933
1707 58 61 157 366 783 882 1017 1318 1499 1548 1559 1993
4 66 154 278 344 347 373 581 1086 1180 1245 1574 1599 1645 1759 1972
66 16 335 556 1030 1093 1144 1594 1771 1778 1843 1846 1973
154 41 130 151 262 339 341 612 851 924 974 1089 1197 1246 1619 1882
278 180 289 394 969 1100 1347 1396 1739 1867
344 109 164 222 231 246 338 499 647 672 741 1134 1589 1626 1636 1681 1748 1852
347 83 112 132 507 717 978 1151 1268 1632 1727 1768
373 279 562 1023 1120 1171 1198 1247 1526 1637 1691 1804
581 80 417 468 556 1393 1550 1551 1642 1653 1743
1086 353 385 635 893 983 997 1049 1319 1381 1419 1485 1586 1588 1589 1636 1763 1862 1871 1906
1180 778 1430 1659 1668
1245 71 323 565 716 762 806 874 1177 1746
1574 274 304 412 629 668 764 791 964 1036 1475 1578 1891
1599 96 434 526 684 809 830 889 1003 1046 1048 1197 1285 1723 1741 1871 1894 1935
1645 210 226 579 593 1097 1194 1499 1721 1759
1759 19 217 288 400 697 944 1203 1427 1597 1906 1954 1966
1972 28 55 230 511 960 1084 1249 1277 1403 1520 1621 1898
5 250 460 575 961 994 1066 1238 1242 1747 1953
250 223 497 668 721 1119 1120 1137 1403 1522 1769 1852
460 166 1028 1196 1366 1457 1816
575 227 327 495 747 753 1046 1281 1308 1632 1635 1811 1924 1967
961 283 527 536 629 722 790 844 990 1103 1458 1676 1788 1831
994 19 71 155 311 434 456 703 1048 1061 1304 1327 1801 1832 1951 1953 1977
1066 113 269 589 810 889 1170 1350 1619 1865
1238 765 826 1174 1208 1277 1471 1737 1786 1827
1242 62 148 169 207 821 943 977 1031 1330 1483 1682 1872 1877 1956
1747 30 115 376 793 1018 1210 1270 1360 1362 1512 1614 1635 1945
1953 189 371 617 785 1003 1084 1114 1151 1158 1266 1331 1448 1769 1944
6 240 398 488 592 997 999 1230 1650 1765 1806 1829 1852 1970
240 444 784 1232 1763
398 23 441 661 804 805 1125 1126 1208 1324 1339
488 85 413 536 662 754 1538 1591 1718
592 763 825 870 1029 1190 1193 1481 1596 1653 1772
997 38 80 290 770 922 1053 1318 1926
999 503 507 556 686 799 911 1292 1533 1720 1736
1230 41 132 686 773 789 914 1025 1069 1121 1172 1241 1263 1339 1563 1725 1858 1898
1650 184 311 533 1058 1137 1370 1500 1602 1846 1890 1891
1765 49 183 322 369 476 576 813 888 1095 1420 1856 1937 1991
1806 115 195 335 385 727 818 902 943 1306 1329 1342 1437 1576 1785
1829 162 624 850 882 922 949 987 1071 1445 1860
1852 17 114 307 473 577 589 916 991 1041 1177 1261 1410 1474 1571 1867 1990
1970 309 511 627 708 819 823 1038 1195 1311 1459
7 109 568 622 810 1220 1319 1400 1425 1468 1641 1656 1881 1966
109 742 1178 1182 1271 1466 1677
568 78 139 144 152 283 378 473 865 928 1292
622 63 466 1001 1132 1711 1947 1973
810 738 803 954 967 982 1184 1284 1584 1919
1220 253 432 587 600 757 865 871 1115 1143 1357 1501 1713 1722 1810
1319 171 838 884 1240 1259 1678 1698 1709
1400 142 589 1091 1388 1613 1776 1780 1783
1425 31 147 261 474 509 599 613 738 839 1259 1309 1998
1468 478 735 866 1025 1090 1202 1529 1589 1824 1950
1641 192 1017 1079 1312 1402 1699
1656 280 773 1237 1595 1675 1735 1799 1848
1881 203 350 928 1187 1409 1728
1966 67 271 496 714 720 1037 1040 1787
8 70 282 400 630 894 918 1107 1304 1478 1479
70 169 253 370 478 499 632 742 764 1045 1115 1142 1167 1399
282 22 74 121 851 1279 1658 1727 1856 1867
400 150 187 543 793 912 967 1000 1164 1520 1551 1661 1696 1848
630 97 191 248 253 263 433 499 529 652 787 944 948 1191 1735 1956 1995
894 80 186 715 1029 1210 1299 1557 1872 1898 1930
918 255 307 361 441 566 679 901 1146 1179 1437 1520 1571 1622 1834
1107 56 500 614 676 1037 1077 1088 1427 1540 1596 1635 1892
1304 143 166 238 272 384 626 652 942 948 1033 1219 1239 1769 1979
1478 113 133 500 694 817 1315 1372 1550 1808 1825 1931
1479 23 259 539 694 937 1037 1526
9 215 340 415 463 570 658 987 1149 1296 1541 1767 1772 1992
215 124 145 148 174 547 612 884 886 924 1068 1580 1791 1868 1983
340 132 872 890 902 928 1003 1158 1209 1225 1262 1268 1347 1501 1877 1901 1977
415 315 573 586 639 690 1483 1508 1644 1646 1787 1993
463 133 586 606 933 946 947 1003 1050 1139 1207 1335 1430 1646 1810 1824 1857 1894
570 158 596 598 1178 1252 1269 1362 1752
658 457 813 815 938 1004 1036 1056 1060 1768 1804
987 57 212 289 327 486 522 624 626 962 1069 1482 1609 1618 1626 1680 1833 1886
1149 177 255 291 413 466 959 1424 1445 1556 1661 1678 1915 1919 1946
1296 156 183 372 989 1290 1820 1905
1541 149 163 175 183 493 792 1058 1129 1363 1391 1678 1907
1767 79 123 335 526 606 625 635 854 875 1060 1320 1627 1840
1772 326 390 451 786 852 888 1305 1500 1508 1570 1625 1877 1891
1992 78 149 189 193 321 748 822 923 986 1094 1381 1619 1683 1714 1737 1981
10 242 418 643 755 1027 1047 1115 1193 1203 1358 1557 1606 1889 1910
242 17 120 351 423 1095 1162 1222 1413 1463 1526 1716 1917
418 189 276 337 383 401 430 677 971 1095 1442 1667 1694 1782 1838 1912 1989
643 495 665 701 1035 1043 1292 1423 1465 1484 1538 1591 1654 1690 1719 1797 1907
755 272 522 701 824 950 1001 1058 1258 1277 1303 1563 1611 1716 1738 1775 1811
1027 158 175 499 505 522 634 635 1143 1379 1507 1631 1750 1755
1047 108 557 661 780 1439 1609 1777 1865
1115 40 125 186 878 1216 1432 1498 1535
1193 228 253 318 397 503 537 1128 1309 1358 1442
1203 292 572 817 1088 1110 1113 1324 1631 1673 1735 1797
1358 34 99 251 302 466 573 601 1235 1253 1321 1542 1796
1557 176 298 360 1258 1298
1606 31 393 764 1037 1201 1498 1503 1595 1751 1879
1889 90 137 287 392 490 531 574 624 904 1098 1155 1608 1739 1897 1916 1942
1910 60 105 142 178 203 315 497 576 621 1130 1251 1272 1372 1566 1603 1693 1732 1940
11 185 227 603 689 764 843 1266 1531 1663 1770 1777 1847 1988
185 96 146 219 531 600 617 650 1015 1299 1321 1396 1497
227 99 268 350 426 708 850 1124 1307 1625 1649 1654 1726 1805 1869
603 92 1139 1438 1583 1792 1885 1906
689 94 416 542 1450 1628 1896
764 56 289 502 784 798 977 1074 1099
843 189 304 470 653 660 730 900 1030 1316 1458 1501 1507 1519 1558 1634 1637 1837
1266 63 93 251 783 1218 1346 1469 1548 1944
1531 41 111 174 337 381 628 668 905 1209 1399 1422 1532 1533 1580 1757 1840
1663 245 274 291 372 786 1037 1255 1470 1846 1962
1770 710 746 757 800 911 1071 1229 1322 1504 1711 1964
1777 173 252 399 532 879 929 970 1185 1345 1465 1505 1642 1786 1862
1847 127 174 304 679 716 718 1684 1849
1988 14 155 316 414 500 560 667 678 1197 1293 1646 1717 1838 1883
12 46 129 445 631 739 1041 1071 1118 1122 1345 1501 1693 1736 1835
46 22 65 151 616 640 812 828 1491 1619 1669 1893 1963
129 133 212 346 996 1023 1072 1248 1851 1899 1904 1931
445 177 1226 1519 1937
631 61 301 742 831 1257 1763 1901
739 285 371 510 569 638 681 848 893 1320 1553 1701
1041 135 152 288 345 610 656 1009 1056 1702
1071 80 156 171 214 529 759 1021 1109 1299 1768 1779 1914
1118 161 162 793 950 1120 1126 1211 1691 1836 1925
1122 28 143 405 473 761 868 949 1153 1204 1286 1597 1756 1831 1851
1345 184 741 886 1043 1199 1393 1630 1639 1668 1888
1501 232 384 590 1189 1277 1293 1338 1409
1693 93 802 933 1125 1223 1559 1865 1978
1736 212 312 361 678 709 814 972 974 1015 1186 1189 1360 1450 1516 1984
1835 540 990 998 1465 1826 1840
13 97 317 607 1007 1056 1075 1148 1289 1308 1380 1778 1915
97 95 281 596 672 801 1284 1423 1445 1547 1750 1963
317 234 436 844 1014 1163 1298 1366 1440 1696
607 103 232 345 494 860 960 1034 1330 1467 1477 1511 1520 1640 1860
1007 99 255 675 789 993 1060 1367 1721 1812
1056 161 165 322 685 836 1049 1095 1139 1354 1898
1075 299 391 482 649 750 819 860 963 1169 1615 1745 1805
1148 491 593 859 1003 1021 1127 1364 1439 1647 1744 1795
1289 426 478 561 807 811 1102 1108 1361 1644 1710 1771 1836 1855
1308 234 671 1091 1162 1495 1624 1636 1749
1380 238 558 861 1000 1040 1161 1166 1208 1263 1385 1580 1789
1778 239 1373 1420 1508 1728 1899 1938 1957
1915 84 350 494 549 599 1206 1417 1604 1804 1807
14 477 527 754 937 1051 1098 1332 1446 1605 1908
477 469 610 614 668 937 984 1987
527 80 547 608 671 727 762 1103 1150 1405 1419 1701
754 197 372 461 639 1009 1307 1328 1626 1902
937 588 765 1001 1128 1243 1626 1782
1051 482 547 974 1121 1546 1909
1098 27 158 179 259 420 1169 1454 1500 1509 1582 1683
1332 170 173 485 984 1100 1293 1488 1542 1578 1845
1446 808 828 885 892 1268 1506 1530 1563 1680
1605 119 148 172 1022 1354 1356 1627
1908 260 279 284 335 338 387 421 496 507 1005 1058 1190 1314 1363 1592 1637 1683 1827 1927
15 137 152 490 978 1287 1452 1582 1682 1714 1721
137 193 324 652 722 924 1705 1871 1942
152 72 143 238 610 652 915 949 1029 1130 1361 1403 1491 1798 1860
490 86 547 639 711 719 837 935 1120 1157 1235 1579 1939
978 83 91 107 140 628 860 1038 1102 1697 1853 1867
1287 145 239 388 621 667 1753 1814 1939
1452 131 363 384 469 662 732 793 1170 1622 1649 1877 1892 1901 1979
1582 55 371 379 678 851 933 1197 1234 1393 1465 1565 1753 1877
1682 367 518 791 853 902 926 1174 1204 1374 1502 1718 1883 1976
1714 220 324 459 698 911 917 928 1008 1065 1223 1239 1649
1721 383 416 797 995 1001 1087 1150 1411 1863
16 211 518 796 871 998 1186 1271 1945
211 206 323 657 1035 1146 1366 1581 1636 1746
518 100 270 450 469 472 486 885 1050 1121 1198 1329 1466 1579 1733 1911 1956
796 89 145 230 273 886
871 74 1181 1357 1409 1429 1528 1592 1823
998 36 140 169 181 273 652 776 1092 1463 1791 1797
1186 75 105 230 266 421 473 1202 1576 1673
1271 517 606 910 1263 1330 1418 1644 1649 1848
1945 28 338 534 535 1388 1763 1920
17 360 417 674 687 853 885 1085 1321 1661 1798 1820
360 60 203 286 624 921 1059 1221 1431 1442 1454 1713 1914
417 176 208 251 501 923 988 1201 1459 1472 1496 1716
674 89 161 239 482 618 683 730 952 1216 1222 1223 1302 1732 1751 1999
687 166 213 265 375 392 833 1002 1035 1213 1233 1568 1629 1921
853 27 220 229 273 312 338 752 777 838 1032 1095 1306 1652
885 388 426 675 743 753 771 1384 1718 1738
1085 183 339 367 574 778 1307 1416 1486 1511 1524
1321 286 413 508 524 563 676 827 852 1036 1188 1365 1803 1919 1938
1661 458 787 1061 1430 1636 1995
1798 389 866 977 1218 1512 1624 1718
1820 704 821 825 858 1018 1272 1443 1956
18 26 50 60 274 365 381 472 473 624 734 1088 1472 1751
26 76 199 345 399 601 915 920 995 1018 1355 1578 1669 1800
50 540 579 803 1108 1376 1944
60 220 248 491 561 639 675 891 940 1536 1573 1950
274 85 364 700 898 1407 1477 1671 1822 1924
365 74 143 198 546 644 880 954 1185 1208 1241 1451 1497 1612
381 175 184 304 366 479 761 877 1038 1709 1800
472 187 872 1141 1330 1355 1386 1429 1555 1610 1774 1808
473 297 323 647 694 809 979 1248 1292 1422 1823 1864 1902
624 131 325 517 554 579 676 907 1337 1390 1483 1623 1833
734 252 394 728 769 942 1123 1346 1407 1440 1481 1989
1088 176 195 529 698 746 906 927 981 1323 1329
1472 543 1017 1040 1213 1410 1421 1720 1911 1957
1751 64 269 271 366 416 475 483 512 839 924 1167 1443 1547 1713 1863 1979
19 228 458 948 1038 1166 1280 1385 1403 1510 1514 1789 1839 1937 1958
228 205 302 452 573 625 708 1240 1569 1589 1845 1954
458 175 268 426 922 940 1052 1101 1254 1490 1535 1703 1744 1783 1909
948 98 99 325 372 497 751 879 1083 1329 1387 1427 1489 1789 1985
1038 61 98 259 369 392 409 459 502 579 1113 1157 1586 1672 1703 1734 1979
1166 143 484 549 616 762 921 1152 1222 1392 1469 1537 1701 1709
1280 41 170 1064 1252 1498 1526 1565 1858
1385 75 90 530 545 864 1061 1405 1408 1903
1403 36 257 304 507 522 946 991 1377 1805 1861 1951
1510 149 194 200 491 729 767 1477 1495 1546
1514 298 319 339 612 647 883 891 1002 1359 1408 1448 1526 1537 1774 1792
1789 181 207 355 421 1176 1754
1839 86 158 285 366 546 587 1576 1840 1857
1937 326 509 523 634 854 875 1495 1586 1764
1958 21 648 676 900 1823 1899 1997
20 110 286 455 620 698 761 1026 1237 1414 1530 1537 1552
110 351 449 1647 1678 1886
286 446 605 789 942 972 979 1023 1194 1349 1950
455 91 284 385 546 578 598 651 668 773 786 1227 1376 1590 1769
620 151 399 439 573 813 1097 1383 1401 1873
698 118 188 346 379 510 623 743 967 1013 1181 1540 1654 1657 1867 1918 1926 1932
761 191 517 611 718 767 1239 1456 1638 1955
1026 387 645 901 928 1309 1758
1237 68 157 356 583 693 707 726 826 914 1216 1221
1414 35 448 719 822 890 903 1019 1524 1737 1739 1836 1923 1973
1530 44 270 509 666 737 906 995 1207 1519 1592 1640 1810 1995
1537 220 262 532 632 663 703 869 1134 1416 1456 1629 1989
1552 167 352 567 722 821 1013 1019 1262 1376 1608 1671 1875
21 135 604 887 909 1004 1191 1307 1490 1550
135 30 496 506 600 633 638 705 769 914 1197 1219 1364 1500 1659
604 583 616 623 655 1162 1355 1505 1828 1901 1906
887 293 499 679 983 1103 1109 1442 1503 1722 1864 1901 1920
909 243 307 393 588 798 868 898 1204 1344 1387 1484 1984
1004 212 272 320 437 921 1077 1269 1333 1528 1601 1670 1673
1191 158 220 337 489 532 878 991 1006 1215 1285 1849 1854
1307 222 509 679 893 1451 1624 1648 1673
1490 112 161 723 1005 1023 1219 1558 1659
1550 73 100 127 200 272 562 634 901 1234 1262 1502 1843
22 459 1036 1222 1392 1535 1539 1743
459 601 732 770 792 861 975 1132 1285 1465 1662 1760
1036 130 140 268 272 358 505 512 516 1254 1705 1776 1941 1947
1222 272 697 935 1735 1799
1392 44 61 63 140 368 436 495 566 615 753 910 1039 1374
1535 216 376 639 683 852 860 1362 1365 1729 1807 1911
1539 357 606 718 772 1229 1231 1474
1743 855 1006 1082 1320 1543 1683 1760 1877
23 133 162 208 285 1042 1043 1058 1063 1109 1129 1145 1270 1401 1445 1694 1924
133 428 543 970 1017 1128 1240 1333 1563 1595 1727 1957
162 41 198 248 252 331 355 388 497 647 872 897 1045 1290 1455 1638 1716 1897 1914 1941
208 136 142 174 366 548 941 946 1034 1573 1874 1946
285 98 156 171 481 554 781 883 1006 1015 1226
1042 171 538 577 666 809 873 907 1269 1359 1384 1406 1602 1861 1944 1984
1043 74 121 849 880 1310 1880
1058 155 229 308 327 447 524 651 763 1162 1251 1449 1786 1861 1894
1063 147 289 300 305 578 598 729 795 921 993 1011 1099 1507
1109 108 148 245 595 780 989 1005 1055 1064 1138 1333 1391 1430 1629 1893
1129 24 98 635 666 760 874 896 1028 1127 1244 1461 1558 1775
1145 76 142 601 936 949 1404 1629 1669 1755 1796 1834 1869 1907
1270 405 481 588 711 1128 1216 1354 1444 1923
1401 146 425 662 1284 1477
1445 71 209 413 700 881 1134 1334 1513 1724 1832 1943
1694 49 474 925 1099 1154 1164 1263 1300 1375 1979
1924 47 76 82 331 339 392 476 504 525 902 993 1515 1946
24 893 1022 1113 1162 1600 1670
893 49 395 517 663 768 845 1023 1029 1057 1059 1491 1608 1768 1955 1969
1022 331 582 633 774 1155 1204 1299 1305 1431 1508 1732 1744 1784
1113 609 828 907 1146 1284 1577 1896
1162 93 177 688 805 920 929 1064 1074 1123 1154 1678 1758 1794 1800
1600 397 411 467 559 598 601 663 735 1045 1470 1521 1825
1670 159 255 489 651 874 1105 1525 1628 1936
25 680 719 793 878 881 946 1353 1593 1905
680 45 64 81 119 184 390 574 743 774 795 1783 1985
719 358 692 1602 1880
793 87 165 1018 1167 1290 1368 1384 1533 1833 1948
878 57 337 436 450 665 726 1642 1769
881 55 996 1382 1507 1862 1971
946 384 448 587 601 1028 1766 1936
1353 385 644 769 1987 1993
1593 73 86 287 357 955 1091 1512 1563 1577 1704 1708 1931
1905 81 151 248 544 1177 1178 1369 1378 1802
76 596 753 880 1367 1760 1836 1882 1926 1946
199 186 324 330 466 701 896 1295 1448 1505 1609 1837
345 169 302 333 515 569 619 641 779 803 1133 1727 1760 1902
399 244 257 757 873 1545 1635 1718 1752
601 75 92 118 149 587 594 771 874 1326 1536 1728 1925
915 350 632 813 884 919 1500 1580
920 299 422 462 756 1169 1171 1189 1451 1790
995 144 376 582 667 808 905 1120 1324 1435 1922
1018 370 519 644 928 1017 1477 1800
1355 48 253 273 451 541 564 576 1072 1409 1592
1578 100 212 338 663 794 1207 1672 1718 1870 1885
1669 28 174 231 747 786 944 1126 1595 1652 1785 1834 1909
1800 197 256 875 888 1284 1566 1639 1644
27 184 891 899 1094 1127 1363 1448 1636 1685 1731 1755 1823 1898 1916 1979
184 661 724 842 869 1224 1555 1723 1948
891 82 88 187 325 970 1302 1438 1907
899 511 628 672 716 850 868 957 1160 1183 1207 1290 1651 1673 1762 1773 1866
1094 40 63 481 751 757 1049 1393 1494 1801 1993
1127 175 182 413 503 850 868 1059 1349 1390 1435 1504 1705 1967
1363 169 388 966 1133 1775
1448 341 361 440 529 556 752 829 1013 1214 1526 1667 1776 1977
1636 191 200 311 691 1106 1564 1676
1685 104 255 313 374 516 584 590 721 970 1061 1290 1520 1705
1731 31 51 77 118 123 288 386 503 784 1062 1074 1192 1279 1583 1797 1850
1755 105 294 1336 1625
1823 531 681 738 892 1020 1046 1873 1900
1898 161 331 610 651 1024 1438 1469 1476 1679 1824 1890
1916 47 368 416 1364 1418 1678 1739 1890 1904
1979 315 500 662 1390 1615 1825
28 664 678 1025 1100 1152 1290 1360 1683 1842
664 35 158 170 178 299 331 807 826 966 1001 1142 1209 1388 1485 1544 1638
678 502 537 600 642 685 974 1199 1274 1305 1880 1969
1025 358 379 495 672 856 1028 1065 1262 1837
1100 107 186 273 519 763 820 836 845 976 1095 1097 1240 1499 1503 1984
1152 319 328 443 515 803 986
1290 115 220 351 413 560 803 886 1214 1456 1710 1846
1360 628 725 1341 1561 1804
1683 100 290 355 1009 1435 1787
1842 178 234 255 541 841 870 1248 1259 1867 1932 1956
94 101 111 305 531 590 875 897 955 1082 1096 1130 1153 1495 1504 1569 1572 1615 1774
283 54 103 139 219 262 369 508 589 842 850 898 917 931 1702 1725 1794 1929 1985 1987
443 78 115 261 401 655 1082 1112 1119 1470 1912
691 163 195 484 966 1039 1102 1523 1719
857 138 188 254 409 453 685 1339 1364 1375 1662
1204 645 708 910 1194 1282 1481 1677 1818 1877
1247 234 741 802 804 870 883 1099 1559 1734 1917 1967
1379 474 652 942 1249 1362 1888 1919
1551 855 898 902 903 989 1049 1092 1151 1460 1675 1886
1773 126 140 165 229 565 584 605 656 960 1310 1396 1614 1880
1911 31 221 333 382 434 548 578 594 660 829 1112 1128 1423 1561 1654 1875 1961
1964 86 358 389 483 584 848 944 956 1076 1434 1471 1998
1991 229 304 809 872 933 1021 1179 1310 1631 1638 1841
30 437 1447 1586 1977
437 491 732 801 933 1598 1848 1943
1447 264 306 704 1278 1527
1586 892 964 1173 1282 1538 1975
1977 466 526 600 730 772 965 1046 1081 1346 1350 1460 1477 1709 1722 1872
31 83 1356 1438 1485 1653 1909
83 52 235 275 685 748 765 786 927 1061 1561 1596 1673 1733
1356 368 602 656 700 813 932 967 1564 1963 1978
1438 113 131 175 557 612 890 969 1179 1303 1701 1903
1485 392 409 585 806 924 1139 1140 1210 1312 1673 1784
1653 175 223 251 514 690 702 776 830 841 858 967 1195 1277 1581
1909 741 923 972 1404 1849
251 346 665 855 1484 1642 1735 1849
781 145 514 679 716 874 925 1121 1144 1803 1993
1412 80 617 632 652 849 1165 1224 1496 1595 1866 1963
1553 84 502 503 507 1114 1604 1804 1810
1816 178 791 900 1235 1411 1791 1873
1882 160 229 261 309 420 538 579 855 952 1183 1252 1386 1512 1696
33 121 273 279 476 482 772 1110 1639 1686 1791
121 514 572 1081 1132 1261 1299 1421 1753 1793
273 619 684 836 1405 1484 1511
279 104 239 291 456 860 1082 1142 1164 1184 1398 1406 1532 1671 1864 1944
476 130 529 763 1169 1957 1975
482 366 651 703 815 877 1019 1078 1138 1346 1386 1588 1890 1921
772 78 291 444 618 708 788 819 888 979 1123 1521 1701 1912 1985
1110 85 457 544 1188 1232 1402 1528 1568
1639 112 216 280 384 809 888 1044 1581 1686 1981
1686 405 789 1060 1420 1892 1955
1791 71 202 485 904 966 1105 1422 1562 1659 1675 1854 1904
34 69 386 462 468 574 911 1268 1498 1549 1588 1677 1750 1861
69 171 229 243 306 357 427 1134 1406 1617
386 182 206 403 494 627 663 742 904 1331 1346 1416 1481 1967
462 189 316 412 780 1001 1033 1082 1226 1850
468 670 784 858 1432 1518 1632 1859
574 742 801 802 990 1292 1439 1559
911 585 1659 1941
1268 186 235 591 943 1195 1665 1822 1951
1498 168 457 536 672 1079 1315 1326 1454 1763 1925
1549 150 466 533 538 554 884 1099 1251 1460 1757 1947
1588 96 289 480 516 648 704 1440 1573 1614 1903
1677 155 354 432 454 768 922
1750 82 379 412 770 1150 1228 1652
1861 538 543 1015 1062 1168 1381 1668 1854
35 151 165 219 264 828 1198 1339 1877
151 90 187 265 351 501 1156 1243 1482 1810 1832
165 397 405 560 619 780 845 982 1196 1591 1860 1868
219 114 181 335 1017 1049 1571 1634 1735 1799 1876 1885
264 749 803 1226 1469 1560 1730 1902 1957 1961 1999
828 456 489 910 996 1121 1295 1954
1198 65 160 486 708 1074 1239 1314 1382 1887 1993
1339 503 535 726 829 904 923 1322 1933 1960
1877 56 89 391 407 566 748 827 938 944 968 1173 1194 1218 1601
36 130 276 372 1267 1716
130 159 540 774 1169 1629 1868 1883
276 181 556 922 1138 1516 1625 1756 1797 1903 1969
372 294 326 726 1258 1333 1520 1671 1858
1267 65 480 548 1201 1297
1716 287 775 1021 1105 1216 1252 1261 1701 1920
37 204 389 414 512 525 759 794 935 1082 1659 1674 1679 1681 1720
204 56 218 407 514 638 1262 1399 1679 1901
389 144 190 892 1178 1185 1474 1492 1807
414 174 409 1161 1183 1359 1471 1558 1985
512 969 1089 1341 1443 1467 1495 1616 1749 1857 1886
525 53 799 947 1083 1418 1435 1744
759 56 107 132 178 681 704 802 973 1326 1395 1455 1543 1784 1860
794 103 118 190 350 589 710 757 1012 1105 1175 1302 1659
935 346 436 682 1064 1173 1331 1460 1887
1082 163 189 212 454 859 917 1060 1239 1419 1470 1853 1975
1659 99 405 1077 1092 1371 1440 1458 1711 1949 1999
1674 65 314 682 929 962 1254
1679 120 205 540 762 1070 1072 1610 1678 1895
1681 267 351 714 889 1250 1279 1712 1754 1797
1720 101 387 839 1742 1890
38 231 540 837 907 1106 1423 1706 1826 1870
231 123 222 257 379 863 1099 1189 1246 1284 1286 1335 1432 1561 1703 1914
540 67 387 596 765 834 963 1310 1505 1620 1936
837 665 933 1083 1349 1371 1390 1408 1491 1844
907 153 190 198 329 491 906 1102 1171 1239 1486 1554 1728
1106 102 174 469 504 710 1003 1172 1174 1678 1832
1423 119 209 584 639 1315 1328 1407 1532 1573 1998
1706 451 690 983 1475 1727 1812 1836 1960
1826 54 391 492 539 632 1231 1397 1437 1711 1782
1870 51 560 963 1076 1199 1239 1361 1640 1688 1754 1786
198 56 100 1092 1419 1429 1467 1562 1691
245 262 311 587 666
936 454 704 849 1049 1124 1144 1282 1335 1393 1508 1644 1792
1299 163 605 803 1532
1313 452 558 634 1021 1156 1357 1676 1710
1338 74 931 991 1208 1644
1930 197 222 305 1370 1419 1515 1610 1793
40 49 917 1277 1503 1575 1844
49 232 461 924 1172 1579 1672 1850 1872
917 205 343 725 727 746 783 886 892 1105 1157 1254 1865
1277 218 254 321 368 553 883 1016 1431 1473 1602 1640 1894
1503 374 481 811 1046 1064 1151 1213 1386 1475 1546
1575 73 270 291 323 576 617 652 703 1060 1780
1844 271 553 626 779 826 1231 1810 1906 1913
41 138 140 167 213 261 281 481 976 1209 1608 1794
138 96 111 320 464 629 842 895 926 1104 1260 1718 1775 1919 1950
140 168 238 615 954 1165 1741 1973 1987
167 238 509 833 945 1083 1240 1482 1821
213 115 166 301 976
261 82 157 392 563 615 679 916 1170 1260 1411 1451 1657 1892 1894
281 339 404 1163 1697 1855
481 257 290 668 1228 1395 1648 1742 1925
976 73 88 99 569 615 863 1035 1049 1259 1573 1741
1209 594 682 814 864 941 943 984 1184 1542 1896
1608 926 1310 1434 1940
1794 729 870 939 967 1179 1614 1643 1745 1771 1981
42 56 1033 1174 1436
56 535 1276 1554 1648
1033 246 385 821 988 1254 1331 1440 1997
1174 306 763 1408 1787 1985
1436 441 555 1288 1407 1512
43 600 665 889 1108 1367 1955 1974
600 57 751 1272 1632 1989
665 63 139 311 359 366 385 660 690 760 841 910 1218 1389
889 111 267 291 334 419
1108 1143
1367 132 625 760 807 1455
1955 201 701 737 798 879 919 993 1326 1739
1974 54 153 172 249 272 474 945 1386 1631 1739 1919 1954
44 81 226 528 703 868 1348 1513 1544 1633 1779
81 78 80 230 334 416 657 1223 1408 1451 1505 1573 1728 1876
226 74 112 160 429 1978
528 202 368 436 591 809 1099 1199 1439 1740 1967
703 74 114 258 337 537 688 735 1285 1697
868 248 383 565 1248 1354 1420 1465 1496 1647 1899
1348 396 705 848 1766 1993
1513 153 358 375 387 535 623 632 882 1009 1116 1430 1708 1900
1544 123 841 1120 1134 1244 1297 1779
1633 341 478 608 897 903 906 1061 1099 1187 1337 1411 1487 1511 1723 1741 1853
1779 179 188 236 249 352 858 982 1096 1317 1499 1506 1626
45 105 206 423 497 561 686 725 1560 1640
105 370 683 809 968 1028 1139 1143 1179 1227 1232 1369 1936 1969 1986
206 132 1248 1274 1301 1616 1643 1749 1874
423 53 170 428 956 1059 1124 1257
497 54 171 291 364 663 865 958 1064 1155
561 67 505 789 1141 1327 1496 1722 1867
686 405 439 589 594 608 675 835 925 927 1211 1248 1577 1873
725 136 149 315 1037 1093
1560 593 803 1034 1856
1640 173 784 1008 1158 1207 1258 1317 1433 1862
65 196 246 419 537 676 776 1064 1156 1165 1248 1760 1879
616 98 191 232 272 322 776 802 1323 1760
640 118 313 806 1065 1369 1395
812 1035 1040 1702
1491 252 316 327 452 521 1095 1688 1917 1927
1619 252 474 584 834 860 884 1298 1328 1566 1631 1701 1801 1813 1866
1893 383 648 784 1010 1048 1672 1742 1917
1963 180 513 590 777 844 965 984 1024 1236 1374
47 351 356 757 941 989 1542 1625
351 187 190 388 954 1133 1523 1598 1959
356 284 407 436 706 1102
757 289 402 428 849 979 1188 1769
941 339 453 1297 1462 1647 1687
989 175 257 475 505 683 804 1300 1309 1566 1758 1792 1921 1941
1542 91 596 1005 1044 1103 1554 1658 1822 1946
1625 395 412 489 517 709 741 861 1128 1515 1570 1662 1719
48 51 108 164 302 457 1061 1221 1331 1396 1612 1857
51 254 480 507 1101 1318 1427 1926
108 78 387 638 886 1261 1303 1576 1708 1920
164 126 260 419 1121 1142 1185 1366 1796
302 342 422 425 544 811 1168 1310 1312 1454
457 821 979 1212 1387
1061 54 85 580 648 818 1168 1665 1901 1907 1919 1922
1221 295 1504 1702 1740 1831
1331 702 1440 1613
1396 104 555 708 715 1093 1182 1382 1433 1620 1741 1805
1612 201 318 453 475 556 587 774 783 826 960 1239 1617 1895
1857 118 127 293 736 908 1494 1971
232 1376 1402 1672 1838
461 55 297 440 675 814 874 1335 1429 1522 1657 1849 1876 1919
924 111 312 314 510 659 798 1016 1177 1766 1836
1172 653 865 964 1904 1960
1579 77 190 789 1292 1469
1672 179 374 375 403 641 657 675 925 960 990
1850 142 506 519 590 966 1039 1114 1155
1872 556 789 1397
579 320 1068 1402 1538 1734
803 1121 1476 1521 1567 1868 1875
1376 898 1134 1219 1298 1410 1434 1895 1907
1944 149 203 291 498 506 522 628 929 1070 1439 1474 1643 1753
254 307 380 504 550 648 727 742 1028 1046 1451 1469 1705 1956
480 433 639 826 970 1135 1187 1229 1897 1971
507 367 541 795 802 1072
1101 295 668 805 973 1052 1069 1158 1936
1318 610 785 1048 1050 1216 1680 1726
1427 61 450 706 714 996 1671 1801
1926 176 289 577 740 804 875 940 1028 1197 1476 1614 1647 1667 1756 1760
52 102 200 451 1009 1261 1391 1397 1405 1529 1781
102 78 80 650 657 821 1010 1336 1858 1886 1943 1996 1998
200 124 832 1246 1281 1429 1631 1797
451 542 1171 1214 1370 1405
1009 59 107 182 306 407 436 569 700 738 1090 1151 1184 1303 1309 1409 1637 1748
1261 118 172 249 329 336 368 382 628 696 767 789 817 933 1052 1151 1459 1885 1925
1391 932 1532 1567
1397 53 391 617 1256 1616 1975
1405 77 212 470 717 1634 1727 1845
1529 72 178 702 1466 1644 1786 1888 1951
1781 299 611 840 856 1045 1121 1211 1276 1284 1302 1312 1536 1569 1614 1644 1831
53 500 705 873 1301 1470 1654
500 216 981 1465 1473 1547 1717 1740 1971
705 103 553 670 884 926 942 1057 1215 1851
873 183 316 404 814 854 898 986 1040 1253 1390 1652 1737 1907
1301 368 537 722 806 1404 1704 1986
1470 396 1053 1232 1589 1933
1654 207 292 807 874 996 1073 1985
54 181 467 742 816 858 875 1052 1181 1732 1752 1912 1932
181 192 222 533 800 1371 1384 1497
467 79 401 1015 1169 1519 1939 1987
742 706 1102 1153 1284 1292 1352 1371 1390 1506 1837 1980
816 117 650 799 804 858 1225 1451 1516 1931 1986
858 926 952 1090 1154 1368 1402 1411 1867 1931
875 284 393 644 696 780 905 1329 1351 1523 1561
1052 113 159 432 567 955 1294 1520 1602 1828
1181 651 806 1093 1196 1687 1855 1914 1922 1999
1732 241 259 272 521 949 963 1069 1167 1410 1480 1643 1763 1822 1925 1994
1752 313 353 388 769 779 824 829 897 955 1699
1912 201 275 405 439 573 1229 1255 1265 1437 1451 1497 1786 1787 1828 1978
1932 74 145 393 401 648 971 1010 1140 1294
55 405 651 807 962 1415
405 146 147 188 466 842 847 945 1788
651 87 159 300 499 522 722 817 1040 1260 1545 1570 1695 1760
807 306 572 870 912 1057
962 308 740 863 895
1415 217 229 536 824 1099 1368 1887 1935 1959
535 212 332
1276 338 543 656 1275 1711 1754 1757
1554 179 241 494 510 539 789 1001 1103 1146 1156 1458 1527 1703 1836 1884
1648 608 775 854 883 895 934 1262 1431 1533 1627 1897
57 90 157 733 1017 1128 1306 1329 1598 1708 1763 1785 1994
90 189 271 416 450 749 820 824 1434 1622
157 474 485 547 727 773 1225 1309 1375 1614 1651
733 95 142 161 309 329 896 991 1089 1293 1369 1387 1708 1754 1891
1017 576 821 1419 1928
1128 950 1170 1371 1496 1900
1306 58 531 735 923 1060 1212 1232 1252 1585 1597 1787 1935 1961
1329 190 466 513 1057 1282 1314 1459 1846 1927
1598 661 679 805 912 1595 1811 1923
1708 59 280 427 559 637 1140 1170 1187 1192 1219 1233 1429 1522 1629 1782
1763 159 328 426 486 1105 1538 1832 1959
1785 163 298 332 536 547 966 1326 1371 1790 1834
1994 187 235 804 1073 1328 1365 1614 1973
58 247 806 1103 1300 1334 1390 1715
247 160 667 707 1169 1352 1644 1673
806 126 663 1349 1475 1845 1931
1103 538 573 598 723 898 905 931 1244 1760
1300 508 779 815 916 1130 1521 1597 1631 1638
1334 393 510 762 890 1053 1134 1394 1473 1518
1390 256 380 392 606 626 666 1011 1111 1291 1760
1715 195 223 1330 1538 1863
59 823 980 993 1001 1153 1291 1394 1595 1950 1952
823 326 1195 1240 1428 1884 1952
980 179 361 1079 1124 1171 1248 1417 1676 1941
993 84 425 1078 1183 1384 1696
1001 79 406 536 779 1130 1311 1620 1702 1774 1832
1153 64 72 327 328 484 967 1616 1797
1291 117 163 590 634 855 1011 1603 1620 1786
1394 80 214 566 688 865 1688 1728 1957
1595 91 336 880 964 1668 1831 1875
1950 364 479 492 852 1232 1350 1571 1735 1771
1952 114 429 1116 1520
220 432 667 771 1185 1188
248 420 1050 1312 1408 1668
491 71 370 587 1000 1274 1900
639 127 148 800 1182 1489 1585 1774
675 294 403 1116 1378 1416 1687
940 216 567 897 942 975 1326
1536 246 256 613 841 912 1078 1133 1381
1573 186 239 427 505 657 660 1029 1046 1049 1399 1437 1914 1941
61 470 706 815 829 983 1014 1263 1461
470 330 355 422 804 852 869 890 996 1207 1567 1601 1753
706 62 411 666 801 974 988 1013 1021 1458 1700 1973
815 203 256 787 975 1020 1023 1092 1441 1500 1515 1563 1617 1618 1841
829 614 1011 1998
983 149 813 819 879 1024 1342 1813
1014 293 804 1216 1302 1342 1351 1507 1876 1922
1263 225 551 567 672 931 970 1015 1729 1734
1461 100 526 1161 1169 1260
62 835 847 1069 1134 1285 1346 1417 1734 1869
835 469 833 1132 1199 1796
847 663 1069 1143 1161 1443 1834
1069 142 309 353 1533
1134 176 553 865 963 1229 1906
1285 101 113 188 606 822 942
1346 316 1057 1411 1456 1459 1476 1691
1417 107 194 584 856 1111 1179 1521 1753 1993
1734 113 209 246 487 623 695 712 1922 1998
1869 79 257 346 499 524 716 1074 1336 1596 1631 1921
63 118 280 407 573 866 1147 1511 1571
118 277 567 743 979 1020 1205 1342 1388 1460 1515
280 645 928 984 1016 1089 1548 1697 1892
407 143 732 788 1239 1454
573 326 670 1232 1256 1428 1666 1965
866 222 783 1169 1236 1561 1594 1825
1147 124 766 910 1019 1295 1631 1975
1511 131 136 1024 1045 1183 1243 1691 1782 1797 1864 1904
1571 179 268 328 427 708 1072
64 161 174 506 632 1049 1143 1240 1305 1443 1484 1787
161 324 701 1062 1473 1727 1757 1818 1868
174 136 176 393 494 704 747 925 1196 1799
506 348 727 749 1273 1722
632 107 218 586 805 934 1167 1218 1226 1320 1876
1049 311 660 1178 1688 1933
1143 385 450 492 928 1474 1712
1240 578 708 921 1146 1463 1799 1846
1305 316 557 562 1248 1410
1443 223 225 554 770 1139 1215 1824 1873 1938
1484 112 307 543 629 778 1008 1117 1226 1288 1384 1824 1851 1920
1787 178 419 494 554 660 896 1292 1453 1784 1843 1906
196 93 730 963 988 1130 1213 1214 1395 1766
246 113 583 645 667 1112 1628 1811 1853
419 475 484 656 693 802 956 1120 1739 1756 1887
537 189 618 844 1093 1369 1483 1580 1927
676 68 353 449 959 1054 1138 1462 1830
776 79 241 328 939 1111 1213
1064 387 713 1151 1232 1235 1422
1156 136 229 641 710 870 943 1354 1610
1165 134 580 684 1450
1248 375 845 1161 1512 1815 1913 1954 1998
1760 98 202 253 358 410 432 590 694 708 729 1488 1746 1851
1879 602 707 774 1323 1374 1482
335 402 543 1168 1347 1524 1668 1796
556 747 1351 1354 1389 1409 1719
1030 205 325 775 848 1568 1922
1093 284 390 729 740 992 1386 1419
1144 73 168 501 543 839 950 1695
1594 123 951 952 1125 1284 1378 1435 1701
1771 89 401 785 818 833 838 910 945 1253
1843 612 629 1065 1124 1282
1846 560 613 641 965 1072 1832 1834 1866
1973 230 897 932 1336 1489
67 172 390 420 434 438 493 557 818 1604 1907
172 288 499 890 1073 1368 1495 1558 1860
390 96 466 877 1133 1480 1572 1643
420 357 409 728 741 790 836 879 1028 1214 1793 1884 1954
434 72 183 207 217 1273 1565 1703
438 233 298 358 554 670 834 845 1483 1500 1515
493 610 750 1167 1178
557 502 516 784 819 856 1028 1044 1102 1146 1265 1796 1803 1998
818 216 611 728 1658 1705 1758
1604 1428 1463
1907 166 359 444 450 554 666 768 1370 1495 1547 1697
68 425 773 992 1035 1136 1233
425 538 701 766
773 346 584 786 808 905 1170 1507 1793 1999
992 421 926 1092 1691 1713 1960
1035 352 550 763 1125
1136 298 352 416 821 972 1092 1465 1836 1854
1233 117 218 641 877 1135 1422 1865
171 265 287 553 1347 1646 1890 1921
229 150 166 718 929 1525
243 411 765 1021 1060 1182 1382 1387 1849
306 560 672 695 700 729 870 957 1684
357 762 986 1138 1219 1274 1519 1838
427 107 387 1121 1327 1668 1863 1948
1406 323 343 517 548 584 738 775 1000 1389 1474 1482 1808
1617 134 269 295 485 628 1176 1354 1569 1711
169 496 1189 1460 1481 1718 1788
253 409 410 1125 1282
370 80 255 291 697 895 1040 1078 1395 1453 1495 1618 1939
478 255 297 532 663 811 905 1368 1914 1965
499 84 466 836 1366 1373
1045 223 382 551 707 1029 1495 1837
1142 139 318 650 842 910 928 950 1372 1496 1568 1628
1167 509 746 784 957 970 1125 1733
1399 256 450 595 1096 1187 1487 1690 1740
71 475 526 1712 1727 1733 1976 1981
475 241 366 539 591 655 874 1430 1808
526 134 267 376 646 779 1618
1712 98 343 560 738 756 848 880 1065 1188 1407 1647 1918
1727 93 638 735 819 964 1000 1393 1709
1733 73 298 576 661 693 874 1564
1976 87 322 384 585 867 1234 1344
1981 339 566 1234 1314 1568
72 101 263 546 588 861 986 1123 1231 1509
101 103 439 1065 1349 1947
263 314 727 780 1141 1410 1413 1475 1687 1880 1897
546 210 511 513 618 869 1173 1317 1429 1637 1690
588 203 382 668 718 1384 1946
861 191 267 275 501 744 880 1029 1726 1878 1962
986 566 874 927 1273 1522 1753
1123 155 763 979 1135 1393 1449
1231 87 139 1333 1688
1509 107 190 292 341 484 543 769 1006 1279 1372 1936
73 376 938 1104 1116 1495 1655
376 100 305 637 648 679 775 938 1155 1171 1275 1584
938 299 350 505 845 982 1587 1934 1936
1104 769 1117 1226 1418 1996
1116 146 277 431 765 1137 1259 1284 1382 1473 1483 1487 1597 1737 1808 1940
1495 479 598 633 833 1699 1822 1925
1655 768 974 1532 1997
74 79 216 314 901 1074 1097 1119 1207 1246 1410 1453 1629
79 85 125 290 538 817 1450 1587 1766
216 808 1091 1602
314 541 760 805 965 1255 1303 1737
901 485 595 712 763 1019 1176 1603 1936
1074 539 1402 1774 1828
1097 258 375 387 692 710 740 802 845 1499 1591 1632 1710
1119 559 1207 1219 1229 1288
1207 338 412 747 836 950 1048 1216 1328 1454 1474
1246 374 1031 1183 1302 1368 1455 1644
1410 180 265 410 863 865 934 1079 1614
1453 615 1225 1250 1351
1629 311 681 820 831 841 1971
75 87 293 383 589 1212 1923
87 321 350 598 602 848 969 1151 1592 1802
293 865 1555 1863
383 1250 1288 1676 1980
589 287 352 426 834 912 955 1366
1212 513 623 704 845 1054 1177 1480 1825
1923 595 605 666 792 830 1060 1099 1188 1697 1851 1980
596 496 763 819 1293
753 388 538 1342 1702 1739 1903
880 222 542 577 867 972 1251 1665 1776
1836 597 879 932 1269 1795 1862
1946 529 766 1888 1989
77 284 572 724 1660 1939
284 80 103 367 749 1477 1486 1886
572 627 652 685 780 902 1201 1486 1830 1873
724 571 1433 1516 1546 1628 1657 1793
1660 170
1939 634 811 1060 1462 1651
78 617 657 813 895 1587
617 565 656 1701
657 402 813 869 1419
813 1592 1638 1730 1788
895 348 547 809 943 1482 1493
1587 355 379 501 530 541 750 1177 1704
85 307 521 1078 1224 1424 1603 1666 1984
125 728 859
290 332 452 613 756 820 1347 1824 1954
538 313 361 877 1078 1361 1409 1631 1868 1987
817 168 653 1519 1533 1745
1450 303 503 542 834 969 972 1325 1818 1876
1766 270 1046 1473 1583 1610
80 311 328 378 610 862 953 959 1087 1111 1500 1543 1904 1983
311 338 401 784 852 1303 1312 1476 1497 1615 1717
328 142 355 863 1132
378 1225
610 113 230 275 301 744 750 1474 1748
862 234 421 553 613 892 925 1259 1272 1342 1634 1809 1812
953 197 218 312 615 695 738 1254 1292 1684 1790
959 117 337 769 939 1002 1383 1775 1933
1087 126 322 697 1112 1293 1666 1957
1111 1430 1647
1500 702 783 805 872 1195 1232 1364 1811 1969
1543 104 336 374 824 1251 1388 1466
1904 746 888 1210 1328 1492 1848
1983 790 792 996 1031 1667
230 159 175 1032 1141 1388 1546 1729 1822 1902 1986
334 433 479 660 863 1724 1745 1886
416 307 380 393 510 1125 1492 1984
1223 117 654 1185 1643
1408 156 747 840 1205 1439 1622 1803
1451 92 299 352 498 688 809 872 904 1409 1635 1831 1860
1505 120 336 485 531 748 780 1171 1676 1678
1728 1326
1876 312 1330 1965 1985
82 625 1602 1620 1875
625 249 670 927
1602 115 168 411 867 1197 1384
1620 565 737 1370 1434 1965 1984
1875 270 827 863 966 1021 1310 1481 1576 1897
235 332 626 872 1164 1368
275 820 869 874 1092 1374 1885
685 100 338 1459 1614
748 119 637 841 1918
765 771 801 908 910 1463 1494 1995
786 571 1002 1520 1580 1899
927 988 1499
1561 267 325 591 623 696 749 944 1808 1865
1596 532 1059 1073 1190 1458
1673 428 863 944 1141 1278 1615 1824 1888
84 182 1497 1601 1684
182 342 446 766 821 1316 1558
1497 554 934 973 1157 1257 1373 1409 1493 1922
1601 329 492 513 555 802 1073 1516 1885
1684 95 146 156 338 555 667 710 879 1253 1546 1548
307 469 545 683 988 1099 1199 1462
521 696 1293 1297 1460 1576 1995
1078 735 1361 1504 1680
1224 609 712 767 1697
1424 694 717 1201 1746 1753 1854
1603 517 533 713 1614 1827 1987
1666 1138 1192 1483 1538
1984 178 312 566 650 718 1257 1349
86 156 191 842 919 1597
156 194 259 319 359 533 605 720 1077 1616 1626 1717 1873
191 113 123 932 1089 1163 1865
842 205 214 553 1545
919 218 484 763 913 1333 1402 1680 1739 1900 1993
1597 367 392 627 839 979 1302 1688 1999
321 294 295 684 1320 1858 1962
350 543 693 785 791 1179 1226 1775
598 234 266 728 805 849 1216 1652
602 584 811 1316 1428 1564
848 197 1005 1545 1628 1698
969 353 358 558 855 1012 1302 1384 1413 1435 1613
1151 188 255 312 364 454 720 819 925 1834
1592 380 612 762 831 974 1114 1393 1931
1802 740 791 1124 1366 1547
88 836 863 1050 1420 1562 1615
836 778 971 1897
863 421 648 972 1430 1745 1813 1936 1999
1050 1286 1978 1993
1420 225 301 326 449 653 662 730 1371 1432 1563 1969
1562 1005 1072 1239 1284 1455 1584
1615 260 502 650 663 738 763 1170 1613 1948
89 913 1170 1347 1463 1533 1799 1834
913 291 710 718 831 849 1189 1364 1851
1170 925 968 1053 1099 1533 1705 1965
1347 288 315 510 612 728 1023 1032 1039 1239 1302 1455 1768
1463 265 409 681 903 952 1055 1163 1454 1742 1753 1895 1941
1533 134 262 358 495 531 618 666
1799 569 738 1722 1969
1834 256 547 694 805 1159 1330 1389 1395 1591 1804
189 124 697 974 1169 1866
271 412 621 892 1703 1723 1960
450 392 439 654 735 791 1137 1244 1249
749 330 558 830 1284 1931
820 368 509 586 608 1040 1239 1837 1865 1940
824 382 597 1297 1372 1642 1730 1739 1776 1899 1985
1434 309 403 444 801 869 1455 1962
1622 932 1192 1337 1482 1512 1521 1662
91 515 532 763 1455 1934
515 312 510 533 732 851 1610
532 112 387 531 727 746 1234 1567 1855
763 117 428 988 1160 1512 1717
1455 801 870 968 1124 1487
1934 176 380 403 433 655 672 722 884 1006 1028 1917
92 288 655 682 710 838 877 1179 1404 1480 1506 1565 1632 1646 1780 1888 1998
288 170 207 349 448 694 795 870 1323
655 195 558 567 650 897
682 304 380 431 1039 1465 1568 1624
710 440 1120 1157 1225 1293 1545 1886
838 234 740 896 1314 1644
877 159 349 661 1275 1628 1644 1854 1954
1179 446 922 1182 1215 1259 1282 1922
1404 1219 1377
1480 319 410 865 1690 1701
1506 209 1182 1457 1902 1942 1990
1565 544 1652 1999
1632 124 368 1176 1213 1375 1668
1646 96 1011 1012 1132 1430 1853 1854
1780 431 916 1482 1896 1918
1888 330 1444 1525 1676
1998 429 896 1059 1580 1951 1956
93 326 688 1020 1243 1729
326 514 834 904 1044 1192 1206 1208 1828 1866
688 147 558 832 1046 1126 1357
1020 298 322 421 510 701 954 965 1029 1114 1492 1512 1623 1997
1243 397 750 1158 1189 1326 1814
1729 343 726 819 883 897 1054 1225 1441 1753 1782
111 465 612 864 1054 1130 1411
305 694 883 1175 1853
531 127 146 605 1176 1435 1892 1941
590 132 394 411 501 1160 1724 1792
897 190 289 371 1159 1239 1739
955 99 303 1547 1564 1591
1096 106 315 700 923 1090 1398
1130 1178 1375 1864
1504 355 619 808 1487 1649 1698 1933
1569 348 413 743 892 1031 1326 1387
1572 222 313 439 551 910 1371 1848
1774 217 612 692 1210 1545
95 550 660 784 900 930 960 965 1476
550 166 760 851 1044 1258 1532 1691 1740
660 115 791 1206 1351 1469 1745 1895
784 315 1126 1132 1384
900 591 720 1032 1120 1687
930 559 775 971 1188 1195 1547 1757
960 904 984 1253 1269 1831 1887 1961
965 555 695 1294 1428 1581 1585 1616 1790
1476 289 533 728 1135 1273 1474 1741
96 544 667 741 825 970 1460 1465 1722 1757 1856
544 766 809 1019 1200 1702
667 642 799 844 1105 1343 1440 1849 1862
741 265 564 693 728 925 972 1077 1133 1454 1481 1624
825 766 859
970 106 168 406 409 522 566 621 1566
1460 131 183 648 1003 1015 1643 1675 1810 1940
1465 613 615 1590 1899
1722 168 583 1044 1351 1680
1757 534 860 1418 1466 1481 1667 1811 1822 1871
1856 361 714 1493 1523 1838
672 701 1357 1696 1827
801 1312
1284 210 426 1023
1547 474 728 1371
98 258 374 422 1139 1169 1432 1524 1897
258 127 143 327 551 586 845 882 1031 1700
374 656 1293 1583
422 343 802 1516 1566 1742 1884 1995
1139 523 771 1163
1169 297 1054 1188 1990
1432 114 798 932 1034 1137 1200 1295 1366
1524 257 496 654 1294 1316 1494 1570 1697
1897 223 341 811 1657 1783
99 192 239 503 509 612 728 738 762 1252 1293 1310 1337
192 205 448 797 870 1037 1072 1171 1702
239 106 221 353 1486 1746 1993
503 139 295 943
509 591 1739
612 330 410 852 874 1584 1854 1951
728 795 967 1072 1437 1662 1920
738 119 1141 1658
762 150 158 268 950 1084 1457 1744 1999
1252 361 677 1114 1383 1462 1611 1758
1293 555 1205 1644
1310 1213 1621 1838 1892
1337 681 692 789 852 947 1015 1053 1365 1502
100 256 409 1474 1638
256 304 559 723 872 922 1171 1228 1257 1459
409 548 697 850 1239 1818 1867
1474 504 717 1473 1532 1538 1906
1638 272 744 774 840 912 1132 1253 1534
103 244 634 1083 1422 1563 1795
439 265 466 777 1114 1146 1381 1874 1942
1065 104 252 388 876 1398 1711 1786 1868 1942 1993 1997
1349 203 255 444 541 595 1037 1788 1878
1947 348 367 702
650 333 401 564 767 822 1226 1957 1959
821 709 722 1521
1010 119 120 218 1019 1556 1902 1921
1336 576 756 1368 1577 1885
1858 359 548 1006 1454
1886 163 411 474 779 923 981 1200 1584 1699
1943 391 659 1753
1996 330 1154 1583 1749
244 850 888 1190 1366 1419 1859
634 441 510 798 908 957 1000 1373 1469 1808 1920
1083 692 716 934 1155 1297 1475 1965
1422 428 530 814 1418 1591 1913
1563 319 653 671
1795 158 201 241 352 562 623 690 702 966 1201 1330 1368 1701
104 410 690 892 1055 1359 1366 1386 1395
410 142 352 554 747 798 1483
690 149 1015
892 330 774 903 912 1352 1499
1055 542 576 914 1866
1359 1298 1532 1628 1965 1997
1366 771 850 1197 1428
1386 124 661 1312 1697 1726 1980
1395 428 517 798 908 1084 1303 1457 1837
683 452 844 1532 1540 1793 1830 1894
809 539 571
968 638 670 673 928 932 1548 1739 1965
1028 150 269 563 649 841 1234
1227 177 221 304 514 684 964 1273
1232 495 559 1102 1413 1567 1642 1792 1895
1369 1029 1440 1507 1887
1936 1303 1933
1969 195 569 1435 1522 1696
1986 236 1199 1274 1903
106 195 583 621 1208
195 516 714 805 945 1117
583 436 593 977 1249 1492 1696 1713
621 338 874 1023 1141 1206 1995
1208 522 599 653 922 1006 1219 1558 1815 1933
107 353 582 645 700 1320
353 266 337 369 975 1177 1540 1711 1851 1892 1987
582 384 1361 1914
645 160 266 502 736 964 973 1429 1810 1864
700 629 1037 1508 1866
1320 1105 1492
387 1754 1854 1935
638 367 567 606 798 1200 1466 1884 1914
886 411 534 661 856 1874
1303 385 644 923 950 979 1140 1868 1956
1576 252 304 522 1782 1864 1866
1920 295 397 633 996 1034 1507
1178 576 701 723 1384
1182 145 489 635 668 1171 1173 1365 1624
1466 155 330 860 1251 1373
449 159 177 464 587 1614 1764 1851
1647 517 797 906 1862 1894 1935
1678 287 516 756 1236 1556 1730 1854
465 679 693 769 839 1159 1922
864 1253 1260
1054 402 428 714 1205 1256 1286 1370 1375 1471
1411 1744 1900
112 501 513 654 800 852 855 939 1205 1362 1381 1482 1703 1796 1804 1900 1995
501
513 485 798 845 1006 1062 1695
654 299 466 614 1215
800 203 489 652 1013 1079 1302 1775
852 158 259 287 329 514 576 1076 1249
855 119 145 369 723 957 1105 1244 1324 1328 1482 1644 1941
939 201 859 1584
1205 190 534 543 1316 1521 1803
1362 508 1614
1381 168 382 1361 1568 1837
1482 267 771 991 1059
1703 578 921 1161 1352 1384 1437
1796 120 298 428
1804 516 830 916 1570 1873 1874
1900 173 402 615 750 1226 1431
1995 297 364 580 670 971 1099 1906
113 382 834 904 951 1273 1312 1613
382 142 197 586 1168 1315 1717
834 656 811 988 1481 1742
904 369 982 1613 1860
951 166 707 921 1229 1314 1371
1273 336 492 1081 1141 1481 1815 1957
1312 411 456 1372 1502 1873
1613 608 1202 1440 1471 1758 1768
114 822 1274 1831
822 392 641 826 870 1516 1567
1274 552 1618 1748
1831 551 1697 1699 1830
115 359
359 412 1398 1493
222 694 916 957 1441 1581 1793 1999
541 146 623 1141
841 367 519 717 867 1158 1343 1634 1748 1841 1959
1315 1040 1229 1566 1748
1643 578 1013 1023 1768 1919 1997
1865 124 446 811 1389 1611 1671 1749
117 402 597 872 905 1357 1792 1925
402 257 291 723 931 1837
597 934 1029 1125 1325
872 259 444 586 1416
905 768 785 804 1901 1931
1357 267 1068 1146 1190 1658
1792 743 1454 1699
1925 854 1255
277 163 324 329 569 684 1389 1719
567 549 851 952 1254
743 323 432 505 697 756 856 1032 1435 1704
979 1184 1387 1993
1342 788 1642 1821 1871
1388 126 1516 1523
1515 295 922
119 342 870 1199 1740
342 249 790 831 1251
870 708 845 1316 1467 1590
1199 201 489 542 726 1269 1295 1421 1459 1688 1762 1808 1951
1740 974 1206 1216
120 149 798 908
149 633 1316 1429 1815 1860
798 1236 1322
908 704 1833
514 236 260 354 609 811 896 977 1691
1081 587 642 1492
1132 436 766 984 1137 1676
1421 155 865 1171 1783
1753 358 498 1302 1975
1793 903 910 1711
183 159 586 747 1164 1282 1534 1657
295 577 1032 1092 1133 1164 1327
614 653 1486 1609
1239 957 1609 1637 1705 1815
1449 207 304 780 1011 1092 1251 1854
1457 142 560 1102 1256
123 178 1649
178 136 214 479 539 712 830 1567 1701
1649 260 580 1614 1863
124 163 413 452 559 856 1140 1609 1724
163 139 1614 1830
413 713 849 1431 1874 1896
452 883 916
559 456 1688 1748 1814
856 623 884 1005 1372 1435 1475 1652
1140 404
1609 160 740 1328 1389
1724 186 236 1070 1229 1375 1442 1967
859 291 395 563 778 1158 1521 1696
126 566 626 663 874 966 1216 1862
566 262 267 715 756 1294 1634 1675 1978
626 168 202 270 318 533 564 696 785 1407 1469 1634
663 388 618 671 1314
874 158 656 1262
966 214 554 888 1523
1216 637 1437 1967
1862 428 495 797 943
127 187 354 737 792 876 1188 1316 1626 1782
187 641 646 1325 1630
354 241 492 615 670 1546 1696 1768 1811 1940
737 159 268 606 692 1250 1859
792 201 1016 1219 1507 1783 1987
876 257 291 587 693 720 943 1481 1987
1188 548 760 844 1377 1651 1803
1316 236 446 1202 1286 1821
1626 1072 1192 1370
1782 194 325 444 1407 1433 1454
412 170 565 1292 1665 1933
652 594 1229 1738
1756 928 1068 1739 1867
212 197 329 1352 1610
346 963 1467 1699 1993
996 787 1201 1688
1023 392 1048 1185
1072 404 628 709 845 1185 1652
1851 218 712 1294 1297 1805 1849
1899 325 767 775 1627 1837 1929 1931
1931 922 950 1251
159 207 294 371 1387 1435 1978
774 563 799 963 1211 1317 1762 1863
1868 385 446 760 775 923 1416 1711 1801 1960
1883 139 1435
131 272 371 635 747
272 268 1160 1202 1281 1700 1962
371 403 925 1630 1967
635 155 238 932 1375 1577
747 1350 1483 1735
132 303 316 735 1031 1133 1623 1827 1935
303 269 551 578 1566
316 1048 1158 1175 1439 1853
735 233 489
1031 168 179 209 778 1488
1133 752 1159 1184 1433 1489 1768
1623 139 505 1155 1297 1699
1827 291 421 646 910 1185 1657
1935 571 1039 1173 1309 1481 1895
428 523 611 628 1040 1099 1375 1788
543 1241 1383 1809
1333 190 257 947 1114 1219 1489 1492
1957 751 1790
134 324 349 565 695 697 723 923 1428 1764
324 194 291 563 564
349 238 489 929 1013 1105 1433 1521 1637 1801
565 379 746 1738 1896
695 534 549 723 736 1375
697 431 524 641 826 942 957 1402 1726 1746
723 309 479 1176
923 205 341 580 1068
1428 484 560 1121 1272
1764 150 331 494 708 933 1112
496 209 587 1618 1901 1928
633 188 629 744 805 1059 1813
769 327 495 552 613 1269 1435 1502 1949
914 217 234 849 981 1012
1197 210 1068 1398 1419 1825
1219 205 431 552 1335 1671
1364 1029 1234 1326
136 268 1154
268 366 971
1154 668 670 830 1048 1161 1726 1821 1860
193 1739
722 916 1192 1323 1483 1556 1614 1807 1821
1705 1079 1126 1737 1880 1961 1999
1871 214 375 629 760 1016 1458 1805 1894 1928 1938 1980
1942 176 209 444 814 944 945
320 166 173 214 486 1719
464 168 394 563 586 716 950 1253 1624
629 139 175 267 447 718 1815
926 712 1264 1713 1811
1260 931 1540 1583
1718 453 504 777 952 1039 1894
1775 1013 1176 1387 1459 1921 1941
1919 142 385 1651 1896
139 1105 1155 1717
1105 666
1155 441 1095 1201 1206 1236
1717 155 160 656 845 1327 1833
168 355 429 906 1015
238 300 474
615 1000 1048 1138 1469 1520 1691
954 804 903 934 958 1330 1616
1741 431 558 662 779 789 934 1330 1492 1508 1618 1959
1987 775 1496 1637 1807
158 146 147 269 337 338 397 560 1812
1297 203 361 441 1690
142 952 963 1502 1675 1880
952 605 1177
963 315 580 1241 1309 1859
1502 865 1218
1675 287 511 721 883 1189 1382
1880 291 1384 1407 1651
143 1137 1288
1137 1352 1518
1288 502 921 982 1236
144 325 469 1250 1744 1824
325 186 802 839 1282 1853 1927
469 1057 1487
1250 709 808 814 839
1744 964 971 974 1275 1323 1328 1896
1824 608 756 779 1046 1264
145 1361 1652 1922
1361 179 523 562 1298 1818
1652 932 958
1922 207 591 618 679 729 744 833 1265 1676 1812
146 1808
1808 205 1059
147 982
982 613 704 1658 1730
148 289 1928
289 312 1173
1928 1120 1314 1746
1429 205 533 1150
1815 504 766
1860 265 510 552 736 850 1259 1473 1590
150 338
338 839 1387
265 440 1002 1040 1566 1938
1810 922 981 1112 1158 1253 1540 1577 1713
1832 569 958 1671
949 404 519 586 805 1801
1029 214 768 805 865 1398
153 287 298 329 504 511 1163 1627
287 534 756 1189 1255
298 637 902 1138
329 594 1873 1999
504 659 677 1555
511 411
1163 637 1711 1748
1627 447 694 867 1254 1521 1566 1825
262 433 1279 1918
339 197 1354
341 319 721
851 309 502 587 605 1039
974 944 981 1492 1493 1520 1746 1859 1887
1089 236 797 1668 1754
155 1210 1667
1210 833 844 879
1667 545 673 867 1292 1784
194 1442
259 319 578 1202
319 1758 1949
533 297 1555 1704 1821 1980
605 1473 1475 1591 1768
720 267 474 1102 1192 1749
1077 426 431 446 519 789 1940
1616 943 971 1138 1526 1903
1873 429 552 1141 1235
474 539 1091 1160 1192 1762
485 1710 1749
547 845 1585 1698 1884
727 367 502
1225 175 1295 1830 1962
1309 221 315 947 1372 1993
1375 270 799 1567
1614 849 973
1651 257 1091 1251 1546
269 1577
337 217 308 358 1901
397 586 977 1713
560 505 524 551 958 1962
1812 713 714
207 542 1070 1691
294 364 393 1175 1628
1387 888 896 1462 1516 1577 1702
1435 649 947 1695 1896
1978 494
160 431 771 1352 1371 1610
431 563 777 1070 1112 1634 1701 1725 1801 1967
771 534 797 1171 1192 1383
1352 819 1229 1776 1901
1371 505 1202 1746 1784 1828 1933
1610 642 1168 1382 1709 1813
701 336 426 649 1507
1062 330 912 1437
1473 331 947 1520 1583 1892
1818 456 1076 1456
252 563 711 714 867 1126 1487 1521 1635
331 233 1255 1258 1322 1350 1368 1489 1901
355 1121 1215 1244 1249 1954
388 1384 1859
647 619 819
1914 944 988 1200 1494
1941 1431
1830 393 618
260 318 401 693 730 1518
1121 209 234 649 1378
1185 977 1591
619 352 882 1702
780 495 611 715 1520 1546 1690
845 502 1671 1814 1825 1980
1196 618 1559
1591
166 479 779 1462
479 315 595
779 466 922 931 1187 1546
1462 510 902 1350 1441 1558 1906
833 1894
945 249 429 1275 1590
1821 361 661 1032 1644
429 218 301 453 606 1218 1786
906 898 1278 1294
1015 551 826 1807
1189 576 714 1323 1365 1742
1481 789 819 1124 1292
1788 519 1487
170 709
709 241 867 1251 1961
553 494 608 827
1890 313 715 903
1921 1249 1887
890 1259 1532
1073 406 717 1492 1568
1368
1558 668 1202 1383 1624
173 406 495 718 830 1343 1702 1863 1971
406 791 1114 1159 1568 1634
495 308 704 931 957 1229 1866 1901 1913 1948
718 1126 1769 1822
830 361 606 732 1079 1444
1343 849
1702 308 819 1896
1863 840 1281
1971 352 1325 1668
176 197 1091 1730 1985
393 444 777 921 1214 1317 1377 1697 1833
494 308 646 783 1070 1200 1351 1906
704 1519
925 1739 1746 1758 1849
175 241 716 1327 1469 1621
241 1492 1556
716 860 1211 1440 1489 1528
1327
1469 318 510 1294 1314 1768
1621 1325 1487 1520 1521
197 348 384 552 712 977 1079 1254
1091 180 343 1226 1496 1713 1962
1730 1523 1738 1892
1985 932 1229 1676 1833 1954
177 202
202 300 563 788 1206 1311 1906
214 679 1317
539 1317
712 595 1507 1825 1848 1933
1567 799 1236 1249
1701 648 883 1112 1377
179 1726
1726 292 787 929 1676
180 205 711 988 1430 1590
205 932 1013 1618 1725
711 404 498
988 436 1171 1849
1430 233 366 656 1487 1748
1590 832
1384 903 1068 1275
446 1317
766 411 736 1095 1175
586 569 1486 1859
1164 522 591 623 708 726 732 760 805 1807
1282 510 956 1373 1803
1534 315 1441
1657 396 721 869 931
661 799 1200 1746
869 367 578 1402 1540
1555 811 922 1059 1658 1980
1723 236 910 1272 1458
1948 1374 1769
186 309 929
309 760 839 1739
929 1235 1458
641 327 552 646 1695 1758
646 1241
1325
1630 1150 1577
188 257 591 1150 1187
257 1251 1311 1624
591 440 576 1002 1006 1258 1374 1525 1566 1680 1884 1956
1150 301 865 1187
1187 984 1012 1112 1251 1257 1488
1866 217 315 844 1070
190 1254 1658 1961
1254 361 392 426
1658 563 692 934 1687
1961 352 391 694 1002 1419 1519 1526
932 580 1754
448
797 508 562 760
1037 411 666 775 1382
1171 684 1059 1527
1739 223 1507
1442 609 777 1433
516 1805
714 1070 1146
805 292 343 1849
1117 529
730 505 964 1068 1335 1735 1822
1213 958 1546
1214 1048 1841
348 789 1990
384
552 498 1032 1680
977 879 1311 1458 1695
1079 659
1092 524 648 750
1419
1467 392 394 1099
1691
330 466 563 707 827 1034 1114 1389 1499
466 789 964 1350 1378
896 332 789
1295 1068 1076 1735 1783
1837 585 594 1372 1402
832 332 401 882 1176
1281 1177
1631 1758
1797 327 1044 1057 1993
201 352 375 522 785 943 1021 1226 1980
352 957 1249
375 379 1776 1825
522 426 931 1218 1840
785 696 1084
943 530 668 1370 1933
1021 1378 1407
1226 1884
1980 487 502 732 760 1278 1522 1699 1878
300 255 1024 1034
563 768 804 1286
788 594 1302 1735 1828
1206 721 1709
1311 1005 1687 1854
1906
203 752 1324 1418
752 1471 1512 1929
1324 791 819
1418 292 1522
218 486 1433
1262 327 492 1323
1901 395 484 791 1046 1997
1013 1200 1255 1416
1618 444 799 921 1135 1249 1350 1807
1725 426 613 1566 1704 1783
1749 519 648 1190 1662
1874 502 668 1177 1532
542 637 787
1070 291 1059 1913
366 1341 1634
548 1487 1676 1762
1034 297 576 808 1039 1344 1516 1809
209 1458
1458 236 530 637 783
210 363 545 562 1344
363 308 1019
545 1090 1257 1845
562 318 692 957 1124 1317 1437
1344 971 1184 1302 1532
323 1317 1742
1146 681 783 1813
1581 322 401 814 947 1255 1272
1746 327 519 656 1314
301 984 1548 1585
679 524 576
1317 1053
884 267 767 768 1012 1044 1057 1314 1444
1068 313 1695
1580 608 1039 1519 1564
808 673 1090 1389
217 403 656
403 454
656 379 1176 1444 1894
486 1437
1433 1125 1201 1374 1526 1891
1634 721 740 1102 1635 1892
1735 1002 1177 1538
1885 299 1286 1398 1441
432 726
221 510 519 606 849 933 1697
510 385 524 580 746 1202 1265 1302 1927
519 1671 1954
606 1370 1854
849
933 487 668 1431 1487 1814 1993
1697 957 1351
694 594 1019
916 1244
957 395
1441 267 628 942 1183
1999 668 827
223 1456 1662 1814
1456 1158 1807
1662 1546 1688
1814 778 1176 1229
1269 708 1177
1680 551 628 1407
225 819 956 1559
819 1102 1990
956 578 1060
1559 385 1279 1499 1805
426 912 1235 1256 1258 1440 1475 1624
708 1099
850 498 783 1294 1488
1124 391 950 1493 1538
1805 308 368 599 744 1184
1589 944 1762 1903
1845 318 595 732 1768
1954 1335
1525 379 1255 1783
1032 536 1758
1141 578 595 799 1002
1546 1294 1742 1783
1822 524 536 1377
1902 489
379 404 642 1365 1493
1099 569 750 1892
1286 702 768 867 950 1566
1335 1257 1350 1378 1487 1927
1402 571 1211 1521
1838 1642 1855 1956
233 707
707 308 653 1444 1864
234 1496
1496
332 787 1228
236 1000 1241
1000 595
1241 318 1048 1084 1698
576 436 523 802 1257
1492 684 1039 1159 1292 1520
1801 1259
1965 802 1330
1486 444 811 1884
1993 585 587 1365 1459 1471 1518
444 826 1215 1365
1556 1076
1095 1512
1413 534 1322
1526
1917
411 789
1060 587 791 1409
1382 368 1012 1538
1849 713 1157
888 441 879
1190 975 1294
1859 291 318 1894
587 673
666 726 1521
1112 1016 1024 1195 1215 1887
1628 502 1564
1811 453 611 1040 1389
1853 912 1564
1644 396 595 608
1668 967 984
249 1688
1688 554 1201 1374
668 1489
721 385 584 684 1665
1120 1019
1522 1229 1253
1769 1161 1278
1642 392 401 483 1786
867 684 756 1499
1126 571 1742 1927
1487 593 802
1521 555 1160
1635 921 1848
1125 1183
380 609 693
648 529 1322 1493
1046 1439
1956 967 1884
255 571 1398 1784
571
1398 297 1159 1444 1825
1784 613 736
304 498 934 1278 1322 1700
922 578
1228 1292 1314 1471
1257 333 454
1459 1039 1195
1251 990 1377 1538
1624 972 1019 1564 1699
327 396 783 973
551 594 882 1258
882 1790
1700 395 440 814 826
578 702
1202 677 726 1927
318 498 756 1012
401 944 1006
693 593 659 684 692 1564
1518 555 1275
392
1892 536 1044 1431 1776 1891
1894 549 1754
433 367 1676
1279
1918 1407 1577
1475 266 1532
1687
440 1748
1002 483 826
1040
1566
1938 456 964
266 1256 1690 1855
1256 395 783 1236 1255 1933
1690 1272 1278
1855
267 934 1039
934 517 1215 1218
1039 534
971 659 811 1585
1577 973
270 395
395 498 1373 1713
1960
1160 627 659 1184 1444
1962 831
684 308 659 1114 1813
364 554 839
898 456 555 580 1489 1512
1407
1477 613
1671 1570
1374
1138
1516
1903 736 1016
569 740
1389 844 1201 1323 1328
1719 536 1326 1330
394 489 1235 1864
1867 549 653
291 1059
456 608 950 1076
860 928 1354 1585
1184 595
1532 1158 1372
1864
928 746 1302
984 778 991 1758
1016 726
1548 778 1019
404
369 1393
508
931 944 1314
1929
367 1545
554 430 1302 1568
883 1177 1292 1431
1006
789 1494
942 447 671 1523
972 1215 1454 1545
1194 947 1568 1696 1758
534 1696
756 746 1927
1255 653 775 1377 1967
795 292 778 910
1323 1754
312 358 502 814 1328 1383
1173 1008 1351 1538
613 750 1258
1059 517 746
292 1378 1887
1378
1887
865 1302 1709
1175 536
577
297
637 746 1053 1512 1585
902 944
299 787 1365
787 1351
1365
1024 483 1177 1538 1803
1585 1161 1483 1737
811 673 1695
1168
1454 744 768
498 1444
1278 313
1322 910
729 1520 1713
308
760
839 768 964
1528 549
358
502 623
814
1328 489 783 903 1444
1383 1272 1737
313 1176
1176 649
1737 673 831 1135 1959
315 1540 1848
1540 609 854 1611
1848 696
1048 322 529 1330 1354
1158
1439 385 826
436 1519
844 529 744
1298 1813 1997
1440 1488
1696
1012 361 524 1265 1807 1913
1758 696 767 1854
1949 623 990
322
1742
564
802
1927 1709
1044 1444 1828
1192
1828 732
396 1084 1695
783
973 1114 1302 1431
594 1813
827 454
1114 368 523 584
1499
1258
1350 580 1372 1745 1933
1489 361 505 627 967
333
1745 790
336 1748
1748 1762
1354 702
1003 1825
790
831
343 1377 1940
1377 430 673 1183
1940 558 1372
1699
717 430 1738
1768
1990 1183
489 627
1637 1884
791 964 1738
1523 1809
1959 659 1738
1249
975 441
1177
1711 910 1584
492 1494
670 441 1709
1215
1244
1102 385 1302
1519 595 1884
1493
921 990
1431
1713
361
628 1373
1019
1665 580
1710 530 1416
644 751 1409
1341 523
1545 1790
368
1393 751 1235
1967
726 854
1520 1011
1583 585
1776
1825 751
775
1275 746 981
1584
642 1011
609
1709 487
1676
385
627 746
1416 944 1437 1512 1698
1754
1854 447
1807 840 854
391
777
1833 430 1326 1896
1235
1373
1084
1695 944 950 1234
441 595
804
912
967 659
944 736 1483 1538
454
1159 1253
1568 558
732
671
1483
1292 1161
1933 1005 1790
713 1259
1896 1195
1161
1183 505 659
1471 483 1841
1508 662 981 1211
1201 1053 1913
430
677 585
1989
484
879
1884 447
421
523
611
453 1704
1218
1786 649
593
595
1234 1053 1813 1841
826
447
1370
1704
608 746
950
1076 1053 1564
1783 746 1409 1527
770 483
947
1253 1803
964
1057
1330 649
1762
529
1975 549
1135
1229
483
1437 662
487 673
673
536
662 549 903
1538 1494
1157
1494
750 740
1200 1895
1351 990
1913
958
1444 1090 1527
981
623
659
505 1790
1790 854 1570
524
580
746 1564
1265
1302
517
696
1840
799
530
618
1409
1809
1090 1564
1698
549
555
1803
558
692
768
1738
715
1294
740
990
702
584 649
649
585
1813 744
599
751
1272
1326
1564
744 767
1951
653
991
1053
1512
1011
736
767
1570
1895
903
1314
910
681
1211
1507
1259
854 1841
1891
1611
778
1236
1841
1195
1372
840
1005
1488
1878
1264
1008
1997
1527
