0 62 73 124 132 180 197 236 352 358 369 381 395 448 474 489
62 35 56 173 187 280 320 341 343 345 364 413 414 421 468 485 497
73 2 9 18 95 167 220 250 279 284 395 396 408
124 6 35 41 184 189 242 280 402 437 441
132 9 13 24 50 54 84 117 138 163 171 207 241 261 348 353 414 470
180 28 76 77 79 108 175 186 206 234 258 318 321 333 356 408 447 487
197 4 49 81 92 106 187 257 272 321 342 370 372 403 417 443 452
236 16 25 34 44 52 61 89 110 154 466
352 38 55 75 120 136 174 204 206 308 314 336 372 385 393 424 430 462 465 469 472
358 5 20 95 104 115 128 206 224 238 258 267 270 274 281 383 451
369 12 111 134 173 174 186 281 311 346 354 389 390 424 460
381 47 53 76 160 184 329 370 419 438
395 3 79 94 117 127 160 161 173 185 190 193 244 253 361 377 379 391 396 437 473 483
448 30 64 86 117 134 181 234 238 245 284 294 301 308 343 365 374 384 405 439 457 460
474 7 18 100 112 117 126 154 188 206 212 229 255 264 289 306 327 334 347 380 422 423 459
489 87 92 115 173 192 248 260 374 376 384 417 455 460 483
1 8 28 29 60 77 136 158 165 235 287 293 296 329 356 385 402 421 486 487 490
8 30 47 55 72 91 135 142 145 155 158 178 208 221 343 393
28 56 86 95 143 186 221 225 261 298 333 357 365 403 418 428 430 454 460
29 11 12 30 101 108 117 165 200 228 300 348
60 21 27 38 41 82 129 149 186 190 278 295 300 341 370 417
77 37 44 154 159 209 231 237 260 329 362 374 415 427 457
136 35 50 79 86 103 135 182 218 282 294 328 361 421 424 426 457 464 492
158 25 51 81 83 141 145 221 232 281 283 329 355 428 432 471 481 490
165 65 92 134 152 169 295 298 434 469 487
235 33 102 156 164 223 240 316 351 370 463 479 482
287 3 19 21 46 57 67 99 154 224 299 312 372 390 399 456 466 478
293 74 85 94 105 149 156 160 186 344 349 408 423 498
296 7 102 118 169 203 211 215 248 299 305 322 323 405 454 483
329 52 67 70 85 181 186 241 243 247 255 270 327 362 403 445 468 486
356 50 111 191 232 243 245 309 335 372 374 410 411 463
385 10 14 25 53 71 76 79 113 161 317 383 384 386 391 429 496
402 48 59 67 99 121 130 167 172 201 209 257 272 277 297 303 321 387 437 462
421 15 51 134 186 201 277 282 347 363 380 428 493 495
486 13 53 96 206 249 322 335 366
487 2 35 41 46 55 67 71 81 87 181 217 224 234 264 266 285 317 325 343 351 357 364
490 44 75 79 138 156 193 339 345
2 20 34 46 71 87 125 137 140 247 284 333 427 432 445
20 24 34 120 198 211 228 229 233 278 320 338 342 371 411 446 461 473
34 33 37 112 116 122 138 147 192 205 208 218 226 282 319 374 384 442
46 130 135 137 148 169 207 214 230 233 247 289 320 354 423 427 439
71 5 11 41 127 138 151 154 246 327 382 441 480
87 38 66 90 135 198 199 203 267 270 291 388 398 430 462 499
125 65 74 82 85 156 218 370 409 445
137 6 10 52 53 65 81 130 135 161 169 230 238 303 318 359 364 372 376 394 397 440
140 215 328 351 454 463 470
247 51 104 113 151 167 209 364 400 414 471 496
284 24 78 217 241 400 466 481 492
333 76 83 105 156 167 202 212 227 281 314 316 454 488
427 24 47 55 59 130 144 156 175 225 260 304 315 347 383 428 434 456 483 499
432 16 49 100 230 259 269 304 355 431 476
445 184 185 208 370 396 401 451 499
3 33 56 120 170 181 228 252 262 320 367 493
33 26 31 42 79 210 233 259 359 437 454 467
56 6 15 21 64 98 115 153 154 183 198 201 264 318 327 383 389 397 398 405 440 451 465 493
120 22 43 105 113 135 138 188 201 204 205 208 298 319 365
170 45 83 106 144 159 173 205 206 264 288 313 334 371 386 417 422
181 10 12 19 38 40 58 103 214 268 335 340 344 351 362 386 409 413 434
228 42 85 96 102 145 207 252 281 300 318 325 346 365 386 462 466 469
252 45 80 135 142 183 189 253 338 351 384 424 453 477
262 7 92 133 184 211 239 276 339 374 449
320 5 88 98 103 119 143 144 185 196 201 203 290 300 322 334 341 351 357 377 399 467
367 21 128 149 222 231 275 324 342 350
493 16 49 67 102 222 223 259 372 407 430 462
4 26 37 80 92 98 113 117 118 134 203 206 271 276 382 415 466 469 471
26 6 43 53 75 86 97 192 204 211 323 363 449 458 476
37 205 327 368 391 430 458 468 481 496 498
80 23 66 103 164 194 263 303 327 340 348 360 374 394 396 410 456 496
92 38 55 57 123 145 187 209 259 268 281 313 401 454 460 463
98 90 97 183 200 204 322 326 368 386 462
113 11 14 22 30 45 70 100 121 122 143 189 234 242 298 323 359 459 461
117 109 160 195 286 361 372 447
118 183 216 244 298 324 363 400 409 428 438 455 458 461 465 469 498
134 9 64 115 147 211 217 272 306 380 383 403 405 407 426 469 471
203 13 19 35 149 151 216 346 365 428 441 468
206 6 89 96 127 187 193 200 221 243 288 347 428 429 470
271 35 64 76 111 121 150 192 212 215 270 285 354 441 455 460 496
276 14 49 50 64 75 83 152 220 223 249 258 263 277 313 318 323 331 392 398 411 436 452 484
382 14 84 155 220 244 254 256 270 286 407 453 475 485
415 18 90 109 177 207 216 226 316 318 322 325 375 394 403 434
466 45 57 58 78 145 150 243 255 304 306 428 436 475
469 9 17 27 95 99 142 150 156 166 175 214 303 348 390 397 455 456 471
471 64 110 164 171 259 315 323 353 372 488 495
5 18 79 83 103 114 116 129 138 175 200 210 336 368 405 458 481 498
18 27 66 179 199 204 215 281 322 347 495
79 17 122 191 241 248 254 310 387 430 461 485
83 32 67 193 200 220 230 232 237 249 277 278 403 414 447
103 67 97 156 172 208 241 292 300
114 10 107 141 184 213 220 306 312 327 346 364 372 436 443 465
116 11 16 21 148 159 202 208 275 280 336 390 417 441 479 492
129 7 68 112 282 311 315 317 377 397 416 472
138 41 108 261 326 429 478
175 19 74 91 101 257 261 283 294 317 355 363
200 74 202 258 273 297 311 339 357 372 398 467
210 84 97 244 246 280 302 416 437 463
336 39 44 110 146 156 157 166 173 189 244 263 321 342 374 413 439 452 468
368 67 109 128 146 152 161 183 218 224 245 323 342 390 404 405 414
405 9 21 43 48 53 74 139 141 185 308 366 389 392 394 407 494
458 70 149 173 187 223 259 267 315 322 337 442
481 96 102 109 244 253 344 442 443 482 485
498 22 149 154 224 274 280 314 345 454 472
6 40 51 96 155 232 239 319 337 441
40 57 61 199 226 240 254 316 386 396 409 430 439 468
51 31 38 39 110 178 204 240 254 335 365 384 424 454
96 47 66 75 100 102 157 177 196 216 230 246 260 313 376 380 442 470
155 59 70 112 150 214 225 241 245 332 351 374
232 49 76 209 226 257 324 332 345 357 388 393 410 424 457
239 163 178 196 273 311 327 343 347 417
319 99 110 119 202 238 246 273 285 312 328 372 451
337 9 84 191 253 302 310 317 334 347 360 363 436
441 53 78 100 107 162 168 214 217 290 295 300 323 348 377 438
7 35 49 54 128 317 328 394 407 423 434
35 100 110 126 205 227 261 292 304 350 365 499
49 38 44 75 109 215 221 314 327 328 350
54 146 172 184 187 245 283 311 348
128 17 68 81 102 130 146 164 273 315 321 379 411 420 456 464
317 27 74 82 101 126 167 258 289 347 379 436 449
328 19 64 123 183 223 340
394 63 76 85 91 97 123 149 167 185 195 204 205 224 391
407 150 167 185 290 410 453 455 468
423 15 19 94 135 176 178 242 261 428 442 449 467
434 23 41 43 52 61 86 100 107 148 173 184 256 294 342 363 436
30 42 74 95 151 168 209 388 389 425
47 24 27 67 82 245 281 341 345 391 406 414 477
55 21 97 131 172 222 229 255 299 318 422 430 465
72 58 241 272 313 425 444 453 475
91 9 44 50 76 97 153 186 267 273 359 377 430 491 496 497
135 164 167 188 189 219 233 234 244 250 260 292 359 361 379 420 425 485
142 25 100 161 193 198 278 323 438 443
145 44 123 226 237 266 288 295 304 314 327 399 418 436 447 457
178 67 86 160 224 250 291 335 354 373 391
208 16 32 45 86 133 266 308 312 345 346 359 409 437 439 467 497
221 43 105 177 246 250 274 313 332 363 377 480
343 17 205 237 241 249 255 302 364 396 406 416 461 462 477
393 13 67 344 475
9 58 59 70 76 141 176 193 280 304 308 311 339 361 397 452
58 52 95 108 243 250 263 341 348 355 360 362 416 420 464
59 88 99 161 167 173 192 205 332 400 438 477 491
70 12 133 159 162 243 261 269 272 418 440 446
76 100 111 183 191 193 195 199 226 256 289 374 384 400 459 470 475
141 19 50 86 209 225 248 290 314 321 392
176 21 101 131 307 338 408 431
193 107 240 251 258 339 419 464 472 480 496
280 84 173 199 204 237 332
304 53 133 162 207 216 219 231 260 275 283 300 307 419 425 495
308 12 89 144 147 201 217 291 345 354 365 371 375 400 479
311 212 223 265 426 428 468 476 494
339 39 143 144 147 153 201 230 242 283 318 371 424 453
361 69 100 101 104 168 194 281 302 309 461 463 464 465
397 86 106 190 231 291 300 324 359 462 496
452 31 106 233 281 286 295 323 362 363 372 418 420 437 488 494 499
10 41 161 177 259 315 345 350 357 384 485 492
41 66 127 148 241 253 314 371 401 404 447 495
161 13 15 84 195 230 265 286 429 462 477
177 25 106 195 240 256 288 301 353 384 409 424 444 447
259 13 218 222 263 324 327 373 455 464
315 16 39 65 85 109 157 201 220 225 234 272 355 370 374 384 440 457
345 150 275 316 379 391 404 450 451
350 13 15 24 156 184 190 201 211 214 392 428 456
357 68 123 212 238 347 349 374 396 453 475 495
384 17 81 139 213 229 275 295 332 375 390 400 430
485 101 107 205 373 374 380 462 496
492 39 84 101 106 126 143 187 194 230 237 260 274 288 289 291 321 338 355 413 417 420 455
11 42 65 100 115 189 196 211 233 277 295 370 412 418 431
42 22 67 94 127 147 182 214 286 322 449 468
65 69 151 240 307 322 323 332 354 412 414 417 418
100 66 164 172 269 334 387 413 431 439
115 93 166 215 250 283 286 313 375 390 442 494
189 27 64 214 240 429 459 461 491
196 48 78 122 172 234 250 266 285 290 419 428 477 480
211 24 39 57 69 74 85 105 174 184 199 254 286 398
233 21 149 237 292 323 363 406 455 462 470
277 82 85 159 194 234 342 399 449 494
295 48 67 75 78 172 202 225 270 331 443 461 465
370 149 156 225 242 245 321 348 403 438 440 473
412 21 44 86 111 133 169 274 433 461 480 497
418 88 94 204 216 226 355 359 419 459
431 53 93 215 269 300
12 110 190 229 318 344
110 15 220 251 316 334 400 424 453
190 109 153 174 310 334 349 387 425 450 455
229 23 99 168 254 330 335 355 360 376 390 450 472 484
318 19 45 101 159 164 220 256 274 281 291 374 400 428 433 447
344 23 89 153 249 316 324 334 446 451
13 104 150 198 225
104 15 23 69 179 398 439 470
150 102 112 160 194 301 331 342 360 374 386 391 446
198 53 119 269 324 406 409
225 61 81 130 256 299 467
14 85 169 244 261 278 309 388
85 24 199 231 244 294 303 307 342 410 450 468
169 38 163 231 250 278 305 309 322 377 463 479
244 57 97 122 144 199 245 272 303 340 341 351 365 366 374 391 409 422 443
261 17 108 172 188 298 359 390 392 446 475
278 36 281 282 411 470
309 69 156 272 316 338 459
388 50 202 254 258 269 347 410 428 438 473
15 25 43 89 122 167 173 267 282 364 424 494
25 82 106 108 185 283 399 425 456
43 23 133 294 351 379 440 455
89 16 99 156 281 314 420 428
122 127 131 186 202 279 341 408 444 467 475 476
167 74 86 154 163 195 249 299 321
173 53 63 147 153 215 264 266 316 366 396 433 477
267 67 97 153 168 183 291 326 335 354 387 436 467
282 99 174 230 248 265 289
364 112 139 305 313 389 403 413 449 457
424 126 133 156 157 213 220 377 463
494 52 95 263 268 342 419 456
16 107 301 346 351 417 470
107 24 69 127 133 253 260 281 307 340 455 457 477
301 17 166 231 264 292 326 342 351 380 411 422 428 488
346 151 162 163 164 187 227 249 283 306 379 491
351 50 99 163 246 254 366 383 430 437 462 467
417 101 133 143 149 207 347 360 403 443
470 21 171 182 231 270 327
17 223 298 404 478
223 184 253 371 377 495
298 238 335 396 401 468 479 495 497
404 23 31 66 75 168 224 269 286 299 303 305 334 420 442
478 38 81 127 154 163 174 194 204 242 291 302 354 359 422 472
27 168 172 188 224 241 316 390 411 443
66 63 86 97 119 179 268 332 360 464 499
179 57 67 148 151 152 194 227 281 313 379
199 255 285 300 302 341 371 408 457 497
204 75 289 306 372
215 111 265 266 302 303 372 419 455
281 68 86 99 123 216 256 258 297 408 422 425 480 488
322 101 123 126 185 192 222 248 251 325 379
347 32 64 159 214 218 274 279 316
495 151 186 207 231 273 422 436
19 148 209 334 338 349 355 419
148 99 108 126 297 326 354 383 443 444 447
209 263 288 305 362 391 442 463
334 22 67 108 151 258 348 366 482 499
338 88 105 159 213 286 383 449
349 48 61 102 126 214 217 260 291 377 399 435
355 154 220 288 451 464 483
419 23 97 102 164 171 222 332 390 413 422 446 453
24 44 64 90 108 112 256 312 363 386 387 398 467 480 497
342 50 172 185 188 257 327 377 437
371 22 95 152 291 303 306 316
411 97 156 195 335 430 456 463
446 101 323 428 472
461 258 428 443 480 482 483
473 152 222 250 306 377 390 414 435 447 480
21 22 50 163 186 450
22 61 166 224 250 256 269 341 360 420 444
50 75 144 153 172 242 272 289 354 444
163 127 260 306 332 433 456 468
186 108 131 188 272 362 399 438
450 81 263 272 390 468
61 38 86 230 237 241 246 264 422 439
166 88 93 151 251 283 327 378 462
224 108 214 219 234 290 324 372 491
250 316 399 413 462
256 32 109 217 240 289 408 438 451
269 23 231 273 290 294
341 86 127 258 266 294 362 363 389 413 480
360 64 195 213 237 251 453 455 477
420 23 172 289 324 438 497
444 143 217 219 249 268 321 422 436
23 75 192 243 263 335 430 442 454
75 32 53 102 126 131 147 212 249 268 379 396 449 459
192 168 226 289 313 366 497
243 149 201 330 457 483 497
263 90 119 207 216 227 230 290 316 335 406 408
335 44 52 81 146 359 376 389 437 479
430 152 257 348 365 374 392 454
442 268 330 392 443
454 52 153 159 237 390 391 422
44 88 101 153 201 253 340 373 451 468 480
64 31 32 182 289 363 428 429 453 455
90 52 143 246 314 410 414 440 488
108 187 222 240 268 270 440
112 68 249 362 365
312 153 302 324 327 362 389 435 453
363 99 248 257 399 443
386 68 182 183 195 325 414 428 480 491
387 53 188 234 257 258 290 306 491
398 121 144 168 213 226 241 275 359 366 426
467 154 437 447
480 86 168 241 275 456
497 152 305 365 372 451
82 162 297 377 380 391 437
106 74 212 230 362 392 499
185 52 84 205 323 332 362 379 396 426 457
283 32 130 133 220 376 457
399 130 171 183 226 245 268 366 373
425 127 153 291 314 373 401
456 212 216 246 279 383
53 160 306 326
86 143 205 214 264 266 306 326 401
97 57 153 162 323 389 476
323 159 202 226 272 294 326 392 422
449 111 241 391
476 191 194 222 265 377 428 435 491
168 68 201 306 413 443
172 36 45 93 182 253 482
188 45 94 183 214 231 275 326 483 496
241 102 149 157
316 187 222 246 292 443 479
390 63 201 207 257 330 414
443 32 48 101 151 194 265 313 326 362 447
95 105 154 213 266 279 285 376
143 88 212 305
365 63 101 127 201 257 285 289 300 428
403 57 84 130 131 205 234 314 353 406 484
428 63 74 94 325 359
460 45 219 258 265 268 353 410 416 439
101 153 164 219 258 275 366 380 499
300 127 242 273 307 429
348 31 48 151 184 213 222 246 488
74 78 146 372 457 483
151 310 324 377 410 479
389 94 119 157 222 274 321 436
31 133 139 149 201 237 240 246 258 410 426 439
133 38 131 266 306 353
139 36 67 212 285 359 376 383
149 39 126 131 286 290 359 477
201 205 366
237 127 213 248
240 191 220 234 414 416
246 99 184 340 373 377 396 463
258 219 289 324 332 380
410 164 171 409
426 84 111 119 222 288 299 377 475
439 38 52 126 146 212
32 38 52 78 266 366
38 84 94 217 286 314
52 253 414
78 57 99 202 289 321 359
266 45 48 102 105 126 226 268 451 472
366 157 214 257 285 455
359 69 182 380 475
437 57 109 207 380 464
147 109 156 380 435
205 94 99 216 354 380 406 440 459
218 45 68 264 379 459
226 69 379
374 213 227
126 354
227 88 164 216 462
292 171
499 332 377 496
36 94 123 307 436 496
94 84 182 400
123 119 131 230 372
307 230 270 275 362 401
436 130 171 191 253 306 376 468
496 39 69 362 379
327 48 217 238 286 288 380 433 465
391 68 238 268 270 305 440
468 212 251
84 290 305
217 69 102 191 265 472
286 111 324
314 183 245
39 81 99 130 159 162 310 400 408
81 93 255 321
99 265 290 297 482
130 68 69 257
159 164 216 279 305 321 353 354 362
162 109 268 299
310 260 279 290 377 392
400 202 238 248 294 302 455 463
408 57 255 392
57 146 184 212 216 249 260 306 479
254 152 275
396 93 109 127 248 302 401 429 479
409 184 435 451
127 202 219 482
253 156 249 274 291 453
401 152 207 214 429
447 69 288
67 63 68 174 212 297
182 63 153 273
214 88
294 164 373 392 464
379 111 325 331 440 491
440 131 207 222 274 373 376 435
455 195 248 331 475
88 279 433 457 477
153 93 105 245 340 488
340 290 463
373 69 257 325 414 453 459
451 220 264
45 230 248 290
230 245
248 154 195
290 119 121 303 459
207 435
289 174
354 102 183 216 255 331
245 297 305 306
406 488
414 264 383 465
477 288
48 69 154 157 260 331 383
69 291
154 131 212 297 392
157 146 156
260 326
331 93 184 234 299 302 313 483
383 102 321 380
109 234 288 453
144
242 422
272 93 302 475
160 174 194 326
306 183 251 268
326 191 194
146 156 194 380
184 156 275 332 376
187 222 422 475
131 321 362 375 378
222 274 275 332
255 377 433
299 303
422 156 202 212
465 105 302 435
183 194
264 156 219 392
212 273
216 119 372
249 119 275 324 353 438
479 332 459 482
362 257 380
416 68 380
464 231 238 483
332 156 194 305 324 429
438 111 164 231 273 325 377
491 119 484
413 231 279 313 433
63 375
375 279
429 111 297 377
453 325 459
119
268
68 234 274 372 463 488
174 279
297 275
234 353 475
274
372 93 219
463 457
488 303
291 302
313 164 219 303 435
475 202 213
220 433
279 265
457 231 265
483 305 353
102 121 191 251 273
459 156 171
111 285
191 257 321
195 164 251 482
231
202 219 380
321 194
164
194 303 462
303 330 380
93 105 288 353
377 285 325 330
380 433 435
305 156 433
270
462 156
433
156
273
105
288 265
353
213
285 238
376
265
482
219
275
121
251
392 330
324
472
257 152 435
378 302 330
171
238
435 330
152
302 330
325
330
484
