0 95 188 242 264 326 498 703 965
95 117 546 715 819 884 904
188 59 133 192 238 382 391 514 702 786 927
242 29 105 195 657 719 773 901
264 28 34 136 559 781 869 955 964
326 200 418 452 731 785 821 863
498 63 68 172 296 325 466 520 584 635 651 725 778 803 818 976
703 13 97 126 176 274 410 413 456 480 553 556 573 724 857 957
965 51 169 176 249 321 436 465 491 519 556 636 712 742 803 904 948 979
1 19 66 133 137 293 416 418 424 455 464 722 734 909 935 968 979
19 444 449 469 732 851 914
66 110 149 167 260 268 287 309 520 554 598 728 833 873 877 939 983
133 259 329 367 389 413 483 495 595 622 726 855 878 918 946
137 89 122 272 366 446 571 573 704 956
293 3 47 54 217 301 492 550 572 712 727 739 808 843
416 14 319 526 541 829 926 936
418 21 109 121 168 327 477 512 613 666 692 715 754 803 832 849 875 883 952
424 65 110 124 358 397 469 563 723 846 868 884 927
455 168 174 387 475 509 735 773
464 31 75 214 237 280 444 501 509 837 932 941
722 209 304 577 609 733 905 924
734 12 118 140 309 359 510 543 546 626 643 657 693 701 702 881 952
909 469 972
935 35 103 142 311 392 527 533 671 691 735 768 823 862
968 79 204 205 228 433 830 890
979 402 487 827 917 937 967
2 75 169 186 197 261 294 571 791 840 854 914 962
75 76 279 301 415 436 557 826
169 3 30 295 494 639 707 944
186 89 445 503 542 584 644 771 812 840
197 46 147 174 183 288 306 337 535 858
261 31 57 89 130 141 268 390 567 573 669 677 842 868 971 986
294 128 160 286 429 454 789
571 98 145 156 161 299 599 605 630 641 659 682 865 971
791 25 129 212 289 329 384 395 406 583 587 642 726 841 919 920
840 280 347 395 437 440 447 458 638 663 884 894
854 55 221 240 394 699 724 792 847 950
914 171 202 356 614 692 803
962 5 32 165 177 229 260 463 594 639 796 943 978 981 997
3 29 233 314 408 566 729 738 754 781 975
29 134 351 481 507 846 926
233 70 94 109 179 405 434 640 674 892
314 50 78 90 146 340 650 684 773 990
408 30 166 274 373 401 526 685 822 954
566 58 92 288 366 370 558 582 754 920
729 14 37 94 423 463 557 646
738 245 265 410 417 647 663 780 849 870
754 59 121 508 889 993
781 20 76 126 276 303 352 383 392 514 631
975 39 56 121 230 302 363 719 967
4 292 299 374 439 453 928
292 51 119 185 269 335 376 391 402 449 495 546 593 623 772 880
299 37 44 105 112 152 344 370 388 396 420 450 480 581 628 726 810 902 973
374 123 151 381 463 528 529 549 688 695 845 964
439 154 335 397 481 492 501 542 672 869
453 58 204 260 315 510 535 552 588 668 884 963
928 172 229 328 494 507 675 689 990
5 62 65 111 143 372 443 451 505 698 709 875
62 174 224 367 376 392 444 527 589 624 670 718 757 759
65 7 92 120 180 600 623 645 874
111 10 104 300 436 822 996
143 91 363 380 457 511 624 739 777 887
372 172 182 212 389 784
443 59 89 138 356 382 406 431 579 732 802 813 951
451 400 410 538 540 707 773 780 844 988 999
505 107 358 383 434 607 634 833 893 970
698 50 141 232 285 465 567 588 601 774 903 958
709 82 85 117 147 174 295 325 585 681 982
875 34 152 227 610 992
6 37 130 368 430 473 678 908 956 958 990
37 89 241 315 357 520 765 865 884 948
130 126 165 182 278 304 431 520 770 868 876
368 70 286 388 998
430 11 99 141 170 249 310 535 606
473 87 88 100 222 223 413 466 475 495 858 973
678 185 205 376 450 476 511 561 706 748 766
908 30 99 115 135 338 649 710 737 760 809 863 937
956 131 142 172 723 773
958 515 733 740 893 894 907
990 483 653 727 880
7 8 68 241 320 325 338 551 583 585 794 811 838 907 969
8 77 89 153 302 341 409 420 548 558 576 609 665 888
68 60 156 273 360 482 602 605 880
241 31 179 250 346 611 713 966
320 163 533 809 861 890 967 983
325 42 224 351 358 449 570 606 669 670 682 707 745 857
338 177 342 479 904
551 152 182 360 362 367 630 765 926 938 982
583 11 50 132 237 420 657
585 57 387 438 442 717 755 903 917 951
794 47 378 391 474 511 550 621 640 664 892 899 986 995
811 107 189 419 440 556 663 751 971
838 67 357 431 495 636 737 783 825 828 845 853 883 913
907 118 262 319 385 459 494 651
969 90 141 163 204 246 283 500 534 676 861 893 922
77 141 163 183 324 349 403 575 650 711 782 815
89 122 138 189 234 286 401 409 476 766
153 289 446 482 670 689 749 954
302 79 475 518 545 724 864
341 235 336 356 667 891
409 134 343 433 457 542 567 756 955
420 83 92 355 499 629 795 939
548 28 243 762
558 231 295 321 508 694 730 802 826 829 877 891 988
576 50 147 185 215 248 303 333 648 659 736 867 868
609 509 601 918
665 131 367 422 519 545 611 695 721 745 761 762
888 229 419 495 631 731 843 890 995
9 31 53 97 140 185 280 406 432 448 450 458 575 608 646 726 743 793 852 878
31 192 329 474 826 897 917
53 18 178 219 312 470 578 655 812 890 972 985
97 32 189 198 500 533 763 831
140 69 201 208 340 605 687 717 881
185 180 203 333 555 736 869
280 205
406 248 332 450 628 639 824 913
432 40 321 516 519 600 639 680 724 934 987
448 144 205 223 232 274 512 579 588 590 668 671 753 825
450 32 159 164 246 268 288 328 359 393 456 527 541 673 718 864 890 917
458 283 360 461 465 506 615 751 800 886
575 116 191 217 555 701 783 826 852 926
608 113 462 479 529 614 828 891 934
646 91 122 228 289 333 403 515 647 779 789 839 989 998
726 71 254 417 507 559 573 744 798
743 10 59 154 298 508 531 613 848 851 929 976 999
793 105 113 114 290 291 384 615 642 656 720 876
852 32 256 300 362 375 543 728 742 765 783 790 885 933 963
878 301 364 387 489 503 737 775 861 947
10 184 202 468 511 619 921
184 92 657 929 957
202 14 96 136 166 396 480 567 618 699 744 831 885 938
468 324 342 543 549 700
511 84 190 193 230 427 525 590 601 611 619 785 894 918 922
619 110 114 129 156 447 480 687 717 906
921 389 466 538 595 764 936
11 84 113 146 277 346 563 578 611 730 816 874 894
84 134 190 308 394 772 808 870 936 937
113 175 269 363 543 578 672 931 938
146 103 150 336 410 861 982
277 22 183 195 351 624 636 753 874 889
346 232 568 689 783 821 850 864
563 86 100 109 125 165 262 478 723 739 780 800 825 971
578 30 78 431 660 768 825 856
611 200 227 637 705 805 868 887 922
730 40 45 58 312 530 537 587 591 613 677 755 881 943
816 24 175 284 477 557 591 603 625 654 672
874 13 70 139 144 312 343 352 452 607 679 786 986
894 78 102 103 107 243 269 596 616 676 920 923 992 995
12 39 57 86 396 747 967
39 32 105 207 274 966 988
57 199 350 395 503 539 723 869 959 994
86 503 561 712 714 719
396 73 403 467 800 912
747 160 177 246 282 620 638 684 693
967 174 238 318 456 766 971
13 40 339 421 564 574 640 798 936 960
40 272 412 620 711 727 860
339 175 182 506 508 546
421 88 324 531 666 823 858 882 915
564 32 163 315 461 466 529 568 707
574 155 159 224 274 286 352 499 987 997
640 69 129 226 312 369 454 601 704 939
798 26 28 231 347 375 411 472 519
936 55 568 847 876 882 900 931 960
960 126 128 149 370 519 579 668 697 831 942
14 28 150 603 616 886
28 67 180 211 232 267 403 438 638 692 768 832 980
150 117 244 297 414 441 494 550 916 974
603 236 259 382 773 803 848 883
616 236 246 327 377 449 466 629 897 924
886 490 513 621 760 773
15 18 80 283 316 348 503 610 725 759 867
18 36 199 393 770 943
80 178 231 322 345 481 604 615 760 789 853 887
283 215 415 789 809 813 849 993
316 244 272 392 399 492 500 530
348 269 394 512 697 955 986
503 207 246 317 417 499 628 723 770 831
610 85 286 435 501 702 923 961 994
725 161 351 620 634 929 964
759 109 222 412 657 659 827 981 996
867 99 235 244 251 262 469 481 718
16 27 81 461 671 772 882
27 98 237 313 333 587 647 927
81 122 347 748 766 901
461 142 230 350 354 544 755 808 983
671 76 249 271 321 570 711 896 906 941 995
772 156 251 252 370 510 705 751 785 788 804 922 925
882 42 148 235 306 334 351 365 390 445 489 639 731 737 825 871
17 508 520 590 594 927
508 47 144 268 567 824 839 850 927
520 70 99 275 312 377 971
590 192 246 297 524 622 624 642 689 902 932 972 985
594 125 281 335 721 731 744 752
927 152 276 487 593 766 906
36 179 306 435 565 820
199 144 205 347 375 947
393 56 319 483 613 682 696 702 749 785 860
770 122 240 426 431 989
943 67 221 500 733 822 862
444 58 382 398 638 775 795 830 932 957
449 163 249 274 337 481 628 700 706 889 947 991
469 42 100 191 274 287 411 690 780
732 336 337 349 399 436 593 784 939 993
851 179 262 298 542 835 932 983
20 234 256 263 266 385 478 481 489 562 706
234 141 152 217 459 496 533 795
256 46 203 219 235 267 349 686 715
263 100 147 159 281 635 690 752 792 989
266 63 78 167 206 623 755 804 946
385 71 106 129 210 270 518 543 560 632 662 757 758 978 984
478 60 118 154 300 312 401 476 989
481 82 180 231 544 733 807 868 887
489 301 513 592 763 785 823 879
562 90 94 350 433 529 606 756 760 780 809 918
706 32 128 304 345 367 543 592 654 727 751 801 868
21 164 192 258 403 482 565 887
164 74 82 102 121 163 343 355 530 601 672 906
192 330 517 670 783 833 892
258 70 93 257 330 335 405 670 672 780 860 872
403 47 436
482 390 569 572 628 864 895 949
565 67 183 195 289 724 783 789 801 829 937 994
887 460 539 871
22 64 135 328 572 688 702 740 751 835 932
64 201 319 595 712 861 912
135 797 833 858
328 149 195 351 353 354 568 735 892
572 74 201 270
688 44 74 492 518 713 735 849 896 932 980
702 52 190 244 262 360 538 625 766 775 780 917 951
740 132 228 465 663 714 723 807 868
751 33 61 90 100 271 279 460 510 518 757 884 955 977
835 297 529
932 25 102 546 697 713 731 749 812 831 866 987
23 298 389 487 605 606 607 625 708 745 746 904
298 50 60 102 222 425 606 628 891 895
389 42 92 142 360 428 445 510 648 683 801
487 24 486 746 913
605 208 345 347 438 643 850 905
606 117 118 250 364 521 538 652 705
607 52 76 138 281 491 530 586
625 159 224 244 654
708 158 313 629 769
745 255 303 310 386 426 683 804
746 276 394 485 540 898 912 951
904 46 105 215 333 388 475 483 744 813 954
24 367 675 786
367 76 154 285 532
675 26 402 567 846 896
786 349 446 521 763 899 905
25 92 173 201 523 933 938
92 157 834
173 32 126 145 379 598 655 870 885 902
201 96 103 156 278 334 383 413 550 598 820 848 897 915 953
523 94 116 154 653 757 808 948
933 278 284 308 340 696 826 836 916 922 984
938 237 312 391 471 528 601 613 644 685 809 873 903
26 118 369
118 103 683 880 942 972
369 79 401 839 845
98 72 239 382 519 552 660 661 691 727 797
237 61 257 323 861 944
313 43 52 182 303 426 676
333 215 383 392 553 881
587 114 121 407
647 171 397 441 470 591 652 663 836 884
67 159 208 272 440 628 870
180 318 342 684 764 773 871
211 73 336 364 670 694 787 972
232 271 531 892
267 288 401 797 916 944
438 34 101 145 281 332 422 447 479 488 528 896
638 96 208 295 304 395 539 636 642 752 766 912 931 997
692 168 218 221 622 783 942 972
768 138 176 243 704 717 753 976
832 175 239 303 437 504 830
980 129 289 641 741 881
134 42 119 149 321 410 492 973
351 76 245 275 310 321 340 370 495 567 645 820 845 863 997
507 83 236 268 311 323 525 636 720 761 986
846 253 270 309 323 682 755
926 58 187 268 446 471 477 742 823 850
30 33 212 221 271 279 295 303 679 825
33 236 249 275 306 340 380 528 663 668 689 859 892
212 52 170 329 399 555 559 573 870 961 985
221 422 454 651 658 699 799
271 637 660 696
279 215 308 332 437 475 615 750
295 49 121 527 550 580 604 711 825 836 951
303 387 615 905 934
679 321 405 693 721 761 862 864 895
825 71 152 276 434 515 553 557 742 782 890 897 903 976
329 114 165 206 286 412 824 994
474 208 225 534 648 649 766 776 859 879 890
826 101 174 344 364 410 433 527 567 775 995
897 60 100 208 284 331 380 996
917 83 85 102 467 713 803 804 880 911
32 183 362 410 426 490 567 620 682 762 853
183 214 251 402 431 434 472 626 666 929
362 88 892
410 73 139 269 500 557 925
426 284 307 380 388 618 696 758
490 78 107 332 588 834 873 889
567 101 106 312 336 493 667 741 802 947
620 156 223 265 284 337 390 399 486 504 656 841 978
682 138 251 336 352 471 946 997
762 318 319 689 763 774 804 925
853 142 363 533 639 716 868 896 957 963
236 114 132 172 381 526 542 704 782 792 820 857
249 229 463 491 524 631 661 810 922
275 101 411 480 526 547 659 787
306 108 355 497 773 859 895 961 982
340 431 512 546 547 586 760 799 831 944 963 997
380 476 502 524 637 673 744 764 812
528 243 400 845
663 157 213 224 399 465 488 920
668 189 225 392 753
689 72 244 381 405 553 593 649
859 49 54 110 300 310 519
892 52 120 343 445 554 612 779
34 82 986
82 74 121 890 984
986 345 384 404 504 521 569 701 771 837 871 939
35 38 59 76 189 445 486 527 974
38 42 479 519 628 658 727 839 889 952
59 41 54 122 193 697 782 869
76 70 534 604 623 704 707 748 836 873
189 132 195 260 517 716 834 860 929
445 55 218 309 433 492 496 527 568 713 789 799 939 972
486 401 641 660 845 881 953
527 114 246 404 466 479 680 684 807 961 991 992
974 319 431 493
179 324 335 423 516 641 653 720 756 988
435 119 191 196 228 305 411 561 700 736 856
820 407 538 596 766 829 869 910
315 87 149 309 398 526 534 877 984 994
357 521 541 691 803
765 223 356 624 664 881 899
865 230 245 260 317 370 552 623 893
884 492 540 541 705 712 973 976
948 158 331 349 595 615 631 955
42 144 213 255 354 542 871
479 222 352 497 519 680 757 952
519 87 114 145 411 560 700
628 394 903
658 156 417 494 717 970
727 74 196 388 690 769 784 876
839 175 231 454 531 534 540 621
889 255 288 957
952 123 136 531 539
105 165 214 227 317 383 593 924 964 977
207 78 615 711 776
274 48 226 475 622
966 48 70 181 792 807 871 953 970
988 636 694 849 977 982
272 131 194 284 363 801 843 881
412 381 593 635 664
711 72 141 253 517 586 637 669 696 737 801 949
860 102 142 244 540 568
41 123 364 561 744 814 857 972 981
123 171 174 373 376 472 535 597 617 913 963
364 210 310 440 593 753 773 843 850
561 44 539 618 712 827 861 864 941 994
744 358 510 631 661 831 880 890 924
814 219 379 691 863 940 963
857 245 301 309 597 769 779 978 992
972 278 598 694 911
981 220 235 398 422 465 552 670 707 780 836 845
144 161 349 512 667 767
213 200 546 758 773 953
255 43 103 817 953
354 88 175 310 337 352 361 617
542 286 327 375 556 557 718 906 995
871 108 136 317 355 411 493 559 659 695 696 815 893 997
43 145 496 529 997
145 93 399 879 976
496 107 155 254 615 785 869
529 217 784 961
997 46 193 215 379 388 433 532 633 724 883 957
44 45 124 216 238 244 250 305 554 796 992
45 195 203 375 502 518 673 687
124 599 642 977
216 268 799 817 930 982
238 493 513 541 568 570 918
244 129 601 756 903
250 532 549 694 776
305 257 428 586 598 694 792 949
554 309 842
796 91 166 209
992 224 259 880 915 916 949
195 398 459 636 695 715
203 265 466 534 588 756 866
375 109 230 401 494 818 902 918 959
502 106 110 114 219
518 49 117 181 265 281 381 437 495 632
673 114 297 304 397 504 626
687 55 278 399 655 657 827 937
46 48 49 149 162 544 597
48 120 129 210 645 733 858 913 944
49 108 194 228 377 525 595 699 916
149 182 475 501 516 666
162 204 553 651 912 996
544 138 308 414 534 777 876 939 942 996
597 284 322 391 429 676 858 918
47 99 136 309 377 569 834 931
99 215 225 617 695 737 785 828
136 88 117 549 879
309 101 276 371 401 540 901
377 100 205 422 495 506 588 696 721 880
569 359 427 495 849
834 254 379 442 591 680 836 982 998
931 52 755 827
120 177 190
129 388 467 634 660 795 828
210 342 491 510 780
645 422 460 480 499 500 595 756 842
733 347 493 506 681
858 423 495 630
913 74 198 208 252 342 395 685 686 862
944 147 205 318 336 376
108 63 352 394 516 588
194 155 167 178 296 431 634 720 890 901 953
228 52 281 344 775 778 942 946
525 54 230 361 617 672
595 51 198 208 262 373 422 599
699 353 477 492 515 524 612 669 883 929 999
916 56 159 168 198 215 667 963
50 72 229 269 335 546 599 632 650 680 807 868 993
72 310 499 604 777 819
229 63 531 629
269 539 581 634 994
335 190 363 488 631 660 779 915
546 504 650
599 220 414 491 752 849 881
632 91 122 193 235 342 579 641 659 818 845 877
650 251 552 577 623
680 239 415 591 716
807 100 634 691 808 923
868 321 336 436 495 553 582 742 842
993 94 208 347 539 553
51 467 591 741
467 107 117 383 411 552 799 862 895
591 100 356 483 552 634 676 783 828 954
741 384 405 532 556 592 639 769 896
52 219 342 384 700 717 748 789
219 310 366 402 488 538 593 624 804 891
342 311 373 392 790 890
384 55 312 359 382 547 657 707
700 54 360 577 669 714 861
717 240 349 555 635 643 674 718 771 934
748 106 557 589 621
789 480 899
178 106 206 288 397 539 753 870 891
312 440 879
470 382 568 752 818 827
655 196 452 483 670 910
812 172 684 771 779
890 387
985 152 499 536 586 721 819 902
54 60 344 459 728 934
60 304 381 395 898 937 991
344 181 359 613 755
459 404 695 775
728 378 398 433 495 707 959
934 217 457 495 705 866
55 93 282 452 514
93 225 370 419 475 788 804 850
282 83 131 252 273 332 336 402 661
452 109 191 495 723 883
514 127 147 345 350 580 776
56 103 400 739
103 589 697 797 957 959
400 107 431 644 715 830 843
739 101 181 248 268 355 775 782 896
350 107 154 905
395 71 252 642
539 168 276 492 735 883
723 167 440 454 652 654 707
869 870 880 899
959 112 128 308 391 637 660 669 773 989
994 358 524 773 802 876
58 147 358 419 536 750
147 715
358 142 612 614 672 684 800
419 102 235 581 623 737 766 957
536 87 161 381 579 685 784 895
750 182 301 405 454 492 872
122 70 291 545 589 778 805 855 923
193 681 873
697 112 163 284 296 466 512 774 879 920 949 973
782 259 661 815
304 214 586 627
381 270 356 394 480 651 742 999
898 79 639 949 982
937 117 522 531 822 983
991 549
61 148 225 327 694 828 893 964
148 204 270 300 483 873 885
225 79 109 257 428 456 710
327 73 156 497 549 552 973
694 224 284 285 331 336 802 900 971
828 311 398 621 777 831 836 891 942 950
893 156 248 355 392 521 701 885
964 391 690 881 996
174 701 731 902
224 73 415 634
376 91 300 437 471 570 776
392 296 301 480 615 684 783 797 801
589 154 253 355 622 644 843
624 152 345 355 517 792
670 154 621 661 813 850 902 939 953
718 365 690 920
757 151 175 391 672 716 742 779
63 386 534 617
386 181 531 823 970
534 78 286 593 633
617 79 114 414 677 685
319 509 970
712 463 763 806 824
861 360 767 779
912 88 141 373 415 497 577 669 945
600 139 227 471 593 696 827 903 955
623 422
110 977
167 171 322 370 714 870
260 321 495 504
268 475 848 922 953
287 138 248 307 602 615 724 810 930
598 182 501 815
833 239 643 771 831
873 78 128 259 413 436 456 580 631 753 946 957
877 104 175 230 246 366 394 896
939 165 172 667 799
983 83 281 347 824 989
159 411 446 760 920 998
208 104 281 531
440 94 121 172 181
870 243 437 446 547 570 999
156 91 281 334 691 987
273 460 484 629
360 246 251 270 349 701 707
602 714 752
880 535 749 847 963
69 151 165 592
151 107 257 262 526 533 588
165 78 431 761 821 822 924
592 83 356 456 651 652 819
70 160 644 716 891
160 317 417
644 252
716 516
891 382 460 586 695 758 866 955 973 982
71 116 532 672 704
116 121 343 397 559 622 776 923
532
672 286 297 371 615 724
704 100 262 491 545
310 251 394 649 900
499 411 465 557 614 629
604 388 456 614
777 142 484 941
819 117 581 633 779 831
73 155 286 405 830 896 899 961
155 104 579 627 636
286 223
405 121 158 324 752
830 753 920
896 265 276 337 356 472 813
899 491 690
961 214 285 404 613
74 415 513 977 989
415 790
513 171 494 531 804 829
977 117 281 813 915 998
989 466 631
301 397 792 883
436 371 773
557 431 447 483 856
707 94 347
836 763
141 90 172 246 987
163 262 322 366 808
324 366 390 856
349 652 862
815 157 391 803
78 480 488 547 831 848 903
480 112 176 288 510 629 797 950
488 96 661 758 862
547 331 497 681
831 187 281
848 425 456 509 633 634 941
903 504 802 821 910
79 209 648 923
209 441 568 684 951
648 177 253 390 407 570 614 633 696 844 945 998
923 191 720 837
231 284 394 581 593 802 809
322 90 223 235 674
345 404 691
615 394 407 476 526 621 995
760 220 797 821 863
347 447 531 549
766 388 497 693
901 114 190 808
121 804 841 946
984 96 106 321 323 407 522 643 844
83 240 524 847
240 281 291 352 516 925
524 109 239 429 580 584 973
847 404 516 596 800 855
190 214 363 365 580
308 168 239 254 289 512 656 719 808 841
394 736
808 365 428 462
85 696 800 872
696 154 414 475 627 827
800 552 799 866
872 154 247 630 850
714 102 138 259 413 483 863 973
719 291 307 311 336 586 588 737
87 217 254 676 919
217 423 677 767
254 251 492 827 841
676 397 485 537 720 788 837 902 906
919 109 289 307 553 742 809
88 128 407 413 429 573 701
128 425 492 686 795 805 810 844 850 905
407 334 669 813
413 205 248 284 404 442 637 827 837 999
429 157 158 168 230 769
573 226 399 593 824
701 170
138 170 447 510 763 951
401 290 522 545 586
476 109 230 332 954 976
90 398 721
398 379 771 773
721 91 198
91 516 581
516 883
581 281 390 399 764 821
157 142 462 463 497 530 553 629 690
370 158 365 457 531 556
475 109 117 131 257 447 477 643 724 915
788 104 214 492
804 612 630 664 801
850 230 388 601 622 790
94 177 247 662
177 152 200 352 493 579
247 106 431 982
662 297 425 463 780 900
117 466 633
715 276 428 494 940
96 131 166 366 431 771 845
131 285 462 922
166 284 373 411 752
366 417 802
431 404 485 764
771 399 947
845 235 246 501 797
198 311 764 780 818 971
500 158 161 168 227 817
533 391 822 843
763 106 126 601 622 801
239 114 227 259 285 634 752
382 127 288 720 911
552 492 618 642 764 946 949
660 291 422 621
661 158 428 517 856
691 336 353 837 949
797 285 905
215 223 970
695 102 465
737 182 248 472
785 352 353 485 553 752 862
100 175 176 227 248 462
175 112 245 402 463 521
176 172 422 690 769
227 235 278 365 463 639 813 844
248 686 752
462 411 580
101 710 999
710 181 285 423 492 720
999 181 290
102 290 422 856 876 924
290 154 844
422 126 363 538 876
856 114 214 654 755 784
876 170 667 677
924
957 206 296 656 823 849
104 336 355 550 910
336 720 822 862 976
355
550 204 307 883 930
910 109 172 252 399 642 947
214 510 612 651 790
317 245 537 593 618 806
383 168 262 596 685 756 795
593 154 262
106 265 442 457 466 651 656
265 291 580 802 809 954
442 158 582 685
457
466 297 970
651 112 423 446 484 666 837 881
656 809 922
107 681 945
681 337
945 205 353 495 633 849 900
352 288 690 742 929
588 460 509
109 154 196 230 456
154 387 629 642
196 288 332 549
230 289 321 373 649 753
456 866
300 226 494 649 866
822 390
996 388 614
112 139 515 639 953
139 484 780
515 168 411 483 568 827
639 570 862
953 669 780 843
363 223 297 373 720
543 205 222 941
114 251 477 657 677 864
251 510 821 902
477
657 776
677 206 522 634
864 742
115 365 705 844
365
705 119 713 731
844 736
343 284 388 643 690
397
559 253 472 622 724
622 614 643 752 879
776
633 371
683 291 837 973
942 161 492
119 402 538 686 736
402 549 577 613 720 905 925
538 270 379 390 978
686 390
736 125 535 724
841 132 278 626 954 976
946 245 577
291 471 512 929
545 158 387 517 618 784 930
778 842
805 361 774 940
855 447 540 636 774
171 330
373 495 504
472 206
535 204 428 485 674
963 618 713
642
125
126 158 493 653 829 978
158
493
653 297
829 720
978 191
127 792 827
792 773 787 929 955
827 399 411
425 334
492 142 577 643 806
795 955
810 779 906
905 311 485 758
388 331 501 630
634 330 941 947
182 191
278 218 586 596
285 404 883
922 168 773
132 684 824
684 510 787 799 862 949
824
259 243 522 614 813
483 775 879
495 501 596 664 911
918
321 441 541 758
973 391 433 626 749
549 522 764
879
446 284 391 902
170 245 460
447 187 780
510 779 940
951 806
484
780 361
881 172 463 517 643
172 577 618 749 779 925
246 222 491 915
987 637 641 749 801
142 404
404 235 323 577 666
161 284 752 929
512
667 652 764 915
767 501 526
399 187
976
982 526 649 769
204 758
270 465
885 580 842
501 437
666 200 423 627
297 568 779
414
441 652 863
494 218 930
257 540 970
262 323 627
526
152 577 784
577 664 906
784 218 580 652 749 940
289 517
749 764
954 222 471 685
387 311 334
629 669
579 724 906
627 235 570
636 837
281 779
334 601 612
463 911
497 252 509 568 863
530 427 541
553
690 311 411
411 378
920 596 612
998 669
417 758
284 307 390 654
752
929 517 637
601 226 637
906 307 485 809 883
761 949
821 925
168 630 720 764
630 191 541
720
764 801
245 181 779
460
330 799
618 582
779 537 582 863
925
379
902 755 803
731 205 390
521 235
769 423 930
200 586 654
206
288 713 863
753
423 724
641 191 226 296 437
756
318 568 713
773 378 799
181 218 635
218
635 378 643
191
434 556 713
626 669 941
555 837
584
187
391
517 311
580 631
783 947
296
332
337 801
311 582
818 253
971
205 930
947 485
586 900
654 509 541 637
915 758
866
758
930
531 949
568 995
491
787
612
790 614 735
223 724 803
970 883
799
817 775 955
220 485 775
485 454
775
454 809
222 323 664 911
323
664
911 621 809
724
803
428
226 361
361
235 356
813
649 509 809
802 433 713
809 378 843 955
674 806
356 801 949
541
570
713
243 652
652 621
631 371
252
253 359 613 842
359
613
842
540 427
522
614
504
390
669
955 378
755
465
637 823
801
843
659 582
276
596
437 742
849
307
883 806
863 506 774
471
895
949 582
371
900
582
537
806
509
353
735
331
862
506
643
742
556
378
685
560
823
433
837
427
941
950
940
995
621
693
774
