0 355 528 667 960 1041 1232 1364 1485 1678 1798
355 208 245 381 412 526 794 1092 1231 1312 1909
528 143 147 195 207 221 474 660 723 726 957 1130 1151 1283 1565
667 191 357 393 714 982 1382 1525 1576
960 768 797 936 990 1026 1547
1041 24 119 261 465 608 865 1052 1152 1225 1281 1406 1741 1995
1232 100 258 324 420 570 723 763 941 950 1118 1253 1380 1440 1712 1805 1907 1944
1364 81 113 323 456 586 711 875 1164 1219 1256 1301 1447 1995
1485 84 87 108 436 651 807 1044 1240 1478 1702 1842 1959
1678 591 632 839 1368 1378 1512 1646 1782 1870 1872
1798 273 504 582 870 873 1824 1832 1975
1 177 237 261 488 596 736 864 1129 1261 1357 1379
177 70 115 156 227 281 300 565 829 1002 1452 1608 1732 1779
237 103 253 288 317 330 458 569 645 798 821 1068 1110 1487 1535 1555 1691 1773 1814 1887
261 239 294 359 438 736 1144 1158 1302
488 103 228 856 1035 1088 1239 1310 1471 1492 1523 1629
596 102 287 293 443 479 738 847 1433 1441 1643 1915 1968
736 120 139 229 315 332 778 810 965 1016 1065 1131 1234 1257 1263 1330 1491 1658 1701 1969
864 203 519 586 784 870 1426 1433 1434 1457 1577 1743 1842 1875
1129 375 382 451 549 608 610 668 992 1076 1119 1230 1290 1439 1851 1912
1261 99 286 308 378 414 450 676 989 1308 1331 1424 1580 1727 1759
1357 280 322 465 567 1031 1063 1173 1303 1305 1438 1732
1379 570 665 728 1034 1376 1747 1841 1956
2 80 443 1060 1148 1190 1259 1411 1499 1552 1601 1663 1670 1796 1984
80 352 508 530 572 715 717 728 738 940 1037 1128 1331 1486 1543 1871 1934
443 140 340 659 891 1069 1320 1437 1604 1746
1060 690 822 866 1134 1234 1288 1594
1148 349 383 616 674 1014 1239 1497 1539 1613 1803
1190 149 601 629 782 1267 1424 1480 1606
1259 815 1277 1314 1526 1769 1928 1957
1411 494 532 540 619 791 1047 1072 1093 1287 1338 1416
1499 67 444 743 779 911 1101 1415 1423 1743 1990
1552 31 259 436 459 462 1068 1387 1476 1570 1776 1953 1981
1601 457 976 1043 1149 1303 1454 1553 1588 1671 1779 1793 1840
1663 180 366 586 769 882 943 1009 1283 1582 1902
1670 87 232 319 589 770 1072 1149 1240 1623 1827 1904
1796 143 247 499 998 1127 1198 1331 1371 1635 1669 1915
1984 779 1208 1292 1336 1449 1850 1859 1898 1902 1917
3 9 156 202 297 482 932 1456 1589 1600 1951
9 48 129 176 383 452 905 935 984 1300 1453 1458 1479 1675 1813 1935
156 504 597 663 770 908 981 1025 1234 1521 1585 1813 1906
202 619 1017 1171 1427 1464 1662 1925 1972
297 269 421 441 559 701 728 815 945 996 1372 1470 1482 1685 1727 1956 1975
482 193 480 634 642 780 803 851 852 940 1184 1512 1541 1561 1916 1948 1978
932 53 150 191 353 518 637 668 989 1120 1206 1452 1643 1940
1456 94 203 419 546 589 657 781 1044 1395 1438 1592 1630 1642 1817
1589 49 535 580 695 719 1086 1127 1135 1385 1643 1662 1666 1711 1728
1600 208 268 574 917 1370 1533 1623
1951 58 109 178 339 350 403 547 723 762 1013 1023 1031 1555 1556 1567 1887
4 119 151 337 415 474 571 593 616 670 785 931 1047 1112 1166 1288 1345 1475 1653 1937 1979
119 172 230 268 465 588 598 928 1193 1420 1616 1633 1847 1915
151 11 89 445 607 744 843 1059 1490 1639 1764
337 17 44 229 382 423 424 546 679 695 1026 1043 1218 1367 1417 1832
415 113 239 302 509 562 585 825 1025 1050 1085 1480 1913
474 313 441 557 616 1055 1068 1278 1317 1813 1968
571 90 97 419 476 516 517 591 716 1007 1115 1156 1298 1307 1437 1586 1969 1978
593 54 64 66 346 438 541 781 1053 1119 1183 1575 1742 1776 1945
616 59 128 262 272 510 549 744 1068 1463 1519
670 91 401 643 701 717 763 867 956 1040 1122 1233 1273 1299 1373 1451 1634 1812 1867
785 265 316 384 432 448 450 462 501 532 962 1019 1260 1596 1770 1775 1794 1967
931 228 587 853
1047 657 842 880 1051 1107 1194 1350 1641 1785 1816 1990
1112 248 296 411 551 715 946 1434 1676 1752 1835
1166 49 79 262 340 487 786 1001 1023 1152 1191 1549 1565 1689 1791
1288 31 92 400 438 612 650 749 751 1094 1098 1144 1200 1212 1334 1543 1581 1990
1345 209 632 706 795 821 1097 1126 1509 1615 1691 1816 1875 1962
1475 132 592 936 1264 1441 1545 1619
1653 85 306 307 581 731 822 1009 1039 1212 1237 1382 1725 1799
1937 194 196 371 378 382 826 844 986 1435 1442 1516 1578 1828 1878
1979 53 157 907 919 1271 1573 1648 1777
5 141 150 507 538 934 993 1050 1198 1297 1548 1731 1820 1956
141 22 60 217 347 522 897 1039 1186 1389 1423 1679 1866
150 47 69 283 306 365 516 654 777 859 920 1015 1026 1164 1243 1291 1559 1673 1942
507 13 133 301 805 824 830 844 1062 1863
538 242 306 372 561 776 777 1013 1464 1537 1609 1767 1806 1941
934 130 139 254 288 315 460 535 623 981 1285 1363 1612 1781 1823 1945
993 22 86 191 266 295 968 1045 1110 1299 1505 1511 1746 1795 1859
1050 22 362 495 506 759 876 966 984 995 999 1063 1277 1577 1585 1607 1766
1198 62 229 515 1032 1132 1179 1255 1491 1549 1677 1771 1978
1297 62 140 262 347 421 590 761 886 1057 1074 1312 1331 1390 1669 1741 1811 1856 1957
1548 253 367 376 900 928 1067 1343 1645 1698 1788 1928
1731 111 292 600 637 1328 1339 1399 1579 1591 1840 1850 1946
1820 107 167 392 597 774 893 962 1252 1336 1383 1408 1599 1640 1771 1786
1956 391 446 537 740 779 889 1126 1151 1445 1563
6 470 768 966 1113 1121 1156 1223 1547 1567 1990
470 115 365 412 551 714 988 1372 1401 1435 1457 1459 1462 1604 1632 1705 1772 1920 1958 1972 1987
768 38 95 143 247 547 741 1042 1395 1510
966 426 475 730 757 1178 1781
1113 307 416 626 724 850 1168 1280 1683 1843 1960
1121 86 102 333 383 433 855 1353 1418 1824 1859
1156 108 296 354 653 661 733 954 989 1110 1484 1672 1745
1223 92 105 264 281 390 947 949 1098 1823
1547 36 57 279 420 436 548 739 809 855 990 1513 1712 1844 1905
1567 91 161 163 338 389 592 744 969 1049 1196 1291 1296 1359 1429 1566 1905
1990 116 142 294 313 378 384 680 756 921 1377 1492 1534 1875 1903
7 168 453 517 540 598 601 652 758 991 1092 1476 1495 1760 1802 1911
168 82 137 189 635 780 1106 1214 1331 1351 1532 1782 1921
453 84 270 495 968 982 1399
517 264 332 347 640 797 822 1021 1110 1295 1300 1418 1662 1841 1978
540 13 298 445 659 1022 1061 1180 1412 1498 1675 1856 1935
598 75 82 550 703 829 1315 1459 1656 1802
601 109 251 748 1063 1108 1269 1561 1632 1762 1856
652 123 174 217 563 611 688 880 1628 1660 1767 1792
758 267 268 356 367 410 503 575 807 887 1260 1314 1445 1702 1814 1906 1908 1953
991 40 103 132 291 547 655 739 1214 1302 1612 1901
1092 31 163 299 549 1021 1188 1332 1592 1593 1712 1762
1476 57 227 499 973 1204 1371 1416 1504 1720 1802 1894 1896
1495 213 254 323 802 879 1205 1511 1886
1760 97 215 319 321 757 992 1034 1200 1304 1813 1828
1802 114 186 249 323 383 844 919 1154 1235
1911 430 699 803 876 929 956 1124 1202 1253 1273 1302 1630
8 207 282 285 1040 1074 1305 1323 1803 1847
207 460 726 887 948 1226 1318 1839 1906
282 210 233 421 753 1146 1271 1291 1384 1851 1917
285 230 402 529 609 635 719 895 925 929 976 995 1536 1581 1799 1926 1994
1040 323 333 434 704 845 953 1010 1147 1628 1815 1816 1865 1908
1074 152 292 363 542 849 924 1087 1163 1231 1448 1594 1726 1765 1832 1842 1877
1305 870 937 1885
1323 52 699 855 945 1055 1102 1150 1215 1441 1477 1492 1765 1797
1803 55 69 490 516 558 671 1518 1546 1926
1847 158 173 368 379 539 1011 1180 1341 1461 1705
48 50 279 379 642 1139 1372 1438 1884
129 273 401 444 519 583 703 707 989 1590 1599 1633 1688 1730 1836 1922 1971 1995
176 326 700 789 857 927 1070 1218 1258 1331 1510 1583 1704 1775 1817 1981 1992
383 229 238 366 1160 1296 1374 1769 1887
452 147 287 299 908 1293 1398 1675 1714 1934
905 244 400 487 570 705 744 897 967 1006 1397 1744 1867 1891
935 218 283 678 918 961 1124 1319 1389 1393 1492 1716 1771
984 143 497 551 684 726 749 857 1104 1286 1407 1419 1502 1774 1899
1300 66 268 587 664 937 1241 1279 1429 1661 1885 1991
1453 43 135 238 308 367 594 1029 1049 1408 1727 1898 1912 1977
1458 84 126 243 283 466 492 500 647 1161 1174 1187 1262 1273 1507 1708 1866
1479 381 767 832 914 1056 1562 1643 1688 1946 1991
1675 158 203 281 303 749 771 811 1031 1244 1368 1393 1759 1774 1854 1972
1813 308 318 533 655 718 860 914 1367 1455 1579 1740
1935 1044 1136 1181 1271
10 99 219 280 623 911 1027 1304 1564 1655 1766 1822 1996
99 63 227 364 511 637 802 820 856 1321 1714 1735 1774
219 32 101 209 234 1473 1590 1612 1848
280 84 118 240 710 733 838 937 946 1126 1595 1878
623 227 264 342 343 523 1335 1351 1559
911 508 521 646 717 1159 1526 1672 1751
1027 148 188 288 299 487 611 654 885 922 1091 1180 1374
1304 191 303 421 487 696 810 975 1362 1445 1531 1580 1775
1564 134 228 286 437 939 1066 1091 1711
1655 93 124 135 301 465 945 1109 1164 1431 1439 1714
1766 197 392 627 666 719 722 1237 1719
1822 637 693 734 917 1001 1193 1397 1454 1971
1996 275 533 547 686 735 976 1406 1413 1461 1519 1934 1970
11 23 45 69 592 708 748 792 803 1219 1239 1400 1526 1620 1703 1939
23 241 251 260 354 551 553 921 1165 1309 1311 1448 1568 1669 1710 1714 1920
45 179 514 985 1029 1372 1397 1473 1522 1750 1930
69 271 327 683 754 889 1009 1346 1366 1599 1866 1877 1943 1982
592 78 125 544 1139 1211 1302 1427 1550 1553 1720 1819 1954
708 216 260 490 654 755 1520 1886
748 131 195 212 447 546 822 904 1082 1138 1834 1904
792 195 947 1188 1204 1318
803 605 826 1168 1265 1673 1717 1816 1875
1219 31 187 269 323 389 461 576 678 739 979 1120 1227 1410 1433 1527 1620 1659 1690 1924
1239 224 520 582 794 872 980 1127
1400 481 568 597 799 802 919 949 1057 1180 1197 1402 1569 1599 1665
1526 138 368 392 400 827 953 1583 1590 1710 1765
1620 44 139 171 200 294 389 408 795 819 1236 1356 1371 1465 1645
1703 42 294 789 894 1052 1196 1266 1270 1337 1545 1633 1697 1944
1939 450 558 1165 1174 1541 1559 1694 1705 1912
12 53 55 361 811 877 1004 1702
53 290 371 695 1105 1122 1455 1594 1692
55 20 204 273 407 500 585 1018 1109 1695 1719 1721 1728 1769 1848
361 127 246 388 619 685 996 1342 1792 1848
811 243 370 777 982 1023 1238 1350 1388 1656 1665 1842 1877 1886
877 19 31 245 302 853 952 986 1549 1892 1954
1004 220 294 369 425 784 790 830 1013 1014 1026 1075 1282 1321 1374 1575 1943
1702 94 220 402 427 575 682 873 914 1580 1925
13 59 154 181 394 633 1443 1515 1651 1714 1864 1879 1886
59 31 95 606 686 1068 1403 1454 1685 1762
154 277 357 558 655 706 988 1008 1021 1099 1134 1572 1735 1807 1908
181 407 417 457 782 965 1465 1628 1864
394 309 358 441 820 1202 1260 1308 1337 1392 1945
633 525 625 754 933 1048 1376 1431 1491 1607 1654 1831 1871
1443 19 173 883 1314 1374 1381 1450 1503 1505 1633 1957 1969
1515 249 364 586 841 870 1169 1250 1383 1420 1790 1855 1985
1651 184 245 267 610 690 780 833 847 1355 1434 1971
1714 35 248 267 419 467 669 826 904 913 918 1270 1342 1850
1864 206 343 499 641 818 884 910 917 1242 1299 1327 1413 1417 1491 1981
1879 112 243 360 467 835 921 1210 1240 1342 1586 1630
1886 86 317 812 950 1346 1484 1486 1794
14 50 90 243 274 386 570 788 928 1237 1255 1307 1335 1480 1569 1588 1959
50 153 298 475 497 568 617 801 1007 1022 1026 1038 1053 1055 1331 1454 1484 1975
90 117 299 341 462 1370 1573 1787 1819
243 255 332 533 545 557 762 1033 1418 1582 1669 1762
274 364 802 865 883 1084 1155 1777 1787
386 174 305 483 572 604 820 878 1488 1617 1785 1973
570 68 95 568 621 647 732 749 759 909 1182 1745 1775 1823
788 39 51 420 838 880 889 1102 1253 1286 1331 1420 1461 1758 1854 1869
928 186 518 963 1005 1180 1256 1633 1664 1790 1880
1237 178 324 435 460 629 640 1019 1638 1807 1924
1255 173 309 340 391 473 672 726 1486 1580 1641 1977
1307 36 203 388 419 842 878 1208 1325 1361 1740
1335 57 98 350 509 578 663 924 1207 1244 1294 1340 1762 1832
1480 67 77 178 420 454 632 638 755 949 1081 1212 1366 1637 1696
1569 113 1159 1532 1681 1993
1588 137 157 242 302 308 345 546 1271 1344 1370 1608 1836 1989
1959 440 489 534 872 990 1104 1818 1897 1998
15 272 365 929 1067 1096 1503 1593 1747 1994
272 75 87 608 663 1268 1740 1993
365 66 249 363 857 1141 1265 1320
929 91 105 574 659 668 715 1026 1262 1320 1331 1622 1723 1863
1067 17 1073 1169 1241 1525 1805 1983
1096 37 64 441 729 950 1044 1360 1489 1622 1764 1788
1503 291 413 563 678 828 892 1003 1592 1632 1657 1818
1593 257 276 473 643 669 730 940 1095 1098 1318 1518
1747 190 240 790 909 1510
1994 52 229 525 997 1110 1133 1416 1754 1920
16 310 459 1029 1268 1340 1405 1970
310 578 1100 1102 1611 1753
459 41 65 350 537 591 777 832 961 968 1095 1328 1392 1519 1650 1724 1733 1808 1909
1029 375 392 572 644 854 952 1031 1035 1069 1236 1506 1591 1811 1897 1971
1268 37 167 214 292 444 1039 1180 1234 1284 1521 1787 1818 1835
1340 49 236 425 551 1157 1361 1388 1646 1648 1823
1405 222 286 735 751 941 1308 1541
1970 30 71 75 186 356 831 1111 1162 1794
17 212 461 586 1010 1054 1246 1253 1290 1353 1378 1664 1859 1964
212 497 637 699 865 867 1023 1046 1256 1350 1688 1835
461 83 291 502 677 856 1019 1038 1142 1215 1257 1433 1497 1576 1579 1637 1860
586 31 344 533 799 821 938 1100 1246 1391 1428 1520 1671
1010 250 469 481 499 550 650 722 829 1851
1054 57 977 1228 1272 1389 1454 1686 1709 1746 1871 1907
1246 203 432 804 829 1203 1284 1472 1634 1750 1883
1253 131 136 353 550 635 910 1025 1058 1124 1256 1291 1631 1776 1844 1965
1290 138 205 621 733 832 957 996 998 1299 1361 1866
1353 58 373 437 641 865 1003 1254 1447 1661 1772
1378 769 964 1130 1169 1191 1254 1513 1559
1664 276 368 829 859 1005 1030
1859 165 214 218 451 581 995 1094 1163 1254 1275 1531 1743
1964 88 221 235 649 775 927 1072 1127 1359
18 51 398 726 886 1009 1034 1174 1746 1957
51 123 264 276 490 889 1468 1546 1940
398 294 370 790 970 1149 1257 1282 1709 1851 1963
726 227 318 796 1084 1350 1671 1730
886 291 332 587 837 1502 1712 1726 1750 1754 1816 1902 1922
1009 232 654 848 1091 1254 1299 1310 1322 1534 1541 1617 1631 1721 1861 1991
1034 110 276 357 366 1033 1410 1492 1685 1727 1841 1983
1174 308 491 638 829 1020 1309 1629 1923
1746 79 132 203 917 958 1225 1286 1361 1555 1563 1693 1908
1957 124 331 375 614 628 804 1076 1396 1404 1474 1502 1836 1918
19 595 828 872 889 1146 1207 1347 1539 1598 1986
595 27 68 110 121 316 693 783 1252 1273 1483 1565 1578 1660 1854
828 33 60 125 636 655 892 1235 1258 1372 1420 1436 1836 1874
872 426 457 483 749 840 1097 1544
889 503 553 953 1070 1106 1169 1451 1823 1826 1915 1972
1146 61 179 191 396 403 493 723 843 1026 1152 1192 1544
1207 89 446 897 1002 1229 1235 1306 1544 1631 1832 1941
1347 160 603 641 730 806 812 1224
1539 128 241 317 342 527 561 635 649 938 1676
1598 56 134 307 639 664 812 1072 1141 1302 1352 1681 1815 1837 1838
1986 77 78 83 658 718 1272 1440 1484 1561 1647 1782 1850 1868
20 291 731 821 1091 1183 1317 1418 1511
291 92 374 450 840 1160 1245 1468 1669
731 241 559 575 611 817 1544 1724
821 38 41 721 829 834 892 1188 1242 1433 1626 1884
1091 109 422 430 658 1162 1395 1511 1692
1183 204 801 950 987 1065 1128 1254 1441 1671
1317 113 254 304 378 604 722 813 845 892 1465 1720 1814 1819
1418 32 294 380 661 814 855 856 885 1936 1947
1511 44 240 260 273 431 713 833 981 1085 1444 1505
21 305 348 353 413 859 964 1012 1021 1026 1801
305 244 325 499 585 687 707 1051 1184 1186 1533
348 123 265 399 710 1265
353 93 199 220 400 442 472 518 903 917 1189 1509 1549 1823 1953
413 111 338 454 521 523 925 1028 1155 1175 1467 1571 1721 1810
859 104 205 294 494 529 705 918 983 1138 1185 1286 1327 1612 1633 1735
964 112 425 583 1501 1578 1594 1899
1012 85 139 373 548 1120 1393
1021 98 317 364 433 677 1013 1084 1356 1646 1936 1968
1026 49 81 343 737 902 954 1075 1862 1934
1801 52 200 247 411 447 462 730 820 1103 1173 1187 1786 1906
22 77 329 1257 1389 1399 1792
77 79 120 152 208 306 512 630 702 722 1925
329 467 618 621 800 867 1062 1420 1581 1932
1257 344 634 655 956 1506 1830
1389 163 418 691 885 1003 1065 1192 1310 1325 1716 1836 1898
1399 67 475 497 613 649 787 917 954 979 1052 1483 1505 1632 1729
1792 46 62 372 457 464 631 875 965 1210 1367 1426 1603 1837 1841 1889
241 447 505 867 869 1073 1536 1780 1885
251 82 352 668 760 986 1386 1387 1855
260 479 532 668 839 1005 1285 1337
354 95 312 465 481 563 597 645 754 1164 1314 1549 1707 1790
551 357 480 690 723 863 1265 1321 1454 1543 1753
553 124 254 771 813 1011 1342 1832
921 408 699 981 1163 1302 1403 1531 1612 1815 1876
1165 326 654 869 969 1048 1327 1455
1309 25 188 428 635 1017 1039 1172 1333 1486 1541 1574 1684 1707 1726 1910
1311 933 1099 1260 1397 1850
1448 257 427 464 505 723 774 786 838 1019 1274 1354 1429 1434 1610 1696 1726 1773 1914
1568 35 126 203 531 709 729 848 851 1056 1143 1260 1459 1845 1910
1669 62 363 441 520 547 822 1008 1289 1430 1449 1468 1477 1904
1710 146 774 840 855 1247 1404
1920 175 530 556 666 1214 1648 1680 1789 1907
24 294 836 946 978 1079 1330 1401 1898
294 403 904 1093 1127 1519 1681 1764 1767 1831 1899 1907 1955
836 315 450 535 835 906 948 979 1505 1536 1597 1624 1790
946 96 125 170 299 603 674 677 722 1679 1726 1839 1876
978 32 232 627 848 908 1085 1094 1293 1520 1700 1906
1079 148 909 1203 1492 1516 1770 1972
1330 320 369 374 529 651 779 848 933 941
1401 36 61 173 359 769 1070 1195 1522 1885 1944
1898 506 823 1024 1392 1571 1743 1748
25 136 166 296 874 1238 1725 1806 1891
136 250 575 1238 1438 1632 1799 1930
166 147 397 500 526 577 691 742 799 1537 1897
296 216 289 325 523 583 600 628 654 685 1384 1433 1520 1863 1975
874 174 610 641 894 1240 1510 1682 1689 1735
1238 56 147 393 473 609 631 747 1103 1360 1373 1649
1725 416 462 484 569 702 714 1118 1583 1974
1806 503 737 876 947 1153 1235 1272 1325 1333 1584 1659 1758 1899
1891 131 276 403 520 653 970 1314 1424 1541 1738 1740 1770
26 85 142 225 246 506 640 671 771 1170 1487 1538 1627 1767
85 198 240 681 765 819 1078 1338 1534 1574 1808
142 468 875 1001 1016 1036 1064 1152 1432 1628 1638 1940
225 131 165 339 631 767 1011 1186 1226 1500 1536 1574 1764 1854 1930
246 208 333 342 870 887 1281 1672
506 28 414 654 1361 1450 1473 1484 1848 1889 1908
640 238 917 1032 1132 1265 1334 1373 1549
671 341 369 406 542 577 906 940 1176 1579 1871
771 56 315 556 559 807 1254 1449 1721 1757 1774
1170 191 204 258 408 1087 1157 1712
1487 228 267 327 426 590 668 956 1195 1270 1432 1782 1875
1538 40 75 204 396 421 575 642 1028 1445 1556 1735 1763
1627 74 480 913 1142 1293 1321 1522 1611 1650 1697 1757 1842 1861 1924
1767 28 295 311 585 683 972 985 1076 1329 1446 1532 1570 1708 1952
27 463 480 485 732 769 823 1247 1285 1575 1812
463 227 430 539 611 714 983 996 998 1211 1362 1521 1549 1554 1728 1797
480 229 248 569 728 959 1205 1270 1484 1968
485 192 216 287 350 377 574 739 1083 1282 1761 1825
732 92 165 314 426 599 1107 1671
769 253 320 526 781 1042 1111 1390 1463 1504 1835 1915
823 223 312 373 465 466 576 688 1039 1056 1111 1426 1436 1723
1247 359 624 720 904 1212 1265 1442 1685 1799
1285 320 613 797 1007 1481 1578
1575 205 215 371 674 742 750 1083 1468 1870 1908
1812 467 710 1013 1780 1818
28 201 214 359 377 824 1049 1516 1605 1848 1857 1884 1945
201 31 133 232 338 810 1134 1173 1301 1614 1707
214 162 173 385 476 724 806 1044 1396 1809
359 46 122 229 316 390 835 1069 1234 1289 1723 1873 1888
377 426 635 955 1003 1191 1343 1442 1446
824 342 417 817 917 965 1039 1064 1119 1204 1209 1350 1772 1890
1049 264 449 835 1083 1398 1705
1516 113 842 863 1006 1271 1949
1605 84 143 268 805 1292 1524
1848 107 167 433 696 1020 1287 1374 1414
1857 46 222 531 762 1140 1155 1175 1517 1578 1616 1778 1903 1961
1884 513 545 1337 1394 1572 1671
1945 64 320 479 509 985 1052 1415 1738 1821
29 122 218 389 403 434 693 975 997 1133 1235 1308 1625 1726 1941
122 352 933 959 1230 1417 1435 1836
218 180 366 370 602 735 856 1250 1836
389 227 307 466 501 706 1216 1244 1543 1835
403 126 276 501 561 734 989 1673 1835 1883 1927
434 52 192 832 1062 1302 1540 1906 1997
693 504 668 918 1019 1348 1615
975 104 455 606 669 1301 1414 1587 1905 1968
997 320 486 603 694 817 1077 1235 1440 1744 1927
1133 31 522 807 1016 1128 1269
1235 431 620 800 1321 1558 1650 1668 1978
1308 79 95 161 351 530 938 980 1302 1705 1958
1625 465 604 786 850 861 875 919 1141 1362 1413 1433 1486 1543 1561
1726 544 618 727 866 1144 1280 1649 1730 1825
1941 194 284 396 479 696 789 1421 1673
30 190 627 923 1267 1310 1351 1688 1734 1790 1793 1855
190 47 170 224 343 381 745 752 810 900 906 1056 1082 1158 1263 1665 1795 1854 1919
627 195 393 441 562 973 1445
923 126 319 391 405 448 530 773 808 871 1403 1422 1447 1494 1754 1778
1267 110 258 578 590 1070 1407 1614 1632 1637 1881
1310 41 57 89 125 431 702 965 1020 1210 1645 1694 1759 1768
1351 520 1329 1673 1855
1688 74 468 502 525 713 943 1422 1514 1705 1965
1734 95 112 396 546 560 663 705 779 1249 1294 1384 1465 1606 1607 1754 1839
1790 197 475 521 790 860 906 939 941 1715 1954
1793 486 529 628 752 770 996 1051 1510 1554 1700 1784 1791
1855 357 520 965 1352 1425 1502 1532 1718 1744 1862
31 114 199 447 514 632 649 844 856 1557
114 178 318 806 1018 1135 1496 1748 1758 1895 1897 1968
199 242 328 881 1035 1106 1586 1863 1913 1936
447 420 491 513 607 654 1394
514 96 301 384 490 559 607 608 629 752 1098 1224 1395 1431
632 319 393 617 685 741 819 867 1019 1654 1666
649 266 319 422 626 687 850 865 1437
844 481 588 611 707 715 957 1497 1998
856 54 100 220 449 1046 1186 1383 1765
1557 276 893 930 1114 1126 1543 1607
32 164 641 1327 1536 1677
164 63 170 827 1109 1397 1427 1490 1634 1673 1997
641 680 1056 1108 1208 1505 1687 1840 1885
1327 163 167 263 680 1016 1127 1145 1329 1334 1489 1676 1827
1536 330 750 904 917 1051 1277 1742 1835 1912
1677 390 543 662 1220 1356 1376 1562 1594
33 238 335 460 495 515 770 787 880 1061 1068 1337 1537 1924
238 171 196 408 501 756 912 1098 1520 1958
335 213 373 460 536 1286 1741 1975
460 259 449 533 659 705 754 787 805 848 1025 1116 1169 1695 1814
495 343 401 424 1081 1697 1912
515 1082 1358 1483 1543 1556 1721 1981
770 688 1143 1274 1361 1482 1522 1606 1860
787 256 271 458 476 936 1058 1164 1270 1489 1646 1772 1968
880 147 342 645 854 1270 1370 1633 1700 1805 1926
1061 307 334 341 448 550 891 933 982 1441 1580 1686 1819 1846
1068 134 183 557 1217 1262 1390 1682 1769 1918
1337 273 417 565 724 762 853 857 1023 1084 1391 1925
1537 133 588 776 832 871 875 881 1433 1740
1924 36 57 98 366 462 536 620 801 1202 1210 1446 1533 1681 1775 1960
34 388 408 422 642 724 1460 1470 1632 1704 1749
388 72 162 240 249 276 336 630 751 819 996 1294 1642 1692 1716
408 230 253 465 826 990 1001 1269 1320 1488 1590 1628 1743
422 95 1432 1434 1492 1739 1779
642 162 257 887 891 893 1070 1097 1264 1417 1445 1465 1550 1759 1958 1997
724 87 655 852 1248 1594 1844
1460 542 755 765 794 1126 1719 1797
1470 239 532 826 927 1344 1429 1504 1556 1807 1860
1632 39 121 172 344 423 458 556 772 879 1274 1371 1615 1643 1687 1922
1704 35 54 440 690 961 1086 1334 1761 1835 1838 1874 1878
1749 428 629 764 812 860 1101 1382 1531 1659 1668
35 357 535 622 705 777 832 1549 1594 1889
357 1452 1700 1758 1919
535 744 797 869 930 1451 1490 1555 1604 1736
622 186 273 420 691 800 1000 1535 1741 1839
705 271 659 716 1107 1505 1894 1969
777 52 643 948 987 990 1273 1394 1862 1995
832 86 205 399 650 764 1014 1066 1363 1393 1612
1549 130 242 252 269 279 375 500 1171 1913
1594 334 974 1142 1179 1437 1774 1969
1889 240 271 378 450 1122 1312 1417 1645 1684 1949
36 155 210 416 504 643 878 1138 1797 1844 1846 1926
155 881 1193 1301 1532 1590
210 541 546 908 1342 1415 1637
416 575 588 611 646 878 1025 1461 1737 1795 1850 1863
504 92 431 655 1100 1550 1953
643 107 464 582 587 1130 1141 1211 1229 1294 1529 1572 1922
878 40 392 597 839 854 1031 1303 1426 1604
1138 630 813 1081 1084 1116 1159 1168 1381 1753
1797 75 101 532 547 834 979 1081 1082 1191 1331 1352 1938
1844 215 267 270 487 679 847 1748 1781 1853 1867
1846 54 213 232 240 316 468 568 822 1168 1659 1874 1966
1926 250 510 710 729 1086 1108 1574 1697 1832
37 121 124 173 364 574 582 615 695 909 1098 1188 1333 1665
121 257 719 876 882 1681 1909
124 182 231 897 1069 1130 1149 1179 1248 1262 1447 1543 1636 1834 1954
173 61 112 229 572 740 948 1216 1229 1278 1876
364 257 809 1005 1211 1395 1604 1901 1942 1953
574 74 567 696 763 873 892 1107 1184 1277 1339 1541 1783
582 82 673 825 1555 1570 1789 1791 1933 1982
615 288 334 913 955 1006 1122 1233 1315 1342 1457 1505 1940 1969
695 76 344 458 869 992 1701 1925
909 81 301 302 401 604 1244 1417 1447 1501 1535 1787 1890
1098 52 104 500 720 1124 1610 1639 1654 1783
1188 76 500 548 639 1398 1631 1666 1781 1917
1333 38 292 810 1484 1592
1665 267 448 462 503 688 713 1053 1263 1420 1701 1978 1983
38 203 339 468 752 954 1150 1161 1394 1421 1899
203 144 205 252 345 802 862 967 1080 1220 1361 1488 1607
339 78 198 694 954 1056 1062 1396 1572 1608 1719 1851
468 224 558 562 668 1175 1234 1431 1512 1851
752 221 352 375 589 723 1226 1262 1359 1461 1614 1660 1831 1969
954 98 208 442 1194 1301 1450 1482 1492 1630 1657 1698 1733 1853 1887 1950
1150 62 606 1124 1179 1248 1624 1750
1161 167 332 607 639 983 992 1195 1197 1522 1577 1624 1786 1856
1394 120 236 491 562 573 830 958 1916
1421 178 372 532 894 914 1426 1757
1899 385 465 573 774 1057 1212 1376 1381
39 157 462 548 666 926 970 972 1440 1582 1912
157 322 591 685 961 1097 1186 1508 1528 1690 1877 1890
462 135 275 1727 1772
548 426 1062 1193 1316 1342 1580 1667 1895
666 147 451 973 1101 1384 1512 1988
926 83 558 669 784 809 1191 1591 1659 1955
970 405 802 1445 1948 1997
972 73 158 198 374 448 807 976 1057 1393 1681
1440 137 258 445 478 703 838 1030 1130 1558 1752
1582 516 673 1083 1293 1449 1815
1912 433 476 1018 1031 1053 1086 1716 1958 1960
40 161 209 689 1294 1534 1614 1654 1668 1690 1896
161 537 559 901 1033 1107 1398 1471 1817
209 401 477 487 1106 1390 1540 1686 1867
689 267 376 451 610 638 664 698 716 813 910 974 1162 1197 1449 1506 1758 1971
1294 402 883 1000 1755
1534 75 301 375 442 444 916 1085 1158 1393 1596
1614 63 277 373 376 639 820 1046 1359 1558 1590 1673 1893 1900 1966
1654 88 170 204 267 464 469 707 772 782 865 1064 1111 1118 1383 1733 1809 1870
1668 306 646 692 711 1062 1157 1637 1748 1751
1690 206 536 626 1852
1896 257 419 577 588 1230 1326 1738 1754 1983 1998
41 372 412 804 822 961 1052 1090 1228 1751
372 229 384 450 624 675 702 917 1596 1689
412 159 325 395 464 807 958 1191 1222 1709 1715 1719 1775 1842 1973 1992
804 189 477 560 713 862 1342 1633 1693 1697 1708 1808 1928
822 140 391 524 552 618 662 868 944 1062 1187 1409 1482 1544 1644 1667 1845 1872 1961
961 159 317 772 901 1195 1201 1741 1759
1052 81 112 486 683 805 1630
1090 117 169 833 857 967 1134 1514 1921
1228 1046 1063 1082 1817 1883
1751 472 1059 1137 1210 1643 1720
42 184 195 273 799 867 912 968 1211 1249 1352
184 186 204 342 350 481 511 610 704 1324 1531 1566 1647
195 63 165 336 432 723 835 1140 1141 1160 1195 1216 1275 1278 1407 1741
273 223 587 996 1007 1299 1466 1819 1851
799 98 132 655 744 941 1132 1245 1360 1532 1591 1863
867 110 158 363 449 668 875 1208 1496 1612 1646 1786
912 331 565 604 885 1242 1322 1348 1366 1393 1571 1832 1903
968 244 306 591 829 1097 1176 1716 1717
1211 123 481 527 882 933 1120 1275 1338 1788 1993
1249 346 347 473 657 986 1157 1360 1672 1765 1872 1874
1352 397 902 1128 1281 1814
43 324 558 1076 1644 1938
324 276 321 734 1496 1892
558 360 875 1496 1674
1076 236 428 455 537 657 662 763 1779
1644 421 529 794 851 1162 1666 1754
1938 382 544 554 576 743 842 1126 1417
44 513 527 554 678 781 791 1331 1478 1518 1762
513 125 501 800 854 974 1036 1143 1553
527 62 86 465 719 759 1048 1680 1948
554 275 1035 1233 1721 1768 1779 1953
678 146 278 767 779 891 1441 1531 1718
781 160 518 569 709 727 729 816 1213 1277 1344 1595 1673 1882 1978
791 97 286 563 672 900 1028 1446 1483
1331 133 772 1413 1551 1720 1799
1478 224 510 657 851 902 1087 1580 1584 1680 1799
1518 130 581 751 775 1202 1496 1540 1819 1995
1762 303 536 547 679 944 1087 1109 1415 1488 1771 1794 1925 1995
179 128 866 1455 1590 1815 1868 1953
985 49 665 1045 1325 1566 1608 1794 1940
1372 73 75 111 1162 1446 1540 1599 1805
1397 87 1075 1298 1363 1396 1500
1473 57 255 318 407 661 1063 1197 1254 1328 1501
1522 78 429 442 762 1036 1071 1320 1542 1617 1940 1980
1750 645 1175 1329 1447 1506 1562 1775 1929
1930 68 600 857 882 1007 1072 1284 1422 1602 1823
46 103 144 829 1017 1063 1106 1596 1915
103 438 1071 1452 1779
144 91 146 160 162 733 793 839 982 1135 1969
829 497 834 1266 1312 1498 1845
1017 278 360 556 578 730 735 1608 1671
1063 76 230 624 1218 1560 1712 1868 1909
1106 547 618 762 849 913 1123 1134 1215 1366 1377 1404 1410
1596 321 741 866 1094 1217 1248 1313 1341 1832
1915 137 275 319 898 1038 1136 1171 1408 1667 1809 1835
47 123 148 265 378 860 902 1111 1155 1363 1683 1684
123 546 849 1243 1279 1586 1733 1785
148 314 665 835 1025 1454 1579
265 287 351 475 518 1164 1510 1533 1584 1858 1903 1925 1932
378 93 111 170 719 1227 1739
860 417 896 1244 1368 1517
902 319 790 810 881 896 977 1197 1622
1111 451 605 790 916 1240 1281 1392 1883
1155 267 549 577 887 919 1051 1072 1213 1279 1324 1402 1783
1363 98 325 439 831 1042 1189 1574 1976
1683 924 1321 1369 1455 1622
1684 245 269 855 1248 1278 1510 1774
279 728 1315 1412 1791
379 111 126 423 647 703 1135 1272 1402 1445 1489 1659 1929
1139 248 292 316 442 969 1082 1153 1173 1955
1438 275 321 562 566 840 904 962 1135 1336 1729 1739 1892
49 185 320 429 691 900 979 1123 1462 1841
185 65 530 584 1169 1236 1429 1622 1839 1862 1974
320 328 439 520 638 1105 1471 1765
429 533 924 1264 1439 1752 1786 1827 1841
691 657 959 1025 1414 1837 1885
900 125 146 236 497 688 979 1647 1950
979 95 420 543 679 701 1256 1299 1387 1743 1914
1123 600 707 740 753 907 1032 1057 1272 1299 1562 1841
1462 86 101 255 469 647 745 818 950 1264 1659 1686
1841 108 477 557 720 1039 1168 1315 1524 1577
153 58 61 87 466 486 1128 1603
298 270 381 442 1209 1427 1555
475 73 228 604 654 892 906 1206 1233 1236 1452
497 96 174 191 599 976 1087 1272 1427 1713 1795
568 145 812 833 1416 1483
617 229 284 645 989 1125 1454 1554 1729 1851 1862
801 127 738 940 957 1173 1334 1494 1507 1610
1007 455 650 1045 1116
1022 134 292 442 556 618 676 1039 1276 1611 1862
1038 71 72 83 145 204 373 446 510 597 746 776 987 1025 1262 1817
1053 658 879 1018
1055 352 419 555 597 797 893 1064 1078 1182 1409 1587 1863 1977
1454 374 487 863 870 1033 1484 1613 1897 1921 1931
1484 650 871 1362 1985
1975 65 438 888 998 1000 1020 1406 1523 1576 1667 1707 1862
264 75 91 93 228 749 1000 1720 1732 1869 1973
276 854 1144 1264 1280 1312 1392 1434 1542 1923
490 249 314 436 457 556 1944 1998
1468 600 638 837 1122 1369 1423 1661 1774
1546 656 1035 1077 1081 1151 1224 1365 1709
1940 134 484 647 1233 1674 1719 1782 1784
52 707 800 1134 1385 1630
707 235 308 438 658 750 1272 1358 1851 1929 1955
800 111 840 1100 1130 1254 1576 1902 1928
1134 115 382 703 782 818 1100 1216 1390 1407 1910
1385 134 248 270 424 1218 1350 1943
1630 406 1143 1167 1242 1272 1565 1826 1861
290 805 927
371 70 326 1158 1296 1858 1874
1105 313 904 1810 1948
1122 861 1227 1370 1488 1543 1619 1759 1916
1455 197 231 406 665 1373
1692 87 106 550 727 855 1699 1851
54 385 903 959 1124 1175 1217 1368 1721
385 334 417 686 810 894 904 1115 1617 1843
903 116 213 253 524 550 773 779 1292 1463 1752 1773
959 96 131 217 676 870 1275 1437 1510 1565 1811
1124 140 405 464 491 569 676 1110 1730 1786 1850 1967 1992
1175 338 673 967 1167 1782 1804 1854 1900
1217 881 1271 1836
1368 93 221 677 1545 1566 1809 1978
1721 61 62 180 406 520 920 1071 1218 1584 1748 1838
204 316 579 591 879 1265 1985
407 392 1023 1521 1544 1604 1691 1753
500 227 608 871 1586 1595 1784 1823 1849
585 106 196 299 401 464 879 910 1002 1110 1332
1018 366 456 887 1263 1276 1336 1858
1109 83 222 547 1412 1645 1745
1695 327 509 1083 1095 1131 1160 1296 1514 1667 1722 1776 1827
1719 65 84 146 187 262 367 374 1254 1711
1728 63 78 392 1035 1274 1513 1894 1934 1955
1769 565 625 858 956 1221 1386 1415 1520
56 366 414 723 873 1020 1046 1292
366 236 263 477 542 906 1045 1320 1573
414 180 304 417 809 915 1380 1409 1416 1736
723 544 587 942 1765 1955
873 842 1058 1442 1645 1842 1980
1020 437 449 680 740 807 1099 1164 1213 1271 1525 1729 1907
1046 522 1069 1197 1222 1691 1954 1971
1292 208 278 321 375 469 687 1117 1296 1623
57 170 532 639 808 1167 1392 1740 1807
170 757 871 1220 1560 1735 1965
532 369 606 888 987 1441 1509 1540
639 569 806 842 1205 1206 1349 1492 1527 1768
808 400 563 659 663 763 806 908 994 1208 1489 1509 1928
1167 481 983 1089 1277 1562 1682 1885
1392 782 1118 1234 1395 1757
1740 258 381 409 631 717 740 1084 1446
1807 145 215 299 308 1075 1242 1282 1739
58 374 438 674 718 1030 1350 1452 1554 1571 1808
374 104 313 481 556 1002 1254 1420 1626 1826
438 420 1070 1471 1818
674 208 319 1341 1732 1917
718 198 469 580 587 611 1093 1666 1832
1030 483 741 848 1735 1777
1350 165 245 492 539 542 725 1241 1445 1532 1730 1794 1818 1874
1452 269 395 441 533 751 956 983 1381
1554 843 982 1258 1276 1481 1587 1698
1571 239 321 338 390 628 721 763 786 806 862 937 1066 1693
1808 340 450 469 510 566 618 810 839 1354
95 134 158 220 947 971 1132 1256 1674 1698
606 165 197 654 1003 1482 1916 1982
686 244 295 694 933 1658
1403 456 1328 1497
1685 72 118 672 683 940 1163 1404 1777
60 134 187 213 302 465 550 557 653 1093 1149 1509 1827 1900
134 216 458 687 715 1033 1051 1525 1723 1909
187 186 213 437 491 1184 1521 1712 1810 1866
213 250 304 476 555 620 910 1066 1181 1754 1764
302 367 435 580 619 696 930 1326 1610 1840 1961
465 318 831 1163 1209 1604 1784
550 267 349 529 613 810 846 1226 1707
557 160 322 672 725 1299 1482 1780 1910
653 73 165 342 520 1409
1093 256 539 875 1444 1819
1149 419 814 924 1100 1514 1545 1681 1907 1923 1933
1509 62 446 941 1104 1157 1494 1570 1838 1871
1827 267 493 1159 1634 1666 1919 1985
1900 805 1136 1229 1514 1962
61 198 256 464 556 982 1210 1275 1342 1380 1555
198 311 345 469 763 950 990 1159 1362 1410 1451 1467 1491
256 240 370 779 1195 1391 1657 1744
464 309 315 547 692 737 896 930 1168 1278 1380 1551 1707 1795
556 501 541 761 1000 1048 1191 1234 1248 1387 1469 1845
982 73 89 529 583 891 1205 1226 1646
1210 126 147 492 657 773 1057 1187 1227 1543
1275 332 405 621 936 1135 1396 1423 1623 1640 1648 1779 1862
1342 228 549 805 1056 1107 1291 1471 1529 1542 1562 1890 1929
1380 135 262 350 373 591 625 876 1159 1374 1585 1835 1944
1555 109 333 435 1072 1206 1215 1227 1276 1660
62 135 347 613 751 765 843 994 1465 1824
135 102 250 342 630 635 1173 1434 1542 1676
347 147 925 1140 1231 1301 1465 1701
613 266 278 318 866 1373 1701 1706
751 169 944 1293 1341 1427 1642 1756
765 138 358 611 809 925 1254 1284 1419 1989
843 257 396 625 990 1077 1263 1437
994 169 421 1417 1481 1581 1882
1465 91 319 672 851 896 953 1318 1863
1824 115 745 810 1336 1510 1636 1840 1843 1914
63 1158 1969
1158 83 191 334 387 419 645 733 744 754 1025 1136 1301 1491 1838 1873 1933
1969 88 612 806 849 853 875 1360
64 233 244 729 1071 1395 1436 1604 1635 1650 1787 1837 1995
233 88 360 904 983 1318 1788 1853
244 537 591 677 712 797 924 1168 1240 1281 1314 1508
729 149 478 701 893 1132 1390 1391 1672
1071 117 345 405 675 767 897 962 965 1094 1346 1427 1494 1563 1613 1768 1839
1395 205 479 539 1125 1178 1281 1532 1591 1954
1436 300 323 449 492 789 937 1215 1391
1604 521 646 1001 1258 1295 1312 1613 1888
1635 66 105 450 537 713 845 977 1880 1931
1650 107 159 186 344 481 519 520 543 753 945 1128 1329 1382 1404
1787 65 450 516 614 1099 1180
1837 68 473 651 738 1279 1423 1853 1872 1993
1995 208 498 503 754 1469 1738
65 522 597 1176 1398 1496 1553 1657
522 86 165 200 221 277 692 778 1502 1545 1993
597 269 406 437 587 588 591 996 1104 1264 1376 1540 1687
1176 441 745 827
1398 108 1039 1108 1576 1819 1908 1909 1955
1496 108 128 336 431 518 575 717 987 1322 1432 1504 1914
1553 178 281 448 516 742 1127 1374 1420 1482 1987
1657 405 810 826 963 1095 1783 1785 1966
66 676 815 817 1251 1613 1839
676 171 763 1135 1204 1240 1416 1498
815 120 286 575 845 1241 1407 1524 1723 1748 1863
817 70 186 200 368 1977
1251 138 663 1276
1613 101 205 1132 1404 1720 1783 1821
1839 194 211 417 505 1069 1100 1126 1638 1917
67 268 424 951 1033 1172 1626 1722 1909
268 249 599 720 853 1229 1252 1280 1402 1414 1431 1756
424 1329 1809 1950
951 116 143 174 325 399 445 749 812 887 1463 1507 1570 1834
1033 72 405 943 1085
1172 727 737 1512 1647
1626 620 680 1193 1203 1283 1467 1640
1722 547 711 851 944 1179 1202 1641 1873
1909 96 621 722 974 1137 1196 1303 1709
68 132 270 370 533 710 914 948 980 1130 1189 1770 1804
132 131 368 423 754 1031 1545 1744 1853
270 78 216 766 848 1274 1532 1800
370 112 520 657 757 1291 1318 1423 1700
533 120 172 284 381 499 812 848 1130 1530 1565 1921
710 97 300 603 1918
914 165 333 784 1192 1723
948 1002 1623 1636 1730
980 755 1144 1262 1322 1988
1130 146 406 445 901 950 962 1786
1189 118 278 525 1225 1349 1466 1649 1680 1866 1961 1988
1770 186 313 717 806 1358 1682 1870
1804 351 360 476
271 420 534 1346 1619
327 660 952 1044 1144 1193 1523
683 72 96 240 263 454 523 609 1043 1264 1302 1689 1698
754 552 1287 1338 1435 1527 1618
1346 455 753 1195 1230 1838
1366 91 306 418 618 794 805 1064 1118 1163 1457 1461 1659 1869
1599 105 139 245 491 704 827 868 1088 1089 1250 1419 1445 1617 1799
1866 248 493 566 1843 1952 1981
1877 342 445 709 734 783 1182 1264 1383 1724 1907 1931
1943 675 679 852 1441 1505 1506 1933
1982 137 189 565 665 684 1332 1376 1500 1622 1905
70 76 105 411 564
76 81 544 949 1328 1744 1774 1972
105 491 579 882 927 1024 1142 1201 1258 1408 1506 1780 1905
411 295 706 741 756 1169 1377 1888 1933
564 580 709 814 830 1147 1888
71 206 711 854 938 998 1088 1178 1608 1736 1885
206 680 957 1135 1262 1359 1504 1680 1783 1821 1936 1972
711 648 793 957 1336 1374 1381 1904 1907
854 432 560 876 1100 1200
938 96 526 741 830 1015 1037 1102 1789 1834
998 106 194 537 549 645 663 687 847 884 1100 1402
1088 137 573 630 779 1005 1254 1531 1540
1178 421 698 989 992 1075 1114 1550 1791
1608 581 605 716 953 1169 1699 1904
1736 137 549 1482
1885 301 510 539 1339 1375 1623 1852
72 406 626 737 901 1332 1408 1944
406 97 839 869 920 1002 1673 1783 1850
626 798 892 925 1361 1481 1580
737 250 472 608 898 963 1423 1761 1794 1851 1897
901 317 1006 1069 1430
1332 375 404 441 610 1147 1355 1573 1712 1748 1778
1408 457 655 990 1316 1928
1944 311 338 594 669 1025 1043 1094 1918
73 101 138 189 191 369 763 818 1242
101 102 255 746 747 1250 1419 1914 1981
138 286 308 341 952 981 1195 1530 1578 1647 1759 1805 1892 1918
189 145 183 311 457 1083 1302
191 147 400 537 757 955 990 1025 1168 1279 1738 1991
369 167 380 644 1070 1512 1784 1892
763 309 489 789 1008 1177 1248 1370 1658 1850
818 223 450 986 1927
1242 734 740 882 981 1081 1114 1169
74 117 426 841 974 1120 1218 1446
117 441 899 1298 1931
426 441 624 658 895 1474 1973
841 167 239 293 436 555 677 697 1144 1504 1577
974 137 163 858 950 1154 1356 1437 1477
1120 262 719 1622 1738
1218 89 778 1301 1426 1524 1580
1446 196 989 1042 1258 1586 1730 1745 1809 1954 1965
75 572 1097 1252 1274 1442 1474 1633 1908
572 174 193 240 559 1073 1506 1819 1834 1897
1097 646 1248 1334 1833 1838 1854 1973
1252 87 326 1373 1481
1274 401 798 1132 1373 1391 1743 1765 1788
1442 306 496 658 813 1531
1474 217 471 479 727 775 779 1195 1374 1585 1693 1738 1838
1633 780 1002 1031 1413 1469 1739
1908 368 431 435 1131 1849
81 102 352 450 647 715 741 1185 1316 1349 1428 1545 1585 1774 1955
544 458 588 1119 1359 1451
949 220 743 976 1128 1263 1977
1328 1971 1973 1989
1744 267 311 516 1243 1508 1624 1735
1774 146 259 340 433 866 1014 1043 1375 1558 1634 1947
1972 609 757 794 1117 1241 1269 1576
79 1173 1216 1781 1838 1976
120 287 289 565 621 805 971 1427
152 188 194 205 920 1051 1140 1266
208 618 750 952 1044 1572 1791
306 351 393 657 834 1306 1315 1322
512 492 547 789 896 1370 1682 1950
630 115 395 410 637 657 1095 1978
702 288 607 646 648 995 1144 1412 1489 1647 1648 1671 1697 1883
722 82 93 362 456 725 1466 1784
1925 167 494 646 687 773 1942 1974
78 417 448 581 600 773 918 1103 1825
417 664 773 1016
448 84 108 112 549 1773 1965
581 367 552 709 1439 1696 1779 1952
600 288 360 795 826 862 1271 1723 1934
773 107 458 472 559 608 658 774 835 1131 1283 1410 1616 1966
918 249 494 654 700 884 1243 1390 1888 1895
1103 186 599 1015 1182 1506 1679 1862
1825 182 1430 1576 1592 1681
1173 363 629 682 719 1667 1718 1800 1819
1216 232 761 846 885 977
1781 423 747 887 1482 1612
1838 145 343 523 602 922 1083 1213 1320 1765
1976 127 200 1094 1433 1513 1573 1705 1983
352 239 786 838 884 1072 1262
508 106 143 384 1314 1559 1560 1652 1707 1862
530 336 1057 1295 1427 1902 1983
715 126 308 330 363 539 684 1086 1291 1639 1708 1852 1882 1954
717 749 812 1003 1250 1973
728 186 578 1558 1565 1696 1757
738 172 826 1058 1845
940 520 939 962 1075 1127 1153 1772 1892
1037 143 284 583 895 1108 1119 1739 1832 1852
1128 140 484 776 896 996
1486 402 502 565 744 845 1100 1269 1565
1543 193 259 521 576 866 1214 1279 1529 1817
1871 160 908 1212 1580 1629 1799 1854
1934 481 566 580 687 692 827 849 876 1031 1154 1348 1367 1612
102 182 1159
450 435 496 1360 1671 1674
647 380 484 536 679 744 757 849 1125 1244 1280 1497 1697 1840
741 716 816 1224 1404 1406 1413 1426 1888
1185 466 510 1184 1595 1724 1791
1316 315 432 694 734 922 1639 1977
1349 402 423 516 605 884 1065 1127 1701
1428 116 1184 1427 1869
1545 87 281 852 1430 1514 1851
1585 252 315 518 608 794 1137
1955 133 242 657 1031 1354 1424 1868
82 106 943 1272 1828
106 113 473 709 1293 1489 1946
943 363 547 733 1814
1272 334 1000 1152 1639 1691 1716 1977
1828 223 1234 1266 1318 1457 1723 1753 1895
83 338 479 879 890 1039 1563 1592
338 266 659 663 866 947 1222 1236 1283 1525 1541 1829 1904
479 140 483 619 779 907 996 1457 1584 1795
879 341 345 376 445 871 1051 1075 1084 1481 1535 1619 1708 1817 1840 1989
890 634 734 1117 1344
1039 511 605 1016 1355 1425 1881
1563 288 797 807 830 1673
1592 685 714 775 941 952 1031 1081 1497 1851
84 1858
1858 263 992 1162 1881
240 720 745 746 835 916 1008 1078 1153 1204 1897
681 454 756 887 942 1312 1472
819 734 952 1084 1513 1540 1776
1078 278 925 1116 1222 1840
1338 130 231 323 981 1435 1840 1980
1574 96 342 659 733 1108 1958
86 247 735 942 1035 1184 1248 1441 1621
247 607 1081 1530 1531 1691
735 965 1159 1904
942 96 236 930 1244 1623 1888
1035 498 806 1500 1876
1184 211 734 1196 1737
1248 304 481 1196 1369 1386 1507 1607 1882 1907
1441 149 419 614 1042 1100 1356 1634
1621 223 1427 1558 1919
87 93 269 363 399 499 706 1617 1717 1788 1818
93 96 545 664 999 1179 1402
269 311 648 806 1513 1558 1974
363 421 441 719 1082 1143 1354 1415 1572 1641 1776 1919
399 139 231 1535 1947
499 962 1196 1502
706 258 437 953 956 995 1324 1439 1680 1759
1617 793 1031 1083 1365 1530
1717 200 266 319 1199 1322 1765
1788 767 1281
1818 431 745 917 1281 1743 1809 1851
88 857 1279 1521 1529
857 692 725 1008 1296 1373 1743 1989
1279 1322 1662
1521 428 431 720 871 1748
1529 293 393 1197 1992
89 986 1383 1741
986 326 863 1910
1383 391 645 684 1102 1713
1741 111 494 1358
299 220 239 685 1099 1187 1919
341 1028 1083 1659 1773 1983
1370 396 561 661 1759 1903
1573 425 521 1258 1490
1819 193 489 744 963 1107 1143 1231 1658
91 323 340 849 891 1501 1764 1942 1991
323 576 725 852 853 1070 1416
340 520 679 767 920 1142 1265 1445 1590 1880
849 525 831 950 1306 1488 1716 1849
891 113 1125 1162 1595 1759 1913 1936
1501 493 547 563 1303 1393 1963
1764 295 423 539 566 962 981 1660
1942 180 281 510 511 603 780 965 1358 1671 1882
1991 145 387 1153 1831 1861
92 762 893 1520 1615 1777 1835 1897 1917
762 140 231 375 756 834 1752
893 916 1194 1631 1652 1869
1520 390 655 664 884 1086 1222 1464 1845
1615 421 797 810 1084 1293 1756 1854 1894
1777 562 816 1031 1263 1289 1343
1835 112 215 1505 1645
1897 472 645 662 755 1236 1628 1661
1917 194 457 746 1730 1743
96 300 809 894 1016 1339 1559 1836
545 112 402 587 1256 1382 1586 1606 1715
664 318 881 1291
999 521 624 634 698 840 1348 1491 1691 1715 1737 1992
1179 259 444 870 876 1295 1472 1533 1743 1850 1936
1402 336 1494 1502 1525 1795 1854
94 524 888 1753 1967
524 599 1295 1375 1660 1715 1874
888 498 739 1507 1894
1753 278 637 1059 1202 1646
1967 234 281 1206 1780 1829 1830 1863
158 445 919 1008 1419
220 172 222 343 523 560 697 767 875 1137 1192 1260 1566 1584 1927
947 236 694 772 983 1108 1196 1634 1712 1890
971 160 287 436 1083 1180
1132 309 552 562 687 807 861 1023 1783 1850
1256 428 539 668 969 1302 1393 1490 1572 1597 1782
1674 125 315 805 920 1254 1983
1698 458 757 852 894 1595 1643
300 259 1417 1875 1933
809 304 569 755 776 1224 1629 1705
894 224 396 552 644 887 1384 1450 1679 1738 1761 1779 1974
1016 224 805 845 1056 1324 1467 1689 1739 1786
1339 235 451 625 927 1192 1432 1542
1559 360 962 1258 1535 1686
1836 311 899 1610 1697 1811
97 635 1062 1154 1387 1765
635 457 467 1757
1062 725 742 1506
1154 267 401 523 814 820 1759 1785
1387 171 858 910 988 1659 1814 1821 1895
1765 739 759 1373 1422 1451 1646 1672
98 109 175 245 358 576 733 1036 1082 1116 1144 1164 1244 1851
109 727 957 1570 1860
175 332 344 1082 1102 1382 1711 1983
245 727 794 1044 1119 1220 1510 1532 1579 1637
358 277 531 1069 1220 1623 1878
576 537 555 656 1523 1729
733 163 277 1164 1344 1425 1745 1805 1880 1954
1036 174 682 813 956 1420 1681 1754
1082 445 471 725 1141 1181 1542 1869
1116 188 428 612 1089
1144 1208 1276 1727 1973 1998
1164 995 1136 1220 1771
1244 118 783 1375 1502 1713 1960 1981
1851 227 494 744 1745 1833
227 486 798
511 1306 1420
637 149 336 677 789 1182 1745
802 457 542 654 1287 1919
820 236 509 569 1065 1075
1321 539 1001 1057 1270 1488 1680 1757 1933
1735 262 392 739 919 1065 1147 1280 1391
100 368 631 917 1072 1115 1540 1666 1907 1988
368 267 418 1701 1853 1932
631 898 1314 1464 1696 1724 1929
917 922
1072 721 742 962 1073 1160 1314 1377 1432 1449 1826
1115 171 962 1095 1525 1761 1880
1540 477 712 749 814 825 990 1145 1733 1971
1666 547 1463 1867
1907 178 444 478 590 955 1031 1064 1089 1314
1988 140 328 521 573 655 672 721 895 1266 1431 1492 1576 1743 1960 1973 1985
255 609 1136 1299 1660 1680 1905
746 594 1508
747 149 275 790 1699
1250 194 457 996 1083 1187 1283 1639 1789 1876 1931
1419 401 433 1080 1186 1209 1493 1659 1748 1993
1914 295 304 810 851 973 1693
1981 440 1119 1445 1467
182 112 165 611 1086 1430 1712
1159 449 608 847 1006 1032 1425 1628
1779 196 252 275 478 602 1517
104 266 404 442 531 573 862 1229 1324 1577
266 328 908 1005 1117 1152 1233 1541
404 126 962 996
442 217 437 493 1281 1427 1542 1647 1948
531 160 262 936 1326 1643 1814 1862
573 1048 1260 1434 1565 1591 1706
862 108 559 1227 1508 1834 1910 1987
1229 140 188 307 608 1880
1324 140 542 651 1450 1498 1640
1577 314 391 496 840 850 1200 1706 1875 1947
491 356 430 493 634 677 797 853
579 526 539 559 927 1863
882 526 742 1282 1658 1723 1834
927 118 367 1270 1396 1711 1965
1024 525 853 922 962 977 1451 1823
1142 454 547 565 797 863 1233 1905
1201 248 308 331 343 510 826 1410 1652 1763 1977
1258 996 1572 1840
1506 716 1733
1780 295 441 588 913 1145 1578 1607 1652 1978 1992
1905 140 295 493 629 1371 1377
113 577 584 1205 1208 1483
473 895 1102 1318 1946
709 518 1637 1953
1293 567 662 1147 1260 1391 1761
1489 222 661 790 866 899 1595 1739
1946 322 362 555 789 992 1417 1435
107 645 662 858 884 896 939 1069 1196 1234 1729 1853
645 110 193 277 688 782 910 1361 1795
662 167 346 690 1701 1724
858 235 284 304 436 493 612 646 704 837 1044 1565 1671 1709
884 263 1634
896 1449 1566 1708
939 257
1069 920 1126 1177 1580 1711 1775 1872
1196 127 580 721 1080 1286 1639 1861
1234 313 866 908 1584 1661 1910
1729 235 590 680 774 1066 1209 1576 1800
1853 444 1361 1887
108 186 720 1043 1227 1326 1390 1831
186 501 529 739 1314 1551 1578 1579
720 575 1220 1280 1312
1043
1227 226 421 742 1524
1326 284 503 1087 1637 1757
1390 451 687 895 1125 1667
1831 590 1108 1299 1493 1527 1570 1815
727 924 1667
957 147 163 1045 1673 1906 1962
1570 373 580 713 995 1298 1407 1461 1694 1716 1821
1860 235 1550 1558 1933
110 130 234 1003
130 692 1114 1821
234 116 311 756 892 1716
1003 701 922 952 1447 1461 1616
111 307 1429
307 171 178 293 449 509 767 1523
1429 767 945 1689
112 133 180 308 916 1002 1286 1450
133 342 1126 1131 1152 1284 1739
180 583 814 826 1393 1413 1597 1816
308 1923
916 692 1464 1535 1738
1002 356 549 657 1006 1433 1724 1861
1286 232 409 1059 1319 1693
1450 589 1359 1619 1918 1932 1952
577 188 356 421 831 1507 1745
584 162 778 924 936 1162 1206 1355 1609 1662 1768
1205 761 848 1153
1208 289 757 1086 1295 1409 1410 1510 1776
1483 334
178 373 469
318 149 376 644 904 907 1295 1426 1648 1772
806 509 694 924 981 995 1214 1374 1713 1947
1135 252 796 1075 1269 1393 1472
1748 587 620 876 1084 1921 1963
1758 502 730 965 1313
1895 604 609 684 850 1816
1968 284 518 609 620 660 1005 1212 1422 1517 1565 1852
115 149 578 870 1936
149 449 793 922 1224 1505 1890
578 127 196 328 590 955
870 311 563 590 825 1334 1414 1622 1660 1679 1681 1910
1936 252 476 656 956 1624 1672 1708 1810 1901
116 172 562 1059 1065 1694
172 183 1084 1102 1634 1778 1931 1992
562 519 1057 1269
1059 393 833 835 1510
1065 437 742 1542 1948 1961
1694 543 1406 1437
441 128 143 174 455 898 952 1197 1358 1810
899 196 435 833 1299 1658 1661
1298
1931 254 373 1077 1083 1434 1445 1457
118 1435 1492
1435 250 761 779 1560
1492 561 739 950
230 360 1283 1681 1709
588 239 380 458 502 685 1160 1500
1193 523 636 797 1057 1152 1718
1420 183 319 457 484 688 760 937 1254 1284 1336 1447 1586 1814
1616 147 798 989 1269 1296 1591 1978
287 254 503 1221 1437 1464
289 675 930 962 1530 1662 1881
565 344 837 1199 1215
621 816 1031 1533 1953
805 650 892 1031 1296 1782 1789 1843
1427 837 1289 1477 1815 1894
257 761 1319 1467 1636
719 483
876 163 249 1525 1590 1661
1681 325 451 789 1791
933 419 476 1099
1230 250 439 677 740 1412 1693
1417 392 755 861 1200 1362 1507 1756 1785
546 1423 1933
1243 629 734 790 1081 1514 1671 1706 1816
1586 580 883 1045 1177 1463 1624 1840
1733 259 284 523 1730 1998
1785 583 1845
231 816
897 1233
1262 222 523 696 766 1716 1894
1447 316 391 944 1212 1488 1584 1849 1906
1636 137 391 502 712 853 1393 1530 1624 1821 1989
1834 229 1264 1524 1883
1954 284 405 594 995 1906
125 228 784 839 1565 1862
228 145 609 657 725
784 137 467 750 910 996 1432 1433 1755 1794
839 619 919 1646
1565 449 833 851 1221 1225 1356 1519 1527 1541
1862 200 915 1077 1081 1245 1597
126 798
798 405 1542 1672 1711 1805 1903
127 295 304 1578 1637 1791
295 396 865 1284 1609 1706 1707 1893
304 611 981 1087 1222 1873 1890 1992
1578 263 472 518 1005 1119 1482 1902
1637 239 284 614 750 1287 1497 1830 1965
1791 845 1136 1680 1869
128 216 721 739 1388 1464 1708 1814 1922
216 391 1241 1498 1786 1903
721 391 591 1742
739 658 1271 1919
1388 868 1177
1464 194 541 713 825 852 1676 1755 1894
1708 345 543 1906
1814 169 188 783 1107 1222 1541 1826 1953
1922 163 505 1759 1867
401 192 283 336 1171 1301 1901
444 316 451 696 776 952 1445 1640
519 165 941 952 1048 1081 1143 1273 1376 1562 1821 1882
583 419 430 431 740 892 1396 1739 1776
703 712 830 835 850 1073 1077
989 489 552 656 976 1318 1535
1590 529 636 1145 1880
1730 301 612 1195 1849
1971 328 433 697 1085 1220 1437
692 313 920 1066 1153
1114 418
1821 286 466 701 1045 1595 1810 1893
131 590 644 793 1583 1863
590 842 1058 1799 1832
644 1001 1800
793 743 1045 1083 1099
1583 321 1469 1525
1863 445 658 1127
423 868 1013 1051 1341 1581 1883
1031 810 1377 1629 1997
342 319 956 1045 1095 1270 1320 1439 1948
1126 390 1209 1369 1433 1892
1131 446 567 782 1523 1572 1705
1152 496 625 648 826 847 906
1284 183 1086 1110 1358 1384 1386 1618 1904 1921
1739 660 995 1195 1260 1409
458 1102 1187 1329 1525 1713
687 345 543 1180 1197 1373 1597 1602
1051 163 205 286 539 1117 1141 1595
1525 346 659 685 988 992 1720
1723 326 501 656 679 1444 1876
250 922 1066 1840 1883
1434 137 454 952 1271 1410
1542 165 333 654 1354 1849
1676 907 1204 1289 1430 1558 1671 1963
575 973 1136 1469
1799 315 336 694 875 925 1409 1426 1773 1888 1948
137 481 1409 1624
481 315 1220 1233 1845
1409 1001
1624 315 376 775 1081
286 1231 1282 1414 1833
952 509 619 697 1950
981 555 776 1084 1125 1424 1671
1195 539 744 1151 1639 1645 1805
1530 467 543 1269 1823 1918
1647 604 648 1619 1965
1759 183 712 845 887 1118 1587
1805 440 866 1413 1481 1755
1892
1918 969 1241 1761 1947
139 197 446 608 1772 1880
197 543 767 1157 1727 1845 1928 1966
446 146 560 958 1182 1701 1775 1977
608 953 969 1163 1757 1778 1887
1772 1137 1303 1597
1880 312 846 962 1929
140 492 525 1334 1623
492 467 483 542 1514
525 594 685 907 1716 1950
1334 610 713 1226 1738 1755 1962
1623 1182 1444
217 283 471 697 767 1045 1094 1204 1533
1186 455 648 660 956 1451 1768
1423 281 1329 1481
1679 455 669 967
875 331 486 881 1200 1371 1923
1001 449 673 992 1343
1064 494 1469 1517
1432 293 321 618 634 1963
1628 239 755 1187 1646 1691 1965
1638 421
143 651 1517 1888
651 258 437 779 1355 1449 1689 1756 1902
1517 701 755 827 1066 1687 1901
1888 301 990 1108 1404
146 1277 1845
160 331 690 774 853 1019 1816 1843
162 1147 1212 1416 1890 1963
145 1015 1204 1369 1384 1933 1966
1015 433 439 629 1369 1561 1830
1204 672 757 1107 1233 1260 1430 1533 1619 1711 1987
1369 489 1209 1584 1715
1384 167 830 1449 1524 1646
1933 1893
1966 336 714 750 759 1157 1587 1842
1277 501 502 559 863 871 937 1318 1449 1481 1689 1840
1845 303 376 397 520 610 1025 1612
147 332 451 714 759 1058 1500 1756 1832 1965
332 937 1354 1745
451 275 319 344 618 794 1057 1084 1263 1640
714 281 331 865 1028 1104 1194 1482 1867 1997
759 869 1213
1058 427 830 1143
1500 221 360 760 950
1756 775
1832 425 704 1048
1965 326 402 848 852 1602
314 258 552 1457 1711
665 467 1412 1903
835 283 313 349 760 910 1322 1437 1705 1992
1025 861 1322 1902
1579 330 629 908 1073 1280 1761
449 620 1377 1426 1716 1782
922 457 1660 1950
1224 334 679 1127 1870
1505 380 589 779 1221 1226 1566 1870 1974 1985
1890 534 679 1680 1697 1962
283 983 1119 1815 1960
516 418 812 1075 1137 1361 1773 1929
654 360 655
920
1291 397 698 778 941
1673 236 319 846 1162 1221 1276 1439
445 679 1048 1182
607 167 315 356 591 1581 1686 1693
744 1325 1711 1861 1998
1490 669 684 1296 1815 1947
1639 430 868 1263 1611
188 239 390
194 1119 1960
205 196 275 1087 1745
1140 169 400 851 1143 1153 1693
1266 1811 1923 1953
466 330
486 396 425 494 591 604 658 848 898 1989 1998
1603 537 668 753 969 1504 1609 1693 1815
277 842 1006 1301
655 167 367 837 967 1006 1336 1491 1527 1961
988 629 1099 1343 1551 1755 1874
1008 312 614 895
1099 1481 1528 1618 1686 1948
1572 281 349 833 837
881 734 908
1301 685 898 1425 1439
1532 326 418 427 430 684 907 969 1171
663 333 435 472
908 183 614 680 712 825 1377
1906 336 472 611 826 1391 1609 1755 1763
322 559 774 1006 1449
591 713 1011 1222 1662 1800
685 493 761 1202 1437 1507
1508 159 382 1472
1528 400 1125 1241 1671 1948
919 344 476 1315 1362 1693
159 418 543 603 650 680 868 1359 1868
418 996 1343 1711 1833
543 539 740
603 330 749 760 1108
650 254 956
680 496 740 1430 1794
868 200 382 1032 1222 1396 1560
1359 1449 1709 1811
1868 996 1083 1361 1612 1795 1923
331 387 885 1086 1619 1963
690 325 430 1056 1273 1562
774 537 953 1482
853 284 1125
1019 345 1048 1514 1713 1742
1816 478 569 1850
1843 536 1169 1320
537 343 658 750 1531 1773 1811 1962
559 1842 1977
1107 1771
1471 409 779 1177 1222 1225 1865
1817 1276 1283 1412 1999
1147 672 1693
1212 767 825 1137 1757
1416 263 697 1080
1963 529 569 757 915 1119 1182 1281 1622
163 229 397 669 783 1095 1145 1580 1823 1999
229 1795
397 258 284 682 767 866 1439 1535 1566
669 1086 1833
783 433 602 682 1606
1095 165 367 467 476 605 907 1085 1360 1913
1145 1776 1947
1580 223 1160 1558
1823 699 1609 1876
1999 433 969 1143 1221
827 614 779 1263 1901 1997
1634 618 848 1461 1696 1709 1952
1997 267 776 1011 1672 1927
165 619 848 1425
619 629 1044 1197
848 432 563 1127 1727 1873
1425 833 1086
526 301 625 1085 1551 1949
742 549 913 1011 1296 1737
167 258 392 1881 1960
258 222 1691
392 387 749 1361 1410 1451 1618 1923
1881 965 1581
1960 944
780 278 840 1283 1467 1993
1214 887 1276 1629 1861
1782 1168 1197 1459 1699 1932
1921 1377 1893
169 223 1089 1110 1488 1952
223 375 1220 1280 1878
1089 757 1236
1110 345 790 863
1488 316 387 965 1498
1952 547 871
757 1607
871 945 1426 1523 1562 1687
1220 222 288 813 863 1463
1560 560 1303 1319 1643
171
183 483 1319 1671
1084 887 969 1451
1102 1406
1778 262 472 536 1325 1776
1992 343 624 1852
740 541 704 753
1278 1482
1876 253 471 628 677 1086 1755
174 196 249 611 1661
196 393 904 1197 1671 1784 1916 1953
249 541 958 967
611 987 1477 1652
1661 521 604 1894
344 405 1075 1512
1382 1032 1697
1711 455 967 1056 1643
1983 346 767 1361 1742 1752 1902
326 483 625 1044 1087 1171
700 433
789 866 995
1070 263 362 602 1406 1953
1510 503 520 775 1360 1606
1775 1631 1757
281 620 1870
1732 812 1362 1431 1445 1882
373 393 560 906 1466 1737
469 420 1066 1119 1415 1699 1923
866 236 321 612 1916
1815 561 852 1737 1743
1953 1320 1374 1415 1949
814 967 1873
826 567 610 1373 1381 1873
1393 996 1141 1713
1413 325 682 825 846 1504 1852 1861 1993
1597 263 317 620 657 898 1023 1502 1771
457 1319 1412
782 712 797 816 1182 1591
965 350 1602
1086 958 1961
1430
1712 432 478 1231 1414 1602
483 1524
1319 232 1466 1794
1671 745 1151 1180 1348 1531 1869
350 309 734 816
610 566 661 1254
704 1656 1786
1531 941 1800 1987
1566 330 356
1169 309 494 547 1482
1236 476 976
1622 402 1524 1743 1856 1865 1893
1974 301 402 1306 1320
501 494 625 833 1362
529 472 539 1367 1541 1902
1314 688 776 996 1303 1761 1902
1551 1276 1295 1360 1376 1377
437 436 846 1303 1687
1810 1648 1686 1854 1978 1980
239 303 796 1295 1609
390
311 807 1280
1083 996 1153 1923
1302 333 523 1160 1867
224 278 812 962 1641
343 192 1763
381 288 679 713 1527 1794
745 440 487 493 547 963 1032 1104
810 242 494 772 1699 1757
906 830 1699
1056 523 614 656 679 1445 1607 1773
1263 660 1215
1795 1329 1407
1854 967 1950 1977
1919 435 520 1200 1852
400 510 950 1100 1658
955 852
990 275 349 698 953 1910
1168 1491 1752
1738 534 1498
192 193 520 850 969 1213 1602
193 367 913 1507
520 248 321 1240 1360 1426 1445 1618
850 440 510 1404 1497
969
1213 419 1181 1800
1602 855 1927
367 725 892
913 433 696 1287
1507 1709
1119 503 1221
336 1306
432 675 1295 1318
1141 351 1108 1498 1811
1160 668 1422 1826
1407 395 428 761 1011 1481 1607
393 510
904 1260 1361
1197 425 509 648 847 1080 1422 1852
1784 278 779 1199 1209 1271 1444
1916 387 618 1191 1296 1494 1556
767 1225
1157 521 569 1396 1610
1727 775 837
1928 1415 1612
345 604
950
1362 391 569 657 694 924 925 1439 1645 1998
1410 439 892 1341 1610 1640 1948
1451 1315
1467 351 1094
1491 567 865
242 847 910 1322 1887 1987
328 1375 1629
1913 436 924 1225 1344 1360 1659 1842
200 211 375 794 1231 1233 1498 1587 1830 1870
211 253 1842
375 309 1373 1754
794 1504 1856 1949
1231 604 1652 1686
1233 1206 1656 1672 1849
1498 895 1073 1376 1811
1587
1830 292 892 958 1649 1697
1870 409 967 1437
232 402 541 1094
1707 778
1171 313 609
1662 409 1646 1691
252 387 1656
967 1225
1080 1048 1422
1361 1087 1826 1927
1607 1701
316 761 1696
1265 697 1295 1312 1367
1985 1445
275 1280
1087 605 915 1085 1609 1672 1715
1745 454 675 688 1699
1504 1044
1680 1391 1431 1576 1978
1783 288 898 1282
887 435 1181 1643 1705 1800 1840 1927
1226 563
1318 1562 1724
618 567 847 1527 1875
750 1610
1044 1611
477 992 1118 1192
487 334 569 1127 1611
1686 502 1581
1867
541 1993
1415 756
253 734 1177
1842 278 455 587 1117 1987
699 384 694 753
865 547
1023 405 494 1045 1595 1977
476 797 840 863 1187 1894
555 317 734 1254 1716
620 1652
910 983 1032
1066 1240
1181 1768 1973
1754 391 439
1396 761 1000 1276 1761
1809 319 419 885 1005
215 248 402 428 431 1656 1776 1929
248 1449 1544
402 1048 1449 1903
428 1535 1786
431 1153
1656 267 503 552 1260
1776 1163 1882
1929 360 427 542 673 930 1493
391 509 1005 1693 1800
1241 278 638 1584
1786 930 1182 1273 1556 1643
1903 494 764 797 996 1203
471 1254 1978
697 786 1422
1045
1094 552 1127
1533 454 1544
602 1700
1612 1374 1980
222 761
523 1344 1355 1356 1561 1794 1882
560 301 790
1137 730 1209 1312
1192 561 673 992 1283 1295
1260 288 661 1973
1584 1437
1927 778 1245 1493 1641
221 503 629 1108 1215
503
629 346 1437 1482 1687
1108 813 1649
1215 349 351 376 953
761 648 1075 1276 1595 1611
1280 1162
1878 262 925
278 312 1595 1737 1893
812 992 1348
962 542 775 1367
1641 1932
1011 1619
226 1336 1377
1336 547 1709 1800
1377 842 1127 1153 1406 1849
609
657 925 1199
725 319 1493
360 396 1303 1422 1444 1743
1283 837
1709 518 855 995 1850
816 1057 1225 1371
983 936 1287 1618 1771
756 614 1381
892 539
1716 614 730
235 509 673 796 830
509 561
673 1962
796 303 1240 1550
830 439 536 1648 1962
236 936 1355
936
1355 628 713 730 813
288 1000
317 376 498 1457 1743
330 1689 1873
569 1457 1718
1535 395
1691 845 1367 1494
1773 455 589 1852 1947
1887 1439 1576
1958 319 1028
303 1269
1295 433 436 1445 1550 1794 1850
1609 498 1358
1153 1151 1948
505 498 1874
869 1768
1073 924 1322 1343 1527 1949
847 599 760 790 1344
1322 430 1081 1365
1987 420 813 987 1042 1360 1950
677 1811
712 760 1527
797 825 1649
924 494 1005
1240 883 1269 1358 1541 1672
1281 484 753
333 478
1672 435 1100
1081 772 1457
1449 439 1100 1375 1562
1544 1989
958 1221
1840 549 672 1642
1883 956 1414
668 749 1287
760 547 1998
1386 293 845 885 1658 1771
387 542 1724
734 313 679 1459 1481 1667
1177 753 1947
254 395 567 698 1313
395 1127 1556 1833
567 925 1320 1358 1523 1800 1901
698 409 1581
1313 672 945 1463
1136 786 1373
1299 831 1414 1493 1724 1947
1660
779 694 1013 1276
1391 1433
259 1125 1187 1737
1125 325
1187 1312
1737 1245 1424
1005 433 521 701 1581
262 436 1042 1682 1904
436 1595 1619
1042 518 842 1202 1412 1414 1422 1763 1904
1682 589 749 1048 1191
1904 313 521 1705 1852
263 831 1344
831 1077 1872
1344
749 846 1013 1494
1000 1893
1720 786
1869 1032 1191 1329 1875
1973 863 1057 1461 1948
351 267 1312 1713
518
1932 321
1117 433 605 658 1264 1320 1343 1469
1541 455
267 349 861
349
861 1556 1705 1923
599 1640 1962
1414
1431 536 1180 1497 1513
648 1556
1513
1558 1643 1993
766 612 956
1800
420
534
1619 430
1993 1763
587 1371 1743
996
1466
883
1264 684
1312 455 1629 1693
1923 1075 1978
842 634 1104 1693 1768
1006
312 1687
1595 334 1463
1893 846
1315 552 1761
1412
838 563
937
421 1269 1849
753 496 502 1162
1271
284 380 382 772 778 1296 1512
380
382
772 1444 1724
778 435 1629 1794 1989
1296 1611
1512 679 1057
895 1225
925
976 1550
995 410 837 956 1519
1581 521 1085
1282 1270 1289 1610
1833 776 1715
1221 1206 1303 1424 1561
1437 1373 1700
675 580 1977
930 435 1611
840 346 1343
1245 1461
292 1768
1768 496
293 315 1276
315 1527 1794
1276 496 1343 1550
1127 833 1697
1519 427 825 1426 1562
396 915
1706 580
325 628 898 1143 1209
628
1433 1646
701 1203 1367 1742
945 547
1482 682 1882
1209 425
1875 679 845
301 684 837
684 439 1343
837
435 845 1163
580 851
696 1194
1610 1591
1961 1461
1269 1894
1222 1225
1873 1100 1477 1629
834 455 1962
1306 1752
1523 851 1191
309 1202
1202 1829
1100
1611 953 977 1481
807
1687 846 1652
313 1013
1013 1303 1977
552 521 1206
1457 346 1494
1527 1852
1794
1696
376 1360
498 439 1826
1743 1048 1962
907 1789
1426
1648 1424
319
439 1354
638 1502 1652
321 1354
1354 1151
852
898 764 1365
1143 489
625 614 1693 1757
660 790 1561
1375 1700
1629
467
1689 1962
885
478
334
536 1477
679
1367 1371
659 1439
1829
694 384
1445 566
1028 1444 1948
1659 502 594 1439 1910
956 915
1270 624 963
1320 1950
1439 1850
1948 425
1763 1502 1643
405 510 542 944
1075
604 430 1742
346 1254 1652
1254 489 614
1652 1343 1463
1701 1101 1472
1713 1872 1978
786
472 1998
563
356 672 1872
672
1872
1700 1469
1289 1194
1303 624 713
1422 419
1444
362 1461 1894
1461
1894
1901
542
1874
384 521 1771
624
1826 1755 1962
1373 1151
1360 454 973
1191
1343 549 755 953 1757
713 1085 1667
1374
521 846 1032
1771
1724 1902
1642 1667
1693 419 1631
1618
510 992
1556
915 743
682 566
790 1085 1989
1947
1658 1381
1048 1151 1493
561
944 953
1850 716 1371 1962
409
410 594
594 456
1715
454 440 1329 1381 1463
825 1477
1085 730
646 1469
419 1493
1493 1459
1849 658 1752
1341
1329
1950 1562
425
658
427 776 973
776
973
1752
430
433 1200
1200
845 1502
1163 1494 1497
846 743
440 833
833
455 1550 1561
1358
493 1356
1640
1182
1977
549 977 1194
496
1057
1381 494 1524
1463 1962 1998
1550 1761
1561
456 489
489
502 1162
1497 1406
1576 1014
539 851
547 1406
1699
1459
1705
1978 987
1998 1194
1206
863
992
1118 589
634 1962
851 953
1524 1494
484 1962
1962 1101
1761 755
494 987
1989
1514
1356 614
987
1697
1502 656
1162
941 1606
1273
1376
1562 1151
1882
1032
1949
1151 1014
1902
1643
1477 1325
1811
1180 1194
1856
1606
1406 1225
1667 716
977 605
1194
813 1104
1469 614
1910
1199
566
1718
716
1591
656
1789
1371
589
1742
1104
795
605
953
1757
661 1325
612
614
1481 1365
636
688 1494
1325
1101
1287
1472
1494
1348
1203
1077
755 1645
1852
730
963
1404
743
1861
1645
764
1225
775
1755
1646
1649
1014
855 1631
1631
1980
1365
1424
1865
