0 73 86 101 108 156 204 245 264 308 346 353 417 445 488
73 3 49 75 80 96 173 178 179 242 247 248 305 361 362 456 470 477 479 491
86 41 131 145 152 172 193 243 285 314 354 458
101 34 53 128 144 150 158 197 207 309 347 349 364 435 459 475
108 4 13 16 98 103 124 193 202 226 236 243 244 262 295 344 350 392 397 414 433 471 496
156 8 61 115 139 213 236 246 248 282 293 301 353 354 372 394 472 479 487 488 495
204 39 118 127 148 166 189 224 227 266 293 389 393 483
245 39 60 163 220 246 252 274 403 430 473
264 32 50 53 69 128 130 153 155 174 213 236 255 298 317 320 344 368 381 435 436 464
308 3 27 65 99 178 184 199 205 242 281 286 306 344 345 361 369 403 458 473
346 13 29 35 76 135 154 183 211 219 223 241 311 367 391 402 406 419 452 495
353 65 71 92 152 154 267 278 302 333 342 350 403 407 425 439 472 473
417 30 83 152 176 187 228 307 315 354 362 403 446 498
445 30 33 40 74 120 127 152 199 228 230 247 274 277 303 354 356 438 466 479
488 3 16 27 65 76 200 230 248 282 286 312 314 330 351 352 372 453 466
1 10 17 21 32 77 88 126 137 183 203 268 276 283 288 338 354 381 438 450
10 24 111 177 205 211 219 227 232 272 298 313 422 423 453 454
17 23 74 114 160 211 227 236 282 317 347 349 422 492
21 4 27 32 76 113 130 227 288 304 404 420 439 471
32 97 115 127 132 336 357 404 461 470
77 132 340 355 413 468 469
88 139 154 194 270 334 365 375 405
126 13 52 66 140 190 194 270 285 354 427 476 485
137 44 128 189 265 277 301 331 333 376 400 480 498
183 46 92 133 138 230 249 250 251 291 309 328 343 388 398 432 461 469 475 496
203 50 65 97 111 113 118 119 178 194 195 223 225 287 291 363 423 427 457 481 492 498
268 34 45 82 206 269 313 320 329 332 443 444 452 469 483
276 43 58 75 79 158 250 310 421 480
283 20 31 66 75 361 399 420 423
288 52 55 75 99 100 118 130 132 149 180 201 342 408 480 484
338 112 163 251 254 287 307 315 329 351 352 357 366
354 23 26 138 307 323 337 356 365 376 430 459 490
381 30 37 71 127 135 154 186 188 207 214 222 347 377 383 390 415 453 475
438 33 105 212 248 282 298 315 375 437 482
450 15 16 22 29 36 84 214 232 241 258 297 394 407 434 474
2 5 20 28 55 65 122 147 160 240 385 429 437 441 464 482 483
5 29 58 59 151 163 187 188 198 240 246 270 291 310 411
20 143 199 217 299 325 329 408 433 473
28 25 95 142 144 172 181 192 201 231 301 374 379 385 412 415
55 71 111 180 198 243 311 315 339 486
65 106 157 275 340 401 493
122 18 19 31 78 100 142 146 148 150 172 179 192 216 227 235 242 258 323 365 373 391
147 18 40 58 172 187 198 285 300 352 437 449 458
160 47 66 76 89 100 103 151 157 173 179 214 229 249 275 296 300 370 382 389 466
240 75 85 154 222 255 280 293 296 298 299 335 427
385 4 14 71 148 159 225 238 256 331 333 367 386 394 437 476
429 14 57 103 111 114 116 121 162 163 191 197 223 290 297 336 419
437 66 102 135 163 167 189 205 213 254 258 273 305 329 330 352 364 447 453 458 485
441 13 37 50 63 66 91 125 127 144 206 210 246 287 327 343 483 486 493
464 187 235 271 295 349 352 427 439 448 499
482 76 186 221 225 253 274 313 343 395 460
483 24 130 180 255 256 316 362 376 392 420 472 489 492 496
3 37 38 48 67 123 173 323 365 419 424 481
37 68 197 213 229 265 362 390 398 430 436 468 474
38 43 76 144 190 341 349 351 365 453 468 476
48 19 60 62 75 118 167 169 174 251 324 383 401 407 452 477 485
67 29 70 74 96 99 129 155 213 231 234 299 326 334 345 427
123 46 79 128 138 164 170 181 195 290 347 392 413 462
173 7 14 34 95 106 232 248 271 392 404 405 465 478 485
323 51 69 81 96 139 159 182 244 282 340 364 391 444 484 492
365 11 53 54 59 96 135 234 294 305 315 486 493 495 496
419 79 82 95 119 148 158 177 206 253 401 428 492
424 13 15 92 270 293 312 318 342 428 459 460
481 4 49 52 63 142 233 255 262 291 382 467 480 494
4 95 105 107 120 134 169 208 342 364 409
95 58 68 138 148 214 301 319 367 375 382 383 396 403 451 455 459 489
105 52 57 60 62 226 234 244 287 292 400
107 26 81 117 124 127 250 292 294 298 310 311 333 443
120 155 165 190 244 254 297 298 316 333 347 420 434 458
134 56 104 176 200 207 263 272 389 434 447 451
169 22 53 141 164 223 331 344 356 359 411 439 446 461
208 27 44 57 74 96 127 141 221 426 443 487
342 71 131 380 474
364 39 64 78 82 117 125 129 143 161 279 444
409 7 14 33 42 69 79 182 213 225 231 255 260 295 310 318 332 333 447
29 59 141 162 165 181 195 244 284 285 286 300 333 341 440 487
58 18 80 148 167 237 293 374 443 447 493 499
59 8 11 45 62 165 178 179 226 235 289 303 309 331 396 414 499
151 13 74 87 114 138 139 158 190 201 248 258 309 372 386 403 467
163 18 19 45 194 201 237 262 273 281 292 326 422 493 494
187 41 46 63 130 144 189 255 383 393 413 421
188 84 143 152 197 316 431 498
198 31 244 251 383 399 432 436
246 12 19 75 99 133 174 177 238 239 258 287 339 443 472
270 18 24 46 229 319 335 415
291 53 64 74 112 139 167 176 184 211 216 314 390 407 447 477 479
310 19 70 136 225 250 304 329 373 377 400 412 425 433 487
411 18 33 50 83 87 109 273 361 375 407 420 446 493
6 7 31 71 83 98 178 181 192 217 221 241 274 293 344 370 371 393 486
7 47 121 157 189 244 374
31 50 112 135 255 257 307 317 389 452 456 458 490 492
71 42 186 234 254 266 367
83 22 76 85 110 113 119 127 181 197 274 329 343 359 374 390 473
98 78 125 144 182 217 250 278 319 330 371 383 397 408 416 421 452
178 8 158 172 242 274 309 340 368 383 413 421 456 489
181 56 69 100 138 175 261 335 372
192 231 306 312 315 333 350 382 420 423 455 465
217 63 92 247 266 280 316 327 328 389 420 472
221 12 102 164 177 195 223 232 236 280 301 332 375
241 33 43 46 129 225 228 293 356 426 465 491
274 27 45 201 226 243 258 345 412 484
293 24 75 146 180 236 242 243 281 299 306 315 322 384 400
344 33 70 111 155 469
370 14 54 89 99 174 235 252 300 305 324 378
371 26 42 56 110 191 244 307 373 401 430
393 61 131 138 177 211 252 258 321 367 472
486 8 47 61 74 103 282 297 316 377 477
47 16 26 127 144 194 202 213 224 236 294 326 360 451 487
121 9 15 25 35 112 136 155 197 249 300 312 316 422
157 69 76 166 258 287 315 367 465 474
189 9 56 111 165 235 243 318 325 372 416 474 475 489 490
244 54 64 74 94 127 146 223 250 281 331 343 442 455 468 471
374 22 90 225 226 296 303 316 384 457
8 14 16 49 53 166 369 412 447 455
14 135 149 150 262 273 294 321 470 497
16 18 19 78 92 97 124 144 220 260 317 412 455 466 472
49 40 81 99 129 167 214 230 233 292 300 318 331 404 422
53 127 234 282 297 302 390 412 413 454
166 51 63 152 162 179 194 280 341 396 399 422 462 473
369 106 232 239 341 363 372
412 94 139 161 167 216 292 378 465 487
447 103 144 235 243 251 284 286 375 387 406 440 459 489
455 35 36 131 149 214 254 306 345 426 478
9 135 154 282 345 349 444 446 458 477
135 22 46 50 61 82 87 114 190 239 392 463 497
154 68 136 209 235 281 302 379 405 453 454
282 186 362 493
345 18 66 119 167 171 174 177 200 262 300 336 340
349 26 41 74 76 132 175 248 278 396 442 485
444 15 287 311 376 386 387 428 458
446 42 96 200 225 387 394
458 142 334 404 428 456 493 499
477 56 175 191 202 206 220 265 285 335 496
24 99 136 182 201 247 248 284 299 378 382 395 415 453 461
111 19 78 125 149 150 176 193 197 215 231 238 271 352 377 394 427 431
177 45 93 218 266 373 391 452
205 11 117 145 162 179 255 406 433
211 30 41 51 70 81 191 195 229 262 290 297 304 306 315 347 470
219 15 50 146 165 259 272 285 309 324 397 469
227 64 197 242 256 315 357 475
232 62 116 143 162 201 235 254 273 309 315 324 341 366 404 406 495
272 19 40 94 115 142 224 231 257 297
298 41 97 254 273 380 394 434 436
313 18 62 97 172 207 414 436
422 215 243 498
423 56 158 259 320 326 426
453 252 309 336 430 434 459 461
454 13 30 61 72 128 149 226 237 296 394 408 420 461 487
11 127 234 287 400 492
127 92 103 182 206 216 225 252 355 362 368
234 15 23 74 89 99 172 343 357 449 462 466 476
287 70 93 104 110 112 159 212 228 259 286 307 408 495
400 68 149 278 312 367 394 439 443
492 18 90 115 260 261 335 491
12 41 45 84 92 102 170 210 285 319 336 337 339 414 442
41 22 34 72 96 145 184 202 215 239 261 280 281 290 299 373 459
45 23 109 196 228 247 266 271 279 314 425 480
84 52 92 112 116 277 311 468
92 60 159 174 231 258 302 326 351 414 442
102 235 279 327 348 472
170 23 27 112 139 144 206 251 294 302 343 361 362 373 378 387 468
210 26 85 143 494 496
285 60 87 96 149 191 207 225 238 351 368 401 405 459 461
319 18 197 286 303 339 367 415 475
336 99 128 138 207 267 363 389 398 416 436 463
337 39 82 201 256 418 466
339 93 117 140 142 143 206 229 279 307 360 368 415 443 472
414 40 300 334 366
442 159 162 220 226 314 330 343 397 413 491
13 66 195 196 207 256 297 301 305 389
66 30 42 51 82 87 131 329 358 387 397 415
195 81 273 275 289 295 377 396 469
196 106 180 193 247 252 436 451 467
207 118 142 199 216 256 292 347 413 459 468
256 42 330 361 408 420
297 23 61 87 229 314 322 362
301 39 110 138 141 235 286 300 332 352 372 387 394 408
305 52 82 115 133 212 230 231 430 452
389 22 35 124 200 220 224 231 355 377
149 22 51 63 79 85 87 112 113 165 331 399 401 459
150 19 22 56 60 184 209 290 294 303 360 377 459 494
262 106 200 284 324 404 436 449 468
273 30 69 215 281 327 382 391 413 427 433
294 30 61 72 76 85 99 136 213 263 267 281 322 332 406
321 114 172 175 184 277 347
470 36 93 320 359 387 416
497 72 112 132 193 194 218 290 326 430
15 115 152 155 224 394 428 430 474 487
115 27 64 109 148 254 333 375 435 489
152 72 74 328 398 413 433 435 495
155 22 30 64 209 215 304 379 451
224 64 116 118 235 252 259 333 392 397
394 23 68 103 165 233 236 295 331 340 387 427
428 235 263 289 325 398
430 114 164
474 27 97 133 136 249 254 326 350 368 416
487 34 103 136 141 158 194 250 263 275 328 368 415 471
18 130 238 368 383 386 402 435 449 452 485
19 25 61 85 87 231 253 348 408 433
78 253 440 459 468
97 64 94 114 128 185 201 209 257 286 322 325 332 361 388 396 473
124 35 62 110 167 387 432
144 39 113 130 145 214 304 307 397 433 466
220 26 72 76 233 292 395
260 52 81 174 190 226 236 280 331 415 467 494
317 54 96 130 250 280 348 396 434 452 467
466 80 159 228 300 331 377 403 440
472 57 130 143 229 397 399 434 460 467
23 26 231 405 479
74 26 104 197 202 335 403
114 25 44 70 99 233 243 356 372 449 463
236 33 96 138 191 194 248 249 251 360 396 478 494
347 76 148 225 229 237 263 309 449 478 493
130 43 75 304 328 357 402 479 493
238 42 175 194 216 271
368 76 167 266 300 303 314 320 328 358 367 408 490
383 113 142 168 197 200 259 326 415
386 279 378 421 473 484
402 22 94 112 119 165 214 242 309 311 358 433
435 70 94 110 146 153 252 255 312 405 452 478
449 60 93 129 140 382 421 433 456
452 258 271 289
485 60 209 315 333 406 463
25 143 175 194 223 265 284 314 329 388 403 404 413 421 433 494
61 125 141 228 340 406
85 96 250 315 360 380 396 399
87 33 100 116 184 239 356 378 433 473
231 175 299 322 324 348 407
253 57 103 110 139 143 199 242 247 267 397
348 104 118 131 243 266 299 356 376 460
408 180 194 278 299 359 396 416 425 465 498
433 30 68 235 316 387 396 468
143 128 145 179 193 329 378 439 443 465
199 36 54 70 110 119 296
299 44 129 233 320 375 494
325 42 190 259 275 357 418 493
329 70 79 174 306 334 397 425
473 34 112 328 350 405 427 459 489
27 171 174 175 254 387 391 403 406 471
76 70 72 184 267 326 341 476
113 22 81 266 352 356 415
304 129 215 314 471
404 22 57 100
420 229 352 493
439 90 106 230 286 333
471 222 284 436 479 493
22 54 165 209 341
54 119 233 378 462 496
165 332 490
209 56 94 132 176 235 261 296 372 448
341 350 463
26 159 172 271 311 312 373 395 415
405 99 125 132 306 315 495
479 200 215 406 467
99 125 186 314 484
136 39 222 421
182 117 145 148 184 290 306 373
201 39 132 252 376
247 70 140 226 267 303 373 468
248 229 252 300 334 397
284 62 250 300 363 398 475 494
378 146 190 266
382 269 416 465
395 44 69 94 171 279 312 360 390
415 60 106 117 200 230 295 491
461 68 90 197 225 243 266 334 357 426 436 456 496
175 93 250 303 315 355 427 440 463 469
194 161 191 212 228 295 352 416 421
223 35 176 373
265 255 306 335 379 475 499
314 275 307 316 331 334 451 456 496
388 104 110 116 118 475 494
403 79 380
413 131 212 222 225
421 140 206 292 318 367
494 36 96 140 225 484
159 139 307 316 460
172 289 318 332 355
271 89 229 332 373 376 448 468
311 103 254 300 322 469
312 46 96 139 180 214 215 278 280 328 398 457 463
373 33 63 91 176 280 307
171 167 197 226
174 39 96 200 307 328 332 391
254 52 168 202 206 281 366 478
387 185 306 328 355 397 425 489
391 81 103 129 180 316 467 499
406 40 72 324 478
142 40 140 193 292 362
379 215 216 281 307 356 431
141 69 110 266 279 315 358 377 392 431
162 129 139 212 218 330 333 366 431
286 52 68 103 309 350 359 376
300 56 68 129 396 407
333 42 51 82 110 128 190 295 303 418 475
440 57 70 213 239 490
30 289 493
289 94 104 112 360 396 426
493 184 436 475
50 90 100 103 184 243 295 358 498
112 263 267 465
255 39 193 202 252 451
257 44 103 138 202 215 259 331 418 431 456 469
307 267 380
456 180 206 237 295
490 63 72 335 459
132 82 225 399
357 327 457
33 60 63 190 316 355 362
60 139 145 148 266 366 418
63 75 228 290 309 358 362
190
316 118 306 343 480
355 117 462
362 94 131 153 229 322
34 35 52 191 251 258 356 416 431
35 57 138 215 296
52 46 80 213 258 322 358 363 427
191 145 167 168 306 372 396 425 462 495 496
251 110 278 457 463 468
258 57 109 116 148 332 397
356 40 75 266 448
416 96 140 280
431 56 193 200 230 328 340 358 401 448
57 340
138 116 119 133 164 213 226 367 465
215 213 259 290 360 478
296 228 367 372 465 469 476 484
36 64 202 243 372
64 40 375
202 39 131 324 468
243 106 125 185 197 229 334 448
372 62 80
68 230 375 407 434
197 158 266 306 335 432 495
213 398
229 42 118 148 250 330 351 491
390 277 309 324 380
398 331 352 367 427
436 125 290 366 384 397 495 499
468 277 335 434 469
43 139 180 322 328 478
351 40 62 100
476 109 206 263 303 396 484
39 82 218 343 499
82 216 280 426 467
218 277 360
343 148 167 222 302 331 401 496
499 46 266 320 360 384
40 179 239 360
179 222 275 330 375 396 434 489
239 139 498
360 261 392 426
72 131 475
96 214 328 432
145 133 235 242 280 358 377 489
184 75 225 410
261 44 214 216 249
280 75 432
281 212 457 465
290 302 426
459 315 432
42 69 110 131 326 475
69 62 118 148
110 79 81 117 139 167 230 318 425 475 496
131 103 358 377
326 148 164 226 266 328 361 392
475 193 315 396 432 498
139 80 91 128 186 228 335 361 396 463 498
180 161 397
322 94 161 279 363 367 384 469 498
328 176 367 407 498
478 79 133 146 306 327
44 90 225
90 106 128 167 267 330 375 376
225 117 407 460
109 324
228 375 462
266 119 133 216 335 377
279 81 397
425 302 410
480 206
46 80 320 396 465
80 56
320 104 214 410
396 81 350
465 186 318 363 460
451 249 377
62 158 426
75 133 242
118 81 292 384 495
167 79 106 164
324 103 259 467
401 70 79 375
407 164
81 56 103 176 200 269 358 397 426
129
214 103 235 496
230 237 309
233 103 222
292 498
318 315
331 94 334 352
100 93 206 216 242 399 467
103 116 148 334 380 432
295 226
358 79 125 158 164 185 186
498 106
51 200 399 434
200 116 309 426
399
434 106 269 380 418
363 375 377 469
427 168 263 410
302 89 146 148 226 249 496
119 206
462 327
496 164 235 242
315 410 484
56 153 392 418 495
153 70 350 457
392 309 443
418
495 104 125 158 242 463
340 267
148 226 237 250 252 335
237 306
443
226 367
235 125 277 278 367
303
309
366 116 140 432
125 330 397
158 263 432 463
426 117 128
375
106
275 212
397 104 146 216
70 448
334 79 193 206 263
448 94 367
186 350 410
367 206 335
242 146
361
491 250 306 350
104
335 330 350 432 467
133
267 164
469
79 216
216 250 332 484
176 89 117 128
269 89 161
467 384
359 380
116 277 332 384
277 330
250
380 306
193
89 252
252 128 168 306 460
128 168 185
330
376 140
91
93 332
332
94 117
117
489
432
185
278
484
206
327 161
350 222 259
352 249
377
263 249
463 410
384
249
146 161 306
164
140
168
222
161
306
457
460
212 259
410
259
