0 24 372 577 597 818 1004 1023
24 165 185 332 447 747 793 1014 1088 1189 1200 1213 1222 1268 1381 1419
372 480 508 668 1082 1325 1374 1401
577 364 413 540 581 778 869 899 1237
597 176 483 714 1067 1086 1119 1266 1320 1461
818 26 160 232 1021 1252 1299
1004 212 416 570 713 724 753 1066 1129 1326 1408 1420 1499
1023 61 203 218 287 355 694 804 823 1073 1347 1414 1432
1 457 712 886 1040 1095 1204
457 648 733 865 1081 1083 1102 1161 1182 1359
712 135 285 291 344 829 968 1474 1496
886 26 202 366 369 466 911 1051 1427
1040 133 347 418 422 668 823 908
1095 179 222 355 1060 1199 1241 1386 1393
1204 339 705 796 1182 1224 1405
2 109 179 353 947 1105 1377
109 27 276 520 778 1136 1155 1231 1263 1487
179 117 339 561 663 951 1084 1145 1175
353 149 332 1001 1131 1367
947 15 53 124 201 273 292 328 1230 1299
1105 206 389 421 550 731 758 964 981 1092 1404 1481
1377 466 579 816 1412 1498
3 6 35 77 110 215 564 647 1329
6 168 334 421 748 1058 1240 1470
35 295 497
77 79 580 743 848 901 1215 1248 1358 1392
110 125 133 210 402 706 1372 1479
215 227 415 420 619 680 1196 1342
564 177 452 499 683 983 1100 1232
647 78 233 244 360 566 766 908 1121 1339 1385 1391
1329 80 255 476 797 829 911 1041 1220 1385 1396
4 5 60 133 271 294 552 767 813 1123 1149
5 182 599 769 770 797 909 1038 1168 1258 1421 1438
60 78 111 200 545 664 710 945 949 1014 1143 1238 1354
133 375 458 486 856 1140 1284 1412
271 274 328 436 501 522 670 882 1033 1080 1394 1473
294 208 342 555 1016
552 357 550 899 1057 1131 1337 1467
767 72 241 322 749 1018 1181 1198 1436
813 91 138 248 567 693 1093 1136 1175 1265 1293 1354
1123 166 491 572 867 884 1352
1149 10 14 79 232 319 730 866 925 1015 1101 1490
182 61 134 143 325 391 1128 1225
599 162 180 272 1018 1344
769 66 449 833 919 1131 1137 1362 1380
770 277 354 739 771
797 181 1094 1300 1360
909 125 339 519 547 988 989 1045 1072 1108 1178 1400 1402 1482
1038 194 965 1059 1134 1306 1379
1168 389 413 501 780 1207 1213 1494
1258 402 561 938 1244
1421 10 205 322 473 831
1438 218 404 550 912 1382 1478
168 546 570 588 955 1181 1237
334 137 411 452 481 556 622 777 831
421 106 107 207 313 765 1245 1307 1320 1397 1455
748 209 472 556
1058 34 52 92 323 513 646 805 1249 1383 1391 1486 1499
1240 633 703 716 1116 1218 1468
1470 365 419 821 836 979 1265
7 373 754 845 894 956 1154 1224
373 44 200 279 411 514 558 1327 1430
754 54 357 436 683 757 868 1055 1263 1331 1369 1415
845 320 723 1178 1453 1462
894 245 361 546 656 809 816 1052 1239 1312 1319 1423 1491
956 36 85 472 795 811 986 1233 1443
1154 163 283 413 986 1492
1224 134 283 343 506 582 833 852 878 984 1033 1308 1345
8 102 248 298 649 1101
102 116 523 689 910 1139
248 56 347 683 1334 1402
298 43 532 742 1009 1160
649 111 290 774 824 915 953 974
1101 66 636 774 843 881 990 1087 1162
9 625 636 812 1242 1363
625 81 106 266 609 776 864 1067 1385
636 47 502 606 684 817
812 63 366 473 744 796 899 996 1049 1092 1138 1467
1242 25 781 822 928 1348
1363 50 94 442 561 640 662 749 814 898 957 966 1003 1334
10 190 293 461 510 635 719 830 1335
190 129 240 357 431 893 1050
293 15 47 482 484 865 1405
461 458 734
510 246 318 328 440 751 1234
635 162 683 690 700 977 1252
719 483 586 601 980 995 1430
830 546 819 1313 1432
1335 119 297 340 508 961 968 1022 1121 1248 1367
11 97 151 306 619 934 1076 1222 1244 1381
97 69 106 359 388 745 837 1011 1099 1102 1171 1330 1393 1449 1472
151 387 634 638 745 910 1079 1237 1290 1402 1417
306 135 286 537 542 711 965 978 1052 1262
619 443 881 917 1041 1115 1253 1262 1450
934 430 1228 1306
1076 627 704 729 820 962 1257 1468
1222 275 573 758 852 1132 1394 1397 1483
1244 29 169 391 676 718 1484
1381 32 258 340 343 451 676 1082 1476
12 272 519 692 910 1098 1253 1281 1286
272 348 399 410 491 790 905 1136 1353 1436
519 112 181 236 241 253 310 618 780 921
692 106 149 238 575 584 926
910 336 967 985 1178 1467
1098 18 256 877 1395
1253 36 47 58 191 448 645 714 728 837 982
1281 70 268 365 709 964 1044 1068 1147 1179 1190 1351
1286 684 888 908 1156
13 122 123 450 1075 1266 1383 1488
122 196 431 501 558 689 745 755 877 1174
123 640 663 840 1017 1266 1449
450 27 567 880 976 1151 1435
1075 382 558 574 1215
1266 75 105 184 502 645 717 764 1210 1291 1305
1383 756 1164 1223 1300 1444
1488 548 1028
14 83 946 1061
83 371 526 569 780 857 1119 1484
946 874 997 1045 1047 1365 1412
1061 131 336 436 503 763 1199 1323
15 201 354 1441 1490 1491
201 208 404 705 755 1083 1217 1280 1289 1299
354 378 892
1441 324 382 611 1033 1044 1132 1384 1455
1490 614 823 839 1195 1465
1491 281 342 462 543 567 1280 1359
16 34 43 514 589 633 895 1219
34 187 205 255 1300 1313
43 152 269 413 486 837 890 976 1059 1066 1121 1122
514 323 436 554 695 789 1156 1196 1287
589 465 629 744 1263
633 585 645 1063 1164 1403
895 85 131 447 735 747 835 969 1028 1152 1161 1268
1219 154 234 429 582 594 870
17 322 324 503 512 606 985 1169 1423 1477
322 139 259 561 646 893 943 1287 1460 1463
324 339 418 697 955 1005 1110 1250 1327 1483
503 242 864 1396 1444
512 132 463 1037 1071 1241 1375 1462
606 341 381 559 1169
985 63 172 674 775 900 932 1081 1179 1292 1367 1431
1169 1162 1304
1423 142 398 1132 1365
1477 164 234 268 566 986 1159 1189 1296 1426
18 405 413 475 495 538 605 715 835 873 1170 1486
405 19 55 115 245 340 471 504 664 746 914 1135 1187 1270 1300 1364 1459
413 169 420 689 834 864 998 1115 1230 1238 1248 1279 1434
475 26 170 281 321 332 511 614 640 838 901 1120 1209 1246
495 631 637 744 900 1073
538 395 776 788 792 849 1346
605 84 113 214 246 432 608 648 653 703 704 734 836 893 900 975 989 1083 1199
715 225 231 368 376 782 1055 1135 1214 1417
835 430 575 590 654 1241 1332 1428
873 464 513 559 977
1170 270 460 744 1458 1479
1486 292 434 551 630 705 848 914 1057 1158 1212 1444
19 333 962 1052 1155
333 69 1198 1294 1444 1456
962 89 356 400 760 863 1195 1418
1052 149 167 561 676 776 814 993 1387 1405
1155 52 230 270 535 588 716 918 1022 1100 1127 1172 1205
20 238 722 1047 1305
238 61 208 339 386 604 686 766 1093 1202 1226 1293 1464
722 233 268 507 699 980 1125 1250 1397
1047 369 472 499 717 1197 1250 1285 1288 1369
1305 74 277 355 765 780 1118 1462
21 38 124 411 616 697 755 1216 1270 1426
38 68 391 486 522 762 924 1003 1447 1455
124 414 420 429 1415
411 191 467 473 533 866 1313 1407 1429
616 332 648
697 170 394 429 449 955 965 1057 1103 1133 1182
755 320 916 1369 1416 1456
1216 25 103 348 394 508 618 973 1027
1270 135 290 486 532 567 688 782 865 881 993 1316 1369 1419
1426 162 460 670 773 1201
22 87 119 164 295 537 545 660 779 996 1069 1090 1308
87 188 251 269 944 1217
119 127 163 173 251 260 315 378 532 743 871 989 1167 1473
164 314 1046 1476
295 392 487 543 586 876 981 1237 1267 1338 1474
537 191 961 1017 1398
545 267 424 623 920 1009 1439
660 761 1019 1161 1217 1287 1309
779 139 208 278 316 349 369 676 695 781 846 999 1243 1328 1427 1471
996 44 93 261 417 462 590 1103 1143 1215 1279
1069 260 467 570 695 700 942 1006 1063 1215 1353 1475
1090 74 145 389 738 827 1181 1241 1449
1308 30 176 192 409 774 806 1255
23 40 325 601 882 984 1068
40 1000 1010 1201
325 113 257 507 644 939 1117 1182
601 196 423 966
882 511 523 708 709 983 984 1218 1268 1320 1395
984 25 26 481 591 741 1302 1359
1068 338 594 654 791 888 1043 1046 1102 1202
165 206 627 663 904 907 995 1033 1065
185 78 655 1011
332 52 859 1011 1191 1333
447 187 219 282 285 304 543 610 989 1254
747 139 207 284 899 1022 1121 1180
793 89 172 193 278 610 624 676 846 1048 1156 1233 1400
1014 525 575 1181 1369 1439
1088 465 973 982 1111 1202 1271
1189 44 163 263 290 385 588 872 1379 1435
1200 88 594 673 1120 1228
1213 269 277 359 990 998 1259
1268 328 532 627 670 700 1158
1419 99 224 385 430 958 1352 1396 1420
25 976 1309 1320 1385 1447
976 467 632 1185 1356
1309 94 154 282 677
1320 427 732 802 971 1162
1385 270 1176 1294
1447 130 615 685 707 1160 1163 1310
26 551 980 1424
551 370 667 701 964 1039 1195 1368
980 99 398 556 863 991 1007 1473 1480
1424 191 477 801 1246 1366 1469
27 152 397 505 872 989 1016 1165 1199 1278 1414
152 66 437 476 681 737 1100
397 31 233 570
505 292 321 380 480 883 1132 1247
872 189 211 385 463 713 728 771 810 1006 1048 1210
989 159 183 202 908 1146 1181 1330 1459
1016 236 451 536 555 658 1202 1388
1165 47 567 790
1199 246 367 572 632 1082 1086 1437 1444
1278 37 81 479 717 757 772 955 1017 1188
1414 160 219 730 954 1321 1332
28 80 111 356 469 648 783 1119 1231 1400
80 1250
111 29 717 846 1107
356 127 749 897 1272 1306 1364
469 65 117 470 670 723 851 869 889 925
648 101 365 401 987 991 1024 1367
783 297 368 456 762 1358
1119 54 149 586 651 928 1033 1269 1283 1422
1231 57 195 728 842 1030 1327
1400 191 786 897 903 1126 1250 1413 1475
29 32 323 491 815 1073 1479
32 223 277 297 365 420 499 789 1186 1433 1434
323 163 1339 1461
491 208 269 379 583 864 1026
815 254 385 664 942 954 1181 1282 1292
1073 494 521 765 810 907 955 972 1241 1344
1479 290 642 1269 1357
30 197 710 1015
197 37 217 776 1024 1084 1263 1315
710 417 699 1207 1370
1015 420 468 1208 1390
31 86 347 483 683 869 993 1459 1478
86 125 128 339 403 1044 1236 1279 1489
347 150 254 426 436 466 1393
483 549 855 920 1215 1472
683
869 307 371 705 1083 1120 1183 1360 1474
993 138 360 366 371 839 999 1161
1459 139 146 206 250 330 479 834 884 1028 1037 1163
1478 178 270 459 885 957 1344
223 500 532 584 780 1028 1313 1372
277 71 120 235 285 631 637 931 994
297 90 269 637 1293
365 90 116 278 319 407 838 850 966
420 181 184 662 691
499 132 212 1108 1135 1264 1288 1351
789 269 674 988 1218 1327
1186 252 515 531 898 933 1028 1053 1185 1267 1297 1361 1388
1433 269 490 614 1496
1434 273 375 463 730 756 859 897 1042 1142 1185 1340 1375
33 433 494 562
433 206 477 521 866 896 925 1221
494 59 826
562 627 819 840 1185 1195 1343 1493
187 803 841 1011 1074 1140
205 279 429 585 586 618 768 968
255 431 600 761 861 977 1372 1439
1300 171 309 344 513 576 691 787 1157
1313 275 426 482 878 1039 1152 1352 1401
497 54 291 414 681 758 953 1196 1333 1457
36 105 121 191 313 328 358 725 930 1042 1157 1180
105 39 403 806 997 1311 1312 1444
121 56 68 130 465 556 675 836 1063 1364
191 387 406 418 426 1086 1312 1493
313 566 796 860 987 1176 1290 1345 1384
328 183 340 553 1296 1303
358 192 387 1106 1364
725 96 521 590 642 702 801 889 1207 1339
930 439 449 581 1118 1250 1272
1042 261 280 337 513 612 795 1081 1379
1157 319 1055 1259
1180 520 535 581 974 1002
37 263 377 739 975 1172 1475
263 261 284 429 443 775 888 1018 1066 1117 1131 1179 1408
377 149 531 806 912 1236 1260 1492
739 1146 1259 1392 1410
975 261 674 1298 1342 1391 1415 1443
1172 230 251 409 498 898 903 1060 1140 1184 1215 1241 1403
1475 227 317 393 584 611 785 1109
68 189 396 566 785 936 990 1355 1369
391 160 501 821 972 1048 1324 1460
486 482 579 756 1071 1125
522 386 572 804 836 933 1000 1248 1343 1444
762 674 847 1089
924 178 275 344 378 574 658 702 780 1195
1003 458 485 731 1142
1455 289 320 563 685 933
39 52 757 866
52 181 618 915 995 1005 1053 1389 1444
757 685 784 1463
866 211 232 362 591 673
1000 407 1371 1494
1010 555 699 927 945 1114 1255 1403 1460
1201 130 176 230 432 688 799 885 970 1410
41 274 335 423 466 553 1150 1295
274 282 378 559 771 944 1140 1177 1312
335 88 113 127 650 852 1395
423 329 351 517 709 737 897
466 90 198 343 707 808 1053 1079 1446
553 658 846 862 933 940 1346 1422
1150 53 74 714 1360
1295 665 669
42 615 878 1398 1474
615 213 464 561 889
878 424 534 539 854 874 940 1287 1349 1378 1390
1398 375 618 688 972
1474 82 153 578 851 1066 1323
269 904 918
837 287 535 556 593 691 732 868 1063
890 107 210 386 771 1025 1203 1298 1476
1059 225 418 591 700 811 853 1049 1342 1415
1066 48 85 176 473 901 1353
1121 604 751 868 1246 1257
1122 192 379 401 458 854 945 1493
44 189 664 999 1062
189 103 393 1418
664 176 531 979 1146 1212 1214 1272 1306 1379
999 154 170 737 876 943 1282 1379
1062 563 639 662 1349
45 346 730 1031 1344
346 752 988 991 1078 1190
730 474 560 1041
1031 530 1108 1271 1380
1344 100 455 526 639 1428
46 54 100 671 1323
54 93 983 1120 1143 1345
100 202 390 504 607 714 836 1166
671 171 611 1113 1304 1310 1465
1323 127 262 312 573 901 937 1019 1097 1316 1493
47 289 468 1134 1392
289 233 257 320 604 929 1086 1197 1349
468 314 478 686 720 1128 1260 1391 1446
1134 82 203 400 696 820
1392 120 305 685 746 1005 1227 1417 1450
48 544 662 668 693 1083
544 132 275 341 721 776 782 990 1017 1113 1139
662 320 434 652 1340
668 194 196 798 834 839 922 969 1091 1218 1403
693 314 590 1228 1473 1480
1083 292 464 865 893
49 118 173 236 303 380 629 676 775 898 1384 1453
118 386 444 463 465 513 574 819 827 897 1147 1235 1328 1331
173 154 403 763 1364 1487
236 231 588 794 1192
303 436 452 659 1093 1152 1413 1476
380 149 216 456 492 929 1233 1463
629 51 96 148 318 326 1493
676 56 242 417 424 603 1086 1089 1265
775 125 316 673 726 838 1263 1311 1312
898
1384 317 526 1006
1453 94 256 508 966 1262 1366 1439 1454
50 227 232 267 587 1206 1284
227 99 355 414 718 814 1035 1106 1256 1267 1277 1401
232 464 593 921 986 1397 1431 1464
267 195 908 1358 1406 1497
587 283 438 1077 1297 1315 1412
1206 305 864 926 1027 1373
1284 300 735 758 848 961 1043 1167 1312 1339 1369 1450
51 147 657 1161 1196 1380 1425
147 867 1487
657 362 400 811 913
1161 57 222 954 1418
1196 264 384 572 936 1141 1259 1456
1380 108 209 559 637 774 917 1246 1371
1425 546 709 899 1039 1171 1267
181 209 319 663 759 1307 1402
618 103 158 374 424
915 115 1141
995 76 219 326 438 742 883 1177 1227 1331 1443
1005 304 568 833 1045 1051 1116 1432
1053 142 478 856 1411
1389 246 296 588 594 1159
1444 92 139 825
53 374 383 410 454 838 1174 1457
374 99 249 518 543 1006 1317 1431
383 550 961 1006 1378
410 317 539 1071 1184 1354 1391 1399
454 540 1283
838 137 705 938 963 1107 1243 1306
1174 724 1348 1401
1457 84 707 877 1002 1034 1260 1422
93 404 425 969
983 127 440 586 1020 1343
1120 64 126 148 327 341 384 390 1144 1271 1316
1143 431 723
1345 632 638 1025 1198 1366
55 138 237 249 445 477 507 566 583 1310
138 84 573 1065 1153
237 62 183 266 631 661 1125 1337
249 73 92 264 362 513 701 765 831 851 1282
445 257 448 862 1082 1332 1368
477 534 784 1152
507 340 689 798
566 392 449 991 1395
583 273 987 1044 1072 1148 1271 1292
1310 382 555 727 777 831 887 1274
56 115 907 1063 1082 1292
115 408 416 1367
907 66 126 214 387 834 951 994 1228 1324 1332 1348 1489
1063 389 745 749 772 1336 1429
1082 163 518 520 908 1386
1292 67 401 666 705 792 1408 1476
57 141 716 876 1136 1395
141 311 640 848 883 982 1113 1136
716 355 361 573 581 854 1181 1208 1443
876 641 920 1221
1136 435 576 810 912 944 1085 1214
1395 315 523 686 884 1261 1367 1496
58 312 679 1113 1492
312 596 718 991 1367
679 161 288 901 964 1126 1138 1179 1394
1113 1256 1302 1471
1492 521 842 1182 1311
59 194 206 733 870 889 1288 1415
194 245 602 637 742 836 1210 1246
206 140 156 399 556 567 705 1125 1296 1390
733 753 916 1064
870 62 196 254 857
889 107 456 482
1288 517 691 885 986 1368
1415 336 360 591 718 831 1336
78 81 369 867 1267
200 188 242 408 689 874 940 1373
945 395 473 595 931 1202 1449
949 257 681 820 1306
1238 107 296 444 506 516 673 778 814 987 1248
1354 341 424 441 652 704 847 849 865
61 196 452 565 1437
196 120 673 738 794 960 969
452 150 282 464 1484
565
1437 479 576 1181
62 375 431 603 1009
375 128 243 595 1449
431 498 991 1135 1371
603 406 585
1009 114 203 427 880
63 1071 1072 1117 1275
1071 288 530 704 756 905 1256
1072 438 738 965 1198 1472
1117 88 218 352 787 795 918 1496
1275 345 621 736 877 964 1146 1369
64 695 1146 1307 1483
695 178 492 613 1197
1146 132 219 316 588 1332
1307 399 787 903 986 1041 1393
1483 340 667 750 948 1399
65 440 492
440 101 425 885 929
492 484 1131 1274
66 193 345 708 751 782 802 990 994 1045 1046 1448
193 630 977 1050 1248 1334
345 234 279 357 481 803 1227
708 482 525 865 1106
751 376 415 546 785 908 1403
782 229 1097 1187 1318 1461
802 286 309 511 1094 1315
990 434 527 806 892 1080 1211 1306 1481
994 288 563 624 944 1184 1343
1045 285 912 1473
1046 270 581 905
1448 829 855
67 235 640 902 982 1449
235 175 207 253 1197 1243
640 186 317 745 1208 1391
902 212 305 459 582 602
982 91 1254 1291 1374 1460
1449 531 778 1299
396 128 156 392 547 794 880 1017
785 127 284 415 749 781 798 807 814
936 222 315 549
1355 131 265 778 850 1055 1372 1432
1369 101 195 234 442 659 828 1018 1056 1431 1484
69 320 464 568 1386 1446
320 99 369 417 467 513 1203 1416 1452
464 887
568 291 321 578 849 970 1027 1259 1332
1386 116 254 418 1187 1197
1446 759 1142 1298
70 91 316 384 417 572 654 667 732 817 950 1111 1255
91 107 125 548 798 1422 1461
316 273 593 701 778 987 1012 1352
384 520 752
417 161 310 546 567 579 763 808 912 959
572 301 382 699 1296 1498
654 84 239 415 574 685 798 850
667 90 329 418 750 1065 1456
732 592 1103 1107
817 129 226 784 1245 1409
950 169 309 330 386 620 829 1037 1237 1312 1365 1460
1111 296 527 630 840 1138 1443
1255 398 460 581 865 1138 1375
71 163 216 415 749 852 1306 1348 1452
163 131 467 595 772 857
216 1338 1494
415 403 822 1056 1245 1336
749 252 319 632 771 844 1183 1269 1374
852 540 596 1287
1306 142 658 801
1348 112 574 1074 1264 1367
1452 541 764 766 1276
72 317 438 756 766 854 896 1184
317 446 448 506 515 540 652 661 766 1314
438 276 481 846 881 904 1260
756 120 209 509 554 669 819 906 944
766 348 867 921 1092
854 166 401 745 801 1018 1034 1087
896 355 703 879 903
1184 386 533 758 1041 1221 1303 1396
73 99 841 1043 1100 1140 1182 1321
99 256 658 736 805
841 530 547 608 745 788 931 1070 1183 1294 1304 1357 1364
1043 473 723 823 862 1208
1100 1302 1311 1315
1140 131 256 611 681 943 1126 1387
1182 964 1026 1298
1321 176 530 663 926 1030 1269 1283 1428
74 484 513 561 794 1041 1048 1118
484 142 357 525 694 847 968 1443 1467
513 472 631
561 136 253 278 560 646 1148 1175 1227
794 613 1493
1041 222 612 1316
1048 799
1118 359 758 846 1055 1497
75 259 432 614 791 1020 1183
259 439 1012
432 167 478 496 554 714 863 1346
614 166 214 379 408 691 1130 1439
791 292 485 620 884 1018 1303
1020 137 166 526 1163 1181 1245 1280 1393
1183 280 774 1126
76 131 183 455 459 681 827 1035 1144
131 82 161 394 549
183 113 686 734 847
455 642 780 859 998 1227 1332 1339 1362
459 575 663 899 963 1103
681 521 656 1057
827 282 714 948 1044 1084 1280
1035 548
1144 460 740 1209 1257 1322 1346
79 283 584 696 1175 1376
580 92 288 348 387 437 849 851 939 1166 1350
743 535 1093 1246 1330
848 169 731 1054 1102 1304 1463
901 1096 1112 1153 1210 1260 1289 1361
1215 398 462 927 966 1032 1065 1129 1251 1391
1248 429 1317 1349 1362 1469
1358 280 670 899 913 1337
81 363 634 784 919 973 1078 1158 1291 1436 1462
369 555 590 637 1391
867 357 444 652 822 1092
1267 155 485 729 829 1356
283 496 1260
584 798 883 1326
696 156 234 321 933 1049
1175 284 644 1056
1376 96 159 390 426 533 1163 1318
1250 108 112 359 387 508 579 590 922 1226 1265 1462
363 253
634 107 145 262 467 728 1249
784 1254 1405 1409
919 143 540 600 855 1264
973 319 961
1078 108
1158 419 563 1390
1291 172 304 516 646 772 1077 1185
1436 204 481 713 1179
1462 388 820 858 1128 1324 1332
82 321 811 1060 1084 1429 1442
321 155 188 688 729 1114 1230 1399
811 418 434 1092 1159 1226 1337 1407
1060 309 509 527 539 844 925 1422
1084 225 402 801 951 1087 1102
1429 311 585 768 1356 1361 1487
1442 144 987 1393
371 198 581 650 1351
526 390 550 705 795 1109
569 315 576 787 1034 1274
780 167 1283
857 153 192 299 490 792 1135 1162
1484 338 401 768
84 1372
1372 137 156 231 234 632 1067 1094 1264
85 101 291 620 1091 1239 1365
101 113 240 338 680 1351
291
620 265 559 713 787 1087 1356
1091 682 768 887 1202 1360 1391
1239 776 1064 1405
1365 170 1228 1303
125 148 226 518 602 884 1142
128 508 539 1108
339 172 304 474 728 1153 1293
403 428 539 734 856 1027 1094
1044 573 773 1289
1236 120 142 493 536 702 1227 1254 1318 1333 1370
1279 891 927 1057 1229 1273 1393
1489 242 885 913 1054 1099 1211 1342 1356 1409
188 574 592 776 829 957 1262
251 136
944 300 437 746 795 799
1217 1067 1254
88 720 900 1127 1304
720 225 401 1087 1190
900 243 299 308 904
1127 199 968
1304 212 655 903 928 940 1006 1110 1450 1469
89 560 610
560 246 1006 1018 1163
610 651 1013 1428 1431
90 521 1413
521 518 1262 1318
1413 198 392 525 567 575 847 905 911 1220
107 136 254 319 724 1022 1104 1353
548 307 399 402 479 704 1109
798 409 810 1410
1422 198 352 709 864 1054
1461 94 116 1033 1074 1251 1356 1466
92 342 639 675 700 1195 1207 1262 1418
342 180 914 937 1481
639 103 286 972 977 987 1195
675 1074 1232 1243
700 1298 1330 1420
1195 462 602 1271 1353
1207 480 602 682 1287
1262 344 590 735 887 978 1124 1290 1409
1418 250 425
404 148 970 1096 1102 1466
425 241 310 331 574 688 883 897 1234 1243 1430
969 502 1148 1390 1428
94 256 315 658 978 1317
256 247 401 1221
315
658 171 245 305 360 443 555 1339
978 120 435 1129 1314
1317 406 1191
95 171 412 729 1187 1297
171 473 686 806 861 1152
412 416 554 776
729 221 250 685 964 1211 1373 1390
1187 145 159 489 500 549
1297 520
96 326 504 1022 1388
326 888 1077 1164
504 319 824 935 1036 1107 1176 1241
1022 108 112 1339 1428
1388 117 157 520
106 899
359 1106 1198
388 393 441 1065 1148 1282 1476
745 174 570 858 1109 1366
1011 300 456 536 885
1099 145 641 892
1102
1171 220 1228 1367 1454
1330 208 717 1006
1393 175 451 571 622 650 943 1131
1472 301 686 765 948 1141 1443
98 108 285 828 839 858 941 1160
108 567 954 1108 1271 1285 1480
285 270 518 612 917 1277
828 344 434 637 764 792 1233 1234 1342
839 701 771 1328 1497
858 229 407 714 792 1456 1499
941 327 663 682 809 931 952 1160 1370 1379
1160 718 855
736 240 409 458 536 856 1034 1230 1263
805 821 865
202 758 809 874 1001
390 904 1147 1454 1458
607 240 532 576 731 1468
714 790
836 114 213 427 816 822 1049 1108 1135 1336 1435
1166 1164 1247
113
240 541 571 1039 1412 1456
338 860 1007 1227 1326 1431
680 229 453 644 672 723
1351 195 959 987 1065
116 221 307 699 905
523 300 685 874 938 987 1037 1208 1342
689 329 414 637 723 752 1109 1173
1139 1055 1097 1264 1296 1390 1394
103 361 366 642 643 685
361 281 1191 1336
366 541 765 1402
642 329 437
643 261 376 891 932 1456
685 327 439 453 1416
104 127 225 439 546 624 706 917 1315
127 174 219 245 387 559 678 688 709 961 1312 1360
225 740 1034 1280 1289
439 938 971
546 140 153 281 735
624 357
706 1338 1353
917 161 840 846 965 1265 1282
1315 559 760 986 1085 1202
806 199 264
997 146 167 646 1481
1311 222 309 368 843 965 1254
1312 913
899 392 787 1301
136 348 831
254 809 1466
319 582 808 844 1153
724 576 644 885 1364
1104 741 761 856 1067
1353 296 1152 1290
567 559 796 1103
954 768 799 871 1233 1314
1108 535 926 942 1382
1271 330 623 803 1493
1285 804 957
1480 280 777 822 1064 1379
276 400 536 540 863 1026 1468
520 135 563 595 705
778 416
1263 210 496 628 1251 1445
1487 442 849 863 877 921 1352 1495
210 1129
402 1318
717 829 1336 1471
846 244 570 965 1336 1368
1107 840 1112 1332 1397
112 429 608 663 963 1301
429 148 180 296 330
608 595 942 1124 1493
663 540
963 172 622 796 1193
1301 1432
114 460 570 665 849 943 1234 1257
460 651 1142 1481
570 244 1135
665 278 318 427 744 1339 1375
849 965 1028
943 1006 1173
1234 1382
1257 228 284 472 863 1282 1283
408 244 424 1132 1167 1273
416 296 623 939 1273
1367 1318
221 703 773 788 970
307 860 887
699 149 485 1135
905 169 218 368 888 1024 1283
117 175 382 774 810 1277 1282
175 788 1378
382 180 939 1272
774 273 542 904 1032 1034
810 329 458 596 1081
1277 198 842
1282 418 1359 1476
386 480 928
444 195 278 574 891 1482
463 137 506 598 822 1212 1264
465 239 309 351 851 877
574 157 655 938 1050
819 212 528 613 1085
897 731 753 918 1018
1147 134 162 653 951 1269
1235 299 646 864 1243 1399
1328 449 825 1368
1331 378 1156
260 198
378 434 623 939 1087 1360
532 222 264 861 1049 1159 1179 1287
871 865 1357
1167 120 389 661 928
1473 212 233 265 1114
120 129 146 302 340 1156 1264 1495
129 241 344 508 516 920 1229 1261
146 1382
302 761 940
340 1375
1156 1001 1085
1264 357 426 750 851
1495 467 1132
130 760 1012
556 1019 1431 1432
1364 288 641 1145 1208 1361
501 436 471 1109
558 309 1138
877 286 549 630 939 979 1481
840 278 367
1017 672 746 753 1205 1341
414 487 490 621 1246
148 435 807 888 1246
226 178 180 542 554 646
518 224 239 525 632 741 795
602 268 1179
884 239 286 670 868 1181 1450
1142 368 376 478
126 833
833 473 922 1294
174 933 1451
219 472 509 1252
245 888
387 458 974 1326 1407
559 156 718 803 1097 1212 1251 1342
678 331 674 1002 1432
688 1153 1163 1337 1443
709 488 701 1212
961 252 472 626 974 1210
1360 140 1225
508 224 244 1094
539 1467
241 161 631 1373
344 195 979
516 304 713 814 879 914
920 195 773 821 1192 1203 1290
1229 135 209 1265
1261 154 470 1352
760 207 511
1012 314 529 792 1028 1097
161 738 771 795 862 1226 1432
394 314 337 451 498 1018 1148 1269
549 892 1115
132 242 590 799 1056
242 176 199 992 1030
590 816 1034 1085 1220
799 234 262 1366 1375
1056 280 1357
458 721 772 960 1019 1208
856 144 156 582 792 808 844 1496
1412 192 398 623 1316 1402
134 1138 1362
1138 348 401 1319
1362 430 453 670 1499
135 360 832
360
832 823
348 198 229 1032 1356
831 588 1094 1498
137 257 571 913 959 1026
257 300 925 1037
571 600 1026 1115
913 305 350 555 604 617 892 938 1211 1252
959 234 265 694 790 1087 1129
1026 428 627 1260
573 287 911 1420
1065
1153 362
139 1273
1273 422 659 1093
140 820 1013
820 612 758 992 1396 1417
1013 515 1237 1450
311 406 598 703 707 986 1454
883 142 198 524
142 1272
1272 847
143 991 1454
991 409 1179 1465
1454 527 585 1124
144 362 1079 1211
362 1049 1067 1467
1079
1211 1427
145 1027 1324
1027 253 337 1221 1428
1324 656 875 1368 1451
1382 885 1390
435 407 557 1007 1125 1145 1387
807 489 534 998
888 279 336 1007 1178
1246 478 481 1030 1193
149 585 737 864 1089
585 500 1116
737 199 424 903
864 178 1327
1089 496 938 1251
150
638 290 389 467 479 534 1077 1228
1237 914
1290 515
1402 252 318 927 1409
1417 834 914 1430
437 158 318 1086 1341
476 704 1379 1396
153 224 788 992
224 502 1299 1494
788 178 262 336 600 705 1338 1481
992 576
154 609 687
609 186 971 1333
687 155 214 270 1289
155 250 773 1109
250 1188
773 576 698 964 1427 1463
1109 540
156 406 1218 1299
406 790 1030 1148 1428
1218 309 721 1103
1299 530 617 1373
157 301 903 1467
301 352 653 970 1197 1212
903 176 1033 1193
1467 208 623
158 273 478 979 1346
273 212 214 1428 1430
478 275 1097
979 472 533
1346 213 426 485 535 586 1373 1497
159 279 282 1359
279 893 1252 1499
282 467 1007
1359 592 940
160 868 1019
868 1342
1019 167 230 579 790 1097 1298 1340
738 506 1110
771 379 617 887
795 393 964
862 275 428 1498
1226 170 488 859 1241 1366
1432 972
162 178 218 851
178 296 462 517 925 1280
218 195 199 427 595 998 1001 1054
851 631
467 703 1179
595 357 586 834
772 951 960 1030 1341
314 300 446 581 1387
1476 385 666 705 1145 1185
627 327 1070
904
1033 637 1097 1371 1387
166 472 731 822 1298
472 500 939 1145 1148
731 750 964 1114
822 694 1051
1298 270 655 928 1325 1349
167 426 448 937 1087 1399
426 796 918 971 1227
448 686
937 286 932 1030 1177
1087 542
1399 233 622 1431
588 300 557 1410 1468
955 357 617 761 935
1181 816
169 262 330 613 650 744
262 217 244 434 482 790
330 180 498 617 776 923 1145 1391 1496
613 199 1499
650 540 1030 1289
744 928 964 1191 1327 1416
170 844 1197 1210
844 863
1197 222 490 1081
1210 998 1173
473 578
686 542 977
861 790 1110
1152 485 1126
172 1316
1316 646
763 1173 1339
933 176
1451 265
1378 427 908 1064 1280 1485
176 368 623 734
368
623 637 677 1430
734 509 645 855 1283
177 1352
1352 1416 1465
296 244 1115 1347
462 1333
517 927
925 485 1030 1407
1280 790
951 229 471 1371
1145 184 234 911 1198 1322
180 826 860 918 1373
826 370 644 965 1054
860 957 1302
918 1051 1332
1373 630 938 1225
209 842
759 1036 1233 1427
1128 850
1225 796 906
847
184 217 310 1173
217 1032
310 912 1342
1173
655 419
186 471 942 1314 1471
471 496
942 1458
1314 1067 1464
1471 231 859 1179
803
1074 855 1190
592 401
776 409 865 887 1260 1368
829 430 527 814
957 598 821
393 677 1163 1274 1420
357 253 351 916 1302 1445
893 764 824
1050 482 1343 1427
418 266 669 850 891 1163 1347
1086 243 288 677 1408 1416
1493
192 198 349 1387
198 265 713 1390 1460
349 395 704 1188
1387 398 1001
630 290 1002 1205
977 203 974 1209 1391
1334 243 1018
637 922 1276 1338
742 816
195 704 850 1368
704 434 496 586
850 351 399 843 1116 1466
1368 728
673 231 376 879 892 972 1070
960
1024 199 399 400 612
265 270 395 923 1232
713 239 582 764 768 931 1404
1390 579 921
1460 239 528 542 1028
199 385
385 331 1190
874 656
940 506 524 554
208
705 407
1289 409 600 651
758 253 598 821 1407
809 204
1001
203 842
842 213 998 1228 1481
204 506 750 927
506 892 1379 1394 1469
750 1067 1115 1203 1337
927 211 563 1391 1499
586 424 581 659 1021 1148
768 600
968 207 974 1443
399
1125 952 1427
1296
207 814
814 1430
1129 299 419 1443
211 541 612 1097
541 804 931 1159 1249 1274
612 364 711 1185 1391
1097 281 453 582 726
212
213 299 1051
299 536
1051 542 970
214
1342 270 430 480 644 1032 1148 1214
1338 659 1163 1232
1494
1032 341
427 1394
998 1164 1230 1468
1054 424 1294
509 727 1445
1252 288 792 1008 1179 1294
220 304 489 611 952 1466
304 234
489 823 865 958 1036
611 1103 1176 1190
952 1179
1466 389 834 1251
703 1081
970 246 1094
222
500 718 1057 1276
1028 327 1212
502 581 1185 1401
740 781 1055 1411
1034 723 1339 1456
542 1318 1333
554 355 535
646 598 938
355 498 853 865 1228
718 308 753
1106 752 1420
1256 442
1401 670 1021
228 261 938 1148
261 682 908 1025 1243
938 379 1039
1148
229 284 528 581
284
528 525 966 1410
581 1039 1163 1391
230 1103
1103 337 834
231
593 318 555 781 1265 1439
921 287 1341
986 350 1057
1397 290 434 1008
1431 280 796 1347
1464 350 661 1497
233 1131
1131
234
253 1228
1243 652 656 790 863 966 1077
1192 350 453 1036
266 1260 1406
631 533
661 922
1337 300
604
1093 617 939
1202
1293 407
239
1039 1287 1405
1456 1371
1030 1458
243 764 1259 1318 1374
764 350 914 1115
1259 270 364 645
1318 474 987
1374 1124 1130
244 487 645 1214
487 496 761 1265
645
1214 479 800 1203
246
247 407 1241
407 644 926 1124
1241 533 1018 1283
264 268 659 911 1458
701 972 1411
765 498 684
1188 379 923
252 787 887
787 470 578 677
887 576 948
1228 547
600
761 1430
1439 672
401
1221 379 530 881
300 1067
1037 932 1227
258 453 707
453 485 1394
707 923 1110
682 424 875 1260 1428
908 1227
1025 644 1322
434 550
482 596 1435
790 690 914
443 816 1260 1287
1018 367
1179
1408 280 327 449 1357 1406
268 1190 1265 1276
659 1112 1209
911
1458 392 1302
270 672
395 376 547
923 800 948
1232 286 409 1332
1260 1251 1435 1468
1406 563 626 669
1497 318
1190
1265
1276 1233
672
436 308 582 1130 1135
670
1080
1394
1428
1430 1349
1177 885 916
275 1085
1085
400 702
536
540 479 1137 1194
863 1067
1468 621 879 929 1116
931 343 428 786
278 1427 1465
1427 329 422
1465 753 1327 1339
1499 381 816 1498
280
281 582 1227
582
1227 966 1254
1007
496
286 422
422 892 1247 1319
287
288 350 988
350 430 622
988 1409
929 337 821 1230
1349
290
292
865 651 1208 1371
1405 914
555 488 885
392 1176 1322
543 579 1205
981 305 318 579
1115 529 594 1375
1347
1067 376 972 1230
352 1185
653
1212 1294 1450
305
711
965 1463
308 343 932
343
932 825
309 534 1319
534 971
1319 753 1096
912 381 1203 1223
598 684 753 843 1112 1178 1409
596 451 967
796 351
987 1124 1496
1176 364
446 576 1332
515 576 1002
652 1021 1133
318 530
530
808 379 881 906 1407
1203 1205 1303
1416
1114
1230
1287 690
1463 1185
1339 1130 1132 1191
1110 1185
1327
644 1021
939 1249
1077
1164
327 1133 1411
1133
1411 490 1303
1303
329
498 379
617 367 1126
1391 926
1496
331 792 859
792 641
859
1191 398
1333 948
1198 449 1049
1294 533
481
622 684
777
336 488
488 1269 1361
337
1326 474 821 953
474 557
728
1375 752
341
914
1481
752
1356
430 479
351 389 1249
389 376
1249 535 824
1185 1220
892 727
853 490 578 1409
916
1302
1445
1336 575 656 823
1049 428
364
966
367
370
480
1325 1126
1006
376 666 727 1403
666
727 533
1403
531 563
379
456 906 1112
1233 875
381
550
928
974
1407 1396
441 972
821
972
1322 690 1485
677
1163 470
1274
1420
451
1269 524
547 529 1092
880 490
398 656 964 1194
656 1371
964
1194
702 967
428
1094
1096 694
746
1135 525 855
926
1124 691 753 823
424
1132 628
409
533 529 674 1370
834
490 906
621 470 1064
1245
579
669
891
419 442
442 690
691 735
1247
971
479
1371
557
1130 449 576 1159
1341
881
885 684
690
816 1205
1482
1332 726
576
1254
449 1410
1410
1151 875
1435
485
1283
906 1223
1112
1081
721 1450
1208
575 694 1343
651
470
723
578
511
1209 1116
1379
1396
855
525
694
1443
1361
823
958
1036
493
953
1057
824
935 843
1469 843
1002
879
632
741
563
804
1343
524
527
529 735
735 594
1159 1357
674
1370 726
535
1137
1205 753
1092
1251
1498 591
1350
1116
1021
1220
591
781
594
967
684
753
843
1178
1409
1126
1450
1064
626
1070
628
922
641
1340
875
698
1404
1055
801
726
1366
786
800
825
948
1357
1162
1193
1223
1141
1008
1029 1485
1485
1440
