0 75 115 257 777
75 535 894
115 38 274 317 858 863 952
257 266 424 435 579 668 694 827
777 7 297 499 595 616 912 981
1 579 962 986
579 18 351 565 789 905 942 980
962 417 706 736 751
986 9 81 316 392 407 549 553 563 592 865 949
2 419 728 869
419 140 442 505 693 706 816
728 148 305 477 707 812 851 860 925 928 960 978
869 364 459 518 547 617 714 840
3 120 133 382 547 641 653 867
120 10 157 420 509 522 658 803
133 99 182 222 378 397 585 604 832 946
382 80 178 247 274 451 462 681 749 842 955
547 42 60 153 472 506 582 994
641 46 65 290 695 766 911 912
653 36 178 224 433 592 595 681
867 926
4 175 213 519 551 850
175 354 409 805 847
213 91 336 439 648 727 950 996
519 315 462 622 960
551 44 64 396 545 695 724
850 259 838
5 281 301 495 963
281 256 353 512 639 750 776
301 35 163 303 329 560 566 994
495 243 396 507 636 918 972 988
963 214 220 509 901 936
6 34 756 863
34 143 534 990
756 169 758 880
863 138 272 275 325 408 602 615 908 972
7 493 598 622 922
493 454 643 770 775 842
598 94 141 250 292 389 878 934
622 336 350 582 820 857 889 916
922 188 555 577 871 942
8 246 331 483 556 761 762 791 874
246 57 124 277 383 385 795
331 10 171 401 548 575 606 652 762 909
483 10 105 135 242 245 365 729
556 428 632 763 845
761 429 526 586 610 964
762 24 180 655
791 108 126 252 459 570
874 404 782
9 36 48 57 294 741 790
36 249 427 846 933
48 42 89 384 444 509 616 808
57 265 434 478 679
294 69 255 354 370 682 872
741 148 275 458 607 626 868
790 275 425
10 51 190 578 665 766 884 958
51 79 183 285 605 835 860 961
190 90 151 260 375 996
578 124 434 512 538 567 919
665 123 207 635 906 981
766 108 336 491 695 708 801 866 945 984
884 93 215 399 404 423 513 543 700 713
958 69 244 510 609
11 215 393 506 699 992
215 21 362 517 637 995 998
393 125 140 157 387 742 747 773
506 161 198 266 499 538 548 562 564 593
699 23 256 710 837
992 97 198 558 559 616 687 978
12 107 295 320 367 537 541 811
107 122 126 376 932
295 441 448 451 498 638 935
320 82 89 163 433 811 961 970
367 282 321 428 525 629
537 524
541 144 268 274 450 484 532 686 771
811 100 315 426
13 124 327 458
124 157 167 209 348 356 398 400 523 968
327 434 457 526 671 683 934
458 18 207 362 463 902 947 978
14 254 271 298 322 353 400 511 650 716 788 853
254 461 512 584 688 814
271 521 826 864 957 961 972
298 135 200
322 91 163 369 521 640 680
353 397 451 795 806
400 63 195 634 704
511 132 405 461 473 623 625 849 950 980
650 85 451 605 686 735 968
716 211 302 628 754 802
788 113 280 326 573 683 910
853 23 55 265 514
15 255 525 826 959
255 130 481 805 957
525 53 56 570 572 704 846 915 947
826 50 118 207 415 430 583 689 748 990 993
959 81 334 689
16 66 469 477 568 575 661 704 708 768 832
66 70 377 475 667 684 921
469 368 430 793
477 29 70 80 557 643 676 839 949
568 244 427 600 611 662 840 932
575 240 414 540 652
661 206 715 825 955
704 306 510 709
708 231 392 550 587 803 983
768 310 796
832 60 447 494 500 571 983
17 20 345 384
20 116 253 501 544 752 870 892 961
345 184 421 590 683 897
384 49 63 290 355 417 949
18 146 264 385 831
146 41 128 136 223 235 633 852 939
264 68 201 242 351 714 795
385 461 586 620 823 936
831 45 117 145 338
19 46 162 417 418 466 504 753 836
46 247 334 804 842 861 937 964
162 142 181 266 549 660 851
417 452 527 733 807 891
418 142 189 323 369 966
466 223 332 672 846 925
504 397 624 639 698 818 919 944 984
753 110 308 337 421 444 515 570 707 772 787 858 933
836 188 204 226 313 362 508 620 819 859
116 191 413 459 534 574 751
253 252 378 544 656 821 824
501 129 532 544
544 857
752 81 155 166 308 368 455 866 896
870 161 228 609 877 947
892 409 722 802 917
961 154 517
21 160 179 185 218 333 461 538 562 668 749
160 776 929
179 196 746
185 119 333 335 540 583 626
218 358 639 816 890 984
333 503 630 757 806
461 267 396 607 838 852 965
538 740
562 142 303 364 516 531 929
668 117 222 252 889 949
749 348 440 710 911
22 996
996 50 200 233 429 726 925
23 30 200 224 697
30 106 425 487 964
200 54 947
224 65 470 549 628 632 769 851
697 128 354 543 783 819 852 989
24 131 267 502 550
131 396 602 915 952 972
267 221 284 319 391 448 460 490 614 673
502 134 307 738
550 341 612 635 662 913 934 991
25 78 96 256 276 518 549 614 687 775
78 126 416 446 516 613 765
96 260 490 620 789 810
256 580 865 893
276 67 412 457 696 886 993
518 251 442 452
549 61 82 332 453 572 649 865 897
614 142 376 505 649 847 872
687 153 330 422 747
775 243 260 631 803
26 239 602 881
239 338 669 711
602 93 621 698 893
881 110 168 671 971
27 61 151 235 258 369 388 560 677 717 805 919
61 28 45 91 114 394 582 683 710 767 970
151 194 220 467 611 656 878 924
235 102 202 436 557 882 919 925
258 307 395 700 731 773 782
369 374 645 856
388 343 357 649
560 229 270 282 383 623 711 724 789
677 104 266 332 472 577 676 767 822
717 63 137 139 462
805 42 203 289 300 373 428 657 876
919 144 191 280 303 467 613 798
28 141 680 974
141 663 876
680 123 156 395 481 683
974 93 533 636 896 973
29 359 660
359 84 159 204 494 854
660 570 723 898
106 288 337 459 543 591 726 835 898 998
425 277 300 308 376 515 627 828
487 58 102 207 230 329 355 619 994
964 358 530 664 999
31 453 505 554 591 609 640 739 802 924
453 43 283 441 524 731 841
505 139 147 328 475 516 688 725 990
554 259 691 829
591 167 339 880
609 99 222 242 311 314 951
640 422 424 569 624 878 897 960 972
739 109 445 520 574 621
802 242 500 522 949
924 32 994
32 60 102 244 662
60 313 666 784 844 856 980
102 206 237 813 872 969
244 37 227 242 332 381 852 912 977 979
662 715
33 299 731
299 311 587
731 44 70 92 113 380 583 838 900
143 378 484 883 994
534 225 433 824 894
990 37 374 500 520 823
35 59 92 130 357 484 508 520 813
59 170 309 350 673
92 402 647 723 732
130 69 155 250 605 696 886
357 156 456 463 642 715 823 886 915 997
484 134 249 422 444 535 658 817 828 854
508 342 423
520 164 286 646 774
813 127 354 476
249 155 177 724
427 88 103 365 535 616
846 252 410 686 941
933 152 391 758 969
37 464 643 649 824
464 212 321 328 593 993
643 68 108 205 548 715 858
649 55 302 616 629 982
824 178 500 746 799
38 293 405 463 670 838
293 167 207 223 391 438 529 748
405 633 758 839
463 617 774 808 837 975
670 79 134 196 510
838 346 451 847 864
39 223 240 571 720 793 859
223 570 594 859
240 251
571 69 201 217 229 526 685 786
720 93 268 283 676 957 970
793 138 413 478 652 726 727 773
859 350 448 471 478 617 621
40 73 337 943
73 172 445
337 191 291 315
943 180 361 383 449 702
41 170 486 891
170 123 265 356 491
486 54 68 83 110 217 635 883 940
891 196 459 887
42 324 386 408 415 530 667 982
324 346 674 730 906 915
386 261 795 946
408 100 166 617 655
415 252
530 149 272 462 723 861 971
667 129 196 432 555 706
982 251 342 700 987 993
43 206 313 389 780 935 979
206 251 286
313 50 145 199 261 373 567 573 658 701 750 771 795 989
389 605 764 784 888
780 691
935 351 397 589
979 86 145 395 416 785 910
44 169 448 616 743 807
169 372 799
448 71 370 522 803 828 873
616 139 195 272 373
743 403 638
807 403 615
45 123 569 936 968
123 183 701
569 355 497 586 700 975
936 261 332 402 573 830 849 872 887 946
968 202 416 432 496 834 915
247 157 232 311 735 955
334 290 588 800 905 914
804 481 500 553 685 841 941
842 128 150 779
861 429 478 947
937 192 358 619
47 132 532 727
132 315 409 786
532 71 430 978
727 117 193
89 375 397 399 439 736 957
444 126 391 473 926
509 114 252 268 719 772 792 862
808 279 366 378 497 510 603 711 764 902
49 121 323 332 526
121 474 735 883 957
323 273 305 306 307 396 454 755
332 114 395 619 706
526 603 675 829
50 110 601 855
110 65 82 310 350 607 779 857
601 62 361
855 137 433 565 681 989
79 638 934 953
183 429 432 447 626 679
285 139 187 642 673 932 953
605 112 273 428 462 625 682 976
835 193 586 684
860 266 735
52 851
851 565 814 879 932
53 64 378 482 539 548 623
64 229 355 596 989
378 242 689
482 97 686 830 837 980
539 114 441 721 923
548 287 375 500 744 828 887
623 112 412 689
54 72 158 421 751
72 165 292 564 624
158 81 586 973 976
421 140 194
751 100 168 195 198 229 352 434 531 533 745
55 268 676 971
268 265 438 879
676 136 300
971 202 351
56 248 819
248 947
819 98 126 280 366 516 693 883 898
265 69 284 365 422 817 960
434 208 480 654 812 926 960
478 414 512 726 945
679 498 771 987
58 98
98 161 280 634 926 987
309 62 409 467 596
350 306 317 585
673 62 744 893
666 127 198 277 422 888
784 596 606 618 651 748 905 929
844 94 317 515
856 221 423 433 658 879
980 127 452 671 675 767 828 882
91 354 412 451 459 837
114 174 897
394 280 840
582 135 278
683 167 387 409 595 792 888
710 188 284 343 600
767 238 260 279 750 837 887
970 227 691
62 262 314 639 707
262 156 317 375 392 636 803 865
314 153 202 292 527 950
639 222 815
707 399 422 719 951
63 373 618 637
373 68 112 118 576 834 876
618 86 150 156
637 219 308 776 938 969 999
229 476 620 732 940
355 80 412 573 626 896
596 203 219 402
989 71 913
65 193 207 399 746 930
193 402 416 454 783
207 103 180 259 274 360 426
399 866
746 148 277 351 644 789
930 657 977
70 664 789 815 845 893
377 154 291 441 460 481 678 858 957
475 83 167 346 403 675
684 391 392 516 535 875 921
921 126 685 725 736
67 232 590 678 770
232 210 284 620 630 809
590 349 583 866 897
678 312 403 701 905 991
770 341 465
68 109 391 608
109 237 292 675 809 858
391 612 956
608 630 825 868 940
69 129 222 864
129 144
222 198 351 726
864 164 339 397 822
664 714
789 559 798
815 99 472 583 882 908 913
845 118 187 424 779 825 875
893 150 319
71 685 916
685 164 503 516
916 149 576 624 642 829 912
165 231 316 877
292 83 85 451 820
564 272 472 576
624 594 914
172 139 198 289 291 565 833
445 318 600 620 630 655 950 981
74 220 370 404 904 956
220 474 586 594 781 895
370 210 233 396 426 823
404 137 211
904 693
956 234 372 411 566 814 950
535 361 446 451 500 957 999
894 279 318 414 441 492 516
76 87 189 346 555 690 830
87 233 238 390 456 497
189 150 595 763 886
346 173 270 356 368 759 912
555 83
690 250 329 755
830 496 633
77 567 700
567 280 450
700 122 953
126 600
416 177 581
446 144 225 315 443 546 890
516 103 523 957
613 186 645 744 969
765 242 474 490 927
638 100
934 440 976
953 211 669
80 283 356 480 742 837
283 522 689 873 883
356 100 729
480 472 927 939 988
742 476 912 929
837 137 233 401 658 981
81 113 259 398 490
113 604 797 946
259 287 472 656 880
398 336 354
490 85
82 325 451 715
325 112 194 196 363 995 999
451 559 696
715
83 236 348 686 818 945
236 326 426 577
348 635 773 852
686 104 221 230 849
818 216 317 376 428 437 576 931 976
945 270 376 439 732
84 315 693 737 814 834 926
315 792 941 960
693 913 928 997
737 595 755
814 209 411
834 139 155 188 219 449 960
926 413 452 472 474 497 823
85 573
573 533
86 701
701 841
233 180 252 779
238 260 284 557
390 105 336 494 507
456 500
497 174 260 545 915
88 364 593 635 798 915 981
364 204 210
593 149 153 278 342 343 441 479 659 915
635 105
798 138 184
915 773 954
981 414
375 188
397 99 251
439 171 284 311 796
736
957 101 273
90 197 302 372 431 745
197 147 409 429 563
302 778
372 868 949
431 203 387 435 523 691 795 983
745
354 181 328 413 735
412 632 876 946
459 263 523
402 340 383 392
647 134 521 589 866
723 156 795 969
732 128 306 561 714 748 754 897
93 646
646 426 594 785
94 122 816 899
122 424 633 705 809
816 644 652
899 270 371 848 873
95 153 269 280
153 147 583 648 724 839 941
269 312 799 942
280 128 496 651 909 950 983
260 527 692
620 524 951
810 125 144
97 645
645 362 536 561 648 800 955
161 228 300 465 929
634 494 563 572 724 773 901
987 217 702 977
99 127 156 157 722
127 209 226 230 296 533 854
156 274 380 523
157 319 890
722
100
101 503 610 760
503 275 636 738 771
610 138 212 296 925
760 771
237 296 308 542 795 973
872 877
969 758 825 975
103 203 282
203 279 498 774
282 284 545 580
104 368 565
368
565 178 216 472 852
105 462 540 581 672
462 217 552 671 796
540 473 585
581 991
672 171 499 597 698 772
288 159 347 449 896
543 150 642
726 880
898 284
998 201 338 513 576
376 993
932 442 847 854
108 433 652
433 137 195 216 510 527 769
652 204 362 422
675 142 251 887
809 227 557
858 180 733 744 821
310 304 468 868
607 409 489
779 297 724 871
857 251
111 435 447 570
435 843 977
447 252 272 311 449
570 470 584
112 251 792
251 403 719
792 180 231 606 817 886
604 441 561 823
797 217
946 597 800 905
174 208
897 119 452 782 875
274 496 626 713 865
317 118
952
191 426 449 580 621 800 841 877 909
413 202 795 965
574 250 261 542 774
117 201 546 629
201 468 488 494 879
546
629 342 414 755 825
118
119 228 512 692 774
228 406 713
512 552 785
692 278 381 476 633 706
774 180
420 243 306 781 785
522 134 217 631
658 147 209 303
803 617 960
474
735 401
883 460 515 585
424 566 927
633 558 636 908 931
705
167 139 561 594
209
523 611 873
125
600 886 942
226 471 764
230
296 152 163 241 514 561
533 351 513 822 985
854 188 648 920
128 195
195 144 219 521
144 977
155 470 800
250 277 479 524
696 468
886 566 764
396 426 489
972 336 352 781
409
786
182 380 999
585
134 429 787
429 983 994
787 557
135 452 488 657
452 907
488 145 166 454 823
657 994
136 438 973
438
973 583
137 682 783
682 308 460 615 910
783 180 436
138
139 194 703 939
194 148 234
703 168 999
939
140 176 920
176 277 343 940
920 287 336 636 794
663 822
876 186 312
142
994 595 621 709 796 848
977 210 496 594 709 999
145 330 905
330 498
905 340
852 947
147 343 648 738 785
343 681 848
648 825
738 214 383 588 734 880
785 829
148 284 472
284 988
472 494 871
149 910
910 644
150 913
913 450 712 927
467 275 362 781
611 184
656 468 714 778 822
878 559
152
583 326 823
724
839 328 967
941 365 829
154 401 457 942
401 597
457 366 545 947
942 822
470 217 231 985
800 219 644
380
319 181 902 951
890 171 347 714 888
586 210 499 718 991
976 171 225 305
159
776 163 709 925
929 349 499 866 965
300 681
465 895
181
266 208 561 577
163 352 381 576 948
352 882
381 494
576 595
948 559 925
164
231 243
316 911 950
877 204 681
166 210 719
210 304 529 553 632
719 406 612
561 430 918
594 437 527 928 975
168 631
631 455 644 823
799 199 338
491 947
171 494
494 219 339 712 795
198 849
289 923
291
833 496
173 545
545 374
208 202 985
847 180
277 592 729
940 312 387 422 689 778 896 928
177
178 698 711
698 312 473 822 965
711 442
196 630 702
180
999 449 481
432 455 938
626 619 714 906
184 577 651 748
577 308
651 261 750 754
748
335 341
186 374 978 985
374 371 513 632
978 440
985 199 371 430 882
187 866
866 468 912
188 514
514 528
595 273 967
763 306 471
426
449 202 801
580 217
621 966
841 338 628
909 954
192
454 606
234 885
219 828
521
630 617 681
702 951
563 927 928
849 906
199
947 217 755
468
879
202 243 311 628
243
311 205 307
628
279 829
498 225 513 902
204 960
960
205
286 871 907
360 329 365 612
304 918 975
529
553 383 411
632 273 441 709 896
211 272 993
272 592 694
993
212 671 887
671 428 773
887 423
336
950 597 759
214
362 395 654 965
517 817 823
995
216 584
584 889
217 588
588 615 965
358 455 531
984 654
828
781
895 806 880
221
351
769
225 587
587 513
471 951
764 681 908 918
227 983
983 510
406 691 885
713 275 489
476 795
252 806
885 242 817
436
557 303 371 612 747
882 822
925
326
308 907
542 403 871
795 688
338 552 734 823
669 442
241
242
912 552 691
245
383 747
955
479 273
524 820
403
806 829
821
688 597
481
865 485
694 875
827 430
307 342 928
395 306 328 515
773 363 441
782
287
880 689
527
261 365
365
392
636 644 825
263
714
422 796
817
460 625 991
312
270 612
612 615
592
273 303 908
303 644
908
496 991
275 914
914 410
729
278 642
642 988
829
750 615
689 747 801
873 297 674
988 513
871 290
907 492 759
347 411 889
896
923
290 597 822
597
822 721
820 428
441
297 510
510
681 306
329 603
566 927
778 709
644
918 862 900
975
305 485
485
306
342 862
928
868
771
911 747
318 967
967
902 410
951
321
755 754
674 499
730
906
363
328
603
606 744 843
619
706
757
341
552
734
823
339
340
862 744
848 440
344
759 366
411
889
349
997
455
531
361
654 499
965 414
366
428 740 825
371
949
513
379
747
387 558
558
888
507 754
840
515 712
489
758 796 917
691
407
617 733 901
655
410
414
733
966
442
796
423 744
744 536
927
627
740 615
825
430
938
812 492
843 659
437 499
499
440
443
473
801
450
559
500
625
991
492
712
944
725 528
754
772
528
572
536
721
695
718
615
589
659
599
901
709
931
875
900
917
794
903
954
