0 615 1447
615 92 517 1092 1182 1442
1447 486 539 646 1050 1384
1 194 779
194 44 222 349 834 1077 1235
779 529 591 1233 1317
2 436 494 1026
436 161 1009 1137 1287 1349
494 245 814
1026 243 391 467 702 1264
3 20 63 534 849
20 653 1315
63 14 1480
534 62 1229
849 73 197 393 416 595 605 644 665 758 764
4 503 675 719 742 755
503 153 1074 1333 1377
675 41 311 1432 1478
719 212 220 772 1095
742 495 511 527 1176 1276
755 68 109 943 1249
5 525
525 1080 1081 1147
6 60 428 1209
60 231 440 446 508 638 862 949 1082 1226
428 92 125 551 619 952 1129
1209 167 192 252
7 393 1093 1231 1398
393
1093 149 418 456 552 565 899 1136 1172 1187 1205
1231 84 163 293 814
1398 116 566 624
8 315 704 1326
315 176 1008 1385
704 514 795 904
1326 922 1114
9 95 334 598 1156 1444
95 630 1475
334 216 386 1357
598 88 213 232 1031 1148 1466
1156 128 179 307 482 547 648
1444 1242
10 674 1019 1150
674 238 311 1205
1019 197 320 495 794 832 969 1479
1150 230 722 1146 1300
11 572 1005 1167
572 122 395 414 1173 1218
1005 529 939 940 1328
1167 21 351 493 605 971
12 55 672 1045 1307
55 88 757 1193 1270
672 210 234 1252 1441
1045 93 795
1307 767 875 1185 1210
13 938 1000 1377 1391 1468
938 80 795 929 1106 1188 1399
1000 56 1106
1377 135 267 655
1391 37 99 600
1468 1182 1335
14 100 963 1388
100 874 1188 1375
963 269 693 861
1388 305 1235
15 91 531 709 715 824
91 51 190 650 921 990
531 349 459 1016 1053
709 236 972
715 119 357 374
824 595 645 660 679
16 759 950 976 1207 1418
759 30 1022
950 364 1322 1430
976 1489
1207 401 458 1282
1418 266 474 695 906 1294
17 127 209 256 316 658 700 1202
127 269 375 472 509 1483
209 366 594 937
256 90 456 482 1148 1289
316 251 491 1315 1339
658 308 1291
700 1049
1202 694 884
18 379 660 987 1409
379 805 828 881
660 253 593
987 29 413 471 785 946
1409 686 732 942 947
19 514
514 121 187 339 640 767 1013 1201 1232
653 580
1315 504 635
21 648 713 979 1304 1445 1473
648 1356
713 465 527 1330
979 875 965 1074
1304 573 575
1445 429 859 1096 1488
1473 201 602 1250
22 80 1130 1230
80 876 1094 1131
1130 290 432 499 827 1009 1148 1292
1230 930 932 1053 1222 1286
23 463 772 898 1285
463
772 259 407 461 617 838 1275 1325
898 323 417 1032 1055 1433
1285 268 308 931 1061
24 83 919 1111
83 110 665 1336 1348
919 786 897 993 1053 1097
1111 427 1083 1213
25 671 823 1040 1196 1482
671 510 706 1206
823 357 399 804 1453
1040 331 741 859
1196 364 398 600 1383
1482 562 1354
26 371 913 1365
371 188 343 512
913 260 275 576 1294
1365 1265
27 625 747 1226 1276
625 42 438 1211
747 231 424 565
1226 71 291 1328
1276 827 1224 1397
28 31 42 220 544 897 1089 1419 1469
31 539 941 1158 1203 1249
42 215 280 785 989 1234
220 138
544 944 974
897 423 1266
1089 441 472 577 786 965
1419 143 205 825 1253
1469 328 416 522 1001
29 430 533 1170 1212 1289 1333 1357
430 738 920 1034 1079
533 500 639 808 860 1137 1152 1277 1376
1170 1129
1212 667
1289 925
1333 85 637 647
1357 1215 1460
30 311 792 1128 1294
311 233 446 553 657 794 1087 1146
792 82 330 860
1128 242 1359
1294 104 190 216 279 816 1245
539 794
941 198 244 1227
1158 281 1322
1203 895 1292 1370
1249 497 651 655 804 1368
32 272 363 722 887 1031 1399
272 744 752 1344
363 577 743
722 397 508 797 813
887 1001 1024 1168
1031 1123 1311 1472
1399 509 587 811 1046 1267 1268 1299 1331
33 799 924
799 381 840
924 96 173 1239
34 974 1050 1059 1327
974 377 510 745 787 1049 1247
1050 59 366 458 600 964
1059 188 797
1327 186
35 155 210 283 553 776
155 683 703 1118 1487
210 902 925
283 260 996
553 301 446 712 727 1125 1185
776 516 1113 1119
36 81 578 993 1091 1163 1198
81 85 219 850 1332
578 724 998 1013 1071
993 556
1091 921
1163 71 192 542 925 1252
1198 317 710 1047 1441
37 101 212 770
101 297 1362
212 547 1018 1224 1458
770 59
38 223 488 1313 1362
223 270 414 884 891 1204 1279
488 151 284 326 367 736 1070
1313 93 245 537 1149
1362 332 437
39 386 421 497 532
386 257 264
421 112 216 260 1336
497 129 454 592
532 753 1157
40 129 994 1410
129 148 230 342 835 1221 1251
994 136 867 999 1161 1386
1410 84 678 1094 1374
41 156 389 565 1387
156 208 295 321 946
389 382 466 1079 1366 1394
565 574 676 1415
1387 227 1308
215 528 968 1338 1369
280 343 478
785 111 269 1215 1440 1480
989 370 720 912
1234 169 258 482 515 568 651 829 986 1273 1432
43
44 118 822
118 931
822 51 144 287 530
45 720 1257 1438
720 932 1228
1257 399 550 863
1438 133 480 501 661 1421 1437
46 296 1298
296 528 622 835
1298 1002 1063
47 459 1100 1412
459 732 1201 1439
1100 580 782 831 988 1025
1412 70 354 438 479 855 1401
48 189 377 426 932 1125 1310 1405
189 298 509 1237 1335
377 996
426 56 307 441
932 186 199 560 623 1002 1106 1321
1125
1310 630
1405 863
49 239 1288
239 230 471 687 795 959 1138 1442
1288 110 183
50 285 317 883 1277
285 1206
317 158 591 1013 1317
883 147 243 347 486 867 998 1193
1277 735 1095
51 588 1433
588 182 511 563
1433 98 347 573 1165
52 1460 1483
1460 632 886 1483
1483 320
53 197 374 716 1177 1364
197 610 971 1366
374 479 1275
716 336 930 1312
1177 1312
1364 831 1456
54 683 1038
683 1314 1370
1038 480 943 949 1360
88 312 345
757 1002 1149 1386
1193 235
1270 781 830 1053 1183
56 192 438 805 864 1291
192 162 739 1023
438 302 399 537 609
805 168 427 865 911 1355
864 390 589 593
1291 303 416 1030
57 66 352 1023 1274 1283
66 610 839
352 323
1023 546 564 600 701 808 911 1417 1474
1274 643 1499
1283 291 328 540 746 1267
58 277 1083 1245 1489
277 465 657 736 1222
1083 631 1033 1101 1373
1245 120 265 312 1037 1371 1383
1489 781 962 1035 1186 1303
59 546 894 1363
546 407 888 1043 1120 1124 1173 1485
894 1074 1492
1363 153 160 245 549
231 253 966 1432
440 479 587 654 783 854 855 1020 1378
446 1178 1322
508 670 890
638 425 821 879 890 891 1078
862 161 340 563 1099
949 98 235 245 753
1082 98 112 249 320 847
61 569 614 630 1247 1335
569 368 686
614 1036 1144 1347
630 453 1394
1247 153 971 1139
1335 262 633
62 647 838
647 682
838 240 247 381
1480 325 1088 1092
64 1161 1264 1472
1161 228
1264 75 651 778 971
1472 791 1064 1299
65 254 623
254 137 396 434 555 1422 1477
623 781 819
610 396 1374 1385 1435
839 489 550 1018
67 107 608 1354 1423
107 124 748 1189
608 131 366 587 789
1354 122 385 786 1477
1423
68 279 302 550 955 1181 1408
279 1053 1467
302 178 349 697 1426
550 217 587 707 1471
955 216 385 567
1181 97 234 473 1015 1160 1497
1408 573 714 954 1370
69 78 90 413 797
78 1015 1401
90 185 249 1427
413 360 853 1352
797 242 1123 1495
70 82 135 586 942 1039
82
135 75 487
586 105 318 575 640 733
942 409 886 1424
1039 1497
71 484 820 1024 1041
484 452 1065
820 1132
1024 1079
1041 934 1299
72 688 795 830
688 1057 1394 1448
795
830 595 721 1057 1339
73 1190 1342 1437 1486
1190 201 911
1342 139 142 609 690
1437 422 627 895 899
1486 292 655 686 743 1227
74 250 552 1010 1379 1441
250 518
552 1015
1010 304
1379 305 326 366 1206 1263 1312 1490
1441 1471
75 1311 1464 1466 1475
1311 1076
1464 104 185 498 510 1366
1466 181
1475 126 627 665 962 1306 1414
76 559 562 667 901
559 668 765 879
562 1095 1114
667 99 157
901 458
77
1015 198 357 860
1401 214 396 422 435 452
79 916
916 169 369 911 1372
876 298 1305
1094 1347
1131 399 780 1324
85 1119
219 381
850 621 1296
1332 93 360 774 1109
110 618 1350
665 342
1336 576 784 1185
1348 114 298 301 677 1140 1457
84 236
236 1162
1119 147 291 602
86 530 782
530 416
782 1069 1302 1386
87 140 656 825 858 944 1160
140 793 861 922
656 268 541 1222 1386
825 159 591 780
858 456 1017 1069
944
1160 251 420 616 1054
312 116 892 1080
345 1200
89 645 840 868
645 509 1295
840 124 596 607 1228 1426
868 563 739 1011 1148
185 751 802 811
249 1087 1225 1373
1427 252 510 798 986 1064 1271
190 183 191
650 619 1007 1453
921 330 356 496 698
990 605
92 216 310 789 1238
216 460 595 1033 1417
310 104 394
789 183 284 528 1233
1238 590 1384 1435 1494
93 472 522 549 1371 1463 1476
472 429 697
522 221 292 320 1037
549 1450
1371 251 892 1498
1463 384 402 953 1370 1373
1476 527 543 865 1474
94 375 863
375 1455
863 273 685 711
96 241 732 752 1366
241 320 889
732 466 1208
752 911
1366
97 142 925 1001
142 211 841 1248
925 242 452
1001 1392
98 540 1013 1048
540 1169
1013 233 245 298
1048 160 324 583 829 1259 1442
99 164 342 1355 1422
164 871 1052 1375
342 412 455 1118 1139
1355 434 1451
1422 294 329 705 854 861
874 1406
1188 238 449 643
1375 247 364 1368 1471
297 230 360 1016 1259 1372
102 513
513 856 965
103 808
808
104 548
548 173 218 391 570 922
105 270 425 454 626 957 1072 1127
270 368 419 432 743 881
425 909 1421
454 246 396 654 1072 1132 1344
626 1194 1481
957 117 362 1470
1072 1183 1344
1127 370 843 844 1278 1305
106 402 768 1499
402 491 509 616 636 1260 1430
768 226 268 749 1138
1499 703 902
124 152 809 1051 1069 1172
748 234
1189 1062 1385
108 399 423 1076 1175 1201
399 299 400
423 1043
1076 224 518
1175 564 889 1098
1201 320 1078
109 735
735 305 1006
618
1350 324 477 509
111 116 391 410
116
391 485 1135
410 301 474 631 968 991 1009 1328 1390
112 1062 1064
1062
1064 744 1129
113 162 750 920
162 128
750
920 1141
114 937 943
937
943
115 1206 1273
1206 1400 1456
1273 563 761
117 511 711 877
511 555
711 409 501 1182
877 260 471 811 851 879
931 289 551 1142
119 350 507 566 707 1284
350 471
507 689 945
566 1370
707 616 1325
1284 172 447 745
120 460 528 1129 1248
460
528 798 1147 1251
1129 394 1029 1215 1431
1248 200
121 1425
1425 261 392 461 754 784 896
122 593
593 171 232 886
123 301
301 130 208 244 355 738 769
152 899 1014
809 235 1159
1051 524 841 1172
1069 444 640 1215 1361
1172
125
126 1151 1200 1324
1151 138 245 589 680 1347 1356
1200 738 866 1120
1324 187
269 193 1222
509 657 1372
128 313 754 818
313 131 486 557 1345
754 143 774 896 968
818 207 1239
148 321 427
230 560 1140 1153
835 267 806 1465
1221 145 682 1323 1471
1251 259 290 574 899 1397
130 606 1043 1439
606 247 344 786 1411
1043 1216 1481
1439 247 547 1165 1224
131 265 918 1358
265 1171
918 263 492 673 814 1006
1358 340 442 616
132 948
948
133 670 912 1153
670 351 447 655
912 888 1215
1153 300 392
134 338
338 255 547 1317
487 309 368 1211
136 306
306 328
137 965
965 621 1067
138 372 621 663 1225
372 555 727
621 169
663 1088
1225 153 657 804 1065 1108 1280
139 252
252 1211 1457
793 179 474 1110
861 627 1263 1330
922 257 631 649
141 871 1149 1286 1474
871 1060 1191
1149 290 406 741 970 1462
1286 321
1474 429
211 498 1103
841 380 1121 1162
143 366 907 939 1232
366 291 734
907 346 640 740 1090 1485
939 680 992
1232 693 860 930 935 1081
144 180 364 453 693
180 786 1014 1124 1213
364 403 620 696 1097 1287 1429
453
693 233 275 450 739 1047 1404
145 778 1004 1095
778 271 479 1227 1457
1004 951
1095 744
146 286 339 474
286 378 1205
339 466 930
474 193
147 1491
1491 409 673 784
321 267 382
427 1021
149
150 806 860
806 331
860 177 733 846 1404
151 353 616 1455
353 595 677 746 1321
616 1007
1455 760 1025
899 642 1117
1014 305 810 914 953 1126 1197 1406 1479
153 267 404 570
267 567 854 972
404 1103
570 205 529 1034
154 289 690
289 196 240 819
690 287 594 1030 1079
703 601 1052 1351 1426
1118 741 746
1487 760 1318 1341
208 1318
295 337 563 1183
946 1282
157 172 181 365 620
172 486
181 1021 1395
365 1435
620
158 1456
1456
159 486
486 1044 1154 1159
160 207
207
161
163 336 995 1424
336 276 451 726 1314
995 966 1395 1420
1424 171 1012
1052 483
165
166 640 721 760
640 970
721 1470
760 558 622 726 1382
167 936 1219
936 498 1063 1066 1174 1179 1337 1454 1494
1219 368 725 1218 1426
168 851 962
851 698
962 1029
169 262 318
262 394 666 1228
318 305
170
171 199 1003
199 505 705
1003 232
173 390 904 1036 1372
390 479
904 579
1036 521 777 1259
1372
174 291 461 477 659 686 1074
291 961
461 826 875 1021
477 1138 1292
659 1267 1293
686 319 407
1074
175 224 787
224 1360
787 245 1215 1495
176 771 1011 1140
771 749 751 1296
1011 367 888
1140
177 200 1223 1322 1495
200
1223 187 692
1322 873
1495 701 890 956 1297
178 777
777 1096 1360
179 346
346 1057 1302
786 268 567 1058
1124 264 619 821 1143
1213 300
1021 906
1395 333 828 1020 1271
182 232 1185
232 821
1185 369 468 733 1258
183 323
323 853 1338
184 519 718 1282
519 911 1458
718 294 1211
1282 417 784 1299
751
802 244 354
811 451 502
186 1168
1168 1002 1035
187 940 1260
940 555 1481
1260 1061
188 865 1344
865 652 968
1344 1369 1494
298 411 622 697 1028
1237 1009 1096
191 517 1143 1305
517 523 681 961 1440
1143 681 1116
1305
739 1194 1329
193 537 982
537 456 483 842
982 263 694 832
222 1054 1378
349 429 439 601
834 347 609 643
1077
1235 573 629 1171
195 695 1275 1300
695 1241
1275
1300 383
196 257 619 790 934 1252 1406
257 287 1132 1321
619 603 1053 1417
790 696
934 584
1252 545 1142 1484
1406 1063 1297
971 869 1008 1137
198 303 435 567 917 1325 1382 1402
303
435 575 652 738 1028 1055 1199
567 450 761 954 1106
917 429 510 526 568 762
1325 983
1382 344 362 596 1008 1415
1402 480 929 1115
505 385 481 545 967
705 1112 1417
201 1306
1306 373 701
202 764
764 469 1330
203 1435
1435 547
204 687 1228
687 831 857 954 1488
1228 309
205 774 1164
774
1164 468 681 1068 1120
206 482
482 255 455 1037 1323 1400
1318 1090
594 604
902 502 767 1056 1152 1262 1493
498
1103
547 260 846 930 958 1481
1018 242 251 605 1328
1224
1458 541 783 1396
213 1159 1485
1159 326
1485 775 1008 1494
214
968 263 300 1308
1338 857 873 878 914
1369 384 1055
595 1314 1471 1493
1033 300 1478
1417 343 923
217 646
646 856 1349
218 458 493
458 292 1341
493 866
381 278 412 642 1215
221 273 1331
273 409 1037 1123
1331 1227 1292
1054 225 1096 1173
1378 592 666
414 1312
884
891 1182
1204 743 1078
1279
1360 242 348 538 573
225 229 1367 1374
229 654 842 1292 1373
1367 605
1374 575
226 411 443 729 903
411 538
443 392
729 1295
903
227 1146
1146 258 434 455 911
228 308 882
308 263
882 407 1133 1214
654 255 635
842 564 601 814 910 1386
1292 682 947
1373 476 485 1392
560 385 1032 1280
253 576
966 914 1122
1432 489
821 319 591 996
233 1044 1157
1044 908 991 1070 1195
1157 341 644
234 330 337 1027 1370
330 248 545
337 1319
1027 405
1370 895 1471
235 554 637 642 662
554 1109
637 582 1132 1220 1296
642
662
1162
237 360 886
360 499 502 1068 1269
886 1105
238 696
696 521 1205 1337
471 247 612 828
959 676 1182
1138 815
1442 783 807 915 1173 1263
240 1297 1457
1297 359 580 969
1457 529 852
320 378 1183
889 481 900 1080
242 538
538 628 1199
243
244 1006
1006 1053
245 681 1144
681 1400
1144 892 1049
246 266 1484
266 457
1484 762
247
248 384 466 867
384 526 641 1345 1381
466 854 1211
867 288 405 558 828
1087 415
518 733 1341
251 896
896 324 694
1211 975 1309
576 354 543 972
396 644 1133
434 1453
555 263
1477 617
255 500
500 288 455 1290 1462
456 604 1145
1148 573 984
287 1017 1035 1376
1132 743 1104
1321
258 952 1073 1426
952 933 1259
1073 728 1122
1426 361 651
259 1376
1376 335 368
260
261
394 557 880 1135
666 1081 1263
263 1301
1301 1450
264
1171 1205
457 909
854 603 1080 1299
972 558
268 464 676 791 798 826
464 407 836 1025
676
791 319 400 796 845 1113
798 701 1098 1353 1494
826
1222 1061
368 856 880
419
432 766 819 1182
743
881
271 680 780
680 880
780 1134 1137
744 1452
409 775 843
1037
1123 737 1351
274 844 1187
844 322 1465
1187 911
275 1386 1421
1386 603
1421 470
276 309 1053
309 632 708
1053
465 831 1494
657 758 969 1320
736 1179 1440
278 558 1451
558
1451 698
1467 504 1281
343 634 765
478 1208 1361
281
282 378 1142
378 1492
1142 1416
996 717 1353
284
1205 424
1017
1035 385 1308
288 730
730 652
819 305
290 452 848
452 1314
848 400 1471
961 846
292 639
639 1434
293 1394
1394
294
563 753 837
1183 326
622 325 1349
1016 521 1122 1214
1259
697 499 526
1028
299 387
387 685 1099
300 359
359
355 489 758 1450
738 495 524 1316
769
304 581
581 369
305 762 1155 1389
762 600
1155 794
1389 624
328 447 449 814
307
632 483
708
794
892 340 969
1080 1022
557 1383 1396 1478
1345 1096 1493
314 998
998 817
1008 405 1086 1192
1385 490
491 573
1339
591 602 964
1317 728
319 455 468
455
468 706 1186
382 357 1216
322
853 609
324 1063
1063 1199 1295
325 1110
1110
326 761
761
327 589
589 1184
447 727
449 332 1320
814
329 416 880
416 347 1446
880 467
545 1250
331 392 1067 1071
392 344 596
1067 571 1136
1071 947
332 403 1191
403 1061 1139 1436
1191
333 668
668 1244 1280
335
451
726 542 679 1240 1254
1314 829 1381
1319
930
340 828
828 599 827 1104 1347
341 843 1250
843 1334 1493
1250 1227 1452 1481
412
1139 437 1182
634 1101
765
344 763
763 397 543 870
1057
1302 1055
347 405 911 1084
405 1029
911 929
1084 628
348 909
909
429 1047 1293
439 1443
601
351 400 1117 1390
400 1384
1117 444 561
1390 954 1068
677 766
746
354
489 418
758
1450
356
357 380
380
358
499
502 401 417 496
1068 609 643 1116 1404
1269 597
361 655 859 978 1122 1141 1154
655 682
859 856
978 1066
1122 536 652 986
1141 485 694
1154 1430
362
577 1258 1278 1396
1097 603 869
1287 543 599
1429 515 1380 1381
734
367 956
956 1135
856 673
369 1368
1368
370
512 602 947
727 879 1414
373
479 781 1075
376
1492 910 991 1104 1253
1215
1216 692
383
526 635
641 1114
1381 1121
385
685
1099 496
388 599
599
1079 480
485
1135 1012
596 684 984
395
644
1133 397 945 1258
397 852
852 783
398 524
524 607 694
1384 609
401
636 1088
1430 684
1061 1436
1436
1029
406
407
408 1058
1058 450
775 827
631
991 981
1009 1351 1397 1413
1328
1352 698 895
1312 661
415
1446 584 1208
417 756
756
418 445 816
445 516 1090
816 753
420 649
649 910 1296
422 702 1109
702
1109
424 580
580 450 910 1340
441 879
551 714 1218
1047
1293
1034
431
766 807
1182 504
433 829
829 1330
1453
575 652 1078 1239
652 723 801
1055 1081
1199 870
1137
1349 879 908
437 1471
1471 1107
609
1443 543
587 600
783 1497
855 953
1020
879 611
442
444 542 767
542 1152
767 516 617 717
516
1090
1178
448 1180 1299
1180
1299
1320
450
604 1197
1145
1341
875 692
462 1361
1361 1032
836 624 1488
1025
831
1494
467 745 1012
745
1012
706 561
1186
469
470
612
473
475
476 928 1184
928
1184 753
1208
781 1351
1075
480
481 1218
1218 1353
1323 815
1400
483 611 885 935
611 1411
885
935 905 945
1065
1070
490
573 694
492
866
495
496 712 878
712 1461
878
592 1096
1290 1253
1462
501
504
967 1113
506 678
678 714
689
945 1347
890
510
602
947
515
523
1440
733
520
521
607
694 984
1081 661
1147
635 908
527
529
753
1152
1229
535 1356 1478
1356
1478 692
536
628
1169 893 1085 1431
541
543 1434
1434
888 725 1236
1120 1261
1173
846
958
1481 975
714 600 603 1278
556 833 1415
833
1415
1383 1002
1396
1032
1280 629
561 740
740
1114 1351
837
564 651
651 731
574
954
1106
568 1227
1227
571
1078
1239 682 1272
1258 1241
1278 664 873
724 1060 1220
579 801
801
910
1340
582
583 1295 1403
1295 960 1060 1296
1403
584
585 725
725
600 1496
590 1281 1359
1281
1359 1411
964
1096 813 1007
1493 999
684 1454
984
597
1496
603
1197
605
1411 699 1498
613
1347 737
1092 1220
1007
617
624
1194
627
629
633
1101
908
1088 915 1404 1420
1220 673
1296
970
643
682
731 1022
723
969 817
1267
661
664
1263
1244 813
669
673 1246
1246
679
1454 1380
857 1330
1488 784
1448
1030
691 1397
1397 1490
692 1243
1243 1210
1404 1115
1241
1337
698
699
1049
701 1465
1465
1351 870
1112
710 1265
1265
1461
1330
717 1272
1272
1470
813
1060
1240
1254 872
1414
728 1107
1107 975
1022 1134 1217
1179 800
737
1316
1329
741
1176
1452
749
1002
870
807
773
827
1113
1233
1134
1497
784
788
796 1108
845
1108 800
1098
1353
800
803 1192
1192
804
810
812
815
817
1104
832
1121 983
1334
847 1479
1479
953
869
872
873 1217 1428
1217
1428
1214
1105
1236
900
893
895
1266
1056
1262
905
906
929
914
915
923
926
927
933
1066
1174
992
951
960
1308
973
975
977 1303
1303
980
981
983
985
986
988
999
1420
997 1085
1085
1392
1086
1413
1126
1042
1195
1046
1136
1116
1102
1115
1261
1431
1416
1165
1166
1210
1309 1271
1242 1380
1380
1253
1255
1256
1268
1271
1343
1346
1498
1490
1393
1407
1449
1459
