0 550 1163
550
1163 60 80 187 530 844 1177
1 110 246 363 884 932 1159 1383
110 114
246 196 787 1725 1760
363 934 1021 1226 1377
884 823 910 973 1108 1181 1570 1902
932 111 566 1286 1443
1159 45 284 286 296 482 828 1740
1383 126 258 1454 1485
2 7 1103 1602 1722
7 1017 1073 1112
1103 420 890 1656
1602 379 629 1038 1459 1850
1722 949 1039 1441 1544
3 440
440 98 834 1410 1488
4 134 169 1036 1088
134 414 1029 1076 1537
169 467 1179 1424 1472
1036 108 154 207 348 899 1684
1088 312 871 1138 1148 1182 1735 1781
5 269 714 817 1141 1238
269 278 337
714 357 925 1684 1778
817 122 306 619 674 772 855 1451
1141 179 401 732 1552
1238 215 311 907 1217
6
1017 99 349 1174 1969
1073 520 1608 1713 1735 1997
1112 252 1515
8 525 879 1664
525 434 622 725 914 1008 1144 1536 1826
879 30 562
1664 956 969 1675 1758
9 75 76 989 1270
75 1202 1647 1887
76 243 502 666 999 1105
989 369 889 976 1277 1695
1270 359 366 896 1375 1725 1806
10 463
463 394 410 739 961
11 935 948 1083 1831 1833 1957
935 92 297 1797 1950
948 539 787 1470
1083 105 364 414 876 1581 1679
1831 123 893 1039 1493
1833 136 995 1350 1381 1504 1654
1957 79 164 190 602 1367 1486 1756
12 236 495 1398 1752 1878
236 306 973
495 139 882 1441
1398 267 274 1323 1721
1752 214 834
1878 1140 1898
13 883 1028 1776 1898 1958
883 1881
1028 63 184 898 1687
1776 218 277 616 1372 1795
1898 165 305 324 517 1186 1275
1958 837 1450
14 562 871
562 137 478 668 761 820 877 1293
871 39 153 197 628 705 785 830 1245 1336 1419 1881
15 82 434 1111 1761 1922
82 202 220 352 1049 1133 1855
434 220 238 446 485 1023 1249 1481
1111 294 509 1011 1400 1718
1761 415
1922 1373 1608 1633 1780
16 485 1444
485 103 220 402 903 1393 1610 1822
1444 299 303 1430 1464 1527 1600
17 706 1240 1734
706 81 290 344 419 469 501 1975
1240 64 644 1064 1719
1734 653 776 1370
18 319
319 85 202 404 528 795 1045
19 698 1487 1619
698 392 559 868 897
1487 860
1619 1172 1454 1652
20 529 976 997 1051 1074 1573 1862
529 735 927 1928
976 1877
997 1385
1051 662 1342
1074 306 1097 1143 1337 1885
1573 225 750 799 980 1133 1228 1230 1385
1862 1840 1865 1941
21 574 1005 1731
574
1005 359 456 1293 1484
1731 409 725 984 1275 1942
22 74
74 77 282 1817
23 181 427 1464 1503 1733
181 317 1910
427 971 1616 1651
1464 109 268 397 1138 1970
1503 218 748 1550
1733 580 735 831 1358 1386 1391 1426
24 724 1857 1952
724 1968 1979 1992
1857 592 1747
1952 47 69 142 680 689 967 1593
25 230 398 518 673 1431 1562
230 66 632 1117 1559 1612 1742 1824 1858
398 1919 1982
518 241 506 1397 1627 1704
673 210 1006 1304
1431 347 365 573 1212 1242 1888
1562 443 700 754 1064 1084 1178
26 769 1098
769 736 1245 1466
1098 512 1471
27 361
361 32 271 456 467 1046 1565 1767
28 352 739 1485 1890
352 158 906 1101 1258 1789 1899
739 294 705 859 981 1690
1485 47
1890 733 1097 1107
29 1367 1427
1367 403 527 1076 1261 1545
1427 258 546 729
30 1177
1177 643
31 1288 1492
1288 516 606 801 1559 1608 1912
1492 174 280 490 940 1262 1793
32 511 756 934
511 395 445 681
756 1543 1623 1802 1869 1874
934 312 1792 1934
33 340
340 1106
34 229 1093 1916
229 441 812
1093 676 1007 1344
1916 748 783 1757 1939
35 283 938 949 1410 1566 1665
283 287 416 731 978 1271 1768
938 165 254 910 1534 1921 1962
949 153 509 994 1120
1410 259 499
1566 1877
1665 429 672 1045
36 371 568 1978
371 928 1085 1241 1530
568 432 1710
1978 47 359 1939
37 583 584 1040 1056 1564 1567 1600
583 630 638 717 1158 1575 1765
584 119 170 188
1040 310 320 1203 1633
1056 861
1564 693 1022 1866 1943
1567 138 734 902 1220 1565
1600 223 311 365 689 1090 1315 1881
38 519 1515
519 356 1646
1515 88 164 1336 1717 1720
39 1000
1000 1425
40 1139 1188 1727 1976
1139 227 425 628 917 1099 1595
1188 286 435 563 1134 1441
1727 355 1087 1176
1976 827 1002
41 696 856 1397 1500 1749 1975
696 634 1052 1325 1362
856 1195 1272
1397 1035 1157
1500 380 1018
1749 329 341 404 888 1293 1336 1639 1768
1975 628 1808 1819 1845
42 98 162
98 225 247 978 1067 1306 1312 1337
162 343 1348
43 244 287 804 1007 1522 1581 1609
244 364 955 1634 1900
287 100 392 1105
804 337 458 861
1007 354 1350 1421 1881
1522 149 1809 1856
1581 59 334
1609 296
44 253 389 747 1027 1249 1296
253 270 1024 1102 1614 1683
389 1245 1653 1682 1786
747 121 346 1170 1420
1027 310 404 736 1069 1745 1950
1249 809 1704
1296 304 1786
45 193 449 770 1046
193 944 1091 1732
449 677
770 429 766
1046 362 1157 1755
46 254 1798 1942
254 1350 1458
1798 156 1143 1533 1905
1942 424 717 1726 1757 1947
47 241 601 781 1161
241 444 801 910 1388 1551
601 479
781 1881
1161 309
48 1899 1929
1899 796 1411 1649
1929 913 1832 1954
49 148 158 346 613 1536 1670
148 199 1876
158 273 369 464 1504 1524
346 1545 1786
613 616 1089 1877
1536 113 1627
1670 72 1552 1656 1675
50 85 870 1009 1365
85 396 1115 1739
870 504 1091 1699
1009 605 1462 1472 1788
1365 145 864
51 719 850 1104 1175
719 792 1146 1150 1425 1571 1757
850 679 848 1320
1104 647 1944 1984
1175 150 157 1336
52 681 772 900 1030 1135 1189 1718
681 1026 1385
772 467 586 587 687 734 1059 1184 1257 1303
900 694 1512 1918
1030 742 863 1422 1493
1135 406 748 1048 1840 1864
1189 139 1348 1363 1476 1490
1718 1167
53 390 1037 1953
390 305 1045 1335
1037 530 676 1699
1953 357 890 1779
54 388 577 672 869
388 526 1973
577
672 813 1222 1342 1639
869 1208 1229 1393 1635
55 1542 1928
1542 450 840 984
1928 239 259 978 1866
56 347 542 609 626 703 1316 1519 1867
347 541 1654 1992
542 912 979
609 508 643 939
626 79 1923 1949
703 118 1185 1222 1618
1316 147 222 407 493 1001 1856 1986
1519 1170 1695
1867 417 998 1810
57 143 1308 1873
143 245 1315 1948
1308 1137
1873 711 1014 1861
58 444 464 865 1199
444 1013 1589 1671
464 585 765 1501 1676
865
1199 354 987 1960
59
60 933 1371 1494 1512 1743
933 446
1371 454 986 1064 1321 1347
1494 135 436 450 699 1107 1425 1870
1512 821 847 1875
1743 1378 1613 1973
61 296 504 600 1107
296 1115 1771
504 316 345 377 478 555 671
600 861 921 1787
1107 803 873 1529
62 100 1020 1164 1359 1429
100 92 1696 1869
1020 426 1904
1164 93 222 1351 1586
1359 112 139 777 1155
1429 386 412 742 1228 1816 1960 1988
63 235 1555 1620
235 1843
1555 368 416 904 974
1620 280 1216
64 942 1457 1540
942 71 379 621 906
1457 302 1203 1656
1540 634 920 1366 1462 1520 1538 1633
65 121 807 1066 1327 1974
121 320 1489
807 1523 1816
1066 297 458 1346 1822
1327 737 1612 1704 1945
1974 771 1969
66 1160 1207 1501
1160 263 1136 1708
1207 648 1261 1801
1501 401 1682 1714
67 669 1684
669 119 1811
1684 207 458 1793 1852
68 796 1126
796 904 987 1132 1502 1560 1582 1755
1126 926 1491 1964
69 877
877 704
70 1226 1507
1226 248
1507 191 462 734
71 536 602 789 1349 1585 1980
536 881 905 930
602 887 1690
789 546 1443 1902
1349 278 814 1479 1784
1585 586 1259 1380 1763
1980 106 1096 1584
72 258 1370 1827
258 676 1102
1370 188 247 248 1330 1882
1827 350 1745 1777
73 1863
1863 261 1167 1913 1967
77 402 572
282 123 662 936 1048 1918 1979
1817 586 840 1075
1202 514 674 1197 1663
1647 317 351 524 815 1082 1110 1233
1887 838 1920
243 275 960 1736 1870
502 1947
666 96 469
999 108 435 1376 1792
1105 344 844
402 1225 1412 1824 1826
572
78 1041
1041 337 1100 1348 1448 1696 1790 1870
79 788 1022 1384
788 1615 1884
1022 480 532 595 1165 1683
1384 1140 1184 1219 1455 1879
80 226 692 931 1961
226 1624
692 316 1323 1995
931 860 959 1280 1354 1478
1961 1059 1583 1908
81 87 1987
87 408 459 840 1323 1528 1557 1565
1987 1465
202 133 748 1378 1514 1541
220 1174 1935
1049 552 1294 1866
1133 310 982 1257
1855 421 1251 1604
83 1888
1888 749
84 621 766 1346 1728
621 113 509 668
766 1408
1346 616 1447 1478 1649 1700
1728 278 1380
396 86 147 815 1106 1877
1115 289 362 459 522 918 1849 1944
1739 763 1081
86 824 1181 1293
824 1217 1353
1181 713 779
1293 454 1889
408 122 321 812 1592 1925
459 927 1347
840 487 1557 1912
1323 124 201 822
1528 722 1251
1557 125 145 320 1198
1565 387 688 1154 1447 1876 1906 1933
88 136 311 1178
136 234 349 852
311 538 1904
1178 1065 1840 1991
89 776 1148 1652
776 455 680 1008
1148
1652 838 923 1232 1339
90
91 610 695 1047 1396 1400 1835 1837
610
695 192 1395
1047 745 1650 1931 1950
1396 1014
1400 94 634 1217 1605 1696 1720
1835 1269
1837 1603
92 303
303 836 981 1044 1436
93 616 846 1130 1671
616 312 500 549 812 1100 1231 1471 1807 1932
846 551
1130 1152 1626
1671 130 908 1008 1666 1795 1905
94
95 1034
1034 662 1015 1875
96 507 551 1679
507 279 439 810 1113 1587 1744
551 878 995
1679 589 1023
97 649 717 1168
649 1708
717 686 1081 1217 1295 1387 1612
1168 818 1287 1411
225 421 477 875 1795
247 1251 1859
978 327 1016 1701
1067 510 603 1435 1593 1852
1306 809 843
1312 330
1337 237 1517
99 1079 1310
1079 803
1310 955 1462
1696 482 881
1869 278 430 478 992
101 803 987 1633
803 608 643 1352 1394 1902
987
1633 315 742 918 1725
102 173 318 548 1070 1488
173 596 704
318 1062 1681 1708
548 315 575 1711
1070 275 563 1094 1264 1710
1488 951
103 447 980 1321 1588
447 294 415 853 1318 1546 1551 1746
980 644 671 1197 1415 1859
1321 279 763 998
1588 1217
104 293 1511
293 972 1448
1511 286 1426 1467
105 878
878 820
106 957 1393
957 1138 1591 1941
1393 186 1044 1714 1968
107 670
670 481 579 873 1552 1592 1787
108 1635
1635 722 1061 1891
109 442 1243 1589
442 207 430 483 539 1462 1518 1814
1243 1230 1250 1458 1709 1715
1589 153 465 1544 1682
114 975 1055
111 1662
1662 177 918 1085 1724
112 767 1024
767 406 1906
1024 329 861 1820
113 187 351 1162 1267 1610 1656 1678 1758
187 117 1195 1279
351 654 715 1363 1785
1162 194 786 956 1340 1391 1631
1267 1808 1996
1610 1912
1656 831 1428 1531
1678 892 896 1803
1758 141 1463 1576
975 145 1697 1895
1055 1069 1320
115 1622
1622 800 890 1182 1263 1282 1332 1630 1751 1794 1852
116 1251 1454 1673 1893
1251 799 1360 1481 1794
1454 510 819 971 1508 1824
1673 658 1230 1654 1717 1788
1893 288 1091
117 270 800 1826
270 699 1885
800 320 1641
1826 415 665 971 1526
118 1413
1413 875
119 343 1062
343 322 762
1062 166
120 1771
1771 271 843
320 1526 1559
1489 573 1084
122 124 597 1828
124 863 941 1015 1191 1822
597 591 730 1409
1828 1675
123 150 448 545
150 353 534 1645 1675
448 276 353 513
545 344 916 1822
863 1506
941 589 682 1449
1015 232 564 827 867 1864
1191
1822 186 286 476 490 1259 1521
125 438 1708
438 510 979 1298 1322
1708 708 851
126 231 317 998
231 285 323 1059
317 1156 1524 1604
998 1142 1969
127 1924
1924 853 1172 1430 1611 1801
128 509 1580 1839
509 439 668 704 1825
1580 473 652 890 1750
1839
129
130
131 415
415 780 945 1092 1132 1683
132 142 217 917 1197 1711 1843
142 516 1082 1209 1844
217 928 1692
917 138 204 531 939 1422
1197 537 1788
1711 155 250 591 1003 1225 1628
1843 450 741 1476 1787 1990
133 1417
1417 198 248 516 1876
414 508 697 1234
1029 690 1639
1076 175 276 930 1208 1356
1537 1092 1933
135 373 1245 1959
373 579 1385 1532
1245 530 733 1432 1438
1959
234 467 780 991 1992
349 406 760 859 1361
852 329 691 808 1227
137 458 1113 1780
458 155 341 1090 1315 1595 1779 1965
1113 1081 1216 1703
1780 512 746 1018
138 322 727 1509
322 165 261 643 1495 1613 1685 1721
727 964
1509 154 338 725 858
139 331 731
331 457 532 886 1713
731 307 570 1455 1876 1930
140 185 822 1474 1703
185 890 1699
822 576 1059 1284
1474 1800 1850
1703 526 614 1376 1848
141 378 794 1553
378 668 1298 1348 1737
794 364 1117 1481 1636
1553 575 741 1443 1892
516 316 617
1082 491
1209 409 614 1176 1716
1844 316 855
245 1421
1315 838 1885
1948 175 1217
144 716 1333 1353
716 1830
1333 307 316 832 1054 1143 1254 1351 1525 1977
1353 424 460 1080
145 424 1672 1933
424 344 549 1307 1925
1672 508 566 1246 1510
1933 151 744 768
146 1167
1167 665 888 1660
147 1078
1078 297 647 1072
199 186 966
1876 819 1298 1508 1805
149 268 537 538 825 1693
268 267
537 175 342 580 1712
538 180 996 1858
825
1693 222
353 1173 1612
534 275 1754
1645 821 928 1252 1440
1675 499 843 912 1261 1919
151 799 858 1440
799 461 742 1053 1201 1362 1510 1849
858
1440 1295 1782
152 326 1320 1554 1623 1788
326 300 1080 1892
1320 1264
1554 573 1173 1558 1902
1623 462 958 1053 1709 1874 1971
1788 1339
153 210 771 838
210 1091 1756
771 1434
838 450
154 477 926 1224
477 795
926 1545
1224 881 953 1606 1655 1875
155 1695 1785
1695 836 1230
1785 619 786 1920
156 271 386 612 628 1033 1237
271 1682
386 843 1123 1303 1772
612 314
628 764 811 963 1228
1033 1401
1237
157 337 546 1698
337
546
1698 308 1127 1751 1829
273 885
369 469 813
1504 1064 1666 1983
1524 893
159 208 1539 1865
208 295
1539 569 988 1004 1969
1865 201 409
160
161 754
754 1387 1897
1348 661 1576
163 492 797
492 564
797 272 274 410 867 1657
164 853 1094 1381 1712
853 452 582 725 907 1391 1856
1094 1638 1737
1381 174 1261 1399 1563 1577
1712 593 940
165 267 1529 1598
267
1529 170 709 1414 1532 1993
1598 180 564 1347
166
167 611 736 1614
611 936 1086 1186 1644 1793
736 1008 1790
1614 1145 1850
168 1231 1497 1514 1546
1231 1018 1319 1773 1995
1497 175
1514 1351 1412 1886
1546 914 1023 1031 1268
467 300
1179 596 1892
1424 1172 1302 1732
1472
170 329 429 1274
329 591 697
429 345 1791 1897
1274 904 1215
171 410 428 457 806 1655 1962
410 332 1985
428 663 1324
457 336 1039 1136 1325 1993
806 206 528
1655 691 847
1962 827 864 1373 1639 1871
172 1658
1658 367 951 1720 1795
596
704 288 305 1138 1593
174 377 646 906 1194 1389 1613
377 420 798 923 1304
646 702 841 1470
906 823 827 1336 1490
1194 238 260 350 872 955
1389 1354 1852
1613 191 661
175 179 275 888 1663 1964
179 321 411 607 688 1236 1985
275 708 1031 1624 1918
888 1493 1680
1663 297 920 1900
1964 1606 1794 1954
176 710 1490 1808
710 1318
1490 240 1516
1808 1318
177 1639
1639 328 688 1319
178 1108 1373 1430
1108 484 1481
1373
1430 892 1931
321 198 417 1294 1988
411 1250 1305 1787
607 644 974 1285 1421 1518
688 567 742 919 985 1290 1714 1746 1811
1236
1985 1719
180 489 715 962
489 1445
715
962 1362 1441 1905
1910 421 1435
182 1438 1641
1438 886 1461 1587 1992
1641 1053 1850
183 451 453 808 990 1101
451
453 1043 1455 1697
808 272 506
990 623 1010
1101 397 1275 1607 1754
184 368 1176 1453 1604 1819
368
1176 735 1406
1453 1165 1297
1604 312 1657 1939
1819 834 886 959 1294 1811 1894
890 487 1661
1699 677 1059 1412 1414 1508 1783
186 787 1096 1807
787 665 742 1140
1096 251 726 1127
1807 294 946 1266 1954
1195 566 792 927 1473
1279 605 823 1385 1412 1824
188 1470 1868
1470 634 648 684 954 1550 1783 1823
1868 691 728 1674 1990
189 901 1767
901 418 813
1767 416 632 1461 1977
190
191 332 478 1272 1450
332 307 1701 1760
478 1452 1912
1272
1450 297 915 1010
192 570 633 1931
570 279
633 500 791 1143 1266 1368 1940
1931
944 227 619 1018 1548 1586 1917
1091
1732 422 1298 1774
194 300 1786 1823 1903
300 1254 1967
1786 723
1823 289 480
1903 1468 1586
195
196 277 1012 1631
277 532 645 1764
1012 734
1631 552 1783
197 281 539 565 1968
281 1498 1560
539 1399 1991
565 1640 1770
1968 950 1300 1376 1617 1845
198 1913 1954
1913 200 760 1804
1954 786 835 1052 1060 1849 1955
966 843 895 983
200 631 1228
631 699
1228 290 921 1680 1821 1905
201 700
700 455 517 1548
748 1169
1378 315 491 780
1541 437 1527
203 1544
1544 514 1448 1483
204 375 1969
375 1230
1969 264 1052
205 643 1406 1927
643 683 1409 1629 1685
1406 285 815
1927 312 652 939
206
207 651 1442
651 886 1151 1235 1260
1442 880 1447 1642 1930
295 1058 1435 1476 1638
209 348 1328
348 873 1616 1666 1995
1328 1332 1682 1700 1963
1756 1147 1235
211 1428
1428 743 1719 1755
212 1842
1842
213 1153 1340 1657
1153 219 918
1340 1003
1657
214 333 876 1063 1582
333 370 819 1790
876 805
1063 848 1568 1996
1582 497 1291
215 325 1222
325 540
1222 1072 1676 1894
216 658
658 376 985 1935 1992
928 454 902 1330 1521 1747
1692 868 1764
218 823
823 475 1001 1436
219 540 1053 1520
540 323 1248 1532 1561
1053 1100
1520 400 1128
1174 1129
1935 471 556 885 1783 1847
221 484
484 1242
222 566 598 1102
566 653 1382
598 684 1697
1102 1437 1493
223 1829
1829 366 455 1390 1688 1966 1999
224 240 1543
240 1908
1543 1456 1774 1900
421 422 455
875 1493
1795 385 1510
1624 274 379
227 907 921 972 1318 1766
907 955 1072 1254
921 436 1086 1560
972
1318 418 660 812 1297 1558 1872
1766 618 737 903 1061 1095 1723 1889
228 1311
1311 1109 1967
441 380 1926
812 711 1057 1060
632 701 1124 1630 1799
1117 895 1738
1559 761 1738
1612 1013 1706 1736
1742 893
1824 668
1858 302
285 575 1085 1352
323 1364 1777
1059 1781
232 505 552 738 1462 1605
505 1287 1483
552 1390 1637
738 711 1221
1462 1628
1605 746 1303 1895
233 446
446 1089 1628
780 919 1136 1276 1853
991
1992 786
306 1313
973
237 436 1268 1700
436 919 1465 1476
1268 1465 1549
1700 573 854
238 977 1463 1525 1988
977 760 1054 1483 1710
1463 1391 1775
1525 1991
1988 456 615 903 1019
239 729
729 1499 1889
1908 740 1408 1966
801 829 1404
910 482 985 1632
1388 385
1551 527 1534
242 456 1136 1204 1420 1590
456 1517 1925
1136 615 1404 1484 1618
1204
1420 1190 1591
1590 697 1575
960 642 854 1717
1736 1069 1838
1870 387 1196 1425 1690
364 639
955 842
1634 653 1841 1983
1900 965 1241 1794
1421 357 501 872 1799 1936
1725 248 993
1760 1109
1859 709 757 899
248 1578 1790
1578 313 1884
1790 648
249 687 1938
687 650 654
1938 1283
250 291 354
291 278 711 1570 1774
354 496 501 1577
251 263
263 1864
252 404 841 1001
404 297 543 1090 1556
841
1001 1216
1683 549 1319 1866
1350
1458 1242
255
256 339 1392
339
1392 702
257 488 1917
488 1729 1902
1917 1023
676 827 1715
259 553 1313 1335 1883
553 563 1549
1313 1493
1335 437 1446
1883 476 677 896 988 1584
260 496 608 956 1090 1784
496
608 664 708 1447 1950
956 1764
1090 1943
1784 288 532
261 849 1255 1799
849
1255 720 929 1151 1295 1772
1799 1772 1838
262 675 1363 1376
675 619 1461 1691
1363 674 1358
1376 958 1995
1864 1534 1791
264 723 1294
723
1294 911 994
265
266
278 1045
699
1885 1182 1326 1351 1686
1682 873 1905
272 1280 1448 1685
1280 1993
1448
1685
885 355 416 1232 1599
274 330 1939
330 561 1813
1939 1443
708 362 1039 1085 1250 1496 1628
1031 535 1038 1972
1918 1416 1461
276
532 614
645 1919
1764
1045
279 786
786 1772
280 1292
1292
1498 836
1560 637 985
662 590
936 355 1575
1048 1151 1211 1508 1552
1979 500
416 1290 1774
1271 819 1121 1473 1789
1768 1990
284 586 946 1129
586 1955
946 791 1064 1548
1129 569 1184 1390
575 374 1710 1889
1085 432
1352 547
286
392 682 686 1526
288 1341 1386
1341 635 1075
1386 1002
289 1149
1149 702
290 589 873 898 963 1506
589 764 1002 1131
873
898 970 1394
963
1506
711
1570 409 734
1774
292 544
544 569 582 1054 1369 1643 1801
294 1851
1851 829 1762 1814 1973
1058 1143 1246
1435 996
1476 1572
1638 650 1832
297 526 1549 1911
526 994
1549 336 514
1911 914
298 836
836
299 1035
1035 1405
1254 813
1967 691 1411
301 1290 1963
1290 984 1946
1963
302 393
393 866 1289 1723
981 983 1995
1044 702 730 1092 1250
1436
304
305
307 1880
1880 1599
308 861 1569
861 433 1154
1569 644 1944
309 1151
1151 1595 1825
310 1023 1185
1023 625
1185 432 845 1804
1904 1434
312 1836
1836
313 403 785 1018 1156
403 412 1277
785 443
1018 765 1330
1156 350 1434
314 1229
1229 1344 1355
315 1936
1936 585 722 911 1223
316 479 557 1186 1617
479 1874
557 638 1220 1379 1793 1960
1186 1092
1617
1681 1750
528
795 1382
1526 437 725 1702 1747 1896
417 560 916 1061 1205 1252
1495 342 391 831 1615
1721 1131 1171 1930
1364 1513 1847
1777
324 1347
1347 864
1080 683 1038 1295 1475 1607
1892 376 604 1241 1278
327
328 1206 1534
1206 480 1729
1534 493 815
591 895 1616
697 506 1322 1329 1803
561 819 1325
1813 1259
886 679 896 1628
1713 1702 1861
1701 419 554 1338 1575
370 701 1433
819 335 580 1466 1783
334 407 469 1173 1248
407 1611
469 400 629 937 1227
1173
1248
335 1276
1276 790 1439 1906
336 358 1587
358
1587 1304 1606 1755 1809
338
1106 783
341 384
384
342 1747
1747 594 1668
762 1460 1772
344 357 491 677 918 992 1852
357 954 1334 1977
491 674 1142 1920
677 945
918 431
992 1991
1852 1971
345 742 1172 1724
742 668 725
1172 814 903 945 1299 1473 1646
1724
1545
541 862
1654
1616 713
1666 394 844
1995
406 765 1439 1603
760 593 783
859 549 573 919 1064 1165
1361 1574 1640
350 1297 1399 1479 1735 1782
1297 1941
1399 549 1765 1896
1479 1486
1735 1423 1982
1782 382
654 1521
1258 1016 1042 1298 1972
1789 763
501 1121
1577
355 904
904 1561
356 1345 1943
1345 1650
1943
954 864 1651
1334 1592 1629 1745
1977 1704
359 895 1057
895 465 1298
1057 1132 1325
360
362 674 1124 1377 1860
674
1124 713 833 1366 1394
1377 640 1142
1860 1246 1484 1556
1021 1265 1355 1418
639 462 1223 1527 1669
365 916 1781
916 624 897 1607
1781
366 1200
1200 668 1592
367
813
701 902
1433 515 1137
1241 379 922 1583
1530 1304 1521 1915
372 974 1990
974 1122 1460
1990 864 1242 1820
579 513
1385 1087 1401
1532 1196
374 1797 1809
1797 1342
1809 1919
1230
376
420 530 1158
798
923 1247
1304
668 423
1298
1737 590 1538 1854
379 1535
1535 945
380 580
580 1032
381 1295
1295 1301
382 503 952 1941
503 432 937
952 1116 1263 1688
1941 759 1437 1531 1584 1955 1983
383
385
843 445
1123 1216 1261 1594
1303
1772
387 1533 1802 1901
1533 1709 1748
1802 1402
1901 866 1394
1973 483 1382
1653 648 1338
391 1095 1213 1360 1601 1861
1095
1213 837 1065 1086
1360 622 1745
1601 475 1218 1336 1343 1380
1861 465 1032
682
686
866 593 1239 1339
1289
1723 947 1368 1648 1834
394
395 945 1806
945 679
1806 1491
815 664
1877 892
397 1152 1193
1152 530 1879
1193 560
1919 1006 1816
1982 486 1751
399 513 779 1783
513 1800
779 1649
1783 734 749
400 1282 1787
1282 745 1981
1787
401
1225 1109 1257 1443
1412
412 751 1778
1277 1169 1460
543 1405
1556 636 664
405 1235 1746
1235 1687 1912
1746 1434
765 768 1064 1379 1676
1439
1603 1716 1812
1611 1071 1223 1730
1592 483 1637 1748
1925 1187
409 1426
1426 982 1072 1642
1250 1583 1677
1305 894
751 660 1697
1778 1332
413 573
573 1366 1481
508 431 912 1606
1234 1689
1092
1132
560 730 740
1061
1205 1138
1252 1516
418 636
636
419 564 1203 1210
564
1203 1409
1210 482 964 1993
530
1158 891
422 1960
455
1960 874
423 1391
1391 1052
549 1459
1307 431 1881
425
426 940
940
971 615 629 1146 1322
1651 471 1850
663 758
1324 1691
1791 1081
1897
430 1596
1596
431 1227
1227 737 1415 1983
432 1342
1342 959
433 617 734 1330 1419 1997
617
734 1779 1830
1330 1547
1419
1997 821 899 1068
1481
435 829 1118 1264
829 1064
1118 1011 1180
1264 1309
919
1465 709 1025
437 939
939 1714
510
979 1615
1322
439
834 757 1599
1926 899 1849
483
1518 855 1949
1814 1147
443 882 1840
882 930 1779
1840 913 1221 1697
1013 791 1499 1909
445 1182 1491
1182 515
1491 1208
1089 1486 1563 1821
1628 1467
450 1414
1414 1538
452 896 1493 1970
896 1287
1493 768 855 1266 1482
1970 768
1043 908
1455 1574
1697 462 1068
454 713 1792
713 630 1257
1792 1128 1755
1517
1039 634 1648
1325 1382 1757
1993 1680
1595 1100 1796
1779 1344
1965 559 1269
927 894 1607
460 576 1114 1902
576 1026
1114 1505
1902 500 722
461
462
961 905
585 1165 1815 1944
1676 1180 1866 1915
465 1122 1930
1122
1930 1523
466
468 1069
1069 1368 1594
629 514 1702
937 1981
470 905
905 752
471 593 660
593
660 1262
472 1915
1915
473
474 1946
1946 569 1643
475 1704
1704 707
476 1120
1120 811
1452 943 1687
1912
1874 1242
480
481
482 1744
1744 857 1818
1242 1738
903 1838
486 1065 1408
1065 1460 1574 1640 1984
1408 1146 1246 1643 1688
487 810 1187 1636 1763
810 1608
1187 702
1636
1763 1850
1729 1856
1445 737 909
490
1142 995
1920
493 1769
1769 1871 1932
494
1441
497 1125 1217 1407
1125
1217
1407 1796
498 604
604
499 1032 1552
1032 671 1285
1552 1147
500 1332
1332
1121 556 1286
1947
555
671
1287
1483 1038 1762
506 691
691
912 737
1606 1351 1879
1825 924 986 1390 1568
512
1800
514 1818
1818 872 913 914
515
517
1627
1646 678
520
521 1284
1284
522 837
837 959 1478 1527
523
524 1232 1705
1232
1705 705
622 842 1432 1841
725
914 625 1180
1008
1144 943
994
527 793 1081 1856
793 1375
1081
1856 1521
735
531 627 1075 1841
627
1075 722 1510
1841 732
614 718
533 1351
1351 874
1754
535 1726
1726 1219
881 648
930
996
1991 1369 1484
1561 650 1921
862
1405
569 791 1688
582
1054 1131 1166 1473
1369 1382 1650
1643 1437 1461 1694
1801 880 1183 1804
547
1459 1134 1283 1380
995 1387
1390 782
1637 1750 1882
563
554 1706
1706
556 625 965
625 599
965 1998
638 1502
1220 1659
1379
1793 1403
558 623
623
559 860 1550 1720
860 964 1830
1550 588 1042
1720 1854
730 1261
740
761 1395 1709
820 683 915 1146
1640 1285 1461
1770 1285
653 759 959 985
1382 1266
567
1710 1219
791 897 1344 1387
1688 1547
571 1262 1418 1996
1262 969
1418 845
1996
1366 1387 1879
1889 743
1026
578
581 1260
1260
630 857 1691
1575
1765 1215
1165
1815 821 1343
1944 1905
1955 784
587 693
693 1599
588
764
1002 1523
1131
590
592
594
595
1409
684 1909
599
887
1690
603 605 750
605 1358 1848
750 1253 1460
1358 847
1848 783 1558
606
644 1741
1285 1394 1950
664
1447 967
1950 694 741
1086 1629 1872
1644 1677
718
615 1052
1052 1216
1100 1411 1716
1471 811
1932 1003 1866
618 1275 1467
1275
1467 1084
619 1099
1099
620
842 707 1571 1648
1432
624
1923
1949
811
1702
857 968 1087 1198
1691
1630
1143
1266 689
1368 1896
1940
634
635 821
821
637
1502 1154
1223 1443
1527 1717
1669
640
641 1805
1805 1574 1850
642
683
1629
1741 1759
702
647 1150
1150
648 737
737 1597 1738
650 1584
1584 726
652 1508 1661 1680
1508
1661 1875
1680 1010 1422
759
959 868
985
1521
655 947
947 1109
656 1265
1265 1434
657 1466 1618
1466 1730 1907
1618 752
659
661 1548
1548 1593
758
665 1331
1331
667 1087 1278
1087
1278 855 1170
1811
1006 790 1362 1881
1461
827 1505 1834
1715 1356
678 1212 1317
1212
1317
679 1071
1071 1140
680 1468 1599
1468 1299 1380
1599
1909
685 1558
1558 1180
1714 1154 1314 1480
689 1456 1660
1456
1660
690 722
722 1891
694
1395 826
1362 1343
1329
1803
868 1201
897 1906
902 1921
1138
1593
705
707
1496
709 1157 1730
1157
1730
712 986 1180
986
1180
1257
925 894 1750
1830 1882
1387
792
1146
1425 1460
1571
1757 1404
720
721
1891 1538 1762
726 1208 1416
1208
1416
964
728
1499
1261
732
733 783
783
1597
1738
1221 1050 1510 1921
741 1134 1480 1821
1134
1480 1882
1821
743
744
745
746 1166 1579 1850
1166
1579
1850
1170
1169 1845
749 1214
1214 1256
1253 1794 1832
1460
752
753
755
757
1709 1937
763 892
892 1064
768
1064
1906 1717
1434 1401
1184
773
774 1812
1812
775
777
778 1372
1372 1437 1642
1649 1256 1523
1853 1038 1719
1881 1263
782
784 816 1632
816 830
1632
1140 1446
1615 802
1884
1443
790
1344
1375
1755
867 920 1648
1201
1510
1849
1404
802
1394
805
1523
1816 851 1516
809
1608
1060
814
830
855
1451 845
818 1326
1326
915 847
826
1505
1834 1244
828
831
832 1879
1879
833
835 929 1983
929 988
1983
1478
839
1648
844
845
847
848 1211 1283
1211 1319
1283
851
854
968
1198
1154 1011
864
1239
1339
920
1336 1719
872
874 1423
1423 880
880 1215
1215 1956
889
891
893 1192
1192
894
970
899 1751 1882
1751 1572 1686
1882 950
1921 1437
1838
1072 1794
908
909
911 1914
1914
913
1607
1422 1403
922
1247
924
1750
988
1354
1286 1971
1934
1981
1449
943
1586
1109
950
951
1116
1263
953
1591 1190
958
1717
1905
1998
983
967
969
1895 1896
1016
1415
982
984
1010
993 1572
1572
1216
1003 1004
1004
1484
1011
1014
1019
1355
1820
1025 1281
1281
1745
1687
1038
1972 1127
1401
1875
1042
1650 1719
1866
1050
1473
1246
1568
1574
1984
1068 1625
1625
1594
1794
1097
1356
1077
1475
1084
1872 1538
1486
1563
1127
1411
1716
1437
1110
1119 1576
1576
1128 1642
1642
1626
1137
1446 1896
1145
1147
1155
1740
1845
1171
1299
1183
1804
1190
1196
1319
1256
1956
1218
1219
1659
1894
1773
1233 1989
1989
1689
1719
1583
1244
1677
1516
1832
1259
1309
1269 1686
1686 1302
1273
1971
1291
1301
1300
1302
1314
1986
1945
1547
1338
1343 1951
1951
1357
1513
1847
1896
1374
1380
1402
1403
1796
1538
1775
1907
1469
1477
1482
1762
1886
1531
1748
1621
1694
1667 1854
1854
1668
1674
1707
1937
1759
1753
1871
1810
1966
1999
1846
1994
