0 21 39 136 188 197 621 674 753 810 965 967
21 138 158 193 221 276 304 314 338 342 384 394 442 475 508 558 573 584 645 723 739 901
39 72 139 148 273 316 356 513 545 578 632 723 742 817 864 897 900 919 971 975
136 184 187 193 195 228 288 310 354 358 408 427 473 532 696 746 798 810 953
188 58 102 113 135 164 196 268 310 420 462 539 681 699 878 958
197 41 165 264 300 427 509 558 656 689 697 719 744 762 786 899
621 114 210 328 398 431 443 529 604 673
674 25 49 97 150 179 189 203 270 332 377 420 452 596 628 640 667 708 744 755 772 784 922 941 965
753 83 172 173 252 283 339 346 456 483 618 664 686 859
810 27 150 155 202 351 418 424 438 442 490 492 507 518 592 885 896 919
965 58 72 340 341 448 607 731 746 791 825 830 862
967 143 242 332 364 415 476 521 676 905 934 941 973
1 27 76 129 238 295 305 365 427 460 472 482 711 773 788 866 952
27 92 107 238 265 282 409 686 743 811 915 989
76 9 49 254 260 448 520 541 576 622 648 666 680 815 958
129 52 62 72 198 254 265 297 371 374 407 459 549 584 591 663 795 993
238 4 148 312 319 422 424 654 698 720 818 919 926 951
295 60 117 149 170 216 244 251 288 312 322 348 359 488 490 520 526 576 612 632 809 858
305 63 72 87 173 194 202 471 495 595 626 627 642 656 679 699 703 733 875 898 923 979
365 9 143 263 445 570 583 704 863 870 871 897
427 9 70 86 89 237 239 245 290 351 464 476 639 649 666 709 716 741 742 802 842 867 924 941 966 999
460 10 86 151 193 331 332 495 499 682 709 724 756 770 858 860 862 870 871 873 945 954
472 8 103 252 279 380 434 455 496 538 659 706 731 784 806 863 980
482 70 140 218 324 348 356 413 527 589 608 625 673 694 723 755 771 842
711 89 175 205 215 296 323 390 440 446 485 579 587 624 656 758 863 887 925 977 993 996
773 71 161 215 267 393 471 480 508 601 627 649 664 714 759 805 818 886 898 950 981
788 18 46 109 159 203 311 420 474 678 719 774 805 956 992
866 24 41 67 124 194 375 439 498 572 695 714 726 914 980
952 34 37 131 306 481 590 680 859 892 901 970
2 5 107 164 203 214 228 264 304 314 449 725 740 747 757 979
5 70 94 218 221 505 516 813 871 886
107 3 108 120 134 154 166 193 215 250 278 478 717 789 956 978
164 149 225 231 255 358 368 498 604 616 691 705 834 844 943
203 10 28 70 241 281 299 398 425 441 473 478 605 698 713 734 742 807
214 37 61 81 98 104 150 234 240 328 404 451 526 529 606 855 875 994
228 20 120 155 219 222 269 276 404 422 490 498 623 629 654 684 689 712 748 795 870 893 900 954 963 969 997
264 4 35 155 250 285 378 445 549 586 607 609 641 657 813 890 985
304 25 34 61 142 148 312 357 392 555 596 629 642 780 816 824 912
314 66 68 70 269 302 346 371 409 547 657 742 770 850 867 890 984
449 3 71 137 180 221 288 367 396 458 496 538 754 756 780 784 947
725 26 35 97 177 221 255 353 367 454 513 527 549 604 665 671 676 683 735 771 869 877 940
740 176 296 375 544 606 685 752 853 924 938 984 992
747 137 172 231 243 253 258 260 370 378 429 713 734 771 778 817 856 940 982
757 33 109 122 140 162 274 438 440 467 623 641 678 689 769 777 863 924 956 959 968 974
979 7 93 308 321 369 379 382 390 431 469 531 547 575 577 578 751 759 820 971
3 56 94 246 301 328 337 360 381 392 497 517 550 697 708 805 857 907 920 946 975 998
56 59 71 134 226 321 496 520 585 664 746 762 912
94 38 92 97 128 226 258 297 306 409 496 539 688 962 970
246 12 212 255 410 585 776 837
301 160 280 362 413 435 441 464 467 494 538 600 667 748 760 808 812 953
328 24 29 30 53 147 226 236 272 277 311 385 421 442 479 610 622 696 718 839 933 944 987
337 34 45 78 145 159 174 195 279 324 391 407 488 495 534 560
360 28 53 183 209 210 233 318 488 611 616 641 658 731 763 768 778 824 876
381 40 42 63 70 167 175 361 577 582 742 876 920 932 942 958 974
392 113 253 455 467 512 620 632 647 779 834 989
497 4 40 309 316 352 455 481 532 553 590 592 676 790 860 955 970 999
517 127 142 187 217 418 498 531 535 609 684 690
550 59 81 120 159 172 178 213 284 333 338 377 424 478 590 685 714 723 969 975 984
697 60 131 204 257 280 285 293 554 585 728 736 879 904
708 51 290 296 391 448 500 552 560 585 613 730 746 828 853 870 915 927 928 941
805 25 93 201 206 210 226 292 426 542 551 559 593 642 790 811 843 854 863 875
857 35 72 85 92 206 213 241 411 418 530 565 588 620 688 724 782 802 847 856
907 25 87 171 325 387 435 643 700 793
920 95 114 317 356 417 418 487 656 696 781 925 927
946 53 85 232 290 357 454 471 520 642 646 678 887
975 24 92 139 140 234 489 581 789 804 836 851 986
998 6 186 277 331 560 666 891 894 915 923 942 957 991 995
4 17 117 215 407 413 469 499 552 676 691 828 970
17 144 160 251 326 387 398 566 594 614 655 770 796 822 900
117 273 296 297 386 400 442 503 522 539 570 571 628 659 678 867 919
215 111 151 296 414 667 766 776 800 816 895
407 73 142 207 263 307 389 391 527 530 549 585 589 660 661 701 704 730 776 789 851 854 883 893 918 930 936 938 939 953 972
413 37 113 178 229 510 542 610 691 909 958 994
469 42 151 161 184 221 260 277 435 452 462 563 591 611 640 745 777
499 37 250 338 656 660 702 756 851 895 928 995
552 29 53 74 112 177 286 321 391 554 704 739 776 796 919 947 960
676 155 191 202 248 332 464 538 543 551 582 677 696 831 854 860 921 932
691 41 79 132 170 182 225 250 312 539 611 663 719 844 911
828 28 105 142 209 224 279 329 356 434 471 553 577 656 867 877 880 976
970 24 194 329 377 452 454 473 533 702 781 881 938
70 28 59 88 103 116 201 204 218 254 283 310 346 354 405 426 468 486 493 523 833 842 892 927
218 31 255 271 339 340 344 421 615 705 713 809
221 20 154 195 202 206 296 344 355 416 514 553 685 792
505 57 84 106 121 175 257 307 354 463 627 630 645 722 739 759 813 956
516 44 60 72 168 206 277 372 661 742 745 759 825 895 924 999
813 115 274 277 358 484 635 712 815
871 26 121 222 411 598 639 656 666 806 894
886 98 125 163 175 237 321 347 380 498 527 611 615 628 704 705 741 777 910 921 964
6 156 168 184 294 312 323 423 431 620 641 824 829 964
156 28 65 119 182 191 372 377 462 527 551 596 719 797 977 978 986
168 24 99 163 245 266 446 544 551 595 643 649 657 704 738 859 880 896 945
184 50 62 128 223 243 254 262 325 446 522 586 694 760 797 803 931 951
294 67 158 193 250 383 430 520 526 668 868 882 912 955 990
312 57 60 151 208 298 363 525 718 776 779 821 844 894 961
323 20 111 170 211 321 335 344 533 571 592 597 617 668 999
423 12 190 211 216 406 419 723 822 895 960
431 13 172 274 281 293 317 322 441 444 586 587 651 668 824 929 943
620 18 45 54 297 311 462 467 470 569 807 816 865 926 948
641 69 72 154 158 302 379 387 682 916 940
824 14 22 50 59 85 204 348 354 403 498 592 727 794 845 921 931 949
829 47 87 226 236 245 306 368 476 646 672 685 713 758 783 858 977
964 67 77 191 348 400 468 551 668 716 771 796 852
7 61 151 194 211 268 269 498 664 686 760 843 851 861
61 47 71 81 174 204 306 339 451 502 548 637 657 754 774 862
151 25 68 144 159 161 283 375 417 532 675 761 774 804
194 72 252 255 354 372 543 612 655 721 728 855
211 19 67 96 106 247 343 356 457 528 682 726 776 800 900 903 950
268 103 114 163 232 236 308 587 619 683 762 818 960
269 88 146 201 240 309 347 356 410 454 510 515 648 650 872 939 949
498 44 73 112 133 208 232 281 382 406 474 512 538 562 762 790
664 11 60 79 96 98 119 143 231 243 263 265 317 414 489 500 568 632 703 769 808 933
686 48 155 179 225 283 296 415 419 439 508 522 546 549 563 635 727 837 885 917
760 12 219 266 300 440 630 925
843 30 64 260 291 310 396 401 434 458 527 786 798 989
851 36 45 72 86 124 165 361 418 442 450 488 489 758 818 895 941 955
861 29 85 121 487 688 771 889 913
8 38 144 386 440 628 654 718 722 739 748 850 852
38 71 111 240 243 284 338 344 353 379 411 555 592 594 659 737 743 756 782 804 832 893
144 9 13 55 120 244 311 331 355 466 480 577 631 784 787 891 901 955
386 178 284 296 331 343 378 444 467 902 963
440 18 37 46 202 325 367 478 488 955
628 13 60 75 247 253 409 435 495 539 562 663 782 850 873 948 992
654 73 90 140 244 318 372 554 868
718 45 92 119 208 234 289 318 479 507 638 642 645 661 690 701 752 762 771 844 943 980 994
722 85 102 116 140 167 189 213 234 241 333 397 525 598 688 969
739 9 64 133 245 321 327 341 414 495 518 539 576 605 632 735 737 785
748 88 149 200 244 286 297 331 345 355 448 539 581 802 815 869 936 949
850 15 22 24 200 318 536 656 776 803 887 902 914 923 939
852 29 80 98 180 182 189 251 255 367 401 554 626 634 665 692 704 763 867 895
9 371 379 443 459 589 617 775 789 791 794 863 906
371 42 451 558 586 684 752 882 911
379 31 163 187 236 248 343 353 356 430 481 539 589 635 800 830 858 896 999
443 16 254 284 361 659 840 876 878 928 993
459 10 284 316 525 626 714 732 756 765 789 893 939 961
589 74 377 388 406 610 623 990
617 47 71 115 148 158 167 170 245 271 285 368 414 465 563 590 673 727 746 821 830 963
775 16 42 98 153 170 208 263 277 347 400 414 559 576 600 608 659 983
789 29 199 307 346 370 470 524 634 663 671 780 811 826 836 924
791 62 85 132 175 181 324 333 534 546 619 634 717 742 778 912 921
794 18 60 148 162 231 291 366 383 452 542 576 682 833 987
863 18 36 135 172 351 462 501 558 600 679 776 941
906 35 37 47 75 159 289 342 410 508 510 566 703 746 853 891 933
10 72 181 313 473 475 537 558 719 721 758 809 945
72 41 106 150 257 262 281 318 393 544 558 629 657 730 764 772 819 853 867 988
181 12 120 201 236 319 343 362 477 535 568 633 647 709 776
313 33 163 245 326 329 359 394 502 532 595 603 650 657 730
473 60 111 201 270 339 500 592 608 615 634 670 816 860 987
475 165 179 265 307 338 464 488 521 607 626 835 859 926 937
537 123 419 422 445 450 495 554 562 565 658 692 781 783 902 974
558 19 66 112 132 178 253 362 378 384 468 576 590 683 723 923 954 986 994
719 53 139 191 192 275 387 564 577 755 793 859 974
721 45 60 229 292 351 520 634 801 955
758 22 121 122 300 309 321 326 432 470 647 714 742 761 795 868 929
809 300 309 411 613 629 672 709 779 832 901
945 51 78 91 178 199 207 281 298 359 453 556 573 644 662 681 856 926
11 162 404 557 575 682 743 801
162 16 103 195 234 387 397 474 500 915 924 972
404 28 91 96 310 335 351 433 508 670 709 735 911 934 956
557 16 120 173 179 213 253 274 279 368 391 534 582 596 651 928
575 35 89 204 208 222 317 480 496 578 623 684 707 734 903 914
682 32 93 212 393 528 556 570 637 882 884 905 955 966
743 24 120 231 429 437 444 452 507 608 639 888 896 917 936
801 59 82 108 308 311 435 436 714 737 765 766 771 807 832 853 854
12 19 112 153 239 251 271 396 454 510 671 695 723 837
19 134 388 601 614 637 736 950
112 16 42 58 224 251 259 277 324 345 364 519 529 609 618 811 880
153 106 273 359 405 772 786 849 896 956 989 992
239 116 198 233 300 485 492 496 580 629 798 814 878 900 935 936 948
251 176 177 273 484 598 859 961
271 160 183 209 248 390 395 410 419 626 649 778 900 934
396 131 236 296 393 479 487 488 567 724 897
454 133 296 399 417 456 487 519 540 588 669 701 717 724 923
510 131 175 276 329 345 369 506 607 710 784 814
671 32 59 286 390 456 592 626 680 696 703 752 930
695 15 16 41 57 141 186 280 353 415 456 487 520 572 679 727 787 798 821 839 878 963
723 18 24 84 163 253 256 270 281 289 309 338 344 354 489 503 713 845 950
837 126 143 145 279 375 420 436 442 514 594 607 672 985
13 30 40 82 110 195 403 542 636 646 832 839 904 960
30 44 50 135 152 167 174 234 356 496
40 347 358 452 491 600 675 677 918
82 376 539 554 619 684 803 835
110 118 141 175 270 273 325 374 492 503 811 827 868
195 209 224 226 261 370 533 667 672 935 971
403 81 249 292 348 430 481 504 527 541 812 835 846
542 15 37 96 118 232 296 299 331 363 491 521 581 754 803 867 877
636 104 167 174 190 254 287 315 481 519 553 581 650 667 741 777 825 858 862 904 908 974
646 59 65 84 99 126 141 152 286 359 397 520 587 604 635 703 750 772 812
832 63 150 157 175 276 327 333 452 648 672 677 767 795 806
839 139 222 224 343 348 483 513 571 576 702 755 777 786 846 937
904 49 57 178 282 391 448 519 672 806 914 938 959 978
960 54 192 384 426 480 484 495 579 616 963
14 146 209 259 266 352 362 390 400 415 581 847 875 902
146 81 83 85 123 126 137 192 241 278 436 455 481 603 786 880 953
209 331 477 687 787 888 924 981
259 186 369 372 385 420 579 652 680 690 705 706 774 777 778 983
266 51 307 326 354 478 694 769 819 909 925 943 962
352 16 26 49 69 132 147 223 232 450 541 573 876 895
362 118 137 336 502 553 777 790 923 978
390 18 49 134 198 247 339 353 425 468 500 606 665 770 823 939 943 955
400 46 47 232 326 335 367 429 468 555 561 573 588 593 635 677 705 798 881 916 944
415 57 73 120 135 230 277 375 402 474 496 605 626 771 976 997
581 23 33 54 159 166 207 428 442 458 484 580 608 647 733 882 901
847 59 122 178 193 199 257 283 321 382 393 441 450 453 507 750 961
875 58 99 330 342 353 354 430 741 891
902 52 78 134 236 345 366 455 836 845 901 954 988
15 83 182 187 363 411 433 726 816 834 950
83 88 245 418 419 463 672 919 954
182 36 207 224 343 378 388 411 491 493 562 587 624 634 700 732 922
187 37 225 252 267 310 428 438 486 495 541 543 600 655 698 814
363 171 212 325 434 453 483 494 528 677 823 888 916
411 243 361 578 649 675 736 744
433 104 139 189 229 248 296 382 501 574 770 783 865
726 41 78 87 118 223 245 336 366 397 882
816 87 99 169 441 463 486 525 571 579 586 685 687 700 715 780 790 882 896 918
834 49 200 231 242 265 293 345 524 672 784 890 994
950 42 81 103 115 422 425 483 622 687 764 766 800
16 51 84 147 226 334 453 496 607 693 756 840 884 890 939
51 59 120 145 150 169 378 435 496 500 529 735 797 822 877
84 53 116 339 353 544 545 548 563 583 594 633 751 764 774 811 895 925 936
147 135 306 341 357 377 409 451 534 596 645 677 685 704
226 159 207 272 287 355 377 543 781 899
334 104 111 250 253 333 477 483 486 500 543 568 580 993 999
453 253 291 307 701 716 818 858 859 987 988
496 148 155 234 265 293 406 424 750 752 787 860 887 959 972 982
607 68 150 651 679 738 812 966
693 101 303 387 727 815 821 888 954
756 149 176 206 244 470 717 822 985
840 33 54 90 139 310 350 376 595 795 884 899 993
884 36 145 223 253 437 533 604 715 818 830 944
890 31 53 145 346 389 506 546 891 956 973
939 98 216 249 255 267 274 436 461 464 622 815 849
160 50 85 118 142 173 262 326 606 635 669 943 954 961 990
326 141 204 344 359 397 535 555 894 918
387 24 45 230 237 350 399 602 643 729 734 798 865 916 978
398 68 199 272 416 445 515 541 602 618 699 802 811 918 923 955 999
566 190 296 359 378 567 582 798 930 999
594 65 98 439 509 536 737 762 774 937
614 63 108 114 233 408 488 591 754 825 954 974 995
655 79 212 320 351 368 528 630 632 715 858 868
770 44 48 58 80 113 157 219 225 253 385 445 471 611 667 694 821
796 37 101 261 435 439 445 615 690 930 955 972
822 120 176 177 231 233 241 248 270 332 462 470 476 541 602 702 931 947 978 980 985 987
900 57 201 258 330 389 421 492 570 590 687 781 800 854 899 922 926 936
18 101 106 139 448 500 509 541 555 618 629 706 745 790 819 823 893 959
101 75 191 320 525 578 593 597 630 710 895 908 914
106 131 140 186 279 289 298 490 524 556 571 577 619 716 867 910
139 46 123 241 383 408 418 456 526 546 623 737 767 836 893 910 984
448 37 47 273 329 369 436 466 573 596 630 639 713 924 974 977
500 356 364 410 432 618 627 844 859
509 52 69 120 124 236 394 424 429 563 602 781 845 853 997
541 123 167 171 241 249 333 426 474 486 513 586 633 659 733 821 862 974 991
555 45 49 165 263 277 296 330 342 553 567 688 706 724 746 842 887 959
618 150 219 315 409 490 585 590 754 803 864 899 918 921
629 372 377 486 568 582 856 928
706 42 81 207 213 289 368 455 511 633 710 803
745 216 298 432 681 727 741 823 927 992
790 33 131 208 285 491 511 733 772
819 90 341 350 429 578 746 776 909
823 65 77 92 192 356 399 484 525 593 751 802 887 977
893 115 230 265 281 353 425 426 567 573 600 687 717 799 881 901 905 954
959 48 53 108 200 233 357 489 527 615 698 709
134 130 145 286 291 476 690 736 795 853 864 894 917 989 990
388 46 50 103 237 299 361 366 447 456 528 683
601 199 202 476 488 544 597 610 633 678 845 898 983 985
637 69 113 343 377 399 530 592 608 609 685 707 831 993
736 141 236 255 270 281 285 318 356 376 442 455 563 669 692 833 879
20 405 768 783 793 825 835 870
405 66 71 93 95 177 210 213 248 288 297 485 522 590 630 642 690 742
768 135 142 240 244 245 293 331 332 412 503 675 728 751 846 941 982
783 113 148 364 452 485 535 544 598 600 619 951
793 155 374 414 458 503 568 634 911 949
825 53 98 232 243 324 406 457 666 698 776 802 845 915 934 976
835 50 81 138 140 254 361 366 425 474 476 487 503 571 679 746 772 785 903
870 53 73 149 224 267 414 450 563 795 854 865 924
138 339 556 585 604 663 728 738 785 842 874 983 999
158 200 249 263 564 666 720 792 966 999
193 32 289 333 368 540 543 545 634 679
276 241 322 332 355 419 533 577 650 667 833 846 903 933 942 966 987
338 67 108 140 171 247 267 275 290 315 420 504 533 535 544 545 574 612 639 657 681 848 937
342 34 43 351 523 546 610 800 891 922 934 963
384 89 132 256 325 343 754 767 953 982
394 49 210 217 261 306 522 532 593 630 709 755 923
442 96 118 185 232 278 372 513 742 776 831
508 97 219 317 349 494 562 656 720 781 944 961
573 78 97 382 417 422 430 486 549 567 716 911 943 983 992
584 35 46 52 159 254 298 451 461 593 844 909
645 163 166 249 303 341 491 774 864 897 909 915
901 95 124 344 395 465 759 771 820 830 872 877 885 930 932 933 977 983
22 28 57 127 161 176 406 435 486 523 529 619 661 759 763 862 898 995
28 31 59 74 205 368 512 520 626 627 663 694 699 817 820 894 995
57 123 244 272 289 298 395 447 582 649 705 752 921
127 37 58 165 270 282 287 357 518 572 737 759 807 918 995
161 62 98 247 265 291 356 458 470 634 896 897 919 954 989
176 47 172 281 292 420 450 530 572 602 643 774 777 841 933 953 973 987
406 111 172 206 210 242 267 372 463 467 504 639 868 883 943 944
435 159 170 236 247 267 466 670 714 963
486 172 292 451 534 600 615 854
523 97 114 131 367 425 494 640 761 769 804 849 966
529 63 177 317 353 592 639 876 912 922 929 958 972
619 68 100 341 382 438 525 545 849 856 913
661 351 545 576 625 632 698 703 853 994
759 91 119 170 265 341 458 504 622 689 735 781
763 190 260 281 288 579 657 746 776 882 908 930 931 986
862 192 244 256 262 267 293 315 395 434 580 593 612 694 712 771
898 73 105 174 324 437 679 689 701 849
995 63 69 95 282 383 465 493 634 877
23 36 116 163 225 253 477 599 626 631 675 731 916
36 25 186 397 511 536 715 751 877 935
116 235 236 383 554 562 577 593 600 624 635 644 730 885
163 111 355 377 436 501 779 949
225 35 119 171 201 278 325 356 430 583 610 729 786
253 283 366 474 582 615 701 737 764 787 800 882 919
477 64 142 242 273 366 666 934
599 275 461 678 688
626 104 189 309 474 488 623 685 799
631 49 142 155 247 331 519 528 539 576 687 811 922
675 81 97 132 143 206 210 351 507 652 958
731 63 148 223 436 484 827 878 977 989
916 33 48 60 121 183 192 325 332 348 419 467 514 560 571 625 699 715 772 803 818 877
24 33 55 67 140 293 299 528 583 598 681 727
33 43 85 457 476 478 577 797 817 942
55 121 131 233 262 272 280 311 385 444 639 659 689 855 873 915 932 955 958
67 34 154 186 243 300 319 335 372 494 515 519
140 91 287 296 391 422 491 556 800 874 938 958
293 43 98 192 260 292 511 536 684 720 986
299 35 73 104 155 196 234 236 327 470 568 570 623 650 766 795
528 26 114 274 329 428 487 648 684 715 730 833 878 962
583 80 249 315 391 401 450 752 792 934
598 229 283 432 507 633 700 710
681 102 186 206 308 429 436 702 717
727 87 96 97 237 252 270 432 479 488 514 919
25 87 240 492 513 582 643 677 772 889
87 91 95 103 356 391 444 579 694 764 917 919 999
240 245 357 524 656 659 738
492 58 149 204 229 261 332 344 430 536 540 588 639 662 673 707 737 846 894 896
513 288 331 353 521 544 568 648 694 883 897 941 947 971 983 988
582 192 229 263 417 521 543 744 880 987
643 167 273 355 370 408 450 630 867 984 987
677 233 236 467 568 715 764 895 910 971
772 80 115 216 241 466 564 673 853 855 873
889 175 346 416 463 560 649 659 881 958
26 59 131 348 373 428 556 588 846 913 937
59 78 177 199 438 684 690 737 895 963 985
131 132 180 207 270 549 764 792 854 927 953 966
348 74 95 213 265 410 507 588 918 926 947 987
373 99 109 278 493 539 553 570 572 612 710 831 910 951
428 126 141 142 367 466 470 533 545 990 991
556 191 331 382 580 692 704 856 869 888
588 52 78 316 341 504 514 776 845
846 32 65 244 298 345 533 610 612 638 644 774 923 943
913 54 357 397 445 650
937 113 254 282 369 378 385 561 565 586 817
92 86 243 491 569 821 841 865 910
265 45 204 261 280 308 375 380 480 534 543 571 630 732 752 986
282 66 233 256 273 297 467 484 684 826
409 32 95 125 143 204 316 493 663 699 767 989
811 289 331 622 660 785 887 892 925 997
915 58 73 105 205 278 644 709 820 888 932 943
989 86 273 289 324 609 766 771
31 135 296 489 609 630 750 779 917 929 962
74 353 456 576 781 806 858 926
205 143 191 247 369 402 436 438 652 663 704 714 808
368 91 199 248 341 393 429 479 565 685 780 881 905
512 402 434 436 715 926
520 58 97 244 331 391 869
627 219 229 358 370 507 624 632 635 684 688 700 943
663 236 383 451 514 527 592 609 662 744 826 867
694 220 250 288 355 356 437 444 539 571 574 679 880 980
699 196 254 327 683 804 885
817 46 53 229 385 425 467 630 712 917
820 115 610 808 842 853 867
894 43 115 154 191 249 319 324 359 630 650 705 709 752 877
29 34 149 206 764
34 438 447 580 610 656 660 848 976
149 210 465 466 470 480 559 577 762 786
206 86 255 535 540 597 635 696 751 752 754 798 842 934 935 973 976
764 45 85 165 166 189 248 296 321 548 687 779 780 833 864 874
44 270 284 296 315 538 625 672 812 821 968
50 248 277 309 463 570 734 892
135 121 191 216 372 385 524 769 910 974
152 165 297 318 485 491 892 980
167 90 128 208 222 378 545 808 955
174 399 446 464 635 709 716 984
234 170 237 244 506 909 958 982 994
356 63 71 121 155 170 224 235 521 543 611 728 734 924 958
296 53 145 260 285 450 466 468 696 732 797 803 806 869 922 923 928 938 942 954 956
489 89 103 231 339 418 491 532 700 784
609 46 128 213 284 315 355 522 524 603 678 724 934 961 963 997
630 90 178 219 290 317 346 483 969
750 49 180 192 210 355 437 587 710 744 925 955 996
779 77 169 280 358 425 456 484 531 642 658 659 662 689 880 954 962 969
917 80 190 272 319 329 419 465 495 812 914
929 230 451 521 610 845
962 68 155 310 333 797 891 955 976 988
32 63 183 250 476 634 669 746 755 930 974 992
63 66 141 223 267 376 652 734 762 778 926
183 68 273 457 515 560 605 769 807 874 909 914 925 933 948 973
250 123 169 199 204 267 397 533 673 766 854 887 896 924
476 191 303 370 451 539 548 749 845 928
634 318 451 462 544 742 855 924
669 49 119 324 397 554 644 703 712
746 422 595 729 800 885 914
755 102 421 533 587 868 905
930 340 461 546 562 587 591 782 855 876 947 949 958 977 984
974 120 272 559 585 777 842 961
992 58 71 103 133 170 173 245 421 504 665 935 977
43 222 319 350 418 638 666 704 754 938
85 333 514 665 734 827 931 947 966 982
457 60 124 177 255 302 336 519 524 578 853 903 954
478 37 73 245 316 452 484 597 613
577 52 111 141 204 350 361 385 399 571 728 869 956
797 125 281 307 370 383 568 579 814 815 955
942 118 229 310 311
438 96 178 569 687 774 859 957
447 515 532 561 741 780 877
580 95 98 201 252 327 587 761 765 957 999
610 229 470 561 844 854 880 896
656 105 483 504 751 795 830 958 976 982
660 71 208 230 243 333 354 564 570 774 879 908
848 95 155 237 249 335 412 485 605 712 879 905 986
976 383 412 429 670 703 814 856 860 873 910 949 963
35 68 270 458 485 507 515 562 640 672 698 776 781 792 844 940
68 37 65 179 291 306 316 402 514 784 880
270 45 62 170 185 198 229 235 349 642 803 941
458 349 355 769 909 999
485 132 511 597 616 785 804 856 910 919 941 969
507 52 91 125 247 331 434 452 533 560 593 635
515 45 98 111 123 303 311 410 416 452 511 522 574 603 698 800 914
562 283 383 484 527 698 910
640 96 222 257 420 592 652
672 90 154 249 439 481 488 606 662 683 738 990
698 93 281 544 586 702 717 806 909 932 980
776 155 179 243 261 385 391 484 668
781 103 109 198 280 303 307 471 667 879 948 969
792 108 142 357 385 399 571 769
844 62
940 71 89 322 377 689 690 742 934
186 97 118 419 462 549 605 639 744 955 969
397 230 329 649 703 735 782 911 983 988
511 122 177 198 208 281 284 286 292 339 364 547 549 567 892
536 73 219 237 302 359
715 389 391 547 830 919
751 52 103 177 378 532 570 597 662 692
877 256 302 324 569 777 806 888 928 966
935 198 307 432 564 689 800 868 968 980
37 49 329 408 533 578 802 987
49 108 222 382 414 416 918 943
329 124 170 255 330 502 521 882
408 66 102 111 133 223 273 311 319 358 461 504 705 849 858
533 75 341 391 418 539 716 765 795
578 233 309 471 540 565 611 668 812 818 997
802 102 291 292 319 331 600 690 733 806 909 955
987 93 137 245 332 374 452 518 604 818
71 95 119 120 247 382 678 704
111 213 444
243 213 343 572 596 602
284 122 996
344 113 179 199 395 724 729 766 855 932 966 977 984
353 41 155 349 378 504 665 667 867 938
592 291 506 553
659 125 155 247 335 422 468 514 808 928 997
737 212 236 306 357 395 479 540 544 657 742 845
782 46 171 683 905
804 69 81 237 261 377 416 450 488 921
148 126 145 330 372 393 430 502 700 836 924 928
273 97 141 230 324 369 410 571 625 684 687 734 744 914
316 62 86 126 532 910 982
545 81 159 204 212 237 274 287 421 434 446 670 687 926
632 41 133 170 210 318 432 534 553 701 841 986
742 446 465 602 622 673 696 984
864 154 177 223 333 355 358 991
897 120 192 212 217 292 436 451 605 608 651 667 836 980
919 274 922 986
971 96 171 199 322 383 426 849 926
347 62 99 115 232 267 524 653 841 867 968 983
358 98 104 267 357 432 446 670 972
452 78 79 185 376 385 602 724 855
491 79 180 286 319 376 429 603 685 818 845 903 951
600 190 285 287 445 474 602 881 981
918 60 62 122 242 252 283 302 480 521 717 826
41 142 309 518 752
142 220 439 463 667 931
309 191 235 414 765 806 996
518 62 77 99 231 359 422 616 644 876 903
752 81 114 263 524 530 559 932 951 961
42 97 157 180 280 317 422 424
97 180 223 416 522 534 561 652 922 932
157 65 132 212 252 380 613 934 986
180 126 213 487 590 622 905 969
280 93 318 324 570 818 888 910
317 306 311 417 586 624 925 961
422 75 199 275 285 318 370 461 502 735
424 277 285 345 571 576
222 399 430 519 808 908
319 45 232 236 241 310 534 585 713 872 934 980
350 48 69 91 366 417 702 911 926 928 944 991
418 262 345 481 571 703 841 849 899 936 948 966
638 245 464 576 585
666 202 439 593 639 665 806
704 196 272 361 446 451 688 983 984
754 169 229 277 357 370 429 590 830 912 941 951
938 145 199 236 272 378 462 514 720 836 858 984
315 207 219 255 267 608 673
538 47 52 80 103 288 531 549 650 705 842
625 213 456 534 635 786
812 196 321 527 602 606 826 912
821 115 130 137 364 623 705 730 881
968 54 64 165 307 420 474 554 787
45 69 272 336 437 762
69 54 62 133 463 483 648 765 786
272 96 281 410 525 544 612 887
336 185 412 548 596 649 658 841 855
437 455 480 484 490 838 961 982 990
762 298 385 685 714 732
46 81 124 199 330 414 436 519 569 633 673 803
81 143 155 220 471 539 570 615 923
124 341 345 401 490 521 842
199 191 325 451 730 872
330 213 257 351 420 647 769 933 951
414 327 539 724
436 128 462 490 707 771 849 895
519 318 378 464 480 647
569 113 159 567 807 891 911
633 91 245 464 501 551 806 908
673 143 202 208 219 255 366 923
803 125 208 359 389 455 484 568 785 876 926
47 224 445 493 531 565 616 622 696 787 795 891 980
224 132 258 277 285 308 332 561 785 933
445 52 311 325 349 439 527 838 892 977
493 53 65 216 366 549 784 881 933 977
531 77 96 219 649 679 705 724 769 934 994 997
565 122 202 236 662 860 951
616 53 99 155 252 346 421 479 549 615 652 692
622 261 401 501 564 761 880 927 933 934 985
696 204 263 376 546 548 586 597 623 921 999
787 60 89 487 687 892 966
795 169 461 951
891 283 471 679 724 878 934 957
980 227 318 465 525 734 827 888 955
48 332 603 732 887
332 190 229 235 254 410 506 814 836 931 983
603 155 434 480 481 487 570 872 880 885 923
732 120 220 382 402 526 560 729
887 104 277 490 684 717 799 872 931
108 103 263 277 376 546 615 956
382 89 122 461 670 815 869 925
416 80 91 345 389 484 648 703
943 185 412 595 836 951
248 115 262 359 522 657
277 867 911
463 95 204 278 297 318 335 340 549 923 997
570 99 177 192 236 258 262 278 439 483
734 119 261 297 321 355 548 611 849 883
892 78 191 450 567 608 703 869
120 170 297 333 345 831 865 876 947 955
145 103 130 237 292 389 561 602 611 993
150 245 367 560 729 859 868
169 579 635 679 895 908 958
378 58 90 202 308 320 361 461 462 652 667 951 984 985
735 310 544 611 678 786
52 58 159 235 241 252 311 590 611 685 778
58 130 166 196 466 484 912 994
159 79 166 451 602 800 978
235 137 351 412 417 466 593 712 931
241 80 189 376 479 648 716 830
252 143 255 450 501 514 571 613 701 953 978 999
311 80 133 202 285 377 456 471 836 856 922
590 115 267 380 553 914
611 217 230 302 432 451 461 487 615 702 881
685 65 189 245 320 502 526
778 286 376 391 534 709 909
53 95 166 419 480 532 651 830 926 932
95 66 207 208 213 233 247 417 432 524 934
166 66 75 91 118 155 237 310 434 830 988
419 125 143 231 639 667 692 838
480 302 504 668 683 690 923 948
532 126 430 487 702
651 109 247 298 393 444 468 668 670 744
830 210 333 355 426 451 527 534 547 559 707 738 785
926 154 201 345 354 771 798 858 955 969
932 99 171 175 399 461 521 767 842 895
54 185 210 227 322 429 644 912 921 947
185 80 121 165 343 346 441 644 707 872
210 105 244 369 713 738 867 909
227 78 303 357 586 593 612 766
322 230 395 490 551 559 567 692 961 984
429 103 261
644 79 175 288 527 530 615 845 941
912 133 320 595
921 190 318 333 359 369 467 650 683 765 842 955
947 325 434 653 687 973 993
121 89 192 354 549 560 668 858
233 114 364 470 484 506 587 856
262 274 484 501 591 730 767 858 981
385 306 465 504 524 831 888 993
444 119 172 244 254 285 527 530 596 800 849 881
639 308 361 465 658 798
689 62 88 154 244 383 729 969 988
855 401 450 467 503 648 738 749 833 838 936 958
873 62 88 402 487 527 849 928
955 298 320 495 635 668 678 815 978
958 307 370 560 623 705 815 853
321 125 278 306 481 490 526 680 879 988
585 88 143 189 292 544 564 652 777
123 249 291 367 543
244 80 177 289 687 707 831 941
289 113 119 208 351 909 934
298 212 549 605 771 780 818 922 925 986 997
395 88 327 766 949 993
649 245 254 281 285 302 441 563 667 881 957
705 229 331 421 456 593 684 849 954
130 115 288 687 728 953
196 122 191 526 559 560 700
466 300 303 450 461 687
484 88 263 383 417 481 701 785 881 883
994 327 357 372 389 446 799 931 963
78 104 412 504 605 665
177 230 286 868
684 126 412 464 467 471 504 957
690 256 286 306 680 714
895 261 349 426 483 487 662 807 931
963 96 288 417 896 908 911 993
985 490 506 526 680 701 707 927
60 275 306 339 679 836 948 956
275 128 198 506 914
306 62 219 249 366 462 615
339 98 220 346 670 799
679 98 471 579 613 807
836 154 198 331 502 561 765 910
948 279 608 728 738
956 126 374 506 744 905 990
204 66 155 261 439 464 709
451 220 549 724 767 808 911
502 300 470 662 712 833 961
548 331 432 474 606 909
657 217 331 412 417 434 973
774 198 200 391 481 526 868 869
62 103 141 278 494
103 75 713 777
141 237 724 949
278 77 359 733 785 808 903 911
494 79 125 325
66 274 692
223 260 331 665 860 914 922 936 978
267 88 125 229 237 285 370 391 642
376 126 192 604 648
652 80 327 563 777 845 990
64 953 981
953 374 514 572 597 602 769 808
981 91 115 170 171 324 341 586 815 854
65 216 237 530 738
216 125 200 354 525 635 761
237 201 229
530 125 126 375 468 712
738 86 115 292 380 468 487 514 997
274 213 256 456 495 724 924
692 77 903
154 220 642
300 402 526
335 439 700
372 229 260 367 534 842 910 969
179 426 593 867
291 487 546 608 800 849 868
402 220 357 467 546 608 670 784 798 905
514 191 561 883 972
784 102 302 341 345 544
880 155 170 191 287 467
133 331 591 615
483 351 355 357 412 432 481 702 707 841 972
648 96 261 527 604 642 990
765 591
786 99 122 219 604 785
88 730 977
201 202 232 716
254 192 455 527 564 605 993
283 287 399 554 988
310 86 104 207 208 357 425 571 733 854 941 957 997
346 302 465 602
354 425 744 838 983
426 75 190 260 303 521 612 842
468 232 260 357 479 683
833 102 263 504 712 717 761 806 910 988 997
842 465
927 303 320 439 471 488 504 564 860 931
119 232 421 978
247 75 113 261 340 506 547 922 928 991
678 190 202 364 439 525 559 608
257 236 290 524 885
281 198 258 364
318 75 375 683 911 914
393 105 173 808 969 972
544 212 320 383 961
730 122 297 591 780 831 888 961 999
853 114 410 434 456 479 785 854 966
867 540 647 680 688 885 924
988 401 501 587 911 982
73 137 191 236 370 410
137 549 572 579 597 925
191 113 219 231 635
236 213 369 474 806
370 925
410 366 568 818
456 340 647 714
576 96 261
806 75 96 207 487 662 983
858 122 345 464
75 192 361 366 399 439 924 951
192 213 608 928 941
361 220 303 549 613 808
366 761
399 341 377 527 780
439 490 615 642 860 983
924 213 434 525 658
951 579 612 670 680 707
260 86 198 286 412 717 865 910 972 999
680 885
815 288 579 670 831 882
77 91 126 207 391 527 559 703 831
91 261 369 612 642
126 343 464 624 701
207 122 198 441 574 977
391 122 401 412 425 522 563 595 702 881
527 288 561 586 859 997
559 198 421 467 596 856
703 189 285 854 874 977
831 105 327 455 874
104 102 232
412 245 521 814
504 593 717 749 944 996
605 109 128 258 340 543 923 954
665 79 380 465
79 245 286 369 713
245 401 539 717
286 128 461 551 702
369 325 450 658
713 647
80 86 115 357 724 990
86 467 564 709 925
115 522 551 658 683 777 934 949
357 279 288 327 524 668 712 860
724 93 287 564 733 865 957
990 242 421 687 707
143 331 642 761 780
155 128 340 733 984 986 993
220 255 434 461 549
471 189 287 359 446 604 687
539 242 464 741 961
615 170 302 364 596 991
923 351 624 849 944
554 333 364 467 869
954 302 561 881
563 102 624 785
925 105 200 297 568 972
936 89 308 885 973
333 208 670 683 881 996
827 667
931 105 546 579 658 865
966 303 540 872 909
982 217 377 383 769
467 470 841
564 198 525
709
579 425 503 596
999 377 872
977 349 421 841 888
89 905
905 172 535 984
90 217 256 325 524 733 899 944
217 99 132 189 461
256 826
325 229 973
524 213 292 470 543 972 984 997
733 340 521 826 841 868 896
899 288 364 506 606 761 808
944 642 744
261 198 462
612 495
642 808 860 983
841 113 189 263 635
865 175 351 521 567 872
910 208 230 327 355 383 464
93 231 481 534 587 771 879 914 993
231 331 367 551 608 997
481 200 574 707
534 455 506 568 707 882
587 290 341 780 849 854 878
771 526 547
879 521 717 808
914 292 596 700 991
993 170 285
128 608 623
258 178 279 417 464 487 596 876
297 712 859 860
688 383 450 465 549 881 957
208 624 710
213 462 503 710 896
417 99 114 461 908
432 219 324 446 597 928
934 320
96 279 799 859
279 606
799 118 367 495 602 624 729
859 351 591 701 785 808 814
522 109 374 470 749 896 922
561 132 229 364 375
922 377 474 525
98 464 878
464 687
878 229 302 560
99 808 856 984
808 683 874
856 189
984 777
100 202 470 667 849 896
202 320 996
470 229 355
667 377 380 420 728 972
849 198 367 602 838 882 908
896 389 571 744
320 854
525 212 302 307 351 869 911
593 702
597 549 571 662 714
710 826
908 113 327 807
102 450 455 487 683 860
450 165 606 635
455 488
487 125 777
683 571
860 229 567 909
777
232 114 125 263 941
105 909
909 623 716 978
490 462 474
571 327 343 465 549 876 996
716 700 729
717 700 978
978 118 377 383 474 501 549
263 303 553 574 903
546 744 996
109 343 355 421 574 761
343 567 574 668 670 997
355 462
421 249 375 658
574 596 623 766 876 991
761 303 465 551 595 874
118 198 728
175 324 461 650
374 331 728
503 114 165 495 506 729 872 969
868
324
345 198 287 702 957
364
113 198 488 714 957
198
488
714 367 623 882
957
114 178 190 874
178 327 341 658
190 249 933
874 125
551 479
658 122 171 474 547 647
949 200 785 972
383 707 712 766
624 401
635 744 997
885 465
728 242 479 543 807
170 172
876 359 586
549 586 872
560 327 881
668 749 903 997
122 200 506 769
200
506 219
769 302 780 903
249 430 461 568
367 331 814
543 331 568
341 474
401
521 420 882
125 596 780
596 340 351 540 707 720
780 340
701 567 826
165 807
287 720 882 933
572 308 377
807 172 308 712
608
623
591
288
687 650
132 547 986 996
854 461 553
547 767
986 595
996 420
331
798 377
604
785 359 479 702
983 567 707
526 340
767
800
292 380 744
389 720 972
602 969
377
430 461
700 613 712
928 882
465 969
729 961 969
375
359
340 171 172
462 219 425
212 495 741
380 307 741
613 702 961
720 302
173
606 595
961 595
474 219 308 553
972
501 290
255 172
434 991
446 535
595
172 670 933
171 327
327
670
933 242
461 303 826
650 702
420
973 653 911
230
969 303
535
568
647 991
586 888
441 941
707 553
872
744 869
495
814 845
189 883
883
219 553 941
941
540
425
888 229
903 826
741 845
766 351
553 712
285
308
303 997
712 818
997
229
351
818
479
242 749
749 307
991
882 845
826
290
307
349 302
911
702
869
302
567
881
653
838
845
662
