0 132 250 254 667 893 973 1496
132 208 369 379 492 1382 1471 1753
250 296 535 594 765 1107 1198 1266 1709 1826
254 186 915 984 1359 1459
667 770 800 986 1479 1513 1742
893 189 469 811 1792
973 26 64 130 189 1511 1919
1496 753 975 1204 1266 1397 1982
1 105 938 991 1289
105 629 948 981 987 1014 1376 1582 1675
938 1244 1285 1579 1855
991 262 804 876 1094 1219
1289 26 277 403 618 909 1881 1933
2 1420 1460 1714
1420 240 294 297 818 1129 1935
1460 495 703 743 881 1515 1769
1714 318 407 630 663 1051
3 376 454 542 1375 1488
376 136 455 553 624 713 879 1326 1528 1542
454 109 406 917 1317 1566 1703 1810
542 29 275 559 697 740 1133 1306 1429 1641
1375 606 646 980 1326 1599 1791
1488 101 173 330 829 1304
4 282 311 555 1299 1574 1669 1843
282 83 134 161 237 371 821 1148 1158 1299 1383 1398 1419
311 397 403 460 1079 1421 1479 1498 1532 1735
555 78 153 221 424 633 863 1233 1814
1299 387 1241 1571 1738 1958
1574 237 457 523 1062 1129 1302 1724
1669 322 363 718 874 1236 1536
1843 165 244 364 1162 1268 1794 1947
5 109 393 413 618 1057 1336 1376 1795
109
393 468 1796
413 403 556 563 721 737 976 1186
618 155 1304 1404 1476 1524 1953
1057 48 301 652 864 1274 1319
1336 150 478 522 717 1281 1394
1376 276 481 552 728 1018 1589
1795 107 312 387 752 814 1003
6 220 333
220 14 429 623 730 762 1288 1444 1510 1765 1957 1959
333 212 219 428 534 770 1074 1154 1849 1939 1950
7 41 861 1083 1251
41 1172 1174 1267 1406 1473 1614 1632
861 207 353 855 877 1273 1516 1632
1083 305 867 909 1353 1414 1660 1796 1953
1251 279 884 1245 1312 1820
8 269 395 566 711 1122 1233 1692
269 314 503 578 747 1171 1571 1756
395 205 396 850 978 1165 1271 1532
566 155 343 1991
711 1172 1342 1427 1484 1568
1122 59 149 270 576 770 1683 1952 1964 1977
1233 827 1054 1956
1692 23 699 1364
9 67 211 717 1050 1113 1384 1400 1707 1996
67 208 338 385 394 528 569 931 1006 1388 1469 1757
211 23 171 292 421 486 519 543 616 1059 1140 1771 1906
717 140 537 840 1511 1776 1921
1050 440 709 715 761 1037 1357 1414 1564 1660 1995
1113 169 904 1229 1592 1792
1384 247 633 764 1321
1400 616 1144 1501 1503 1835
1707 194 251 1022 1477 1553 1797
1996 224 660 760 783 890 922 1132 1379
10 713 735 956 1058 1349 1735 1899
713 568 1199
735 168 1066 1257 1703
956 25 550 704 804 1027 1064 1185 1264 1290 1923
1058 79 1209
1349 101 827 836 901 1071 1155 1350 1699
1735 193 258 736 1333 1831
1899 191 854 1013 1237 1493 1498
11 55 361 636 960 1537
55 301 769 805 812 1416
361 264 265 469 850 1145
636 434 567 1214
960 195 559 691 900 1108 1226 1474 1655 1910
1537 336 1715 1737 1758
12 192 1090 1099 1343 1539 1884 1963
192 275 516 587 715 1016
1090 49 1152 1636 1713 1980
1099 17 228 243 264 302 433 571
1343 162 262 1012 1157 1729 1800
1539 244 251 592 1351 1378 1410 1884 1936
1884 594 1112
1963 633 767 1155
13 111 324 594 687 783 922 1256 1797 1850
111 131 287 415 1027 1173 1388 1886
324 677 993 1017 1570
594 125 1063 1198 1212 1474 1684 1763
687 145 569 574 1418
783 125 221 423 476 663 1069 1224 1760
922 670 816
1256 237 703 1347 1518
1797 1585 1662
1850 46 398 830 1200 1410
14 62 190 420 894 1708 1834
62 34 408 538 1491 1663
190 876
420 227 1040 1655
894
1708 167 284 286 410 552 1259
1834 181 278 436 626 915 1312 1785 1804
15 365 456 750 764 1616 1712 1886
365 101 104 133 160 677 1450 1520
456 632 1594 1596 1801
750 281 738 1022 1743
764 260 635 981 1056 1478 1597 1710 1754 1900
1616 115 330 1603 1857
1712 66 242 488 538 541 748 1061 1080 1516 1608 1880 1919 1986
1886 126 914 1187 1509 1917
16 208 257 446 1268 1433
208 325 887
257 64 1350 1599 1764
446 110 218 350 589 1069 1184 1216 1487 1663 1923
1268 569 924 1107 1176 1774
1433 126 128 608 666 763 1456 1600
17 1042
1042 914 1068 1950
18 140 554 953 1162 1672
140 428 585 798 889
554 197 335 449 681 1028 1231
953 178 401 724 1292 1573 1764 1924
1162 947 1391 1775 1866 1990
1672 65 136 202 1629 1701
19 1936
1936 32 112 177 560 715 998 1551 1989
20 231 469 614 1103 1416 1575 1808
231 135 617 1264
469 343 984 1516
614 102
1103 80 210 283 403 1067 1894
1416 987 1037 1388 1671
1575 134 460 702 709 1426 1634
1808 1224 1252 1364 1670 1840
21 559 822 1839
559 203 839 1556 1756 1929 1961
822 396 689 803 1071 1474
1839 188 229 896 900 1294
22 174 306 608 765 840 1215 1821
174 612 684 1678
306 396 598 698 1071 1190 1427 1678 1679
608 144 280 499 680 1552 1717
765 191 493 525
840 45 928 958 1218 1511 1717 1951
1215 169 828 964 1296 1503 1527 1558 1733 1950 1968
1821 234 642 961 1147 1487
23 504 826 957 1437 1558 1948
504 871 1098 1231 1711
826 339 506 654 874 1389 1523 1546 1955
957 36 368
1437 423
1558 314 1554 1813
1948 181 373 1406
24 151 497 879 896 1159 1473
151 1043 1130 1425 1823 1848
497 716 970 1093 1311 1483 1519 1655
879 207 1211 1238
896 465 572 628 1008 1688 1918
1159 386 796 1937
1473 153 224 945 1210 1611 1754
25 198 1319 1686 1935
198 331 337 952 1167 1225 1443
1319 473 802 958 1954
1686 407 940 1405 1729
1935 68 1812 1942
26 176 553
176 546 1158 1229 1860
553 60 245 327 348 807 1794
27 166 203 439 727 1293 1642
166 663 716 984 1294 1753
203 131 459 729 1771 1829 1976
439 463 1315 1519 1586
727 359 458 1109 1551
1293 179 272 1450 1520 1937
1642 378 512 577 670 1790
28 533 706 867 955 1027 1086 1675 1830
533 138 363 817 872 1053 1377 1427 1829
706 715 1111 1120
867 56 266 483 1100 1274 1314 1647
955 143 232 630 929 1817
1027 32 169 299 434 888 1347 1920
1086 718 728 844 1404 1722
1675 381 1695
1830 720 1144 1247
29 51 836 1753
51 276 920 1036 1269 1361 1570 1908
836 146 264 776 841 1028 1381 1590 1626 1676 1907
1753 1221 1468 1678 1713
30 402 774 1228 1286 1358 1373 1586
402 214 658 1442 1640 1973 1986
774 767 1250
1228 576 1018 1231 1995
1286 123 572 856 1160 1497 1552 1770 1786 1971
1358 117 284 596 1226 1481 1630 1636
1373 1186 1553
1586 69 160 258 385 847 913 1226
31 74 410 816 857 1267 1275 1633
74 53 275 738 1075 1283 1681 1807 1970
410 293 304 1724
816 564 1149 1320 1529 1719
857 691 1499
1267 1065 1562 1752 1857
1275 155 303 899 1039 1419 1659 1662 1727
1633 79 276 442 972 979 1741
32 71
71 1069 1114 1419
33 308 353 538 798 1298 1338 1578 1763
308
353 1045 1340 1491 1578
538 65 199 425 574 1003 1238 1308 1461 1529 1666 1750 1788
798 215 597 635 1034 1693 1916
1298 1441 1573
1338 633 761 1194 1694 1970
1578 725 802 905 1992
1763 97 349 536 729 732 920 1434 1835
34 312 526 1029
312 506 1314 1422 1502 1854
526 610 1295 1337 1396 1453
1029 94 296 619 1684
35 69 1475
69 271 277 546 799 1259
1475 1179 1265 1955
36 194 1069 1169 1442
194 76 285 556 924 944 1265
1069 310 318 375 433 468 646 1005 1202
1169 356 778 806 1227 1363
1442 199 1288
37 321 371 942 1392 1645 1855 1889
321 482 644 959
371 108 688
942 374 629 863 1092 1430 1523 1615
1392 576 868 1051 1065 1418
1645 673 703 934 975 1118 1591
1855 252 779 1088 1804 1869
1889 169 513 1262 1273 1617 1736
38 325 871 1379 1386 1503
325 125 244 548 1077 1461 1724 1751
871 584 709 718 1235 1673 1737 1863 1900
1379 70 116 235 239 567 601 1216 1836
1386 53 301 307 704 725 923 932 1551
1503 386 1031 1109 1800 1877
39 98 428 563 638 1436 1769
98 448 1351 1455 1559 1685 1780
428 1014 1758
563 63 642 1452 1505 1932
638 42 213 648 705 743 766 788 1105 1571 1736
1436 156 935 1254 1494
1769 193 969 1270
40 740 1021 1596
740 449 476 722 948 1236 1306
1021 193 392 502 829 1190 1462 1683 1781
1596 246 347 400 705 728 1238 1562 1873
1172 49 370 754 1516 1545 1888 1912
1174 524 987 1175
1406 293 1078 1290 1409
1614 509 543 952 1160
1632 168 327 359 620 665 913 1143 1374 1506 1590 1659 1771 1780
42 79 1054 1662
79 188 556 577 988 1035 1516
1054 433 642 829 924
1662 138 302 655 705 859 873 1015 1732 1990
43 213 1310 1323 1861 1949
213 270 514 882 1129 1748 1792 1972 1997
1310 226 718 1382 1389 1447 1898
1323 133 225 314 1315 1866
1861 639 855 1280 1883
1949 85 483 484 573 876 1015 1524 1668 1717
44 795 974 1049 1142 1644 1807
795 399 444 597 1470 1520 1592 1623
974 168 214 423 759 819 1082 1303
1049 331 1326 1388 1452
1142 248 779 1087 1140
1644 94 738 967 1285
1807 331 423
45 1097 1316 1434 1938
1097 778 1092 1263
1316 448 813 1022 1150
1434 315 797 1030 1059
1938 314 688 784 1623
46 219 1008
219 86 97 759 1751 1891 1970
1008 76 243 409 645 1344 1484 1986
47 156 289 478 623
156 168 451 473 770 987 1544 1649
289 124 142 285 1219
478 387 434 859 1367 1456 1883
623 363 639 1120 1403 1683 1696 1909
48 340 408 1031 1239 1691
340 1111 1186 1229 1572
408 850 1096 1101 1158 1680
1031 50 794 1209 1561 1728 1919
1239 50 128 571 609
1691 455 1062 1261
49 939 1167 1946
939 445 1156 1181 1364
1167 339 714 784 792 823 1130 1422 1904
1946 50 686 721 978 1270 1446 1535 1652
50 104 571 791 913 1095 1112
104 172 320 1923
571 168 491 692 1197 1458 1550 1826
791 811 1561
913 1637
1095 224 512 1752 1784
1112 583 621 1371
276 226 266 1028 1135 1383 1653 1883
920 275 349 476 1755
1036 148 453 496 578 971 1547 1876 1910 1923
1269 546 761 964 1154 1328 1571
1361 243 355 488 708 736 1367 1492
1570 294 1183
1908 797 1003 1209 1430
52 1254 1588 1770
1254 1291 1414 1627
1588 342 440 812 1324 1493 1573
1770 54 97 185 1064 1196 1357 1890
53 264 305 708 1161 1573 1815 1991
264 746 1125 1356 1378 1407 1702 1998
305 90 171 330 605 830 1045
708 90 201 752 1047 1447 1638 1755 1794 1848
1161 142 1577 1993
1573 217 382 445 1337 1791
1815 152 930 1072 1081 1450 1654
1991 161 577 654 1003 1072 1441 1472 1952
54 260 803 1253 1457 1626 1640 1655
260 412 820 1164
803 110 251 546 1775 1939
1253 154 177 1339 1673 1762
1457 455 572 649 1209
1626 389 431 719 1778
1640 215 488 855 996 1079 1455
1655 440 921 976 1127 1819 1952
301 149 651 1148 1648 1926
769 396 436 810 886 929 1466 1514 1624
805 342 898 1119 1351 1448 1923 1947
812 332 565 1274 1454 1744
56 204 820 1147 1810
204 167 742 1507
820 298 979 1102
1147 534 617 664 1158 1209 1463 1530 1775
1810 270 607 772
57 238 628 930 936 1333 1694
238 72 392 567 649 673 830 1785 1970
628 564 1637 1784 1809 1818 1871
930 768 911 998 1476 1777
936 1015 1490 1582
1333 679 875 1368 1515 1613 1988
1694 101 501 544 833 842 966 1272 1334 1668
58 1121 1206 1260
1121 89 476 558 747 1997
1206 183 227 573 1082 1091 1111 1329 1635 1885
1260 59 606 1066 1156 1273 1351 1915
59 114 577 864 1531
114 187 607 1440 1627 1959
577 510 1276 1506
864 511 767 1464 1781 1831
1531 486 528 878 948 1096 1186 1534
60 226 500 602 1040 1120 1208 1282 1429 1591 1723 1804
226 304 1399 1921
500 436 541 958 1371 1773
602 1441 1468 1489
1040 68 632 1077 1347 1354 1910
1120 173 283 347 728
1208 634 1291 1548 1943
1282 746 992 1605
1429 391 751 1263 1584
1591 131 267 539 567 1164 1482 1486 1525 1746
1723
1804 368 1111 1181 1331 1405 1435
61 222 297 449 489 490 1789 1803 1847
222 388 451 455
297 320 1295
449 84 205 787 1108 1464 1928
489 88 407 1305 1346 1689 1994
490 167 548 1327
1789 496 651 866 1082 1465 1529 1802
1803 356 535 847 1017 1448 1611
1847 362 952 967 1508 1700
1491 653 1013 1362
1663 99 138 967 977
63 520 686 1170
520 267 278 587 645 1247
686 417 681 1080 1710 1912 1923
1170 343 668 699 1048 1482 1953
64 78 696 790 934 1366 1367 1742
78 386 495 513 567 604 1130 1811
696 761 923 1538
790 66 165 720 1901
934 281 659 666 1154 1389 1845 1902 1968
1366 903 989 1502 1543
1367 725 794 1136 1287 1983
1742 310 403 430 643 1176 1234 1325 1426
65 84 189 655 672 752 1195 1360 1490 1501 1590
84 1004 1132 1219
189 196 287 615 671 1370
655 976 996
672 265 396 591 1139 1294 1419 1533 1693 1796 1877
752 381 1210 1407 1858
1195 1070 1092 1635
1360 159 647 831 975 1007 1481 1690
1490 178 421 1091 1098 1317 1528 1913
1501 94 414 529 757
1590 601 700 865 1617
66 209 212 592 1743
209 767 1102 1438 1749 1771
212 81 545
592 1533
1743 501 635 1476 1902
338 377 1053 1542 1752
385 437 568 598 778 984 1561
394
528 137 1111 1988
569 110 437 754 1051 1134 1164 1363 1448
931 223 646 1395 1553 1555
1006 270 624 767 950 954 1123 1452 1630
1388 360 386 433 499 754 766 1489
1469 136 1731
1757 135 643 1144 1609 1760
68 131 253 909 1023
131 1249 1348 1567 1628 1700
253 357 459 574 1510
909 239 1350 1580 1615
1023 573 987 997 1117 1151 1390
271 586 1263 1505 1684 1859
277 188 668 1582 1749
546 91 175 474 1500
799 493 588 1015 1423 1696 1776
1259 650 656 714 969 1102 1454 1928
70 317 642 1601
317 357 781 1444 1721
642 127 451 499 548 680 1303 1697 1784
1601 398 762 1089 1150 1276 1556
1114 164 916 1081
1419 1153 1423 1940
72 117 1059 1128 1524
117 863 869 1104 1181 1507 1740 1777
1059 670 1703
1128 524 637 1011 1220 1459 1511 1705 1791
1524 785 949 1582
73 745 1209 1547 1566
745 870 878 1497 1827 1891
1209 523 540 948
1547 748 952 1096 1405
1566 801 847 1255 1984
275 536 988 1179 1737
738 1003 1261 1653 1775 1910
1075
1283 154 1136 1213 1877
1681 334 1182 1296
1970 159 453 1199 1334 1715 1754 1981
75 1548 1799
1548 165 255 637 863 967 1124 1173 1856
1799 96
76 267 762 1270 1924
267 101 442 682 763 1514 1782
762 145 172 363 1047 1119 1284 1307 1837
1270 225 235 441 719 724 1928 1978
1924 129 1156 1768 1872
77 107 593 1176 1190 1543
107 173 1917
593 421 954 1533
1176 1001 1191
1190 138 363 924 1100 1805
1543 123 134 218 239 316 475 659 1959
386 342 459 892 1408 1664
495 660 848 1009 1818
513 1325 1377
567 148 421 539 850 1144 1303
604 842 1203 1765
1130 772 949 1397
1811 347 389 665 1951
188 284 407 481 1746 1943
556 990 1951
988 530 644 1182 1667 1925
1035 154 579 1126 1600 1824 1876
1516 510 856
80 527 606 813 1158 1471 1844 1897
527 758 1489 1620
606 505 597 640 895 1138 1564 1930
813 551 970 985 1205 1391 1615 1625
1158 119 613 873 1369 1972 1981 1987
1471 387 391 509
1844 99 399 753 1015 1204 1594 1600 1697 1698
1897 590 773 1203 1244 1529 1738
81
82 120 165 326 639 731
120 650 707 1166 1337
165 215 396 1648 1794
326 632 1185 1922
639 137 1071 1448 1549 1685
731 322 847 1739
83 1716
1716 1047 1371 1650 1733 1758 1882
1004 860 1164
1132 234 455 1187 1408 1519 1593
1219 201 414 444 464 475 663 1507 1528
85 436 1088
436 425 1571 1974
1088 160 249 1096 1483 1557 1959
86 329 1339 1780 1872 1891
329 265 1026 1237 1440 1546 1677 1962
1339 118 323 421 440 493 692 1602 1609 1699
1780 1198 1445 1863 1953
1872 565 1593 1622
1891 313 885 1055 1140 1156 1243 1364 1989
87 115 430 757 1584
115 547 910 912 1062 1235
430 388 434 450 632 670 900 1240 1463 1687 1805 1866 1879
757 1939
1584 302 501 1484 1873
88 142 1072 1244
142 322 796 830 833 1639
1072 406 958 1387 1485 1569 1749
1244 246 280 299 534
89 416 624 1217 1278
416 945 1865
624 167 681 1077 1977
1217 332 811 1168
1278 401 534 657 858 1039 1154 1245
90 434 742 1660
434 1930
742 851 1193 1888
1660 270 823 1094 1265 1315 1738 1768
91 292 678 874
292 118 349 958 1168 1412 1608 1635
678 1467 1980
874 327 379 760 1045 1412
92 1304 1685 1887
1304 265 610 1166 1313 1801
1685 139 548 924 1152 1905
1887 137 841 952 1116 1777
93 649 693 987 1559 1628 1907
649 709 1873
693 127 1178 1656 1842 1957
987 177 524 951 1372 1428 1941
1559 1677
1628 895 1076 1405 1746 1981
1907 598 684 758 846 908 1119 1522 1734
94 426 797 830 998 1636 1786 1801 1883
426 919 1956
797
830
998 1605 1648 1747
1636 481 722 993 1098 1751 1895
1786 521 595 1078 1760 1898
1801 644 903 1010 1089 1246 1341 1682 1759 1913
1883 162 351 710 1141 1276 1461 1774 1824
95 130 1011 1583 1710
130 529 838 1109 1223 1758 1994
1011 1576
1583 97 668 1032 1459 1982
1710 605 884 1637 1865
96 201 442 647 889 1016 1044 1123 1216 1305 1465 1964
201 572 743 834 982 1082 1530 1604
442 583 996 1312 1703 1964
647 786
889 116 1160 1211 1506 1607
1016 199 806 881 1003 1307 1602 1818 1857
1044 315 885
1123 1347
1216 907 1005 1679 1697
1305 364 768 792 990 1046 1477 1682
1465 621 1002
1964 450 473 839 1148 1533 1740 1759
97 524 876 1144 1449 1634 1905
524 414 1541 1832
876 129 320 675 1750 1816
1144 221 422 1243 1330
1449 473 704 990 1067 1152 1504 1651
1634 122 552 907 1235 1383 1779
1905 170 290 1756 1771 1796
448 1764 1945 1967
1351 726 966 972 1619 1835
1455 124 486 1597 1683 1853
99 193 503 1185 1193 1383
193 233 1494
503 1353 1407 1545
1185 232 788 1063 1197 1814 1925
1193 167 620 1499
1383 1344 1513 1995
100 287 621 1263 1508 1788 1874
287 437 767 1877
621 682 895 1148 1957
1263 397 755 1410 1452
1508 869 878 1931
1788 1521 1826 1849
1874 248 951 1904
101 354 1105 1747
354 228 777 1301 1478 1879 1967
1105 322 887 1221
1747 138 373 579 778 1370 1827
102 262 833 860 1340
262 760 1327 1650 1848 1932
833 148 635 772 873 1013 1577 1739 1961
860 252 671 768 1292
1340 1060 1572 1727
103 516
516 255 1647 1783
172 598 781 1056 1091 1482
320 381 462 1053 1237
1923 1180 1487
629 431 1745
948 1139 1497
981 807 1840
1014 129 493 620 1038 1594
1582 284 1082 1202 1454 1487 1985
106 597 901 1106 1382 1768
597 315 551 1589 1599
901 482 908 1402 1513 1656 1950
1106 316 506 916 979 1428 1668 1977
1382 519 851 997
1768 214 293 379 568 700 1264 1412
173 214 216 775 863 1093 1197 1315 1775 1819 1954
1917 703 1292 1749
108 1062 1092 1111 1472 1511
1062 699 1928
1092 637 1546 1809
1111 512 705 772 1934
1472 113 878 1352 1363 1454 1992
1511 1730 1833 1911 1926 1945
110
415 475 845 870 1593 1641 1674
1173 551 1110 1975
112 657 674 1506 1556 1711
657 846
674 243 660 763
1506 460 595 1294 1303
1556 573 792 1249 1276
1711 619 714 1396
113 512 911 982 1109 1651
512 245 300 403 924 1131 1794
911 252 1037 1345 1463
982 298 881 1330 1348 1411 1775
1109 915 1630 1794
1651 821 1695
187 921 1067
607 155 169 457 883 1022
1440
1627 280 785 852 915 1074 1782
1959 1448 1981
547 159 452 784 824
910 224 692 832
912 673 951 1224
1235 299 450 564 1826
116 1139 1213 1225
1139 228 378 668 689 1104 1364 1517 1560
1213 480 596 1971
1225 221 227 441 652 958 1393 1418
863 155 223 403 467 732 809 1474
869 484 886 1464 1661
1104 265 363 1610
1181 272 532 541 870 1081 1598 1639
1507
1740 390 398 484 1967
1777 351 382 485 1041
118 236 684 720 1452 1871
236 332 1055
684 343 424 475 1749
720 634 1126 1157 1417 1526
1452 759 787 949 967 1030 1415 1635 1987
1871 468 634 778
119 746 841 1520 1542
746 915 1273
841 205 505 829 1515 1529 1534
1520 892 990 1238 1364 1450 1761
1542 388 651 743 1315 1335
650 200 268 532 724 1015 1519 1652 1845
707 551 977
1166 662 995 1482
1337 240 1076 1670
121 128 316 582 1066 1762
128 171 243 256 1003 1705 1943
316 158 313 613 1309 1960
582 181 336 1829 1941
1066 506 964 1119
1762 511 600 676 979 1077 1873 1994
122 263 404 1218 1718
263 1074 1484
404 645 1124 1412
1218 468 1096
1718 481 1194 1604
123 245 586 917 1594 1957
245 551 845 1148
586 733 927 1356
917 804 1068 1750 1896
1594 1157 1785 1947
1957 514 1038 1124 1572
124 347 363 1048
347 171 815 1041
363 406 493 761 1220
1048 768 908 1551
125 778 1227 1290 1313 1352 1410 1564
778 599 714 945 1395 1858
1227 557 870
1290 169 498 739 1599
1313 515 1397 1885
1352 252 367 601 643 685 1279 1308 1775 1858
1410
1564
126 342 868 1279
342 441 610 771 888 1647 1833 1846
868 288 703 1510
1279 443 929
127 487 506 1076 1255 1347 1617
487 399 690 759 870 983 1845
506 1422 1654
1076 1478 1952
1255 1589 1676 1892
1347 1726 1802 1954
1617 517 1136 1521 1565 1625
171 663 761 989 1523
243 908 1025 1125 1424 1451 1489 1671 1845 1986
256 244 1785
1003 483 700 1240 1555 1567 1609 1623
1705 266 518 952 1697 1766 1896
1943 1758
129 580 653 768 1809
580 144 191 806 1357 1673 1865 1866
653 718 1868 1873
768 327 794 989 1284
1809 811 1430 1650 1721
529 409 581 1032 1087
838 908
1223 349
1758 421 441 1443 1638 1863
1994 406 683 714 1443
1249 438 839 1852
1348 540 1314 1752 1794 1833
1567 139 488 754 1199
1700 544 977 1513
369 225 596 881 1756
379 463 1019 1317
492 224 237 1654 1730
133 1284 1791
1284 421 479 544 581 1493 1761 1982
1791 734 815 886 1458
134 835 1879
835 483 1517 1536 1602
1879 972 1226 1476 1696 1715
135
136
137 225 1143 1413
225 242 543
1143 248 472 481 697 1702 1876 1988
1413 664 758 770 1513 1635
138 697 992 1073
697 969 1274 1377 1589 1600
992 168 800 825 1863
1073 502 1487
139 1124 1546 1625
1124 227 660 677 1009 1726
1546 852 1727
1625 782 1565 1921
585 283 409 537 611 963 1403 1461
141 978 1521
978 355 1000 1277 1462
1521 1222
322 1456
796 445 488 685 782 1599
1639 313 507 844 919 995 1291 1629 1652
143 715 844 862 928 1441 1661 1715 1756 1760
715 387 858 1569 1720
844 407 1401 1464
862 712 1480 1836
928 664 779 1041 1527
1441 232 242 315 572 1606
1661 191 929 1397 1785
1715 576 656 748 1186 1230
1756 323 344 360 1525
1760 206 632 824 1730
144
145 507 540 1986
507 1082 1794
540 177
1986 804 1653 1952
146 558 1175 1189 1721 1878 1982
558 613 1540 1822
1175 400 698 954 972 1082
1189 331 463 1045 1145 1824 1870 1930
1721 673 807
1878 473 691 977 1671 1734 1741
1982 431 464 904 1819
147 517 1002 1182 1430 1487 1755 1854
517 681 1890 1940
1002 181 251 1053 1179 1265 1345
1182 1135 1665
1430 1397 1492
1487 216 1149 1990
1755 249 514 904 1426 1880
1854 182 600 1833
148 378 484 1953
378 511 904 1153
484 821 1538 1608
1953 966 1273 1365 1391 1580
149 285 466 509 859 915 1041 1813
285 1041 1648
466 341 1061 1082 1555 1833
509 445 899
859 873 1610 1832
915 501 891 1308 1355
1041 403 1280 1746
1813 390 872 1532
150 1424 1925
1424 352 782 1288 1814
1925 656 749 809 945 1658
1043 351 609 1408 1538
1425 1568
1823 249 789 926
1848 356 364 736 1201 1858
152 437 536 1301
437 199
536 177 241 352 501 591 714 1125 1201 1463 1679
1301 283 1093 1535 1792
153 811 1363
811 168 661 709 1243 1934
1363 703 1148
154 1464 1492 1515 1832
1464 356 612 694 766 976 1722
1492 224 877 1607
1515 521 575 1393
1832 1587
155 252 851 1201
252 1032 1081 1951
851 1212 1484 1679
1201 806
168 501 710 1037
451 414 891 1775 1965
473 721 732 743 1638 1720 1805
770 164 181 283 907 1077 1156 1237 1423 1916
1544 975 1138 1695 1952
1649 440 1007 1056
157 1053 1362 1618 1761
1053 652 679 1033
1362 656 940 1230 1399 1767
1618 741 1138 1431 1514 1895
1761 169 229 279 907 1080 1327
158 199 785 1374 1862
199 309 1150 1385 1599
785 291 352 875
1374 400 481 1622 1730
1862 227 427 479 1987
159 180 1993
180
1993 756 1302 1771
160 374 472 726
374 601 610 748 975
472 905 1498 1773 1893
726 364 595 1064 1411 1892
161 1698 1771
1698 652 847 902 1390 1759
1771 721 961 1595
162 603 1022 1353 1942
603 924 1116 1220 1696
1022 1065
1353 421 767 842 1065 1394 1825
1942 666 1683 1913 1966
163 1204 1512
1204 616 1726 1749 1903
1512 196 367 1391 1824 1838
164 522 1450
522 575 1196
1450 223 247 714 725 854 1079 1148 1381 1498
215 313 1107
396 453 675
1648 1519
1794 1307
663 343 496 1656
716 237 1641 1869 1961
984 1318 1525 1666 1796
1294 351 479 560
167 273 479 549 719 1345 1840 1969
273
479 183 1056 1257
549
719 186 644 1356 1380 1937
1345 767 1364
1840 397
1969
501 1081
710 722 1205 1802
1037 997 1202 1385 1613 1658
169 280 815 905
280 505 652 1135 1393 1540
815 368 1842
905 459 532 1846
170 570 1514
570 508 786
1514 916 1212
761 1387
989 531 1232 1266 1408 1631 1738 1819
1523 348 777 848 1009 1010 1127 1129 1300 1859
598 477 1127 1312 1369 1914 1976
781 195 537 1933 1974
1056
1091
1482 272 827 1610
214 200 573 1849
216 362 701 1665
775 519 1151
1093 1261
1197 952 1526 1864
1315 1067 1522 1624 1727
1775 196 291 565 627 852 1150 1309 1812
1819 401 952 1084 1779
1954 691 933
612 390 477 596 946
1678 381 1500
175 240 747 788 890 1335 1867
240 266 886
747 620 664 666
788 1020 1589 1937
890 1264 1479
1335 587 1842
1867 200 1657 1695
1229 1931
1860 272 1141 1241
177 296 421 1246
296
421 381 949 1589 1676 1750 1921
1246 1984
178 227 359 600 1346
227 1703
359 1334 1798
600 633
1346 344 485 855 1007 1476 1652 1880
179 246 609 1722
246 346 493 688 951
609 1620 1622 1646 1754
1722 1032 1568 1837 1926
181 681 1070 1321 1837
681 1411
1070
1321 777 1257
1837 758 1222 1955
182 1622
1622 1447
183 1378
1378 1192 1381 1666 1853
184 1377 1888
1377 327 1612 1796
1888 578 1462 1979
185 595 997 1391 1600 1767
595 763 866 1063 1772
997 630 1909
1391 508 584 625 758 1526 1841
1600 1039 1065 1444 1494
1767 294 337 445 846 1623 1677
186
921 671 1065 1149 1671
1067 197 664 784 946 1380 1589 1620
284 482 1222 1397
407 362 1277
481 748 1389 1682
1746 599 902 986 1136 1248 1977
196 315 1163
615 1405 1446
671 900
1370 755 888 1781
191 345 588 714 1422
345 619 1222 1303 1307 1497 1806 1926
588 616
714 1191 1257 1930
1422 1110 1864
587 548 1919 1940
233 300 949 1445 1654 1818 1877
1494 1446
924 802 932 1427 1451 1845 1866
944 339 431 467 703 850 1719 1916
1265 458 1317 1576 1914 1950 1988
195 290 334 596 1443 1918
290 882 941 1026 1248 1697
334 455 865
596 1149 1232 1311 1532 1835
1443 440 633 1331 1355 1447 1684
1918 241 806 887
315 849 897 1184 1778 1783
1163
197 1784 1800
1784 335 786 1012 1186 1670
1800 488
331 455 1355
337 239 825 1484 1724
952 581 645 900 1017 1676
309 440 1704
1150 206 1220
1385 635 1081 1203 1470
1599 1826
200 829 1138 1873
829 1481
1138 772 1156
1873 387 754 1277 1580 1693 1833 1853
572 801 884 1187 1527 1911
743 877 1728 1998
834 680 1668
1082 375 1568
1530 779 892 1064 1724
1604 460 646 673 699 705 1728
202 343 433 1033 1205 1518
343 550 723 772 801 832
433 969 1271 1748 1764
1033 695 846 1408
1205 352 753 1479 1683 1950
1518 377 702 1025 1081 1680
459 661 1825
729 375 1164 1726 1824 1892
1829 620 1264 1404 1552
1976 1397
205 390 550 1187 1312 1462 1605 1765
390
550 651 1428 1877
1187 1184 1417 1447 1731
1312 1463 1752 1922
1462 1510 1877 1920
1605 431 457 627 666 818 1322 1589
1765 1240 1415 1426
206 916 1750 1962
916 310 505 808 985
1750 405 635 772 887 1526
1962 218 940 1064
207 1802 1906
1802 1381
1906 690
887 1001 1039
767 689 1696
1102 387 882 1896
1438 435 848 1005 1157 1587
1749 668 1344
210 496 668 753
496 1203
668 759 1220
753 562 755
486 468 488 1010
519
543 483 892 1024 1080 1532 1631
616 360 703 1702
1140 808 1192 1258 1318 1699
545 349 644 701 1766
270 641 692 744 990 1414 1772
514 335 985 1509 1587
882 535 709 927 1997
1129 458 1390 1456 1550 1572 1683
1748 1061 1371
1792 515 880 908 947 1018
1972 468 1257 1510 1927
1997 548 1164 1231
573 1126
1849 789
313 682 701
1107 1881
362 429 685 1307
701 283 460 470 475 1785
1665 488 1929
217 1439 1577
1439 1116 1532 1679 1729 1990
1577 412 1738
218 291 590 601
291 304 488 1395 1677
590 691 1100
601 266 1047 1706 1903
759 537 932 1454 1550
1751 749
429 1752
730
1288 651
1444 409 1493 1638
1510 817 1292 1944
221 463 658 793 854 1242 1653 1956
463 1330 1589
658 355 645 995
793 278
854 670 1415 1882
1242 255
1653 804 1739
1956 680 1184 1395
388
455 283
223 656 842 880 1098 1415
656 1296 1399
842 645 688 804 1324
880 1702
1098
1415 1342 1456
224 462 1171 1910
462 1540
1171
1910 1931
242 332 349 914 1638
304 625
1399 551 866 1571 1624 1828
1921 802 1421
1703 389 682 786 1421
228 356 531 1504 1572 1806
356 532
531 1940
1504
1572 899 993 1046 1772
1806 1210 1314 1381 1738
229 1483
1483 398 789 814 1697 1893
230 425
425 548 666 682 898 1527 1851 1992
617 399 476 1999
1264 310 1028 1432 1727
232 392 1084 1497 1926
392 530
1084 1013 1394
1497 581 1866
1926
300 1141 1234
949 268 532 1697
1445 1257 1875
1654 562 1045 1532
1818 985 1357 1485
1877 403 470 1101
234 885 1038 1928
885 1257 1509
1038 721 843 1913 1952
1928 1178 1258 1498 1870 1909
235 1231 1357 1394
1231 967 1745 1856
1357 350 1010 1306 1975 1981
1394 1728 1944 1965
332 809 1569
1055 645 943 1500
237 959 1500 1916
959 360 964 1882
1500 651 722 1890
1916 1273 1356 1733
673 244 477 898
1785 384 1100
239 792 1089 1892
792 1224
1089 370 619 737 782 866 1247
1892 259
266 261 852 1087
886 302 1154 1474 1977
241 620 751 1160 1389 1833
620 1790
751 453 1296
1160 1664 1929
1389
1833 1903 1955
349 249 518 1165
914 244
1638 664 837 1276
908 1101 1535
1025 281 1234 1787
1125 475
1451 464 819 1266 1741
1489 947 1179
1671 355 357 605 892 1585
1845 475 626 1745
244
551 286 1203 1776
845 1013 1155 1505 1608 1709
1148 808 1404 1853
346 491 1579 1896 1912
493 1222 1922
688 1153 1271 1630
951
247 1030 1940
1030 891
1940 661 1178 1334
248 1135
1135 249 1258
249 1000
1000 660
535
1198 824
1266 728 802 1960
1709 661 756 1805 1922
1826 703 1115 1719 1739 1766
251 804
804 773 962
1032 397 1734
1081 1028 1695
1951 1381 1417
357 1064
574 703 1549
1359 996 1065 1248
1459 1332 1387 1405 1658
255 298 699 1781
298 1020
699 515
1781 453 806
1350 539 817 1252
1764 525 1676 1961
258 283 888 1222
283 537 754 1199 1203 1454
888 261 411 669 1612
1222
259 1975
1975 372 632 744 940 1146 1817 1863
412 749 1733 1934
1164 502 832 1650 1983
261 581 677 1447
581 1230 1538 1673 1929
677 941 1371 1831
1447 1017 1184 1407
760 299 1629 1647
1327 619
1650 335 557 884 972 1585 1903
1932 690 1063 1291
1074 319 927
1484 1859
1356 1137 1408 1657
1407 510 929 966 1051
1702 1287 1683
1998 494 866 1725
265 401 626 773 1096 1365 1783
401 564
626 849 1822
773 417 881 1739
1096 351 881 1999
1365 847 1426 1593 1920
1783 411 926 1677
852 474 1560
1087 344 560 1060 1211 1245 1463
682
763 1236 1607
1782 856 1184 1922 1958
268 737 1273
737 900 1177
1273 336 1017 1724 1977
314 832 1046 1065 1985
578 358
1571 327
641 288 1952
692
744 327 832
990 560 1186 1468
1414 488 906 1252
1772 303 452 537
1505 368 1061
1684 1355 1470 1560 1774
1859 335
272 772
772 471 895 1796
274 630 817 1012
630 344 399 1824
817 1307
1012 945 1212 1587 1641
1179 1396
1737 619 1958
1028 976 1355
278 1133
1133
279 625 996 1149 1793 1955
625
996 986 1018 1308
1149 1532 1538 1941
1793
1955 734 1674
505
652 1880
1393 1322
1540 679 1474 1598
281 733 1322
733 877 1966
1322 937 980
821 1864
1398
537 881 1342
754 1156 1476 1974
1199 631 1603
1203
1454
482 1329
1397 1774
286 380 467
380 1274
467 470 1047
288 539 1236
539 1061 1585 1945
1236
941 307 1261 1893
1026 779 1046
1248 447 1015 1387
1697 502
488 457
1395 1116 1535
1677 1409 1522 1759 1919
958 999
1168 1987
1412 755 884 995 1281 1302 1695 1814
1608
1635 666 1752 1896
293 1151 1468 1656
1151 1331 1690 1979
1468
1656 1481
294 999 1822
999 1080 1630
1822 665 1080 1898
295 1024
1024 676 856 1579 1901
1295 1137 1232
1020 1467 1609 1699
299 878 1509
878 853 1904
1509 1939
1141
1234 465 1046 1978
651 963 975 1390 1477
302 644 1061
644 431 445 1875
1061 336 898 1145 1900
303 579 895
579 786 1664
895
330
605 307 832 1184 1534
1045 440
698 327 1134
1071 1418 1536
1427 809 1380 1736
1679 310 659 1341 1868
307
440 1405
1704 417 712 809 1302 1401 1403
310 1309 1554 1977
1309 884
1554 712 1318
1977 534 610 929
397 1276 1291 1417 1966 1967
403 1250 1342 1522
460 1613 1882
1079
1421 1110 1549
1479
1498 660 739 1013 1137 1893 1952 1958
1532 1533 1587 1727
1314 350
1502
832 741
1046 777 964
1065 560 712 1136 1154 1904
1985 927 1581 1739
849 561 646 666
897 427 685 1912
1184 400 794 976 1052
1778 411 1007 1580
613 689 780 961 1912
1960
318 521
521 748 818 1674
319 423 477 1428
423 381 659
477 1478 1706
1428
381 646
1237 438 1258 1664
1456
323 441 777 1068
441
777 1308
1068
993
1017 510 654 837 870
548 468 787 855 1499 1676 1999
1077 1603
1461 532 1448
1724 494 1252 1657
632
1922 786 1934
327 1825
1825 1117
328 1597 1919
1597 962 1734
1919 1934 1984
1355 1990
809 1261 1274 1408
1569 694 709 1192 1402
534
1154 633 1005 1019 1381
1939 634 985
1950 789
865 510 1732 1974
335 1118 1585 1984
1118 470 1568 1629 1631 1759 1937
1585
1984 847
336 1875
1875 661 1408
825 1126 1776 1820
377 637 1188 1979
1752 1297
339 406 741 801
406 700
741
801 722 776
1186 1344
341 661 1110 1610
661 375 475 964 1842
1110
1610 480 643
610 541 1153 1595 1619 1952
771
1647 568 1418 1623
1846 1466
723
344 1961
1961 645 680
619 458 1657
1303 471 945
1307 350 926 1210 1670
491 872 925
1579 444 943 1517
1896 445 665 1842
1912
348 676 1453 1517
676
1453 370 622 758 1221 1528 1980
1517 419 1115 1405
518
1165 1929
350 1476
1476 739 1609 1901
351 866 1005 1598
866 961 1719
1005
1598 1915
352 802 937
802 1568
937
1478
1967 1477
355 1153 1914 1968
1153 622 1226
1914 364 1381
1968 1766
532
1064
358 438 1214
438 1562
1214 1146 1682 1974
1334 1010 1127
1798 483 1990
360 690 969 1308
690 1852
969
1308 560 1561
850
1145 1009 1318
685 1100
1220 1137 1900
364 1568 1609
1568 525 1796
1609 1565
366 1408 1673
1408
1673 983 1999
367 1607 1623 1866
1607 979 1466
1623 786 898
1866 1183 1550
368 808 1909
808 635 1280 1736
1909
881 1326 1719
370 784 872 1595
784 1326
872 544 683 1013 1549 1613
1595 839
372
373 498 1247
498 980 1529
1247
748 873 1134 1364
975 1731
375
1326 1001 1687
1528
637 1188
1188 1706 1812
1979 1396
511
904 417 1381 1589 1965
1019 943 1557 1931
1317 703 1291
1274 1226 1864
646 1944
382 1324 1396 1805
1324 1250 1827
1396 827 1624 1776
1805 919 1690
383 1078 1342
1078 417 675 807 903
1342 786 1207
384 1992
1992 1619
568 1864
1561 1240 1318 1683 1903 1989
892 1894
1664 1257 1911
387 523 702 755
523 1224 1522
702 1646
755 875
389
391 422 1390
422 903 971 1858
1390 1611
530 502 1865
468 471 1565 1853 1913
1796 705
1271 884 1257
453 400 1493
675 1432
1276 1368 1552 1828
1291
1417 1007 1108 1641
1966
398 766
766 485
399
400 627 1001 1257 1368 1619 1852
627 1127 1856
1001 691
1257 1137
1368 1381
1619 1013 1541 1668 1812
1852
564 704
1973 1733 1734
1250 1272 1944
1522 1857 1983
645 725 1869 1947
405 1196 1612
1196 1690
1612 962
700 695
1277
1101 640
1680
409 424
424
411 471 494 499 1474
471
494
499 806 932 1371 1435 1920
1474 1155 1202 1929
749 1893
1733 1329 1330
1934 721 943
721
976 899 1331 1592 1683
414 643
643
475 1495 1611
870 515 986
1593
1641 980 1835 1971
1674 1754
945 819
1865
417 932
932 756 1971 1999
418 576
576
419
1589 1435
1676 1426
903 591
971 427 562
1858
659 483 1944
666
898 560
1527 694 1010 1404 1713
1851 800 1243 1900
919 1047 1929
427 940
940
450
670 1835
900 1226 1560
1240
1463 703
1687 584 782 1541
431 873 1296 1387 1481
873 560
1296 447 1876 1903
1387 1423
1481 1499
432 1211 1525 1827
1211
1525
1827 635
1930 980 1933
435 1863
1863 1689
1974 1405
1562 464
1519
1405 1745
583 1221 1881
443 1857
1857 445 1759
444 1630 1902
1630
1902
445 1978
1978
589 995
447
1945 560 1920 1937
787 1890
1108
891 1682
1965 660 789 1207
452
1493
457
458 1731
1731 1670
1613 1870 1881
1882 927 1320
461
1330 1341
464 1380
1380 1557
465 1536
1536 695 1034 1241
1555 1741 1880
470 979 1431
1047 1893
1565 1670
1853 1470
1913
979 758
1431
1773 875
1893
732 923 1369
1720
474 1381
1381
1495
1611
476
1706 1015
480
1682 1230
1329 739 1904
483 1372 1779
1372 1467
1779 902
1538
485 703 1261 1526 1666
703 855 1467
1261 1409 1615 1701
1526 779
1666 562 902 1013 1060
1010 907
983
1689
925 1369
1730
660 977
848
1009 1157
970
1311 1287 1621
980 1137
1529 929 1341
806 552
1371 525
1435 1824 1971
1920 827
541
502 1466
1466 680
1545 935 1060 1659
508
899 1869
510 611
611 1331
1131
1325 943
985 1980
1587 1787
515 1281
1281 994 1898
1890
818
575 972
1224
1541 1937
525
758 819 1643 1695
1620 1670
1988 1051 1404
591
1238 1535 1621
1306
1080
1631 1717
544 722 1990
722 562 1499 1929
1990
1766 1369
824
855
1499
1999 1670
1776 1015 1485
552 1816 1868
1816 964 986
1868 1192
807 1403 1606 1759
633 1581
1814 1063
557 902
902 1668
839 1470
1929 1668
560 995
995
561
562
704 1824 1980
565 1744
1744
1864 1183
1051
1134
1448 1880
786
1458 847
1550 1904
884 756
1911
1126
1549
972
1230 1226 1401
1941 926
1221 827 918
1881
584
963 1971
1403
927 1828
691
1100
1533 789
954 1732 1736
1063 846 1320
1212
1232 718 1280
1835 1411
1127 828
1369 1981
599
1903
1116 779 1272 1364
1696 929 950 1817
1534 680
640
883 1736
680 853 1553
1552
1717
1646
1754 1411 1944
1952 1603
1331 712
946
689
780 712 814 1621
961
1446 794
1404
1657
1790
622 1987
1987 1178
1683
1856 800
1637
1745
1824 664
631
1581
634 1207 1513
1207
1513 827 856
635 1842
1842
648 964 1039
705
1736
725 776
1869
1947 853
1944
964
1039
709
724
1015 827
1652
1477 1699 1927
1880 694
718 935 966 1603
654
846 1688
977 943 1576 1602
662 837 968
837 1302
968 789
664
665
800 1995
986 1870
669
1693 1971
1432
1831
1467
1980 1194
679
853
1553 1695
1411
683
1418
1178 1210 1729
694
695
923
712 1423
1423
1191
858
935
966 1470
1603
1937
1157
776 950
1551 1895
728
1726
847 734
1739
877
734
736
1177
739
1728 1052
1364 1659
1210
1156
875
756
819
1643
1695
1629 1904
1119
1900
794
810
929
1624 1870
907 1241
950 1354
779
814
1621
1933
782
789
1901 1318
1470
1592
1034
1995
962
1606
1759
1280
1243 1252 1820
1615
1320
1719
823
1820
827 1557
1557 1146
828 965
965
831
1013
1668
1602 1332
1302
843
1401
1155 1094
1688 1983
1560
856
1292
1480
1836
1732
1904
1894
1226
1402
906
1241
1535 1344
1580
918
926
1828 1667
1971 994
933 947 994
947 1052
994 1983
1285
943 1563
1563
1052
1354
1817 1915
967
1576
1137 1812
1318
1870
1667 1094 1183
1738 1741
1094
1983
1018 1328
1007
1344
1328
1931
1699
1117
1787
1734
1876
1202 1409
1658
1060
1136
1485
1085
1245
1152
1713
1115
1272
1258
1812
1192
1146
1690
1981
1729
1180
1183
1194
1200
1409
1885
1252
1915 1741
1701
1262
1727
1774
1659
1898
1287
1297
1958
1300
1670
1341
1332
1426
1841
1741
1927
1486
1838 1895
1895
1989
1725
