0 181 310 376 1056 1197 1297 1469 1630 1715 1760
181 84 226 339 555 599 930 949 1516 1556 1744 1854
310 144 308 378 451 682 912 948 970 1290 1305 1574 1759 1844 1964
376 65 144 593 1015 1059 1251 1357 1527 1943
1056 151 266 379 888 1064 1117 1122
1197 378 449 555 574 663 744 904 1176 1188 1229 1504 1566 1573 1578 1603 1644 1823 1881 1921
1297 111 472 652 785 1067 1103 1133 1191 1287 1339 1510 1526 1709 1854 1925 1969
1469 312 368 444 553 570 655 674 837 991 1072 1386 1511 1660 1748 1930 1945 1995
1630 149 164 282 334 427 439 537 804 1080 1428 1703 1821 1849 1990
1715 717 789 1101 1246 1318 1329 1386 1516 1836
1760 94 125 130 289 449 584 790 792 969 998 1043 1538 1656
1 738 742 900 956 1276 1385 1475 1600 1652 1847 1878
738 266 328 411 420 522 535 677 826 1033 1333 1392 1780 1924
742 64 210 622 666 734 982 1049 1078 1102 1405 1438 1515 1549
900 64 138 200 226 259 293 460 711 763 862 901 1086 1272 1454 1457 1460 1523 1625 1856
956 424 579 636 713 782 887 942 1336 1441 1541 1550 1625 1737 1838 1898 1938 1949
1276 187 291 350 409 611 691 832 1122 1246 1263 1756 1783 1819 1908 1956
1385 68 156 214 321 356 700 736 998 1172 1206 1294 1404 1541 1610 1901
1475 104 134 148 239 510 707 841 1325 1397 1449 1534 1627 1695
1600 168 536 593 694 725 919 1074 1131 1201 1416 1432 1767 1936
1652 55 624 723 841 843 1236 1303 1321 1733
1847 582 724 758 984 1082 1229 1290 1576 1628 1646 1740 1776 1924 1926 1980
1878 347 565 721 728 800 810 824 1045 1054 1151 1645
2 188 289 443 464 616 744 1292 1361 1408 1640 1762 1763 1787
188 83 98 116 279 352 414 548 928 1033 1314 1464 1778 1833 1982
289 329 380 499 629 635 643 731 925 1000 1207 1272 1288 1444 1453 1492 1708 1714
443 176 338 760 877 880 912 1082 1346 1505 1741 1757 1791 1961
464 4 333 480 513 529 826 950 964 1112 1443 1513 1629 1747 1958
616 101 109 136 226 889 952 1182 1303 1384 1767 1962 1983
744 50 141 244 302 830 972 1171 1261 1314 1327 1410 1716 1886
1292 568 683 842 885 1027 1073 1152 1542 1628 1819
1361 94 170 408 416 713 961 1054 1390 1506 1591 1779
1408 134 423 436 589 693 712 733 811 849 958 1576 1638 1671 1733 1949
1640 23 380 611 1023 1223 1321 1338 1420 1727 1729 1875
1762 12 185 237 258 287 356 562 763 847 998 1082 1161 1191 1289 1377 1568 1615 1824 1987 1991
1763 144 373 495 555 748 1050 1166 1188 1298 1401 1412 1697
1787 216 456 514 524 649 753 858
3 24 110 178 187 195 243 546 901 1062 1200 1206 1355 1563 1632 1637 1675 1807 1846 1945 1996
24 255 261 275 670 844 883 891 954 977 1245 1406 1599 1797 1810 1865 1915
110 51 135 618 728 869 875 905 906 1121 1366 1380 1590 1698 1821 1988
178 485 618 646 752 944 967 1222 1301 1303 1436 1602 1706 1711 1735 1820
187 26 106 125 135 468 600 620 671 828 888 890 1124 1221 1544 1563 1573 1625 1746 1796 1897 1956
195 149 176 292 359 416 645 769 913 1001 1116 1139 1199 1204 1229 1435 1483 1521 1599 1751 1846
243 16 506 716 805 991 1770
546 34 159 215 508 578 809 840 1037 1090 1169 1427 1464 1487 1530
901 156 447 665 773 778 856 1038 1093 1221 1322 1368 1430 1556 1602 1702 1748
1062 352 457 610 999 1121 1564 1776 1885 1893 1965
1200 22 180 219 240 527 611 806 847 1198 1243 1341 1359 1416 1655 1829 1885 1915 1920
1206 79 539 566 755 791 1236 1247 1897
1355 302 736 752 844 893 1001 1089 1137 1262 1353 1756 1757 1758 1801 1876
1563 76 194 218 295 416 495 757 760 817 850 1086 1095 1145 1230 1284 1425 1544 1682 1843 1855
1632 145 231 324 439 614 658 841 1274 1295 1348 1392 1396 1618 1953 1982
1637 9 130 235 238 819 955 970 981 1035 1079 1118 1589 1693 1759
1675 17 132 167 396 498 536 651 926 1046 1227 1347 1380 1551 1695 1795 1837 1960
1807 55 105 124 250 448 603 801 840 850 931 1096 1536 1604 1733
1846 161 372 386 435 477 572 767 780 892 908 939 1091 1182 1480 1626 1809 1977
1945 105 255 396 447 559 567 570 897 1189 1310 1345 1368 1863
1996 26 90 141 547 849 1106 1237 1808 1925 1969
4 117 185 306 395 615 708 766 857 972 1245 1364 1705 1870
117 164 456 620 1163 1392 1585 1673 1707
185 13 36 176 336 381 452 522 605 664 757 833 1280 1305 1369 1685 1745 1830
306 86 370 432 603 671 763 1107 1246 1509 1521 1636 1722 1784 1937 1981 1995
395 38 72 102 210 212 378 448 729 781 844 1528 1552 1768 1969
615 191 222 518 540 1150 1211 1346 1387 1479 1514 1558 1668 1785 1804 1809 1876
708 8 170 295 372 393 617 633 668 705 733 1058 1095 1225 1247 1429 1702 1759 1800 1821 1948
766 34 71 93 200 354 714 782 867 895 1191 1470 1558 1626 1736 1774 1778 1863
857 239 301 606 717 754 774 827 874 1338 1679 1736 1776 1861
972 32 101 351 469 751 903 923 1027 1047 1124 1487 1529 1552 1658 1870 1927
1245 369 410 622 630 641 717 743 779 799 1405 1774 1776 1875
1364 397 432 471 739 848 1010 1019 1464 1521 1631 1989 1997
1705 359 410 424 527 536 628 707 718 1210 1517 1871 1935
1870 199 317 453 720 807 977 1135 1167 1300 1317 1430 1513 1583 1670 1922
5 296 521 577 587 675 705 1031 1278 1302 1379 1539 1592 1745 1939
296 9 281 440 478 485 796 841 843 922 1039 1153 1198 1205 1447 1467 1546 1743 1924 1940
521 920 1050 1213 1252 1411 1456 1605 1804 1872
577 29 74 478 780 903 1031 1192 1209 1484 1504 1560 1566 1709 1729 1735 1798
587 80 304 473 480 537 551 813 1174 1183 1562 1812
675 23 223 247 407 749 831 844 1173 1265 1350 1450 1467 1526 1546 1647 1728 1828
705 147 543 667 754 787 898 992 1015 1231 1518 1586 1660 1808 1837 1998
1031 52 70 268 348 426 629 788 807 812 964 1266 1380 1879 1946
1278 116 477 661 765 774 876 1306 1420 1662
1302 55 116 412 454 469 490 571 871 1087 1113 1367 1587 1655 1729 1962 1997
1379 70 538 545 966 1059 1100 1540 1618 1812
1539 14 88 349 910 1004 1448 1466 1591 1771 1779 1930
1592 48 271 745 794 831 1218 1266 1304 1773 1982
1745 30 45 69 177 255 322 397 562 566 759 825 859 913 951 1051 1353 1507 1625 1659 1669 1820 1848
1939 108 199 337 473 716 801 1068 1236 1934
6 30 318 406 605 607 665 674 723 777 780 919 951 959 1090 1306 1335 1476
30 223 240 452 466 579 661 786 811 1104 1243 1370 1593 1723
318 82 223 333 643 886 906 964 1207 1289 1485 1490 1524 1565 1580 1583 1602 1708 1796 1965
406 77 305 362 563 629 1669 1977
605 260 486 515 541 966 1258 1320 1445 1582 1942 1955
607 36 191 502 763 929 975 988 1042 1449 1452 1467 1503
665 429 493 508 799 1281 1401 1691 1819 1948 1975
674 66 231 269 503 543 637 801 1275 1656 1812 1832 1876
723 53 321 337 486 898 995 1040 1050 1092 1112 1224 1281 1571 1657 1681 1716 1914 1950
777 36 316 451 635 1171 1497 1646 1695 1720 1768
780 27 136 305 490 725 800 1381 1620 1879
919 409 974 1363 1704 1925 1971
951 83 88 263 267 402 790 935 1369 1468 1538 1596 1876
959 62 268 437 648 984 1043 1186 1495 1648 1735 1802 1916 1943
1090 78 137 746 884 950 964 1004 1030 1066 1238 1412 1556 1605 1650 1840 1963
1306 12 53 347 540 560 873 880 1051 1114 1172 1667 1710
1335 74 229 305 354 452 878 920 1025 1068 1566 1590 1628 1736
1476 70 304 762 804 990 1027 1351 1386 1440 1671 1834
7 78 405 632 661 1000 1382 1519 1924 1971
78 139 270 305 501 580 1024 1083 1117 1196 1426 1699
405 247 442 683 736 912 1047 1419 1582 1621 1635 1639 1794
632 61 299 327 667 810 1115 1351 1444 1525 1552 1735
661 229 758 759 927 986 1294 1515 1778
1000 135 139 275 293 357 558 602 700 1068 1291 1299 1501 1509 1749 1753 1948 1950
1382 95 319 456 807 971 1067 1273 1324 1681 1798
1519 1170 1515 1565 1968
1924 173 561 769 775 1235 1522 1584 1843 1960
1971 199 465 535 608 645 1273 1372 1396 1550 1851
8 73 86 140 235 425 844 880 1163 1655 1818 1946
73 67 244 394 522 884 974 1050 1421 1636 1692
86 116 292 424 514 574 1114 1143 1617 1770
140 34 47 293 477 524 631 633 716 829 954 1014 1148 1991
235 90 118 179 207 271 694 801 834 1195 1196 1664 1739 1761 1805
425 66 162 745 859 1115 1128 1173 1352 1390 1757
844 46 272 424 572 754 851 920 997 1061 1264 1507 1848 1872
880 72 239 362 440 671 733 955 1032 1097 1104 1155 1244 1977
1163 22 124 135 345 764 771 783 864 1099 1534 1708
1655 136 240 774 1032 1046 1664
1818 99 315 372 735 740 843 886 1004 1008 1221 1240 1275 1665 1884 1947 1950
1946 111 114 253 447 647 832 934 949 1129 1383 1478 1680 1779
9 713 922 947 1128 1219 1285 1351 1433 1513 1916
713 335 383 485 749 864 927 1044 1071 1255 1357 1751
922 284 475 585 630 704 968 1081 1088 1406 1614 1707 1826 1993
947 93 322 599 621 631 657 1063 1195 1373 1497 1515 1596 1736 1759 1899
1128 21 145 495 730 905 1057 1099 1199 1214 1310 1376 1429 1664 1670 1677 1887 1905 1918 1953
1219 46 418 506 612 941 1057 1362 1477 1658 1728 1730 1739 1771 1959
1285 49 170 455 630 666 1034 1237 1574 1621 1696 1747 1785
1351 124 226 364 707 782 890 1115 1452 1647 1768
1433 330 427 492 518 593 761 776 962 1158 1661 1662 1681 1800 1919
1513 189 728 768 849 870 970 1093 1224 1225 1537 1775
1916 203 496 707 1033 1121 1154 1158 1167 1195 1230 1296 1386 1850 1914 1944 1981
10 175 210 236 272 396 699 701 879 934 1043 1121 1125 1511
175 157 177 621 646 698 1175 1243 1423 1589 1782 1905 1991 1995
210 36 136 267 322 342 691 709 907 1010 1028 1174 1179 1369 1376 1753 1826 1959 1966
236 324 455 1028 1113 1311 1509 1862 1871 1903
272 63 115 221 397 426 619 645 867 1616 1821
396 111 399 402 656 682 1342 1512 1602 1920
699 61 66 74 258 271 294 365 1069 1418 1517 1613 1789 1914
701 132 417 433 502 524 1046 1176 1188 1257 1281 1416 1639 1931
879 107 135 319 589 671 704 931 1038 1094 1096 1131 1199 1370 1377 1960 1980 1985
934 311 412 415 437 453 494 508 598 679 692 712 1046 1125 1480 1626 1686 1726 1864 1908
1043 41 161 283 441 647 673 1109 1767 1898 1903 1963
1121 77 133 190 381 535 794 999 1027 1110 1129 1330 1336 1604 1644 1973 1994
1125 158 216 246 366 526 774 957 1212 1430 1466 1528 1586 1665 1703 1854
1511 12 57 67 72 94 230 630 815 860 874 976 1085 1189 1482 1520 1862
11 61 507 877 980 1430 1711 1960
61 120 313 496 772 827 834 1052 1238 1247 1324
507 158 373 664 828 925 932 1228 1246 1268 1284 1570 1778 1789 1830 1841 1982
877 57 627 782 846 998 1015 1016 1022 1065 1104 1135 1196 1529 1664 1784 1804
980 125 223 320 385 906 1004 1369 1731 1845 1944 1978 1997
1430 102 105 149 264 869 1561 1580
1711 100 313 393 427 502 541 907 936 1140 1402 1486 1489 1738
1960 530 624 625 962 1089 1161 1196 1581 1646 1678 1761 1876 1888
12 213 377 814 903 1055 1100 1350 1451 1671 1834 1860 1881 1991
213 76 302 509 544 600 876 885 927 1119 1202 1231 1312 1447 1547 1789 1811
377 100 144 174 260 541 810 846 1079 1263
814 20 253 294 316 333 390 589 940 1151 1177 1313 1526 1601 1610 1784 1920
903 50 124 194 369 423 424 741 906 1406 1611 1635 1941 1972
1055 274 551 921 923 997 1402 1555 1606 1937
1100 23 170 407 920 967 1103 1316 1357 1588 1665 1753
1350 203 231 341 354 386 442 627 757 758 1170 1282 1461 1502 1662 1902
1451 35 66 290 687 769 795 824 1101 1234 1528 1778 1819 1829 1891
1671 62 91 141 257 378 476 734 884 1023 1170 1261 1277 1505 1684 1797 1892
1834 419 422 730 1311 1404 1446 1673 1704 1712 1799
1860 83 165 199 206 211 297 776 1140 1248 1282 1432 1485 1629 1968
1881 126 173 223 247 293 302 436 497 647 1179 1393 1437 1470 1577 1627 1962
1991 133 319 732 896 911 1332 1367 1522 1591 1650 1784
13 137 268 429 691 740 808 894 1303 1437 1510 1579 1748 1758 1873
137 38 68 307 325 509 767 1095 1189 1331 1615 1815 1969
268 46 149 582 691 695 794 815 863 1510
429 75 287 696 706 791 999 1283 1612 1725 1833 1967 1968
691 466 541 821 1012 1086 1095 1601 1947
740 47 174 177 626 806 821 996 1083 1564 1716 1730 1980
808 402 523 861 868 1137 1185 1228 1368 1601
894 204 270 285 445 449 451 472 637 1035 1186 1194 1398 1758 1784
1303 209 212 413 494 651 790 891 949 989 1012 1093 1234 1339 1398 1505 1521 1747
1437 83 173 734 929 1275 1400 1490 1614 1898
1510 391 557 604 648 802 829 866 1108 1265 1312 1422 1445 1491 1776
1579 156 694 719 840 902 1023 1140 1194 1311 1457 1688 1724 1811
1748 19 99 267 279 368 502 676 928 991 1011 1259 1367 1374 1653 1678 1990
1758 116 205 382 535 542 912 939 1446 1552 1920
1873 22 71 157 255 628 629 818 966 1003 1037 1038 1222 1323 1395 1402 1578 1849 1864
14 68 526 645 671 679 688 784 819 853 864 1368 1493 1503 1509 1832 1907
68 32 223 434 565 609 692 962 1018 1376 1410 1574 1875 1927 1947 1969
526 17 565 684 719 836 859 1380 1577 1658 1809
645 21 82 485 753 840 859 1013 1289 1366 1496 1658 1802
671 144 265 685 720 1092 1872 1892 1973
679 150 360 465 654 764 1058 1080 1135 1154 1576 1906 1954 1957
688 655 672 725 931 1172 1353 1549 1601 1993
784 27 514 761 795 971 975 1066 1587 1616 1849 1867 1907 1922 1987
819 118 551 583 710 751 975 1063 1221 1307 1690 1845 1948
853 89 302 371 457 567 579 734 793 799 908 987 996 1022 1136 1221 1381 1473 1654 1725 1865
864 479 770 771 925 944 1052 1300 1467 1680 1717 1828
1368 44 113 301 314 720 767 788 887 962 1012 1101 1104 1109 1274 1387 1502 1565 1624 1752
1493 33 269 385 634 1150 1402 1551 1645 1668
1503 108 256 276 285 490 752 826 930 1015 1103 1161 1175 1205 1518 1809
1509 148 244 498 739 1054 1251 1394 1659 1779 1810 1928 1987 1995
1832 132 332 719 954 1054 1340 1426
1907 34 182 470 516 1053 1249 1416 1442 1566 1915
15 95 145 174 282 433 511 770 868 991 1032 1251 1358 1372 1512 1972
95 171 245 281 501 619 626 921 942 1496 1866 1992
145 66 157 196 489 502 509 1048 1066 1246 1565 1619 1648 1674 1803 1959 1995
174 50 576 581 755 761 876 1077 1149 1152 1488 1614 1677 1750
282 62 477 511 564 906 1050 1215 1294 1397 1500 1536 1670 1966
433 224 229 384 448 629 636 822 833 849 1189 1201 1216 1327 1367 1456 1459 1717
511 212 430 962 1346 1373 1400 1545 1772
770 83 595 892 1058 1537 1727 1799 1828 1930
868 66 156 205 293 315 392 393 407 409 626 831 1029 1231 1569 1610 1730 1869
991 84 164 173 199 431 583 597 687 994 999 1345 1551 1576 1713 1732 1773
1032 186 261 414 513 726 743 805 1096 1415 1512 1514 1562 1602 1751 1761 1997
1251 360 364 512 582 781 836 1073 1189 1213 1405 1727 1757 1952 1958
1358 190 232 335 348 441 595 920 1074 1272 1378 1735 1938
1372 82 112 165 393 568 791 841 846 963 1008 1022 1529 1634 1739 1744 1906 1952
1512 53 501 525 704 949 1007 1272 1293 1348 1395 1413 1531 1599 1771 1889
1972 172 495 730 751 1087 1119 1209 1291 1374 1703 1788 1816
16 28 49 157 242 572 591 771 858 1049 1165 1184 1213 1291 1325 1331 1333 1384 1515 1534 1797 1865 1914
28 76 481 567 763 775 794 960 1224 1290 1724 1874 1932
49 570 733 1066 1344 1474 1986
157 35 72 225 581 602 859 1098 1217 1651 1657 1667 1723
242 34 149 221 386 602 841 870 1057 1198 1400 1626 1857 1935
572 36 216 556 558 561 629 687 802 821 981 1406 1435 1534 1614 1797 1934
591 69 136 182 908 1026 1178 1275 1312 1336 1625 1771 1911
771 44 160 913 1020 1103 1201 1215 1396 1465 1708 1926
858 131 149 229 367 609 1240 1247 1540 1631 1740 1749 1766 1806 1940
1049 226 419 654 1168 1192 1252 1462 1505 1608 1641 1695 1710 1769 1948
1165 161 208 230 293 731 941 1073 1099 1106 1756 1957
1184 42 43 97 170 273 622 787 834 906 1007 1145 1160 1259 1318 1547 1732 1823 1840 1909
1213 123 360 532 566 952 979 1018 1065 1070 1216 1309 1663 1927
1291 89 177 300 554 597 842 1195 1220 1354 1541 1628 1816 1855 1885 1909
1325 109 133 370 404 560 563 840 988 1272 1331 1570 1756
1331 75 264 423 753 939 1495 1627 1661 1743
1333 436 516 1136 1212 1480 1571 1772 1795 1839 1848 1992
1384 45 346 558 981 994 1250 1514 1814 1964
1515 52 176 364 400 811 1051 1057 1112 1226 1246 1507 1840 1927
1534 280 338 372 579 614 902 1039 1083 1113 1142 1183 1669
1797 522 533 1798 1800 1871 1997
1865 410 454 458 527 986 1045 1228 1764 1806 1917
1914 46 273 560 692 728 778 1133 1147
17 91 193 322 445 560 672 893 899 1089 1201 1279 1388 1459 1643 1716 1835
91 103 249 357 484 519 697 719 927 999 1064 1173 1505 1508 1669 1714 1845
193 772 969 1130 1172 1404 1558 1868
322 265 461 478 816 1022 1072 1130 1158 1373 1439 1553 1683 1911 1943 1954 1993
445 536 547 999 1146 1319 1410 1416 1603 1903
560 84 278 333 357 414 419 576 714 1421 1553 1566 1567 1723 1963
672 18 207 574 683 749 816 822 1137 1911 1984 1990
893 74 82 104 152 432 612 654 981 1122 1196 1248 1449 1474 1549 1557 1969
899 31 179 618 735 1003 1030 1154 1167 1334 1345 1546 1656 1680 1690 1837
1089 144 729 861 1074 1130 1301 1590 1816 1863
1201 64 85 107 327 870 989 1007 1304 1489 1965
1279 100 232 481 933 1131 1258 1262 1590 1702 1988
1388 20 104 147 180 353 627 710 715 737 790 1146 1362 1508 1756 1803 1835
1459 248 552 566 612 802 920 1307 1542
1643 356 442 600 643 736 792 971 1249 1462 1827 1879
1716 326 330 346 388 760 912 944 952 1041 1380 1441 1541
1835 166 312 397 531 807 859 1099 1588
18 59 357 824 1011 1250 1378 1588 1629 1693 1749 1822 1856 1955
59 291 474 478 485 778 1141 1344 1356 1472 1864 1885
357 48 388 502 637 737 781 1111 1307 1462 1761 1926
824 33 133 382 574 756 1035 1076 1628 1668 1966
1011 219 765 785 841 1260 1400 1806 1815
1250 1114 1218 1462 1734
1378 43 155 305 344 394 492 856 1367 1532 1559 1589 1692 1764 1839 1895
1588 94 162 194 239 304 350 412 452 797 801 1098 1202 1538 1582 1727 1854
1629 64 82 192 230 399 413 451 762 926 943 1003 1113 1157 1341 1419 1420 1500 1900 1942
1693 311 369 657 727 750 996 1109 1411 1466 1694 1920
1749 56 75 229 270 300 412 547 619 685 828 836 1186 1281 1298 1492 1558
1822 33 453 465 724 748 800 882 953 1101 1159 1316 1683 1895
1856 198 276 408 497 533 874 1078 1209 1268 1328 1485 1590 1656 1718 1724 1861 1964
1955 35 104 158 320 502 966 998 1053 1164 1605 1615
19 90 302 487 1051 1139 1190 1192 1310 1387 1487 1494 1514 1557 1666 1679
90 141 629 854 889 1078 1085 1234 1371 1463 1615 1696 1706 1799 1902
302 27 98 123 211 361 564 590 798 841 1044 1071 1153 1386 1908
487 355 370 493 611 941 1034 1072 1272 1344 1638 1753 1897
1051 493 588 1558 1687
1139 152 177 269 320 659 768 920 1117 1440
1190 288 473 575 589 715 926 1005 1290 1377 1505 1785 1965
1192 114 311 348 480 683 790 1126 1287 1477 1660 1725 1752 1829
1310 84 136 439 446 793 1140 1506 1647 1843 1864 1949
1387 394 444 807 912 1110 1296 1767
1487 71 776 835 1099 1188 1224 1481 1583 1859
1494 262 329 463 781 831 884 885 1059 1098 1294 1422 1452 1634 1659 1757 1997 1998
1514 142 152 292 311 314 324 400 417 566 649 870 902 1081 1085 1147 1218 1220 1507 1599 1794 1819 1929
1557 222 502 584 648 677 756 788 801 1078 1312 1456 1558 1710 1970
1666 133 173 490 826 842 1391 1736 1831 1874
1679 548 620 817 888 1315 1452 1504 1770 1954
20 43 92 177 191 258 292 368 592 801 839 935 1018 1127 1326 1376 1444 1659 1794 1919
43 409 570 696 896 910 942 1642 1775 1980
92 26 104 206 460 475 798 1014 1084 1166 1495 1607 1736
177 71 274 417 667 673 704 747 921 930 1010 1106 1225 1392 1460 1573 1591 1792 1890 1898 1930
191 144 200 211 254 498 626 946 1286 1371 1618 1990
258 118 375 397 415 444 458 1015 1096 1099 1138 1308 1544 1902
292 118 206 299 595 788 1039 1498 1548 1558 1855
368 37 38 367 787 1112 1252 1328 1395 1550 1562 1661 1806 1931 1951
592 176 714 754 954 1076 1088 1174 1288 1796 1849
801 72 214 332 500 702 741 1022 1329 1517 1798
839 153 342 367 568 573 689 1118 1148 1317 1330
935 69 77 321 946 1037 1072 1634 1986
1018 205 215 251 447 568 596 714 734 942 976 1195 1280 1486 1851 1921 1936
1127 57 155 441 884 985 1547 1573 1651 1670 1730 1742 1898 1985
1326 52 229 295 300 565 566 568 717 736 873 1028 1058 1110 1243 1442 1453 1932
1376 166 335 1172 1307 1369 1389 1820 1938
1444 41 516 622 727 1172 1180 1189 1265 1465 1533 1812 1930 1941
1659 215 390 516 517 540 625 629 727 1078 1228 1238 1257 1572 1602 1821 1851
1794 366 626 687 890 1137 1584 1864
1919 125 563 597 746 788 834 1005 1053 1531 1755 1905
21 149 421 553 602 609 792 873 1217 1227 1438 1587 1941
149 209 1058 1340 1604 1682 1696 1885
421 252 324 466 724 823 966 1138 1152 1189 1202 1246 1360 1827 1889 1911
553 203 316 604 830 1173 1264 1272 1289 1635 1759 1799 1808 1842 1956
602 330 346 359 449 486 525 817 908 1252 1261 1265 1536 1595 1889 1941
609 126 194 262 293 1081 1099 1425 1498 1883
792 63 64 98 288 479 601 737 751 785 1037 1746 1790
873 172 179 336 543 834 1123 1145 1344 1422 1474 1649
1217 75 220 279 362 423 909 1006 1022 1081 1214 1218 1255 1462 1593 1691
1227 89 121 141 239 537 563 571 1044 1085 1222 1334 1347 1524 1974
1438 529 775 788 849 1135 1800
1587 85 127 135 315 833 945 1075 1114 1298 1439 1608 1663 1889
1941 51 99 199 261 309 492 557 658 729 1581 1855 1890
22 327 344 542 948 1393 1536 1667
327 42 111 219 328 360 474 631 918 1069 1170 1357 1455 1472 1738 1764 1905
344 35 138 266 409 460 550 586 1222 1390 1426 1526 1556 1661 1901 1957
542 106 358 375 803 1048 1398 1577 1844
948 761 861 870 1131 1622 1751 1830 1841 1885
1393 146 247 388 533 604 739 806 1191 1470 1692 1901
1536 312 501 668 945 1171 1504 1530 1656 1808 1951
1667 221 408 686 749 803 989 1063 1096 1334 1369 1450 1452 1483 1532 1555 1578 1740 1901
23 254 436 459 510 590 682 760 1076 1105 1427 1768 1808 1866 1904
254 89 1002 1065 1662 1708 1827 1838 1845 1984
436 38 388 815 849 850 984 1028 1171 1281 1296 1565 1608 1736 1893
459 362 440 456 678 741 813 986 999 1261 1788 1893 1896
510 325 603 779 1395 1416 1551 1647 1651 1782
590 582 724 952 1162 1312 1348 1392 1727 1885 1915
682 276 305 340 629 904 945 1187
760 79 127 278 779 822 850 904 1015 1214 1277 1389 1501 1524 1889
1076 52 299 374 462 747 827 1555 1580 1788 1898 1978
1105 111 169 278 367 428 578 804 1488 1624 1648
1427 288 319 418 451 517 625 924 1072 1289 1411 1677 1725 1769
1768 165 471 657 886 923 1082 1161 1257 1434 1477 1639
1808 398 704 719 1052 1287 1354 1458 1556 1612 1691 1706 1792
1866 230 925 1080 1112 1286 1423 1468 1775 1802
1904 166 285 400 519 720 984 1150 1380 1474 1520 1861
255 305 845 849 928 937 1003 1224 1271 1712 1731
261 129 328 422 795 908 978 1415 1450 1736 1799 1998
275 79 281 480 568 1046 1079 1107 1189
670 369 372 543 765 1499 1506 1931
883 42 87 256 608 633 804 881 930 1034 1614 1789 1864 1973
891 164 426 440 543 727 837 886 1009 1092 1225 1340 1395
954 189 234 315 685 1156 1284 1518 1567 1647 1742 1800 1947
977 139 212 265 278 1309 1367 1424 1452 1465 1598
1406 150 533 564 932 1167 1319 1401 1488 1505 1523 1589 1839
1599 27 32 340 904 1260 1296 1373 1617 1947
1810 472 527 623 769 817 1037
1915 54 308 315 341 349 470 722 1334 1899
25 446 450 528 582 687 1083 1215 1224 1918 1987
446 467 1143 1214 1336 1439 1554 1739 1831
450 111 152 154 347 504 677 687 802 1181 1491 1674 1874
528 132 143 212 215 251 279 547 680 805 815 1205 1293 1547 1997
582 401 696 803 1030 1631 1674 1703 1952
687 152 160 225 634 1086 1175 1390
1083 244 580 759 765 965 1035 1339 1502 1615 1616 1958
1215 58 155 392 785 974 1183 1313 1404 1555 1604 1622 1891 1899 1967
1224 588 614 781 904 1126 1578 1602 1665 1728 1820 1994
1918 48 66 80 475 529 611 646 1269 1349 1895 1909
1987 233 301 354 680 926 981 1097 1107 1280 1523 1862 1864
26 299 352 354 747 1339 1356 1390 1422 1466 1577 1597
299 426 563 1259 1352 1617 1898 1931 1973
352 184 286 477 1065 1383 1481 1959
354 127 237 259 265 353 522 794 797 996 1061 1079 1162 1391 1457 1548 1724 1795 1859
747 104 410 692 702 815 970 1160 1871 1977
1339 305 477 618 790 835 998 1060 1605 1722 1817
1356 315 324 422 704 915 930 1058 1097 1311 1464 1474 1558 1769
1390 27 93 936 1312 1411 1527 1552 1615 1752 1781 1893 1957
1422 971 985 1006 1226 1266 1674 1782
1466 44 80 240 486 955 973 1063 1332 1434 1594 1730 1935 1981
1577 245 440 735 949 1008 1176 1720 1734
1597 47 200 835 1022 1315
27 63 134 144 147 493 683 704 993 1008 1456 1580 1695 1712 1801
63 143 166 305 492 804 965 993 1071 1194 1455 1723 1820
134 144 454 966 1020 1477 1504 1769 1779
144 840 996 1180 1532 1892
147 89 217 295 388 512 1136 1277 1713 1761 1958
493 42 197 220 364 426 448 458 660 1036 1065 1241 1283 1470 1636 1855
683 127 190 293 348 567 642 1082 1453 1752 1854
704 104 155 556 753 845 855 1162 1394 1533 1555
993 489 548 755 772 826 1157 1290 1624 1792
1008 167 566 797 805 875 944 1684 1764
1456 47 170 565 689 785 837 872 1426 1440 1504 1736 1853 1950
1580 170 270 500 564 703 800 1004 1234 1327 1502 1775 1785 1853 1990
1695 455 706 743 759 962 1593
1712 108 154 219 273 298 339 404 533 621 809 1133 1161 1413 1443 1785 1788 1800 1857
1801 53 122 378 583 599 717 816 837 895 940 1041 1696
76 146 154 262 523 598 706 782 942 1182 1518 1566 1656 1747 1890
481 47 112 172 252 483 664 1063 1117 1151 1337 1746 1841 1869
567 391 544 659 677 715 724 759 1058 1371 1373 1813
763 48 54 56 138 266 290 356 375 807 1026 1059 1067 1126 1193 1241 1414 1929 1962 1994
775 200 241 410 621 772 791 837 937 944 1609 1617 1781 1785
794 291 492 498 541 710 1950
960 320 418 524 640 650 815 927 1005 1204 1537 1651 1895
1290 133 218 219 288 463 485 642 904 914 1087 1414 1464 1524 1677 1969
1724 399 613 843 1013 1260 1264 1838 1968
1874 172 391 862 932 1022 1638 1849 1869 1876 1925 1999
1932 62 155 350 467 566 612 743 1052 1106 1236 1591 1636 1701 1841 1845 1853
29 116 225 579 886 968 1120 1191 1936 1950 1961
116 230 456 566 610 630 729 869 1080 1253 1947
225 53 79 534 584 622 686 1058 1162 1540 1678 1718 1775 1780 1964
579 173 201 217 380 477 491 499 608 611 886 1079 1191 1247 1742 1979
886 118 266 283 1432 1558 1617 1737 1773
968 31 66 321 638 957 1265 1269 1317 1663 1714 1774
1120 65 120 127 153 158 241 336 435 479 778 1003 1041 1185 1259 1680 1990 1997
1191 293 631 881 953 1075 1287 1332 1585 1590 1626 1984
1936 331 732 764 789 940 1199 1228 1338 1678 1892
1950 115 386 400 782 800 1252 1294 1461 1653 1688 1880 1925
1961 301 573 722 915 997 1081 1199 1332 1779 1965
223 89 162 761 797 842 998 1243 1586 1681 1750
240 80 98 278 308 535 635 810 906 925 981 1006 1337
452 215 633 677 1065 1352 1917
466 131 431 717 768 781 817 854 990 1027 1036 1146 1178 1269 1359 1470 1687 1780 1986
786 231 489 623 790 1020 1028 1226 1409 1416 1775 1795
811 271 338 711 913 1017 1349 1419 1589 1673
1104 212 295 486 652 1107 1181 1439 1508 1845
1243 486 509 519 831 852 1187 1530 1628 1651 1738
1370 103 190 228 253 578 617 830 933 967 1053 1352 1673 1851 1911 1956
1593 31 382 455 1070 1861 1969
1723 227 403 447 597 621 732 765 1294 1332 1429 1733 1784 1963
31 72 186 205 384 733 855 1218 1345 1447 1595 1608 1751 1861
72 88 308 431 457 488 530 789 865 885 937 1005 1131 1142 1176 1522 1720 1731 1876
186 101 249 277 356 402 636 749 1047 1118 1380 1402 1567 1670 1821 1887
205 138 404 420 575 1108 1416 1532 1654 1668
384 113 483 581 649 838 1088 1137 1231 1235 1366 1419 1993
733 164 439 739 867 896 1020 1022 1381 1780
855 265 320 477 503 541 677 827 970 1078 1218 1662 1964
1218 46 301 480 575 660 668 981 1467 1524 1656 1767 1867
1345 412 583 718 737 1079 1172 1220 1375 1482 1942
1447 83 168 349 618 848 965 1112 1440 1489 1650 1802 1888 1893 1928 1980
1595 599 734 931 966 1101 1517 1538 1692
1608 293 633 870 1231 1247 1261 1831 1911
1751 130 339 576 598 673 686 800 840 961 1214 1246 1446 1872 1948
1861 120 391 484 485 500 881 1028 1029 1069 1101 1452 1781 1990
32 103 308 359 474 568 603 640 826 950 1222 1223 1240 1311 1359 1483 1623 1830 1895 1952 1986
103 151 179 566 604 847 920 985 1044 1135 1412 1720 1827
308 271 407 410 456 764 981 1230 1504 1602 1611 1836 1965 1977
359 58 276 451 724 1147 1281 1348 1520 1727 1833 1944
474 36 189 241 329 660 785 795 885 985 1225 1271 1560 1628 1689 1942
568 293 998
603 656 826 938 1249 1257 1713
640 50 490 585 666 711 756 923 1179 1209 1240 1271 1442 1774 1790 1903
826 346 861 862 1078 1082 1162 1188 1377 1425 1601 1633 1789 1814
950 35 58 107 135 307 482 515 556 734 1063 1735 1809 1845
1222 169 339 513 633 917 1012 1177 1211 1349 1713 1735
1223 192 218 307 532 643 664 690 692 817 1091 1129 1596 1668 1814
1240 135 263 415 448 743 754 902 1170 1324 1402 1434 1684 1687 1998
1311 34 300 411 748 813 869 1044 1407 1609 1839 1880
1359 51 234 712 727 983 1212 1280
1483 207 374 580 617 1160 1178 1365 1442 1492 1694 1887 1891 1900
1623 418 509 1445 1480 1560 1668
1830 226 271 508 1180 1386 1399 1574 1938
1895 52 198 285 313 593 629 787 823 862 1193 1342 1391 1804
1952 126 416 512 571 988 1169 1247 1732 1819 1897 1990
1986 371 502 514 627 653 680 717 772 975 1060 1115 1131
33 138 374 575 838 1037 1048 1088 1445 1560 1789 1817 1889
138 171 337 397 694 731 1267
374 574 779 816 1204 1277 1463 1535 1648
575 283 381 438 889 1001 1102 1152 1298 1546 1658 1973
838 154 231 696 907 1332 1766
1037 115 212 270 417 649 803 1054 1091 1093 1153 1347 1576 1735 1838 1843 1869
1048 142 279 448 625 852 1033 1069 1077 1081 1088 1111 1124 1283 1343 1374 1420 1467 1502 1555 1799 1862 1935 1974 1978
1088 278 349 520 690 731 758 1178 1267 1467 1792
1445 224 571 677 820 984 1255 1816
1560 537 690 884 1182 1258
1789 89 121 146 206 565 628 1038 1065 1180 1199 1628 1730
1817 230 427 1072 1108 1255 1497 1795 1798 1942 1944
1889 264 447 731 753 904 1239 1365 1366 1572 1618 1833
34 41 659 731 813 830 939 1036 1082 1490 1635 1868 1979
41 77 111 554 648 1046 1179 1590 1611 1746 1909
659 168 209 219 264 330 367 388 752 913 1094 1255 1559 1713 1922 1968
731 36 93 356 551 676 684 817 942 1143 1524 1756
813 127 233 552 712 1041 1221 1275 1612
830 60 329 494 535 1208 1401 1468 1622
939 45 88 512 655 739 1348 1472 1612 1691
1036 232 291 555 628 654 1004 1016 1131 1156 1321 1417 1806 1816
1082 154 192 315 909 963 1106 1199 1429 1446 1543 1713 1730 1899
1490 44 247 386 500 622 1578
1635 74 97 136 209 418 648 1007 1073 1116 1244 1419 1772 1905 1969
1868 215 231 334 889 1399 1598 1607 1900
1979 419 570 600 720 1072 1457 1615
35 386 417 525 571 795 1221 1261 1322 1363 1621 1670 1828 1913
386 87 197 207 468 834 884 933 1647 1826
417 80 233 265 366 712 719 1373 1520 1614 1757 1829 1900
525 238 535 720 847 992 994 1064 1228 1330 1678 1686 1897 1954
571 1101 1283 1301 1411 1480 1892 1923
795 276 440 803 975 1097 1137 1412 1524 1598 1612 1656 1821 1993
1221 287 769 1253 1585 1683 1983
1261 132 218 613 678 692 876 881 1065 1172 1371 1395 1428 1618 1994
1322 250 793 995 1047 1455 1518 1596 1937
1363 523 551 556 597 828 1084 1374 1561 1664 1678 1739
1621 390 800 1006 1085 1307 1573 1923
1670 102 222 334 460 536 576 841 885 965 1025 1077 1135 1188 1189 1398 1468 1837 1949
1828 203 381 558 840 876 1028 1207 1424
1913 39 842 1409 1489 1606
36 53 533 734 865 1129 1440 1628 1831
53 338 536 573 684 1063 1092 1098 1107 1312 1719
533 644 752 866 898 1035 1315 1367 1377 1518 1837 1949 1954
734 133 249 280 340 502 710 743 812 874 1210 1337 1446 1644 1780
865 89 522 642 729 773 1026 1233 1236 1244 1336 1700 1958
1129 192 539 823 885 974 1281 1288 1436 1800 1947
1440 267 362 473 563 606 875 1040 1097 1271 1478 1584 1606 1609 1783 1886 1910 1974
1628 335 798 1501 1543 1682 1765
1831 121 158 247 409 444 1050 1196 1338 1431 1677 1844
37 150 328 554 756 941 1859 1872
150 200 286 350 594 1528 1727
328 38 106 295 324 401 689 910 1087 1398 1761
554 341 460 583 711 1293 1921
756 192 585 594 642 836 925 1147 1225 1419 1925 1968
941 102 119 262 316 523 633 758 1009 1157 1177 1258 1899 1922 1943
1859 227 480 504 884 932 1067 1173 1614 1620 1669 1837
1872 411 1144 1417 1523 1611 1642 1657
38 475 504 556 823 1460 1533 1970
475 274 342 370 437 757 803 821 1288 1625 1820 1841 1858 1879
504 48 141 189 356 397 411 648 768 783 918 1134 1271 1410 1778
556 105 297 1065 1093 1108 1155 1236 1535 1543 1566 1578 1838
823 337 503 1265 1352 1470 1886 1917
1460 51 151 313 520 536 618 651 729 791 890 1576 1589 1673 1678 1737 1853 1909
1533 163 189 194 241 305 448 509 727 765 932 1024 1299 1540 1633 1710 1920 1940
1970 201 316 440 480 974 1156 1416 1436 1532 1553 1634 1663 1790
39 146 218 529 570 698 930 1068 1103 1232 1457 1696 1824 1853
146 211 483 534 726 791 1176 1435 1574 1636 1696 1700
218 430 743 752 917 1010 1423 1474 1701 1855
529 94 371 486 503 505 1259 1413 1525 1624 1642
570 125 558 1265 1352 1478 1520 1721 1746 1909
698 285 468 638 692 976 1157 1398 1574 1598 1617
930 862 1002 1123 1353 1613 1752 1753
1068 251 260 339 650 711 753 852 1209 1753 1948 1959
1103 362 435 538 829 1094 1925
1232 958 1028 1329 1474 1551 1917 1949 1982 1997
1457 124 365 413 627 802 920 1479 1947
1696 314 424 541 842 1024 1349 1521 1660 1869 1875
1824 84 552 793 866 1084 1164 1238 1431 1627 1838 1940 1998
1853 71 496 633 1162 1228 1395 1527 1553 1731 1909
40 48 532 673 793 867 878 1142 1296 1561 1581 1668 1698 1833 1849 1908
48 335 471 509 516 538 544 866 1107 1424 1549 1839 1951
532 94 332 397 460 761 836 885 1034 1101 1555 1725 1782 1863
673 165 199 938 1187 1486 1520 1567 1698 1862
793 279 305 332 909 1135 1672 1871 1994
867 383 492 827 876 1233 1626 1765 1786
878 208 222 574 681 1700
1142 148 606 783 995 1229 1237 1478 1581 1601 1678 1795 1819 1990
1296 130 184 279 313 348 349 689 810 1248 1439 1467 1642 1829 1877
1561 81 251 337 562 727 1140 1144 1147 1309 1507 1589 1633 1729
1581 1268 1369 1884 1912
1668 167 234 336 588 895 1132 1398 1589 1609
1698 245 508 890 1809 1883
1833 257 403 961 1041 1357 1489 1589
1849 64 96 397 988 1130 1167 1305 1337 1375 1556 1650 1728 1825 1875
1908 220 394 403 434 461 564 764 902 1136 1203 1266 1271 1615
77 57 108 467 772 1203 1307 1395 1782
111 245 851 1182 1374 1968
648 221 382 439 1027 1039 1053 1332 1641 1665
1046 135 741 798 1079 1148 1164 1230 1380 1664 1677 1966
1179 551 606 641 851 987
1590 228 277 378 489 509 534 1489 1516 1544 1566 1576 1601 1956
1611 224 1181 1280 1439 1573 1858
1746 294 541 600 1134 1342 1468 1582 1842
1909 54 569 841 846 926 942 1273 1300
42 109 222 455 566 595 639 695 1556
109 184 677 721 861 1072 1266 1273 1275 1586 1688 1885 1934
222 133 399 558 695 752 1015 1220 1235 1249 1353 1365 1389 1582 1880
455 163 432 639 815 822 1280 1353 1416
566 410 465 473 514 581 627 630 656 666 799 1026 1241 1317 1520 1792
595 163 828 1007 1761 1927
639 276 684 905 1229 1553 1567 1584
695 139 252 369 399 815 871 892 1156 1383 1574 1864
1556 201 285 298 329 892 990 1075
409 862 940 1063 1395
696 480 863 1315 1380 1417 1492 1520 1610 1930 1937
896 249 380 509 693 719 721 804 1178 1439 1485 1506 1680
910 496 798 1110 1205 1317 1464 1775 1843 1934
942 88 324 393 545 608 915 1005 1354 1820 1844
1642 79 142 398 430 854 973 1009 1025 1180 1343 1607 1826 1976
1775 273 495 523 550 720 907 1435 1517 1661 1721 1815 1891 1898
1980 283 583 619 847 1115 1183 1235 1455 1501 1540
44 168 184 483 927 958 961 1880
168 635 1019 1095 1229 1722 1837 1921
184 84 573 624 843 875 1108 1131 1158 1256 1574 1806
483 102 349 449 629 658 963 1023 1123
927 669 1397 1625 1702 1742
958 291 1022 1079 1332 1343 1562 1681 1718 1756 1795 1879 1982
961 179 284 548 1059 1248 1267 1525 1551 1594 1717
1880 200 335 355 391 394 611 644 668 790 1764 1985
45 266 1107 1419 1586 1646
266 101 264 380 573 581 725 755 1203 1225 1474
1107 262 391 576 822 860 1583 1661 1962
1419 269 415 531 986 1336 1398 1565 1857 1886
1586 253 366 454 694 1060 1257 1502 1998
1646 50 74 162 219 290 361 604 732 854 863 970 1126 1145 1148 1362 1680 1774 1816
46 52 428 614 774 949 964 1208 1226 1558 1673 1884
52 199 539 706 718 741 749 821 1277 1450 1481 1683 1765 1804
428 220 263 300 876 944 1346 1528 1625 1699 1777 1920
614 121 194 338 463 557 589 611 908 1151 1316 1538 1692
774 206 382 884 906 1087 1114 1122 1176 1369 1527 1791 1838
949 1324 1332 1589 1609 1612 1788 1800 1812 1898 1981
964 489 517 527 837 870 996 1386 1603 1662 1850
1208 203 488 714 761 856 933 998 1054 1264 1572 1837
1226 294 403 535 551 710 758 796 1006 1026 1481 1496 1558 1923
1558 87 154 169 265 1027 1064
1673 57 273 326 392 611 918 936 1570 1707 1892 1920 1981
1884 252 404 574 800 1631 1770 1826 1890
47 102 284 726 755 967 1116 1235
102 58 348 798 816 846 1025 1098 1395 1714 1820 1871 1940
284 60 355 404 564 599 818 1019 1131 1371 1464 1544 1672 1697 1731 1738 1743 1839
726 62 105 108 273 441 565 712 931 1078 1269 1448 1497 1921 1973
755 287 585 856 1044 1209 1854
967 154 212 245 305 496 625 807 888 915 1341 1471 1997
1116 123 246 431 491 694 712 1078 1170 1316 1409 1562 1767
1235 719 843 854 1013 1026 1411 1867
335 316 624 627 667 1149 1189 1665 1994
471 203 380 414 612 638 651 684 758 889 1010 1034 1099 1318 1386 1719 1721
509 250 629 888 953 1113 1497 1617
516 269 301 547 656 735 1209 1442 1653 1736
538 337 889 978 1910
544 293 418 547 628 1338 1550 1657 1714 1867 1966
866 118 214 523 540 739 746 798 1169 1546 1985
1424 84 169 535 561 564 746 834 849 924 1158 1442 1458 1728 1813 1896
1549 159 340 391 484 626 677 706 1007 1118 1199 1402 1412 1418 1773 1838
1839 64 154 333 442 620 997 1425 1488 1569 1650 1978
1951 176 231 557 703 847 1653 1681 1685 1890 1912
1066 148 361 465 697 753 953 1284 1369 1598 1610 1689 1713 1784
1344 112 286 649 697 1225 1287 1892 1927
1474 259 486 700 1340 1395 1677 1844 1882 1966
50 158 286 298 358 597 717 946 1057 1756
158 135 136 809 1432 1537 1602 1739 1876 1940
286 333 697 700 1030 1525 1843
298 182 200 323 348 351 1685
358 139 169 346 348 469 618 998 1029 1041 1064 1287 1298 1491 1733 1983
597 267 486 650 757 791 1115 1332 1454 1707 1821
717 54 207 271 400 923 1776
946 323 363 643 817 906 945 1025 1151 1432 1713 1837
1057 285 581 810 1077 1634 1665
1756 105 215 938 978 1040 1064 1330 1417 1836
51 249 965 1148 1173 1329 1357 1555 1612 1619 1636 1690 1734 1742 1815 1997
249 55 515 549 594 1205 1410 1766 1869
965 88 216 370 383 522 773 917 921 1097 1134 1203 1507 1569 1738
1148 758 846 989 1117 1403 1738
1173 248 326 394 447 512 700 797 1262 1532 1624 1718
1329 277 574 957 1038 1078 1187 1450 1589
1357 285 397 414 479 580 767 1162 1194 1199 1485 1816 1841
1555 192 314 598 1086 1816 1927
1612 666 712 953 1013 1067 1402 1538
1619 107 245 329 364 387 451 803 926 1013 1058 1117 1140 1193 1405 1425 1689 1844 1858
1636 244 439 488 754 989 1448 1492 1685
1690 56 57 349 621 700 1034 1717 1917
1734 67 105 517 593 633 749 809 1225 1371 1953
1742 100 457 552 621 653 689 912 918 1034 1169 1507 1669 1814
1815 83 88 180 636 729 1070 1293 1399 1903
1997 739 995 1118 1256 1719 1743 1836
199 70 257 513 741 871 1014 1109 1489 1522 1594 1766 1906
539 161 360 601 646 650 926 998 1172 1298 1464 1480 1603 1691
706 62 787 1124 1295 1343 1700 1998
718 74 119 259 680 842 890 952 1365 1468 1720 1890 1975
741 71 351 797 1450 1528 1543 1953 1964
749 182 432 1321 1718 1977
821 82 522 779 1115 1144 1472 1733
1277 432 1265 1284 1685 1917
1450 192 345 1371 1425 1426 1974 1985
1481 167 415 441 627 1039 1126 1256 1416 1583 1820 1964
1683 506 647 686 1097 1131 1239 1506 1584 1638 1681
1765 630 1064 1407 1516 1686 1750 1862 1927
1804 129 148 549 835 1061 1790 1994
338 141 463 513 715 818 828 957 1779 1942
536 624 779 937 1005 1546
573 171 391 505 751 815 862 925 1140 1164 1269 1974
684 209 342 822 1316 1400 1940
1063 355 392 1017 1195 1876 1910
1092 207 360 442 454 746 759 994 1101
1098 83 279 392 563 1187 1491 1769 1917
1312 412 576 620 641 933 966 987 1409 1664 1774 1937
1719 398 530 574 585 1023 1395 1471 1615 1710 1842
54 119 283 369 608 628 745 1150 1258 1502 1707 1770 1977
119 98 182 300 375 422 496 633 957 1265 1416
283 372 456 1006 1315 1958 1968 1989
369 64 127 441 518 1012 1059 1115 1158 1585 1798
608 196 398 472 547 1259 1304 1327 1537 1854
628 182 234 360 637 707 710 1188 1492 1995
745 1409 1452 1677 1714 1738 1988
1150 202 262 274 716 759 1133 1548 1564 1664
1258 114 287 449 468 970 1537 1743 1753 1819 1887
1502 56 212 326 465 620 860 897 976 1024 1168 1401 1582 1944
1707 163 522 860 1300 1826 1978
1770 84 307 355 643 748 1021 1896 1940
1977 87 220 227 491 625 882 1431 1467 1706
55 142 190 418 557 585 625 912 923 1053 1084 1304 1394 1418
142 278 391 1535 1564 1753 1944 1947
190 107 200 264 389 663 725 1159 1286 1293 1367 1501 1965
418 114 127 1084 1115 1391 1572 1583
557 173 183 430 439 861 869 904 1207 1257 1414 1449 1562 1793 1888
585 131 253 822 832 1171 1177 1298 1743 1784
625 122 312 1525 1851 1885 1900
912 461 657 1634 1836 1969
923 231 232 489 646 681 762 854 986 1094 1115 1654 1966 1973
1053 105 295 656 791 1028
1084 165 393 535 633 931 943 1144 1499 1575 1601 1627 1638
1304 239 750 856 1064 1085 1149 1254 1316 1525 1850
1394 312 326 393 491 599 1342 1738
1418 323 476 678 1026 1162 1180 1879 1964
56 198 293 347 773 1783 1827 1947
198 345 469 478 484 499 1639 1893
293 125 594 680 1064 1264 1616 1725 1930 1992
347 112 495 751 1022 1029 1216 1454 1464 1682 1934
773 228 259 312 373 604 643 1362 1392 1553 1564 1740
1783 247 269 660 692 727 1596 1697
1827 180 238 651
1947 58 60 494 500 860 969 1131 1589 1653 1713 1965
57 207 251 288 612 989 1047 1079 1108 1314
207 180 807 861 1005 1039 1210 1477 1480 1507 1791
251 104 148 288 498 574 658 727 791 917 1080 1323 1375 1411 1757
288 365 1039 1354
612 83 484 743 1159 1347 1507
989 75 171 817 890 966 1074 1286 1467 1609 1730 1871
1047 107 646 970 1079 1177 1737 1886 1926
1079 331 398 438 468 559 809 944 1015 1582 1605 1782 1798
1108 148 180 366 431 737 1305 1798 1855 1938
1314 287 437 541 576 1117 1617
58 62 75 311 652 810 945 1140 1199 1413 1454 1488 1575 1689 1692 1700 1790
62 303 619 827 1086 1111 1609
75 79 610 834 940 1225 1236 1348 1525 1526 1554 1717 1840 1855
311 341 653 730 835 936 1171 1374
652 113 121 122 139 274 758 1027 1109 1112 1962 1976
810 273 534 629 1041 1271 1532
945 215 779 926 963 1145 1426 1567 1699 1792 1840
1140 402 413 438 1096 1153 1656 1700 1739
1199 250 440 465 517 710 1130 1138 1425 1506 1802 1954
1413 315 451 552 677 992 1182 1622
1454 120 367 514 563 593 1086 1332 1639
1488 114 434 739 804 1123 1144 1505 1578 1750 1921
1575 522 732 898 1366 1631
1689 598 599 634 856 913 1007 1130 1185 1402 1407 1692 1923
1692 159 301 563 888 1342
1700 151 800 1118 1182 1662 1820 1837 1989
1790 152 435 1301 1398 1399 1505 1654
291 274 400 703 1133 1266 1641 1744 1750
478 114 118 189 620 848 1007 1138 1273 1657 1733
485 127 152 244 461 482 617 694 790 1334 1480 1485 1492 1720 1809
778 244 279 1054 1153 1524 1784
1141 87 317 492 1020 1181 1352 1409 1589 1890
1472 183 295 1761 1943
1864 480 561 762 852 1035 1463 1618 1701 1800
1885 339 547 703 1260 1289 1604 1806 1871 1978
60 448 555 711 981 1473
448 88 337 404 629 739 796 974 1130 1153 1260 1352 1863 1982
555 515 1225 1496 1497 1686
711 121 343 398 420 552 689 932 952 1181 1381 1764
981 250 496 522 762 1111 1124 1305 1395 1517 1837 1891
1473 345 400 1077 1133 1432 1572 1967
120 513 715 772 897 1209 1369 1470
313 361 364 563 618 666 762 1162 1381 1404 1530 1785 1911
496 169 325 345 353 389 752 915 925 1072 1113 1126 1548 1811 1899
772 206 323 543 562 580 692 728 730 973 1547 1578 1791 1836 1899
827 300 408 593 1020 1072 1193 1353 1564
834 143 345 355 685 854 869 1069 1236 1591 1842
1052 513 870
1238 355 453 484 1020 1027 1328
1247 139 892 1006 1099 1194 1525 1795 1893
1324 392 908 994 1060 1653 1685 1718 1741 1774 1985
303 732 847 884 928 1237 1492 1498 1522
619 85 130 159 202 349 598 685 1166 1342 1417 1420 1492 1508 1589 1641 1713 1899
1086 505 804 1126 1152 1411
1111 106 253 440 931 1026 1156 1582 1781 1840
1609 113 257 500 743 1254 1300 1389 1415 1518 1521 1956 1983
143 226 547 798 917 1030 1155 1383 1434
166 265 1102 1160 1425 1699 1786
305 171 367 489 890 943 1069 1342 1497 1685 1800
492 451 655 685 746 842 1189
804 162 281 319 712 1133
1071 98 152 486 1249 1428
1194 127 160 330 836 859 1470 1601 1653 1776
1455 87 270 1009 1020 1858
1820 373 413 757 796 1166 1506 1547 1570 1759 1890
64 70 82 141 307 330 535 613 1042 1101 1664
70 454 660 845 1365 1386 1564 1754 1812 1949
82 74 362 372 447 604 611 1019 1045 1123 1230 1249 1401
141 479 1059 1269 1463 1998
307 898 908 1231 1340 1463 1470
330 84 441 626 680 694 836 1024 1147 1399 1722 1985
535 317 737 931 1164 1315 1565
613 461 651 1526 1596 1699
1042 214 263 1012 1101 1399 1400 1517 1982
1101 363 541 789 1154 1272 1432 1708 1906
1664 320 905 1028 1280 1816
65 527 600 703 743 1035 1812 1869
527 148 434 685 1005 1540 1771 1814
600 334 380 776 884 1193 1211 1676
703 494 624 842 924 966 1023 1137 1260 1395 1522 1543 1559 1891
743 549 888 1160 1175 1812 1930
1035 231 232 1585 1755
1812 252 468 657 926 1178 1225 1478 1993
1869 83 479 649 709 748 848 1158 1373 1850 1985
66 589 664 885
589 98 287 379 693 1397 1761 1776
664 561 692 892 1073 1431 1777 1897
885 211 1124 1737 1784
67 230 278 362 549 803 1113 1651 1713 1784 1968
230 274 461 651 657 789 1058 1230 1367 1495
278 257 380 427 430 1050 1064 1143 1225 1826 1829 1879 1900 1906
362 301 624 831 1003 1072 1080 1137 1189 1522 1729 1773 1964
549 241 295 315 513 565 643 712 846 971 1252 1309 1645 1686 1754 1819
803 326 331 754 1505 1669
1113 561 576 692 782 789 1175 1280 1323 1624 1782
1651 212 221 1341 1520 1631 1816 1948
1713 636 702 802 832 936 1146 1330 1645 1660
1784 759 862 1589 1793
1968 630 1241 1443 1565
434 241 465 486 719 974 1013 1548
565 194 378 1124 1585 1736 1902 1911
692 228 323 458 641 752 890 1551 1767
962 647 938 1230 1548
1410 127 202 219 518 725 1117 1532 1854
1574 208 334 399 906 1126 1282 1520 1604 1813 1857 1879
1875 226 381 831 969 1030 1044 1087 1212 1569 1650 1654 1706 1814
1927 300 319 420 650 758 1212 1366 1435 1498 1585 1982
1969 148 348 765 861 929 1323 1328 1774 1898 1983
69 248 250 319 552 914 931 963 1091 1398 1521 1958
248 393 975 990 1019 1155 1479 1553 1571 1647 1656 1998
250 392 655 983 1269 1508 1554 1613 1917
319 96 412 424 1327 1349 1407
552 285 333 1157 1535
914 131 233 489 520 767 812 859 994 1095 1162 1204 1346
931 176 340 408 643 841 890 1530 1726 1738 1799
963 182 809 974 1003 1188 1202 1260 1283 1404 1442 1718 1773
1091 787 861 1300 1353 1386 1634 1769
1398 363 442 451 486 499 646 785 796 907 929 1041 1061 1097 1274 1417 1892
1521 627 752 1954 1992
1958 270 999 1772
454 130 491 1009 1044 1360 1366 1566 1844 1983
660 267 936 1182 1479 1750 1863 1967
845 502 998 1154 1752 1791 1911
1365 280 323 430 594 788 846 940 1164 1246 1571
1386 380 389 710 1093 1498
1564 125 482 1257 1347 1369 1485
1754 617 1069 1102 1234 1747
1949 232 870 1064 1505 1517 1777 1788 1823
71 414 460 882 1412
414 85 356 430 1157 1170 1255 1500 1605 1702 1809
460 130 133 378 562 1044 1547
882 215 277 791 1255 1264 1518 1704 1717 1767
1412 159 196 253 431 562 637 787 1040
88 161 416 1024 1220 1330 1439
431 197 325 342 636 820 933 1178 1256 1750 1988
457 203 279 389 391 400 862 1028 1244 1405 1848 1898
488 442 933 1044 1073 1436 1482 1858
530 334 423 586 828 911 1130 1228 1823 1974
789 192 219 453 861 1138 1267 1434 1934
937 124 136 237 244 280 629 1115 1403 1404 1728
1005 550 1414 1486 1937
1131 325 669 1072 1209 1622
1176 192 211 764 1085 1320
1522 98 402 430 663 724 1072 1102 1271 1589 1721
1720 365 721 1540 1603 1773 1892
1731 81 221 351 729 730 1187 1526 1934
1876 329 638 662 996 1102 1132 1500 1550 1606 1752 1999
244 96 316 372 1072 1234 1241 1501 1601 1821
394 115 339 1074 1085 1102 1377 1959
522 473 494 1024 1535 1550 1743 1942
884 280 486 1087 1124 1170 1498 1547
974 161 200 520 1323 1342 1443
1050 173 373 442 658 1004 1012 1168 1471 1891
1421 94 219 1582
74 232 644 874 936 1030 1244 1300 1954
232 270 345 694 889 1737 1926
644 663 952 992 1174 1566 1676 1800 1862
874 247 856 1122 1149 1242 1518 1702 1975 1998
936 229 453 499 622 833 1016 1060 1353 1354 1402 1405
1030 108 208 300 1015 1162 1701 1806 1967 1976
1244 94 398 752 1982
1300 169 479 500 938 1138 1275 1553 1626
1954 163 663 916 1395 1495 1759 1848 1943
79 231 441 920 1085 1168 1230 1318 1343 1400 1778 1893
610 256 435 486 818 848 1118 1230 1263 1570 1610 1641 1855
940 332 423 929 943 1167 1168 1404 1452 1535 1888
1225 304 451 576 746 1989
1236 202 336 349 642 836 1097 1360 1573 1888 1912
1348 83 200 630 655 709 908 1443 1543 1598 1645 1669
1525 294 408 620 758 975 996 1067 1153
1526 108 148 1381 1615 1963
1554 469 851 1014 1616 1930 1976
1717 161 203 320 654 1126
1840 101 316 385 534 1010 1772 1926
1855 107 237 569 638 722 887 1169 1188 1207 1320 1343 1485 1781
154 495 513 548 1073 1187 1862
262 85 108 463 653 841 1078 1112 1318 1604 1701 1982
523 247 315 631 647 700 1978
598 171 351 408 611 1024 1529
782 200 363 1270 1497 1940
1182 231 379 458 489 978 1301 1396 1477 1755
1518 224 382 387 435 825 1795 1803
1566 126 685 796 990 1117 1360 1559
1656 122 918 1373 1602 1900
1747 94 498 829 1147 1332 1380
1890 234 435 966 1392 1867 1887
108 341 490 861 1064 1485 1617
467 439 561 1210 1766 1988 1994
1203 152 465 469 596 623 710 1211 1507 1733
1307 264 495 643 1021 1319
1395 159 231 435 1338 1377 1452 1709 1811
1782 714 852 971 1059 1403 1520 1583 1589 1983
139 442 606 971 1060 1436 1553 1819
270 87 180 220 295 508 547 693 1432 1517
501 159 831 944 995 1479 1482 1542 1766 1862
580 208 437 505 752 1003 1334 1674
1024 1006 1407 1567 1639 1863
1117 353 439 872 1022 1434 1682 1933
1196 451 545 690 872 1034 1183 1443 1468 1559 1740 1829 1838
1426 280 653 685 902 1298 1626
1699 426 593 677 753 1075 1187 1269 1431
231 388 393 693 990 1778 1786
441 246 349 1144 1159 1420 1585 1601
920 201 1360 1432 1529 1601 1893
1085 389 943 1073 1239 1256 1436 1691 1814
1168 152 378 444 854 952 970 1687
1230 105 382 1161 1662 1773 1776
1318 122 136 197 998 1132 1205 1321
1343 107 171 440 584 728 1267 1672
1400 130 375 634 869 955 1212 1461 1524 1633 1653
1778 115 861 1099 1353 1803 1862
1893 96 192 400 463 564 871 1154 1492 1634 1721 1732 1757
80 383 725 1159 1375 1701 1901 1934
383 758 815 908 917 1130 1389 1752 1877 1923
725 576 831 918 987 1708 1850 1965
1159 208 316 822 1028 1059 1624 1644 1709 1738 1755
1375 323 472 818 1480 1517
1701 518 594 1059 1167 1178
1901 239 264 300 714 1254 1607 1735
1934 651 669 909 924 1069 1981
81 173 295
173 562 802 1687 1741
295 461 805 902 1067 1130
372 642 796 990 1346 1463 1546
447 118 426 594 654 1034 1205 1538 1547 1607 1687
604 636 657 693 757 987 1229 1237 1703
611 279 404 489 524 754 833 1027 1202 1772
1019 309 458 833 984 1144 1814
1045 221 1044 1237 1691
1123 340 385 392 465 641 908 1099 1155 1204 1305 1396 1492 1614 1844
1249 728 1001 1229 1431 1442 1633 1903
1401 151 785 854 1374 1538 1669 1706 1736
83 996 1925
996 136 265 403 875 1496 1702
1925 130 468 676 678 787 898 1081 1212 1389 1753
84 122 277 484 486 681 856 1044 1106 1188 1265 1309 1471 1755 1923
122 334 389 581 1134 1253 1486 1507 1697
277 388 399 909 933 1211 1342 1389 1423
484 719 1332 1684
486 547 653 971 1106 1565 1967
681 583 720 768 906 938 1463 1506 1677 1922 1985
856 1352 1583 1781
1044 170 402 816 1305 1328 1414 1501 1814 1879 1942
1106 253 686 758 764 1130 1134 1198 1266 1328 1435 1633
1188 1237 1465 1529 1685
1265 247 422 769 779 1017 1138 1500 1568 1816 1944
1309 689 702 1499 1728 1892 1926
1471 576 653 1237 1298 1739
1755 160 211 468 1145 1260 1702 1862
1923 356 732 1114 1397 1468 1492 1496 1506 1791 1867 1942
85 200 832 1286 1362 1677 1686
200 323 479 832 1286 1346
832 294 331 410 953 1003 1332 1829 1910 1943
1286 126 167 345 494 799 854 1006 1229 1354
1362 490 623 680 1274 1482 1565 1937
1677 253 506 599 727 764 835 1073 1112 1263 1470 1546
1686 326 411 574 1193 1242 1505
424 346 388 403 462 765 1211 1256 1270 1435
514 118 365 563 752 757 1041 1360 1953
574 333 340 617 1508 1678 1891
1114 1038 1229 1624 1649 1985
1143 171 426 689 820 1289 1750 1891
1617 202 752 973 1054 1254 1721 1921 1973
87 135 850 1207 1255 1663
135 106 228 333 1323 1618 1665 1806
850 430 840 1075 1523 1548
1207 355 588 1275 1931 1935
1255 410 822 1501
1663 194 215 513 650 754 759 881 1293 1708
161 512 764 1757 1906 1917
416 247 802 870 1234 1553 1730 1984
1220 172 228 465 642 1485 1571 1772 1903
1330 720 1234 1341 1583 1805
1439 94 264 584 596 626 715 796 825 1407 1718 1973 1983
89 365 495 1894
365 990 1338 1610
495 881 1007 1204 1241 1499 1781
1894 238 629 656 807 1195 1428 1983
629 164 938 969 1186 1431 1446 1725 1938
854 180 202 276 316 403 754 994 1257 1517 1529 1639 1926
889 618 848 898 1115 1461 1571 1826 1842
1078 160 564 752 818 843
1234 955 1151 1336
1371 216 686 985 1013 1210 1269 1604 1615 1626 1988
1463 156 167 655 944 1023 1162 1175 1204 1294 1499 1506 1800
1615 329 360 462 500 505 1038 1443 1882 1940
1706 339 576 908 918 1038 1087 1145 1405 1852
1799 618 651 1058 1126 1858
1902 211 317 663 1039 1736 1795 1938
519 228 545 908 1267 1272 1486 1569 1750 1772 1816
697 99 115 724 828 1602 1793 1825 1852
719 238 260 1508
999 869 971 1573
1064 540 825 986 1147 1862
1505 1697
1508 334 622 1022 1029 1158 1930
1669 107 179 636 1353 1981
1714 343 420 513 655 984 1944 1962
1845 208 449 761 841 1181 1826 1930
104 345 437 497 1520 1931
206 121 737 746 1354 1542
798 442 653 933 983 1377 1626 1735
1014 1377 1658 1733 1910
1166 208 339 364 647 806 848 1038 1281 1506 1610 1691 1825 1899
1495 520 707 809 1983
1607 131 237 875 925 1009 1241 1270 1272 1305 1414 1752
1736 379 422 1009 1026 1616 1687 1732 1816
93 165 294 461 651 1178 1759 1836
165 350 596 802 1074 1486 1722
294 189 415 479 693 1284 1569 1788
461 253 1109 1124 1198 1583 1649 1989
651 256 397 888 990 1391 1959
1178 320 401 518 906 1151 1837 1989
1759 217 1334 1464 1544
1836 189 316 325 326 387 969 971 1565 1764 1976
94 112 432 583 716 915 1016 1160 1257 1448 1964
112 371 861 871 994 1181 1266 1903
432 349 505 524 623 1016 1134 1434 1452 1529 1614
583 812 1287 1288 1562 1826 1896 1922
716 127 182 239 245 694 700 816 983 1109 1177
915 944 978 995 1354 1800
1016 312 1003 1654 1995
1160 256 343 385 505 917 1242 1957
1257 430 479 787 987 1156 1298 1453 1922
1448 462 623 1850 1966
1964 151 314 700 979 1626 1678 1694 1785 1983 1989
171 400 690 862 1073 1274 1613 1735
245 97 202 315 320 336 456 593 709 1216 1641 1826 1844 1848
281 267 442 606 933 1161 1752 1899 1995
626 101 208 476 722 849 1040 1130 1687 1962
921 269 297 449 721 751 1289 1346 1540 1988
1496 131 208 976 1198 1242 1432 1544 1550 1871 1926
1992 269 860 1989
96 348 387 621 816 1134 1175 1214 1540 1882
348 276 513 971 1013 1854
387 300 472 722 1003 1631
621 1185 1529 1625 1665
816 870 1023 1428
1134 1122 1530 1660 1793
1175 599 979 1270 1500 1662 1800 1978 1983
1214 712 822 1354
1540 121 130 241 265 301 1616 1879
1882 380 462 649 779 1181 1654
97 214 224 593 872 1102 1147 1158 1506 1703 1766
214 105 118 456 482 729 861 1323 1453 1524 1858
224 176 388 422 547 851 1171 1462
593 508 841 1026 1059 1132 1270 1542 1605 1938
872 172 500 662 1015 1626 1779
1102 155 343 381 531 1133 1144 1415 1416 1479 1665
1147 321 1735 1744 1899
1158 125 329 367 497 576 620 631 642 690 1428 1641 1710 1738
1506 378 379 517 524 837 1002 1094 1591
1703 390 693 714 1124 1239 1697 1858
1766 1216 1352 1541 1688
98 129 192 312 440 517 646 875 925 1405
129 685 831 1392 1648 1687 1985
192 500 627 724 841 1404 1520 1568 1650
312 314 407 809 849 1461
440 364 518 656 1443 1740 1809
517 179 630 870 907 1489 1940 1967
646 265 540 765
875 757 861 938 1246 1657 1661
925 720 1020 1366 1571 1661 1887
1405 233 442 888 1228 1702 1956
99 430 513 751 828 1025 1167 1429 1906
430 280 462 1022 1532 1544 1553 1603 1738 1819
513 183 196 895 1809
751 817 978 1956
828 820 1149 1347
1025 381 666 714 800 1135 1264 1764
1167 345 601 722 817 911 1075 1146 1727 1750
1429 202 739 871 1283 1334 1381 1620
1906 345 506 601 1528 1974
100 453 584 647 843 1162 1520 1583 1753 1779
453 361 917 1863 1891
584 126 304 709 758 1013 1077 1665 1891
647 209 269 720 1017 1136 1501
843 151 403 426 564 638 658 1081 1887
1162 677 1073 1625 1687 1702
1520 800 902 1653
1583 482 1289 1367 1929
1753 271 924
1779 216 791 881 1058 1620
101 379 508 569 904 990 1072 1138 1548 1559
379 253 411 543 1041 1195 1730 1953
508 114 933 1467 1516
569 170 1169 1441
904 320 367 563 1774 1785 1994
990 189 641 653 663 907 944 1641 1744
1072 194 869 1004 1308 1381 1523 1788 1999
1138 370 870 1299 1547 1800
1548 355 729 970 1155 1246 1867
1559 172 226 422 563 606 1262 1443
846 234 497 841 1177 1253 1576
1871 1678 1966
1940 881 1157 1169 1446 1660 1722
151 285 340 373 558 636 1132 1275 1462 1626 1709
179 393 581 869 1010 1152 1156 1744
847 917 971 1568 1638 1877
985 840 1081 1161 1407
1135 833 1553
345 172 183 419 657 1347 1898
437 221 389 634 840 1263 1491 1594 1633 1785
497 334 458 473 767 1137 1181 1938
1931 479 503 700 929 1034 1391 1578 1928
105 397 601 606 1289 1319 1470 1729
397 512 524 724 1040 1172
601 229 489 689 822 1133 1237 1446 1998
606 599 785 806 1886
1289 351 586 1383 1550 1879
1319 217 1073 1524 1772 1862 1892
1470 398 588 650 693 762 943 1061 1256 1270 1338 1570
1729 332 426 667 765 769 970 1186 1737
106 227 709 721 952 1070 1097 1567
227 252 317 381 890 1099 1171 1776 1795
709 217 1195 1334 1648 1929
721 126 469 693 1332
952 465 630 676 758 1844
1070 558 630 764 849 1077
1097 465 581 1015 1462 1571 1735 1854
1567 196 287 837 1186 1353 1399 1596
107 128 938 1256
128 130 835 1328 1500 1825 1887
938 339 411 422 994 1185 1346 1415 1697 1732 1973
1256 543 785 869 902 1124 1262 1547 1730 1738 1854
341 427 506 564 1216 1486 1672
490 1015 1622
861 380 694 714 1118 1458 1465
1485 127 451 512 656 710 992 1665 1829
677 389 469 642 1202 1254 1269 1316 1392 1658
1266 118 169 748 1171 1569 1638
1273 547 1187 1537 1777 1891 1984
1275 202 825 1267 1389 1480 1622 1776
1688 325 871
618 385 531 700 932 1374
728 1010 1295 1491 1498 1691 1848 1989
869 115 164 204 234 439 1096 1417 1661 1982 1984
905 385 929 1434 1814
906 264 399 1354 1605 1905 1963
1366 423 779 1015 1826
1380 346 413 480 491 662 1428 1658
1821 118 631 790 1028 1189 1737
1988 364 382 537 641 1531
851 1027 1465 1809
1374 163 355 631 881 1041 1096 1321
371 114 217 253 1172 1180 1288 1541 1639 1792 1844
871 252 547 588 594 979 1059 1180 1353 1625 1965
994 1305 1507 1545 1998
1181 279 363 476 489 518 707 979 1122 1428 1897
1903 545 631 635 881
113 320 562 1369 1528 1896
320 204 829 1209 1367 1535
562 260 465 480 635 932 1942
1369 449 768 841 924 1115 1267 1857
1528 183 812 928 1572
1896 373 449 1298
114 131 256 1284
131 253 594 1177 1543
256 400 715
1284 398 753 807 1137 1383 1613
115 463 465 818 1077 1252 1407 1538 1967
463 267 363 373 561 1183 1935 1937
465 123 1009 1229 1392 1416 1624 1650 1803 1935
818 237 1006 1198
1077 366 750 1462 1851 1887
1252 317 1157 1399
1407 449 506 561 898 1829 1917
1538 121 366 876 988 1185
1967 668 785 971 1441 1826
456 624 881 971 1622
630 534 548 785 902 1527 1601
729 172 449 1171 1613 1681 1995
1080 321 1594
1253 118 588 736
164 480 627 785 969 1124 1443 1479 1523 1571 1708 1943
620 581 1274 1645 1750
1392 402 781 1061 1933
1585 468 667 978 1149 1187 1953 1983
118 831 1391 1541 1544 1622
831 1272 1976
1391 159 329 1028 1115 1569 1722
1541 221 247 505 657 724 1571
1544 324 933 997 1452 1610
1622 300 324 349 520 1229 1601 1733
182 221 226 337 363 385 407 543 689 1022 1033 1317 1598
300 1647
375 518 724 1153 1489 1837
422 176 468 1034 1094 1740
633 768 1685 1912
957 730 1189 1798 1957
1416 133 317 321 700 1480 1965
715 426 1033 1620
897 133 702 1381 1741 1898 1985
1209 531 835 1338 1660
121 649 926 1001 1112 1921
649 380 667 932 1112 1177 1295 1353 1354 1465 1658 1727 1786 1981
926 551 650 1112 1634
1001 537 667 722 849 983 1137 1367 1650
1112 363 469 543
1921 482 503 735 1838 1854 1926
334 331 663 943 1124
389 169 636 678 890 997 1017 1465 1647 1674 1912
581 506 540 631 848 1183 1212 1452 1543 1738
1486 596 1130
1507 309 1315 1353 1757
1697 355 1248 1627 1661
123 219 259 264 892 1039 1074 1152 1177 1501 1892
219 274 390 1993
259 212 686
264
892 353 955 1110 1504 1739
1039 162 1023 1327 1743 1795
1074 234 329 480 641 1465 1660
1152 551 759 1069 1233 1341 1750 1917
1177 226 1479 1858
1501 253 833 1087 1334 1498 1739
1892 1115 1340 1396
124 769 966 1006 1601 1809 1863
769 285 427 1136 1202 1604 1942
966 136 480 594 637 836 1010 1180 1568 1584
1006 196 1624
1601 233 407 807 820 1417
1809 315 762 895 932 1239 1680 1684
1863 162 167 537 658 707 1584
125 360 480 690 1367 1499 1649
360 263 1452 1458 1650 1792 1982
480 870 1327 1411
690 444 746 1124 1665 1676 1802 1905 1933
1367 561 599 840 1180 1241 1436 1605 1771 1848
1499 361 540 627 848 1922
1649 220 890 1122 1650 1708 1718 1771
126 163 172 746 820 1591 1674
163 908 1425 1517 1733 1867 1917
172 491 1007 1020 1041 1145 1573 1887
746 366 1340 1993
820 458 799 1211 1648
1591 136 407 666 724 785 976 1087 1403 1404 1727
1674 1170 1187 1313 1323 1886
127 201 586 1616 1843 1933
201 162 578 1081 1262 1545
586 321 363 689 953 1027 1096 1598
1616 415 841 1270 1572 1647
1843 196 309 468 596 678 859 953
1933 785 841 1411 1993
130 220 228 462 902 1436
835 373 707 907 976 979 1013 1242 1725
1328 280 400 1193 1842 1897
1500 159 220 909 1334 1687 1781
1825 494 767 907 1067 1613 1883 1965
1887 350 643 702
685 274 785 1681
1648 971
1687 241 280 812 1169 1233 1377
1985 411 541 1381 1995
220 336 1202 1216 1542
228 203 351 971 1026 1211 1572 1624 1976 1989
462 1198 1337 1353 1432
902 152 274 657 785 837 1308 1321 1436 1552 1771 1910
1436 136 370 423 624 829 1415 1929
253 617 978 1026 1523
594 757 1527 1732
1543 356 393 558
132 204 337 502 870 1532
204 234 576 735 758 1658 1850 1857
337 1110 1146 1523 1709 1857
502 290 551 761 807 848 852 1531
870 1010
1532 642 667 973 1069 1172 1647
133 290 767 1020
290 366 790 1026 1136 1423 1662
767 413 1180 1665 1928
1020 988
1477 183 271 398 837 1233 1396 1524 1553
1504 881 1061 1484 1928
1769 349 627 973 1334 1596
333 331 442 1271
1323 152 842 1054 1452 1479
1618 641
1665 314 449 911 1205 1523 1694 1733 1944
1806 238 992 1320 1800 1937
136 169 170 559 1498
169 226 531 1004 1060 1145 1572 1752
170 156 361 469 707 1115 1239 1478
559 1172 1271 1935
1498 1620
325 918 1149 1174 1264 1443 1626
1095 226 479 1118
1189 321 1081 1334 1974
694 415 663 689 1007
1267 233 380 710 840 971 984 1254
442 765 1054 1800
971 636 761 887 1029 1301 1443 1795
1060 216 392 650 1013 1425 1570 1764 1879
1553 439 1028 1263
1819 439 1122 1315
477 410 678 724 1155 1336 1337
524 260 346 500 765 836 1254 1841 1959
631 162 518 1099 1829 1942
829 385 415 1185 1730 1911 1982
479 543 1352 1660 1730
1059 399 1171 1965
1269 160 247 329 656 1094 1530 1614 1805
1998 757 1146 1517 1922
391 1308 1467 1552 1605 1660 1661 1858
1535 494 932 978 1857
1944 1003 1294
226 1170 1332
547 336 1288 1764
917 216 918 1283 1465 1527 1605
1155 1003 1571 1722 1823 1963
1383 385 444 781 1069 1373 1838
1434 316 476 791 1233 1301 1530 1572 1733 1735 1781
840 753 1094 1409 1811
1180 676 1013 1347 1527 1662
196 373 634 1453
489 260 388
1246 676 761 1075 1568 1905
1565 211 316 702 859 978 1010 1081 1109 1317 1431 1625 1781 1981
1803 194 380 642 1021 1305 1562
1959 269 888 1281
1995 758 817 837 909 1342 1517
211 423 979 1308 1841
534 208 799 1087 1464 1467 1626
791 197 702 1010 1157 1228 1479 1517 1771 1966
1435 194 658 764 1099 1254 1441 1811
217 301 588 1136 1672 1721
388 663 1040 1842 1994
512 324 361 363 911 1137 1295
1136 353 419 924 1002 1149 1851 1858
1761 758 1773
148 197 212 506 563 1186 1242 1281 1785 1858
197 1202 1342 1562
212 398 707 1093
506 415
563 229
1186 336 385 727 1187 1396 1738
1242 160 825 978 1119 1360 1676 1737 1750 1877
1281 176 1239 1552
1785 342 382 1653
1858 162 398 657 1274 1530 1602
209 215 558 757 796 1735 1740 1867
1058 159 1110
1340 924 1349 1431 1786
1604 279 363 662 779
1682 730 1145 1315 1685
350 252 700 1294 1462 1681 1811 1891
1727 234 346 364 412 1013 1204 1301
285 1316
340 366 1293 1900
373 408 473 1596 1602
558 1283 1346 1937
636 761 848 979 1022 1270 1633
1132 351 676 1478 1562
1462 470 1137 1626 1920
1626 316 1283 1920
1709 427 520 638 809 863 1332 1547 1702 1792
152 241 642 1069 1926
241 1013 1900
642 1034 1169 1634
1069 1625
1926 494 543 732 1315 1397 1757 1948
153 356 380
356 398 1164 1187
380 314 315 817 1126 1154 1562 1634
548 1198 1260 1415
1073 765 1040 1571 1829
1187 257 518 817 1096 1271 1482
1862 323 399 476 1171 1347 1650 1743 1780
155 162 346 403 1317
162 216 269 953 1110
346 234 635 1912
403 339 1446 1935
1317 764 833 1118 1185 1813 1854
156 658 788 1397 1542 1650 1661 1737
658 393 545 714 727 761 983 1647
788 449 473 1013 1262 1737 1837
1397 1596 1740 1771 1814 1891
1542 215 500 1233
1650 929 1453 1491 1531 1653
1661 978 1061 1336 1354
1737 1133 1352 1596 1638
859 202 805 978 1316 1482 1730
1657 401 787 806 1788
809 667 1360 1465 1852 1917
1432 314 390 469
1537 237 686 1644 1888
1602 969 1315 1530
1739 355 976
159 1334
1334 271 700 1338
160 987 1172 1718
987
1172 274 1299 1352 1461
1718 1233 1805
764 321 783 898 907 916 1606
1757 761 1015 1442
1917 336 913 982 984 1029 1639 1999
216 363 1531 1811
269 239 1041 1171
953 1028 1075
1110 540 799 1229 1814
908 1484 1710
1425 1198 1248
1517 635 1660
1733 267 617 1288 1478 1735
1867 274 807
627 761 1002 1578 1694
785 1248 1283 1404
969 183 759 806 1999
1124 276 1264 1624 1788 1981
1443 662 932 1479
1479 1096 1260 1353 1423
1523 378 710 757 787 1491 1571 1814 1981
1571 806 1118 1144
1708 260 735 776 1647 1767
1943 933 1229 1614 1647
596 339 776 909 984 1725
802 667 736 973 1009 1627
1722 505 710 944 1041 1137 1237
265 913 1886 1962
1786 1003 1886
167 331 449 634 776 1099 1411 1584 1854
331 540 796 822
449 408 776 1613 1738
634 1562
776 540 1606
1099 736 1989
1411 317 748 1788
1584 237 638 909 1263
1854 233 1431 1732
635 761 1195 1239
1229 714 1198 1631
1837 239 765 1381 1402 1726
531 427 735 1054
1004 267 273 314 1614
1145 1373
1572 326 451 476 1468
1752 252 257 520 822 1551 1676 1795
361 366 410 852 975 1282 1403 1449
469 624 724 1144 1169 1287 1569 1654
707 473 669
1115 1606
1239 1205 1280 1546 1627 1691 1984
1478 1966 1989
400 247 783 1981
862 503 1026 1270 1349 1644
1274 458 887
1613 287 787 1294 1994
1735 1023 1458 1610 1978
491 500 860
1007 982 1171 1750
1041 398 995 1795 1975
1573 654 727 1461 1975
1741 1811
576 817 1313 1431 1721 1795 1891 1928
761 246 323 342 617 1022 1773 1823
876 183 382 1013 1231
1149 779 975 1270 1639
1614 321 326 978 983 1288 1516
1750 783 852 918 1144 1263 1633 1676
1423 336 722 944 978 1119 1271
1589 280 1313
1905
176 415 420 1087 1620
415 309 1144 1605 1989
420 413 714 1547
1087 1118
1620 955 1399 1680 1838
274 385 676 924 1287 1342 1672 1879
667 438 1193 1452
1010
1792 324 970 1183
1898 1262 1353 1403 1415 1702
1930 736 916 1023 1349
752 229 833 1154 1164 1280 1402 1624 1625
944 321 444 1171 1899 1929
1301 520 1527 1788
393 650 887 988 1337 1381 1605
1156 381 470 1627
1744 1767
180 273 321 1009 1672 1842
273 1349 1624 1658
321 297 714
1009 203 928 1935
1672 643 1130 1211 1582
1842 239 550 1017 1118 1373 1624 1935
339 1027
599 758 933 1096 1852
1516 1816
221 1271 1702
363 860 1550 1631
385 410 933 1294 1299 1428 1738 1900
407 472 541 754 1119 1205 1710
543 668 750 796 1409
689 458 1694 1976
1022 297 669 779 1414 1417 1680 1937 1948
1033 366 381 783 1546 1841
1598 578 588 1468 1920
183 663 836 1468
663 1973
836 297 309 343 1075 1800
1468 324 355 932 1262
624 909 982 1295
336 860
381 765 1546
757 194 304 366 702 1576 1710
833 342 540 955 1183 1624
1280 257 316 669 928 1576 1966
1305 326 349 714 995 1780
1685 928 929 979
402 1017 1465
1118 890 1464
1402 1034 1154 1582 1920
468 1029 1606 1848
888 924 1263 1771
890 578 1028 1551
1625 316 637 669 724 1776
1796 1298
1897 895 1773
1956 1241 1811 1976
279 841 1171 1791 1994
928 1774 1814
1464 315 1484 1899
1982 932
189 435 505 1122 1338 1446 1582 1764
435 413 1038 1313 1353 1891
505 349 825 1013 1233
1122 541 666 1850 1911
1338 898 1119
1446 473 978 1353 1497 1545 1578
1582 815 1205 1271 1605
1764 1458
1293 730 806 1441 1989
1965 215 482 1800
498 444 1034 1315
1990 1981
500 943
724 271 712 924 1346
841 638 1461
1404 714
1568 202
1130 355 911 1034 1075 1254
194 342 759 806 1728 1975
342
759 280 1644
806 700 1484 1653 1829 1877
1728 229 499 852 898
1975 1183
913 1183 1743
1204 390 1299 1811 1829
1453 1606
1202 301 343 722 1054 1800 1900
1342 550 1144 1417 1562
1562 353 551 768
499 202 267 676 754 1169
1639 979
257 754 787 1320
1109 1484 1647 1798
1489 520 842 1482 1596
1594 765 1529
323 800
1346 1012 1660
578 588 1137 1294 1826
1081 727 799 1023 1910
1262 768 1210 1294 1531 1678 1704
1545 1133 1315 1480 1658
202 805 825 982 1002 1491 1569
805 739 1788
825 1133 1888
982
1002 229 588 1773 1776
1491 1254 1743
1569 561 929 1978
203 1198 1237 1320
1198 623 753 1169
1237 1546 1627
1320 1248 1497 1826 1922 1935
234 246 314 722 1144 1480
735 1026
758 817 1126 1596
1658 309 748 1065 1211 1353
1850 1126 1151 1981
1857 1341 1795
404 332 444 736 895 1248 1282
1654 237 812 815 1777
737 1527
1354 280 932 1347 1524 1610
807 732 1211
1210 315 370 848 1415 1662 1962
1480 799
1791 353 1021 1254
208 520 1133
520 326 1550 1641 1774
1133 656 812
215 423 1337
796 304 564 1414 1441
1740 545 1093
267 1634 1957
907 765 1813
1028
1174 1321
1826 353 678 978 1241
1966 411 668 1795
423 1021 1026 1910
979 482
1308 762
1841 986 1627
398 482 1852
1093 541
1119 427 1551 1647 1957
1231 669
1547 1482 1773 1852
1811 401
482 419 1852
1524
1337 237 1353
1531 797 1171 1814 1983
301 1144 1570 1710
588 1027 1910
1721 271 686 1154
390 238 263 1396
1993 287 975 1492
1216 439 700 1067 1452
1271 541 1777
1702 730 997
399 1026 1040
1015 503
1353 247 540
1389 837 995 1458 1888
797 781 1205 1660
842 1596 1627
998 680 1710
1681 1054 1633 1638
1171 472 1027 1983
622 976 1254 1268
686
1678 1270
1780 329 722 943 984 1157 1431 1576
1170 412 943 973 1937
1332 678 1282 1458
252 983 1441 1624 1641
317 932 976 1263 1458 1634 1691
1776 411 975
1795
351 1403
1026
1211 1938
1624 1793
1976 419 988 1205
1989
229 1075
1075 654
657 666 1264 1929
693 1264
233 412 1272
412 540 863 1409
1272 1151
246 799 817 924 1452 1676 1725
314 924 1067
722 438 1003 1352
1144 790 1023
271 297 401
1195 458 1193 1452
1805 638 1283 1465
324 1027 1852
237 1420 1461 1767
1420 637
1461 304 1767 1920
1767 1546 1570
238
239 473 895
473 541 799
895 1743
1013 700 750 1336 1732 1891 1922
1900 1336
1935 1546
316 787 790 1431 1981
1241 276 1492
315 550 943 1793
1641 458 561 730 1021 1710 1999
1844 852
1848 349 970
799 662 970
817 700
924 329 561 815 1442
1452 656 1298 1888
1676 438 1040
1725 1984
247 765 848 984 1948
765 790 1154 1851 1937
848 413 1879
984 779 1137
1948
975 783
1647 367 666 1283
515 263 353 503 702 933
1205 988
392 881 1638
655 1442 1680
983 1529
727 1341
1441 343 656 1157
617 1883
978 654 1771
1065 986 1732
1662 343 753
1838 1983
1984
849
1003 815 1313 1937
754 837 1012
787 837 1288 1680 1886
444 1527
458 326 545 1283 1743 1953
1096 427 641 1067
260 494 1482 1570
494 410 1288 1546
1482
1570 720 1891
1415
653 768
263
1886
1962 730 800
1634 276 641 712 1793
1957 426 1193 1877
815 332 678
863 1341 1352
297
401 276
426 1183 1316 1349
1349 438
676 1781
1287
1879 470 1248
276 812 1631 1732
812 1627
1631 411
1732 1313 1578 1726
909 1341
933 1341 1816
427 1576 1633
1829 438
1994 1953
280
1161 992 1094 1396 1551
1899 1694
564 411 1492
1294 349 366 1012 1777
1315 1288 1414
355
1738 1396 1551
1743 911
1316 1431
700 860 1268 1347 1381
287 1888 1928
1888 1228 1377 1606
1928 439 1660
329 1154 1352 1645
643 332 800
1288
1492 408 411 837
366 650
790 668 1467
680
1264 1465 1527
1788 730 1910
1067 540 1442
1153 781
1467
1546 768 1282 1774
1259 472 1260 1484 1814
1352 1852
1973 943 1299
1710 1313
732
304 768
768 702 898 1012 1270 1684
367 976 1653 1684
943 1644 1772 1983
1497 411 929 1999
1800 1644
370 1299
1937
1981 550 623 1347 1823
898
410 1781
309 932 1298 1552
932 822 1974
1298 911 1552
1552 1336
378
451 1983
970 1038
730 1910
364 1137 1938
666
762
1381
1530 540 887 1596
1911 408 439 545
550 668 1347 1694
1793
1431 720 1212 1726
976 438 955
1263
1458
1691 561
1327
714 736
1373 561 712
800 1684
1027 1283
1852
918 779
326 750 973
750
973 887 1891
1154
1645 540 1146 1596
1399 1283
540 887 1684
822
332 1638
1638
860
1146 1730 1978
1942 1282 1360
343 637
637 1034
419 720 1040
1347
1912 720 1029
1029
349 1151
1151 783 1529
1891 887
1403 702
353
1061
1164
781 1953
1983 1183
852 1169
1282 470 1233
1449 1684
1137
1773
1550 411
1938
1610 992
650 911 1813
1653 1726 1999
1684 1336
518 668
1012 1910
1798 413
1299
408
1596
779
1527
541
411
1730 1321
1953
1126
382 1260
1260
1877 1823
1428 1774
472 1054 1963
1040 911
678
997 1360
1017 1823
1465 837 1929
1396
1605 1974
1660 1248
881 1442
887 1248
988
1377
656
1920
783 720
736
1248
1781
1409 1268
413 1978
1978
1157 1094
712
720 1726
1360
1034
1094 638 641
1021 662
1910
1270 710
1183 503
1576
1633 1169
1777 1603
1283 753
1603
623 638 1963
1529
1038
1313
438 748
748 1054 1771
439
1054
1336
654
739
545
986
561
1606
1169
470
638
1963 1417 1704
476
1023
995
551 1627 1999
503 1414 1551 1802 1929
1414
1551
1802 837
1929
1233
1228 1922
1268
1772
911
1295
702
1442
668 1704
1816
1774 1185
1254
992 1922
1771 1627
1814 1627
1823
1974
537 1644
1644
1694
1627
1999
1578 1813
1813
1484
1212
1922
1193
929
1883 1341
1417
1185 641
1851 669
710
641
753
1680
662
1704
669
1726
1341
1321
837
916
955
