0 477 877 905
477 53 94 264 460 552 678 807
877 15 70 94 334 363 485 502 991
905 56 110 175 342 804 888 894 978 987
1 36 41 291 564 816 965
36 86 162 524 600 702 704
41 11 64 150 642 897
291 136 419 513 607 648 650 652 714 791
564 297 382 506 912 991
816 71 197 407 412 444 527 659 754 781 945
965 428 583 634 706 713 740
2 46 90 127 263 265 416 437 642 652 738 895 914 975
46 273 364 852 961
90 260 527 649
127 264 639 648 881 945 966 992
263 366 415 566 610
265 303 425 537 730 890
416 191 217 553 561 566 601 929 968
437 6 83 200 207 446 517 530 663 697 891
642 120 259 355 520 981
652 88 238 462 884
738 151 216 276 285 357 376 417 542 585 648 692 925
895 412 708 737 823 880 882 904 939 962
914 111 219 231 385 497 527 531 762
975 101 143 447 492 545 757
3 110 196 517 736 873
110 118 168 240 257 323 346 375 376 418 490 541 791 827 828 907
196 45 49 407 413 544 709 719 916 994
517 190 352 487 662 689 806 873 917 940
736 16 214 332 487 622 788 849 973
873 135 534 545 603 620 818
4 21 77 194 250 352 838 852 929
21 44 99 136 198 213 226 347 460 606 734 772 779 791 796 861
77 106 372 381 402 563 633 868 934
194 224 376 414 607 894 908
250 282 388 575 729 820
352 12 312 455 749 773 832
838 63 68 70 210 653 780 793 846
852 33 143 200 359 381 849 951 976 993
929 96 406 407 447 456 462 717 869 884 934
5 38 156 172 282 413 473 503 590 688
38 274 360 660 857 937
156 216 429 536 945 948 958
172 170 211 275 278 284 462 712 807 849
282 19 73 137 186 389 851 938 944 966
413 138 175 292 537 632 680 881
473 378 531 707 741 833 837
503 60 158 312 361 719 741 751 764 857 917
590 7 344 688 857 956
688 52 93 129 240 394 438 670 749 790 876 990
6 109 240 343 366 474 832 982
109 259 504 572 640 778 936
240 18 397 418 549 588 665
343 266 424 500 648 697 888 968
366 29 147 224 277 512 644 932 996
474 321 548 717 783 890 913 915
832 79 440 513 577 594 641 775 779 848
982 205 237 306 332 710 788 813 858 869 986
7 218 275 549 641 786 788 833 900 937
218 432 500 535 722 884 936 973
275 287 422 812 840 912
549 28 56 268 709 823
641 239 270 341 360 415 442 624 802
786 64 149 406 471 608 683 761 897 912
788 184 256 258 639 666 668 683 745 768 773 820 930
833 175 401 501 530 604 839 956
900 217 238 284 295 699 716
937 33 64 144 369 376 401 577 619 888 972
8 187 387 434 620 692 882
187 23 102 232 678 919 963
387 25 35 102 114 302 626
434 107 140 379 572 658 718 843 898 978
620 47 612 692 850 916 939
692 23 299 516 668 759 773 821 835
882 39 86 374 405 500 671 837 958 985
9 89 170 190 192 270 296 356 426 575 757
89 60 279 332 391 753 789 862 883 908 924
170 230 377 381 469 510 605 606 767
190 67 75 415 489 494 689 719 744 777
192 93 557 618 731 745 839
270 51 54 548 835 915 994
296 132 551 797 887 968
356 118 182 241 256 330 643 926
426 112 304 364 502 565 677 803 885
575 62 246 323 428 754
757 141 143 183 206 317 759 881
10 133 256 349 447 831
133 11 111 158 216 312 362 460 520 840
256 83 91 285 399 728
349 108 182 294 333 402 696 787 904 936
447 183 457 588
831 40 73 135 243 280 404 498 571 851 865 977
11 498 528 611 626
498 22 58 488 516 633 856
528 292 318 319 427 747 991
611 15 249 408 661
626 86 208 226 389 435 501 536 559 634 699 708 839 899 940
12 195 224 418 491 580 667 772
195 107 209 276 414 518 548 603 939
224 516 677 771 785
418 63 87 272 325 507 604 609 734 740 961
491 101 280 358 484 555 583 681
580 100 234 238 273 342 496 662 953
667 163 188 279 385 453 472 839
772 100 158 807 849 889 940
13 119 351 483 771 790 997
119 16 425 452 499 531 602 649 660 661
351 235 259 375 397 512 643 661 681 689 694 794 860 939 943 950
483 374 485 665
771 177 339 544 610
790 500 542 655 851 997
997 39 42 118 176 227 389 526 857
14 374 448 576
374 42 85 142 274 458 537 792 876 959 966
448 19 179 201 363 408 444
576 262 283 740 915 945 981 989
15 177 205 255 316 684 998
177 120 302 309 429
205 85 403 438 536 592
255 444 515 809 878
316 92 395 420 441 979
684 29 37 126 144 675
998 241 364 476 480 514 661 685 701 729 983
16 315 821
315 29 47 94 125 213 371 379 399 414 787
821 204 393 510 530 543 584 766 823 963
17 136 594 702 709 806 992
136 55 148 269 381 500 504 689 700 755 903 923
594 66 147 180 278 534 731 880 906
702 29 47 164 176 182 272 396 415 430 557
709 135 237 578
806 60 164 298 385 653 917 936 978 994
992 55 409 501 556 707
18 66 507 515 554 563 807 949
66 306 440 533 548 635
507 100 120 373 557 582 943
515 323 442 719 939 956 995
554 181 213 257 261 344 680 728 741 922
563 101 400 531 744 829 885 899 906
807 104 311 722 730 808 812 883
949 234 401 469 540 715 730 907 938
19 28 60 71 99 262 876 892 959
28 20 114 235 592 875
60 54 200 277 381 630 681 849 857
71 219 309 452 729 926
99 65 223 390 436 511
262 146 377 654 972
876 180 241 490 748 819 925
892 308 337 451 479 633 726 848 851 896
959 104 106 140 242 401 536 555 680
20 52 353 364 950
52 162 335 369 803 854
353 151
364 149 304 492 545 774 802 817
950 236 253 419 704
44 604 926 961
198 176 512 524 589 656 755
213 307 649 739 741 759 987
226 227 288 382 489 668 727 812 874
347 299 412 649 829
460 289 384 438 442 843 867 953
606 188 301 475 512 536 601 654 868 962
734 303 616 647 781
779 220 239 422 562
791 30 333 596
796 618 655 682 721 824 947 964 967
861 76 380 608 664 708
22 284 311 385 615 750 840 880
284 185 257 428 566 758
311 125 409 665 912 918 968
385 62 75 231 367 376 464 922
615 197 219 294 310 402 423 514 518 654 750
750 91 287 501 551 794 893 940
840 139 253 269 681 841 948
880 285 376 455 501 569 767 837
23 43 72 204 215 285 754 923
43 72 248 292 610 849 863 874
72 106 229 333 415 805
204 70 229 233 342 659 828 910
215 128 158 201 235 341 559 812
285 417 450 579 650 656
754 332 443 551 583 614 633 672 687 826 868 898
923 154 690 711 839 848
24 47 91 114 161 169 493 651 945
47 219 244 403 589 646 787 793 853 935
91 105 228 318 657
114 61 225 241 593 810
161 51 188 283 512 561 618 689 720 856 866 918 945 981
169 27 37 123 202 358 422 469 532 548 654 728 761
493 84 398 844
651 815 881
945 222 334 415 535 865 888
25 140 290 335 338 492 740 767 792 808 869 888
140 95 175 365 908 948
290 92 271 294 414 520 541 618 628 645 797
335 233 370
338 409 630 785 797
492 342 354 362 634 798 819
740 70 74 130 384 489 609 902
767 56 797 881
792 287 377 464 520 780
808 223 279 397 534 604 766 775 828 848 854 867 916
869 441 600 696 842
888 249 318 367 584 609 632 921
26 289 339 358 560 731 753 850 893 924
289 31 235 514 636 708 719 735 780
339 176 222 237 376 495 800
358 329 530 559 726 851 887 985
560 279 458 470 857
731 58 146 376 530 629 716 761 881
753 233 647 827 839
850 330 430 582 627 793
893 141 271 613
924 68 152 160 463 588 658 828 864
27 79 159 505 579
79 679 824
159 78 197 568 588 618 662 756 848 866
505 404 588 826 962
579 321 768 798
235 154 475 689 720 863 989
592 464 595 663
875 183 208 450 583 650 686 699 745 881
29
30 96 502 805
96 55 68 341 406 514 526 815
502 87 490 552 561 660 863 969
805 236 826 843 995
31 178 228 410 608 656 706 847 867
178 164 220 231 414 710 714 954
228 175 373 700 722
410 145 155 166 247 417 629 698 930 955
608 249 337 383 409 519 970 996
656 82 212 308 749
706 268 302 325 326 440 623 649 814 847
847 135 151 776 800 836 902 912 988
867 69 227 247 586 612 863 878 977
32 691 903 955
691 64 336
903 442 463 506 508 632
955 88 180 424 655 689 817 984
33 68 113 475 567 572 719 730 766 849 953 964
68 67 100 134 151 280 372 482 496 550 827 953 971
113 647 716 883 989
475 252 254 287 386 455 481 694 842
567 87 155 212 326 494 752 885 898 933 961
572 139 257 272 300 370 379 655 694 708 711 803 804 890 913
719 87 208 232 425 529 834 944
730 48 150 249 545 555 650 944 972
766 303 455 711 849 872 989
849 613 936
953 100 212
964 154 193 261 305 328 557 605 999
34 396 553 655 941
396 142 457 768 986
553 469 644 658 765 865
655 122 360 558
941 54 231 257 298 545 839 985
35 42 108 174 397 670 813 967
42 120 122 251 550
108 92 242 954
174 50 947 995
397 49 167 398 465 535 701
670 371 739 978
813 111 444 844 906 978
967 39 62 230 557 703 795 934
86 107 186 391 511 700 865
162 303 558 810 814 943
524 209 348 634 668 800 866
600 149 201 278 436 472
704 45 80 184 246 266 415 621 957 981
37 39 176 274 303 386 405 541 545 854
39 83 134 319 406 455 514 716 768
176 173 317 400 464 470 559 577 720 862
274 363 614 693 756 908
303 54 148 212 266 376 496 666 828 913
386 214 643 659 671 690 745 827 855 856 925
405 259 302 359 361 547 616 675 801 839 841
541 328 365 540 574 645
545 222 435 512 707 710 879 974
854 123 225 433 468 639 902 921
360 277 300 419 665 745 814 843 886 934 960
660 281 574 599 696 995
857 146 529 673 724
83 147 407 616 789 891 977
134 149 407 585 616 644 707
319 404 485 513 675 726 856 865 999
406 191 633 650 765
455 49 75 100 409 500 839 938 981
514 317 333 469 531 653 773 811
716 49 58 179 516 961
768 202 277 328 604 784 804
40 465 532 581 635 685 751
465 158 536 717 898 993
532 785
581 325 558 829 848 935
635 146 306 322 834 943 966
685 118 272
751 123 490 494 571 922 954
64 237 293 329 414 449 586 649 763 780 990
150 173 344 383 777 936 976
897 203 378 380 445 500 636 809 811 969
120 238 384 409 463 539 547 638 666
122 116 146 168 654 714 739 782
251 97 246 408 440 485 489 530 723 865
550 325 337 355 402 612 621 770 797
248 157 188 471 500 762 773 829
292 246
610 407
863 508 638 795 922 926 987
874 67 707 810 909
604 279 357 961
926 247 991
961 278 297 317 653 920
45 695 741 814
695 143 168 225 494 525 609 899 934
741 324 726 748 781 984
814 123 388 499 561 664 776 815 917 938 980
273 137 307 355 500 616 712
219 78 342 429 969 984
244 67 208 321 412 421 682 708 881
403 394 453 469 647 904 962
589 266 299 334 512 534 625 705 765
646 267 373 496 627 654 732 759 891 986
787 267 280 326 701
793 281 346 718 780
853 214 804 872
935 885 993
48 202 241 671 781 906 972
202 103 261 430 752 978
241 121 295 398 466 783 899
671 87 229 231 348 430 679 717
781 229 242 312 485 603 743 930
906 143 313 354 381 443 444 479 597 634 701 958
972 78 318 530 930 956
49 212 267 345 424 534 744
212 80 142 163 258 327 934 999
267 104 197 378 432 510 526 724
345 220 246 324 363 621 818 887 958
424 59 249 464 467 542 577
534 456 479 672 711 820
744 105 112 126 238 376 404 568 679 762 829 868
50 277 330 336 570
277 142 160 230 886 908
330 322 472 801
336 286 363 634 676
570 94 300 326 809 990
51 165 184 350 633 985
165 452 536 681 745
184 102 145 414 521 784 963
350 313 533 812 829 916
633 104 208 281 440 526 708 817 899
985 286 640 647 746 994
369 206 636 648 902 947
803 80 186 404 512 657 991
53 510 698 760 956 977
510 301 314 388 825 859
698 280 400 970
760 67 81 509 637 936 991
956 402 500 569
977 84 179 359 442 573 724
54 106 138 307 463 509 898
106 62 238 496 674 694 866 891 922
138 331 522 621 801 868 894
307 105 126 129 220 476 551 718
463 548 759 834
509 101 286 399 478 482 724
898 65 324 367 588
55 98 231 470 907
98 404 407 637 856 963
231 261 587 756
470 130 382 526 571 662
907 201 221 529 743 939
56 462 638
462 58 206 233 737 881
638 258 735 775 881 971 995
57 318 443 478 662 866 927 993
318 373 830 966
443 81 188 329 981
478 409 411 458 726 848 917
662 408 659
866 144 435 472 573 593 640 710 871
927 337 623 820 860 988 995
993 65 143 446 533 636 990
58 682 902
682 107 164 388 617 705 756 952
902 519 527 674
59 357 368 689 705 825 841 933 999
357 258 429 683
368 559 677 737 795 801 818
689 158 171 469 647 650
705 147 459 597 710
825 139 456 506 693 707 828 901 957 996
841 105 297 301 487 488 566 759 990
933 675 720 822 912
999 223 544 546 548 749 931
200 245 890 968
381 117 175 234 272 584 637 904
630 154 188 585 951
681 95 334 365 583
61 135 261 395 573 921 968
135 229 568 598 749 843
261 427
395 535 780 984 996
573 102 179 238 664
921 232 675 680 700 858 909 962 966
968 148 457 537 587 595 829 879
62 305 627 717
305 293 331 379 552 650 697 886 986
627 78 442 918
717 928
63 746 762
746 409 429 508
762 612 879 944
237 362 400 453 622 819 879
293 390 739 815
329 95 221 371 683
414 191 334 342 380 715 773 819
449 415 663 715
586 372 624 712
649 117 147 154 428 516 782 789
763 69 103 266 304 784
780 103 112 314 516 628 677 802
990 88 124 128 390 407 422 499
65 95 908 942 951
95 158 216 278 398 538 735 989
908 107 453 661 828
942 197 230 334 539 613 629 789
951 188 197 246 254 435 699 887 920 930 947
306 365 748 835 862 868
440 188 489 539 578 582 605
533 412 452 726 839 899
548 125 246 287 607 904
67 373 672 842 979
373 118 453 464 957
672 271 676 776
842 365 506 632 776
979 151 556 743 797 819
100 180 239 978
151 375 439 693 818 952
280 94 547 569 943
372 522 556 648 742 826
482 269 276 584 909
496 206 321 513 686 894
827 104 287 400 562 640 809 834 837
971 70 216 457 538 599 778 916
69 216 333 367 566 701 747 904
216 227 539 721 928
333 199 268 450 471 504 708 909
367 189 696 769
566 124 490 881 883 995
701 552 883
747 206 334 472 529 761 887 930
904 143 404
70 203 227 520 598 687
203 132 288 310 778 952
227 511 605 622 683
520 607 715
598 518
687 117 154 310 383 435 459 614 769 826
309 379 889
452 944
729 142 163 182 234 299 459 640
229 139 380 417 468 525 887
415 506 693 828
73 206 281 552 919
206 87 239 512 703 858 909
281 144 210 239 407 617 629 703 910
552 259 428 583 585
919 468 540 829 928
74 123 433 668 778
123 80 236 666 828 855
433 137 253 409 504 582 624 718 894 940
668 383 412 432 653 673
778 577 930 948
75 525 820
525 278 679 699 811 829
820 137 718 978
76 365 798 858 862
365 146 269 327 555 625 640 782 947
798 298 392 468 917
858 118 276 696 818
862 168 185 718 887
402 175 201 254 294 607
868 128 147 481 654 974
934 408 453 764 980
78 102 221 479 735
102 128 234 644
221 393 450 818
479 444 678 974
735 328 441 451 889 966
679 81 236 379 427 645 755 883 954 987
824 490 707 715
80 144 145 337 631 674 802 817 870
144 167 587 785 970
145 217 252 467 543 618 718
337 322 733
631 392 490
674 322 588 595 643 843
802 325 920
817 115 295 308
870 143 211 511 936
81 210 427 571 743 823
210 444 810 839 884
427 359
571 558 565 725 823 952 980
743 197 488 811 846 913
823 168 624 680
82 513 799
513 160 675
799 115 312 332 593 612
147 94 508 931
407 125 191 557 872
616 501 569
789 490 531 558 595 699 978
891 383 506
84 601 665
601 148 223 412 417 486 527 558 883 889
665 258 380 411 486
85 320 348 629 966
320 976 980
348 715 739 995
629 97 377 593 686 693 901
966 118 456 800
107 230 439 995
186 103 197 544
391 310 354 621 865
511 185
700 92 155 612 828 939
865 197 421 422 561 614 625 727 800 884
87 269 341 446 519 546
269 101 871 896
341 185 468 718 938
446 118 163 521
519 712 943 960
546 417 521 957 986
88 233 266 621 785 987
233 445 623 765 770
266 157 764 884 980
621 239 379
785 115 152 512 623 769 881
987 254 314 467 697 742 957
279 245 257 457 605 725
332 225 544 624
883 132 644 974
260 419 659 896
527 238 653 970
105 438 826
657 468 659
92 640 913
640 128 795
913 389 468 555 643 669 676
93 214 234 383
214 495 894
234 189 619 745
383 137 325 584 597 609 612
94 378 659 846
378 257 644
659 587 756 764 844
846 392 439 938
158 392 748
278 362 522 584 648 713 745
398 683 724 797
538 268 578
989 129 304 412 916
526 441 645
815 454 486 522 632 773 988
97 683 690
683 394
690 211 476 801
404 217 454 666
637 189 389
856 166 302
963 149
223 236 584
390
436 180 299 707 901
180 801
239 494 522 557
978 141 189
101 168 521 896
168 540 726 770 845 939 984
521 574 614 749
896 128 328 442 829
128 111 340
644 313 940
103 139 742 844 946
139 371 456 764
742 388 938
844 445 878 936
946 272
104 189 432 603 901
189 445 489 664 829 928
432 625 647 818
603 708
901 411 653 974
438 759
826 310 499 588
238 464 936
694 574 761
922 848
230 143 920 954
439 441
995 429 430 442
242 115 417 445 794
954 146 327 666 980
259
504 344 654 800 809
936 173 243 371 723 889
118 322 920
257 488 664 722 976
323 297
346 288 459 678
375 217 454
376 116 595 836
490 252 283 299 451 764 829
828 295
111 232 530
232 246 344 467 663 710
530 129 297 461 543 804 887
112 722 952
722 761
952 264 454
647 340 512 587 745
225 678 932
593 472 559
810 126 430 551 587 614 864
115 467 547 774 899
467 551 940
547 246
774 431 458 624
899 201 247 297 568
116 137 258 484 666 711
137 605
258 607 879 943
484 401 523 595 885
666 155 220 283 764 859 860
711 361 625 764
117 313 632
313 453 918
632 301 726 782
322 917
920 417 458 459 587 643
425 466 721 794
499 146
531 745 894
602 464 745 980
661 126 619
384 393 728 930
409 272 487
539 179 328 453 481 562
121 327 597
327 154 268 486
597 412 458 537 605
146 163 236 304 355 494 680 915
654 800
714 612 871
739 199 370 932
782 129 481 584 848
236 761
855 243 268 464 485 518 536
124 362 399
362 173 371
399 129 131 890 915 918
125 166
166 916
126 495 648
495 302 382
648 423 777
264 182 393 574 622
639 148 412 574 830
881 163 561 769
340 355 599
129 182 331 848
182 494 582 748
331 699 943
848 222 401 464 622 663 812 871 917 918
130 379
379 209 295 609
131 472 480
472 430 658 801
480
132 253 703
253 516 595 724 976
703 456 984
312 370 435
149 559 980
585 776
707 809 957
568 512
749 157 512 928
843 451 453 456 718 797
148 183 441 713
500 675
755 420
605 607 732
522 254 328 481 693 756 797
801 765
894 835
371 445
456
764 211 392
175
948 321 457 458 487 697
141 812
812 466 944
142 297 300 523 599 928
297 569 583
300 557 715
523 617 713 777
599 382 776
928 388
143 247 249 392 650
247
249 476 614
392 191 542 871 916 976 983
650 154 489
167
587 578
970
217 183 321 917
252 286 393 464
543 254 595 938
618 487 986
718 487 634 884
163 179 584
304 154 809
355 420 860 958
494 254 301
680 489 800
915 569
508 295 317 574 912
931 388 442 458 723
183 209 872
441 497 609 737 988
713 943
559 540 696 699 737
980
173 276 363 625 830
344 428 540
777 370 634
976 185
693 288 328 430 759
818 453 584 776
152 295
295 314 328 453
153
154
155 886
886 471 938 960
429 612
536 864
958 457 544
157
748
197 359 884 944 947
588 442
756 769 795 845
160 501
501 516 819
188 459
283 308 326 419 678
512 382 435 569 939
561 619
720 430 459 794
918
981 276 800
558 268 354 529
943 171
179 222 486 835
584 185 400 947
164 783
783 489 932
745 254 811
916 758
540
726 276 286
770 489 663
845 199 708
939 677
984 181
422 973
469 428 759
728 207 582 885
761 220 268
377 208
171 342 930
342 506 991
930 596
211 428 468 516 699
712 359 394 417
276
363 243 725
625 454
830 628
947 294
317 822
400 388 973
464 489
577 411
302 185 686
220 389 421 795
710
222 675 775 974 996
486 314 506
835 596 795
181 380
380 535 725
582 207
209 193 208 254
872 516
784
185
544 388 489 890
678
459 431
445 839
489
664
829 596
191
557
839 458 556 715 864
193 617
617 724 889 910 988
607 408
518 389 497 675
994 932
359 412
884 314 411
944 254 938
199
245 394 776 837
890 325 393 675 800
201
430 457 973
752 696
288 268 837
310 727 911
910 912 974
909 724 917
207 962
962 458 583
208 243
243
254 804 911
444
428
468 334 354 991
516
699 328 370
759
721
321 851 960
917 485 624
535
973
969 325 696
389
421 925
795 454 940
393
450
675 361
775
974 431
996 268 420 673
677
932 419 451 453 800
382 411 859
727 454
622 925
417 423
887
246
663 811 878
623 506
765 308 686
619 696
453
819 851
879 435 809
466 308 732
794 314 562
412 836
708
394
776 497
837 957
471 370 388
773 809
476 401 737
614 983
388
408 878
485 658
723
286
595
724 583
804 938
911 686
809
878 454
488 271
419
574
537 298
268
871
271
272
287 299
912 551
457 442
725 481 860
569
851
938
308
326 686
758
299 454
636
294
628 822
645
797 565 925
314 583
328
551 859
583 461
298
454
715 461
301
686 940
697 986
986
889
370 555 669
435
420 834
822
960 613 634
324 451
451
325
624
334 562
562
634
676 988
733
800
506
991 769
696
643
860
354
361
555 737
769 578
737 925
669 591 864
556
957 591
458
836
609
411
859
612
925
542
983
401 423
423
487
834
565
885
431
940 529
658
578
497
988
442
461
732
481
653
811
529
864
591
596
613
673
