0 249 313 1081 1187 1227 1360 1368 1393 1828
249 156 202 387 649 888 944 1060 1191 1226 1409 1532 1716 1947
313 40 509 532 645 694 788 890 1434 1457 1803 1862 1864 1962
1081 69 300 343 481 535 561 875 1119 1564 1601 1961
1187 125 134 373 389 630 761 1316 1390 1518 1860 1943
1227 76 225 419 471 535 654 743 1673 1744
1360 140 234 776 814 1121 1180 1355 1458 1619 1656 1664 1893
1368 9 60 118 255 609 730 910 1031 1096 1099 1148 1152 1451 1610 1975
1393 632 640 645 676 759 834 917 989 1524
1828 206 223 495 906 948 1209 1332 1400 1416 1605
1 195 278 399 604 1016 1114 1527 1643
195 22 314 596 758 970 1013 1472 1701
278 1160 1421 1546 1651 1652 1768 1769 1814
399 31 61 268 351 678 1008 1513 1567 1610 1881 1891 1907 1918 1938
604 395 653 752 1008 1078 1121 1140 1154 1728 1772
1016 806 1349 1836
1114 21 63 120 499 570 572 678 778 907 991 1154 1261 1391 1425 1808
1527 176 239 375 832 1071 1162 1222 1378 1776 1792 1893 1976 1998
1643 395 420 920 1221 1260 1402 1953
2 465 545 1024 1723 1786
465 154 315 561 1284 1507 1811 1890 1906 1978
545 74 201 660 884 954 973 1477 1669
1024 71 88 370 1123 1251 1883
1723 496 584 726 927 990 1070 1102 1127 1166 1502
1786 155 265 320 549 718 769 819 865 889 893 1066 1127
3 105 111 112 211 370 497 547 681 1188 1260 1425 1469 1622 1683 1792 1823 1843
105 582 682 803 1255 1271
111 28 148 256 513 692 1418
112 94 708 1035 1267
211 202 206 232 235 837 907 977 1121 1212 1228 1243 1290 1544 1698 1916
370 166 232 506 677 719 1001 1221 1438
497 20 46 129 458 474 849 942 1117 1209 1272 1291 1452 1704 1718 1805
547 61 252 324 509 550 601 704 751 931 978 1096 1137 1251 1660 1930
681 81 205 292 841 855 1070 1410 1678
1188 81 515 597 1011 1046 1052 1213 1414 1539 1651 1680 1767 1895
1260 95 309 345 485 679 874 1014 1385 1478 1593 1636 1870
1425 88 110 754 1068 1105 1335 1389 1667
1469 50 94 364 395 402 521 647 1875
1622 186 408 417 665 716 1006 1039 1043 1291 1586 1596 1958
1683 735 815 980 1497
1792 241 419 636 860 1040 1199 1565
1823 36 247 263 316 449 856 1017 1045 1078 1130 1198 1249 1316 1353 1373 1621 1754
1843 828 851 1315 1718 1745
4 257 451 731 890 987 1098 1131 1358 1501 1608 1836 1895
257 356 1475 1902 1953
451 17 104 230 435 571 820 1115 1318 1432 1626 1662 1802
731 190 308 477 667 694 1110 1216 1642 1775 1778 1920 1976
890 39 154 158 265 328 592 626 801 1029 1110 1164 1256 1958
987 156 623 878 940 971 1089 1420 1453 1537 1857
1098 61 178 301 464 612 708 715 870 892 1071 1097 1330 1375 1724 1734 1767
1131 366 385 895 1562
1358 175 223 385 444 623 627 723 966 1308 1545 1665 1925 1948
1501 346 368 439 490 629 876 974 1068 1380 1564 1980 1997
1608 129 167 338 579 599 975 1301 1437 1571 1870 1914
1836 50 77 320 774 1185 1523 1696 1805
1895 125 638 1059 1065 1327 1545 1749
5 60 209 785 816 905 1059 1195 1297 1300 1702 1818
60 185 372 506 771 1175 1291 1299 1678
209 822 833 1042 1137 1270 1489 1637
785 8 259 272 720 743 865 970 1224 1411 1582 1728
816 101 412 767 1349
905 57 700 1138 1922 1986
1059 284 450 617 711 753 761 1221 1254 1269 1293 1417 1776 1813 1838
1195 222 236 424 1224 1475 1604 1732
1297 168 182 184 294 325 345 448 516 778 1049 1074 1536 1687 1910
1300 49 162 422 446 573 736 918 1135 1271 1548 1741
1702 232 253 274 302 585 631 649 676 780 849 1161 1342 1456 1570 1590
1818 172 284 586 635 860 1149 1222 1283 1295 1361 1476 1576 1609 1621 1686 1873
6 317 435 984 1437 1503 1798 1850
317 132 247 484 510 551 801 1122 1217 1620 1717 1760 1840 1886 1930
435 84 329 357 417 804 857 916 1047 1315 1324 1719
984 73 172 240 340 1294 1709 1763 1810
1437 314 332 348 962 1032 1253 1440 1462 1830 1870 1905
1503 80 251 274 421 507 616 1083 1121
1798 82 203 645 668 735 789 1012 1392 1524 1593 1709 1767
1850 50 92 174 232 401 481 942 1079 1317 1352 1579 1610 1867
7 220 273 288 298 1222 1556 1781
220 369 751 794 1001 1434 1846 1894
273 74 217 263 321 641 1035 1240 1416 1570 1652 1926
288 438 546 1027 1115
298 82 109 114 314 360 1049 1097 1296 1553 1779
1222 98 145 148 216 653 701 1134 1271 1294 1352
1556 324 594 1050 1104 1302 1490 1517 1571 1844
1781 157 907 1350 1682
8 186 509 1050 1267 1613 1738 1922 1996
186 135 245 295 504 898 1055 1071 1143 1231 1886 1896
509 345 471 645 688 909 1392 1732
1050 233 877 958 1522 1587 1719 1735 1750 1937 1954
1267 125 328 617 828 845 992 1043 1270 1369 1803
1613 39 92 916 1065 1465 1466 1474 1671 1870 1916
1738 351 698 799 982 1310 1557 1605 1614 1743 1774 1992
1922 73 168 444 612 628 672 780 904 1433
1996 697 860 930 1123 1286 1630 1749 1755 1795 1837 1894
9 116 429 818 895 1185 1230 1359 1463 1816
116 294 485 494 554 836 926 1061 1528
429 58 224 293 946 988 1615 1704
818 930 1084 1170 1324 1476 1776 1994
895 13 108 795 980 1010 1212 1440 1906
1185 44 711 975 983 1519 1805
1230 182 282 437 716 737 743 746 967 1063 1127 1429 1772 1829 1837 1874 1911 1969
1359 159 768 902 1005 1546 1729
1463 40 110 689 805 1049 1467 1621 1761
1816 89 103 252 548 581 907 936 1597 1822
10 114 214 332 417 529 679 847 1043 1184 1284
114 16 319 478 503 651 1340 1422
214 173 230 676 723 809 924 1115 1514 1654 1748 1773 1811
332 625 793 932 1257 1369 1703
417 279 379 390 501 620 979 1126 1285
529 310 568 850 875 1021 1202 1371 1839 1923 1938 1964
679 86 578 659 1180 1424 1739 1921
847 706 721 784 934 1040 1068 1099 1416 1433 1448 1525 1555
1043 293 306 340 598 689 711 1058 1196 1198 1322 1833 1905
1184 141 374 379 718 723 796 1270 1443 1536 1682 1883
1284 35 104 132 213 611 788 903 919 969 1695 1735 1893 1928
11 140 498 1721 1919
140 49 467 888 901 1276 1405 1460 1579 1703 1787
498 180 197 385 783 958 1216 1371 1389 1526 1771
1721 223 355 363 568 868 899 1142 1172 1186 1202 1395 1493 1537 1878
1919 238 441 543 633 802 898 999 1061 1161 1301 1543 1559
12 279 355 626 937 1160 1197 1384 1472 1488 1511 1568 1663 1668 1745 1775 1780 1847 1889
279 45 749 831 1238 1776 1879 1910
355 166 175 245 542 723 1367 1465 1663 1881 1896
626 126 201 438 540 557 980 1029 1252 1277 1353 1811 1831 1870
937 197 208 320 530 748 834 1049 1353 1572 1595
1160 28 352 472 1116 1133 1186 1545 1689 1698
1197 165 599 858 1472 1542 1670 1727 1756
1384 312 455 516 735 880 914 943 988 1186 1692 1939
1472 156 212 263 488 640 697 711 730 829 1159 1651 1706 1779 1869
1488 20 204 423 459 576 856 1068 1285 1420 1630 1743 1815
1511 35 66 597 879 1002 1189 1263 1351 1433 1718 1867 1981
1568 362 381 443 721 1166 1338 1424 1617 1680 1744 1745
1663 350 957 1092 1221 1851
1668 358 420 533 538 593 739 789 1127 1220 1591 1834 1880 1926 1965
1745 1006 1135 1179 1387 1389 1494 1571 1577 1579 1580 1647 1753 1765 1867
1775 13 83 110 245 291 743 948 985 1029 1153 1213 1269 1642 1872 1992
1780 248 395 627 650 757 804 823 1808
1847 331 366 932 940 964 1010 1911
1889 147 178 242 309 415 447 486 543 886 1142 1355 1547 1560 1610 1859
13 29 193 243 566 775 812 988 1084 1100 1278 1714
29 127 518 722 783 839 951 1414 1764 1787
193 57 192 352 577 935 957 1073 1247 1649 1788 1835
243 104 115 202 539 675 1062 1067 1242 1320 1329 1411 1605
566 364 411 653 863 1171 1563 1618 1885 1886
775 77 199 656 760 1053 1055 1308 1319 1442 1857 1948
812 136 684 995 1096 1533 1604 1704 1751
988 300 453 493 639 749 1353 1497 1596 1869 1883 1989
1084 61 269 342 824 1566 1742 1746
1100 628 976 1201 1326 1783 1941
1278 169 229 256 432 572 807 1206 1710 1821
1714 80 309 495 575 1329 1331 1819 1950 1959
14 154 365 501 777 1137 1176 1696 1755 1821
154 290 407 412 690 1570 1743
365 476 702 829 919 1027 1066 1519 1946 1988
501 711 772 834 1071 1130 1142 1481 1842
777 234 592 670 671 1140 1181 1338 1485
1137 147 213 511 584 793 1023 1104 1121 1193 1210 1244
1176 696 1125 1189 1213 1252 1330 1518 1784 1829 1969
1696 31 557 805 938 1337 1429 1590 1646 1671 1741
1755 16 164 544 578 644 797 872 1620 1933
1821 185 300 536 584 636 733 851 892 1232
15 606 749 921 1204 1424 1915
606 175 846 1132 1337 1628 1641 1830 1849
749 158 403 504 660 682 1005 1454
921 485 641 767 979 1282 1762 1950 1981 1988
1204 206 336 829 916 1135 1948
1424 132 226 260 376 553 869 1007 1513 1600 1627 1733 1783 1955
1915 51 64 171 1136 1181 1392 1523 1692 1730 1930
16 71 121 207 233 314 316 464 539 700 985 1021 1376 1399 1417 1520
71 364 555 885 1207 1561
121 169 913
207 275 309 487 513 644 1006 1164 1210 1518 1681 1894
233 118 469 554 1102 1193 1312 1533 1703 1782 1861
314 42 145 245 966 1048 1075 1182 1355 1586 1672 1769 1778 1868
316 40 799 974 992 1076 1988
464 56 822 846 1123 1132 1182 1667 1689 1724
539 158 264 603 714 799 998 1619 1856 1988
700 70 162 174 344 499 1138 1159 1479 1596
985 83 363 381 582 617 761 1841
1021 594 625 870 1034 1234 1512
1376 134 633 1109 1129 1386 1426 1571
1399 473 650 744 1229 1579 1659 1814
1417 37 135 308 507 914 1103 1676 1920
1520 402 434 537 822 1109 1192 1218 1305 1410
17 156 368 621 698 735 799
156 392 416 802 930 1115 1169 1330
368 25 598 879 1150 1546 1779
621 22 556 584 625 638 737 838 1369 1382 1426 1484 1659
698 312 471 583 594 653 766 906 931 989 1028 1034 1046 1800 1881
735 108 320 544 553 642 869 1276 1794 1936
799 284 322 477 522 623 808 997 1093 1497 1885
18 36 138 974 1049 1611 1669 1703 1782 1888
36 34 107 386 591 810 978 1596 1648 1682 1773
138 31 680 758 1014 1150 1290 1340 1940
974 351 715 1085 1779 1982
1049 452 493 635 1174 1241 1274 1367 1460 1575 1848 1869 1905
1611 67 129 337 394 574 584 1007 1126 1289 1480 1588 1848
1669 340 423 485 770 1047 1827 1845 1901 1906
1703 69 74 340 594 596 758 760 761 1109 1345 1430 1661 1722 1977
1782 61 171 242 374 418 442
1888 175 367 569 607 1298 1313 1444 1732 1737 1911
19 45 517 614 854 1450 1676
45 78 95 506 550 648 837 880 916 1092 1133 1397 1467 1654 1691 1995
517 271 441 1058 1127 1505 1797
614 380 707 943 947 1011 1031 1538 1603 1767 1768 1860 1953
854 1486 1990
1450 229 266 296 459 608 691 784 1471 1697 1936
1676 495 1003 1046 1141 1244 1255 1431 1642 1752 1923
20 99 202 259 591 618 894 898 913 1101 1113 1207 1362
99 801 1200 1375 1500 1507 1712 1838
202 120 204 496 574 1467 1936
259 161 644 666 889 1414 1572 1809
591 134 1028 1125 1423 1543 1666
618 24 90 147 510 966 1058 1149 1362 1401 1426 1478 1519 1616 1979
894 388 834 1045 1145 1461 1494 1841 1844
898 855 945 1274 1580 1987
913 52 1015 1173 1304 1410 1479 1484 1815
1101 225 427 478 531 866 1319 1565 1771 1777 1802 1941
1113 34 582 610 917 1007 1020 1148 1198 1917 1952
1207 124 1331 1342 1348 1459 1618
1362 201 693 966 1086 1591 1689 1797 1807
21 132 204 322 491 1077 1536 1873 1894 1952
132 98 230 248 1033 1228 1250 1294 1837
204 439 1117 1335 1609 1770
322 235 253 388 600 1117 1335 1372 1426 1621 1677 1813 1891
491 66 426 580 589 734 887 927 1531 1571 1804 1925 1991
1077 145 920 1310 1530 1797 1849 1861
1536 392 610 668 743 811 1014 1070 1112 1506 1598 1977
1873 284 299 594 664 922 1001 1148 1212 1548 1563 1566 1829
1894 226 237 302 478 840 1205 1592 1688 1831
1952 180 613 733 743 931 1017 1339 1865 1900
22 75 144 414 768 967 1003 1134 1140
75 286 514 625 633 1317 1566 1937 1982
144 188 266 687 727 809 1573 1592 1810
414 56 181 720 931 1172 1269 1289 1409 1506 1808
768 54 59 858 1073 1191 1658 1743
967 92 134 590 965 982 1109 1144 1276 1646
1003 418 709 868 1272 1413 1434 1757
1134 64 159 213 354 366 486 1039 1094 1231 1280 1390 1561 1704
1140 466 773 1232 1341 1456 1548 1575 1661 1958
23 65 280 652 867 953 1079 1082 1386 1558
65 237 573 627 737 797 1106 1179 1363 1588 1746
280 38 155 403 516 559 596 1013 1387 1533 1614 1678 1912
652 134 261 537 660 769 1352 1465 1961
867 47 63 67 107 760 1030 1291 1452 1470 1589 1652 1664
953 80 171 264 1420 1493 1584 1694 1872 1920 1970
1079 439 523 836 1119 1156 1410 1490 1859
1082 151 226 266 645 906 971 1053 1460 1651 1670
1386 118 127 561 643 820 950 1019 1682 1725 1771
1558 84 349 678 747 850 1106 1218 1288 1609
24 219 673 714 744 776 949 1085 1208 1210 1215 1482 1784
219 48 125 537 675 1127 1200 1308 1476 1661 1799
673 221 264 388 439 1689 1904
714 166 242 327 753 774 1446 1815 1958 1970
744 57 123 237 256 807 828 1419 1515 1646 1674 1741 1746 1750
776 70 352 494 900 1017 1076 1367 1574 1609 1648 1660 1838 1864
949 139 336 384 763 782 1011 1133 1210 1597 1752
1085 94 118 599 803 946 1017 1308 1835 1911 1968
1208 152 301 428 518 1110 1341 1711 1835 1854
1210 54 126 358 546 622 1246 1876
1215 229 838 1125 1650
1482 206 1012 1094 1292
1784 262 526 619 624 800 1002 1223 1320 1418 1578 1657 1877 1998
25 463 644 846 1720
463 143 561 1001 1088 1120 1529 1548 1624 1660
644 236 389 628 772 1004 1047 1366 1398 1706
846 276 421 759 1330 1370 1457 1467
1720 61 496 580 641 650 1415 1554 1658 1993
26 38 95 182 224 727 1075 1138 1758 1846 1856
38 110 161 544 779 979 990 1355 1630 1769 1944 1953
95 81 271 832 1317 1742 1997
182 27 500 549 562 643 1237 1256 1302 1600 1857 1904 1921
224 183 239 781 782 845 922 970 1316 1319 1451 1557 1802
727 351 590 732 975 982 1038 1902
1075 222 401 757 1240 1528 1583
1138 78 196 228 367 712 841 980 1080 1492 1578
1758 248 276 820 830 840 1167 1420 1458 1630 1753 1811
1846 97 357 536 663 672 691 761 1074 1247 1350 1373 1418 1467 1557 1642 1725 1760 1962
1856 47 127 216 580 670 677 815 998 1173
27 290 874 1216 1291 1305 1571 1927
290 89 101 569 664 665 688 873 948 1017 1202 1630 1651
874 1624 1935
1216 34 212 637 881 926 959 1033 1366 1458 1582 1789 1820
1291 339 357 448 556 783 822 881 1219 1309 1406 1474 1484 1626 1733 1876 1903
1305 728 1349 1395
1571 30 118 275 842 878 1057 1199 1407 1535 1995
1927 72 160 444 610 902 973 1200 1299 1420 1936
28 49 122 379 484 577 642 648 1088 1763
49 212 225 393 492 778 871 933 1397 1542 1612 1716
122 53 387 670 1340 1452 1455 1627 1739
379 1311 1458 1644
484 261 289 371 647 909 1382 1693 1700 1827 1892 1896 1929
577 228 356 482 769 928 1296 1427 1467 1734 1790 1890 1916
642 164 185 589 869 1234 1401 1430 1715 1871 1897 1938
648 46 594 660 795 805 1330 1427 1735 1744 1969
1088 80 197 319 373 486 607 612 896 1338 1413 1598 1682 1886
1763 184 472 502 852 946 1013 1347
127 943 1310 1519 1974
518 520 554 849 934 1544 1688 1793
722 199 306 500 627 772 850 935 1146 1304 1550 1570
783 826 1191 1272 1616
839 187 275 460 646 802 884 972 1116 1139 1552 1942
951 656 958 1226 1252 1444 1506 1530
1414 297 363 633 1004 1246 1809 1981
1764 704 1181 1352 1412 1468 1602 1642 1731
1787 637 1228 1584
30 236 440 965 1033 1390 1630
236 479 1389 1573 1685
440 58 638 979 1039 1105 1496 1968
965 172 173 238 442 1117
1033 146 649 660 690 917 918 1099 1155 1217 1310 1421 1451 1612 1626 1935
1390 135 962 982 1464
1630 139 1130
31 654 878 1066 1467 1728
654 59 999 1822 1994
878 269 632 656 900 1042 1280 1389 1478 1774 1967
1066 109 318 510 736 1238
1467 350 488 500 639 983 1280 1833 1884 1950
1728 183 269 903 927 933 1426 1499 1562 1585 1590
32 686 933 1027 1505 1508 1597 1598 1655
686 353 356 377 763 1205 1261 1705 1994
933 346 542 692 754 1241 1287 1309 1769 1857 1883
1027 213 526 672 1276 1658
1505 456 911 930 977 1209 1750 1832 1840 1880
1508 91 162 402 1289 1327 1635 1774 1912
1597 86 106 126 168 340 920 1068 1324 1449 1729
1598 234 448 1067 1762 1769 1900 1967
1655 441 499 902 1115 1707 1955
33 304 668 804 982 1053 1650
304 234 627 705 780 857 892 1083 1094 1139 1237 1239 1280 1576
668 460 507 567 674 1257 1474 1587 1942
804 598 629 743 792 866 991 1022 1621 1632 1673 1795 1903 1955
982 502 551 586 903 1035 1319 1546 1562 1986
1053 619 748 750 1022 1403 1644
1650 165 175 478 934 1115 1149 1287 1339 1524 1825
34 271 309 331 460 468 908 954 1094 1174 1255
271 223 231 490 1231 1334 1370 1461 1653 1762
309 1097 1226 1353 1565 1725 1938
331 133 1025 1279 1777
460 512 1017 1031 1228 1281 1377 1403 1599 1635 1757 1785
468 73 221 395 616 1178 1776 1877 1977
908 422 704 792 1102 1259 1361 1625
954 50 264 613 955 1519 1903
1094 167 174 620 624 806 1123 1375 1593 1749
1174 244 495 758 906 1028 1125 1421 1471 1646 1834 1878
1255 300 402 474 703 851 862 1107 1330 1377 1500 1657 1719 1896
35 173 232 717 833 897 930 1381 1578 1610 1626 1634 1664 1855 1905
173 63 84 425 675 1109 1256 1897
232 159 190 267 342 961 1032 1223 1240 1496 1523 1687 1917
717 532 730 780 970 986 1022 1332 1833
833 580 1061 1105 1422 1872
897 150 394 499 1398
930 210 234 318 1372 1394
1381 80 756 860 1648
1578 583 598 669 670 795 916 939 1270 1311 1537
1610 670 753 1240 1434 1852
1626 150 260 885 960 1038 1298 1628 1646 1760
1634 766 828 1178 1615 1628 1865 1973
1664 245 364 704 802 1411 1552
1855 102 372 1330 1791
1905 118 282 458 569 640 999 1123 1178 1778
107 411 487 1067 1308 1342
386 79 133 175 294 344 555 704 1582 1712 1718
810 1402 1426 1515 1793
978 455 513 842 1616 1636 1687 1967
1596 330 442 638 755 1057 1307 1953
1648 507 523 773 882 920 938 1042 1150 1199 1203 1444 1446 1452
1682 630 760 876 1105
1773 73 152 225 558 800 1317 1452 1727 1992
37 769 1005 1132 1451 1533 1719 1790 1863
769 223 559 705 989 1445 1959
1005 148 227 303 480 522 1121 1688 1946
1132 188 402 525 580 637 802 1521 1953
1451 523 624 706 813 916 1347 1349 1402 1623 1779 1825
1533 164 307 375 385 572 760 916 1367 1371 1762 1868 1924
1719 295 506 1316 1466
1790 512 779 956
1863 222 513 956 1062 1076 1405 1475 1592 1609 1807 1809
110 85 251 267 723 724 1127 1295 1388 1583
161 58 413 709 795 1483 1487 1523 1691 1718
544 474 538 573 1064 1162 1727 1987
779 104 169 180 267 292 736 800 802 1119 1254 1256 1389 1704 1940
979 287 1147 1344 1470
990 373 424 688 1006 1217 1314 1464 1582
1355 189 583 724 821 1013 1136 1395 1420 1516
1769 200 478 928 1034 1194 1256 1999
1944 691 765 926 1523 1805 1879 1886
1953 91 172 400 849 911 1047 1062 1374 1403 1529 1840 1875
39 600 633 684 784 851 881
600 40 155 616 663 669 1130 1334 1645 1752 1861
633 321 385 430 438 658 1070 1460 1470 1707 1788 1838
684 364 550 729 1321 1418 1725 1982
784 115 469 658 1289 1314 1407 1602 1700 1981
851 181 748 1071 1502 1647 1725 1985
881 133 550 915 991 1308 1436 1654 1984
40 403 655 707 1341 1379 1832
403 239 631 640 709 724 825 842 872 986 1373 1524 1531 1733
655 284 1245 1865
707 88 194 607 737 1064 1347 1442 1717 1835 1866 1908
1341 63 563 1007 1173 1507 1574 1970
1379 360 462 1112 1283 1735 1736 1989
1832 170 190 431 701 1023 1145 1457 1653
41 369 563 602 885 915 1105 1110
369 174 179 185 274 397 662 671 696 805 1269 1516 1840
563 115 175 550 800 1638 1973
602 131 704 1141 1189 1448 1707 1867
885 536 1018 1092 1575 1751
915 400 489 617 692 739 996 1034 1296 1303 1398 1965
1105 69 385 482 918 1061 1142 1161 1337 1785 1904
1110 169 628 794 1213 1294 1499 1554
42 482 724 771 1012 1083 1523 1862
482 374 381 1242 1906
724 615 632 723 860 1328 1479 1820
771 187 269 396 896 946 1122 1514 1692 1760 1916
1012 142 516 715 716 935 1039 1147 1289 1326 1416 1603 1779 1878 1988 1999
1083 51 245 485 689 760 970 1427 1757
1523 272 542 691 791 822 871 925 986 1154 1296 1345 1408 1674
1862 150 172 976 1190 1920
43 54 69 318 337 395 450 516 683 964 1104 1374 1569 1616
54 354 1179 1351 1489 1731 1880
69 190 229 286 381 384 1507 1565 1704
318 78 222 762 1070 1646 1739 1865
337 79 129 383 576 845 853 946 1189 1268 1553 1627 1750 1925 1976
395 715 1161 1442
450 594 1411 1653 1710 1886
516 64 180 426 449 525 920 1198 1760 1976
683 134 272 445 531 1164 1224 1249 1555 1690
964 78 327 486 569 721 1443 1829 1929 1961
1104 96 537 711 1217 1320 1404 1594 1651 1991
1374 367 525 570 813 1102 1173 1793 1815
1569 1806 1815 1825 1916
1616 117 432 596 605 830 1019 1076 1740
44 287 511 1149 1281 1306 1382 1446 1746 1951
287 221 274 929 959 1296 1366 1395 1572 1624
511 68 74 136 141 178 377 569 630 1350 1460 1468 1567 1671 1733
1149 255 674 758 1794 1935
1281 445 499 992 1034 1364 1431 1882
1306 201 339 354 436 531 703 738 836 922 1310 1401 1584 1697 1794 1880
1382 117 341 1538 1584 1606 1880
1446 343 396 643 672 1162 1171 1200 1350 1462 1659 1718 1868 1990
1746 385 490 496 628 756 869 973 999 1076 1128 1180 1283 1452 1594
1951 569 725 773 1017 1203 1324 1839
78 256 274 856 976 1295
506 221 431 1068 1135 1331 1405
550 1499 1534 1673
837 505 583 916 919 1275 1408
880 586 1247 1335 1397 1559
916 126 523 574 1789
1092 131 472 530 555 617 815 907 925 1966
1133 108 206 447 616 960 1118 1148 1288 1478 1619 1810 1879 1991
1397 531 597 639 712 918 1226 1442 1887
1654 361 401 503 581 632 754 883 1007 1370 1748 1797 1900 1903
1691 142 538 593 625 870 914 1290 1429 1529 1543 1560 1778 1808 1826
1995 56 203 391 580 598 946 1107 1636 1681 1975
46 188 320 343 567 858 866 1055 1111 1175 1692
188 328 330 364 762 1730
320 388 512 822 864 1595 1753
343 283 525 657 730 864 1293 1954
567 117 270 294 800 1089 1103 1295 1506 1765
858 223 646 966 1069 1333 1402 1428 1441 1532 1555 1904 1932
866 637 712 917 1142 1252 1485 1604 1791 1793
1055 157 230 396 444 832 961 1309 1493 1542 1606
1111 980 1209 1243 1303 1313 1335 1380 1680 1884
1175 276 542 575 580 759 815 946 1247 1980
1692 118 394 831 1057 1579 1605
47 521 991 1324 1770
521 197 805 948 1159 1301 1517 1539 1736 1993
991 226 508 995 1040 1183 1295 1353 1653 1667 1941 1967
1324 184 187 375 471 499 1154 1168 1839 1923
1770 587 691 1042 1090 1221 1546 1717 1958 1988 1994
48 83 269 421 791 940 1116 1259 1426 1878 1931
83 81 310 483 523 528 568 609 672 1548 1885 1975
269 845 1000 1001 1491 1514 1727
421 458 960 1153
791 270 348 376 381 428 882 1213 1265 1592 1867
940 91 381 792 831 1226 1391 1448
1116 557 889 972 1151 1252 1470 1539 1565 1743 1893
1259 157 210 238 407 408 424 1034 1248 1268 1624 1731 1761
1426 500 636 1115 1186 1219 1433 1882
1878 583 856 1091
1931 212 341 549 685 813 1264 1966
212 77 523 610 835 1282 1724
225 218 374 381 646 917 950 1246 1299 1301 1365 1491 1972
393 472 574 584 780 1567
492 215 461 713 1481 1886
778 765 856 1127 1351 1739 1904
871 106 385 813 1147 1180 1743
1542 338 345 1048 1279 1565
1612 510 680 876 1044 1058 1239 1443
1716 216 581 636 786 861 1200 1588
50 166 364 471 661 682 879 1237 1396 1667
166 388 649 662 1759 1849 1904
364 108 637 688 955 1445
471 231 325 592 733 774 860 919 1051 1067 1097 1240
661 178 419 564 1292 1442 1487 1644 1732
682 335 428 494 572 901 1177 1466 1977
879 91 113 133 428 825 1342 1378 1625 1865
1237 462 603 836 980 996 1233 1365 1694 1853
1396 81 286 734 1192 1327
1667 300 436 1063 1415 1706 1881 1896
51 210 266 321 486 759 865 963 1038 1214 1277 1394 1422 1470 1474
210 205 537 594 969 1154 1442 1471 1848
266 324 597 734 1128 1391 1930 1966
321 130 143 181 285 923 1172 1256 1834 1885
486 176 456 607 959 1139 1178 1280 1539 1548 1810
759 530 560 561 836 1584 1651 1776 1881
865 720 970 986 1045 1154 1543 1562
963 1020 1391 1460 1547
1038 117 125 246 763 941 1293 1345 1796 1838
1214 374 875 1014 1440 1455 1524
1277 687 764 1029 1062 1321 1858
1394 70 80 201 524 774 856 1093 1335 1479 1583 1760 1883 1971
1422 80 428 476 548 631 875 938 1310 1402 1947 1961
1470 297 665 1477 1550 1690 1814
1474 150 425 593 672 781 1067 1554
52 376 477 1051 1163 1392 1553
376 67 587 1096 1253 1493 1540 1834 1960
477 196 248 802 892 1404
1051 338 685 1006 1057 1128 1614 1640 1672 1752
1163 635 737 956 960 1603
1392 113 251 268 442 479 647 972 1070 1410 1631
1553 108 534 760 845 1080 1363 1512 1548 1627 1681 1779 1929
53 66 165 396 647 664 944 1031 1097 1311 1541 1545 1637
66 959 1190 1473 1526 1644 1705 1737
165 72 98 499 892 917 1499 1768
396 523 536 902 1275 1289 1466
647 457 629 701 825 927 932 1169 1621 1706 1959
664 142 412 461 466 530 743 801 1162 1264 1265 1559 1732 1929
944 612 891 997 1439 1580 1653 1684 1887
1031 333 782 1089 1365 1462 1546
1097 382 574 806 968 1139 1453
1311 340 920 1435 1708 1801 1840 1907 1914
1541 201 221 246 356 478 483 651 825 862 975 1020 1288 1565 1679 1903 1979
1545 239 657 934 950 1240
1637 354 900 995 1030 1072 1524 1807 1949 1998
354 190 442 817 1089 1459 1900
1179 608 687 692 1620 1794
1351 141 142 485 1065 1550 1641
1489 311 346 548 745 756 806 876 931 1335 1380 1525 1700
1731 141 745 1217 1338
1880 227 251 297 346 849 1028 1743 1897 1957
55 434 487 733 920 996 1115 1162 1328 1551 1768 1968
434 260 535 938 1495 1891
487 1062 1167 1522 1581 1625 1876 1993
733 728 994 1115 1128 1697
920 330 431 473 902 1039 1377 1432
996 109 164 200 400 565 767 1447 1886
1115 575 712 843 1019 1323 1524 1794 1851 1981
1162 457 515 536 583 820 829 1035 1054 1196 1261 1820 1942
1328 179 329 488 901 1125 1591 1829
1551 745 840 1073 1201 1212 1280 1548 1732 1802 1887 1978
1768 103 133 620 649 1170 1971
1968 1243 1518 1707
56 653 998 1295
653 347 610 900 1385 1831
998 936 972 1264 1416 1972
1295 94 311 708 903 1032 1152 1240 1865
57 97 448 569 676 1060 1506 1535 1601 1684 1831 1948 1965 1991
97 183 307 631 663 820 852 1032 1119 1507
448 90 198 283 989 1117 1449 1805
569 500 697 745 828 989 1190 1292 1349
676 1040 1061 1141
1060 730 813 868 941 1748 1899 1928
1506 163 169 221 261 310 514 720 725 970 1736 1842 1890
1535 143 197 360 565 993 1069 1986
1601 129 860 970 1479 1528 1579 1607 1851 1869
1684 632 763 981 1152 1298
1831 303 470 688 917 1129 1135 1250 1395 1689 1706 1747
1948 126 398 613 877 1387 1550 1555
1965 98 129 703 1071 1217 1603 1896
1991 64 410 513 538 819 901 1166 1403 1586 1595 1805 1852
58 252 294 772 902 1585 1593 1620 1701 1990
252 324 351 556 983 1063 1445 1820
294 180 447 701 787 821 1029 1078 1280 1586
772 412 475 481 568 574 805 1949
902 215 596 738 760 917 1206 1335 1481 1639 1742 1920 1925 1989
1585 230 551 726 825 1028 1312 1540 1561 1732 1959
1593 134 576 750 1182 1273 1332 1429 1712
1620 258 470 857 1171 1429 1499 1546 1587 1902
1701 272 702 972
1990 221 311 432 561 592 687 861 1373
59 265 692 1275 1803 1924 1957
265 221 255 992 1226 1484 1546
692 362 856 1000 1219 1391
1275 306 425 622 823 1045 1363 1662
1803 228 513 1004 1857
1924 176 312 432 634 773 802 811 1715 1817
1957 117 247 382 443 470 899 1485 1874
185 177 253 292 375 788 1994
372 1044 1481 1507 1595 1909
1299 198 277 356 401 746 1312 1513 1736
1678 338 842 1301 1507 1564 1607 1812
61 68 532 844 943 1534 1903
68 250 556 1061 1161 1263 1839 1860
532 120 281 423 834 1897
844 419 1022 1319 1432 1771 1932
943 174 1789 1960
1534 82 745 815 1041 1112 1172 1211 1852 1861
1903 349 377 489 568 1498 1575 1897
62 213 344 404 640 840 919 997 1196 1647 1833 1837 1969
213 263 310 1068 1418 1767 1977
344 70 248 886 909 1063 1370 1388 1418 1607 1869
404 326 585 797 877 900 1419 1565 1977
640 388 455 607 857 976 1061 1584
840 148 622 815 1090 1128 1206 1409 1548
919 74 124 367 525 691 853 1709 1766
997 375 581 1377 1902
1196 270 405 1498 1730 1739
1647 413 1220 1337 1600 1653 1660 1802 1830
1833 910 1336 1416 1476
1837 79 126 315 561 596 720 968 1008 1419 1629 1712
1969 470 574 1606 1737
63 113 442 623 690 888 1150 1304 1458 1842
113 380 391 983 1120 1485 1603 1672 1740
442 143 461 588 637 859 947 1054 1348 1788 1812
623 194 488 677 1125 1445 1907 1984 1987
690 306 620 674 787 870 1076
888 123 525 543 646 1238 1336 1430 1657 1751 1974
1150 389 782 1334 1849 1994
1304 98 147 189 267 315 528 578 805 1164 1180
1458 859 1157 1205 1485 1752
1842 863 1061 1234 1280 1592 1631 1693 1783 1800 1943
64 77 155 643 1223
77 401 758 1517 1735 1869
155 130 201 459 552 1065 1438 1653
643 108 459 856
1223 215 383 402 415 456 520 585 790 1308 1329 1366 1373 1732
237 248 302 415 706 842 892 1250 1689
573 88 91 392 721 1036 1443
627 284 466 1840
737 203 301 308 675 1372 1657
797 74 1537 1631 1841
1106 85 89 650 1068 1589 1651 1689 1865 1973
1363 85 109 152 470 746 1068 1266 1271 1473 1632 1852 1887 1911
1588 388 1171 1240 1761
959 205 822
1190 360 992 1035 1285 1313 1429 1512 1579
1473 176 748 941 1373 1680 1975
1526 480 632 1061 1346 1405 1976
1644 597 704 1280 1391 1997
1705 244 340 384 662 1201 1670 1687
1737 149 499 1007 1056 1107 1161 1217 1402 1581 1658 1707
67 293 410 432 1641
293 527 565 608 660 1167 1276 1289 1336 1432 1509 1624 1808 1868
410 190 453 795 994 1256 1518 1875
432 98 624 1025 1265 1954
1641 301 813 927 958 1416 1562 1761 1896 1998
250 973 1301 1826 1845 1940
556 142 948 1189 1356 1584 1743 1902
1061 441 589 592 603 857 941 975 1011 1201 1283 1313 1491
1161 163 461 572 869 1166 1707 1970
1263 184 422 903 1014 1171 1582 1662 1845
1839 948 1795
1860 159 813 1743 1917
190 197 525 543 564 1006 1123 1240 1318 1380 1423 1950
229 922 1122 1186 1298 1674 1975
286 118 302 308 1688
381 1022 1479 1607 1671 1830 1875
384 352 483 675 1102 1749 1881 1929
1507 562 711 1054 1605 1707
1565 133 380 1093 1142 1864 1985
1704 96 227 611 907 992 1253 1742
70 174 1251 1375 1475 1679 1690 1707 1869
174 411 620 981 1226 1410 1550 1651 1885 1989
1251 74 585 766 924 1213 1959
1375 147 650 1057 1271 1478 1989
1475 117 198 401 514 773 1623 1733 1750
1679 134 903 918 1334 1595 1967
1690 1285 1685 1722 1793
1707 307 358 485 593 641 868 1200 1301
1869 254 261 736 1011 1020 1282 1543
555 427 549 1013 1117 1285 1700
1561 406 1056 1388 1456 1659 1958
72 102 170 215 285 348 1302
102 208 597 610 629 823 900 1867 1920
170 196 457 674 806 1496 1567 1796 1810 1891
215 635 925 936 1829
285 178 571 969 981 1136 1659 1662 1864
348 172 248 433 589 710 756 1117 1331 1961
1302 136 242 281 357 1657
73 383 526 823 1454 1521 1603 1959
383 275 291 496 741 822 1550
526 101 303 732 986 1167 1283 1500 1685
823 441 711 824 977
1454 562 703 870 1391 1660 1741 1796
1521 82 131 704 1567 1621 1815 1900
1603 394 789 887 1435 1453 1592 1635 1732
1959 119 134 663 813 1165 1288 1972
74 133 541 546 712 723 1036 1877 1998
133 345 392 394 1052 1112 1155 1600 1975
541 1011 1594 1942
546 397 495 1047 1198 1256
712 85 104 578 807 1228 1387
723 426 437 459 500 713 817 860 1154 1236 1639
1036 203 718 738 1090 1531 1796
1877 86 310 986 1645 1826 1841
1998 632 745 826 1337 1813
514 141 153 438 590 729 753 1008 1270 1371 1457 1466 1750 1783 1845 1906
625 87 123 319 564 658 1004 1011 1166 1202 1225 1822
1317 108 164 227 353 447 533 782 918 1271 1431 1652
1566 366 401 493 530 646 1429
1937 300 305 639 697 742 1000 1063 1269 1429 1907
1982 148 162 350 405 504 710 754 1152 1528
76 394 397 1431
394 92 389 1410 1600 1797
397 115 392 637 755 900 1313 1670 1681 1893 1910
1431 458 533 1231 1270 1331 1779 1925 1974
401 139 1142 1316 1408 1448
758 115 1438
1517 199 297 524 958 1329 1361 1433 1435 1910 1946
1735 181 513 531 1057 1065 1349 1369 1694
256 231 1674 1972
274 91 339 829 1848 1964
856 268 580 685 1229
976 428 595 715 1225 1825 1999
79 406 616 864 1008 1343 1540 1967 1992
406 525 747 1044
616 1015 1109 1117 1148 1591 1997
864 657 900 1166 1287 1660 1875
1008 454 831 948 1006 1423 1665
1343 136 198 952 1072 1734 1752
1540 328 1296 1407 1516
1967 164 248 254 382 504 1177 1514 1567 1989
1992 630 1428 1481 1516 1930
80 1579 1595 1809 1848
1579 152 311 819 903 971 1125 1776
1595 326 929 1017 1403 1453 1710
1809 119 436 945 1040 1252 1665 1851 1945
1848 635 983 1276 1316 1347 1741 1819
81 696 1296 1310 1857
696 467 970 980 1123 1744
1296 307 580 786 809 936 973 1034 1329 1419 1573 1695 1942 1972 1983
1310 206 515 1229 1464 1712 1819 1835
1857 333 751 1025 1499
82 239 302 601 1555
239 333 531 747 1007 1057 1096 1387 1483 1570 1783 1822 1893
302 208 507 1645
601 715 824 941 961 1537
1555 109 136 340 345 388 927 1018 1238 1380 1524 1973
310 119 1018 1045 1285 1412
483 231 306 419 427 1107 1868
523 157
528 385 593 622 1994
568 168 203 906 993 1224 1235 1562
609 119 124 423 446 1035 1058 1067 1069 1093 1514 1660 1736
672 158 603 1440 1617 1785 1812
1548 636 730 743 766 842 860 1257 1412 1849 1866
1885 1234
1975 462 507 1173 1799
84 189 436 764 802
189 680 770 825 1121 1694 1841
436 605 671 1435 1449
764 426 1202 1999
802 305 565 869 1336 1875
85 248 478 593 945 1483 1788
248 119 496 807 1840
478 226 830 841 1228 1292 1420
593 496 1009 1071 1103 1229 1409 1918
945 329 338 792 855 942 1841
1483 157 172 231 868 1403 1407 1732
1788 164 805 841 1001 1194 1800 1867
86 307 507 666 1062 1192 1346 1418 1712
307 235 1156 1493
507 753 1418 1427 1870 1920 1925 1947
666 445 787 1430 1727
1062 693 848 977 1057 1171 1442 1955
1192 736 1264 1444 1675 1945
1346 407 423 1459 1661
1418 119 329 980 1144 1315
1712 814 1411 1750 1972
87 629 761 1826
629 192 275 473 736 1335 1594 1985
761 129 561 928 1144 1266 1340 1681 1752
1826 400 674 751 855 1072 1749
88 327 490 530 659 728 992 1248 1293
327 129 221 462 1013 1876
490 275 346 675 1270 1563 1935
530 205 353 565 1402 1635
659 208 346 456 868 1130 1530 1685
728 1089 1118 1126
992 408 598 1029 1074 1283 1531 1722 1865
1248 206 240 281 387 408 489 551 829 1014 1537
1293 179 200 1007 1979
89 1323 1718 1730 1938
1323 694 1022 1220 1254 1407 1510 1577 1636
1718 809 875 1892
1730 206 454 766 1675 1810 1962
1938 296 515 553 701 1145 1378
90 433 645 1485 1910
433 595 721 1264 1935
645 495 558 579 675 699 800 831 950 1433 1466 1522 1619 1686
1485 680
1910 319 857 1285 1631
91 240 1191 1271 1560 1594
240 444 578 584 603 883 1165 1228 1301 1814 1827 1893 1956
1191 750 770 1252 1600 1673 1954
1271 831 1492 1587
1560 261 456 525 1112 1340 1774
1594 96 175 254 324 380 519 586 704 831 1547 1711
92 160 1126 1665 1785 1923 1983
160 203 559 773 830 946 1047 1127 1433 1985
1126 262 1186 1947
1665 197 886
1785 746 1173 1193 1279 1428 1465 1490 1617
1923 883 1193 1464
1983 408 540 638 1124 1866 1954
93 128 289 357 503 597 610 636 986 1371 1562 1955
128 405 705 1233
289 520 1076 1201
357 462 680 699 1528 1599 1756
503 131 228 242 470 819 1073
597 134 231 409 456 734 1461
610 319 413 458 552 803 1037 1315 1333 1759 1761 1891
636 198 241 752 972 1439 1498 1710 1890
986 139 200 235 272 1294 1315 1436 1487 1882 1896 1918
1371 613 1241 1370 1709 1779
1562 449 638 914 1041 1156 1325 1740
1955 377 549 903 946 1146 1199 1504 1590 1629 1829
94 479 608 630 1213 1413 1618
479 167 520 1736 1849
608 572 798 826 877 1430 1830
630 1011 1495
1213 158 241 263 426 1253 1370 1653 1796
1413 385 1039 1142 1322 1928 1971
1618 201 347 351 428 762 767 1841
832 734 1211 1471
1742 424 575 941 1029 1039 1130 1760
1997 217 936 993 1333 1589 1629 1789 1866 1870
96 416 789 831 875 950 1270 1326 1646 1733
416 932 1122 1673
789 457 824 1524 1577 1754
831 115 356 806 892 900 1018 1063 1225 1672
875 353 473 519 632 876 1805 1813
950 519 1130 1183 1686
1270 667 1329 1717 1733 1740 1864 1970 1999
1326 162 172 1086 1258 1262 1287 1410 1441 1525 1699
1646 291 1000 1530 1674 1783
1733 103 580 619 1334 1544
183 162 301 359 367 443 634 960 1186 1875
631 137 750 1145 1979
663 615 1166 1236 1810 1865 1867
820 751 1087 1186 1287 1440 1504 1661 1963
852 374 767 893 1645 1908 1966
1032 842 1410 1687 1791
1119 387 493 863 1209
98 125 419 531 549 981 1172 1774 1824 1900
125 201 425 906 1169 1170
419 353 584 849 1865
531 389 1261 1681 1732 1853
549 104 901 906 1169 1180 1820
981 1280 1722
1172 494 1128 1440 1504 1625
1774 362 443
1824 191 226 543 1336 1464 1617
1900 534 1171 1229 1287 1322 1457 1492
801 966 1010 1252 1369 1398 1403
1200 980 1013 1025 1529
1500 1264 1614
1838 803 1289 1340
100 306 711
306 353 1776
711 141 596 1073 1576 1914
101 371 454 906 1011 1257 1286
371 726 901 1280 1308 1380 1987
454 345 499 650 896 970 1854 1890
906 952 1158 1166 1423 1440
1011 788 1245 1403 1518 1854
1257 352 841 862 899 1064 1145
1286 142 499 1164 1810
208 217 651 1254 1340 1557 1806
900 391 674 861 1168 1411 1592
1867 284 1261 1347 1750 1849 1859 1987
1920 296 1232 1334 1988
103 1338 1357 1427 1993
1338 134 353 505 534 559 675 781 805 1180 1329 1929
1357 445 481 691 748 1151 1182 1537 1891
1427 297 377 443 809 896 917 1499 1531 1750 1835
1993 104 230 400 622 1370 1449 1882
104 489 669 1752 1956
489 409 475 658 1636 1772
669 1349 1989
1752 199 574 805 1240 1516 1629
1956 452 558 786 809 947 1238 1817 1909
582 319 876 1206 1220 1760 1761 1881
803 869 1124 1186 1657
106 762 792 1071 1218 1352 1404 1419 1502
762 461 675 1734 1866
792 485 1121 1233 1309 1428 1615 1645
1071 192 281 300 502 1220 1319 1385 1406
1218 181 411 542 1109 1209 1235 1280 1807 1908
1352 262 305 955 1127 1921
1404 260 535 1428 1607 1727 1757 1912 1958
1419 184 199 413 430 455 589 1025 1129
1502 264 488 571 729 1234 1537 1827 1849
411 139 179 356 713 1686
1067 548 551
1308 172 312 375 806 1272 1753 1864
1342 634 680 697 1387 1750 1916
108 187 857 952 1619
187 126 238 333 361 745 956 1415 1652
857 109 1212 1981
952 124 443 1236 1280 1854 1921
1619 325 326 595 748 1247 1624
109 824 1020 1136 1416 1435 1674
824 519 1247 1544 1799 1835
1020 1447 1583 1902 1949
1136 291 426 1345 1929 1978
1416 391 428 469 1443 1480 1589 1625
1435 1334 1457
1674 349 366 560 1206 1212 1576 1854 1941
251 753 1629 1724
267 446 793 993 1783
1127 493 910 1657 1791 1896
1388 324 695 806
1583 323 525 589
148 800 968 1750
513 502 726 863 1220 1623 1717 1892
708 181 667 757 1303 1882 1945 1960
1035 548 1168 1378 1395 1629
380 277 444 907 966 969 1266 1448
391 808 1974
983 588 814 830 1410 1537 1636 1761 1799 1852
1120 975 1265 1334 1739 1813
1672 748 1219 1339 1587 1966
1740 167 362 1378 1398 1455
319 829 862 1510 1659 1901
651 227 1015 1409
1340 675 1220 1513 1813 1912
115 312 697 715 1206 1211 1509 1946 1960
312 152 272 444 960 1148 1700 1711
697 263 426 599 1074 1170
715
1206 872 1529 1604
1211 680 1349 1564 1606
1509 390 813 1336 1661 1908
1946 340 527 870 935
1960 481 868 1070 1320 1559 1751
485 136 137 535 1030 1697 1986
494 135 730 1202 1844 1911
554 217 1054 1057 1072 1219 1651
836 469 695 1165 1168 1285
926 147 218 814 1249 1530
1528 120 512 670 1047 1559 1586 1966 1973
117 226 1219 1318 1638 1766
226 466 1198 1461 1481 1727 1771
1219 152 474 838 872 873 1411 1685
1318 542 827 958 1313 1552
1638 586 1064 1979
1766 246 1908
118 199 488 617 853 1064 1108
199 145 315 841 999 1122 1250 1796
488 527 538 1283 1410 1779 1874
617 849 1034 1656
853 1495 1659
1064 179 702 1273 1675 1913 1988
1108 241 829 1103 1398
119 656 745 1118 1279 1478 1547 1814
656 363 441 449 500 579 1492 1586
745 150 622 1037 1107 1245 1841 1954
1118 725 808 1345 1947
1279 241 329 333 594 1121 1233 1834
1478 439 443 475 522 588 828 893 922 1498 1657 1978 1985
1547 677 1327 1870
1814 1256 1336 1430
120 446 500 807 1365 1680 1882
446 141 282 1103 1250 1943
500 995 1994
807 377 699 1000 1087 1772
1365 558 649 1290 1391
1680 180 439 1657 1741
1882 437 1001 1007 1154 1264 1941
169 1432 1662 1930
387 305 1026
670 176 281 443 527
1452 146 876 1170 1543 1575 1621 1999
1455 447 868 1274 1524 1765
1627 827 942 1522 1529 1864
1739 262 524 1817
123 192 1125 1229 1241 1820
192 605 1776 1884 1981
1125 718 1117 1439 1628 1896
1229 142 786 849 1524 1751 1834
1241 452 1429 1574 1933 1978
1820 398
124 374 734 1715 1893
374 574 1253 1356 1976
734 145 936 1298 1543 1573 1812
1715 222 475 702 780 1198
1893 296 476 534 662 743 1430 1493 1681 1805
201 1209 1269
425 159 301 336 1559 1727 1757
1169 206 270 324 675 877 1199 1537 1659 1978
1170 254 680 973 1532 1994
126 334 375 825 1109 1130 1406 1538 1573
334
375 1006 1294 1298 1772 1810
825 843 931 1239 1854 1874 1947
1109 200 1026
1130 141 402 424 444 641 1158 1367 1391 1617
1406 194 830 1336 1732 1907
1538 520 788 1471 1813
1573 200 1056
1519 159 178 635 827 1902
1974 292 886 901 1006 1870 1911
405 740 750 841 850 1258 1858
705 353 1151
1233 303 329 1331 1398 1495
129 146 504 788 989 1183 1199 1366 1367 1383 1433 1581 1779 1871 1916 1921
146 572 1007 1258
504 928 1409 1462 1961
788 230 246 352 377 407 841 860 1014 1107 1265
989 358 581 1178 1333 1767
1183 238 275 311 495 883 918 1432 1961
1199 180 295 342 424 811 1453 1577 1607
1366 773 938 1144 1209 1331 1671
1367 1319 1349
1383 275 757 1580
1433 470 691 702 1168 1354 1631 1928
1581 158 1253 1582 1945 1984
1779 456 635 760 896 1316 1487 1694
1871 619 1876
1916 447 687 1065 1926
1921 131 329 459 703 767 841 1706 1805 1811 1822 1868
130 822 1631 1771 1797
822 363 603 1765
1631 929 1442
1771 557 969 1034 1090 1221 1253 1759 1812
1797 255 1040 1881
131 855 1272 1778
855 206 709 1607 1747 1777
1272 611 901 1090 1440 1448 1514 1830
1778 340 581 743 1096 1292 1457
230 861 1864
1228 137 782 1385 1440 1456 1793
1250 657 1401 1504
1294 935 1491 1599
345 827
392 159 738 928 1268 1563 1567 1607 1687
1052 235 1448 1496 1898
1112 422 443 622 941 1018 1025 1182 1403
1155 221 366 533 592 1123 1157 1582 1827 1845
1600 196 750 1168 1209
134 135 741 1102 1531 1734 1827
135 253 896 1142 1479 1577
741 1486 1933
1102 972 1151 1409 1662 1825
1531 699 1491
1734 520 1554
1827 145 505 632 691 1029 1238
253 702 794 923 1122 1441 1497 1624 1753
896 1143 1245 1288 1629
1142 142 1373 1899
1479 428 687 701 1030 1710
1577 579 596 882 1001 1042 1123 1181 1315 1322
136 308 1015 1103 1186 1194 1303 1319
308 1289 1876
1015 462 596 977 1025 1273 1471 1546
1103 453 578 868 1649 1929
1186 194 305 409 522 1091 1151 1224 1710
1194 171 466 551 725 819 1240 1767
1303 1834
1319 206 553 781 1438 1468
137 557 924 1642 1805
557 1335 1496 1515
924 283 461 1231 1906
1642 171 584 1316 1802
1805 258 377 1034
680 172 247 522 1072 1144 1181
1014 691 1152 1532 1883 1917
1290 1073 1409 1772
1940 709 1398 1607
139 430 611 817 917 929 1129 1987
430 151 481 1554
611 152 153 632 1301 1349
817 713 1087 1584 1902 1935
917 909 1148 1280 1477
929 315 522 721 726 892 1046 1405 1574
1129 356 1844
1987 437 535 704 1047 1632 1783
467 619 1243 1434 1442
901 268 586 677 1096 1243 1670
1276
1405 218 972 1006 1047 1456 1835
1460 346 589 841 1123 1258 1552 1629 1918
141 418 443 1244 1309 1911
418 415 1117 1697 1725
443 234 329 574 1042 1165 1345 1625
1244 522 1046 1309 1315 1504
1309 882 1337
1911 197 268 536 542 667 1122 1518 1606 1841
142 277 305 689 1543 1729
277 282 303 1671 1811
305 353 510 1549 1710 1934
689 869 1158 1623
1543 238 619 704 1258 1602 1858
1729 340 973 1925
143 466 589 843 1322
466 755 841 1056
589 373 1065 1710 1906
843 272 598 693 729 1212 1313 1513 1794
1322 447 578 635 911 969 1339 1845 1978
687 1019 1182 1942
809 325 1592 1633 1756
1592 713 1073 1157 1320
1810 1044 1258 1398
145 882 1046 1487
882 1148 1628 1906
1046 580 713 942
1487 1307 1372 1800
572 246 299 685 870 970 1156 1978 1979
1007
1258 551 561 634 726 780 1009 1042 1464
147 326
326 373 1198
800 351 1777
968 315 1445
1750 607 1443
149 242 473 496 829 938 1074 1633
242 1182 1391 1689 1834 1935
473 175 1476
496 637 1845 1912
829 1047 1121 1333
938 281 1023 1056 1607 1761
1074 431 796 1380
1633 423 522 534 1135 1389 1466 1609 1884
150 628 877 892
628 620 1178 1961
877 508 1268 1574 1632
892 176 508 1331 1339 1550 1552 1756 1757 1976
151 571 1247 1453 1514 1524 1602
571 159 297 1180 1576
1247 178 553 1314 1453 1819
1453 241 1091
1514 639 811 863 928 1171 1273 1985
1524 179 1078 1459 1658
1602 620 657 725 795 1144 1653
152 1253 1265 1697 1845 1887 1981
1253 520 558 828 862 1356 1881 1994
1265 561 1154 1378 1717
1697 729 889 909
1845 198 751 805 970 1240 1438
1887 699 886 975 1152 1387 1710 1926
1981 176 876 903 1298 1510 1761 1834
153 594 1288 1377
594 583 688 849 1525
1288 1029
1377 995 1158
407 353 420
412 295 1466 1636
1570 217 750 1073 1234 1918
1743 1881
459 808
552 157 453 899 1095 1866 1904
1065 742 795 1068 1496 1898 1912
1438 1659 1906
1653 480 1408 1480 1659 1694
1330 437 613 685 755 1189 1497 1671
157 588 641 1041
588 284 400 441 1029 1045 1522
641 558 1370 1516 1552 1698 1999
1041 194 362 780 1980
158 282 455 819 961 1156 1550 1799
282 1144 1180 1407
455 1019 1804
819 480 1749 1945
961 739 876 1225 1741 1999
1156 456 794 1147 1512 1819
1550 474 1802 1861 1917
1799 560 1019 1402 1685
159 378 590 1028
378 1439 1499 1749
590 939 1117 1537
1028 198 1154 1591 1866
203 1408 1802 1970
559 360 806 1906
773 1165 1673 1756
830 363 1316
946 400 1962
1047 781 1002 1042 1753
1985 341 363
413 342 1068 1537 1586
709 445 770 1099 1835 1935
795 258 297 1400
162 268 693 814 1335 1815
268 191 328 469 1145 1607
693 662 704 1421 1490 1802 1918
814 408 1497
1335 632 813 1492 1698 1897
1815 349 716 1439
163 270 297 1512
270 918 1853 1934
297 254 739 787 1010 1212 1868
1512 1307 1624 1973
164 261 508 911 1090 1262 1441
261 295 1316 1708 1912
508 1504
911 1157 1256 1989
1090 1415
1262 180 1708
1441 941 1235 1572 1576
499 1617 1908
1499 352 437 1068 1795
388 564 704 1287 1420 1429 1628 1708
649 196 534 860 1144 1756
662 390 402 1139
1759
1849 931 1054 1747 1834 1988
1904 677 748 1881
167 553 564 585 1153
553 579 678 1337 1580 1829 1897
564 527 747 793
585 329 1468 1852
1153 667 928 1269 1624 1859
168 605 1549 1994
605 328 704 766 1040 1256 1464 1864
1549 922 1143 1320 1391 1866
1994 284 409 1432 1530 1567
1432 175 1356
1662 283 284 1048
1930 665 1935 1979
196 366 1171 1380
457 184 1604 1783 1872
674 338 367 453 891 1268 1907
806 725 903 956 1493 1591 1874
1496 1001
1567 172 1139 1410
1796 247
1891 205 1465 1898
171 1182 1490
1182 732 796 903 1273
1490 336 827 904 918 1235
172 476 738 748 975 1289 1546 1841
476 333 548 1173 1546
738 206 366 1144
748 329 615 1402
975 704 904 1793
1289 445 624 1239
1546
1841 575 1231 1243 1264 1269 1420
675 619 721 828
1256 1312 1947
1897 341 408 558 1321
620 300 438 780 935 1639 1906
1226 338 1076 1312 1513
1410 181 524 845 958 973
1651 1070
1989 1242 1530
175 774 966
774 767
966 424 751
176 701 1269 1822
701 284 415 1564
1269 191 424 876 927 1971
1822 272 622 1926
177 437 598 1198 1466
437 276 398 637 970 994 1189 1212 1430 1866 1883
598 373 1165 1481 1710 1971
1198 264 428 520 1537 1760 1936 1941
1466 329 341 510 889 1307 1834
178 534 780 1625 1636
534 373 461 1942
780 258 1835
1625 179 227 1459 1484 1791
1636 382 704 1143 1333 1345
179 736 973 1498 1760 1829
736 805 1866
973 505 1464 1854 1939 1963
1498 1040 1048
1760 1875
1829 558 570 1072 1285
180 377 408 694 842 1203 1401 1658
377 424 1635 1685 1902
408 716 861 1018 1914
694 1157 1285 1686 1819
842 999 1087 1640
1203 198 910 1283 1491 1623
1401 438 1128 1635
1658 360 1165 1350 1380
181 1034 1224
1034 756 980 999 1476
1224 335 613 765 1076
562 296 424 426 910 1599 1710 1800
301 863 1056 1168 1464
359 198 422 912 1128
367 292 520 909 1966
634 439 624 1700 1984
960 247 300 415 1232
1875 1456
184
292 480 578 699 751 1076 1449 1988
245 458 743 1135 1274 1632 1807
295 1242 1853 1859 1984
1143 461 536 1321 1440
1231 222 551 1124 1415 1537 1609 1864
1886 262 422 1908
1896 1557 1673 1754 1801
238 861 1421 1687
333 657 767 860 891
361 1717
956 262 493 599 1145 1673 1717
1415 904
1652 699 1164 1421 1709
328 197
330 1078
770 1361 1477
1121 757 850 1087 1158 1447 1481 1493 1605 1700
1694 1901
197 1001 1080 1168 1411
525 575 1234
543 427 536 721 1776 1945
1006 420 760 1336 1385
1123 1445 1516
1240 1497 1614 1656
1380 977 1320 1881
1423 835 958 1761
1950 254 533 1225 1282
191 246 1178 1408
246 300 1093 1898
1178 763 1273
1408 899 1914 1934
1776 635 1492
1884 244 1495 1582 1661 1670
352
935 409 887 1152 1783
957 258 756 1173 1964
1073 449 453
1649 444 750 1057 1332 1354
1835 691 1314
194 198 447 808 1732 1795
198 235 349 980 1044 1448
447 254 329 1010 1068 1529
808 1899
1732 424 1312 1615 1657 1949
1795 423 619 691 794 1002 1232 1239 1852
596 1411 1727
970 793 1949
1013 291 638 1516 1554 1979
366 205 341 592 766 845 1348 1926
1171 231 860 1761
1001 452 948 1840
1080 389 1497 1591 1858
1168 1639
1411 415 848 1209 1339 1477 1580
235 1529
349 329 1495
980 821
1044 324 849 1009
1448 826 1037
315 558 726 732 1157 1298 1532 1757 1853 1988
841 300 688 1339
999 575 1874
1122 299 1282 1373 1929
200 849 1154 1280 1513 1575 1587 1806
849 1157 1457 1794
1154 927 1811 1817
1280 1054 1851
1513 324 934
1575
1587 1515
1806 719 1124 1510 1623 1657 1794 1901
1209 461 1068 1966
574 462 1361 1387
1936 264 581 639 914 958 1232 1572 1621 1913
1802 607 969 1173
1970
439 300 904 1574 1708 1870 1958
1117 827
1609 1407
205 1468 1491 1942
1468 336 1181 1313
1491 1972
1942 1282
206 743
743 570 1282 1320 1522
275 1339
1164
1518 222 1554 1564 1617 1772
1681 426 1492 1725 1834
217 458 815 1429 1532
1254 1165 1221 1859
1557 551 637 646 753 918 1042
1042 347 1657
537 323 1767
969 254 1354 1530
1442 423 1087 1124 1639 1958
1471 423 1193 1205 1221 1447 1861
907 350 422 730 862 909 1139 1700
977 360 1428
1212 561 1022 1091
1243 540 615 1189 1853 1932
1544 936 1261 1476 1913
1698 385 713 850 1282 1767
835 665 1761
1282 872 948 995 1801
1724 787 794 850 1336 1477 1624 1747
263 650 1246 1339 1494 1872
1068 1926
1767 1756 1976
1977 922 1389
1748 260 1812
1811 834 1671
635 1099
925 958 1378 1591 1901 1945
936 358 1017 1830 1926
216 510
510 527
458 1369 1606
815 861 1726
1429 889 941 1225 1744
1532 398 603 751 1220 1949
218 678 941 958
678 462 704 904 1152 1298 1339
941 578 972 1391
958 579 786 834 971 1166 1954
1476 876 1605 1699 1925 1949
1661
751 221
794 358 560 1315 1456 1913
1434 1283
221 1971
1971 583 1266 1813
222 231 1572
231 747 1165 1189 1917
1572 254 1564
223
781 519 520 1298 1933
782 1017 1151 1238 1761
845 264 805
922 445 1159
1316 1307 1403 1640
646 1866 1879
1246 255 893
1301
1972 303 474 1234 1266 1980
1461 475 767 899 1063 1853
1481 551 848 1606
1727
227
228 1943
1943 638 1391 1762
1298 351 599 1398
861 1348 1892
1864 595 729 1964
747 1018 1225 1387
1165 912 1056 1464 1793
1189 934 1958
1917
342 1205 1232
1687 452 637
469 658 1657
1193 1261 1292 1614
1312 475 923 947 1037 1813
1861 1040 1242
234 1217 1236
1217 746 752
1236 1671 1749 1872 1883 1925 1954
1529 1913
1389
1685 1670
415 1091 1409 1749
706 685 746 1148 1493 1539
1689 703
1421 363 1167 1391
1057 548 876 1525
1096 886 1914
1387 1400 1645
1783 551 1563
444 720 1314 1398 1495
578 264 1344 1370 1615
584 560 607 1708
603 522 947 1004
883 339 358 1462 1789
241 520 793 828 939
520 398 1238 1480
793 452 1048
828 798
939 347 868 1851
1391 1605 1913
1834 424 445 1640
1935 456 767 1093
1242 1157 1336
1320 272 576 887 1563
1329 260 876 1040 1370 1407
1605 456 581 1947
244 515 1337 1879
515 1604 1825
1337 750 1576
1879 560 1624
1135
1274 667
1632 262
1807 481 1145 1804
300 876 1019 1173 1261 1339
1093 1283
1898 535 551 1332 1349 1409
247 505 1010 1124 1726 1794 1870
505 1089 1128 1966
1010 329 1929
1124 335 431 1086
1726 859 1369 1599
1794 811 1315
1870 461 1708 1865
1840 441 1234 1539 1621 1717 1881
1409 475 862 1492 1791
1947 1239
753 481 587 767 1607 1614 1670 1754
1629 284 335 1334
324 1494
351 453 740 995
1063 615 914
1445 1018 1364
702
923 639 746 1245 1252 1264 1494 1591
1497 962
1624
1753 296 336 821 1929
254 533 1725
533 262
1725 592 1844
255 502 746 1537
502 1152 1576 1688 1939
746 1918
1537 972
356 790 1385 1591 1614
1902 1249 1607
258 1808
1808 827
889 299
260 942
942 893 1145 1158 1973
1708 1037 1666
1912 766 1645 1695 1713 1913
262 1999
1999 1713
650 1756
1339 765 838 873 1249 1356 1675
1494 1516
1872 1349
264 1336
1336 811
1484 755
1128 677 1800
1966
993 1166 1457 1858
1145 688 1926
1607 1287
1000 561 1158 1285 1789
918 438 931
1853 527
1934 1325 1539 1590 1908
1334 787 1385 1659 1671 1908
1370 884 1591
1762 535 704 1268 1699 1717
272 1901 1933
1901 540 1657
1933 1747
1926 339 495 720 726 742
339 284 474 742 754
1964 1166
276 657 665 1477 1978
657 1238 1777
665 311 409 453 767 1584
1477 346 1245
1978 575 1492
303 1804
1671 1009
1238 740 1819 1986
1614 284 710 869
281 1899 1963
1899 904 1266 1436 1660 1962
1963 583 1430 1830
1144
1180 838
1407 619 1076
283 1039 1313 1440
1039 423 1070 1201 1378
1313 607 893 1582 1688 1868
1440 884
284 904 1858
904 1152 1711
1858 1929
1659 548 994 1023
1688 385 760
1395 613 1019
438 805 1552
1076 323 373 1307 1717
1201 1657 1979
688 931 1347 1713
873 740 1078 1403
948 813 1582
1017 299 1095 1761
1202 891 1757
291 1495 1941
1495 1099 1954
1941 1403
480 581 1152 1961
699
1449 1465
1988 1364
527
565
660 718
1167 637
1868 428 899 1026 1756
787 1054
821 389 1465
1029 445 755 1554
1078 1287
1586 850 1264 1628
1859 658 872 1009 1314 1958
1984
296 1087
1087 423 667 1048 1736
739 495 1800 1876
360 335 363 713
299 538 914 1492 1563 1962
538 431
914 441 876 927 1777 1813
1492 1522 1660
1563 548
1962 863 887 1812
876 1428
1019 1048
1173 863 1349
1261 1465 1817
863 934
1056
1464
1645 685 928 1152 1486
1804 422
1139
1239 452 1599 1660 1883
1576 462 595 1151
353
1710 1146 1892
1493 1640
1876
1353 398 1623
1018 725
1045 910
1285 428 718
1412 519 1757
311 1158
1158 619 1089
1148
1700 453 725 766 1456
1711 756 1436
1457 719
1048 599
558 540 1961
726 1333
732 1004
1157 910 955
1757 441 1089 1736
551
1717 1307
1070
1865 452
862 431 576 1364
1510 927 1623
512 695
1372
1621 445 886
1677 1793
1813
323
325
373
462 1765
329
1025 1321
1777 441 1264 1909 1913
932 1354
1369 461 495
767 615 1673
860 346 495 1789
891 1023
335 1325 1660 1874
1325 358 624
1660 912
1874
336 1430 1686
1430 713 928
1686 409 848
576
1268 481 703 868 1906
1925
1976
338 390 431 1030 1354
390 1819
431 1459
1030 350 481 542 1315 1890
1354 1314
474 583 927 1344 1800
742 1266
754 1772
340 1009
1009
341 750
750 838 1181
1205
1232 713 1314
730 887 1344 1361
1954 909 1623 1741
886 685
909 713 962 1844
827 622 899 1907
346
347 710 1344
710 524 1909
1344 1913
756
1331 540 995 1266
1961 456 893 1221
350 1141 1817
1141 1736
1817 575 859 868 1628
453
740 1095
995 1037
1089 536 1606
1459 423
542 718 1095 1741
1465 691
1881 757 1225
790
1385 1444
1591 495
1599 671
1756 703 1181 1741 1908
358
422
912 1054 1693
363
713 1913 1929 1939
362 1347 1830
1347 637 1245 1706
1830 524 869
637
955
592
766 427 639 1640
1348
671 1604
805 470 613 927 1793
1516
677 570 872 1072
719 1107 1741
1221 1146 1235
1909 583
1356 420 971
1772 382 524 580 1023 1456
587 561
424
1635 765 1225
1439 1615 1907
1749
1266 1456
1022 1177
382
1929 561 632 1249 1580 1590 1932
385 658 934
658 1564
934 720 1307
704 472
1582 798
1026 1444 1906
1287 1515
1420 1819
1628 420 1675
389 1932
1932 1327 1854
1819 1801
928 1812
472
536
755 1908
1670 581
398
1907 400 899
1918
400 1486 1639
1486 1639
1639 632
402
872 703
1373 475
850
420 475
716
1914 1333
409
994
720 1564
931
1091 638 1225 1249
1673 1040 1906
475 580 1640 1744
423
1559
426 586
586
427
428 1037
1037 1314 1812
1615 493 887 1252
481 493
1554 1913
624 441 583 1315
595 1852 1939
721
1264 1617
535 581
1315 691 927 1245
1866 1249
1883 575 1225 1345
1552
1574 1023
1958
638 1428 1623
441
461 1986
859 1892
947 1623
1054
1812
1345
1314 632
1398
445 1851
1851
449
452 1973
1973
1854
1890
456
1604
1606
1403 1640
1986 1220
1765
561
1906 1402
619
1657
470
583 695
927 1617
1800
580 884
1640
1744 725 1564 1666
548
1292
1736
581
1152 1361
493
1107 1825
1693 1040 1713
1892 1321
607
1539
1522 1147
1283
887 1515
1844
495
1617
1908 1234
834
1939
1462
1504 1166 1364
1350 522 1361
695
1220 540 632 972
1623 1515
729
1825
1058
1793
519
1480
1159
522
524
575
1234 1722
622 1252
1402
540 1722
1722 1364
718
1095 1666
1741
1945
884
899 1515
579 1590
1580 1181 1590
1072
1584
1515 1349
560 1307
1307
910 599
1235
1349 1695
570 1447
1447
685
870 1146
1979
1443
1361
1590
1761 1564
1852 1252
1666
1525
599
1004
752
1040
798
826 1675 1709
1069
1333 1456
632
612
613
615
1656
838
1252
1166 1709
1225
1099 1754
972
1428
639 1181
1181 1400
869 757
1706
1245
1564
868
1530
667
1177
1249
1321
763
1713
691
703
1151
757
1913
1332
1146
725
1754
760
765
1949
786
1456
1400
796 1023
1023
903 811
811
1751
813
1675
1709
848
893
1747
1789
1364
1791
1589
1147
1378 1273
1436
962
1444
971
1002
1273
1980
1928
1086
1801
1695
1699
1327
