0 443 749 864 1361 1757 1815 1887
443 148 216 222 542 732 864 902 940 1104 1174 1953 1981
749 7 39 222 231 949 1329 1376 1445 1769 1858 1860 1887 1981
864 22 219 460 779 837 860 942 1127 1174 1323 1361 1640 1720 1772 1889
1361 460 559 580 837 860 940 942 1221 1271 1311 1757 1772 1868 1926 1959
1757 29 147 507 1076 1346 1392 1661 1953
1815 95 837 1112 1127 1329 1445 1599 1674 1858 1986
1887 542 779 1028 1445 1597 1772
1 142 301 341 347 382 410 628 634 652 668 814 921 1084 1597 1898 1900 1999
142 61 347 358 410 504 887 1016 1025 1159 1308 1539 1610 1900 1964 1999
301 341 652 1286 1518 1586 1597 1860 1982
341 292 410 449 504 508 533 651 702 921 1014 1159 1391 1518 1586 1860
347 382 410 504 508 774 1025 1127 1159 1286 1518 1622 1900 1973 1999
382 61 192 358 628 642 727 887 1016 1111 1530 1539 1586 1597 1622 1964
410 61 487 504 533 582 628 634 668 874 1610 1772 1925 1999
628 61 192 358 921 1084 1159 1313 1440 1576 1586 1622 1907 1964 1995
634 75 277 504 955 1084 1159 1303 1541 1586 1898 1999
652 216 304 411 449 474 508 838 1025 1286 1401 1597 1900 1928 1937 1982 1999
668 98 293 449 542 1215 1345
814 21 61 216 277 813 960 1286 1303 1401 1524 1561 1586 1781 1900 1999
921 61 98 428 449 504 1025 1084 1287 1318 1394 1900 1964
1084 61 98 411 449 487 620 1373 1401 1413 1597 1900 1999
1597 56 508 1401 1871 1937
1898 21 542 710 874 876 1025 1964 1981 1993 1995
1900 21 304 453 508 616 765 953 1203 1303 1781 1835 1999
1999 15 61 358 449 504 610 1111 1135 1159 1303 1401 1470 1524 1586 1886 1924
2 135 208 427 566 572 999 1118 1129 1162 1442
135 164 197 208 388 875 984 1022 1062 1129 1352 1386 1424 1537 1707 1750 1910
208 67 93 168 244 388 458 479 703 747 893 984 1022 1128 1137 1162 1352 1386 1516 1537 1750 1946 1996
427 40 93 120 396 703 754 875 1129 1501 1545 1870 1873
566 86 197 388 780 893 984 1128 1150 1246 1386 1433 1537 1996
572 345 905 1122 1155 1156 1271 1321 1364 1392 1604 1839 1978 1986
999 17 115 164 744 778 823 1150 1416 1501 1509 1787 1837
1118 407 545 656 763 1043 1220 1354 1580 1605 1893
1129 336 421 479 558 1128 1179 1284 1408 1537 1870 1957
1162 40 86 971 1074 1321 1405 1442 1516 1537 1584 1910 1996
1442 244 336 407 458 521 866 984 988 1238 1284 1352 1405 1424 1457
3 174 606 787 933 967 998 1069 1273 1525 1549
174 54 136 143 280 467 638 761 787 933 967 998 1069 1363 1368 1562 1655 1664 1665 1697
606 54 291 306 326 373 537 764 967 1198 1471 1633 1663 1683 1688 1761 1801 1938
787 13 389 826 933 967 1069 1471 1652 1655 1664 1669 1697 1906
933 54 136 154 190 239 371 389 467 638 691 709 748 967 973 1005 1198 1453 1460 1560 1655 1665
967 143 280 326 423 477 691 709 998 1069 1081 1492 1809
998 19 136 163 280 371 638 691 706 770 1069 1492 1508 1549 1655 1664 1697 1962
1069 373 1492 1508 1560 1646 1906
1273 107 136 190 477 761 989 1339 1382 1549 1681 1849 1962
1525 104 377 514 733 1296 1310 1460 1669 1675 1687 1719 1808 1939 1952
1549 19 45 107 136 143 190 223 477 494 537 638 761 858 1229 1453 1655 1664 1809
4 125 261 322 349 447 742 762 794 1132 1170 1281 1324 1396 1678 1972
125 70 302 488 753 909 995 1252 1300 1478 1606 1861 1913
261 239 918 1132 1324 1426 1818 1974
322 78 320 349 441 537 551 658 662 742 762 794 1261 1436 1746 1818 1831 1974
349 165 223 297 315 485 511 609 658 662 753 815 1051 1132 1154 1236 1863 1972
447 181 995 1009 1478 1698
742 302 485 753 815 995 1132 1154 1219 1236 1678 1798 1863 1923 1988 1992
762 284 350 404 455 556 766 995 1814 1963
794 96 102 109 207 297 495 718 1441 1455 1480 1562 1863 1972 1992
1132 97 181 455 551 609 766 909 1236 1824 1923 1963 1968
1170 45 66 102 658 692 886 899 1103 1436 1441 1669 1746
1281 207 284 753 1047 1219 1423 1502 1562 1882 1988
1324 205 494 526 721 785 937 1254 1426 1619 1698
1396 223 400 482 605 759 1068 1200 1481 1632 1710 1790 1913 1916
1678 266 302 551 725 753 1579 1800 1831 1863 1923
1972 165 315 495 609 658 662 694 766 815 880 1051 1116 1154 1189 1884 1988 1991 1992
5 218 241 342 409 554 575 657 685 772 1138 1774
218 48 101 220 465 581 792 1418 1654 1738
241 48 175 225 299 391 575 685 686 723 775 1263 1390 1794 1854
342 26 101 160 279 575 772 791 848 946 1377 1390
409 87 283 666 938 1015 1144 1383 1418 1738
554 685 1144 1256 1263 1420
575 26 298 299 391 631 686 891 924 1420 1614 1854 1869
657 153 298 346 386 675 807 844 914 1097 1854 1869
685 48 101 465 775 946 1256 1263 1794 1979
772 26 28 279 573 645 675 877 1086 1157 1250 1256 1869
1138 220 364 436 493 627 684 800 834 1017 1107 1142 1332 1431 1548 1919 1921
1774 28 85 153 202 289 346 370 386 391 454 573 627 675 717 723 792 1581 1614 1804 1854
6 137 235 484 503 633 726 816 839 885 956 1409 1917
137 246 359 674 1013 1532 1709
235 163 547 726 1013 1094 1387 1407 1425
484 371 547 1013 1209 1274 1751 1852
503 246 296 501 941 1187 1409 1427 1616 1685 1709 1880
633 359 376 501 726 822 854 901 1013
726 296 816 820 822 941 1013
816 1013 1201 1248 1532 1568 1685
839 501 505 674 822 854 1187 1209 1496 1532 1709 1711 1917
885 1013 1187 1387 1519 1532
956 408 961 1146 1245 1326 1347 1494 1560 1664 1673 1711 1799 1880
1409 58 108 163 204 817 822 854 901 1146 1199 1201 1222 1274 1662 1711 1740 1917
1917 163 473 602 1187 1199 1568 1616
7 496 611 677 752 773 907 986 1060 1172 1674 1677 1971
496 166 384 385 476 701 818 830 836 853 986 1172 1217 1645 1674 1835
611 55 221 363 445 809 1039 1551 1771 1805 1947
677 111 481 663 713 773 853 977 1037 1060 1100 1147 1172 1217 1476 1538 1563 1742 1951
752 411 498 591 610 773 907 1003 1029 1226 1530 1541 1971
773 166 735 1003 1285 1674 1793 1930 1951 1971
907 360 385 550 833 1026 1067 1172 1217 1371 1414 1541 1677 1971
986 71 116 327 432 632 713 796 848 1115 1242 1454 1771 1776 1833 1932 1976 1994
1060 111 384 830 1226 1563 1719 1765 1930
1172 166 327 735 853 896 1147 1971
1674 120 327 367 610 670 735 833 1195 1226 1432 1448 1466 1541 1994
1677 104 166 385 498 550 735 1026 1264 1534 1994
1971 166 311 472 550 565 591 712 728 735 781 1026 1226 1287 1414 1793
8 57 74 319 330 450 653 793 898 931 1140 1230 1237 1473
57 53 73 161 176 237 274 483 577 592 740 829 881 1108 1393 1472 1531 1578 1657 1668 1748 1881
74 653 724 1140 1237 1341 1473 1598 1716 1816
319 195 541 1140 1341 1381 1603 1716 1811
330 308 624 793 890 1066 1230 1598 1716
450 126 189 263 321 334 612 1140 1196 1341 1381 1811 1816
653 486 612 965 1034 1140 1341 1745 1811
793 486 543 669 931 1237 1341 1381 1444 1690 1716 1811 1943
898 459 543 945 1214 1943
931 420 486 669 720 1066 1140 1196 1214 1230 1381
1140 486 612 890 1034 1341 1472 1598 1716 1745
1230 1214 1716 1811 1845
1237 201 253 430 828 881 1249 1299 1684 1690 1783 1881
1473 201 352 1716 1943
9 254 262 344 964 1367 1578 1588 1970
254 531 1406 1438 1462 1810
262 70 76 152 435 682 1036 1109 1278 1400 1406 1535 1585 1721 1728 1816 1875 1970
344 592 624 1109 1504 1588 1728 1875 1916
964 43 211 531 883 1098 1400 1578 1588 1595 1642 1701 1728 1758 1807 1970
1367 210 395 478 592 883 1262 1304 1504 1578 1585 1595 1721 1731 1875 1950
1578 43 210 264 648 825 1109 1304 1333 1400 1607 1608 1731 1875 1970
1588 152 323 435 736 757 825 926 982 1109 1182 1465 1731 1875 1920
1970 41 43 68 73 152 435 490 563 648 682 886 1109 1213 1642 1789 1920
10 110 312 786 803 961 1113 1148 1675 1683 1808 1876 1952 1958
110 138 489 737 786 1119 1224 1255 1314 1443 1498 1600 1762 1801 1876
312 82 328 377 961 985 1326 1363 1439 1471 1570 1633 1675 1683 1739 1761 1808 1906 1987
786 179 1006 1094 1113 1119 1148 1255 1277 1296 1430 1503 1538 1629 1754
803 36 440 713 961 1151 1317 1347 1358 1538 1635 1739 1801 1876
961 328 1085 1307 1309 1314 1326 1374 1439 1471 1505 1538 1570 1650 1672 1675 1753 1808 1876
1113 271 440 481 489 879 1119 1158 1296 1399 1430 1443
1148 179 328 1198 1255 1296 1314 1498 1503 1538 1629 1730 1876 1918
1675 158 291 328 514 1085 1307 1309 1439 1633 1650 1683 1739 1761 1808 1827 1952 1987
1683 82 108 328 377 1307 1358 1439 1652 1987
1808 138 317 518 733 1223 1307 1363 1650 1761 1764 1906 1951
1876 85 311 737 879 1255 1314 1498 1503 1687 1918 1958
1952 145 328 377 424 1198 1314 1439 1503 1538 1652 1739 1740 1761
1958 138 398 1006 1167 1242 1255 1277 1369 1503 1693
11 22 203 357 583 869 1093 1479 1850
22 16 147 460 502 845 869 1125 1301 1323 1479 1889
203 29 89 147 167 562 715 799 845 1076 1181 1428 1640 1661 1727
357 23 294 579 1007 1057 1247 1676
583 1676
869 523 751 904 1007 1125 1141 1395 1479 1640
1093 56 91 219 462 528 579 600 729 779 813 856 894 1112 1127 1318 1323 1329 1452 1679 1772 1840 1860 1886 1907
1479 89 147 313 502 507 562 845 1247 1428 1497 1500 1557 1891
1850 294 300 353 697 799 813 845 1651
12 146 346 375 468 516 872 1283 1332 1813 1896 1902
146 155 393 529 540 812 1059 1190 1511
346 85 139 246 279 378 397 534 616 792 844 959 1136 1157 1555 1631 1722 1804
375 37 242 260 534 661 1186 1634 1737 1813
468 1008 1136 1225 1813 1933 1954
516 240 378 529 645 661 891 959 1117 1225 1332 1334 1505 1555 1581 1634
872 37 155 242 255 366 604 645 1008 1136 1157 1258 1332 1334 1555 1574 1733
1283 37 139 260 1030 1248 1258 1332 1555 1813 1896 1954
1332 37 139 234 246 370 473 962 1008 1059 1097 1334 1574 1581 1647 1829 1902
1813 246 525 661 1020 1079 1685 1722 1747
1896 37 133 242 750 767 1008 1061 1079 1225 1248 1767 1848 1933
1902 144 155 185 202 314 962 1008 1061 1334 1637 1832 1874 1921
13 317 584 943 973 1058 1151 1358 1652 1931
317 18 157 467 584 596 1151 1460 1630
584 42 72 77 608 662 692 741 783 815 886 1103 1315 1817 1931
943 97 102 165 362 514 897 1103 1459 1729 1756
973 42 109 596 692 897 1177 1315 1453 1493 1827 1939
1058 49 318 596 639 756 764 842 1018 1168 1388 1559 1594 1712 1931 1967
1151 291 596 608 733 1310 1579 1621 1687
1358 18 138 291 328 514 1307 1430 1626 1762 1827
1652 54 82 373 377 467 1146 1309 1560 1663 1665 1695 1761
1931 157 374 741 873 899 1005 1168 1295 1310 1468 1671 1948
14 40 83 191 222 287 345 401 867 905 1028 1074 1091 1095 1571 1692 1839 1892
40 92 191 331 381 558 1155 1335 1486 1686 1806 1892
83 64 103 222 345 361 837 950 1028 1076 1122 1413 1926 1966
191 345 419 688 867 905 1095 1105 1188 1392 1419 1750 1926
222 781 911 949 1376 1445 1720 1780 1981
287 112 288 601 747 868 893 1028 1091 1604 1692 1806 1905 1936
345 92 401 613 850 1095 1122 1271 1311 1451 1571 1895 1926 1959
401 92 286 313 613 867 1095 1322 1661 1936 1946 1986
867 92 215 231 1091 1271 1284 1322 1346 1392 1413 1419 1451 1486 1571 1661 1692 1926
905 52 381 1001 1105 1122 1346 1392 1486 1686 1892 1946
1028 294 576 688 949 1247 1413 1825 1966
1074 93 112 412 419 601 795 868 917 1062 1156 1179 1978
1091 331 576 732 950 1413 1419 1571 1692 1926 1966
1095 286 576 613 1040 1105 1188 1323 1346 1413 1419 1825
1571 119 950 1076 1105 1155 1419 1451 1500 1661 1825 1936
1692 331 576 917 949 1156 1364 1413 1905 1946 1978
1839 52 92 215 676 715 795 1012 1265 1336 1385 1806 1891
1892 170 331 381 630 795 893 1001 1137 1265 1392 1806
15 98 555 716 755 774 789 975 1049 1160 1183 1302 1452 1539 1610 1907
98 292 555 600 642 789 838 887 1049 1159 1302 1308 1529 1610 1823
555 196 332 687 1464 1610 1826 1907 1935
716 394 469 533 600 1464 1529 1775
755 449 528 838 1025 1215 1308 1464 1518 1529 1907 1928 1964
774 533 876 1394 1529 1907 1928
789 292 600 702 1033 1302 1349 1394 1735
975 56 113 273 469 533 582 1183 1215 1302 1349 1445 1775 1925
1049 196 533 600 838 1215 1318 1394 1529 1539 1622
1160 62 196 437 1464 1515 1610 1735 1886
1183 528 714 771 1025 1215 1318 1372 1515 1523 1557 1928 1935
1302 273 292 332 1464 1517 1907
1452 34 56 293 779 1772 1840 1886
1539 192 273 292 358 642 702 838 887 1016 1111 1378 1586 1622 1823
1610 192 292 469 533 600 654 729 1517 1622 1928
1907 533 729 1163 1308 1318 1515 1517 1792 1860 1928 1935
16 576 940 1104 1329
576 112 286 412 630 949 1364 1500 1868 1959
940 384 580 670 710 949 950 1104 1329 1445 1451 1523 1853 1858 1959 1966 1973 1993
1104 148 216 728 1135 1769 1860 1981
1329 451 506 580 958 1112 1253 1451 1835 1937
17 683 754 758 778 823 1179 1416 1501 1509
683 164 305 564 678 700 744 777 1010 1134 1150 1545 1558 1837
754 305 338 396 558 695 875 1321 1506 1802 1870 1897
758 88 122 172 259 278 438 595 884 1150 1499 1501 1755
778 168 984 1062 1179 1220 1386 1405 1985 1986
823 115 156 224 354 595 680 700 777 782 978 1205 1246 1416 1467 1501 1509 1755 1830 1837 1873
1179 86 224 305 419 629 680 744 978 1205 1509 1837
1416 86 115 224 274 595 680 738 888 978 1509 1516 1755 1830 1837
1501 278 595 673 680 777 829 1010 1206 1475 1509 1755 1837 1944
1509 79 88 237 305 354 595 601 1010 1137 1145 1150 1295 1723 1748 1802 1830
18 328 489 527 596 1047 1168 1559 1717 1827 1846
328 82 145 306 377 408 764 1198 1307 1310 1439 1906 1987
489 138 879 1255 1443 1498 1503 1626 1717 1918
527 180 466 1559 1620 1749 1909
596 608 764 1168 1309 1310 1412 1460 1587 1621 1764 1938
1047 42 45 49 97 157 741 746 783 1315 1412 1493 1579 1695
1168 340 374 434 466 639 756 764 842 1005 1239 1315 1489 1621 1817 1939 1967
1559 434 826 842 1671 1977
1717 138 1224 1443 1575 1621 1626 1719
1827 145 434 1307 1425 1626 1658 1687 1761 1764
1846 236 406 544 767 985 1020 1085 1094 1169 1245 1374 1538 1568 1570 1672 1705 1730 1740 1771
19 158 326 373 416 691 709 858 1211 1274 1492 1646 1797 1809
158 136 154 371 691 797 832 1094 1211 1245 1363 1560 1849 1962
326 58 163 306 373 414 467 618 1146 1363 1508 1655
373 54 108 194 414 467 549 826 1363 1412 1469 1508 1655 1688 1697
416 130 414 505 913 968 1013 1407 1519 1778
691 280 371 638 709 1081 1363 1508 1560 1582 1688 1809 1838 1849
709 280 405 467 638 770 913 981 1339 1344 1508 1646 1753 1764 1809 1906
858 107 136 441 477 1019 1102 1382 1492 1601 1682 1743 1962
1211 128 226 770 1339 1492 1753 1852
1274 30 1013 1201 1384 1387 1520 1799
1492 121 136 280 414 913 1102 1560 1809 1849
1646 280 1081 1344 1363 1508 1697
1797 30 130 832 968 1201 1384 1469 1942
1809 280 913 1407 1453 1508
20 242 260 359 820 1008 1030 1248 1709 1832 1848 1880
242 246 260 296 525 661 1030 1186 1248 1770 1848
260 37 185 246 289 296 525 661 901 1030 1737 1767 1770 1880
359 602 1387
820 108 406 525 603 674 854 901 1187 1737
1008 37 155 234 314 1030 1637 1832
1030 85 296 525 901 1061 1634 1637 1730 1848
1248 133 155 525 661 767 817 1020 1634 1848
1709 1013 1187 1532 1582 1685
1832 393 1061 1092 1334 1637 1848
1848 155 1747 1770
1880 456 1222 1258 1538 1631 1634 1737
21 148 498 710 874 1286 1541 1981
148 39 542 610 781 837 1135 1253 1378 1445 1853 1860
498 36 327 445 474 565 591 1373 1780
710 113 293 771 860 874 876 1166 1174 1291 1378 1517 1529 1536 1586 1599 1772 1858 1981 1982
874 113 714 729 771 1308 1518 1569 1925 1937 1982
1286 508 536 616 1536
1541 712 1026 1305 1348 1373 1561 1590 1759 1871 1973
1981 199 293 304 542 876 949 1599 1720 1772
147 29 286 506 507 1141 1221 1385 1474 1640 1661 1727 1953
460 34 64 219 353 579 697 1007 1125 1174 1323 1378 1523 1557 1927
502 293 524 681 1311 1323 1720 1768 1858 1889
845 29 141 523 562 799 1076 1474 1497 1727 1953
1125 294 353 562 681 799 1301 1395 1419 1640 1768 1843 1889 1927
1301 64 89 523 562 579 1166 1428 1474 1640 1651 1843
1323 293 779 819 860 1166 1173 1174 1322 1651 1666 1744 1889 1935 1982
1889 64 293 353 403 579 681 894 1112 1188 1247 1557 1679 1720
23 439 528 894 1057 1185 1247 1651 1779
439 383 426 689 904 1247 1349 1625 1649 1779
528 462 729 860 1025 1127 1163 1318 1378 1517 1772 1840 1886
894 56 294 462 464 697 904 1007 1523 1768 1843 1927
1057 89 579 1651 1679
1185 523 904 1247
1247 91 586 904 1173 1276 1625 1676 1679 1843
1651 91 212 294 451 464 523 586 693 859 1007 1276 1318 1640 1676 1679 1927
1779 464 586 697 1666 1792 1911
24 646 804 923 1087 1158 1204 1285 1290 1506 1957
646 340 497 569 629 695 804 1228 1267 1290 1620 1641
804 340 497 564 671 827 1080 1204 1228 1437 1506 1620 1621 1897 1909 1977 1990
923 90 553 671 1087 1158 1437 1934
1087 564 1114 1295 1463 1613 1734 1873 1934 1957 1977
1158 392 413 1164 1437 1742 1897
1204 90 569 1216 1228 1807 1897 1957
1285 384 481 713 977 992 1100 1147 1422 1498 1600 1659 1719 1765
1290 425 438 481 695 805 1114 1133 1228
1506 90 384 569 977 1228 1437 1644 1765 1878
1957 214 497 552 629 648 700 805 1010 1134 1216 1325 1357 1475 1641 1897 1934
25 121 205 597 690 920 997 1691 1696 1824 1864 1974
121 245 433 638 721 993 1382 1426 1477 1562 1691 1696 1743 1818 1864
205 303 526 711 840 920 1236 1254 1619 1696 1883
597 522 788 1101 1379 1842
690 494 889 937 997 1254 1289 1331 1619
920 303 526 551 785 889 1831 1923 1974
997 494 707 932 1048 1096 1101 1121 1379 1619 1798 1851 1864
1691 276 494 788 1101 1254 1477 1696 1888
1696 441 526 707 889 1254 1289 1818 1851
1824 238 711 821 863 1048 1089 1254 1331 1379 1923 1963 1968
1864 59 245 526 556 889 1011 1619 1883
1974 276 303 1883 1923
26 101 209 220 227 775 924 1377 1420
101 47 351 1256 1738
209 220 227 255 581 604 924 1483 1490 1804 1956 1997
220 48 94 299 1097 1377 1956
227 240 279 369 775 1097 1377 1420 1431 1548 1555 1869
775 47 48 299 475 666 686 848 1110 1144 1540 1804
924 182 515 1377 1420
1377 94 182 240 391 465 604 684 1293 1614 1829 1980
1420 298 391 666 675 723 848 946 1086 1614 1804 1869
27 247 512 570 578 704 976 1124 1231 1282 1342 1513 1528 1566 1609 1704 1929
247 512 570 966 1083 1196 1342 1544 1615 1773 1915
512 159 372 570 607 976 1350 1786 1929
570 372 1231 1282 1566 1603 1704 1859 1915
578 99 390 621 696 704 948 1231 1435 1482 1513 1786 1899
704 176 532 664 696 1056 1208 1350 1485 1615 1725 1752 1760 1929
976 171 310 448 696 1444 1513
1124 176 699 915 974 1435 1609
1231 372 457 607 625 696 915 1482 1929
1282 448 499 720 1421 1513 1773
1342 131 448 621 908 947 1513 1615 1627 1752
1513 448 641 974 1207 1566 1945
1528 131 461 621 908 966 1260 1421 1544
1566 171 915 1350
1609 457 593 625 699 948 1090
1704 99 171 448 532 590 699 915 948 1056 1350 1435 1725 1786 1803 1899 1945
1929 372 696 1208 1350 1615 1773
28 85 289 811 855 959 996 1045 1052 1136 1347 1461 1577 1631 1763 1869
85 33 265 456 767 792 807 1020 1079 1186 1577 1933 1954
289 55 153 370 632 844 916 1039 1242 1337 1592 1631 1767 1869
811 33 265 996 1039 1045 1577 1804 1954
855 225 366 675 844 914 996 1097 1592 1631 1637 1693 1947
959 193 914 1225 1250 1654
996 515 675 848 1052 1631 1693 1912 1954
1045 55 221 534 836 1052 1242 1337 1369 1976
1052 193 221 236 243 257 369 492 916 1227 1287 1487 1653 1890 1901
1136 265 452 768 914 1225 1933
1347 452 1006 1085 1255 1538 1629
1461 32 255 465 493 529 645 1190 1193 1250 1293 1581 1654 1894 1919 1954 1956 1980
1577 33 55 279 369 465 534 675 844 1097 1169 1334 1933
1631 33 225 366 378 386 515 534 675 807 844 914 1097 1169 1258 1854
1763 175 243 428 589 631 791 796 994 1035 1082 1115 1272 1524 1866 1924
1869 279 370 515 604 627 800 1490 1804 1921
29 92 167 286 506 850 1322 1346 1428 1474 1661 1727 1825 1953
92 129 463 1105 1155 1188 1265 1336
167 1188
286 52 64 215 361 1188 1346 1474 1953
506 212 313 562 1727
850 215 463 676 1141 1336 1497 1895
1322 112 215 676 1122 1311 1727 1825 1986 1995
1346 141 215 331 562 630 676 795 1076 1105 1141 1155 1265 1336 1686 1953
1428 38 89 300 799 1123 1640 1676 1720 1843
1474 215 1105 1181 1640 1727 1825 1843 1891
1661 215 403 676 1105 1155 1660 1840 1895
1727 579 613 1953
1825 856 1419 1451 1927
1953 169 313 331 601 799 1105 1251 1457 1895
30 163 371 1161 1384 1496 1519 1520
163 58 154 1199 1425 1519 1711
371 58 154 505 547 636 1199 1425 1471 1560 1673 1697
1161 60 130 574 832 913 968 1199 1425 1852
1384 154 547 882 1081 1778 1852 1942
1496 1201 1877
1519 108 154 547 574 817 1199 1201
1520 1387 1532 1877
31 45 63 97 614 722 1027 1072 1239 1404 1961
45 42 97 239 374 387 510 783 899 1165 1177 1315 1412 1844
63 200 211 339 952 1072 1239 1351 1400 1465 1489 1521 1701 1867
97 77 78 102 362 387 615 815 1072 1165 1441 1447 1459 1587 1729 1746 1756 1882
614 72 259 569 599 722 883 980 1027 1149 1239 1553
722 232 318 339 365 510 873 895 899 1072 1491 1712 1817 1948
1027 318 365 444 659 810 1072 1298 1521 1553 1565 1701 1758 1961
1072 200 318 339 510 810 886 1262 1330 1553 1701 1961
1239 510 665 852 952 1165 1351 1553 1712
1404 210 211 228 599 1235 1468 1535 1624 1731
1961 339 886 952 1262 1298 1553 1565 1701 1712 1758 1881
32 202 519 581 808 812 841 962 1139 1574 1637 1700 1722 1894 1919 1997
202 246 255 529 891 1017 1334 1574 1637 1874
519 364 546 594 760 800 962 1256 1340 1574 1894 1997
581 160 182 370 391 465 1250 1293 1804
808 37 465 604 841 962 1193 1908 1956
812 255 529 546 760 962 1334 1574 1581 1894 1908
841 217 604 760 1017 1574 1700 1722 1874 1894 1919
962 155 314 529 540 546 604 760 800 891 1107 1548 1700 1894
1139 217 240 258 431 436 465 493 834 1107 1617 1829 1980
1574 217 436 529 540 1017 1097 1190 1581 1700 1722 1894
1637 37 144 246 431 473 645 1061 1079 1726 1733 1960
1700 139 255 270 529 540 604 760 891 1061 1190 1193 1222 1293 1431 1581 1722 1804 1829 1997
1722 529 1190 1334 1340 1581 1894 1921 1997
1894 255 760 1190 1647 1919
1919 255 393 436 493 604 760 877 1193 1724 1921 1997
1997 364 546 594 760 1017 1142 1340 1777 1857 1956
33 265 767 768 1024 1079 1767 1933 1954
265 133 366 456 525 914 1079 1092 1097 1157 1374 1933
767 406 456 619 661 1245 1326 1672 1705 1711
768 296 406 456 619 750 817 854 901 1032 1187 1326 1582 1737 1799
1024 378 406 452 603 619 1013 1020 1079 1092 1117 1309 1705
1079 133 544 1092
1767 133 1616 1634 1770
1933 378 717 1117 1258 1629 1705 1730 1737
1954 661 675 1031 1117
34 56 212 215 524 586 654 714 771 1127 1163 1166 1173 1355 1536 1792 1886
56 62 293 462 559 600 729 1123 1127 1523 1736 1886
212 1070 1625 1649 1836
215 381 613 1105 1141 1336 1446 1557 1715 1895
524 91 462 654 729 771 819 1123 1163 1215 1318 1517 1536 1736 1744 1886 1982
586 91 177 294 451 693 1007 1173 1679 1792 1879
654 62 273 437 813 1244 1288 1372 1515 1569 1638
714 192 219 462 687 771 819 904 1291 1318 1372 1378 1536 1736
771 62 113 860 1123 1173 1318 1372 1557 1736 1928
1127 729 779 1291 1378 1557 1826 1925 1937 1982
1163 39 293 462 533 819 876 1291 1308 1378 1768 1772 1886
1166 62 462 579 697 1007 1291 1294 1318 1625 1679 1744 1911 1927
1173 394 469 856 1153 1288 1349 1355 1523 1792 1826
1355 177 294 426 437 904 1294 1569
1536 697 729 859 1007 1153 1318 1736 1935
1792 451 859 904 1007 1276 1464 1569
1886 113 294 353 745 819 859 1288 1318 1515 1666 1744 1826 1911
35 41 51 68 122 162 274 307 379 415 592 673 935 1531 1881 1944
41 237 321 500 825 925 1098 1108 1182 1410 1607 1728 1865
51 156 252 388 430 438 673 700 829 1389 1408 1642 1706 1748 1903 1950
68 324 418 478 483 531 1010 1103 1213 1257 1642 1837 1950
122 214 274 535 673 740 888 1241 1475 1531 1837 1944
162 43 237 430 500 801 1034 1046 1098 1194 1269 1531 1607 1668 1706 1881 1903
274 278 354 438 541 1010 1668 1684 1969
307 72 79 88 156 252 324 438 743 801 935 1046 1213 1257 1269 1613 1642 1668 1723 1748 1755
379 79 140 156 324 430 438 743 1098 1240 1257 1269 1545 1731 1807 1903 1944 1950
415 73 79 88 272 278 438 592 777 828 1213 1531 1668 1903 1944
592 53 115 253 354 483 500 563 828 935 1046 1098 1133 1668 1684 1789 1837 1881 1903
673 79 164 278 354 541 740 801 884 1056 1075 1472 1499 1642 1837
935 264 483 500 925 1046 1608 1668 1865 1867
1531 252 259 325 740 884 1205 1241 1243 1268 1408 1636 1881 1903 1969
1881 53 79 210 237 278 483 563 577 637 740 829 1075 1641
1944 53 252 535 680 743 829 1002 1010 1018 1046 1080 1098 1194 1269 1408 1545 1644 1755 1807 1950 1955
36 150 385 632 688 698 836 1180 1255 1353 1430 1554 1699
150 138 376 440 1375 1554 1635
385 327 550 623 818 833 1115 1328 1353 1371 1702 1866 1930
632 71 432 1044 1167 1180 1337 1693 1699 1771
688 103 199 950 1253 1413 1583
698 65 256 454 568 623 1327 1448 1561 1732 1776 1833 1866 1872 1912
836 116 712 713 818 1147 1563
1180 327 398 591 818 1038 1337 1771 1976
1255 376 424 1119 1374 1498 1503 1918
1353 116 701 818 1115 1328 1414 1563 1645 1791
1430 104 376 737 830 1038 1119 1337 1498 1538 1705 1918
1554 179 236 376 701 830 1038 1224 1226 1277 1443
1699 71 432 818 1044 1337 1551 1771 1976
37 525 1582 1647 1747
525 155 393 1020 1061 1222 1647 1726 1733 1770
1582 296 603 750 1013 1020 1187 1568 1592 1616 1673 1770 1799
1647 529 540 1157 1190 1829
1747 144 1222 1258
38 89 300 799
89 394 507 523 562 799 1843 1946
300 313 523 579 681 904 1395 1640 1679 1843
799 507 523 936 942 1054 1251 1640 1676
39 178 199 504 542 732 1016 1135 1373 1518 1590 1853
178 69 216 233 616 732 911 1135 1590 1780 1871 1978 1993
199 95 670 728 868 950 958 1376 1835 1973 1978
504 292 358 472 838 960 1026 1159 1215 1365 1586 1622 1925
542 216 480 487 1445 1557
732 954 958 1373 1413 1445 1860 1993 1995
1016 75 292 487 838 1014 1033 1159 1365 1622 1735 1858 1964
1135 69 216 610 781 950 954 1053 1305 1590 1780 1871 1993
1373 474 651 765 1026 1348 1590 1995
1518 292 411 508 1025 1401 1586 1925 1937 1964
1590 69 453 616 728 781 954 1769 1795
1853 206 231 559 610 670 902 950 954 958 1053 1221 1500 1515 1769 1993
331 1364 1604 1905
381 403 795 919 1265 1271 1486 1936 1986
558 93 112 187 305 396 412 703 875 1010 1062 1321 1604 1718 1755 1910
1155 361 559 630 1001 1040 1156 1413 1686 1905 1936
1335 361 521 703 862 928 1001 1122 1336 1643 1936
1486 715 747 795 1001 1446 1457 1537 1806
1686 168 336 361 412 703 1120 1284 1936
1806 168 521 630 703 1321 1516 1905 1922 1936 1986
237 73 577 740 881 1408 1706 1847
321 478 483 881 965 991 1249 1472 1504 1535 1607 1624
500 43 53 79 159 324 801 828 1268 1278 1585 1668 1789 1903
825 43 156 490 648 1010 1240 1333 1389 1595 1613 1680 1721 1789
925 388 390 438 459 541 577 637 922 1214 1636 1684 1690 1706 1847 1903 1950
1098 53 172 259 324 535 563 571 738 740 743 1080 1194 1205 1249 1636 1657 1668
1108 325 590 637 1071 1504 1608 1657 1668 1706
1182 76 478 531 983 1077 1400 1624 1875 1916
1410 152 543 1071 1299 1304 1320 1472 1585 1607 1636 1639 1657
1607 264 352 483 543 881 1046 1320 1393 1585 1684 1816 1847 1865
1728 44 76 152 444 563 648 705 926 1504 1591
1865 264 325 430 483 640 705 828 881 1071 1214 1472 1595 1657
42 49 143 374 741 873 899 1103 1177 1695
49 132 180 232 318 365 497 659 1325 1388 1844
143 96 389 477 537 638 880 989 1229 1453 1455 1729 1838 1849
374 157 362 387 414 873 899 1103 1177 1493 1844
741 157 662 899 1103 1165 1229 1412 1671
873 70 387 665 852 1005 1103 1315 1671 1729 1844
899 165 339 615 692 1177 1521 1695 1756 1939
1103 96 539 608 662 783 897 1175 1177 1315 1671 1701 1729 1939
1177 77 339 387 510 706 783 989 1315 1493
1695 157 184 618 846 1493 1849
43 211 648 883 1304 1333 1553 1642
211 156 339 446 599 886 980 982 1298 1351 1400 1491
648 490 612 1213 1304 1333 1499 1595 1608 1613 1731 1748
883 252 318 599 982 1389 1642
1304 888 970 1075 1585 1595 1608 1731 1875 1903
1333 72 210 483 490 1491 1504 1595 1706 1789
1553 318 339 471 665 695 1149 1240 1269 1389 1641 1701 1712 1749 1862
1642 53 156 438 577 1075 1789 1955
44 76 531 571 1075 1171 1178 1721 1916 1920
76 152 333 531 563 705 736 1099 1178 1184 1232 1708
531 210 323 435 991 1075 1406 1504 1721 1875 1920
571 318 339 952 982 1216 1298 1351 1447 1591 1729 1920
1075 53 490 563 1046 1585 1914
1171 198 308 343 705 1280 1299 1462 1543 1867
1178 70 152 380 490 647 667 1077 1235 1462 1591 1624 1867 1989
1721 152 435 624 1036 1624
1916 70 362 647 815 926 1417 1913 1920
1920 624 926 930 952 1077 1099 1184 1400 1468 1624 1810
239 96 107 297 433 548 909 1368 1423 1436 1455 1562 1601 1818 1831 1855
387 549 665 1175 1189 1441 1453 1632 1766
510 180 665 692 1165 1325 1465 1565 1671 1844 1967
783 405 537 1315 1669 1671 1838 1938 1939
1165 165 251 323 444 1175 1240 1325 1521 1834
1315 467 746 952 1005 1116 1844 1938
1412 82 157 879 1099 1310 1729
1844 692 897 1671
46 103 187 231 1718 1905 1973
103 106 206 480 670 728 868 911 950 958 1376 1500 1718 1769 1858 1973 1978 1993
187 95 119 269 288 396 419 421 857 888 1164 1583 1623 1973
231 565 610 670 1112 1376 1769
1718 269 413 419 663 902 958 1195 1463 1611 1623 1926
1905 106 269 396 419 1001 1188 1364 1413
1973 206 216 670 857 868 902 911 949 958 1195 1500
47 351 1263 1654
351 87 1110 1256 1794 1979
1263 240 298 391 475 589 666 800 946 1110 1193 1901
1654 225 279 393 397 529 661 844 1614 1960
48 87 299 1144 1383 1415 1418 1738 1901
87 248 475 627 666 1383 1415 1738 1901 1960 1979
299 686 946 1829
1144 1015 1383 1398 1415 1434 1653 1979
1383 248 290 686 734 1055 1110 1398 1738
1415 277 631 1418 1821 1979
1418 55 994 1110 1130
1738 1015 1533 1785
1901 666 686 734 938 1794
132 157 466 639 659 805
180 514 608 639 659 1005 1149 1621 1671 1712
232 810 1216 1325 1388 1613 1817 1948
318 200 629 842 1216 1298 1491 1712 1834 1948
365 72 200 339 659 1205 1325 1351 1388 1712 1817
497 214 418 425 980 1037 1267 1389 1476 1641 1897
659 608 806 852 1002 1213 1389 1712 1766
1325 810 842 852 1149 1240 1489 1587 1712
1388 764 806 842 1037 1080 1149 1594 1620 1712 1739 1749 1834 1939 1990
50 99 459 517 664 699 824 974 1694 1899
99 134 171 176 372 532 625 948 1208 1435 1596
459 253 354 368 541 590 637 738 1194 1268 1904 1969 1975
517 590 1435 1694 1803
664 561 798 861 922 1056 1786 1803 1899 1914 1945
699 134 176 348 407 457 593 835 861 948 1207 1208 1435 1803
824 278 309 590 790 870 951 963 1220 1246 1433 1605 1841
974 159 448 625 1207
1694 140 348 355 557 561 798 1208 1268 1899
1899 105 140 352 557 798 861 1131 1145 1268 1485 1605
156 88 252 324 438 678 743 777 829 1002 1213 1269 1545 1644 1748 1807 1950
252 324 438 479 743 1213 1545 1748 1830 1950
388 361 626 740 927 1022 1128 1241 1386 1405 1841 1969
430 79 438 483 777 828 929 1213 1748
438 259 535 700 829 1194 1206 1950
700 214 418 564 629 1018 1114 1134 1206 1295 1476
829 259 324 535 595 777 1010 1145 1205 1475 1499
1389 471 842 1018 1205 1447 1491 1758 1789
1408 73 79 164 272 763 780 884 1241 1837
1706 53 780 828 1034 1046 1071 1657 1783 1943 1975
1748 79 324 640 740 1150 1257 1585 1903
1903 259 324 435 563 743 1002 1046 1545 1585 1657
1950 210 352 743 777 1010 1213 1257 1558 1613
52 562 715 795 928 936 1040 1141 1413 1419 1446 1895 1922
562 313 1188 1679 1768
715 129 188 403 463 613 795 1040 1316 1336 1891 1966
795 521 613 676 919 936 1040 1141 1265 1359 1446 1589 1640 1643 1891
928 112 403 912 1265 1495 1584 1589 1895
936 1141 1181 1385
1040 1105 1446 1589
1141 169 1265 1385 1467 1891 1926
1413 601 950 1271 1392 1451 1926
1419 120 950 1105 1122 1271 1926
1446 361 1311 1359 1618 1895
1895 507 521 1156
1922 269 866 912 971 988 1120 1137 1537
53 577 743 1046 1241 1595 1668
577 73 278 368 541 590 1975
743 79 259 1194 1206 1213 1545
1046 259 264 483 563 1955
1241 115 272 305 354 595 780 884 888 1499 1787 1837 1955
1595 210 483 490 549 563 637 1109 1320 1504 1789
1668 79 210 740 777 828 991 1194 1393 1807 1816
54 746 1363 1663
746 184 405 913 1005 1344 1560 1697 1938
1363 414 761 826 1146 1149 1344 1650 1688 1764 1965
1663 82 204 424 467 636 1471 1655 1906 1938 1987
55 71 116 225 432 445 916 1167 1169 1317 1371 1776 1947
71 363 655 809 1314 1317 1337 1693 1771 1776 1918
116 830 833 1556 1635 1645 1771 1791
225 193 492 717 844 916 1555 1592
432 833 1004 1167 1277 1317 1551 1635 1693 1765 1976
445 153 193 221 233 257 369 623 660 809 944 1004 1487 1551 1866 1890
916 153 221 1039 1086 1169 1337
1167 179 376 398 737 1031 1038 1277 1370 1672
1169 398 817 1039 1309 1369 1592 1629 1771
1317 509 1044 1287 1371 1564 1592 1771 1776 1820
1371 327 655 735 1115 1227 1264 1448 1556 1702 1791 1793 1805
1776 166 833 1038 1044 1115 1454 1534 1833
1947 221 363 454 620 623 1039 1454 1487 1564 1592 1771 1866 1976
62 64 1288 1318 1736 1775
293 697 860 1112 1174 1291 1311 1318 1599 1744 1772 1982
462 729 813 819 1291 1666 1744 1840 1982
559 219 313 942 1188 1959
600 292 358 1928
729 219 294 353 860 1174 1736 1744 1772 1937
1123 294 697 779 819 856 904 1679 1736 1843 1868
1523 819 859 1153 1349
1736 533 697 1288 1378 1515 1927
73 253 541 780 801 1893 1955 1975
161 164 197 272 354 402 780 990 1268 1499 1955 1969
176 355 835 948 1073 1083 1350 1603 1786 1945
483 264 395 563 740 922 1071 1393 1504 1875
740 264 278 1816
881 263 264 543 612 965 1034 1071 1278 1393 1472 1636 1684 1690 1816
1393 189 210 435 1278 1789 1816
1472 543 1071 1585 1613
1657 1684 1716 1783 1789
58 108 408 636 913 981 1662 1753
108 145 204 406 636 1199 1403 1740 1753
408 145 179 1209 1223 1314 1343 1375 1498 1560 1570 1635 1673 1801
636 154 505 750 985 1005 1425 1469
913 130 981 1339 1407 1711 1852 1962
981 154 547 1081 1403 1407
1662 204 505 901 1146 1245 1306 1326 1439 1494 1560 1616 1634 1673 1906
1753 154 770 797 1199 1664 1740
59 213 785 889 939 1050 1101 1121 1550
213 285 491 672 840 932 939 1236 1379 1449 1542
785 494 526 766 840 1048 1096 1254 1477 1628 1831 1968
889 114 491 494 522 707 711 937 1379 1484 1798 1851
939 285 522 730 1121 1449
1050 226 846 851 1096 1429 1550 1842 1888
1101 1121
1121 707 1379 1796
1550 303 441 788 851 1019 1429 1456 1546 1682 1888
60 128 788 851 882 1081 1362 1751 1962
128 832 968 1751 1784
788 335 880 1331 1429 1477 1546
851 130 335 882 1362 1382 1456 1796
882 537 1081 1362 1456 1628 1751 1842
1081 280 505 1199 1245 1425
1362 1339 1522 1812
1751 226 832 968
1962 130 477 638 706 1339 1682 1812 1965
61 267 453 487 1215 1313 1378 1586 1823
267 206 277 411 487 651 903 955 1287 1292 1345 1348 1470 1561 1702
453 411 428 449 474 487 536 903 955 1287 1622 1781
487 712 955 960 1014 1287 1303 1401 1781 1795 1924
1215 75 813 1025
1313 75 283 1203 1270 1586 1759 1964
1378 876 1318 1860 1982
1586 358 1380 1925 1964
1823 192 332 838 878 1964
64 353 1221 1318 1557 1599 1720 1768
1288 533 1007 1153 1318 1925
1318 113 219 779 1349 1517 1744 1925
1775 697 859 1153 1276 1464 1826
200 402 599 810 952 1080 1216 1262 1491 1594 1630 1712
339 100 228 446 926 1262 1491 1521 1701
952 323 444 852 886 1175 1298 1400 1465 1491 1521
1351 446 1491 1521 1612 1712
1400 100 198 323 446 759 926 982 1099 1591
1465 511 665 694 982 1612 1701
1489 756 1149 1224 1671 1834 1948
1521 444 549 886 982 1565 1612 1701 1729 1817
1701 471 810 1468
1867 644 647 1438 1488 1543 1624 1670
353 523 579 681 1112 1497 1927
1221 413 942 1076 1188 1311 1599 1768 1926 1959 1966
1557 91 219 464 579 580 860 876 1007 1174 1291
1599 1376 1445
1720 69 219 1311 1744 1868
1768 523 681 779 813 1640 1679 1843 1858 1868
65 243 277 635 769 896 903 960 1064 1082 1561 1573 1785
243 290 429 509 589 635 655 791 809 910 994 1004 1487 1564 1702 1805 1820 1866 1890
277 249 536 769 903 953 1143 1287 1303 1530 1573 1703 1932
635 118 175 283 442 509 568 620 769 796 896 910 994 1082 1197 1202 1345 1524 1552 1703 1732 1785 1866
769 75 1014 1064 1202 1279 1398 1561 1932
896 175 249 428 568 588 620 739 1035 1082 1143 1197 1440 1530 1732 1820
903 589 712 765 910 1203 1218 1270 1287 1292 1795 1866
960 69 449 508 1014 1203 1440 1759 1780 1924
1064 1203 1287 1561 1573 1759 1872 1890 1924
1082 256 550 953 1202 1203 1292 1327 1524 1833 1932
1561 75 175 727 994 1279 1434
1573 442 712 765 781 953 994 1035 1292 1348 1391 1487 1791 1932
1785 256 283 298 442 538 623 631 660 910 944 1065 1130 1279 1434 1507 1533 1653
66 181 404 488 766 918 1219 1423 1698 1814 1863
181 207 488 1300 1698 1861
404 266 284 350 711 766 1078 1089 1254 1851 1861 1963 1968
488 266 1078 1089 1219 1297 1698
766 276 485 556 730 753 863 995 1219 1236 1968
918 485 551 725 993 1042 1423 1426 1619 1818 1883 1923
1219 207 455 494 551 753 1011 1252 1254 1831 1963
1423 276 551 1048 1426 1606 1883 1923
1698 266 281 485 718 995 1861
1814 238 350 455 672 1297 1861 1963
1863 302 551 650 658 753 909 1116 1236 1882 1992
67 168 329 458 521 630 703 866 906 971 988 1001 1120 1265 1359 1537 1936
168 521 587 703 751 866 893 906 971 1022 1137 1386 1584 1969
329 80 129 463 776 919 1265 1402 1405 1457 1495 1715
458 124 197 912 927 963 971 984 1122 1137 1312 1707 1750
521 111 188 361 630 906 1001 1122 1251 1495 1516 1936 1986
630 912 1001 1271 1284 1405 1516 1936
703 93 112 585 587 866 912 1284 1386 1516
866 129 626 1238 1352 1648
906 170 587 912 971 1001 1238 1467 1986
971 336 361 407 587 912 988 1120 1137 1495
988 336 587 595 1088 1238 1352 1424 1526 1750
1001 747 1156 1271 1352 1392 1537
1120 336 399 463 587 870 893 912 1122 1137 1238 1352 1537
1265 399 676 919 1316 1467 1936
1359 129 188 776 1316 1467 1589 1618 1643 1715 1782 1949
1537 164 170 412 587 893 912 984 1284 1352 1405 1516 1750 1870
1936 403 893 1284 1364
324 79 259 978 982 1194 1205 1545 1807
418 214 678 1133 1269 1476 1641
478 929 1278 1462 1670
1010 86 88 115 172 224 535 777 782 1205 1206 1257 1545 1613 1723 1807
1213 79 88 210 1468 1749
1257 72 340 490 563 599 1002 1613 1630 1830
1837 214 224 595 680 777 1206 1475 1723 1755 1830
69 591 610 651 1026 1780 1871
591 384 472 550 565 1226 1305 1328 1348 1391 1793
610 216 367 513 616 954 958 1780 1860 1871 1993
651 304 411 536 616 765 953 1303 1510
1026 411 616 1305 1470 1780 1835 1995
1780 95 508 536 550 565 616 911 954 1795 1860 1995
1871 565 781 1305 1769 1860
70 380 482 605 647 1099 1184 1280 1320 1708 1800
380 295 308 320 337 1280 1488 1713 1810
482 183 229 320 605 650 718 1200 1481 1713
605 186 275 302 644 759 900 970 1235 1280 1708 1885 1913
647 84 275 337 1106 1126 1154 1191 1438 1447 1488 1731
1099 275 490 736 1591 1624 1708 1913
1184 736 1126 1235 1624
1280 598 1191 1235 1481 1788 1810
1320 126 210 337 435 640 991 1109 1249 1278 1406 1535 1608 1810
1708 295 644 930 1068 1406 1462 1543 1624 1639 1810 1875 1989
1800 81 302 511 609 718 909 1009 1154 1212 1606 1884
363 153 193 221 257 369 476 492 1039 1115 1369 1454
655 233 360 474 616 623 865 1035 1227 1328 1414 1454 1556 1805 1833 1866
809 153 454 1004 1039 1055 1186 1272 1369 1820 1890
1314 82 145 236 1209 1307 1310 1503 1570 1761 1764
1337 1296 1369 1805 1833 1976
1693 221 327 376 398 1031 1039 1115 1242 1277 1976
1771 1044 1115 1551 1976
1918 179 376 737 1006 1498 1503 1626
72 152 305 446 471 629 1002 1109 1240 1731 1758 1789
152 210 337 640 991 1109 1278 1488 1670 1875
305 86 93 396 564 629 744 875 1133 1558 1742
446 323 886 1504 1591 1788
471 228 269 569 671 1018 1080 1216 1267 1269 1758 1766
629 172 535 564 680 888 1002 1018 1133 1134 1194 1262 1295 1545 1641 1644 1723
1002 402 1133 1240 1594 1723 1758
1109 435 640 929 1036 1278 1504 1875
1240 172 1357 1545 1547 1613
1731 320 1608 1680
1758 79 980 1018 1630 1749
1789 1278 1504 1585
253 195 309 352 368 541 1131 1444
541 189 278 352 354 637 884 1022
780 470 590 884 888 978 990 1022 1206 1499 1656 1847 1943 1955 1969
801 325 354 637 738 1690 1904 1955 1975
1893 140 470 545 585 626 782 798 1243 1354
1955 354 738 990 1354 1424 1787 1875 1914 1975
1975 79 244 470 545 884 1056 1499 1656 1904 1945
724 189 198 308 1232 1299 1670 1716 1875
1341 310 333 334 486 890 1684 1745
1598 334 682 705 970 1593
1716 201 263 486 669 965 1485 1593 1636 1811
1816 263 486 543 612 965 1071
75 358 642 1033 1143 1287 1470 1602 1759
358 469 702 765 838 1111 1622 1964
642 1033 1356 1394 1622
1033 538 731 878 1202 1394 1440 1964
1143 249 283 422 1197 1259 1270 1279 1781
1287 588 953 955 1067 1218 1397 1470 1552 1924 1932
1470 765 955 1345 1552 1702 1781
1602 175 727 731 878 1192 1365 1440
1759 249 731 1014 1303 1365 1440
333 337 343 395 658 682 1036 1680
563 259 402 1243 1504
705 189 337 395 435 640 667 929 930 1036 1232 1249 1278 1406 1680
736 682 1810 1989
1232 126 198 667 682 970 1023 1036 1077 1299 1406 1593
77 96 477 764 1005 1746
96 190 315 441 895 1229 1368 1453 1579 1650 1681 1756
477 107 190 433 770 989 1344 1453 1655 1838
764 434 553 639 1149 1267
1005 434 615 842 1366 1587 1817 1948 1967
1746 102 251 297 537 658 662 665 1175 1436 1502 1579 1756 1855
78 81 315 615 658 815 821 1436 1459 1579
81 229 302 315 400 511 609 852 909 1116 1236 1261 1450 1502 1606 1710 1882 1988
315 282 400 880 1261 1450 1502 1992
615 297 320 362 694 1116 1729
658 186 297 362 624 718 1116 1547 1579 1831 1992
815 165 495 694 1051 1447 1459 1502 1632 1756 1882
821 223 229 718 871 1236 1252 1330 1360 1606 1884 1991
1436 109 251 1368 1455 1579 1619 1855 1992
1459 229 1051 1200 1885 1988
1579 102 297 880 1011
79 259 564 1278
259 88 278 535
564 120 214 875 1134 1475
1278 198 210 612 617 1036 1585 1608 1670 1783
80 530 751 776 802 862 1088 1782 1949
530 170 912 1238 1467 1819
751 361 776 862 870 1238 1402 1457
776 124 399 870 1526 1584 1643 1949
802 861 919 957 987 1266 1338 1354 1402 1715 1782 1949
862 170 870 1266 1457 1584 1643 1707 1715 1819 1949
1088 124 170 407 656 912 957 1043 1338 1433 1526 1648 1782 1819 1841 1856
1782 268 407 708 957 1458 1526 1841 1856
1949 560 593 870 957 1266 1402 1458 1643
229 302 624 718 871 995 1051 1212 1236 1252 1480 1714 1861 1884
302 207 223 251 485 551 753 1116 1861 1884 1988
400 282 624 718 1126 1154 1261 1417 1450 1788
511 223 275 609 1051 1068 1154 1212 1261 1417 1478 1502 1710 1988
609 223 1009 1154 1200 1212 1788 1988
852 842 1441 1493 1587 1671 1687 1712 1817
909 485 718 725 753 1116 1154 1450 1478 1884
1116 223 495 753 1009 1189 1502 1710 1882
1236 207 556 650 753 1252 1254
1261 102 165 183 251 320 624 880 1051 1068 1200 1417 1450 1491 1632 1756 1885
1450 223 650 718 1051 1154 1212 1330 1417 1502 1882
1502 662 1189 1632 1710 1790 1884
1606 455 871 995 1212 1252 1480 1884
1710 127 186 624 753 1417 1632 1790
1882 127 186 207 251 266 725 1154 1417 1632
1988 186 718 1009 1330 1714
82 145 194 377 452 733 985 1198 1471 1570 1761 1764
145 194 1198 1199 1296 1739 1761 1764 1987
194 414 1310 1374 1471 1687 1987
377 505 1326 1374 1471 1560 1761 1906 1987
452 817 1186 1494 1711
733 467 1310 1460 1687
985 123 424 544 748 1032 1094 1223 1326 1665 1672 1740 1761
1198 306 518 879 1119 1223 1296 1306 1374 1439 1503 1626 1739 1740 1761 1764 1938
1471 280 306 414 1085 1146 1199 1669 1688
1570 1094 1223 1309 1503 1505 1739 1799
1761 514 518 1296 1307 1439 1987
1764 398 414 1296 1503
361 124 399
837 580 860 1112 1174 1858 1868
950 95 868 949 1835 1858 1978
1076 173 1053 1105 1122 1188 1311 1336 1959
1122 670 942 1105 1156 1311 1392 1946
1926 95 111 1392 1424
1966 580 911 1451
84 282 1106 1462 1480 1788
282 183 650 759 900 1756
1106 183 598 900 1077 1913 1989
1462 295 1235 1488 1608 1670 1680
1480 186 598 718 1009 1360 1714 1788 1991
1788 223 900 1009 1154 1252 1417 1713 1790 1991 1992
456 123 619 817 1223 1672 1705 1730 1733 1739
792 279 386 391 807 844 1193 1614
807 153 298 370 386 534 627 675 723 1097 1854
1020 406 1031 1225 1564
1186 378 946 1031 1092 1094 1117 1487
86 978 1128 1133 1150 1312
978 115 164 288 311 585 595 777 927 1134 1137 1205 1268 1558
1128 479 626 1022 1386 1405 1787
1133 214 224 228 828 1018 1269 1475 1558 1723 1870
1150 272 421 585 747 927 984 990 1022 1405 1755 1787
1312 140 560 656 790 951 1073 1514 1580 1660 1822
248 118 429 660 848 910 938 944 946 1130 1270 1434 1653 1890
475 369 370 623 631 1390 1653 1794
627 153 675 844 1854 1960
666 1390 1821 1979
1960 298 492 515 529 534 844 1157 1921
1979 290 298 366 509 1390 1398 1821
88 278 470 535 1545 1723 1830
278 115 244 340 354 470 738 888 990 1268
470 244 585 738 888 990 1243 1354 1402 1499 1969
535 595 980 1444 1630
1545 402 590 884 1205 1475 1476 1499 1807
1723 396 777 1267 1269 1641 1644 1830
1830 115 197 272 595 680 738 777 888 1134 1206 1475 1476 1755 1787
394 91 426 437 1244 1569 1625 1638 1666 1735
507 141 169 313 1251 1497 1640
523 173 681 904 1843 1927
1843 173 219 1395 1625 1927
1946 868
90 827 1114 1164 1228 1575 1659 1897 1977 1984
827 271 338 671 805 977 1037 1100 1176 1620 1984
1114 311 552 1620 1734 1802
1164 119 421 1432 1734 1878
1228 569 977 1029 1611 1934
1575 805 1216 1984
1659 271 663 1003 1067 1217 1432 1951
1897 425 569 671 1734 1802 1934 1977
1977 104 622 805 1366 1909
1984 291 338 622 1422 1909 1990
91 177 697 819 856 1210 1294 1676
177 173 579 745 856 979 1070 1276 1625 1836 1879
697 113 219 819 904 1007 1840 1911 1927
819 426 469 745 856 1372 1515 1911 1927
856 113 426 1517 1638 1911
1210 464 1569 1667
1294 113 979 1153 1244 1319 1349
1676 1395 1927
129 580 919 957 1495
463 169 1385 1467 1589 1618
1105 613 1311 1321 1352 1451
1188 942 1467
1336 399 403 613 676 1054
93 412 419 744 875 984 1321 1516 1583 1787 1870
412 396 857 1062 1321 1910 1985
419 119 269 288 917 1604 1611 1623 1910
744 164 678 680 875 1321 1475 1985
875 396 678 1134 1870 1873 1996
984 197 224 626 656 1022 1063 1352 1386
1321 1062 1137
1516 747 912 927 1284 1405
1583 288 1604 1802 1870 1985
1787 115 164 649 1063 1145 1220 1243
1870 95 396 626 678 1437 1475 1910
94 364 760 834 847 849 1107 1431 1533 1548 1980
364 240 391 493 877 1041 1107 1256 1293 1490 1804 1980
760 1017 1157 1490 1921
834 144 182 258 436 546 684 1617 1724
847 258 520 969 1777
849 258 520 1041 1956
1107 217 240 436 540 1293 1617 1804 1857 1956 1980
1431 240 515 604 800 1250 1334 1956 1980
1533 290 327 679 686 1055 1821
1548 604 1193 1340 1490 1777 1857 1956 1980
1980 465 493 604 1921 1956
95 417 868 902 1156 1195 1284 1611 1910
417 338 367 384 392 781 857 911 1053 1604 1623
868 392 1195 1604 1611 1623 1978
902 106 413 480 670 1466
1156 1195 1352 1364 1623
1195 413 580 671 1253 1500 1978
1284 197 649 747 893 1996
1611 269 288 392 663 857
1910 601 649 1873
190 280 706 895 897 1339 1601 1796
441 226 1019 1102 1310 1849
895 109 297 537 1455 1669 1681
1229 107 539 1368 1453 1818 1855
1368 433 505 989 1562 1855
1453 136 389 467 537 539 761 1681 1838 1923 1938 1987
1650 424 514 1085 1119 1309 1374 1705 1754 1987
1681 548 1455 1849
1756 251 320 1441
102 165 548 665 1441 1455 1591 1862
362 165 549 692 1441 1547 1612 1729 1862
1441 165 665 1447 1729
1447 183 320 444 1077 1612
1587 608 1817
1729 165 549 1547
292 192 273 702 838 1111 1515 1529 1735 1964
838 192 196 332 1111 1515 1964
887 192 1270 1529 1622 1964
1159 508 1025 1111 1308 1964
1308 813 1111 1928
1529 332 533 813 1464 1928
134 151 457 835 1208 1605 1803
171 159 637 696 892 1350 1482 1603
372 310 607 947 1056 1435 1615 1627 1786
532 567 607 1485 1615 1945
625 105 151 457 593 861 1234 1841
948 151 915 966 972 1083 1786 1803
1208 457 593 641 915 1596 1613
1435 461 835 915 966 1090 1526 1773 1786 1914
1596 457 561 567 915 1786 1803
100 323 1468 1591
323 886 926 1235 1591
1468 982 1491 1613 1630
1591 886 926 1862
1256 182 370 391 1854
165
548 109 405 539 1455 1838 1862
665 297 444 467 495 549 926
1455 107 109 184 297 433 539 761 1011 1818 1855
1862 444 694 1992
106 206 977 1053 1253 1466 1769
206 304 513 565 728 781 954 958 1053 1466 1769 1791
480 119 1053 1226 1466 1623 1835
670 911 1253 1500 1993
728 367 392 513 550 565 735 781 911 1793
911 216 413 958 1466
958 954 1217 1445 1769
1376 949
1500 949 1253 1993
1769 216 1003 1053
1858 942 1982
1978 384 403
1993 216 781 954 1445
104 311 440 712 737 977
311 466 553 805 977 1000 1067 1100 1277 1432 1990
440 138 701 713 879 992 1626 1635 1719
712 117 233 327 360 474 865 953 955 1218 1510 1805
737 1006 1119 1370 1498 1505 1538 1705 1730
977 384 476 481 853 1037 1067 1147 1422 1600 1658
105 448 593 1856
448 696 1073 1725 1752 1760
593 151 567 1514
1856 124 348 790 987 1043 1137 1405 1433 1458 1526 1841
1053 781 1835
1253 119 392 954 1604
1466 1835
107 433 993 1102 1562 1601 1838
433 1382 1477 1508 1560 1601 1849
993 238 245 276 494 526 721 1344 1382 1426 1477 1562 1855
1102 245 335 423 1382 1426 1818
1562 539 1077 1426 1798 1818 1838
1601 989 1743 1818
1838 537 1849
204 306 1245 1403 1633 1852 1906 1938
406 619 674 750 817 901 1085 1754
1199 154 306 638 1387 1425
1403 619 748 1209 1245 1568
1740 424 748 1085 1223 1306 1326 1494 1672 1673 1711
109 537 539 725 989 1547 1831 1855
537 1669
539 389 989 1697
725 551 753 1051 1154 1963
989 136 389 405
1547 320 549 1175
1831 389 494 721 1011 1382 1883
1855 297
138 414 622 879 1343 1370 1375 1443 1498 1600 1719 1909
1119 518 1343 1370 1503 1505 1538
1224 1006 1038 1503
1443 481 518 713 1147 1498
1498 179 236 376 992 1006 1152 1370 1503 1538
1600 663 1037 1067 1147 1152 1176 1422 1432 1719 1762
1762 1000 1687 1739
1801 424 748 1006 1223 1309 1687
111 713 1152 1217 1414 1658 1719
713 818 853 1000 1305 1563 1645 1765
1152 166 269 1067 1176 1226 1399 1432 1621 1765 1951
1217 553 663 781 818 1563 1765 1930
1414 117 472 735 1227 1994
1658 1067 1432 1626 1719
1719 805 853 1328 1563 1765
112 479 917 1364 1623 1996
479 197 888 1022 1643
917 601 1604
1364 413 1137 1392 1623
1623 119 421
1996 170 288 626 884 893 1386 1424
113 579 1925
579 469 681 1772 1927
1925 192 1025 1153 1517 1937
114 350 556 643 1078 1289 1360 1484
350 266 281 937 995 1042 1297 1360
556 285 840 1048 1360 1411 1484 1542 1851 1883 1968
643 281 494 730 937 1042 1297 1411 1484 1527 1542
1078 266 863 1411
1289 238 522 932 1527
1360 730 840 1379 1572
1484 730 840 934 1297 1411 1542 1572
115 888 990 1062 1206 1755 1807
888 172 272 680 777 1206 1750 1755
990 272 922 1243 1386
1062 197 269 1604
1206 390 392 777 927 980 1018 1022 1205 1249 1755
1755 656 763 1475
1807 561 980 1018 1205 1558 1630 1969
830 179 701 818 833 1375 1791
833 327 474 818 1044 1097 1328 1645 1994
1556 117 233 327 1035 1037 1227 1791 1994
1635 476 734
1645 553 818 853 1328 1930
1791 179 327 411 1348 1510 1702 1793
117 360 367 623 701 953 1264 1328 1448 1732
360 233 796 1035 1203 1227 1264 1702 1732 1795
367 288 413 513 565 781 1563 1835
623 160 233 454 492 631 1004 1115 1227 1292 1805 1820 1866 1912
701 166 818 992 1037 1399 1951
953 233 442 765 1014 1202 1292 1327 1348 1702 1732 1805
1264 550 796 853 1035 1448 1912 1994
1328 398 954 1044 1448 1994
1448 796 1115 1833
1732 175 428 568 1004 1035 1115 1327 1551 1552 1866 1932
118 230 249 283 429 442 568 620 739 791 910 1004 1065 1197 1292 1540
230 175 283 739 878 1197 1259 1270 1397 1872
249 422 428 538 589 1233 1397 1398 1540 1689 1924 1983
283 422 429 538 910 1197 1202 1292 1540
429 428 631 848 1065 1197 1259 1434 1534
442 175 290 994 1434 1454 1524 1530 1703 1983
568 233 257 620 791 796 994 1524 1530 1703
620 175 233 428 739 938 1197 1292 1524 1530 1703
739 369 538 589 1507 1804
791 257 369 589 1004 1227 1327 1564 1702 1833 1912
910 422 538 1055 1197 1259 1272 1397 1434 1540 1833
1004 369 454 944 1115 1272 1551 1564 1833 1912
1065 256 589 734 1130 1272 1434 1487 1540 1653 1820 1890 1912
1197 422 509 538 1259 1524 1540 1552 1689
1292 1202 1530 1552 1702 1795 1932
1540 250 256 1233 1434 1703
119 269 384 569 857
269 857 1802
384 120 338 1029
569 678 1742 1802 1878
857 288 392 413 466 1226 1437
120 421 425 553 1295 1644 1742 1802 1934
421 680 893 1463 1934 1985
425 695 1476 1594 1630
553 338 671 805 992 1000 1176 1399 1934
1295 214 552 1080 1134 1475 1644 1873
1644 228 695 1018 1134 1205 1269 1476 1558
1742 678 1134 1734 1934
1802 392 663 671 1620 1878 1934
1934 695 806 1437 1463 1620 1990
245 303 335 721 1743
638 136 389 1344 1655 1664 1682
721 1331 1477 1628 1655 1818 1883
1382 1019 1429 1456 1522 1628
1426 266 1212 1254 1818 1883 1968
1477 276 1743
1743 1331
1818 297 711
214 272 396 552 678 1134 1641 1873
1475 272 396 678 777
123 424 544 674 1094 1306 1672 1673 1705 1739 1799
424 544 797 1085 1223 1306 1309 1494 1672 1739 1754
544 674 748 1245 1629 1672 1673 1705 1730 1739
674 822 854 1032 1306 1326
1094 1223 1245 1277 1309 1326 1343 1505 1672 1673 1730
1306 501 797 1085 1245 1309 1374 1508 1538 1673 1754
1672 750 822 1032 1223 1370 1634
1673 1245 1326 1343 1505 1560
1705 1629
1739 514 1439 1538
1799 750 901 1209 1532
124 170 336 407 1043 1238 1352 1424 1457 1584 1819
170 626 1352 1457 1750
336 587 912 1750
407 244 268 561 626 835 1063 1316 1526 1584
1043 560 641 790 963 1402 1433 1526 1580 1605 1822 1841
1238 870 1352 1354 1715 1750 1819
1352 656 919 1405 1715
1424 197 587 641 912 915 1022 1405 1707
1457 1316 1715
1584 268 587 1246 1467
1819 399 587 626 1137 1405
753 863 871 1009 1478
995 284 455 863 1089
1252 455 650 718 1200 1884
1300
1478 485 718 863 1009 1212 1884
1861 223 1011 1992
1913 183 223 275 759 900 1077 1417 1481
126 198 308 617 1036 1639 1783
198 617 930 970 1275 1810
308 189 395 640 667 991 1036 1406 1504 1535 1585
617 395 543 970 983 1023 1535 1745
1036 189 640 667 682 929 965 970 1406 1670
1639 263 612 667 1406
1783 334 1034 1444 1684 1914 1943
127 275 598 650 759 1077 1200 1481
275 183 186 759 900 1068 1077 1126 1330 1417 1481 1714 1989
598 930 1191
650 186 223 495 759 871 926 1068 1126 1330 1714 1991
759 186 223 1009 1077 1191 1235 1417 1488 1714 1884
1077 183 757 900 1126 1235 1330 1632
1200 186 223 624 757 1189 1275 1810
1481 251 624 900 1154 1714
832 130 547 574 1522 1942
968 547 1469 1778 1784
1784 130 226 706 1469 1546
580 942 1271
919 399 676 927 1467 1643 1715
957 641 870 963 987 1338
1495 399 884 1054 1467 1589 1643 1986
130 1942
1942 226
131 149 461 621 719 947 1421 1760 1998
149 356 719 1260
461 607 621 784 1260 1773 1828 1915
621 719 892 908 947 1421 1760
719 696 947 1485 1544 1773
947 908 1083 1421 1544 1752 1786 1859 1915
1421 908 966 1760 1945
1760 499 1207 1544 1915
1998 420 607 612 720 784 908 1083 1196 1260 1603
157 434 608 756 1671 1817
466 639 879 1366 1621 1817
639 291 320 514 756 806 842 1149 1834 1948 1987
805 271
133 234 661 817 1733
234 1250 1726 1874
661 1737
817 1032 1685 1770
1733 155 246 314 366 529 645 1061 1334
151 567 835 861 951 963
457 244 557 790 861 915 1605 1803
835 244 352 355 557 567 861 1073 1514 1580
1605 140 244 268 545 557 560 649 656 763 782 1220 1246 1841
1803 355 557 777 1207 1580 1945
164 348 585 595 1220 1969
197 140 368 649 656 1022 1386 1707
1022 272 782 927
1386 1405 1707
1707 355 763 1063 1234 1316 1354
1750 587 893
136 389 1655 1664 1697 1849
389 770 1664 1669 1697 1849
1655 505 618 826 1339 1669 1697
1664 1938
1697 761 1344 1633 1938
1849 770 1682
246 139 393 645 891 1258 1511 1726
1013
1532 603 1201
414 306 797 1310 1508 1560 1633 1688 1906
622 481 806 992 1000 1176 1216 1990
879 398 481 1370 1375 1626
1343 501 1730
1370 179 1006 1245 1427 1538
1375 992 1296
1909 271 806 1366 1626 1990
139 155 255 314 1059 1061 1511
155 144 255 314 1059 1061 1190 1874
255 465 493 969 1190 1250 1581
314 144 1059 1222
1059 270 279 717 1334
1061 144 1258 1726
1511 153 279 877 891 1190 1250 1258 1490 1555 1581
140 561 649 790 1145 1246 1526 1580
561 309 545 798 1914
649 244 545 763 1220 1246
790 348 567 587 641 1660
1145 587 861 1243
1246 763 1458
1526 951 1063 1648 1690 1822
1580 348 557 590 595 656 861 1354 1841
141 313 1891
313 169
1891 1181
1025 1464
1964 192 727 1111 1772 1924
880 1051 1992
144 473 540 1874
473 185
540 1581 1726
1874 603 1258
1296 392 826 1006 1146 1223 1307 1374 1439
1987 1439
393 465 645 844 891 1157 1225 1555
529 800 1142 1581
1190
1385 676 1467
1640 173 464 1070 1497
781 550 565 1860
1445 1924
1860 216 1291
356 908 966
1260 972 1603 1828 1941
376 327 1006 1277 1505
567 963
861 348 355
951 1660
963 641 1822 1841
210 1504 1585 1608
337 395 640 1406 1585 1810
640 195 334 612 929 983 1068 1249 1593 1847
991 189 965 1406 1608 1875
1488 1191 1543 1989
1670 395 1406 1680
1875 435 1438
153 221 257 366 717 914 1086 1157 1854
221 476 675 717 1038 1086 1242 1487 1534 1551 1854 1912
257 160 193 366 734 848 944 1157 1487 1564 1592 1890
366 370 534 675 1555 1592
717 160 386 534 1086 1097 1614
914 193 370 378 386 397 492 1225
1086 391 509 723 848 1272
1157 279 397 515 675 1097 1398 1854
1854 492 515 675 844 1804
154 505 1407 1469 1633 1711
505 1085 1425
1407 1778
1469 1852
1633 306 770 797 1688
1711 854 901 1245
678 552 1463 1630 1734 1873
777 352 354 1205
1269 228 980 1080 1476 1558 1594 1620
434 842 1149 1671
608 549 842
756 806 1267 1310 1594 1671 1834 1967
1671 842 1612 1817
1817 692 1967
797 1085 1309 1494 1906
1245 748 1326 1427 1494
1560 826 1688
159 390 892 1056 1090 1485 1725 1941
390 1083 1485 1615 1786 1945
892 607 1083 1482 1603 1828 1941
1056 798 915 1482 1656 1945
1090 1073 1207 1786
1485 1207 1381 1603 1841 1914
1725 310 720 1482 1603 1615
1941 195 607 1131 1196 1615 1811
160 675 686 1110 1130 1272
675 298 534 573 1490 1551
686 848 1390 1487 1653 1794
1110 734 1055 1390
1130 660 938
1272 175 256 631 944 1097 1227 1564 1890
272 680 1444
354 738 884 1243 1499 1558
402 172 886 1476 1641
1268 368 545 738 782 798 884 1656 1904
1499 368 585 590 738 1354 1656 1969
1969 884 927 1656
1034 264 543 1249 1690
1194 884
1425 280 335 1906 1965
348 557 641 1433 1822 1841
585 368 782 884 1354
595 224 1205
1220 244 309 656 763 782 927
166 671 853 1226
671 1437 1620 1878
853 663 992 1037 1399 1422
1226 565 735 1793 1835
587 893 912 1137 1405
893 912 1137
1137 560 601 912 1986
169 1316 1589 1618
1316 399 1054 1063 1467 1589 1643 1715
1589 1054 1643
1618 676 1054 1643
626 244 763 884 1841
637 352 1656 1904
696 1350 1482 1615 1786
1350 1196 1786
1482 195 368 420 945 1083 1603
1603 420 607 945 1773 1904
172 695 1641 1948
695 810 1080 1620
1641 552 1134 1476 1878
1948 842 1621 1834
173 693 1395 1826 1911
693 451 469 1007
1395 219 1836
1826 687 831
1911 294 859
280 1339 1344 1778
467 1460 1493 1665 1938
761 405
1665 618 1344 1938
175 589 660 1397 1398 1524 1530 1703
589 454 734 944 1703 1833
660 848 1327
1397 727 796 1202 1203 1259 1872 1983
1398 250 938 1507
1524 994 1203 1242 1689 1805
1530 428 796 1035 1202 1218 1327 1702
1703 509 994 1327 1434 1872
355 557 560 590 922 1841
1073
1083 420 590 1131
1786 420 1544 1615 1914 1945
1945 945 1207 1381 1514
745 316 689 1070 1276 1319 1625 1649 1666
979 469 1244 1667 1879 1935 1940
1070 687 1625 1649
1276 426 689 843 1569 1666
1625 383 831 1569 1649
1836 316 383 1244
1879 687 689 1638 1667
216 1391
233 796 1227 1702 1781 1912 1932
616 411 955 1995
179 619 1038
619 296 750 854 1117 1309 1634
1038 1503 1765 1976
514 291 1687
1149 842 1491 1712 1834
1621 291 1310
1712 340 806 810 1205 1626 1766 1834
207 485 1968 1992
182 240 465 1250 1293 1490 1617 1956
240 298 534 594 1250 1724
465 431 573 684 1490 1829
1250 891 1193 1258 1737
1293 546 604 1334 1490 1857 1908 1921 1956
1490 397 515 891 1555 1921
1617 258 436 969 1017 1041 1777 1857
1956 604 684 800 1340 1777 1857 1921
183 320 900 926 1068 1989
320 1126 1189
900 624 1068 1632
926 1989
1068 1154 1714
1989 1235
184 405 897 1254 1669 1939
405 826 1669 1682
897 618 1460 1493
1254 1619 1923
1669 618 1146 1460
1939 1460
185 1222 1616 1737
1222 270 603 1568
1616 854 1568 1634 1685
1737 901 1538 1685
186 223 495 624 871 1235 1330 1417 1632
223 718 1189 1212 1330 1714 1991
495 251 886 1051 1175 1189
624 718 1051 1126 1632
871 1212 1884 1968
1235 644 1275 1624 1680 1810
1330 297 1154 1189 1417 1714 1790 1991
1417 1624 1632
1632 1009 1126 1189
288 392 1604
396 1985
188 1054 1643
1054 1643
1643 1338 1467
189 334 543 965 1071 1438 1535 1585
334 612 1299 1745
543 1585 1684
965 612 1535
1071 195 264 1249 1636 1684 1847
1438 395 435 644 929 930 1406 1543 1608
1535 682 1585 1593 1636
1585 1636
706 1339 1682
1339 1019 1344 1682 1852
1796 423 846 1456 1965
1392 1271
192 196 702 1356 1394 1622
196 273 1515 1517 1569 1735
702 1394
1356 332 1394 1735
1394 878 1279 1735
1622 727 731 1014 1689
193 492 848 944 1487 1551
492 369 476 1097
848 369 631 1820
944 369 509 631 1564 1821
1487 290 1551
1551 454 476 631 1534 1702
1310 1439 1626
1374 1309 1754
1687 481 1216 1967
195 352 915 1131 1943
352 368 738 798 922 1444
915 1444 1514
1131 420 607 945 1214 1615
1943 945 1444
273 332 437 831 1464 1517
1515 876 1153 1517
1517 469 1111 1153 1372 1744 1982
1569 426 1638 1666
1735 1464
368 545 922 1904
656 763 1433 1458 1514 1648
930 682 970 1406 1543 1593
970 983 1275 1406 1593 1680
1275 982 983 1023
1810 1191 1884
1835 513 1793
599 810 1018 1612 1766
810 1766
1080 228 980 1594 1766
1216 1267 1298 1357 1594 1766
1262 490 1018 1298
1491
1594 490 980 1267 1504 1766
1630 692 982 1613
201 263 1690
263 738 945
1690 669 1444 1636 1847
891 386 515 645 1334 1555
1017 594 645 1142 1340 1908
1334 645 877 1225 1581 1921
1181 1012 1251 1467
306 1146 1754 1906
1852 547 1508 1965
1906 748 1146 1494 1688
1938 826
303 335 494 1331 1429 1842
526 1019
711 932 1297 1851 1968
840 672 1527 1572
1619 494 1379 1798 1812
1883 276 455 485 1011 1923 1992
304 449 472 779 1279 1995
513 663 735 1003 1793
565 1305 1510
954
485 1154 1189 1991 1992
1968 863 1089 1963
1992 284 297 1009
244 763 1063 1458
747 413
604 436 1857
1483 684 1777 1857
1804 298 573 723 1039 1097 1614 1794
1504 983 1613
1608 395 929
886 251 982
980 1267 1624 1749 1766
982 1612
1298 1612
1649 689 1666
285 491 551 932 937 1048 1411 1449 1527 1572
491 672 934 1021
672 707 730 934 1042 1449 1527 1572
932 281 284 707 1449 1798 1812 1851 1888
1379 937 1042 1449 1798
1449 522 707 934 1021 1042 1331 1411 1527 1798
1542 281 937 1042 1411 1572
552 1100 1134 1476 1558 1878
1134 224 1018 1558
1873
613 1311 1840
1715 676 987
1391 474
217 1829
1829 258 436 520 969 1041 1857
219 294 464 681 904 1007
294 426 451 904 1744
464 904 1372 1666 1679 1927
681 1744 1927
904 1372
1007 1679
1097 279 386 397 515 844 1592
476 1006 1031 1039 1044
1242 1039 1592 1805 1866
1534 1833 1912
1912 428 1327 1702 1805 1866
949 1112
718 1212
1189 1154
1212
1714 1175 1991
1991 1884
224 680 1205 1243
680 738
1205
1243 782 884 1444 1656
844 378 397 534 1592
1555 645
1592 750 1039 1976
226 846 1429 1456 1522 1546
846 335 423 1019 1682 1812 1965
1429 937 1456 1522 1546 1628 1812 1842
1456 770 1019 1331 1682 1812
1522 335
1546
279 397 723 877 1921
369 723 1035 1434 1653
228 1018
1018 1267
1051 1154
1884
878 727 731 1014 1192
1259 509 538 994 1434
1270 955 1279 1380 1440 1507 1576 1872
1872 428
1112
1613
796 865 1035 1227 1702 1833 1932 1994
1227 1035 1454 1833 1932
1702 509 865 1035 1218 1348 1401 1795 1805 1932
1781 1111
1932 256 1327
1726
547 574 1508
1387 1201 1877
236 398 645 1976
398 1031
645 534 1258
1976 1031 1629
1847 325 798 1249 1636 1859 1914
238 494 863 937 1851
494 1021 1963
863 1851 1963
937 707 730 1021 1798 1851
1851 276
297 662 1688
298 370 386 534 1390
534 378
594 546 800 1142 1340 1857
1724 258 431 520 1777
391 946 1614
723 378 938 1614
1390 679 684 938 1564 1794 1821 1890
1794 397 1821
296 750 901 1494 1568 1685
1770
290 509 679 1454 1653
509 256
994 454 1202
1564 454 1039 1327 1820
1805 327 1044 1115 1454 1833 1866
1820 734
1866 1039 1044 1115 1279 1327 1689
1890 734
763 798 1354 1648
1063 268 641 1458
1458 268 309 1648
335 1019
1258 1225
966 420 908 1214 1544 1859
1196 310 720 972 1811
1544 784 908
1615 607 1773
1773 784
1915 310 420 720 908 1828
938 454 734 1434 1653
946 1614
1434 256
1653 386 422 520 1055
422 679 1015 1233 1576
428 588 1202 1279
538 250 679 1380 1567
1233 1983
1689 582 731 1279 1983
1924 588 727 1014 1111 1203
1983 588
250 1055 1279 1507
1055 256 1015
1279
1507 582 679 1567
251 551 694
551 284 1009 1923
694
309 908 927 945 1648
1444 641 945 1914
1406 343 682 929 983
493 436 1193 1857 1921
969 431 546 1340 1777 1857
1581
256
734 631
258 431 546 1041
431 520 1041 1340
546 800 1340 1777
1041 1777
901 603 1187
435
682 612 890 1023 1299 1593
738 798 1684 1904
945 420 1249
264 828 1249
828 1249 1684
1249 1904
1092 1117 1187 1277 1629 1634
266 1048 1089 1297
1048
1089 455 1963
1297 281
411 536 955 1795
955 536 588 1305 1552 1795
1345 472 1510 1795
1348 550 1218 1305
268 987 1266 1433 1822
987 708 1234 1266 1402 1822
1266 870 1433
1433
1822
270 602 941
602
941 1685
271 1366 1951
1366 1277 1503 1766
1951 818 1029 1100 1147 1399 1422 1626
332 1372 1935
437 687 1153 1638 1840
831 469 1464 1935
1464 469 533 1935
1684 325 1636
1126 1565
276
536 474 1218 1510 1995
1303 1203 1401
340 806 1267 1620 1834
397 386 1031
877 573 1614
1921 800 1142 1193
1344
1778 574 770
281 934
934 1042
1202 582 1203 1741
284 455 1011
455 1963
1011 1923
1411 1042
1527 522 707 1021
1572 1021 1042
601 1985
1604 413
392 413 663 1463
370 386 1821
1039 1044 1369
679 631
1454 1044 1327 1833
291
1111
860 779 1772 1868
1174 1291 1772 1868
1291 779 1744 1772 1868
1311 1271 1451
1744 876
1772 1840
1982
426 1666 1940
451 1638 1666
295 343
343 1191
750 1032 1117 1629 1634
1494 822
1568 501 1032 1187
1685 603 854 1201
662 1885
1688 1439 1508 1754
386 1225
1679 1927
1331 1019 1096 1628 1963
1842 1096 1888
449 508 1014
472 1563 1793
779
1995
1558 1749
1146 1223
1754 1223 1307 1309
395 1023 1680
667 983 1023 1593
908 1752
927 545 782
1648 708 782 1841
310 499 607 972 1828
499 1845
607 420
972 1845 1859
1828 1845
1000 1067 1176 1765
1067 663 1029 1422 1432 1930
1100 338 1147
1277 1006 1031 1730
1432 338 1176 1422 1765
1990 1620
1326 1209 1223 1307
1439 1307
316 1244
1244 687 1153 1319 1638
1460 1967
842 1357
1834
1381 669 784 1066 1859
1811 486 1845
1624 644 1191
325 1914
1914
618
1508
327 1115 1793 1994
1115 1327 1821 1833
1793 550 735 1365 1930
1994 818 1327
1307 518
1402
1405
890 612 720 1745
1066 1214 1845
1372 469 813 859
1935 687 1153
1680
612 1745
1299 1023
1745 486
1019 1888
912
338 1399 1765
1399 1037 1765
1765 1037 1147 1422
806 481 1357 1620
1267 1766
1620
508
533 469 588 876
1014 1203 1552
1191
1271
1451
1959 942
378 1117
557 545 1514 1660
641 1234 1514 1841
1841 560 1234 1514 1660
1154 1009
1042
798 545 590 1904
922 1904
1497 1012 1251
1927 1840
884 1656
560 708 1660
590
469
765 474 865 1510
1035 818
1203 588 1192 1380 1552
1795 1218 1401 1510
399 870 1467
549 692 1612
692 444
1612
1369 1614
413
1563 1930
545
1904
1821 1015 1614
1627 1752
826
1493
1634 1117
1006
1505 1538 1629 1730
1117
1713
403 1986
1986 1012
727 731 1365 1380 1440
383
1029 1422
550 735 1305 1930
818 735
1930 735 1037 1422
1225
1175 757
1766 1357
770 1965
1614
663 1037
1463 1734 1878
1638 1666
1666 1319 1940
1023 983
1985
1031
870
1467
1476 490
1963
1682
1085 748 1032 1730
1209 501 822 854 1032 1730
1223
1015
582 731 1741
420 1845
1845 784 1859
1576 1192 1741
423
1309
1940 1319
588
631
929
520 436 684
1340 436 800 1142
436 1777 1857
1777 1908
1857 800 1142
687 1153 1349
1153 859 1349
1840 859
689
1349
992 481 1037 1626
1626 481
444 1565
1565
1009 1790
1752
474 1218
454
1730
784 1859
813 859
573 684
684
1354
1218
1044
481 1147 1422
1147
1422 865 1037
486 669
669 1859
1401
1503 1538
490
1021 522 707
1193 800
1037
501 822 854 1032 1201
822 748 1032
854 1187 1427
1032
1201 1877
1187
1427 1877
1365 1440 1741
1251
1967
735 1003
1003
515
518
800 1142 1908
522
1749
1142 1908
876
1510 1305
1380 1192 1440
1567
748
1629 1538
574
1305
1923
1878
1176 1437
1514
1660 708 1234 1338
942
708 1338
1859 720
1868
731 1552
1741
782
1833 1327
1928
603
644 983
1885
983
1234
1440 1192
1552 865
1656
1593
730
1937
865
1327
1437
707 1798
676
1538
1734
1207
1798
1338
720 1636
1636
1628 1096 1888
1319 1667
757
1965
1096
1908
1357
859
843
1812
1192
1214
1543
1888
1667
1790
1012
1877
1512
