0 14 110 145 160 179 190 300 362 434 498
14 25 26 61 173 281 297 353 362 408 444 469 497
110 10 19 59 63 114 145 148 205 301
145 10 59 88 140 205 301 362
160 6 17 19 61 157 177 281 285 338 447 482 483
179 18 26 38 63 120 190 269 307 479
190 18 20 38 63 140 149 202 241 334 409 498
300 140 175 177 334 338 442 482 498
362 152 269 301 314 338
434 17 196 314 409 432 438 498
498 16 59 196 221 236 344 409 417 458
1 27 113 161 176 223 288 339 372 433 440 450 486
27 7 55 67 264 287 446 464 486
113 46 161 183 433 472
161 78 116 223 339 365 404 433 470
176 67 87 119 228 244 356 446 450
223 32 66 226 228 287 356 372 418
288 46 66 107 108 263 372 384 486
339 40 119 183 287 365 391 446 450 486
372 90 116 118 128 218 229 230 262 263 287 387 391 496
433 45 46 365 450
440 106 119 163 218 262 263 266 283
450 116 266 318 470
486 66 108 226 464
2 17 37 53 100 167 168 202 236 267 296 451 494
17 10 38 100 167 175 177 199 202 205 221 236 269 363 409 435
37 43 75 101 137 154 167 184 236 239 267 291 346 360 393 462 494
53 101 104 154 167 267 307 358 409
100 101 149 175 221 281 338 351 409
167 196 254 307 314 344 346 360 393 432 438
168 33 75 96 154 175 234 239 254 257 276 291 320 346 388 417 438
202 3 154 175 320
236 38 101 184 239 314 344 374 435 438 442 449 462 474
267 221 281 296 307 346 392 449 462 484
296 33 129 137 239 250 374 474 494
451 33 120 125 154 196 307 320 346 358 383 388 458 487 494
494 33 43 75 175 196 299 393 432
3 25 47 115 172 192 285 298 401 482
25 62 172 209 221 341 353 355 408 447 479 482 495 497
47 15 56 62 65 98 115 125 127 165 285 342 408 414 420 457
115 62 104 192 203 342 408 424 479
172 124 125 209 281 338 353 482 483 485
192 6 15 54 92 175 200 257 285 298 388 447
285 4 33 54 125 209 241 242 401 482 497
298 15 22 48 104 147 171 277 338 342 370 383 388 401 420 448 489
401 15 151 165 415 448 483
482 9 38 177 242 281 351 408 423 479 489 497
4 10 15 54 65 124 220 242 370 408 495
10 49 59 114 131 148 294 301 334
15 19 22 157 203 241 331 342 370 414 448
54 56 61 173 207 242 281 342 479
65 44 124 203 242 266 331 391 408 448 485 495 497
124 12 19 57 61 200 220 330 331 367 472
220 79 138 209 244 311 378 382 447
242 6 61 104 352 355 424 479
370 98 127 128 171 207 217 299 448
408 44 56 62 165 495
495 56 62 261 330 414 447 457
5 69 76 112 428 453 455 463
69 112 303 453
76 82 112 211 325 419
112 41 83 369
428 85 117 329 335 340 368 419 455 465 471 490
453 213 335 336
455 289 340 357 490
463 50 136 238 303 426
6 104 177 299 338 342 353 363
104 63 75 175 177 281 443 481 497
177 33 62 114 299 307 363
299 38 149 157 175 196 257 281 319 363 424 438
338 19 92 149 173
342 61 157 281 415 424 483
353 165 173 209 281 424
363 38 75 215 314 479
7 21 90 163 185 187 198 229 235 240 263 295 375 377 379 461
21 32 90 132 159 185 187 259 271 295 397 427 430 448
90 80 128 163 187 229 235 243 295 364 379 397 460 477
163 118 151 159 170 198 214 229 235 286 379 470 477 492
185 206 278 321 379 403 405 427
187 119 151 198 214 230 263 264 286 295 364 373 375 477
198 68 98 151 245 286 293 295 337 375 461 491
229 74 80 128 142 151 159 216 271 305 321 337 379 460 461 477 492
235 97 119 230 286 397 492
240 11 32 80 103 135 142 170 243 246 271 305 340 376 480
263 45 71 218 283 387 446 477
295 71 93 159 271 308 364 375 379 427 477
375 93 128 159 165 231 283 331 341 395 477 491
377 64 108 142 335 480
379 11 74 80 103 135 142 151 170 188 271 399 461 473 477 492
461 48 74 93 142 151 243 405 460 492
8 30 51 143 186 265 290 312 345 459
30 77 84 133 143 224 256 265 348 454
51 84 95 133 178 309 326 345 366 400 407 454
143 86 89 95 224 256 265 270 345 348 349 416 445 452 484
186 24 77 169 204 212 348 389 392 400 406 452
265 36 43 72 86 133 256 270 309 333 345 431 437 445 452
290 204 250 333 345 350 402 425 478 484 487
312 256 345 349 366 400 416 452 459
345 52 89 94 153 178 309 366 452 484
459 133 178 256 348 400 416 452
9 22 91 92 122 200 241 322 395 448 467
22 48 56 92 98 170 193 241 249 258 315 468 489
91 194 231 257 258 275 276 357 368 374 411 417 468
92 61 96 125 157 241 350 351 417 489
122 43 164 194 241 258 277 292 304 412 436
200 97 108 128 147 164 165 249 293 337 448 460 485
241 48 61 97 257 258 279 412 436 468
322 11 60 225 305 313 315 465
395 103 136 159 278 313 327 405 420 473
448 48 97 125 165 293 327 414 415 467
467 48 103 171 278 327 399 468 489
49 56 59 131 301 334 343 385 441
59 16 114 140 148 152 205 233 334 385 444
114 20 140 148 152 297 317
131 16 20 73 88 282 334
148 16 26 63 208 233 444
294 19 44 62 173 209 317 382 447 497
301 18 205 233
334 63 120 149 317 343 441 443 476
11 85 151 211 225 258 328 381
85 82 99 117 335 381 419
151 80 98 103 142 218 243 271 321 337 373 491
211 60 64 99 117 197 289 325
225 41 159 260 274 278 284 303 327 471
258 48 102 105 164 165 188 436 489
328 13 41 135 422
381 41 60 64 83 227 232 305 340 480
12 44 56 79 244 330 355 367 404 472
44 79 138 173 222 330 415 469 479
56 39 222 311 447 472 479 483
79 40 57 118 218 317 330 331 361 367 418
244 146 222 330 361 367 414 447 472 485
330 26 68 106 109 222 261 361 378 443 447 472 483
355 39 109 138 173 261 311 361 382 418 476
367 29 40 118 146 201 230 261 365 404
404 42 46 106 218 222 261 262 318 356 391 398 464 485
472 165 173 222 266 414 485 489 491
13 41 249 340 471
41 58 142 272 468 471 490
249 97 164 245 278 337 420 485 489
340 99 117 329 490 492
471 99 164 274 284 327 376 422
26 63 281 297 444 469
61 147 165 171 203 261 266 293 415 447
173 127 138 233 297 469 483 497
281 19 88 125 209 215 217 424 447 479 497
297 16 63 152 409
444 16 125 138 146 199 209 233 317 361 443
469 39 109 127 138 209 331 382
497 19 205 209 382 385 418 483
19 42 62 209 311 443 483
157 120 139 314
203 97 138 217 261 331 341 373 382 414 447
331 68 261 391 414 418 447 485
414 183 261 266 293 415 485 489
16 63 120 317 447
63 39
120 221 269 307 409
317 138 361 443 457 476
447 146 201 207 233 373
38 73 140 149 152 196 221 435
175 149 154 205 269 307 409 435 462
199 127 233 382
205 88 152 208
221 196 409 435
269 208 385
409 184 208 308 314 346 435 442 458
435 43 208 351 436 479
18 88 149 308
88 282
149 383
308 105 147 231 291 319 383 388
42 183 228 262 318 356 391 485
62 207 311 378 483
209 127 443
311 39 78 109 127 138 217 222 361 378 429 483
443 109 138 217 222 248 382 424 457
483 217
20 441
441
32 71 108 214 403 430 460
132 55 108 259 371
159 259 364
259 74 119 170 214 243 271 286 321 337 397 460
271 74 93 103 135 142 170 278 321 341 399
397 71 93 226 264 427 460 492 493
427 93 135 170 460 477 485
430 71 119 214 278 403 493
48 97 98 147 315 412
98 97 135 147 364
170 74 80 81 93 103 228 243 278 491 493
193 102 150 181 376 410 468 484
315 165 278 305 313 327 337
468 96 164 231 277 412 420 465 481
489 147 231 399
23 28 35 102 123 141 194 255 292 332 368 411
28 52 141 189 309 396 411 421 499
35 58 123 141 164 237 332 380 411
102 255 304 306 421
123 36 70 121 180 247 251 380 394 407 410
141 111 156 174 332 368
194 277 291 374 465
255 292 376 394 417 421
292 96 231 257 306 376 421 481
332 164 284 306
368 60 284 465
411 105 121 219 251 499
24 210 219 270 275 276 304 323 333 350 402 445 452 484 487
210 34 36 72 84 86 247 396
219 36 70 86 95 212 247 251 270 280 396 423
270 84 86 95 247 256 309 323 333 366 390 416 445
275 204 239 333 366 394 402
276 130 234 279 291 488
304 105 204 247 254 279 333 386 421 431 466 478 487 499
323 72 237 250 279 346 350 389 445 488
333 36 72 86 169 348 350 445 484 487
350 72 77 95 133 180 191
402 36 75 94 130 181 204 250 306 478
445 84 95 129 180 309 348
452 52 77 84 133 256 348 400 423 484
484 189 250 346 406 487
487 130
341 252 266 477
479 378
55 67 108 226 264
67 118 228 252 286 446
264 29 71 162 283 403 470
287 29 57 108 119 183 218 266 293 356 378 391 398 470
446 106 119 226
464 66 87 97 107 183 398
52 86 89 94 180 212 256 366 400 407
189 130 306 396
309 72 133 178 239 392
396 34 36 191 212 247 279 386 423 431 499
421 105 130 251 279 359
499 70 247 431
29 57 78 378
57 46 109 146 183 418 429
78 496
378 429
77 94 178 348 366 431 488
84 94 178 256 390 400
133 34 72 178 180 191 454
224 129 234 326 392
256 86 348 390
348 169
454 392 478
31 71 134 142 206 214
71 226 403
134 158 206 352 371 492
142 74 80 81 103 135 165 243 492
206 162 214 371 492 493
214 108 405 477
108 87
403 106 218 373 496
460 74 93 103 283 286 321 373 399 477
33 43 75 254 319 320 346 423 488
43 75 234 254 358 389 458
75 129 257 346 358 425 437 478 488
254 129 291 302
319 137 139 257 277 374 388 417 436 437
320 101 137 154 388 437 478
346 129 239 250 291 358 393
423 204 234 406
488 204 250 316 326 358 406 478
34 86 95 280 366 431
86 153 181 212
95 72 89 169 191 416
280 212 466
366 36 94 180 400 416
431 36 180 191 212 247 386
58 195 232 359
164 388
237 150 279 306 359
380 105 130 306 357 376 394 410
36 191 279 466
191 70 72 234
279 130 150 247 466
466 94 121 212
101 139 196 432 438 442 474
137 129 139 239
154 139 239
184 196 208 442 462
239 360 449
291 96 234 277 388
360 129 326 439 449 462
393 139 196 307 326 388 442 462
462 307 432 438 439 442 458
73 282
140 152 282
152 343
196 307 344 438 442 458
39 248 361 382 429 458
248 361
361 457
382 109 138
429 109 146 418
458 307 314 344 432 438
40 66 68 109 155 252 262 283 356 457 496
66 107 230 470
68 45 155 201 230 266 373 415
109 127 155
155 230 252 261 262 318 415 496
252 116 183 218 228 266 318 356 373 391 398
262 45 183 228 318 387 391 470 496
283 106 118 119 207 218 365 387 391 398 485
356 118 228 318 364 387 398 496
457 127
496 106 245 318 365 391 398 477
272 60 99 232 477
490 82 83 103 135 227 310 456 493
183 138 201 228 230 318 365 387 391 398
228 106 118 146 318 387 391
318 46 106 391 398
391 106 230 365 387 398
485 147 222 261 415
234 130 204 250 406 417 425
358 94 326 349 392 406 417 425 439 449 478
389 208 392 406 425 478
138 217
222 217 415
415 266
45 46 365 398
46 365
365 106 373 387 398 470
398 106 116 201 373
125 424
127
165 245 293 399 424
420 97 207 245 305 473 481
97 171 231 245 293 321 473
147 118 171 293 337
412 74 231
343 385
385
50 83 117 195 238 347 354 369
83 126 238 336 359 475
117 64 136 274 303 325 426
195 136 238 303 325 369
238 303 329 336 354 426
347 336 456
354 182 197 329 413
369 456
178 89 94
326 139 406 425
400 416
407 416
89 72 180
94
180
212
307 139 351 442
207 418 473
226 371
146 128
418 128
232 136 303
359 70 121 422
233
60 260 274 313 465
260 231 305 313 327 465 492
274 64 336 422
313 321
465 436
171 128 135 245 337 364 491
261 201 266 364
266
293 302
64 93 335
93 216 337
335 99 227 310 493
107 384
230 201
470 106 116 387
118 119 218 364 387
286 321 364 373 399 477
201 364 373 387
373 119 321
303 126 284 336 419 422 426 456
70 153 251 324 386
153 72
251 105 394
324 166 247 316 386 410
386 166 410
72 390 478
390
478 169 406
282
74 80 103 135 243 321 473 492
80 135 216 278 473 491 492
103 81 135 216 246 399 492
135 81 216 245 246 253 337 399 493
243 81 82 245 289 480
321 82 144 216 371 491 493
473 106 337 491 492
492 162 216 399
129 169 406 437 449
257 268 374 383 417 449
425 349
437 383 417
82 144 310 405 480
325 289 475
419 197 213
218 119
216 352 480
278 246 327 357 491
491 245 337
81 399
399 246 364
144 227 352 413
310 413
405 162 371
480 99 289
126
336 456
475
99 213 289 352
181 231 268 376 406
87
128
364 119
477 174
231 130 139 188
357 96 277 305 376 436
374 383 417
417 277
96 188 268 436 481
351
337
169 406
416
188
268 111 139 204 277 306
436 130 277 302 376
481 277
245
213 426 456
289 352
352 413
139 250
432 438
438 314 344
442 208 314
474 208 344
306 284 410
246
105 394
394 130 247
106 116 217
116
217
384
111 376
376 410
424
136 305 329 456
426
119 387
387
121 150
150
277 383
247
410 204
406 250 344 349
449 349 439
130 215 302
215
302
371 493
158 227
253 227 456
493 273
305 327
329 456
456 197
250
156 284 422
174 162
349 439
227
413
208 314
383
284 422
422
314
162
388
166 316
316
344
182
204
392
197
327
273
476
439
