0 16 50 95 118 191 272 294 334 388 457 459 476 493
16 12 90 294
50 30 215 219 359 490
95 76 98 255 322 326 378 387
118 23 30 57 104 112 129 290 390 420 427 467 493
191 82 124 227 255 294 385 443 476
272 70 98 101 173 181 286 288 334 351 443 445
294 21 23 57 65 77 82 227 388
334 65 70 98 101 124 206 219 288 290 326 426 437
388 21 90 227 387 459 461
457 65 68 78 85 92 100 112 129 156 252 351 408 442 479 490
459 21 124 246 435 470
476 65 165 378 435
493 3 5 30 65 443 484
1 93 214 339 390 485 490
93 48 197 237 268 354
214 23 57 77 225 339 390 410 420
339 25 67 85 209 252 268 270 276 281 320 328 373 423 473 491
390 104 215 359 410
485 25 59 106 237 271
490 215 281 319 338 420 467
2 19 31 64 114 185 242 280 284 298 318 336 405 419
19 58 74 99 226 345 352 356 368
31 10 36 58 61 122 153 253 356 360 409 419
64 58 63 134 184 244 318 364 413 453
114 36 51 96 155 175 222 248 303 348 357 419 489
185 53 105 111 280 360
242 53 58 74 171 212 253 336 345 372 453
280 36 153 226 343 357 360 364 372 453 495
284 36 53 73 153 155 170 186 244 247 336 337 357 364 453
298 53 74 143 155 212 343 352 431 432 480
318 6 9 10 53 97 132 144 153 155 178 213 229 244 336 372 413 425 428
336 97 111 133 178 203 212 244 372 428 499
405 42 96 160 175 182 248 269 287 386 418 480 489
419 74 122 183 192 253 409
3 68 70 129 150 173 216 246 267 328 351 361 408
68 5 52 109 215 282 359 452
70 8 14 144 146 149 200 206 233 286 304 328 331 361 374 396 434
129 30 109 201 219 267 374
150 39 85 98 100 155 164 167 198 229 234 239 254 263 382 442 473
173 14 78 142 201 256 282 408 443
216 116 130 180 211 264 274 342 366 444 463 481 483
246 30 78 98 109 181 219 288 359 439
267 52 142 200 351 374 408 479
328 59 78 92 109 156 167 209 281 381 408
351 14 52 78 90 98 101 142 181 201 359 439 445 464
361 14 39 98 111 125 200 297 331 338 381 383 396 434 437
408 48 78 101 156 167 187 225 252 281 288 290 369 382 399 426 442
4 17 96 105 121 157 164 195 247 276 370 411 430
17 18 24 51 60 179 182 306 333 344 407 472
96 46 73 175 186 204 248 263 296 306 348 357 402 409 489
105 7 138 160 229 247 248 306 341 343 428
121 26 60 157 179 218 240 259 344 347 365 391 407 411 438 497
157 28 137 158 177 365 430
164 18 136 148 196 213 239 302 389
195 26 35 40 88 218 293 472
247 138 160 218 248 263 287 296 302 333 343 430 489 497
276 47 92 136 137 213 231 254 350 369 382 386 425
370 11 24 79 141 179 182 275 323 357 358 403 407 430 440 454 460 480
411 33 40 88 177 210 324 365 384 498
430 137 160 218 287 305 333 418 449 477
5 101 112 113 201 209 225 230 281 290 359 468
101 14 103 156 181 286 359 366 381 439 445
112 57 109 181 201 219 230 282
113 49 154 168 197 270 271 313 330 346 397 447 496
201 48 104 156 230 252 288 290 376 465
209 104 110 187 219 252 373 381 394 445 451
225 48 111 268 270 320 371 410 447 465
230 30 65 104 215 281 452 479
281 78 109 354 442 451
290 109 142 292 320 359 479
359 27 30 124 270 426 427
468 25 69 92 132 241 299 447
6 99 110 115 161 178 212 217 229 258 296 437 453 495
99 54 58 72 83 194 212 226 366 368 395 422 482
110 14 22 144 178 217 249 274 326 396 458 499
115 18 39 71 111 170 188 213 239 263 295 296 297 348 393 465 491
161 39 111 128 155 178 189 217 239 258 260 393 400 432 436
178 36 47 100 167 228 229 297 431 436 442
212 46 53 74 111 133 136 143 226 263 357 364 367 368 431 495
217 41 53 111 125 189 203 314 499
229 155 183 248 249 372 393 400 453 486
258 8 22 39 41 71 111 155 170 196 219 295 428 431 458 499
296 51 71 138 188 198 341 372 393 442
437 36 91 297
453 47 133 189 297 333 409 413 431
495 9 78 147 192 253 393
7 22 39 132 196 198 239 249 260 263 393 400 432
22 8 18 128 133 295 399 456 458 464 499
39 51 85 111 187 263 340 393 400 436
132 100 144 154 167 187 200 260 295 362 374 381 400 451 458
196 51 302 332
198 18 28 85 142 144 158 187 254 295 340 343 400 432 442 458
239 136 138 188 297 350 394 462 480 486
249 18 51 136 187 263 295 389 424 473
260 18 127 187 221 295 373 382
263 51 170 207 332 372 393 399 432 486
393 306 382 432 442 456 491
400 47 302 372 425 432 491
432 128 151 213 302 413
8 128 130 155 219 297 314 374 399
128 52 91 295 297 395 399 499
130 146 211 338 342 383 464 484
155 41 189 297 357 372 406 413 431
219 103 142 200 233 297 399 452
297 144 314 434 465
314 41 396 484
374 85 142 362 399 451
399 103 366
9 41 63 264 304 395 463 483
41 312 499
63 54 86 87 117 131 147 159 184 208 228 274 335 417 482
264 125 171 184 395 455 463 481 483
304 86 100 125 126 192 233 398 445 481
395 126 193 482
463 126 193 257 444 455 483
483 54 147 192 233 366 455
10 53 83 122 143 316 337 343 352
53 97 183 253 308 352 364 431 444
83 43 122 226 337 356 364 401 469
122 58 134 308 352 356 360 421 489
143 46 171 208 226 315 316 345 375 482
316 43 46 58 74 308 337 406
337 61 356 469
343 73 183 287 303 332 333 403 418 425
352 61 74 134 194 308 341
11 20 44 139 141 179 182 305 324 377 403 438
20 44 137 139 179 344 407
44 32 56 60 108 139 141 218 240 305 355 377 407
139 60 108 210 243 344 349 377 403 440 446
141 56 240 278 347
179 37 259 277 305 333 348 377 391 440
182 204 283 323 348 358 384 402 440 454 460
305 84 151 224 240 259 283 302 303 306 347 365 380 438
324 108 120 278 379 446 478
377 56 120 358 403 440 454
403 60 88 108 240 355 379 478
438 80 88 120 234 261 277 293 329 347 365
12 90 414 435
90 82 378 414 471
414 82 227 387 435
435 288
13 80 88 108 277 478
80 190 277 347 355 492
88 102 120 224 277 355 365 380 407 446 450
108 42 60 240 243 349 407 446
277 210 259 347 391 497 498
478 60 120 243 347 446
14 149 200 288 326 331 338 443 445 464
149 52 109 227 286 398 439
200 52 91 124 146 187 286 381 396 398
288 52 98 181 320 426
326 15 124 202 255 410
331 91 192 233 286 366 464
338 15 116 146 180 206 383 398 461 484
443 181 286
445 103 142 181 233 282 434 451 461 465 479
464 135 206 312 342 366 484
15 21 124 206 392 439
21 322 412 461 484
124 67 252 286 398 439
206 98 286 312 366 398 434
392 135 202 255 322 412 470
439 156 387
18 302 386 458
24 222 348 358 384 402 407 454 460 480
51 36 73 287 303 306 348 418 425 460
60 177 259 275 323 497 498
306 73 287 341 402 454
333 42 160 222 248 329 353 425 454 497
344 177 222 251 391 477
407 177 222 323 460
472 26 35 40 275 293
302 71 136 138 158 213 321 382 477
386 62 137 213 250 254 295 353 391 450 460 462 486
458 144 148 187 381 436 442
58 86 253 308 345 368 487
74 46 72 226 253 345 364
226 54 194 233 253 356 368 375 487
345 61 194 253 368 487
356 72 208 308 315 401 469 487
368 117 171 315 406 416 422 487
137 28 73 127 151 234 275 365
322 165 202 398 412 470
412 76 202 461 484
461 116 165
484
133 183 189 244 360 413 431
295 100 187 479
456 151 231 254 317 340 389 486
499 46 111 189
23 104
104 77 78 156 282 292 354 426
222 188 248 341 402 418
348 97 175 240 303 341 353 425 454 460 480
358 218 244 440 454
384 42 79 454 480
402 251 323 341 418 440 460
454 32 42 480 497
460 283 287 480
480 42 79 170 175 186 323 489
25 69 207 299 346 369 371 376 423
69 59 197 271 310 313 330 346 397 474
207 29 81 174 236 266
299 106 154 167 221 231 313 340 376 451 491
346 52 89 174 232 301 313 474
369 151 254 292 373 442
371 27 59 100 169 268 271 292 307 362 410
376 34 271 279 340 397 423
423 45 67 154 199 254 279 340 373 389 491
26 35 119 177 218 259 293 317 329 391 404
35 300 329 347 380 498
119 33 45 81 145 152 176 190 261 317 404 424 466 492
177 62 176 210 261 353 365 391
218 37 84 176 210 259 275 497
259 37 45 210 236 353 365 391 449
293 62 365 391 492
317 28 40 152 162 190 224 291 300 329
329 37 347 380 424
391 37 210 275 347 365 497
404 45 162 265 285
27 48 49 109 205 221 237 292 327
48 49 59 67 106 172 199 231 279 325 410
49 57 59 94 169 237 271 496
109 142 396
205 34 77 268 279 320 354 410 415 427 475 496
221 55 231 241 279 373 394 475
237 215 270 292 496
292 34 197 199 232 271 447
327 75 311 330 397
28 102 145 261 275 353 424 425 442 449 450
102 62 158 160 234 321 449
145 210 283 389 450 498
261 45 62 176 188 275 449 466 498
275 148 347 450 492
353 56 151 158 160 213 234 321 462 491
424 47 85 151 234 321 330 477
425 47 97 138 303 332 413 486
442 144 187 373 394 396 451 465
449 62 151 210 254 300 477
450 62 321 466 477 498
29 163 289 309
163 81 224 266
289 81 107 235 266 309 433
309 81 235 236
30 57 67 215 319 354 426 467
57 319 410 420 426 427
67 85 103 167 250 268 279 320 321
215 77 307 320 354 452
319 354 410 420
354 106 452
426 307 410 467
467 65 256 387
36 47 203 274 357 436
61 46 131 159 186 193 194 208 274 308 375 469 487
153 43 66 134 357 360 409 421
253 43 46 194 274 364 375 416 487
360 43 46 409
409 43 134 186 308 413
32 278 349 379
278 349
349 243 441 446
379 84 441
33 45 152 300 447
45 162 190 285
152 40 162 190 350 466
300 190 265 448 477
447 89 168 174 245 301 313 397 496
34 169 197 291
169 89 154 199 325 362 496
197 271 279
291 224 236 241 427
347 120 162 210 240 365 380 498
380 37 84 355 446
498 176
47 158 170 188 213 332 486
203
274 54 72 117 184 211 228 315 375 422
357 183 204 244 413
436 117 138 375 381 431 489
37 176 283 341
176 240 365 389
283 240 497
341 42 269 287 418 489
38 168 220 311 397
168 106 232 311
220 174 494
311 75 223 245 310
397 94 174 232 313 494
85 144 151 154 381 473 475
111
187 92 100 144 167 389 473
340 40 224 234 236 268 415 475
40
312 91 140 146 180 233 366
42 79 251 269 323 440
79 248
251 269 321
269 175 213 323 440 488 489
323
440
43 186 469
186 183 248 367
469 46 208 375 406
56 446
240 84 120 355 446
355 84 446
162 190 285 429 492
190 241 429 466 492
285
46 66 208 406 487
66 194
208 131 367 401 406 416
406 117 194 262 367 487
487 194
158 429 477
170 138 183 332
188 138 486
213 71 100 136 382 486
332 73 97 175 489
486 73 97 136 287 489
59 199 270 427
106 270 410
172 166 232 245 415 433 494
199 268 279 362 410
231 138 148 151 254 466 475
279 167 241 268 362 474
325 156 167 373 415 473 475 491
410 256 307 320 420 452
94 301
271
496
73 248
287 250 303
303
418 97 175 204 497
52 78 98 142
78 144 156 252 451 479
98 91 286 398 434
142 103 396
97 183 489
183 244
308
364
431 244 375 413
444 126 140 184 193 366 422 455
54 72 117 131 184 193 211 257 335 417 481 482
72 126 131 140 184 257 417 482
117 87 171 211 413 434
131 86 140 184 257 481 482
184 193 204 211 228 335 417 481
193 86 125 140 211 455
211 171 192 228 273 366 482
257 87 171 228 335 417 481 482
335 86 140 147 171 194 366 375 482
417 482
481 87 147 171
482 315 401 416 421
55 174 232
174 81 232 235 266
232 75 223
446 120 210 243
420 307
427 77 256 270
86 126 147 401
270 77 256 268 320 452
497 84 175 210
159 171 315 363
194 375 421
375 315 363 401
62 210 254 477
210
254 154 321 394
477 382
87
147 126 228 315
228 171 273
134 244
244 71
413
65 471
471
103 167 465
167 71 100 252 473
250 127 234 321 389 394 466
268 224 494
320
321 127 148 151 350 373
282 156
452 307
310 166 223 245
313
330 75
474 89 362
144 71 100 373 381 383 465
146 135 180 286 470
233 92 100 125 189 398
286 383 398
396 465
434 181 451
71 136 154 350 382
136 100 127 138 350 365 382 473
154 448 475
350 151 381 389
382 127 148
126 135
140 125 342
248 175 204 489
75
76 82 387 470
82
387 181 385
470 116 165 180 202
77 256 307
256
307 181
156 165 181 252 479
252 92 381
451 92 373 465
479 92 381
492 389 448 466
81 236
236
401 367 416
84
151 127 224 234 362 389 394
381 100
473 92 373
475 148 224 241 491
120
224 241 394
365 160
89 415
415 241
378 227 255
91
92 373 465
373 127
465
301
255
175
204
489
398 116 383
366 383 455
422 315 363 416
100
181
160
234 389
138
428
107 166 223 245 266 494
166 223 245 433 494
223 245
245 433 494
266 433
494 433
243 441
491 148
116 135
135
171
466 265 389
421 363
123 367
367
125 455
455 189
127 394
394 148 389
342 180
383
362
189 273
315
389 148 265
180
148
227 385
448 429
372
165 202
429 265
363 262 416
202
433 235
235
273
241
385
192
416
238
462
441
262
265
488
