0 263 299 336 693 992 1334 1412 1754
263 299 619 682 693 706 1075 1754 1762
299 336 584 693 877 1224 1288 1334 1343 1366 1453 1729 1762
336 826 877 1249 1284 1597 1741
693 401 1100 1334 1366 1397 1517 1729
992 56 61 77 136 794 1253
1334 612 682 1224 1729 1958
1412 289 619 1012 1662
1754 593 877 880 1123 1224 1225 1253 1828
1 286 1634 1776 1968
286 203 359 648 709 1290 1298 1634 1968
1634 564 1228 1465 1953 1968
1776 141 581 778 985 1703 1779 1874
1968 141 318 359 447 1465 1542 1575 1716
2 78 744 767 954 1021 1023 1529 1649
78 526 954 1615 1628 1994
744 259 700 1434 1930
767 211 1615 1742 1768 1882
954 380 398 569 771 1085
1021 1052 1060 1114 1232 1378 1428 1479
1023 162 819 993 1196 1876
1529 211 259 524 1430 1479 1628 1731
1649 1437 1742 1876
3 873 1732 1794
873 534 550 742 851 1055 1174 1515 1578 1749
1732 24 34 1055 1126 1149 1515 1794
1794 1126 1596
4 274 300 425 454 517 591 636 710 1609 1612 1734 1992
274 256 949 1048 1527 1934
300 454 517 559 579 710 890 1177 1889
425 525 553 740 781 1078 1553 1600 1888
454 192 257
517 66 214 496 559 579 890 1177 1294 1609 1934 1992
591 121 173 257 1135 1201 1360 1367 1560 1673 1723 1948
636 182 379 530 564 953 1156 1717 1721 1782 1829 1917
710 96 349 410 579 806 1177 1269 1609 1734 1889 1979
1609 242 889 890 1177 1527 1645 1934 1992
1612 310 1367 1592 1599 1699 1721 1829
1734 1699 1979
1992 96 257 349 496 519 579 889 890 907
5 88 393 665 1137 1547
88 393 822 1610 1801
393 832 1610
665 1653 1767 1837 1949
1137 113 245 613
1547 1049 1162 1496 1947
6 1220 1592 1673 1755
1220 137 470 1401 1496 1735
1592 114 549 799 1704
1673 114 1534 1764
1755 369 1764 1837 1919
7 233 876 1857 1915
233 248 277 278 493 531 540 737 876 1051 1354 1536
876 278 1536
1857 179 589 596
1915 277 278 493 748 1120 1536 1698
8 680 1444 1490
680 31 250 626 942 963 1153 1170 1318 1460 1554 1577 1999
1444 228 250 305
1490 19 388 1242 1577 1964
9 90 92 293 385 1316
90 403 1061 1208 1313 1316 1749 1941
92 210 293 1008 1172 1451 1749 1827 1914
293 720 1061 1289 1914
385 758 1008 1061 1728 1827 1914
1316 67 407 720 1218 1252 1487 1508 1567 1760 1914 1941
10 132 156 426 511 863 1982
132 29 323 608 900 1431 1559
156 323 400 426 511 608 863 1980
426 11 279 349 511 781 1600 1642
511 323 1179
863 608 900 1808 1982
1982 175 1234 1783
11 87 111 464 724 759 1192 1616 1956
87 73 175 1627 1656 1912
111 231 480 523 905 964 975 1275 1616 1708
464 900 1082 1225 1616 1708
724 29 576 795 905 964 1616 1987
759 523 1708 1956
1192 73 128 138 196 480
1616 29 231 353 378 495 917 975 1225 1912
1956 167 231 480 602 617 905 1285 1808 1920
12 313 1264 1733
313 996 1387 1402 1562
1264 290 295 567 685 1297 1308 1672 1733 1955
1733 500 578 698 1243 1402 1770
13 513 904 1449 1772
513 1246 1420 1531
904 187 268 745 779 897 901 1664 1807 1971
1449 939 982 1246 1258 1324 1531 1844
1772 59 735 842 1715 1788 1841 1961
14 141 264 709 716 1250
141 581 751 909 1134 1874
264 1250 1703 1874
709 133 203 356 909 1369
716 20 266 356 739 1250 1257 1852
1250 26 181 846 1134 1369 1469
15 1077 1200 1221 1357 1461 1501 1765
1077 438 519 578 1035 1513 1955
1200 199 438 623 642 687 1034 1282 1501 1638 1765 1786 1988
1221 57 112 199 208 287 537 1007 1243 1513 1630 1786
1357 112 698 799 1917 1955
1461 129 199 957 1501 1513 1638 1786 1965
1501 57 287 623 1034 1535
1765 208 687 1477
16 432 1544 1942
432 408 507 1396 1759
1544 95 105 127 135 793 1197 1203 1423 1548
1942 684 1983
17 697 1865 1875
697 292 870 1330 1916
1865 164 486 501 533 725 857 1585 1834
1875 147 292 298 870 1336 1916
18 220 785 1005 1258 1937
220 123 239 307 834 835 927 1005 1124 1293 1937
785 123 750 1155 1268
1005 946 1268
1258 1324 1809
1937 239 332 399 750 834 946 1324
19 261 388 884 1103 1279 1528
261 190 273 388 461 654 1069 1503 1646 1791
388 30 207 1802 1840
884 239 255 402 587 796 865 1488 1507 1964
1103 140 255 678 865
1279 587 1328 1507
1528 207 618 626 1155 1840 1871
20 75 133 838 1369 1675
75 109 181 447 581 1363 1826 1896
133 203 1257 1290
838 23 909 1134 1257 1369
1369 1236 1469
1675 212 643 645 937 1029 1419 1491 1558 1702
21 510 629 674 902 1866
510 184 1076
629 45 1196
674 551 993 1374 1769 1866
902 551 569 888 1571 1589 1769 1866
1866 53 551 1094
22 102 871 1057 1138 1425 1556 1632 1800 1804 1892 1960
102 79 734 1138 1530 1800
871 614 656 1307 1311 1349 1989
1057 253 1017 1380 1530 1800 1960 1989
1138 253 1017 1380 1530 1800
1425 72 912 960 1311 1349 1556 1977
1556 614 1017
1632 486 857 870 1393 1468 1530 1804
1800 230 253 656 1380 1686 1960
1804 118 486 545 950 1145 1619
1892 79 912 981 998 1017 1081 1314 1530
1960 912 1311 1380 1631
23 638 739 846 1084
638 1163 1255 1469 1511 1718
739 26 181 203 356 1826 1852
846 26 583 708
1084 266 319 583 610 1718
24 774
774 1059 1295 1861
25 297 546 760 1122 1197 1248 1709
297 95 127 134 135 546 702 1122 1423 1452 1709
546 135 702 1046 1122 1452 1709 1743 1867
760 62 887 1561 1611 1984
1122 288 532 1238 1709
1197 95 793 1142
1248 48 127 468 532 1545
1709 127 662 1238 1867
26 356 708 782 1010 1134 1826 1852
356 181 909 1272
708 181 203 909 1257 1272 1852
782 212 434 583 645 1164 1236 1654
1010 447 1272 1298 1465
1134 203 625 817 909 1272
1826 139 229 581 648 985
1852 181 447 1163 1654 1702
27 434 485 937 958 1757
434 203 643 1558 1594
485 97 110 360 435 512 831 854 930 1029 1236 1661 1813 1935
937 110 528 583 1164 1654
958 252 435 852 1187
1757 212 252 643 995 1486 1537 1594 1819 1925 1927
28 1978
1978 67 390 499 541 677 1208 1259 1260
29 231 353 1273 1464
231 964 1778 1987
353 296 361 495 733 869 1808 1928
1273 196 367 378 1902
1464 417 504 1013 1107 1426 1459 1706
30 664 667 1265 1601 1678 1802
664 569 749 888
667 461 678 936 1265
1265 39 65 461 1006 1601 1690 1742 1876 1923 1944
1601 1006 1165 1581 1671 1881 1923
1678 250 547 707 847 963 1147 1153 1193 1463 1885
1802 654 1242 1344 1507 1791 1840
31 305 616 627 730 1050 1900
305 250 616 703 1050 1153 1193 1900 1995
616 193 504 518 668 925 1462 1890 1985
627 237 424 436 445 543 548 963 1104 1245 1301 1459 1579 1719
730 354 588 1463
1050 63 357 1104 1242 1554
1900 198 703 956 1140 1170 1554
32 1210 1903
1210 155 1184 1270 1450
1903
33 189 1524 1880 1894 1954
189 192 763 1135 1385 1599
1524 81 1495 1880 1919
1880 114 719 903 1495 1847 1919
1894 470 1801
1954 1088 1764
34 1933
1933 550 1515 1861
35 536 576 1082 1932
536 576 630 787 1595 1642 1778 1808 1967
576 617 869 905 962 1082 1225
1082 495 869 1225 1778
1932 480 694 1568 1569 1643 1773
36 131 967 1028 1470 1497 1641 1930
131 516 1271 1831
967 384 859 988 1798 1808 1902
1028 859 893 1009 1641
1470 85 279 400 661 896 907 1079 1119 1148 1591 1706 1736 1980
1497 424 516 881 1275 1641 1831
1641 47 474 988 1373 1751
1930 700 1085 1089 1430 1768 1994
37 736 1145 1543 1796 1945
736 118 164 298 1974
1145 780 1026 1044 1619 1945 1989
1543 1044 1074 1629 1633 1945
1796 118 545 552 950 1044
1945 522 1026 1619 1629 1633
38 333 672 965 1014 1378
333 217 931 965 1042 1399 1959
672 443 1014 1042 1207 1276 1839 1848
965 406 441 446 582
1014 406 600 878 1388 1848
1378 69 128 506 582 853 1327 1375 1656 1688 1822
39 756
756 850 936 1581 1859
40 96 349 519 527 914 1439 1560 1682 1704 1884 1917 1948
96 152 272 349 579 890 1294
349 257 496 890 1177 1367 1699 1889 1979
519 114 351 530 549 799 828 1110 1156 1429 1682 1721 1856 1910 1917
527 168 549 1682 1782 1891 1917
914 74 559 953 1439 1699 1704 1842 1883
1439 799 1110 1704 1721
1560 114 121 173 362 633 1135 1201 1367 1645
1682 114 1156 1521 1704 1856
1704 799 1110 1721
1884 368 542 882 889 1048 1111 1309 1687 1979
1917 168 182 690 799 1717 1829 1842 1891
1948 257 310 362 890 1721
41 108 418 962 991 1194 1474 1825
108 117 201 418 701 1075
418 83 302 460 701 706 991 1188 1568 1987
962 149 201 495 975 991 1188 1225 1474 1568 1987
991 185 701 917 955 1741 1825 1924
1194 149 456 617 795 975 1643 1912 1913 1928
1474 378 650 701 1825
1825 117 201 905 1188 1568 1729 1913 1987
42 745 1658 1722
745 268 1124 1414 1715 1906 1971
1658 901 1169 1753
1722 901 1032 1045 1352
43 411 514 1224 1366
411 585 1097 1278
514 1958
1224 56 60 222 289 628 1253 1729 1967
1366 706 729 804 1237 1550 1729 1924
44 137 230 776 1019 1621 1919
137 566 776 1001 1019 1626
230 1001 1626
776 864 1390 1564
1019 72 339 1017 1390
1621 437 470 1626 1851 1886
1919 72 470 1150 1239 1723 1764
45 162 211 461 1196 1671
162 211 474 551 569 1876
211 273 343 586 819 1133 1881
461 391 396 1006 1923
1196 284 551 993 1076 1769
1671 396 933 936 1358 1503 1581
46 660 798 931 1323
660 54 71 240 374 538 715 761 1323 1617
798 240 262 457 538 1323 1466 1668
931 163 538 945 1323
1323 374 669 1011
47 749 1133 1849
749 284 888 1849
1133 1665
1849 595 646 1125 1373 1386
48 143 288 621
143 487 982 1447
288 127 532 1545 1922
621 1091 1545 1644
49 1143 1525 1679 1946
1143 98 345 769 918 1129
1525 98 115 705 978
1679 115 311 705 810
1946 213 1803
50 1236 1418
1236 358 632 645 1290 1419 1654
1418 645 831 1037 1290 1299 1661 1697
51 248 596 753 1624 1635 1926
248 155 540 753 844 1598 1666 1976
596 805 1027 1835 1862 1870 1976
753 285 478 737 1051 1205 1536 1598 1870 1898
1624 948
1635 251 748 1160 1484 1815
1926 540 777 805
52 99 412 939 1115 1531
99 458 574 961 1185
412 498 939 1921
939 130 198 498 1531 1681
1115 209 373 455 703 925 961 1463 1480 1523 1651 1871 1921
1531 570 624
53 144 150 516 1341
144 1009 1127 1271 1415
150 377 837 895 1094 1822
516 895
1341 384 506 681 1271 1275
54 146 315 761 1659 1848
146 171 715 1030 1047 1149 1365 1659 1861
315 163 848 883 1073 1848
761 446 1771
1659 240 262 848 945 1047 1149 1365 1747 1861
1848 406 766 1120 1315 1354
55 210 951 1008 1451
210 365 403 598 827 952 1033 1845 1981
951 390 952 1451
1008 1289 1325
1451 598 1186 1289 1749 1827
56 372 604 612 1016 1053 1158 1253 1368 1519 1550
372 60 86 136 1132 1483 1550 1838
604 158 584 612 880 1288 1674 1729 1762 1853
612 60 126 289 628 1253 1997
1016 554 843 998 1393 1631 1812
1053 60 126 1253 1368 1489 1729
1158 222 476 843 976 1958
1253 628 717 976 1483
1368 61 77 843
1519 60 61 289 843 934 976
1550 60 1517 1674
57 129 408 623 642 1396 1638
129 337 913 1063 1263 1535 1789 1830 1887 1953
408 1282 1830 1887
623 199 329 1308 1404 1786 1908
642 1504 1535 1887 1908 1953
1396 337 597 1381 1575 1830
1638 469 544 1034
58 773 1966
773 855 1043 1966
1966 580 1206 1522
59 206 606 1414 1821
206 134 428 790 1159 1175 1447 1448 1514 1644 1730
606 1065
1414 247 1438 1563 1664
1821 130 268 489 755 1305
60 126 1483 1853
126 289 628 1288
1483 449 463 1100 1828
1853 178 342 729 1100 1288 1799 1828
61 325 725 727 998 1453
325 153 449 725 794 1393 1631 1958
725 153 170 222 815 860 1407 1833 1901
727 136 328 593 1132 1288 1489
998 472 475 1314 1990
1453 160 185 1075 1188 1597
62 157 193 282 431 562 609 728 990 1025 1131 1443 1873 1998
157 80 151 366 397 419 652 1020 1443 1727
193 125 465 670 676 1020 1775
282 575 609 990 1443 1873
431 125 670 1199 1443 1727 1873
562 291 768 812 1292 1506 1867
609 80 151 647 689 768 980 1409 1443 1576 1972 1998
728 101 236 968 1254 1392 1873 1985
990 354 419 575 594 872 1131 1443 1506 1748 1998
1025 80 419 872 1443 1727
1131 354 575 594 1409 1506 1790 1998
1443 354 366 419 670 689 768 872 1020 1873
1873 291 354 1985
1998 354 588 647 670 980 1693
63 494 543 548 691 1104 1153 1245
494 543 847 942 956 1318 1554
543 515 548 691 847 942 1426 1554
548 237 691 867 1022 1245 1459
691 237 942 1022 1104 1318 1523
1104 250 427 515 867 1462 1850 1885
1153 423 942 963 1170 1193 1405 1433
1245 427 1318 1459 1604
64 322 874 1267 1562
322 537 1035 1243 1607 1738
874 1216 1335 1527 1738
1267 438 567 578 1308 1607
1562 567 639 1387 1692
65 100 273
100 547 1646
273 190 1646
66 410 671 947 1309 1744 1996
410 479 525 1111 1177 1178 1493
671 214 444 896 1498
947 381 559 1111 1171 1309 1591 1744 1905
1309 444 559 889 926 1111 1269 1493 1744 1979
1744 294 1109 1111 1148 1269 1294 1905
1996 103 553 1442 1888 1889
67 390 499 911 1089 1108
390 407 1208 1218 1259 1508
499 148 541 732 911 1252 1567 1746
911 861 1487 1689
1089 771 1108 1843
1108 301 1573 1824
68 920 1065 1212 1438 1482 1520 1563 1618 1700 1715 1879
920 84 225 916 1065 1212 1246 1514
1065 1166 1212 1854 1936
1212 225 1520 1664 1879
1438 783 1854
1482 239
1520 842 1879
1563 842 1788 1854 1936
1618 421 735 1102 1352 1533
1700 1352 1460 1841
1715 268 1420 1854 1879 1906 1961
1879 640 816 842 1166 1350 1664 1788
69 184 506 853
184 506 853 1271 1399
506 1374 1959
853 128 377
70 163 443 534 1388
163 1388 1898
443 415 766 1223
534 1139 1172 1515 1760
1388
71 406 1149
406 277 600 1030 1395
1149 254 262 538 715 848 1011 1047 1313 1466 1711 1814 1861
72 614 981 1989 1990
614 339 656 1311 1349
981 734 864 1869
1989 1229 1541
1990 1017 1312 1314 1441
73 795 964 1188 1913 1950
795 201 964 1912 1913 1928 1931 1970
964 905 917 1056 1078 1225 1677 1912 1928 1931 1987
1188 142 617 650 1741 1912
1913 789 917 1931
1950 83 138 383 480 1319 1502 1656
74 799 828 862 890 1387 1934
799 360 928 1110 1156 1721 1842
828 379 530 1235 1687 1699 1842
862 379 714 1639
890 242 1177 1442 1842
1387 500 1007 1297 1911
1934 182 242 368 949 1003 1306 1402 1672 1687
109 139
181 335 1355
447 139 359 389 856 1228 1372 1465 1716
581 229 648 985 1130 1247 1874
1363 1098 1372 1805
1896 203 1290 1697 1707
76 380 573 658 732 1015
380 658 1060 1768 1994
573 1015 1052 1072 1251 1428 1904
658 283 338 1114 1232
732 1015 1072 1571
1015 1114 1232
77 775 1407 1468
775 328 794 860 1468
1407 153 188 222 501 503 1038 1329 1833
1468 521 829 1435
526 1165 1364
1615 850 1364 1637
1628 259 906 1060 1232 1768
1994 700 771 886 1479 1768
79 912 1017 1307 1312 1390 1530
912 253 339 864 1421
1017 442
1307 522 1222 1311
1312 339 924 1586 1851
1390 339 1421 1626 1851
1530 442
80 151 1775
151 260 366 397 1020
1775 465 588
81 245 633 1280 1534 1605
245 113 633 1419 1534 1764
633 875 1534 1764
1280 113 244 351 894 1106
1534 875 1235 1764
1605 690 1947
82 159 285 600 878 1160 1326 1445 1606 1740 1771
159 375 1027 1608 1740
285 251 439 478 589 748 1321 1484 1740 1870
600 1039 1223 1839 1929
878 478 748 786 1027 1205 1319 1740 1771
1160 737 786 1666 1740 1898
1326 179 251 748 1666 1771 1898
1445 83 216 456 491 938 1929
1606 251 312 456 589 1598 1608
1740 1321 1627
1771 1223 1598 1898
83 117 644 955 997 1970
117 149 201 460 706 917 1928
644 1319 1741
955 201 617 917 1056 1343 1931
997 729 826 917 1343 1970
1970 138 149 701 917 1912 1931 1987
84 225 735 812 1091 1175 1480 1545 1644
225 247 487 790 1514 1664
735 842 1533
812 269 594 1730 1748
1091 489 790 916 1159 1244 1516
1175 487 790 1159 1352 1644
1480 243 558 570 1161 1680 1693
1545 127 134 1142 1302 1867
1644 790 830 916 1447 1505 1730
85 197 444 661 907 1079 1408 1498
197 214 661 896 907 1177 1588 1736 1818
444 417 504 555 557 926 1067 1591
661 400 590 1119 1148
907 258 881 1079 1442 1591 1736
1079 1178 1798 1816 1818
1408 103 445 479 555 557 801 1148 1294
1498 103 781 926 1540 1645 1888
86 593 1288 1729
593 860 1435 1838
1288 224 628 717 729 1237 1828
1729 706
175 453 608
1627 216 1064 1321 1343 1397
1656 138 383 1039 1327 1822
1912 201 378 617 905 1928 1987
822 663 788 1090 1899 1949
1610 858 923 1088 1162
1801 174 204 836 1088
89 917 1075 1096 1100 1674
917 201 650 804 826 1741
1075 160 185 460 682 1284
1096 650 1100 1643
1100 178 224 429 717 729 1489 1517 1696
1674 178 302 460 650 880 1343 1370
403 742 851 1752 1760 1797
1061 440 720 762 952 1105 1218 1252 1289 1647 1728
1208 407 696 1313 1683 1737 1827
1313 440 1260
1749 720 1047 1105 1204 1218 1827 1941
1941 440 457 742 1814
91 94 188 202 311 1038 1151 1173 1440 1685 1705
94 164 910 944 1685
188 1440
202 490 505 1086 1362 1440 1475
311 505 918 1129 1648 1962
1038 620 910 1296 1705
1151 568 791 1705
1173 505 1296 1475 1895
1440 692 910 1086 1181 1475 1685 1720 1725
1685 308 692 857 944 1475 1705
1705 308 692 918
1172 363 497 807 851 1422 1792
1827 1573
1914 758 1613
93 309 493 1051
309 811 989 1190 1691
493 218 277 540 1120
1051 277 786 797 1205 1536 1598 1666
164 161 533 870
910 153 501 620 1093 1526 1834
944 490 1475
95 1142 1168 1302 1423
1142 662 793 1238 1922
1168 662 1040 1203 1332 1509 1548 1602 1785
1302 134 1238 1423 1452
1423 105 1238 1332 1452 1566 1602 1743
152 294 381 557 973 1013 1109 1111 1178 1333 1739
272 889 973 1670 1842
579 1699 1979
1294 103 214 1171 1178 1706 1745
97 358 528 643 852
358 110 852 1256
528 203 1491 1539
643 212 330 512 645 879 974 1925
852 330 632
98 115 653 810 1281 1787 1893
115 346 637 705 769 1893
653 769 1146 1191 1669 1893
810 215 346 929 978 1281 1620
1281
1787 346 705 929 978 1191 1620
1893 560
458 209 243 366 373 670 1140 1841
574 373 618 961 1185 1455 1680
961 651 1002 1680
1185 209 1454 1463 1840
547 741 824 1781
1646 190 654 1069 1155
101 294 381 882 1003 1183 1739
294 235 631 1111 1333 1426 1593 1739
381 1003 1111 1171 1494 1817 1905
882 949 996 1048 1402 1639 1687
1003 221 397 968 1183 1317 1739 1817 1905 1972
1183 1672 1817 1905
1739 280 1317 1333 1672 1763
734 657 1303 1311
103 572 801 1148 1177 1736
572 361 608 781 1066 1580 1778
801 462 881 988 1215 1337 1379 1798 1885 1939 1975
1148 400
1177 1745
1736 813 926 1493 1540
104 386 1112 1395 1399 1695 1726 1795
386 276 1112 1251 1726 1904
1112 1052 1219 1232 1399 1684 1701
1395 262 374
1399 276 446 466 1072 1571 1684 1701 1904
1695 275 276 374 446 561 945 1795 1904 1940
1726 148 1259 1567
1795 276 466
105 641 1332 1561 1743 1810
641 987 1020 1292 1300 1867
1332 662 1024 1566 1602
1561 685 1292 1552 1602 1611 1770 1984
1743 135 1238 1810
1810 532 652 702 1046 1203 1602 1714
106 841 1086 1895
841 213 1044 1129 1895
1086 482 918 1043 1296 1648
1895 545 692 857 1916
107 1054 1897
1054 816 921 1045
1897 816 1071
201 617 701 804 1056 1928
701 617 650 975
139 422 601 1542
110 645
645 1257 1925
480 167 1319 1677 1928
523 128 1920
905 378 460 1928 1987
975 120 149 869 1056
1275 331 681 895 900 1285 1920
1708 196 296 378 602
112 168 208 320
168 182 360 467 549 613 953 1110 1141 1156 1717 1829 1883
208 530 953
320 1029 1558 1661
113 635 1829 1947
635 369 983 1782 1883
1829 182 530 714 1241 1521 1883
1947 549 1110 1367
114 244 930 949 1495 1883
244 549 803 1235 1767 1782 1856
930 1106 1537 1707 1813
949 368 542
1495 1310 1564
1883 483 1156
346 1191
637 345
705 215 345
769 345 1146
116 329 389 649 856 1228 1465 1510 1575
329 649 1504 1575
389 856 1228 1383 1465 1510 1716
649 359 648 1228 1372
856 467 648 1029 1136 1372
1228 508 648 690 1372
1465 648 1298 1372 1542 1716
1510 1372
1575 318 359 974 1029 1230 1661
149 1987
460 120 158 650 804 1370
706 185 1762 1811
1928 617 877 1092 1987
118 1026 1044
1026 1382 1633
1044 533 780 960
119 200 1214 1270 1500 1526
200 1227
1214 186 376 459 568 814 969 1068 1346
1270 599 948 1004 1471
1500 169 186 1043 1226 1720
1526 568 620 1226 1622 1720
120 234 495 869 1225
234 787 1078 1432 1553 1600 1650
495 733 869 1078
869 733 1056 1643 1778
1225 733 1517 1778
121 173 362 983 1201 1360 1570 1599
173 310 613 983 1360 1888
362 1201 1360 1599
983
1201 195 1588 1599
1360 267 1564 1599 1723
1570 195 694 763 1735
1599 195 267 310 369 1135 1723
122 241 520 800 1152 1180
241 1080 1869
520 271 634 657 1686 1977
800 960 1686
1152 657
1180 404 634 723 1080 1590 1652
123 140 255 796 1058 1488
140 834 1058 1124 1155
255 191 587 754 1101
796 587 1328 1488 1577 1951
1058 190 399 587 607 754 784 1002 1124 1951 1957
1488 651 1147 1242 1268 1957
124 232 610 765
232 1255 1657 1712
610 583 1491 1718
765
125 221 260 471 588 670 689 980 1392 1455 1572 1872
221 236 518 942 1301 1392 1523 1572 1672
260 419 471 647 689 1199 1301 1572 1780 1985
471 1199 1572 1774 1985
588 1392
670 594 668 689 1907 1985
689 668 872 980 1727
980 419 465 594 872 987 1128 1340
1392 1254 1572
1455 209 243 465 1463 1693
1572 236 647 872 1254 1774 1890
1872 397 419 518 558 872 1748
289 628
628 826 1517
127 577
577 428 468 922 994 1427
128 602 1094 1375 1677 1959
602 1327 1375 1822
1094 167 377
1375 1207 1688 1959
1677 196 394 895 1920
1959 394 1117
337 611 913 1335 1759 1830
913 326 469 684 1000 1195
1063 544 611 1789 1830
1263 304 326 544 1195 1789 1887 1953
1535 469 544 1383 1908
1789 469 507 611 1371 1830 1887 1953
1830 326 601 957 1371 1908
1887 326 1195 1614 1953
1953 544
130 1305 1352
1305 1352
1352 755 1693 1921
1271 1374 1415
1831 331 474 895 1902
323 361 367 896 900 1179 1337 1783
608 361 1179 1234
900 196 908 1559
1431 400 743 859 1119
1559 1179 1808
203 266 583 1272
1257 266 1491 1702
1290 318 512 1029 1298 1661 1702
134 269 1238
269 417 575 1244 1660
1238 532 793 1730
135 1452
1452 702 1506 1714
136 328 792 829 1435 1584
328 792 1851
792 475 1586
829 794 860 977 1631
1435 178 387 1132 1441 1555 1584
1584 178 224 342 880 940 1092 1489 1773
566 1314
1001 923 1314 1496 1973
1626 339 592
138 818 986
818 1117 1319
986 1502
422 335 985 1098 1383 1542
601 469 687
1542 778 1716
834 191 971 1101
1124 207 399 865 946 1070 1155 1951
1155 722 1101 1577
751 1356 1476 1539 1836
909
1874 229 985 1247 1703 1779
142 429 694 943 1310 1421 1595 1773
429 694 849 943 1588 1773 1799 1847
694 943 1588
943 1837
1310 521 849 1564
1421 339 1239 1441
1595 903 1924
1773 650 1092 1588
487 605
982 165 919 1161 1505
1447 755 1159 1448 1514 1730
1009 395 1215 1373
1127 166
1415 166 384 474 1769
145 550 1011 1582 1613 1617 1668
550 171 363 742 1055 1174 1515
1011 148 622 1251
1582 171 254 392 541 742 1277 1617
1613 1663
1617 171 240 392 440 1174 1277 1466 1814 1861
1668 262 392 622 1814
171 363 742 1047 1204 1252 1320 1508
715 363 1047 1055 1105 1277 1747 1861
1030 1139 1320 1365 1711 1747
1047 262 538 622 669 1466 1711 1861
1365 883 1320 1711 1861
1861 457 1691 1711
147 170 292 347 950 1074 1213 1389 1916
170 552 1585 1901
292 298 857
347 482 1974
950 545 1074 1229 1916
1074 1229 1629
1213 545 1394 1585 1974
1389 345 1384
1916 161 1834
148 726 1219 1252 1289
726 477 696 970 984 1573 1689 1746
1219 677 1052 1424 1878 1904
1252 407 840 1033 1683
1289 840
1987 378
377 167 617 895
837 441
895 167 394 474
1822 746
366 647 1109
397 382 518 1763 1907
1020 1231 1297
557 595 1067 1107 1109 1178 1576 1593 1905
973 256 1494 1639 1670 1672 1692 1905
1013 417 631 764 1107 1553 1557 1780
1109 235 1333 1877
1111 214 1745 1905
1178 416 1593
1333 235 1817
153 222 476 815 1329 1833 1986
222 370 794 815
476 308 503 1093 1329 1622
815
1329 503 794 934
1833 620 1986
1986 350 620 934 1093 1720
154 187 405 779 897 1420
187 833 921
405 816 897 1071 1485
779 816 833 897
897 1169 1844 1971
1420 1045 1169 1854 1961
155 718 938 1471
718 529 713 941 1450
938 563 1004 1518
1471 334 355 451 565 713 770 948 1450 1518 1862
400 1939
1980 331 479
419 354 575 872 1161 1714
652 925 987
1727 594 1231
158 880 1597 1762
880 302 1092 1370 1799
1597 584 826 1284 1713 1741 1811
1762 1696 1924
375 312 737 1027 1862
1027 737 777 1120 1784
1608 439 589 1321
160 185 312 1662
185 584 804 826 1713
312 439 1331 1398 1417 1815
1662 826 1237 1713 1997
161 1382 1394
1382 545
1394 1603
474 859
551 1076
569 888 893 1266 1858
1876 391 819 993 1731
1898 251 786 1457 1784 1870
533 1585 1901
870 552 857
165 575 676 1340
575 291 1340 1748
676 243 558 925 1460 1748
1340 919 1748
166 384 424 1769
384 395
424 859 1902
1769
167 1902
1902
182 1156 1235 1521
360 690 803 1167 1429 1856 1891
467
549 928 1156 1235
613 1141 1235
953 1241 1521
1110 542 1721
1141 450 699 803 1106 1287 1491
1156 1521
1717 1167 1241 1842
169 1362
1362 809 969 1864
552 463 860 1393 1585 1901
1585 501 794 1724 1901
1901 501
363 742 1174 1508 1515
742 1055 1174 1277
1204 392 1055
1320 457 669 1174 1515
1508 1033 1105 1683
172 344 663 891 1080 1546 1927
344
663 788 885 891 932 935 1090 1590 1855 1869
891 420 634 885 1041 1750 1886
1080 657 1886
1546 174 686 1400
1927 352 488 1182 1256
310 257 1239
1888 279 1066 1600
174 404 1018 1949
404 657 1400 1590
1018 437 723 832
1949 615 723 1653
453 361 367 781 1066 1078 1179 1234 1499
176 252 330
252 836 879 1162 1182 1256 1411 1594 1653 1925
330 1176 1240 1355
177 1255 1356 1779
1255 321 1657 1710
1356 492 1836
1779 625 1539 1836
178 940 1239 1432 1517
940 849 1092 1237
1239 369 1723 1837 1847
1432 387 475 903 1401
1517 342 729 1489
179 786 825 1120 1205 1484 1598
786 251 825 1120 1205 1484 1536
825 1205 1502 1536
1120 1354 1536
1205 491 1484 1598 1870
1484 251 478 1536 1598 1784
1598 478 748 1223 1666
180 357 1170 1254 1459 1557
357 236 504 764 1301 1780 1850
1170 250 626 847 1140 1318 1405 1462 1523
1254 1199 1890
1459 972 1022 1462 1850
1557 235 417 504 590 1107 1593 1780
335 544 683 1383 1805
1355 1083 1176 1411
1235 351 690 1167 1537 1782 1856
1521 1687
183 457 1259 1260
457 538 622 1466
1259 677 762 1481
1260 440 1105 1683 1711
584 1713
804 802
826 619 682 1012
1713 682 1467
186 223 459 1097 1206 1640
223 317 814 1068 1346
459 1346
1097 355 1347
1206 281 580 1068 1522 1962
1640 265 969 1518
833 712 783 1144 1166
921 1045 1485 1971
192 257 525 1078
763 267 695 772 903 1723
1135 267
1385 787 849
190 396 618 654 1069 1791
396
618 207 626 752 1031 1140 1147 1871
654 824 1358 1507 1791 1964 1993
1069 343 865 1791
1791 1458 1882
191 364 1070 1969
364 303 678 946 971 1070 1690 1969
1070 1969
1969 303 933 1101 1993
257 1150 1367 1889
525 1442 1493 1745 1889
1078 556 787 1600
465 1748 1774
194 290 340 685 768 1231 1297 1552 1907
290 226 295 866 1000 1231 1576 1763 1770 1984
340
685 567 578 698 1308 1607 1738
768 1867 1984
1231 1046 1770
1297 1506 1576 1748 1770 1984
1552 226 1300 1611 1984
1907 236 872 968 1877
195 1150
1150 806 1723
196 1808
1808
214 361 409 813 896 1591 1645
896 1593 1706
1588 267 772
1818 1553 1706
198 207 373 570 703 956 1140
207 1031 1147 1840
373 423 498 651 752 1268 1318
570 421 489 498 946
703 228 963 1140 1463 1871
956 752 1318 1554 1871 1890
1140 423 1454 1463 1871
199 508 1136 1504 1607 1908
508 1473 1614
1136 611 1473
1504 326 544 1473 1623 1805
1607 578 1306 1988
1908 469 567 1282 1371 1623
1227 270 334 414 571 1184
617 1931
1056 650
490 213 918 1099 1648
505 482 1475 1803
1475 308 918
266 1419 1718
583
1272
204 723 885 935 1400
723 615 657 832 1322
885 788 832 935 1041 1359 1400 1590
935 352 657 788 836 1090 1590
1400 452 634 832 1162 1478 1886
205 497 827 1792
497 827 1845
827 1422 1647
1792 1845
428 247 468 922 994 1166 1427
790 605 1159 1730
1159 1505
1448
1514 1427
1730
1031 707 1348 1840
1147 423 741 752 1242 1454 1507 1840
1840 423 1242 1458
530 699
209 243 1871
243 455 668 1460
1871 455 752 847 1318 1523
365 1823
598
952 1186 1353 1981
1033 539 861 970 1325
1845 1647
1981 1113 1186
343 1458
586 284 893 1342 1858
819 524 888 1060 1731
1881 391 1165
212 512 974 1037 1230 1256 1654
512 318 435 974 1164 1813
974 435 1261 1925
1037 435 1230 1491 1661 1813
1230 1287 1558
1256 502 831 1209 1446 1594 1657 1718
1654
213 1384 1603
1384
1603 1974
361 367 1179 1234 1645
409 258 416 1442 1910
813 740 1179 1442 1745
1591 258 504 590
1645 279 1721 1745
215 1669
1669 929 978 1146
216
217 1052 1374 1688
1052 259 1072 1424 1589
1374 1676
1688 441 1042 1839
218 844
844 1198
219 1060 1072 1076
1060 1428
1072 1424 1940
1076 906 1684
239 1032
307 971
835 704 1551 1574 1809
927 607 784 946 1246 1345
1293 731 750 784 1118 1324 1574
236 764
518 847 1301
942 1193
1301 1107 1426 1462 1774 1780
1523 1426
1672 368 1048 1494 1527 1639 1692
370
794 977 1393
317 1068 1346
814 1864
1068
1346
224 387 1132 1828
387 472 1441
1132 339
1828 302 342 717 1924
247 821 994 1790
1664 842 1788
226 295 567 866 996 1576 1965
295 639 1576
567 578 639 687 1738
866
996 379 382 1527
1576 1763 1972
1965 578 957 1513 1955
227 770 1184
770 1004 1184
1184 713 797 1938
228 436 1462 1885
436 341 481 646 959 988 1274 1781 1850 1975
1462 237 341 515 867 959 1579
1885 427 847 988 1781
229 1383
1383 1247 1623
1778 367 849 1499 1636
1657 321 898 1469 1712
1712
277 737 1536
278
531 415 540 797 1351 1698
540 777
737 777 1784
1354 415 811 1698
1536 1666
787 695 903 1650 1889
1553 258 556 1600
1600 553 1540
1650 556 733 1580
235 631 972 1317 1780 1816 1877
631 280 504 867 968 1317 1426 1972 1985
972 504 764 1067 1107 1604 1780
1317 504 1426 1985
1780 462 504 1171 1604
1816 926
1877 1692
764 417 504 867 1022 1171
237 1719 1766 1850
1719 988 1215
1766 445 1107 1579
1850 423 427 515 847 1107 1579
238
1032 731 901 1574 1761 1906
240 262 538 622 851 1073 1105 1466
262 254 538 848 945
538 622 1466
622 1466
851 1752 1760 1797
1073 669 1466
1105 440 840 1277
1466 848 1139
1869 721 1764 1973
242 496 559 889 1269
496 416 1269
559 1842 1979
889 868 1670 1745
1269 868 1048 1527
455 423 558 1463
668 1890
1460 489 919 1161 1680 1681 1693 1921
803 351 1891 1963
1767
1782
1856 351 1167 1287 1429
1419 1491 1702
1764 719
246 858 923 1049 1090 1162 1261 1359
858 452 659 788 1049 1478 1653 1935
923 979 1088 1899
1049 788 1090 1162 1376
1090 488 788 1359 1376
1162 452 854 1187 1261
1261 1187 1537 1813 1819 1935
1359 1537 1707 1899
821 468 1427
994
1790 594 925 1409 1506 1602 1748
1666 478 748 1929
1976 563 805 1518
249 1416 1863
1416 327 1036 1291 1863 1868
1863 327 1036 1430 1637
250 626 847 963 1193 1318 1433 1554
626 847 963 1193 1433
847 515 1579
963 402 1433 1975
1193 1405 1995
1318 752 1274 1405 1433 1554
1433 1405 1909
1554 423 515 752 1344 1405
251 1457 1467 1952
1457 748 1870
1467 1064 1343 1811
1952 456
836 615 686 1512 1652 1855 1886
879 831 995 1377 1819 1935
1182 321 898 1925
1411 632 892 1209 1925
1594 831 995 1187 1377
1653 452 894 1322 1478 1756
1925 831 1661 1819
253 1349 1380
1349 1311 1380
1380 554
254 392 669 1055 1277
392
669
1055 306 440 1139 1797
1277 1139 1814
587 1358 1993
754 399 707 865 1268 1348
1101 1993
256 1494 1639 1763 1817
1494 1639 1692
1639 368 1391 1402 1670 1687
1763 1972
1817
1367 279 928
1889 1442 1721 1910
258 416 555 1171 1745
416 555 1493 1745 1910
555 926 1442
1171 1905
1745 1442 1493 1910
259 524 906
524 906 993
906
647 1199
1199 1890
1985 968 1774
1503 1454 1565
848 1747
945 374
619 877 1116 1123 1249 1286 1997
682 1064 1284
1703 625 985 1130
265
1718 1836
267
268 421 899 1166 1350 1854
421 712 842 899
899 1516
1166 842 1350 1533 1961
1350 640 1788 1854
1854
417 867 1107 1426 1593 1604
1244 925 1660
1660 872 919 1506 1748 1867
270 314 334 401 585 620
314 414 1064 1417
334 599 1087 1403 1667
401 802 1339 1417
585 1012 1116 1538
620 350 692 791 1296 1720
271 1095 1977
1095 1189
1977 634 780 1652 1855
1670 280 1048 1692
1842 368
1048 542 1402 1692
1527 542 1687
275 446 1814
446 466
1814 440
276 466 1701 1940
466 1676 1684
1701 561 1589 1878
1940 1251 1904
279 781
781 367 479 590 1540
280
281 324 711
324 580 809 1962
711 809 918 1043 1403
283 338 1436
338 1843
1436 301 700 1114 1434 1589
284
439 1784 1835
478 748
589 1518
748
1321
1870
359 318 1298
648 1372 1614 1716
1298 348
287
532
1922 1203
1000 535 1371 1983
1770 1984
1984 603 675
291 594 1867
594 354 1867
1867 702 987
298 1974
857 503 1834
720 407 758 1283 1325 1663
1426 1067
1593 504 926 1067 1604
639 1306 1513
296
702 987 1409 1714
1974
877 1997
1343
301 1824 1843
1824 477 771 984 1573
1843
302 1370
1370 717 729
303 1565 1581
1565 933
1581
304 1195 1371
1195 1614
1371 326 544 820
1995 959 1274 1781 1975
306 1760
1760
971 1328
308 791 1296 1622
791 692 1622
1296 692 934 1093 1622
1622 1720 1958
811 1456 1698
989 415
1190 1198 1338
1691 797 1059 1217 1295 1338
918 482
1129 1587
1648
1962 855
1331 1815
1398 599 1012
1417 414 941 1062 1116
1815
1402 450 868 1306 1391 1911
414 802 1116
1064 1339
883 415 1456 1698
316 738 783 1936
738 842 1071
783 712 1788
1936 1144
318 435
435 564 932 995 1187 1707 1813
319 352 1176 1189 1202
352 488 632 1189
1176 1083
1189 686 1413
1202 1083
1029 1167 1491
1558 1697
1661 564 1372 1491
321 1469 1710
1469 817 1163
1710
537 698 1630 1786 1955
1035 698 1687
1243 438 698 1583 1786 1988
1738 1308 1611 1988
367 1234 1540
1179
1337 740 1119
1783 430 859 908 1751 1939
580 855
809 568 1725 1864
449 1393
1393 501 860 977
1631 486 860 977 1093
1958
326 1282
1282 1477
327 1036 1291 1637
1036 1291 1430 1573 1637
1291 993 1434 1918
1637 936 1262
1851 472 521 1441
1240 1209 1486
331 1373 1379 1751
1373 481 893 1215 1379 1694 1939
1379 481 988 1215 1694 1751 1975 1999
1751 481 590 823 859 1215
332
1042 582 1839
599 1012 1278
1087 376 713
1403
1667 1538
544 683 1623
683 1098 1805
1805 1614 1623
1249 1012 1116 1123 1286
1284 1741
1741
611 1623
1335 1611 1785
1759 1381
339 442 924
442 1735
924 1401
341 590 1107
590 462 1119
1107 515 867 1604
342 717 729 1092
717 729 1092 1489
729 1489 1799 1967
1092 1237 1636 1967
1458 824
345 1099
1099 482
1191 1587
482 692 855 1803
348 1473
1473 1614
1699 1721
1979 595 868 928
350 503 860
503 934 976 1093
860 977
351 1106 1167 1891
1106 894 1537
1167 1429 1891
1891 690 1963
488 502 995 1446 1756
632 892
733 1499
354 1409
1409 987
355 451 941 1862
451 777 1625
941 805 1862
1862 1518
504
690 928 1429
1429 714 928
1234 595 1580
1174 1515
1515 1139 1578 1596
678 933 1358 1655
946 784 1154 1268
1690
1823
1540 1580
368 542
542 1391 1687
369 1723
1723 757 772 1564 1847
371
1838
423 1454 1651 1841
498 558 1324 1505
651 607 722 842 1002 1957
752 1651
1268 607 750
374
376 1278
1278 802
378
379 438 714 868 1007
438 500 1306
714 868 1583
868
1007 687 1404
1768 398 1428 1430
1905 1067
382
383 456 789 1327
456 1319
789 491 808 1319
1327 491 746 1039 1117
395
758 541 861 1121 1663
1728
1251 1589 1684 1904
1904 1479 1878
472 475 521 1735
1441 475 849 1401
1716
407 541 1663 1683 1746
1218 440 1532
391 673 1211 1882
673 700
1211 1006 1364 1758 1859 1991
1882 1006 1364 1437 1923
832 788 1886
394 1285
1285
398 484 850 1085 1430
484 1868
850
1085 1434
1430 886 1262 1428 1434
399 865 1951
865 1348 1964
1951 1328 1344 1507 1964
1939 445 462 881 888 1798
802 1116 1123 1286
1339 948 966 1004 1450
402 707 1344 1348
707 722 1328 1348 1577
1344 1507 1577 1964
1348 489 722 1002 1957
1752 1578
1797 1126 1422
657 634 721 1590 1652
1590 634 1376
816
1071
1485
541 762
1663 1325 1746
1683
1746 970 1283 1737
1442 1642
1910 595
479 740 926
1493
1921 919 1161 1693
413 936 1991
936 1655 1944
1991 1165 1364 1758
1116 1012
415 766 1456 1711
766 1207 1502
1456
1711
867
1604 1119 1579
1568 650 1569 1643
872 1748 1774
1161
1714
420 1750
1750 686 1083 1886
712 1807
842 1788
985 778 1247
1098
1454
1651
1841 916 1102
859 1386 1706 1798
553
740 595
1642 1643
427
468 1777
922
1427 640
849 521 1237 1812 1967
1799 1237 1735
1847 757 772 1735
430
507 675 684 1983
433 807
807
564 699 1241 1287 1299 1537 1549
932 1935 1963
995 1819
1187 831 854 1707 1935
1707 854 1820
1813 854 1537 1756 1820 1935
481 959 988 1694
646 893 1125 1999
959 515 1579 1975 1999
988 1215 1774
1274 1125 1781 1999
1781 1405 1975
1975 1579
437 592
592 864
500 1306 1391 1955
1306 1687 1955
1784 777
1835
440
441 561
561 1839
1735 595
1223 1502 1929
926
1067
445 881 1119
881 1119 1798 1999
1119
1372
448 509 675 1785
509 603 675 1040 1509
675 603 684 1381 1509 1566
1785
450 1911
1911 1391 1583 1687
777
1625 563 565
452 854 1819 1935
854 788 1322 1756
1819 502 659 1446 1478
1935 1299
1066 1580
1499
558 925 1748
1463
1319 491 1117
650 630 1569 1967
1006 1655
1923 1944
462 823
823 1022 1386 1798
463 977
977 1314
1748
1774 1506
1676
1684
1777
469 1034 1614
1034 957 1308
1614 1623
470 719 1837
719 875 1496 1963
1837
475 1401
521
473 492 1793
492 1163 1304 1476
1793
1401 1314
1093 934
477 771
771 1283 1481
1694
692
855
1803
483 979
979 1088
1868
831 502 1377
486
605 1516
502 788
1446
1756 1512
489 1505 1693
1505 919 1693
1693 916 1102 1680
491
1163 666 1476 1511
1304 999 1943
1476 666 817 999 1943
1324 624
1567
1391
1955 1308 1786
501
788 615 1478 1855
934 529 1834
976 843 1997
684 535 1983
1983
603 839 1566
1040 1024
1509 820 887
1164
1246 1844 1860
515
1721
634 1041 1652 1886
1686
522 960 1229 1541
960 1081 1229
1229 780 1303
1541
1920
993
1165 655 1758
1364 1437
1491 1299
1539 915
529 563 565 571 713
563 805
565 713
571
713 805
699 1241 1287 1549
797
1351
1698
1139
535 820
820
630 556
1967 1569
698 957 1988
1630 1404 1786
1786
539 840 861 1283
840 861 1689
861 984 1121 1283 1737
1283 696
762
1687
1623
545
1046 1292 1506
741
824
1022
928 615
554 1586
1586 1314
556
595 1580
925
560
1839 582
1292
1506 987
805
1241
1287
1299
1537 1820
1549
1314
578 1308
687
568
888 1342 1858
893 1858
1266
1858
1580
1428 886 1114 1571
1680
1308
1130 625 1247
1247
582 746 1039 1207
746 1207
1039
1207
1012 1472
1538 747
1342
1358 1577 1846 1944
1993
1518
864 656 1311 1724
597
1929 808
839
1566
1516 916 1144
607 750
750 1551
1972 968
1997
656 1081
1311
615
1890
1931
1123
1286 1062
1720 1226
1404
624 1806 1957
1806 1574 1809
1957 722 1154 1345
625
1579 1909
968
892 898 1209
875
1041 1652 1886
1652 1886
1886 1855
1511
1513
640
987
1300 1024
1125
1999
1569
722
1002
1146 1522 1587
1507
1964 1577
655 1758
1758 845 1918
1081 721 780
721
1114 1532 1571
1232 1434
659 1157
1157 686 1413
662 887 1548
887
1548 793 1024 1203
1855
666 999
999
1276
700
1381 1611
677 1487 1532
1487
1532
933
1655 1859
679 1665
1665 1437
1577
681
686 1376 1413
1376
1413
688
1397
695
696 970 984
970
984 1481
1330
957 1216
1988
704 1809
1809 784 1551 1753 1844 1860
1811
1328 1242
806
1043 1522
1807
1583
1747 1878
1489
1450 966 1004
1496
1963
1325 1353
1322
1573
1689
731 1574 1753 1761
1574 1345 1844
1753 1345 1761
1761 1118 1345 1551 1788
1571 1424
1303 1832
1533 916
743
1434 1262
1906 1961
1971
747
1551 784 901 1345
1836
755
1859
757
1121
1611
772 1555
903
1502 808
1742
1004 948
1481
1555
1059
1295 1217 1338
1564
778
780
1788
784 1345 1860
1345 1118 1860
1860
1478 1088
808
793 1024
1024 1203
1215
1798
1725
1864
929
978
1620
817
1117
1731
1899 1088
1386
1422
1647 1113 1186
830
1377
1144
1512
843
1198 1217 1406
845 1437 1918
1437
1918
1237
1812
1834 1724
1706
1737
1724
1643
1578
1216
886 1262
1262
898 1702
1209 1486
894
1169 1844
1844
1702
908
901
1589
915
916
919
1045
1088
1944
1681 1102
1154
948
1186
1353
966
969
1692
1128
1924 1696
1973 1832
1472
1479
1203 1602
1633
1522 1410 1587
1242
1424
1062
1629
1083 1486
1486
1636 1233
1347
1696
1102
1113
1118
1126
1587
1619
1405
1961
1602
1181
1938 1226
1338 1217
1217
1406
1878
1222
1226
1233
1477
1832
1943
1315
1336
1846
1361
1410
1697
1909
1492
1596
1820
