0 61 112 117 128 261 295 360 440 490
61 124 288 341 360 440 490
112 117 189 217 294 440 471
117 46 217 294 308
128 46 124 341 361 484
261 48 217 374 471
295 141 208 215 359 427 456
360 124 217 294 411
440 46 124 228
490 294 484
1 4 60 188 238 356 366 398 412
4 101 197 204 225 319 339 379 472 478
60 58 84 87 247 309 314
188 151 183 309
238 89 168 197 225 319 337 398
356 225 326 366 398 399 412
366 150 178 197 326 337 398 422
398 72 288 309 391 412 456
412 53 89 151 241 478
2 207
207 196
3 194 276 454 470
194 76 283 355 362 466
276 83 283 303
454 162 235 394 419
470 55 109 162 321 466
101 51 185 326 335 379 491
197 130 178 224 225 382 399
204 382
225 168 177 185 302 399 436
319 248 391 472
339 141 445
379 185 311 317 335 459 491 496
472 125 248 302 314 347 399 436
478 158 302 310 399 422
5
6 103 193
103 24 126
193 86 268 462 481
7 64 137 274
64 434
137 161 338 413
274 163 271 316 449
8 404 429 493 497
404 135 141
429 13 78 81 91 363 497
493 18 78 175 186 332 406 431 497
497 75 155 209
9 123 279 420
123 10 62 218 260 407
279 113 286 371 373 420 424
420 62 108 260 383
10 211 378 439 481
211 86 260 378 462
378 62 108 407 485
439 108 407 481
481 85 86 407
11 19 143 278 384
19 219 390
143 401 405
278 31 147 219 296 402 494
384 21 82 119 169 245 348 426
12
13 91 377 406
91 187 363 452
377 110 175 324 363 418 460
406 78 175
14 20 75 102 104 209 224 374
20 43 118 135 155 443 452
75 141 215 224 433 435 445 479
102 155 443
104 51 150 158 299
209 42 118 138 155 269
224 447 479
374 52 68 298 418
15 437 455
437 80 242 267 372
455 239 494
16 97 190 248 375 458
97 29 55 247
190 59 410 466
248 125 130 489
375 87 253 347
458 55 58 133 253 442
17 40 151 354 453 465 467 475
40 304 308 329 334 354 365
151 294
354 475
453 232 329 350 357 371
465 38 383
467 116 159
475
18 110
110
219 239 267 359 405
390 23 107 307
43 135 445
118 42 81 155 263 269 452 479
135 42 68 139 171 368 443
155 96 443 445 459
443 42 269
452 42 171 187 447 450
21 28 119 131 134 236 348 352 386 434 464
28 330 434
119 134 348
131 82 169 203 245 333 400
134 169 221 333 348 381
236 26 203 333 348
348 82 277 386
352 31 169 228 386 402 476
386 26 221 228 333 381
434 217 426
464 82 426
22 45 191 273 287
45
191 25 280 387
273 160 167
287 172
23 107 208 416 494
107 401 402
208 39 494
416 39 141 256 433 435 456
494 431 435
24 192 212 291 388 438 446
192 77
212 35 79 388 438
291 196 388 446
388 148 222 297
438 126 181 338 371 446 482
446 126
25 160
160
26 82 203 305
82 221
203 333
305 270 271
27 105 146 430
105 54 349
146 111 293 312 474
430 343
330 277
29 32 247 451 489
32 365
247 87 451 496
451 55 347
489 36 336 347
30 80 195 259 396
80 142 147 195 301 353
195 90 129 136 259
259 120 351 401 409
396 92 210 400
31 221
221
365 133 285 395
33 96 170
96 170 315 328
170 234 282 328 444
34 120 448
120 476
448 401 414
35 85 231 482
85 173 240
231 37 69 240 268 325
482 268
36 220 226 310
220 310 336
226 177 198 223 302 311 313 335
310 157 168 336
37 325
325 173 486
38 205
205 77 154 403 425
39 215 256 294 359 445 456 498
215 124 359 456 498
256 153 359 402 456
294 46 350
359 427 433 498
445
456
498 74 308
304 113 318
308 124 341 391
329 183 334 357 389
334 152 164 262 350 371
41 433
433 141
42
44 92 264 296 370
92 48 296 351
264
296 147 186 242 405 414
370 72 169 476
46 74 98 262 341 361 411 484
74 53 288
98 152
262 277
341 124 152
361 411
411 484
484 164 427
47 244 417 492
244 367 488
417 415
492 283 323 480
48 121 186 242 414
121 186
186 142 147 239 301 372 414
242 414
414
49 171
171
50 138 263 423 441
138 187 368
263 88 139 184 187 243 272 423 468
423 184 234
441
51 158 292 299 326 447
158 331 447
292 460
299 67 177 376
326 53 177 178
447 81 382 479
52 427
427
53 178 183 327 391
178 177 337 491
183 124 152 288 389
327 72 389
391
54 157 392 399
157 115 168 246 313 336 349 415
392 59
399 130 177 180 335 491
55 127 233 321
127 70 167
233 235 321
321 70 94 227 397 480
56
57 165 206 320 400
165
206 400 432
320 166 400
400 213
58 71 140 253 419
71 84 94 140 229 425 442 461
140 87 253
253 84
419 227 408 495
59 480
480 340 415 488
84 241 364 461
87 241
309 89 116 255
314 241 380
124 288
288 271 389
62 260 395 462 485
260
395 79 113 148 280 383
462 407 485
485 133 286 383 424
63 73 271 393 449
73 277 316 342 449
271 316
393 163 164 182 232 249 290 371 469
449 79 161 413
65 283 397 408 495
283 94 303 397 410
397
408 83 109 200 235 303 473
495 410
66
67 382 474
382 265 269 335 422 459
474 250 293 457
68 78 298 460
78 269 460
298 307 460
460 300
69 214 240
214 126 240
240 258
70 76 227 473
76 114 227
227 235 473
473 94 200 235 355
94 200
229 257 373 403
425 133 285 344 403
442 257
461 373 380
72 307
307 267 483
277 202
316 202
342
141 435
435
479 322
114 235 410
77 152 318
152 159 189
318 148
269 265 282 315
79 181 199 251
181 413
199 297 413
251 163
142 129 145 174
147 129 145 210 301 353
301 90 129 267
353 90 210 402
81 187 237
187
237
83 172 362
172 167
362 200 355
241 347
364 182 257
173
86 268
268
88 328
328 282 315
89
90 136 210
136
210
363 139 450
351 409
93 303 394
303 109
394 162 466
200 380
95 387 403 499
387 280 403 499
403 285 344
499 385
315
99 174 275 483
174 239 483
275
483 230
100 421
421 144
185 302 459
335 130 223 491
491 156 302 313 422
126 148 161
150
349 223 313 369
106 218
218 148
401 166
402 372 431
108 286 407 469
286 149 154 383 424
407
469
109
111 376
376 156 322 457
189 290
217
471 372
113 383 424
383
424 148
235
410
115 198
198 250 265 302
116 232
232 182 290 350
476 284 333
122 167 257
167
257 344 380
125
148
161 413
129
130 168 223 436 459
168 436
223 177
436 313 317
459 302 331 422
169 245
245 284
333 426
132 432
432 284
133 344
344 380
381
139 243 368
368 243
338 176
413 252 297
243 234 444
145
405
144
293 282 468
312 282 322
149
159 337
153
154 285
285 385
156 322
322
246 179 323 367
313 323
336 415
415 488
331 311
337
162
163
164 182 249 290 350 371
182 371
249 371
290 350 371
350 357 371
371 389
166
234 272 444
282 487
444
239
175 324
324
176
177 180 302
180 487
302
179
487 250 428
389
184 216 272 468
216 468
272 450
468
372 267
466 281
280
355
196
250 317 457
265
297
380
201
202
213
267
222
311
228
373
230 300
300 463
258
347 317
367 369
488 340
284
323 369
496
317
457
252 477
477
254
255
409 345 346
266
270
450
281
385
289
463
306 340
340
369
486
357
332
426
343
345
346
358
422
418
431
428
