0 2 24 184 188 226 342 387 390 473 503 616 799 803 813 1031 1079 1126 1198 1284 1422
2 65 91 188 226 390 467 571 603 826 905 909 925 1031 1162 1178
24 272 390 571 575 799 959 1031 1049 1337 1422
184 39 135 342 432 441 571 575 603 677 690 723 825 894 936 1031 1150 1178
188 121 187 300 444 616 677 813 845 916 1031 1034 1049 1135 1168 1376
226 6 390 436 444 473 723 925 946 1053 1162 1187
342 121 129 187 298 421 440 444 496 503 604 799 845 925 1047 1052 1162 1178 1187 1275 1376
387 390 467 661 844 873 894 974 1034 1126 1242 1287 1311 1337 1372
390 91 321 432 473 603 960
473 190 501 503 900 959 1054 1284 1422
503 91 220 309 364 399 909 1052 1079 1311 1422
616 91 181 436 444 472 723 803 813 946 1031 1080 1135 1187 1208 1284 1422
799 91 441 444 475 571 1049 1178
803 98 925 1049 1052 1079 1150 1208 1261 1284
813 171 174 187 309 467 590 604 676 845 900 996 1049 1052 1162 1206 1272
1031 69 187 364 436 444 496 1008 1079 1151 1168 1291 1422
1079 309 452 894 925 974 1049 1162 1272 1291 1422
1126 65 91 220 399 421 618 776 1096 1287 1469
1198 241 272 436 453 676 677 723 890 900 1116 1206 1208 1291 1335 1422
1284 452 900 1171 1272
1422 65 91 113 187 241 309 496 571 723 845 925 946 1027 1049 1162 1206
1 347 377 777 812 1427
347 175 333 737 1051 1378
377 9 167 175 866 953 1067 1092 1378
777 965 1158
812 953 965 1158 1243
1427 167 965 1051
65 129 135 321 432 443 603 825 894 925 930 1052 1261 1376
91 60 174 187 480 723 750 855 900 1080 1135 1162
467 107 220 248 443 679 761 873 913 925 974
571 187 440 826 925 1049 1178
603 129 220 321 432 496 776 844 909 925 1034 1150 1162 1261 1469
826 114 475 618 932 1043 1080 1150 1168 1222
905 20 98 441 453 676 677 952 980 994 1027 1074 1152 1173 1208 1291 1335
909 114 321 432 475 501 776 844 894 932 1049 1096 1208
925 42 220 300 472 916 1012 1049 1162 1178
1162 475 1052 1135 1178
1178 6 113 187 590 604 862 916 1150 1261 1447
3 13 25 51 74 386 395 420 471 728 784 989 1110
13 33 215 371 1131 1189
25 19 86 111 153 278 386 395 449 808 939 1077 1113 1189 1212 1379 1406
51 237 438 487 565 784 858 929 1110 1201 1211 1319 1333 1353
74 233 380 553 568 903 935 1231
386 137 169 437 565 795 1069 1333
395 33 86 111 153 257 339 471 611 652 786 821 941 989 1077 1110
420 334 492 493 565 611 767 808 858 929 1353
471 86 150 553 611 634 774 784 824 989 1077
728 176 258 381 410 663 808 908 926 986 1068 1279 1339 1448
784 718 786 989 1231 1245
989 68 111 371 449 1077 1087 1189 1339
1110 19 32 120 146 153 253 257 334 449 683 718 929 1087 1413
4 43 138 234 268 269 509 819 919 922 1055 1475
43 54 163 263 274 321 559 819 919 1074 1088 1116 1205
138 89 143 163 234 294 338 622 639 819 922 950 1030 1088 1149 1155 1335 1391
234 143 338 393 489 559 594 881 922 936 1117 1149
268 101 163 819 950 1072 1285 1371
269 143 163 190 263 284 294 559 809 827 950 1055 1083 1117
509 39 163 274 294 338 441 639 819 1020 1083 1155 1435
819 143 263 274 284 295 301 922 1020 1055 1088 1163 1167
919 143 274 740 765 950 1020 1055 1072 1088 1117
922 163 294 594 690 740 1117 1167 1435
1055 143 163 263 1072 1083 1163 1335
1475 87 272 274 298 385 388 559 937 950 1083
5 80 271 318 633 709 710 714 729 892 943 984 1410 1462 1468
80 63 79 191 729 748 773 841 892 943 1237 1331 1336 1375 1474
271 177 426 466 504 660 688 721 864 1011 1216 1386 1450
318 77 225 230 477 657 664 816 841 921 1124 1127 1214 1218
633 341 494 536 552 783 943 984 990 1018 1140 1192 1248 1263 1302
709 71 79 341 628 841 943 949 1018 1104 1154 1169 1192 1263 1404 1437 1461 1462
710 34 66 125 231 319 332 580 597 977 1142 1165 1195 1362 1414
714 7 79 285 307 353 610 664 841 943 979 1000 1262 1331
729 218 313 628 696 748 1000 1018 1076 1263 1302 1440 1474
892 170 507 934 943 1021 1038 1331 1332 1334 1437 1440 1462
943 170 191 222 341 494 574 617 705 990 1248 1263 1336 1461 1462
984 79 494 949 973 1015 1123 1237 1263 1302 1336 1404 1437
1410 7 81 259 490 507 543 696 749 868 940 1332 1419
1462 507 685 773 1021 1237 1248
1468 76 507 533 945 1033 1248 1331 1474
6 480 535 723 736 855 946 1093 1281 1443
480 192 195 750 790 882 1080 1135
535 181 202 324 425 669 758 760 1025 1355
723 113 121 300 436 496 855 1027 1052 1187 1380
736 425 656 669 750 758 779 959 1053 1080 1171 1380 1421
855 436 444 452 472 590 900 1141 1206 1208 1306
946 174 241 324 436 522 656 900 959 1025 1380 1478
1093 73 132 738 840 907 999 1005 1074 1275 1377 1394
1281 171 474 501 658 797 882 1005 1109 1478
1443 33 171 364 427 501 658 877 882 999 1399 1478
7 538 773 979 1076 1192 1331 1474
538 63 177 264 316 507 591 614 685 876 934 1204
773 79 411 429 577 685 721 735 1038 1082 1085 1192 1237 1248 1419
979 22 173 189 285 304 477 610 696 1132 1315 1334
1076 112 127 230 353 499 657 674 735 816 841 867 1028 1029 1124 1218
1192 34 79 186 304 697 748 864 1404
1331 463 657 748 962 1033 1180 1237 1334 1419 1434 1437
1474 136 191 218 466 625 949 1021 1029 1302
8 149 336 402 700 866 1202 1484
149 128 144 161 256 402 830 1026 1267 1312
336 21 297 403 419 626 673 860 911 914 1003 1071 1134 1294 1484
402 12 335 396 403 417 502 525 549 662 829 1071 1259 1316 1325 1357 1418 1423
700 9 115 305 419 433 495 547 585 737 770 964
866 61 108 175 256 286 540 764 1182 1243 1290
1202 256 297 344 478 497 642 722 872 1002 1026 1086 1326 1364
1484 305 419 459 478 547 911 924 1044 1318 1326
9 608 806 856 964 1158 1182 1290 1316
608 124 144 607 619 722 737 839 856 869 953 1092 1326
806 333 359 495 722 737 1092 1326
856 108 495 540 573 607 699 965 1393
964 61 108 168 175 286 540 684 764 770 839 872 953 1041 1243 1290 1358 1378
1158 175 573 585 1051 1067
1182 21 200 286 363 419 540 1041 1044 1358
1290 335 540 547 626 1092 1326
1316 115 213 242 261 344 383 470 596 625 756 770 854 887 1002 1023 1097 1203 1274 1381 1466 1491
10 92 196 461 1019
92 44 130 461 640 863 1084 1217 1367 1432
196 44 207 461 465 500 847 1016 1046
461 479 500 640 644 834 1084 1201 1280 1293
1019 244 314 340 636 644 884 967 972 988 1099 1105 1322 1456
11 224 354 448 511 660 730 897 982 1216 1420
224 17 50 97 445 947 1160 1164 1176
354 14 47 209 448 531 567 620 730 798 975 1112 1115 1122
448 57 217 249 299 566 811 818 975 1112 1122 1216 1252 1386
511 170 217 313 405 498 504 615 627 628 811 1061 1104 1154 1216 1386 1491 1492
660 267 646 730 982 1000 1011 1123 1216 1252 1450 1476
730 48 122 161 317 418 617 753 762 854 857 983 1156 1175 1252 1273 1314 1342 1420 1491 1496
897 47 158 227 249 292 566 975 982 1122 1342 1345 1493
982 47 484 753 818 864 1216 1386
1216 47 227 249 291 299 350 462 1011
1420 14 64 85 229 267 275 595 627 762 798 818 854 880 1011 1115 1130 1166 1236 1289 1426
12 213 446 470 525 662 675 756 802 1273 1294 1402
213 56 106 122 124 161 242 261 383 396 446 516 596 647 662 859 912 1002 1023 1264 1274 1286 1307 1365 1381 1402 1404 1407 1466
446 256 305 455 497 642 924 1294 1358 1364
470 115 261 303 344 389 396 455 646 830 1002 1023 1175 1274 1491
525 261 403 430 455 646 662 1086 1134 1268 1325 1359 1423
662 261 305 389 403 596 835 924 1026 1086 1097 1251 1364 1409
675 49 216 367 597 643 788 804 883 888 904 923 1223 1266 1452 1457 1464
756 115 161 389 396 455 1023 1026 1194 1307 1364 1409
802 320 459 483 502 508 647 793 923 926 956 1209 1256 1294 1418
1273 246 287 320 351 508 513 534 692 1418
1294 242 256 305 396 413 869 924 1026 1097 1312 1364
1402 48 75 106 125 242 417 418 651 1156 1491
33 55 146 169 215 253 786 837 893 941 1068 1089 1196 1403 1448 1452 1471 1479
215 208 392 505 550 941 1022 1064 1089 1283 1379 1388
371 86 116 146 153 663 824 995 1196 1323 1379 1458
1131 290 464 505 550 568 870 1165 1195 1283 1348 1414 1428
1189 86 324 339 686 824 893 1066 1338 1413
14 123 206 239 249 267 350 484 516 798 917 1011 1194
123 47 227 299 878 1112 1200 1257 1345 1493 1495
206 53 275 649 734 753 983 1194 1230 1342
239 36 275 983 1115 1133 1477
249 122 158 350 762 798 818 975 1115 1122 1252 1493 1495
267 48 64 170 217 317 484 494 854 918 1123 1130 1203 1236 1252 1450 1496
350 47 282 537 620 734 829 975 1203 1252 1345 1493
484 47 64 317 466 498 762 798 854 1062 1166 1252
516 64 128 161 502 668 859 880 912 1166 1203 1289 1308 1342 1364
798 110 209 734 1112 1386
917 53 619 734 885
1011 124 222 646 753 854 864 1130 1175 1203 1274 1307 1308 1426 1476
1194 282 619 668 1115 1203 1289 1312 1314
15 177 316 394 405 428 543 591 688 787 868 940 1061 1324 1336 1351 1370 1375 1437
177 170 191 313 426 429 949 1000 1461
316 466 628 1154 1180 1375
394 270 405 543 614 688 744 748 781 1234 1324 1332 1375 1434 1465 1486
405 133 217 227 490 688 973 1062 1486
428 136 308 356 531 688 973 1324 1351 1375 1486
543 81 119 426 614 627 688 811 998 1324 1351 1411 1486
591 97 109 119 136 445 462 781 1257 1411
688 57 136 191 445 614 744 748 787 998 1156 1220 1248 1324
787 217 531 615 811 1000 1252 1351
868 264 270 312 570 748 934 1332 1411 1434
940 81 136 225 264 507 527 696 810 1214 1234 1332 1419 1434
1061 85 291 595 751 762 861 990 1062 1104 1123
1324 498 744 947 973 1220 1234
1336 341 426 429 533 574 783 949 1140 1286 1302 1369 1492
1351 57 81 445 563 711 744 947 973 998 1000 1164 1220
1370 17 292 308 567 828 861 947 1101 1136 1228 1330 1412
1375 217 313 531 627 811 861
1437 191 313 426 507 1369 1461
16 238 314 545 644 726 967 1105 1449
238 44 70 157 276 340 343 438 512 587 602 843 978 988 1014 1059 1210 1211 1298
314 166 519 529 544 602 1191 1292
545 207 244 546 636 884 951 972 1099 1472
644 166 207 519 529 834 951 972 1058 1211
726 205 289 542 687 843 1014 1395
967 44 544 849 951 972 1014 1467
1105
1449 44 105 328 512 514 544 672 1499
17 97 554 563 973 1136 1137 1176 1321 1412
97 554 1101 1137 1215 1330
554 362 462 898 985 1101 1160 1412
563 30 280 780 886 1107
973 614 628 744 828 1137 1234 1486
1136 551 696 985 1137 1160 1164 1412
1137 50 119 362 985 1176 1207 1300 1412
1176 445 615 1160 1164
1321 572 711 781 1037 1101
1412 50 227 362 551 781 985
18 55 134 199 202 652 807 1147 1172 1184 1249 1254 1355 1372 1384 1403 1494
55 116 146 339 896 903 1323 1379 1497
134 42 293 581 652 658 1022 1347 1388 1403 1471 1494
199 195 293 323 346 348 374 708 747 760 786 908 1066 1250 1372
202 107 195 257 358 581 666 877 1147 1254 1310 1403
652 19 95 181 346 1066 1147 1224 1249 1355 1444
807 358 658 1025 1111 1177 1250 1384 1403 1444 1478 1494
1147 181 293 346 586 750 760 1144 1159 1224 1249 1250 1254 1269 1355 1372 1448
1172 68 181 374 539 941 1080 1249 1372 1447
1184 116 146 253 293 324 941 995 1113 1196 1231 1269 1271 1379 1458 1497
1249 19 86 107 293 346 589 663 707 742 786 1250 1355 1451 1497
1254 324 374 613 758 1080 1135 1177 1372 1451
1355 95 107 120 195 293 323 666 758 759 760 1063 1310 1372 1384 1403 1444 1494
1372 107 181 195 372 374 555 669 747 750 1025 1144 1282
1384 181 427 452 695 1447
1403 19 95 372 427 581 893 915 1165 1447 1471
1494 192 257 293 374 425 613 708 758 759 760 1159 1250 1444
19 257 324 346 358 374 427 995 1066 1196 1353
257 86 137 255 334 372 586 716 755 821 1111 1338 1353
324 346 522 589 613 663 707 929 1224 1250 1260 1471
346 120 147 293 425 522 959 995 1053 1066 1080 1113 1250 1260 1471
358 427 666 750 877 893 1025 1177 1260 1444
374 195 293 323 586 613 708 1159 1250
427 624 695 758 760 893 1144
995 146 707 877 1113 1196 1271 1458 1471
1066 181 707 786 824 837 1159 1250 1260 1338
1196 146 339 707 786 808 824 941 1113 1233 1310 1413 1471 1497
1353 137 253 611 708 733 786 1245
20 39 69 132 370 388 677 832 994 996 1141 1208 1291
39 272 295 300 301 453 676 1074 1141 1151
69 98 129 690 1008
132 163 453 825 952 980 996 1027 1074 1155 1275 1335
370 54 73 101 152 295 453 825 890 916 966 1024 1129 1155 1275 1429
388 98 190 274 441 453 458 676 1074 1141 1149 1291 1371
677 171 187 241 398 590 825 996 1377
832 277 309 440 671 750 797 882 1109 1185 1275 1399
994 152 274 284 300 441 453 458 604 1072 1088 1163 1173 1205 1275
996 121 241 272 301 412 441 590 980 1027 1036 1206 1275 1291 1335 1376
1141 98 190 284 412 421 441 458 676 980 1047 1151 1206 1335 1376
1208 174 301 309 397 436 472 775 797 825 959 1185 1291
1291 113 152 174 260 300 444 453 676 980 1074 1206 1335
21 108 297 305 320 335 483 764 770 839 911 1251 1341
108 61 286 335 495 1041 1044 1318 1393
297 72 200 389 403 497 540 860 1026 1071 1086 1357 1364 1454
305 167 419 860 1026 1128 1325 1364 1409
320 66 115 148 502 643 923 956 1251 1266 1315 1325 1409
335 61 175 495 540 573 764 1041 1320 1454 1490
483 419 534 682 911 1003 1010 1128 1134 1387 1393 1423 1441
764 61 168 200 279 547 801 1041 1044 1320
770 801 839 1041 1454
839 413 419 495 1318
911 200 419 684 1010 1041 1128
1251 106 242 303 344 396 455 549 564 1023 1325
1341 144 161 433 607 835 869 1026 1230 1296 1320
22 126 281 285 332 434 501 691 752 1004 1132 1246 1424
126 58 171 398 624 877 1025 1135 1144 1177 1361 1380
281 26 208 332 623 691 746 836 915 1021 1124 1388
285 353 506 685 746 1085 1315 1424 1440
332 26 71 186 304 307 623 638 691 703 752 915 991 1317 1388 1424 1428
434 60 121 192 277 440 896 1004 1108 1109 1138 1185 1262 1361 1430 1460
501 58 442 472 474 641 877 1109 1177 1347 1361 1440 1444
691 71 623 746 752 991 1013 1015 1064 1132 1262 1424
752 73 304 307 623 836 893 1085 1132 1138 1424
1004 506 528 593 610 703 715 971 1013 1125 1424
1132 304 506 836 990 1064 1253 1334
1246 83 112 127 210 353 510 528 577 674 816 848 867 1124 1127 1225 1346 1430
1424 173 208 429 836
23 99 262 278 435 553 718 782 808 824 923 935 948 1157 1235 1266 1279 1344 1379
99 141 182 634 683 795 796 968 1087 1219 1221 1288 1398
262 154 455 534 553 718 788 805 1069 1077 1235 1400 1406 1418
278 176 449 493 553 718 727 808 858 1271 1279 1452 1481
435 82 379 634 727 976 1077 1087 1219 1235 1288 1319 1363 1481
553 88 157 216 266 718 908 939 1089 1350 1413
718 32 253 686 772 808 978 1069 1219
782 32 41 237 404 512 576 757 842 929 978 1042 1098 1212 1221 1344 1383
808 449 634 908 1077 1231
824 86 146 153 339 786 870 1068 1113 1250 1338
923 75 233 246 258 266 381 459 502 556 568 904 956 1325 1457 1464
935 216 233 568 774 793 804 870 910 926 1114 1266
948 32 88 772 805 968 1077 1211 1231 1279
1157 384 449 556 774 788 1223 1231
1235 41 145 237 258 325 404 410 534 634 772 805 968 976 1087 1265 1288 1390 1425
1266 75 106 216 246 568 643 645 788 804 883 888 904 1256
1279 214 287 663 1231
1344 105 404 653 772 796 976 1145 1219 1329
1379 111 153 339 380 611 663 707 821 941 1231 1310 1323 1497
272 90 98 114 295 385 724 741 845 937 1008 1116
575 220 432 496 578 618 894 932 936 1096 1469
959 436 1187
1049 187 197 900 1135 1187 1311
1337 197 401 496 618 894 974 1034 1036 1096 1135 1261 1311
86 153 339 449 611 663 786 903 908 1271 1458 1471 1481
111 153 339 786 1390 1497
153 233 565 611 663 908 1497
449 727 929 1212
939 154 233 243 246 258 534 568 692 767 772 774 804 1069 1190 1406 1431 1452
1077 502 565 968 1069 1089
1113 760 821 929 1056 1111 1250 1479
1212 32 41 88 145 460 727 772 795 1087 1319 1350
1406 154 216 381 384 804 910 986 1069 1271 1339 1400 1452
26 266 290 307 408 581 610 623 658 703 915 977 991 1064 1310 1362 1388
266 148 231 233 315 341 380 505 556 643 647 692 774 792 870 888 1100 1223 1240 1339
290 116 150 194 247 550 638 645 977 1015 1060 1240 1269 1283 1295 1348
307 31 71 189 574 610 746 816 915 991 1315 1388
408 624 695 877 915
581 203 1111 1233 1269 1323 1347 1478 1479
610 34 341 703 836 1021 1440
623 58 178 505 746 915 991 1022 1064 1148 1269
658 416 624 877 893 1025 1262 1310 1460
703 49 71 79 304 648 1015 1022 1315 1440
915 178 893 999 1233 1388 1479
977 319 392 580 746 792 1015 1165 1283 1317 1348 1362 1388 1404 1414
991 392 550 1013 1295 1315 1388
1064 178 255 304 464 550 1022 1233 1283
1310 255 666 695 760 893 1111 1233 1262 1269 1323 1328 1471 1479
1362 49 150 918 1015 1100 1148 1165 1240 1485
1388 208 1015 1142 1240 1440
27 283 415 486 526 558 601 667 694 817 981 997 1001 1373
283 198 382 532 584 694 981 992 1276
415 185 373 526 584 694 851 981 1028 1188 1354 1373 1405
486 382 451 526 584 601 1103 1299 1354 1373 1397
526 368 582 621 865 1408 1465 1473
558 198 476 1197 1354 1397 1405
601 103 185 331 463 532 577 678 694 739 981 992 1183 1270 1473
667 198 296 407 476 523 532 583 648 678 785 820 865 1276 1368
694 38 77 407 520 621 928 1276 1405
817 84 93 164 451 1183 1473
981 579 785 1028 1309
997 77 411 477 579 674 1253 1340 1473 1482
1001 520 743 993 1183
1373 67 322 407 476 583 763 1354 1405
28 142 288 572 598 731 1007 1228 1330 1470
142 131 136 362 572 780 898 1082 1120 1204 1411 1438
288 180 631 850 955 1119
572 63 180 422 431 454 670 701 711 712 731 958
598 431 670 731 898 955 1107 1220
731 219 955
1007 63 165 264 270 356 362 527 711 745 1107 1204 1207 1228
1228 165 264 749 898 958 1073 1120 1204 1411 1434
1330 1037 1107 1207 1301
1470 45 131 165 180 259 280 439 527 711 955 958 1081 1107 1204 1207 1411
29 40 130 139 252 276 327 340 352 487 602 686 906 1058 1065 1095 1210 1467
40 252 327 493 529 640 650 683 843 906 1016 1098 1099
130 35 172 252 640 655 1016 1118 1472
139 70 205 361 512 587 757 931 1095 1329 1425 1436 1489
252 302 487 814 906 1065 1084
276 70 205 361 512 524 602 757 842 843 931 1042 1095 1099 1211 1221 1298 1319 1415 1436 1456 1467
327 41 141 157 237 437 487 587 686 757 929 1098 1298
340 70 361 465 524 529 576 602 686 843 1042 1087 1095 1298 1322 1467
352 78 162 404 548 698 902 933 976 1009 1045 1145 1288 1329 1363 1366 1401
487 437 438 491 492 686 842 906 1065 1211 1280
602 70 343 361 542 847 1016 1095 1099 1210 1298 1313 1436 1456
686 565 650 906 1059 1186 1211 1333 1415
906 70 302 437 438 636 842 1084 1211 1467
1058 44 251 1016 1313
1065 137 302 438 500 842 1046
1095 343 843 1298 1467
1210 542 834 847 849 1099 1280 1293 1298 1456
1467 343 460 512 1098 1298 1395 1432
30 133 362 706 850 876 886 921 955 1107 1120 1207 1297
133 362 614 711 781 898
362 356 711 744 876 1037 1073 1300
706 165 280 326 431 533 614 680 876 1039 1107
850 326 631 927
876 63 165 270 745 934 958 1037 1120
886
921 59 100 189 198 225 230 569 949 1029 1038 1180 1482
955 140 326 631 701 1039 1101 1438
1107 165 180 308 570 780 1207
1120 131 165 312 356 447 454 680 712 958 1081 1465
1207 780 1039
1297 45 77 422 439 680 712 745 749 934 1033 1081 1199 1255 1301 1309 1332
31 118 605 785 820 822 831 840 848 987 1174 1225 1299 1368
118 306 366 409 474 769 822 831 853 1048 1138 1299 1306 1368 1487
605 185 296 463 523 678 848 867 896 1225 1299 1328 1346 1368
785 103 164 368 409 463 532 569 820 1276
820 60 577 606 831 867 928 1048 1262 1299 1328 1340 1368 1399
822 366 457 641 840 987 1343 1429
831 103 189 368 499 606 624 648 702 738 769 867 1138 1299 1343
840 398 406 635 928 1005 1024 1048 1070 1305 1368 1377 1429
848 83 112 296 416 423 499 523 532 637 641 674 697 841 896 987 1103 1138 1218 1299 1352
987 474 697 862 867 1108 1125 1138 1305 1328 1346 1352
1174 406 409 463 530 606 769 928 1129 1299 1453
1225 112 353 499 523 637 674 697 715 735 769 999 1124 1138 1218 1306 1328 1343 1429
1299 52 409 499 606 823 853 867 875 896 928 1048 1129 1188 1340 1352 1368
1368 112 366 368 1108 1127 1218 1343
32 41 82 182 325 515 587 772 795 968 1146 1211 1219 1231 1265 1366
41 82 141 169 182 698 795 1350 1366
82 46 325 379 933 1190 1219 1319 1366 1398
182 70 245 410 515 576 650 766 796 976 1145 1186 1219 1415 1416 1446
325 141 232 772 968 976 1265 1350 1481
515 460 542 576 634
587 151 493 565 650 757 842 1059 1098 1333
772 141 145 576 592 634 653 976 978 1288 1319 1481
795 141 145 493 683 978 1042 1059 1087 1211 1265 1288 1319
968 105 141 634 727 902 976 1288 1319 1329 1333 1390
1146 151 223 243 310 345 376 456 534 659 778 838 846 874 957 1069 1329 1431
1211 576 727 757 1042 1059 1087 1350 1489
1219 176 232 548 557 576 634 683 796 908 1277 1288 1350 1366 1383
1231 145 557 805 908 1265 1481
1265 88 548 976 978 1087 1288 1329 1350 1390
1366 46 117 232 404 548 599 1045 1145 1277 1288 1329 1363 1446
146 505 1068 1233 1413 1448 1458 1497
169 157 334 493 565 727 929 1098 1338 1350
253 137 172 237 589 661 679 742 755 903 1413
786 539 663 821 1471
837 95 116 150 255 380 505 550 720 1068 1111 1283 1448 1479
893 95 323 695 1159 1260 1262 1317 1444 1479
941 323 372 707 1111 1177 1323 1452 1497
1068 203 349 380 464 645 903 986 1304 1448 1497
1089 464 505 550 903 1111 1271 1304 1348 1414 1448 1496
1448 116
1452 154 287 384 456 774 788 908 1303 1339
1471 116 323 505 747 1260 1338 1458 1479 1497
1479 695 1177 1233 1317 1347
34 49 102 125 341 392 494 647 918 990 1015 1140 1142 1302 1461
49 247 319 392 999 1142 1232 1240 1262 1295 1404
102 71 291 319 341 494 536 595 811 1100 1263 1414
125 75 150 468 504 552 617 638 721 918 1148 1165 1181 1252
341 79 191 552 628 1104 1263 1302 1461
392 494 638 990 1142 1195 1240 1302 1404 1461
494 191 211 315 429 918 949 990 1015 1018 1140 1195 1404 1440
647 75 303 315 597 651 783 857 1148 1232 1256 1404
918 71 222 562 990 1018 1404 1428
990 194 638 705 783 1040 1140 1148 1175 1195 1283 1450 1496
1015 186 231 313 580 783 1148 1295 1334 1404 1414
1140 468 574 580 638 1104 1248 1263 1419
1142 317 536 1240 1264 1404 1428 1440
1302 191 247 685
1461 170 218 313 426 490 552 617 949 1369
35 37 172 375 655 716 733 814 842 1201 1226
37 236 302 479 485 491 492 655 716 733 815 1118 1193
172 375 491 492 565 666 814 1193 1245 1432
375 155 464 479 492 742 814 1245
655 328 492 586 733 800 852 913 1106 1118 1190 1193 1432
716 693 742 814 1102 1106 1118 1143 1367
733 963 1056 1106 1118 1153 1226
814 237 265 302 492 546 640 1106 1118 1245
842 157 849 1017 1099 1333
1201 707 858 863 929 963 1084 1293 1367 1432
1226 104 482 485 693 725 800 871 963 1153 1217 1413
36 128 549 619 668 754 1477
128 115 161 229 275 282 829 835 880 1002 1203 1308 1314 1426
549 115 148 261 497 564 692 1097 1134 1256 1357
619 282 355 383 791 944 983 1312 1357
668 158 275 433 646 754 944
754 518 722 737 944 1057 1092 1326 1483
1477 64 275 282 383 734 872 983 1274 1342
236 491 560 693 871 1143 1153 1217 1244 1367
302
479 147 485 679 725 771 852 879 938 1153 1193 1213 1367
485 560 693 815 871 938 1143 1153 1244
491 68 120 348 1056 1102 1319
492 493 611 707 815 963 1245 1278 1432
815 693 771 1102 1244 1278 1293 1374
1118 155 800 1106
1193 155 742 938 1106 1244
38 411 414 600 1199 1463
411 59 84 270 312 680 739 945 1253 1255 1270 1465
414 93 306 993 1006 1028 1255
600 45 400 582 865 1349
1199 407 680 739 898
1463 84 100 164 296 331 407 463 507 579 664 816 1029 1082 1247 1253 1270 1309 1473 1482
295 52 101 254 301 369 765 907 916 952 1005 1027 1072 1152
300 98 174 301 453 458 676 724 1024 1025 1027 1168
301 174 309 369 825 844 1008 1116 1151 1173
453 113 163 284 441 496 825 966 980 1163 1229 1335
676 113 369 421 458 1074 1335
1074 284 441 635 825 980 1005 1052 1070 1335
1151 98 284 298 398 412 458 741 881 1116 1168 1335 1376
493 137 565 683 931 1098 1333 1456
529 519 544 889 1191
640 251 500 843 863 988 1016 1293
650 141 223 424 576 683 1042 1436
683 157 437 548 634 1221 1489
843 44 207 343 361 687 847 1099 1456
1016 44 207 560 834 863 1179 1217 1456
1098 237 437 438 757 847 858
1099 849 1191 1298
141 137 157 437 634 929 1087 1221
698 162 629 732 902 1238 1383 1442 1446
1350 145 565 727
42 364 401 578 913 960 969 1034 1052 1143 1242
364 197 613 844 960 974 1034 1135 1171 1242 1360
401 365 541 560 719 954 969
578 443 618 894 974 1036 1054 1170
913 541 719 761 873 894 1170 1171 1242 1272 1447
960 293 399 719 879 1170 1242 1261 1311
969 541 661 719 879 894 954 1054 1063 1102 1447
1034 114 197 443 661 776 894 974 1054 1096 1360
1052 220 321 776 1012
1143 181 693 963 1153 1244 1278
1242 248 586 618 661 693 719 873 1054
54 89 274 622 740 765 1032
163 52 385 489 827 950 966 1163 1285 1391
263 89 274 391 559 635 713 1155 1163 1205 1335
274 441 690 1020 1072 1088 1163 1205 1371
321 135 190 432 443 724 776 936 974 1012 1168 1261 1272
559 87 294 338 385 639 1030 1117 1149 1167
1088 143 294 639 827 950 1258 1391
1116 90 98 475 1047 1096 1150 1376
1205 1155 1258 1417
44 636 1084 1322 1456
636 244 951
1084 166 849 889
1322 207 244 519
1456 105 343 834 847 849 1499
45 356 439 447 527 533 745 920 1081 1301 1408
356 131 165 270 280 439 454 527 711 749 781 920 934 1073 1081 1434 1465 1482
439 270 312 454 934 958 1121 1255 1301 1408
447 131 454 833 958 1121
527 165 259 280 680 745 780 934 958
533 59 225 528 625 1082 1237
745 165 280 422 781 934
920 259 264 280 934 1204 1234 1434
1081 59 81 131 165 308 507 993 1038
1301 306 312 422 680 865 958 1270 1408
1408 77 100 306 400 582 711 739 865 1255 1465
46 232 404 659 933 1045 1319 1446
232 78 548 629 766 805 902 976 1045 1329 1382 1398
404 88 162 273 548 732 976 1227 1277 1329 1363 1382 1398 1415 1446
659 330 376 379 508 592 874 1075 1392 1480 1488
933 88 176 279 367 838 902 1045 1277 1382 1446
1045 145 176 193 460 557 592 838 902 1227 1277 1329 1382 1401 1446 1480
1319 137 157 438 592 634 838 978 1221
1446 78 548 976 1227 1238 1277 1329 1382 1398 1425
47 1115 1122 1236 1342
1115 282 734 975 1342 1381
1122 158 227 282 704 975 1345 1386 1493
1236 64 229 299 762 1100 1289 1314
1342 158 275 282 829 912 983 1133 1386
48 122 242 275 383 418 753 1130 1239 1252 1289 1308
122 64 161 299 317 383 418 488 504 562 649 651 854 887 1130 1175 1252 1308 1381 1407 1426 1476
242 303 383 417 488 502 596 597 887 1023 1090 1097 1156 1165 1274 1286 1381
275 620 649 880 1230 1312
383 106 124 256 396 651 751 830 859 912 1307 1381 1407 1476
418 261 291 313 417 466 488 562 627 753 854 887 1130 1156 1426 1491
753 106 291 649 762 829 887 1112 1130 1133 1156 1175 1203 1386 1476 1491
1130 64 75 261 317 562 564 627 880 887 983 1175 1203 1264 1345 1426 1476 1491
1239 124 161 229 291 303 344 466 620 646 818 829 1002 1090 1289 1308
1252 64 85 161 235 317 466 504 566 762 810 818 1175 1345
1289 396 466 562 649 854 1496
1308 161 229 317 433 537 829 830 880 1203 1300 1314 1381
247 319 468 481 595 705 783 1195 1359
319 580 783 870 1060 1195 1240 1264 1404 1485
999 58 416 523 790 823 862 1125 1361 1399 1421 1460
1232 203 231 481 580 617 665 774 857 1060 1100 1148 1165 1195 1428 1485
1240 1060 1100 1166 1404 1414
1262 192 593 695 797 882 1013 1109 1346 1347 1361
1295 186 304 638 816 870 903 1269 1315 1440
1404 595 638 705 1018 1334 1414
50 567 1160
567 810 1160 1164 1234 1300
1160 57 119 445 1073 1300
237 137 437 849 1333
438 70 757 908
565 137 929
858 137 372 437 1367
929 611 679 707
1333 963
52 73 201 765 769 827 952 1429 1460
73 101 907 1032 1129 1152 1229 1305 1394 1429
201 713 1258 1417
765 101 366 738 890 952 966 1032 1155
769 94 311 382 476 630 875 961 1129 1188
827 143 809 1391
952 101 436 635 890 907 966 980 1024 1152 1258 1371
1429 406 853 867 890 907 1032 1070 1129 1152 1305 1394
1460 260 360 440 738 797 853 966 1048 1125 1399
53 161 359 433 508 673 734 791 835 901 944 1312 1483
161 229 829 880 1090 1133 1175 1203 1307
359 144 333 518 737 872 885 944 1057 1241 1296 1312 1483
433 540 573 722 901 944 1002 1230 1483
508 159 351 367 456 469 599 673 788 1078 1134 1303 1364
673 417 654 1209 1423 1464
734 880 1314
791 355 455 944 1090 1133 1230 1357 1407 1483
835 256 355 413 885 901 1026 1086 1128 1312
901 333 389 413 455 518 830 912 1071 1241 1267 1483
944 518 1057
1312 282 829 912 983 1090 1133 1175 1267 1365
1483 722 872 885 956 1092
89 639 890 1032 1258
622 740 961 1024 1070 1152 1155 1285 1391
740 1163 1173 1417
1032 67 398 406 966 1070 1129 1173 1305 1394 1453
116 95 233 315 556 707 903 1111 1283
339 203 611 663 821 1317 1338
896 577 674 697 702 1138 1188
903 178 315 349 380 464 505 643 1022 1339 1348 1428
1323 255 707 1111 1269
1497 107 707 821 1111 1458
56 413 830 1156 1230 1381
413 403 607 646 885 1090 1267 1274 1326 1365
830 261 396 455 646 887 912 1023 1166 1203 1230 1274 1286 1307 1466
1156 291 417 488 504 646 751 1097 1491 1496
1230 229 355 793 801 1166
1381 389 417 887 1023 1026 1097 1133 1166 1274 1286 1307
57 878 899 1164 1300
878 282 299 998 1386
899 110 531 810 947 998 1237 1495
1164 119 292
1300 217 292 445 985
58 277 360 442 738 877 1108 1361 1399 1444 1478
277 360 440 882 1108 1421
360 260 416 641 697 738 775 797 823 862 882 1024 1127 1229 1343
442 60 416 474 666 790 797 853 882 1125 1229 1394
738 260 474 641 797 1005 1048 1229 1361
877 416 790 1109 1177 1185 1380
1108 60 112 523 528 971 1125 1328 1421 1487
1361 192 397 440 797 836 1185 1421 1430
1399 127 474 506 797 882 1013 1070 1109 1185 1478
1444 192 695 1177 1185 1250 1347 1380
1478 171 192 440 464 641 790 823 882 1421
59 100 280 312 674 962 1482
100 185 407 463 510 520 579 945 962 1255
280 131 259 614 828 833 958 1073 1204 1237 1411 1434
312 225 250 270 331 517 680 781 934 1180 1255 1411
674 83 523 606 867 945 961 1103 1218 1306 1352
962 532 664 1029 1038 1253 1482
1482 230 507 569 625 664 739 1029 1082 1419 1473
60 260 416 528 862 882 1109 1125 1328 1346
260 397 797 971 1185 1352
416 76 83 523 593 816 1109 1306 1328
528 210 715 790 823 971 1013 1085 1306 1430
862 192 353 499 641 1070 1125 1346 1352 1421
882 474 697 747 797 1053 1109 1138 1229 1328
1109 797 1027 1247 1275
1125 83 171 173 254 353 474 797 867 900 1127 1185 1328 1346
1328 112 474 657 697 1247 1352 1421
1346 697 1138 1247 1306 1352 1421
61 204 573 682 684 717 953 1318 1358 1393 1454
204 200 333 540 684 793 1318 1320 1387 1409 1441
573 495 540 1318 1358
682 168 200 513 561 778 1003 1209 1268 1387 1490
684 286 419 642 789 1003 1041 1209 1385 1387 1490
717 200 540 626 699 1003 1385 1393 1454
953 175 256 286 333 1243 1378
1318 168 200 303 540 699 1041 1320 1393 1454
1358 168 495 1365 1378
1393 168 200 345 699 1041 1320 1385
1454 540 699 1051 1490
62 87 588 937
87 588 881 937 1008 1030 1161 1391
588 90 284 393 741 881 1117 1433
937 338 412 690 950 1094 1161 1173 1371 1435
63 264 595 696 744 748 934 1082 1332
264 614 749 958 1033 1073 1411
595 110 191 574 949 1040 1154 1450
696 308 614 781 934 1220 1332
744 259 292 490 998 1073 1220 1234
748 81 225 507 614 1237 1332 1419
934 259 270 569 570 1073 1214 1234 1334 1434
1082 81 218 625 685 1255 1419 1440
1332 250 685 1000 1180 1434
64 235 762 1314 1476
235 110 209 566 620 627 751 1203 1314 1495
762 466 751 818 861
1314 124 222 229 651 829 880 1040 1175 1203 1345 1426 1476 1491
1476 124 291 317 488 596 651 829 887 1166 1175 1203 1274
129 114 135 475 604 669 932 936 1012 1150 1168 1222 1376
135 187 190 195 197 604 741 1096 1150 1168 1376
432 220 399 844 930 936 1096 1261
443 618 844 894 1036 1311
825 309 635 980 1155 1173 1206
894 399 604 618 661 974 1036 1170 1287 1311
930 776 844 932 936 1047 1096 1150 1469
1261 844 1047 1063
1376 98 412 604 1012 1020 1047 1094 1150 1161 1168 1222
66 597 705 721 883 1264 1283 1357 1359
597 75 468 564 580 642 888 1359
705 191 426 574 783 888 1181 1195 1264 1369
721 106 150 222 468 574 580 596 783 1203 1274 1485 1496
883 287 384 643 681 874 904 1223 1457 1464
1264 466 481 783 860 949 1166 1195
1283 821 1022 1060 1348 1485
1357 148 222 481 751 888 1286
1359 75 231 303 481 1286
67 198 373 457 476 606 875 928 1188 1397
198 103 407 451 476 1276
373 94 296 409 520 583 648 1048 1188 1276 1405 1439
457 406 476 928 1103 1394 1405
476 296 382 463 583 928 1103 1188 1218 1354 1397
606 322 523 583 630 702 816 875 961 1048 1343 1348 1352
875 94 895 928 1276 1306 1453
928 94 409 583 702 865 1103 1352 1473
1188 306 702 867 1276
1397 94 322 530 895
68 147 348 372 482 555 679 759 852 1056 1144 1213 1451
147 120 293 323 348 555 755 759 963
348 482 539 589 852 938 1056 1063 1159 1244 1413 1451
372 120 155 586 589 679 1056 1213
482 240 248 541 742 1054 1102 1153 1282
555 107 155 221 378 1063 1271 1282
679 107 240 589 742 747 759
759 155 195 248 378 613 666 708 761 779 938 1063 1159 1213
852 248 613 725 742 938
1056 240 539 589 666 695 779 1213 1451
1144 120 155 181 221 452 522 761 873 1447
1213 240 248 541 586 708 742 755 938 963 1102
1451 155 221 425 522 963 1054 1282 1413
98 90 412 421 724 741 936 1027 1168
690 90 190 294 421 881 1008 1117 1498
1008 90 298 385 412 458 475 741 881 1168 1222
70 105 361 424 437 524 542 978 1298 1415 1416 1489 1499
105 205 410 424 460 524 687 931
361 460 1042 1298 1436
424 157 1042 1186 1288
437 137 576 1489
524 228 245 514 542 847 978 1014 1042 1050 1186 1436
542 245 343 1014 1415 1499
978 931 1087 1288 1363 1390
1298 343 512 757 1186 1395 1499
1415 460 1186 1416 1489
1416 1009 1145 1186 1436
1489 460 576 931 1014 1042 1050 1186 1221
1499 245 514 672 847 1014 1017 1050 1436
71 1315 1414 1440
1315 208 746 1496
1414 150 170 580 854 1100 1485
1440 304 463 1013 1022
72 159 419 547 1010 1128 1259 1268
159 329 345 456 469 513 642 1071 1134 1259 1441 1490
419 469 654 801 924 1128 1387
547 168 478 513 1044
1010 168 351 367 469 1071 1086 1134 1325 1423
1128 115 200 345 478 513 924 1320
1259 75 193 223 351 469 561 612 642 654 804 1071 1078 1268 1303 1442 1488 1490
1268 337 351 1209 1387 1445 1490
101 398 635 775 900 961 980 1024 1152 1173 1335 1394
907 398 890 1394
1129 152 409 583 641 853 1048 1152 1305 1306 1343
1152 406 635 890 1173 1275
1229 366 697 853 1027 1394 1487
1305 890 1024 1306 1352
1394 254 397 398 961 1070 1275
233 246 568 645 792 904 910 926 1304 1348 1457
380 208 315 384 505 550 788 908 926 1165
568 216 246 870 910 1339
75 349 1100
349 231 381 645 720 774 804 1304 1348
1100 170 665 774 986 1060 1181 1428 1485
76 127 230 407 477 517 637 664 1038 1214 1253 1465
127 112 173 230 451 477 637 841 1180 1218 1334
230 77 210 477 510 577 836 841 945 1021 1180 1214 1237
407 296 322 368 520 579 621 1028 1276 1439
477 83 185 189 225 577 735 816 841 1013 1038 1180
517 189 520 577 648 945 1038
637 353 577 735 816 867 945 1124 1340
664 685 945 1029 1038 1237
1038 165 225 250 739 1029 1340
1214 112 210 577 790 1124 1127 1253
1253 211 577 945 1029 1033 1127 1218
1465 180 400 1255
77 103 185 331 368 463 520 532 569 579
103 185 331 368 582 621 992 993 1197 1396
185 83 306 463 532 621 1197 1270 1276
331 84 210 463 510 579 621 739 1309 1340 1473
368 382 474 523 1405
463 510 532 569 739 945 993 1180 1247 1270 1473
520 250 532 579 621 648 867
532 218 311 382 945 1340 1343 1439
569 84 382 621 993 1183
579 189 992 1029 1439 1473
78 212 557 599 1227 1238 1425
212 156 179 330 513 561 599 768 789 793 794 874 1091 1238 1442
557 145 176 193 534 1227 1481
599 179 214 223 345 376 612 629 653 888 1441
1227 160 162 193 287 1221 1238 1329 1382 1401 1442
1238 162 183 732 970 1139 1329
1425 548 976 1221 1329 1363 1398
79 186 304 1085 1263 1334
186 1085 1263 1334
304 211 746
1085 173 211 1013 1124 1165 1430
1263 218 222 552 638 1248 1419
1334 499 506 841 1029 1033
191 85 426 536 949 1062 1411 1492 1496
841 173 189 426 510 735 1029 1218 1237 1247 1248 1250
1237 136 582 625 783 1021 1248 1419
81 292 570 1419 1434
292 445 462 531 628 947
570 189 1411
1419 189 218 313 507 625 1033 1248 1434
1434 259 270 507 614 749 781 1180 1411
379 154 214 223 258 534 592 629 645 891 957 1363 1392 1398
1190 117 223 243 329 456 534 788 874 888 957 1035 1069 1457
1398 88 766 1221 1277 1382
83 112 523 593 790 867 1352
112 189 353 577 715 816 867 945 1013 1127
523 499 624 851 867 971 1124 1138 1352 1380
593 506 715 790 816 823 836 1185
790 641 715 1013 1421
867 210 366 499 657 735 823 1247
1352 499 697 1127 1347 1487
84 306 582 739 743
306 93 164 582 621 993 1309
582 584 992 993 1029
739 189 296 577 621 735 816 945 1218 1247 1270
743 322 451 992 993 1028 1183 1197 1309 1396
85 426 498 627 854 1123 1154 1166 1169 1369 1426 1450 1492
426 222 490 536 552 562 949 1062 1248
498 217 313 536 627 1123 1169 1195 1286 1426 1492 1496
627 299 504 628 864 1123 1166 1169 1450
854 466 751 864 1040 1166 1169 1175 1426
1123 488 531 628 861 998 1040 1407 1491 1492
1154 217 818 861 1062 1104 1248 1486
1166 222 488 649 651 887
1169 291 466 490 552 818 1040 1097
1369 291 504 536 574 617 751 949 1040
1426 222 291 317 504 562 646 887 1203
1450 417 574 617 774
1492 170 490 1104
611 757 1338 1390 1458
663 107 550 613 1271 1339 1458
908 870 910 1339
1271 805 986
1458 255 707 720 1413
1481 145 805 1221 1288
881 385 489 1117 1149 1433
1030 294 338 391 1083 1433
1161 114 190 298 421 724 741
1391
88 145 176 576 766 767 902 1431
145 459 1288 1363
176 258 273 534 653 805 1329 1382 1431 1488
576 157 205 343 512 548 902 931 976 1087 1390 1436
766 672 1009 1017
767 243 534 548 654 1400
902 376 548 732 796 838 1114 1363 1382 1383 1480
1431 193 243 329 410 456 534 1069 1303 1329 1480
639 90 338 489 594 635 809 1498
890 423 1155
1258 1389
90 114 809
114 190 421 604 724 936 1135 1150 1222
809 143 294 385 1083 1435
174 309 436 900 1027 1206 1377
187 113 444 496 916 1498
750 378 436 669 1005 1380
900 241 797 1012
1080 309 397 472 1027 1171 1224
1135 797
863 500 546 1280
1217 104 771 1293
1367 500 1244
1432 240 334 1245
93 422
422 180
94 366 409 583 630 1343
366 853 1048 1070 1306
409 1048 1070 1306
583 322 630
630 189 382 530
1343 1048 1138 1247
95 821 1159 1260
821 323 1338
1159 107 181 195 293 323 522 589 613 669 707 708 747 1245
1260
96 631 833 1006 1349
631 431
833 454 1006 1349
1006 1349 1438
1349 1028 1438
1101 780 781 947 1037 1234
1215 219 308 1039
412 298 458 741 1012 1155 1206
421 190 521 724 776 932 1150
724 190 298 441 776 936 1047 1222
741 190 241 298 385 475 1012 1222 1498
936 197 475 845 932 1498
1027 241 309 475 590 1371 1377
1168 241 284 385 441 458 1150 1163 1206 1498
634 160 410 796 976 1288
796 460 931 976 1382
1087 456 976 1390
1221 460 1288
1288 653 976
510 210 211 1218 1340 1430
945 250 353 648 1033 1124 1127 1218
1255 210 680
398 254 397 1048
635 441 980 1020 1163
775 309 474 590 1275
961 406 1103
980 152 406 441 966 1024 1173
1024 152 1173 1447
1173 152 1335
1335 190 284 441 604 853 1275 1371
291 222 488 504 751 1040 1175 1203
536 222 504 574 617 638 695 783 1496
811 490 552 566 574 615 864 1000 1104
621 164 993
992 296 584 1028 1197 1276
993 322 584 865 1183
1197 164 382 451 1028 1439 1473
1396 763 1028 1183 1276
104
205 460 514 672 757 931 1186
410 384 534 788 804 805 910 1035 1069
460 512 514 931 1042 1390
687 166 343 847
931 157 834 1014
106 222 396 468 651 857 1491
222 488 617 751 818 887 1364 1491 1496
396 115 124 455 596 888 1023 1097 1274 1466
468 115 150 367 417 564 751 857 912 1002 1491
651 466 574 617 1491
857 1491
1491 124 562 564 829 1274 1307 1365
107 181 293 323 378 425 522 666 708 747 758
181 195 425 656 666 760
293 323 708 760 779 1224 1250
323 195 539 747 760 1053 1413
378 207 221 248 452 541 589 761 954 1043 1102 1272 1282
425 195 589 708 747 758 760 1063 1224 1250 1413
522 155 221 541 613 666 669 779 1282 1447
666 221 1250
708 589 613
747 155 248 613
758 195 760 779
286 144 540 801 1041 1385
495 1003
1041 626 801 1044 1086 1385
1044 168 403 478 860 1441
109 308 462 781 998 1234 1486
308 119 781 958 1037 1073 1119
462 119 781 947
781 711 1073 1411
998 566 810 818 861 864 1486
1234 119 227 810 1220 1486
1486 110 119 947
110 299 566 1248 1495
299 566 704 861 864 1112 1220
566 158 615 861 1200 1386 1409
1248 218 246 628 949
1495 209 227
1390 1145 1186 1329 1383
189 210 577 685 1180 1218
353 210 211 296 382 429 499 577 695 1013 1127
577 210 648 971 1180
715 173 506 657 678 823 1013 1218 1270
816 211 474 735 971 1247
1013 506 657 836
1127 211 657 678 823 971 1005
113 309 458
309 121 436 444 472
458 604 1072 1498
190 475 521 1094 1222
604 197 475 845 1012 1047 1150
1150 475 521 590 1012 1047 1311
1222 1094 1285 1498
115 261 344 792 872 1002 1086 1097 1307 1325 1364
261 455 1097 1325 1493
344 355 455 880 912 956 1023 1097
792 150 178 194 203 246 550
872 200 912 1267 1407
1002 229 389 596 912 1345 1365
1086 124 403 478 497 912 1023 1274 1325 1409
1097 455 1023 1274 1466
1307 124 317 562 646 829 880 912 1090
1325 256 403 1409 1418
1364 497 1409
315 464 643 1148 1165
556 216 231 287 643 645 804 888 910 986 1256 1304 1464
707 586 695 1224 1413
1111 178 505 550 1022
117 179 310 330 561 846 957
179 330 363 612 632 778 838 846 1091
310 183 330 363 768 778 874 914 942 957 1091 1139 1327
330 156 214 329 363 561 768 778 914 1075
561 363 430 450 513 846 942 1091 1139 1441 1445 1459
846 376 592 632 768 891 1075 1091 1442
957 183 193 258 279 376 612 768 838 874 1075 1139 1418 1442 1488
474 436 1005 1340 1377
853 171 369 641 713 1306 1389
1048 322 1417
1138 685 697 823 1306
1306 406 797
1487 1070 1185 1421
119 445 810 828 1203
445 615
810 217 615 861 947 1200
828 180 551 947
1203 317 389 646 829 859 1040 1274 1365 1466
120 334 586 755 1245 1250 1278 1413
334 221 586 589
586 539 589
755 157 240
1245 155 240 539 1063 1106
1250 613 1413
1278 560 609 693 742 963 1153 1244
1413 589
121 152 436 590 1187 1206
152 369 916 1124 1275 1377
436 441 444 472 590 1005 1053
590 241
1187 669 1171
1206 496 776 1275
317 229 455 751 887 912 1148
488 231 504 645 1040 1496
504 313 466 617 665 751 818 887 1040 1181
562 751 1175
649 620 1026
887 136 829 1175 1407
1175 124 170 646 1040
1407 124 148 229 646 829 1023
227 620 751 975 1345 1493
1112 209 704 818 861
1200 217 861 1220
1257 531
1345 818 1386 1493
1493 704 975
124 229 469 596 646 859 1090
229 389 596 818 829 912 1040
469 148 243 351 367 642 793 1303
596 389 455 497 859 1023 1365 1409
646 912 1090 1286 1466
859 256 829 1090 1466
1090 912 1023 1071 1365
150 194 231 481 665 1148 1165 1181
552 231 313 1062
617 574
638
1148 231 564 665 783 1195 1496
1165 194 580 643 645 665 720 904 986 1256 1428 1464
1181 194 481 1060 1195 1428
171 241 397 472 1005 1447
624 550 836 1177
1025 192 671 1177 1380
1177 613 656
1380 669 671 1005
173 506 836 1439
451 382 400 763 1183 1309
1180 507 685
1218 210 657 685 1247
282 158
829 869 880 912 1023 1026
880 912
475 521 776
669 241 1053 1272
932 521 776 844 1287 1311
1012 496 521 1498
1472 207 244 972 988
131 136 165 711 712 958 1204
136 614
165 164 711 712 958 1037 1204
711
712 431
958 1073 1121
1204 270
1155 294 1072 1083 1371
1275 254
614 1220
898 431 701
1022 178 203 550 1233 1317 1428 1496
1347 760
195 760 1224
197 496 1311
1096 844 1287
137
143 1371
294 338 1149
338 284 1083 1149 1167 1435
950
1149 1167 1435
512 228 889 1050
757 328
1329 376 838 1277 1383
1436 514
140 219 326 670 780 1039 1119
219 326 689 1119
326 670 927 1039 1119
670 180 689 780 1037 1119
780 689 1037 1039
1039 180 689 1119
1119 701
157 800 1042 1059
1411 259 749 1073 1220
1438 180 701 1037
1371 311 1167
144 607 737 1067 1267 1326
607 585 626 737 1378
737 256 585 869 1092 1241 1296 1326
1067 167 175 355 518 1296
1267 869 912 1026
1326 869 885
459 223 345 351 456 654 681 924 1035 1209 1441 1442
1363 548 653 732 976
505 208 464 643 1304
1233 255 656 1317
963 742 1106
148 246 502 564 642 888 1348 1428 1464 1466
246 329 502 643 645 665 692 788 870 888 904 910 1223 1256 1365 1457
502 564 774 888 956 1423
564 1078 1256
642 256 497 778
888 417 643 645 793 956 1256
1348 203 645 720 870 1428
1428 178 194 464 665 774 926 1485
1464 329 381 417 788 1035 1223 1400 1457 1496
1466 303 912 924 1023 1286 1409
256 497 1409
1026 1274
194 986 1023
231 481 643 665 870 1485
481 665 838 1274
665 1485
151 223 345 789 874 1392 1442 1488
223 363 612 653 789 891 942 1003 1069 1071 1139 1320 1383 1392 1488
345 156 329 456 612 778 942 1139 1209 1423 1459
789 156 430 632 654 778 1327 1356 1445
874 156 337 456 768 778 914 1139
1392 273 456 534 592 612 1035 1139 1480 1488
1442 156 279 363 612 1091 1209 1488
1488 273 363 381 384 456 804 891 1139 1480
369 241 916
916 1377
1124 211 657 1270 1340
1377 241 397
154 243 534 804 1400
243 193 381 1035 1441
534 258 592 653 838 1035 1256 1480
804 258 273 381 788 1069 1114 1400
1400 258 384 774 788 904 1256
155 221 539 560 695 1063 1224
221 248 539 560 873 954
539 695 742 1244
560 609 693 725 1455
695 255 613 760 1224
1063 248 779 1102 1282 1287 1447
1224 760
156 183 778 794 1277 1480 1490
183 160 942 970
778 363 430 450 768 794 1071 1091 1459
794 430 838 891 914 1091 1327 1441 1459
1277 548 976
1480 258 376 456 548 592 788 891
1490 1387 1445
800
1042 514 1059
1059
158 537 620
537 620 1133
620 975
329 367 381 456 692 768 774 1134 1303 1423 1445 1457
456 287 351 430 654 681 860 970 1114
513 801 1003 1209 1356 1387 1423 1441 1459
1071 351 497 793 860 1409
1134 351 403 1078
1441 653 1035 1459
160 279 732 970
279 351 376 970 1075 1091 1139 1383 1459
732 1009
970 612 632 838 1401
1133 518
162 976 1401
976 1383
1401
385
489 594 1083 1117 1435
966 406
1163 1072
1285 1020 1389
164 296 382 865 1183 1276 1405 1473
296 648 971 1439
382 1340 1439 1473
865 1439 1473
1183 1309
1276 584 763 1270 1439
1405 584 702 763 1354
1473 678 702 1270 1340
1037
166 244 357 465 972
244 972 1179
357 207 546 988 1046 1179
465 265 546 834 849 889 972 1046 1293
972 546 889 988
167 626 1296
626 175 965 1378
1296 585 885 1092 1241 1378
168 200 1387
200 478 540 1409 1445
1387 337 654 956 1445
727 1339
1338 255 1114
170 490 783 949 1000 1040
490 218 507 628 749
783 751
949 313
1000 217 615
1040 574 751 956
241 397
397 440 1005
472 496
1005 192
1447 656 1171
506 211 823 836
836 746 1018
1439 851 1121
175 585 965 1378
585 333 722 801
965 1092 1243 1378
1378 1051
258 273 367 681 891 1035 1459
273 592 805 838
653 891
805
1382 193 376 548 1383
313 1062 1104
429 507 1018 1021
178 910
910 216 287 381 384 645 788 926 1223
363 430 450 612 629 632 768 914 1003 1091
612 376 838 891 1075 1091
632 838 914 1445
838 193 376 548 592
1091 376 768 1139
180 927
927 259 454
656 192 671 760
760 1053
245 228 328 514 672 1050
1145 1050
1186 514 1017
942 430 768 1327 1356
441
1270 210
444
496 220 974
1498 298 1094
845
210 678 1247 1340
685 823 1021 1029
521 844
1094 298
1062 217 466
1496
192 1185
1185 797
193 214
214 376 629 914 1139
986 384 643 720 774 870 926 1304
1023 303 403 455
207 546 889 951 988
500 251 693 1293
847
1046 546 849 889 988
1311 661 1036 1272 1287
478 455 860 1320
540 1320
1409 497 1274
1445 1209 1459
713
1417
203 645 720 870 1485
645 287 550 774 870 926
720 216 904
870 643 774 1485
1485 1060
333
793 497 681 692 904 1418
1320 1385
514 519 548 1050
672 228 328
983 722
546 228
889 265 988
951
988 884 1179
208 1317
1317
209 628 704 975 1386
628 615
704 217 1386
975
1386 818
678
1247 1340
1340 1430
211 657 697 735 1430
657 735 1430
697
735
1430 580 648 971
768 450 914 1327
912 885 1365
1274 389 455
1286 303
1365 389 455 860 924
376 629
629
914 430
1139 450 891 1075
550 926
216 287 904
287 788
904
217 615 861
615 861 864 947
861 531
218
689
220 776 1036 1287
776 1036
1036 365 399 844 974 1102 1287 1360 1469
1287 974
248 661 761 873 1043 1171 1282
873 541 609
954 541 609 719 1054 1170
751 466 574
818 466 864
891 430 592
1003 1356
1069 654
1383
947 531
225 507 625 680 1021 1033 1104
507 1033
625 1021 1029
680
1021 1033
1033 1018
1104
1053 779
228 289 1014 1191 1395
289 1014 1191
1014 343 1050 1395
1191 1313
1395 544 834
389 497 518
643 1223 1303
548 1009 1075
926 774 1060 1304
1304 384
1457 351 681 1078 1114 1256 1303
393 1435
594 391
1117 284 1167
693 871 1054 1153 1244
871 771 1244 1293 1455
1153 609 1244
1244 938 1106 1293
849 265 834
343 834 1292
240 589 1106
589 613
1106 771 779
303 417 455 956
417 466
381 367 692 1114
1035 384 592 1114
1179 251
328 1017 1050
1050
692 351 367 681 788 1114
788 1114
1223
1256 1418
1195 580
661 1054 1102
761 1043
1043 365 399 541 1054 1360 1374
1171 779
1282 1272
250 749
749
251
742 541
254
255 1269
1269
497 455 801 924
367 654 681
681 430 1303 1418
1459
259
797 440 641
971
455
1418
391
1073 270 454
265
774 384
1339 384
1072 1167
284 1083
1083 1020 1167
270
466
864
592
1020
440 671
1421
351
1075
746
584 322 1354
801
1385 699 1243 1356
1060 580
531
779 452 1102
648 499
403 924 1423
860 1078
298 1047
1047
1220
844 399 1469
956
1309
574
1327 337
311 423
423 1389 1453
519 1292
544 1313
1292
464
580
974 399
1272 452
322 851 895 1354
851 895
895 763
1354 763
613
1017
1303 654
1423 1209
337 430
430 450 654
1167 1433 1435
1435
834 1280
355 869 885
1209 450 924
1051
938 365 541 1374
1009
499
869 518
885 518 722 1057 1092
454 1121
518 722
1057 722
1241
641
823
450
1360
365 879
879 541 609 719 1455
1070
654 924
1092
452
541 1102
1102 399 1054
384
1114
399 618
618 1170 1469
400 1121
1121
719 1054 1170 1455
924
406
1028
1389
1453
1018
431
722
671
763
1103
1280
1293
1054 1455
725
771 609
1078
1356
530
1313 884
884
551 985
985
609 1455
1455 1170
701
1469
1170
1029
1433
702
699
1243
1374
