0 607 687 733
607 586
687 242 675
733 103 272 396 534 842 987
1 778 979
778 16 719 856
979 301 685 861
2 707 727 944 977
707 30 39 295 727 804
727 4 452 804 827
944 398 566
977 295 452 804
3 103 184 207 576 859 908 921 933 987
103 159 396 534
184 53 250 908
207 72 162 645 683
576
859 24 272 645 987
908 746 795 838 953 968
921 250 683 718 939
933 519 534 746 931
987 272 396 624 799 931
4 45 827
45 297
827 135 176 387
5
6 94
94 916
7 140 877
140 271 382 709 724 850
877 249 709 849 878
8 25 225 233 433
25 44 593 636 756 867
225 433
233 190 756 845
433 244 642 711 806
9 164 320 431 629 753
164 183
320 183 325 341 613
431 332 927
629 332 415 753 846 861 891 927
753 861 927
10 59 264 270 666 899
59 17 299 373 437 598 653 781 957
264 251 265 383 467 620
270 277 694 896
666 522 566 603 620 938
899 591
11 96 465 533 673
96 50 215
465 343 443 755 826
533 215
673 117
12 787 834
787 273 834 898
834
13 317 378 745 788 825 897 935
317 98 463 527 580 836 986
378 125 185 658 805 935
745 269 377 788 825
788 692 805 935
825 527 684
897 98 192 222 740 805 821
935 125 300 339
14 51 150 288 406 442 595 688 937 998
51 31 64 73 152 282 449 458 634 807 975
150 178 294 449
288 48 136 296 410 609
406 31 702 752 872
442 210 216 379 478
595 299 373 907 937
688 64 296 327 437 462 937 988 998
937 17 241
998 296 327 781 980
15 218 314 612
218 335 670 965 981
314 343 612 616
612
16 719 794 833 876
719 333 794 876
794 333
833 333
876 174
17 154 373 410 439 609 750 975
154 136 281 502 515 611 750 928
373 241 515 928
410 439 502
439 303 632 736 750 928
609 109 351 502 676 750
750 48 294 502 550 614 736 988
975 73 114 240 634 641 807 988
18 313
313 75 597
19 87 305 328 506
87 904
305 394 506 801
328
506 345 394 801
20 138 487 526 575 678
138 85 405 413 495 511 803
487 375 424 495 639 803
526 126 197 369 405 438
575 34 359 413 741
678 375
21 67 593 651 741 810 879
67 511 639 640 902
593 306 422 636
651 147 581 810 912
741 85 495
810 80 190 200 562
879 62
22 293 353 380 720 735
293 353 720 864
353 151 246 339 363 372 386 720
380 222 248 720 735
720
735 110 235 246 339 440 658 831 864
23 212 837
212 201 261 266 765 924 954
837 660
24 242 273 549 675
242 549 552
273 203 675 898
549 675
675 161 203 586
44 538 618 852 990
636 181 306 481 523 532
756 57
867 424 626 776
26 57 72 290 983
57 381 525 599 743
72 304 610
290 53 231 699 713 953
983 696 713 889
27 169 358 992
169 287 918 941
358 440 517 941 997
992 367 432 560 685
28 155 551
155 86 361 444 532 901
551 84 129 199 236
29 871
871 185 440 621
30 171 393 635 994
171 131 395 450 515 811 863
393
635 308 423 508 858
994 228 579 690 961
31 807
807 64 71 327 449 596
32 195 239 323 368 528
195 123 330 368 459 590
239 209 323 590 699 739 953
323 699 739 889
368 538 590 618 708 830
528 304 483 699 713 862 931
33 123 177 361 381 743
123 525 618
177 422 553
361 381 422 990
381 422 743
743 652 923 990
34 153 175 198 639 659 706
153 128 175 192
175 311 359 375 405 626 791
198 495 790
639 197 369 495
659 185 893
706 40 347 710 776 857 971
35 118 682 786
118 307 334 556
682 786
786 130 638
36 348 413 481 494 626 852 912 923 990
348 767 912 932
413 481
481
494 202 767 923 932 990
626 638 767 971
852 230 581 923 932 990
912 424
923 147 230 581
990 97 324
37 102 316 329 337 661 799 905 943
102 249 329 905
316 249 337 421 757
329 120 645 746 757 849
337 84 120 217 586 746 882
661 421
799 159 161 645 718 749 841
905 683 796 849 939
943 84
38 174 485 919
174 685
485 843 919
919
39 91 356
91 52 356 579
356 579
40 128 347 710 730
128 211 359
347 476 556 637 680 857
710 401 476 608
730 211 777
41 152 191 392 702
152 205 501 596 806
191 71 205 294 392 429 501 711 960
392 449 536
702 352 461 582 732 761 872 930 970
42 340 430 996
340 224 714 811 848 973
430 193 194 224 464 848
996 251 303 469 669 903 973
43 349 883
349
883 186 398
538 767 817 916 942
618 202 769 830
297 137 435 452 457 518 579
46 252 366 530 548 704
252 173 390 617 704
366 229 479 509 674 824 955
530 268 390 780
548 268 275 663 679 829
704 617 824
47 188 346 414 853
188 234 427 497 728 868 913
346 446 535 539 655 824 853
414 728 780
853 145 268 535 728 950
48 119 303 472 632
119 496 502 510 736 860
303 241 299 515 522 598 703
472 73 107 888
632 515
49 376 884
376 271 390 568 674
884 173 509 512 674
50 564 748 773
564 165 215
748 106 168 773 963
773 70 106 168 920
64 294 449 583 988
73 496 583 888
282 71 429 583 752
449 109 988
458 371 467 478 591 789 854
634 596 641
52 490
490 447 754
53 284 374 541 699 878 953
284 336 411 455
374 237 610 622 699
541 237 411
699 209 237
878 199 249 662
953 713
54 256 267 292 308 605 731
256 643 793 800
267 544 731 816
292 208 557 592
308 131 731
605 508 579 989
731 423 602 821
55 69 117 343 826
69 89 117 263
117 163 443 670 701 917
343 263 408 917
826 335 701
56 100 815 875
100 315
815 412 434 471 478 693 789 910
875 210 615
525 97 104 459 532 599 638 652
599 231 459 553
58 828 887
828
887 110 160 448 557 588 657
299 522 928
437 342 542 881 907
598 397 542 928
653 342 591 854
781 327
957 371 854 938
60 126 247 377 517 580
126 192 495 563 893
247 235 260 339 377 440 527 812 986
377 185 454 740 893 902
517 289 790 997
580 98 463 740
61 76 389 545
76 133
389 286 934
545 954
62 401
401 971
63 261 266 601 644 677
261 520 601 665 954
266 357 601 869
601 520 627 665 677
644 163 187 600 615 763
677 201
294 109 351 412 583 596 641 907 928
583
988 109 379 907
65
66 124 468 716
124 187 594 716
468 716
716 163 742
511 405 902
640 585 839
902 527 563 791 986
68 187 521
187 75 105 558 594
521 89 779 873
89
263 99 616
70 963
963
71 220 429 536
220 391 403 711 960 993
429 596 751 839
536 205 391
304 231 344 889
610
496 219 960
888 109 596 736
74 512 797
512 173 354 421 509 797
797 364 668
75 729
729 141 672 966
133 559 914 934
77 436
436 216 597 784
78 209 649
209 656 737
649 546
79 280
280 359 375 563 803 893 932
80 642
642 585
81 248 363 592 819
248 110 372 819 821 951
363 222 808
592 269 588 686 692
819 821
82 544 550 721 760
544 589 793 895
550 404 537 565 814
721 132 814
760 602
83 744 868 913
744 145 279 868 955
868 206 226 360 382 820
913 134 234 470 647
84 354 421
354 268
421 345 382 849
85 219 324 350
219 232 238 945
324 350 480 573
350 438 631 844 993
86 523
523 200
904 488
88 630
630 426 811
90 469 473 603
469 265 473 603 866
473 398 464 603 694
603 464 620
579
92 622 925
622 237 451
925 862
93 856
856 333 613
916 546 619 909
95 229 479 820 824 950
229 145 360 382 679 724 824 926 950
479 824
820 145 249 824 829
824 382 509 577 926 950
950 674 829
215
97
98 463 740
463 132 384 527 835
740 235 260 527 986
99 166 628 855
166 165
628 167
855 616
315 221
101 226 460 623 722 809
226 243 623 717
460 149 206 540
623 112 134 257 420 922
722
809 985
249 570
159 272 842
396 272 749
534 272 516 624
104 113
113 553
105 597 672
597 141 558 600 930 946 964
672 399
106 851
851
107 972
972 178
108 258 400 582 772 956
258 524 582 664 667 732 906 956
400 370 559 667 717 770 802 806 956
582 514 524 571 664 761 956
772 114 872 956 970
956 352 667
109 351 412 614
351 296 614 764 928
412 296 327 379 478
614
110 448 684
448 951
684 492 557 588 658 793
111 217 223 364 394 746 974
217 322
223 968
364 488 668 882
394 488
746 505 757 882 968 974
974 488 757 775
112 204 243 286 420 991
204
243 142 647 922
286 206 257 497 991
420
991 497 922
553 683
114 641
641 240
115 326 435 457 513 858
326 137 447 858
435 387 457 654
457 176 518 890
513
858 690 961
116
163 484
443 981
670
701 335 981
917 616 981
307 196 321 334 638
334 476 567
556 569 608 637 680 857
502 491 565
510 585
736 522
860 426 676
120 505
505 967
121 352 520
352 752
520 665 869
122 143 245 419
143 265 383
245 407 419 499 766
419 407
594 779
125 222 384
222 246 254 386 658 774 831
384 185 235 621 658 831 986
192 555 790 997
495 438
563
893
127 362
362 244 309 747 993
211 416 561
359 197 777
129 149 199 500 570 648 662
149 279 500 625
199 236 500 570 648 796
500 570 577 648 662
570 236
648 474 698
662
130
131
132 844
844 388 438 477 885
559 627 667 705 802 847 906
914
934 660
134 146 723 901 948
146 181 206 698
723
901 206 540
948
135 452
452
136 172 491 565 783
172 793 816 984
491 179 417 565 783 800 814
565 179 537
783 281 793 814 984
137 387
387 654
405 197
803 185 476
139 185 235 631
185 310 835
235 864
631 527 658 831 836
271 173 345 674 850
382 145 625 829 955
709
724 145 725
850 173 345 577
141 558
558 365 615 946
142 257 497 999
257 982
497 360 535 547 647 655
999 456 503 689
265 251 669 874
383 251 291 591 669 874 896 903
144 585
585 238 839 945
145 173 298 456 725
173 568
298 427 470 725 922
456 234 503 647 780 982
725 698
181 422 845
206 625
698
147 202
202 590 830
148 259 425 554 560 646 840 891
259 560
425 287 445 555 569 798
554 671 918
560 646 891
646 891
840 415 861 891 918
891 861
279 577
625 577 915
178 596
151
205 403 501 664 715
501 806
596
806 309 403 747 792
281 241 814 816 895
515
611 441 928
928 466
444 200 532 796 845
532 422
156 244 441 606 711 969
244 711 936
441 238
606 747 993
711 747 751
969 993
157 434 453 493
434 277 591
453 766
493 966
158 445 892
445 892
892
272 624
842
160 602 793 895
602 417 800 984
793 800
895 417 537 816 962
161 841
841 586 749
162 483
483 213 237 455
484 399 408 823 873
183
165 489 755 995
489 689
755 633
995
167
168
287 798
918 671 941
941 278 310
170 466
466 224 464 866
395 450
450 811 973
811 426 848 961
863 193 224 669 848
816 417
984
568 390
685 283 947
311 197 369 791
375 776 835
791
176 518
518 654 726
422
179 397 417
397 194 241 703
417 194 962
180 196 940
196 321 486 942 978
940
845
182 251 291 874
251 874 903
291
874
250 718 749
310 997
835 260 831
186 262 398
262 694
398 870
234 547 647 655
427 535
728 268 926
189 782 900 952 966 980
782 764
900 789 980
952 379
966 578
980 964
190
960 872
555 798
790 812
997 289 831 864
193 224 464 890 973
224 703 866 962
464 973
890
973 703 866
194 962
962 848
330 459 619
459 619 830
590
321 638 680
486
942
978 762
197 885
885 238 477
236
796
200 385
385
201 906
906 318 715 924
830 737
203 898
898 322
403
664 318 571 667 770
715 309 331 355
645
683
208 800
800 537
656 737
737
210 274 578 910
274 471 910
578 604 764 784 789 813
910
416 637 777
561 734 776
765 660
924 847
954
213 411
411 336 681
214 539
539 503 920
216 669 896
669 591
896 584
322
335 312 616 965
965 981
981
232 945
238 695
945 388 477 839
391 355
993
221
246 254 372 440
254
386 836
658 227 831 836
774 227 836
831 805 864 986
968 757
703
866 848
717 792
227
228 447 961
447
961 654
360 955
679 268 275 976
926 540 780 829 976
230 619 767 932
619
767
932 424
231 531 681
531 681 708
681
547 655
647 540
655 446 922 982
864 260 621 836
237 336
336
695
739
240 764
764 752
241 522
522
552 482 967
922
936
407
499 591
766
372
440 621
260 832 986
339 588
527 986
812 880
986
821 865
951 300 492 588 692
718 586 775 838
749 302
903 478 938
390 780
617 509 780
253 309 331 355 524
309 331 792
331 355 802
355 402 751 970
524 747 770
255 415
415 278 283 301
643 818
982
667 770
732 370
832
665 660
694
616
467 342 371 587
620 277 566 591 938
357 660 813 886
869 813
268 275 663 976
275 663 689 976
663 976
976
269 418 588
418 758 818
588 300 404 492
277
345
674 509 577
624 516
471
689 446 498
276 474
474
278 283 671
283
671 367
577
814
752 514
455
285 822
822
798
296 854
289
713
557 423
907 462 542 959
295
854 371
470
300 808
808
301 613 947
613
947 504
302 516
516
344 775 838
889
801
306 712 949
712 949
949 652
638 338
792
369
312
757 838 939
836
318 370 802
370 705 802
802 319 627 770
319 847
847 705
325 341
341
680 637
480 573
573
327 462
462 379 591 881
849 939
332 927
927
333
476 608 637 776 857
567 338 894 909
586
882 967
338
714
848
342
408
775
838
446 503 535
535 503
637 776
857 971
438
402
751 747
970
660
813 604 964
886 399 604
777
955
747 958
488 668
668
365 604 763 946 964
604 399 964
763
946 399 964
964 399
509
367
708
705 627 650 985
371 587
587 542
776
454
805 686
379 881
881 478
829
591
621
654
388
780
870
399
770
971
404 589
589 818
872 761
409
478
758 477 818
818
423 657
657 771
424
569
426
428
839 477
432
784
542
503
451
789
540
461
475 843
843
608
477 507
507 761
482
823 633
873 742
754 700
492 574 686 692
574
686
692
498
504
967
761
508
514 930
930
726 804
519
779
652
862 817
931 696
529 572 759
572
759
537
817
920
543
546
615 600
627 571 650
734
562
566
894 909
909
571
581 769
769
584
600
989 691
676
938
915
650
846
861
633
771
690
691 700
700
693
696 795
795
697 929
929
985
804
742
738
958
939
762
768
785
880
865
959
911
