0 103 296 474 523 576 762 803 1022 1043 1049 1108 1234 1321 1388
103 12 15 20 86 118 236 377 447 519 666 700 711 715 757 771 908 919 937 960 964 1000 1004 1011 1053 1058 1357 1451 1499
296 219 353 377 456 490 547 814 833 840 926 1048 1163 1181 1260 1372 1488
474 156 178 389 401 508 635 687 714 762 803 898 1004 1125 1216 1246 1330 1397 1403
523 98 260 324 325 481 607 612 729 870 926 948 994 995 1004 1038 1097 1143 1213 1386 1422
576 7 30 395 448 515 649 714 937 955 1022 1028 1047 1054 1090 1108 1476
762 164 174 178 368 687 700 704 714 994 999 1022 1108 1125 1286 1330 1421
803 160 194 647 687 700 704 714 864 937 1234 1246
1022 12 152 156 174 377 395 448 490 678 687 704 714 790 864 937 1028 1043 1048 1108 1234 1302 1321 1381 1451 1467
1043 30 156 211 353 377 383 395 508 646 661 790 937 1012 1049 1108 1234 1286 1321 1424 1467 1488 1494
1049 23 86 156 178 298 425 448 581 704 855 889 1054 1090 1108 1234 1260 1286 1302 1320 1321 1381 1403 1467 1475 1476
1108 178 244 377 448 506 594 704 729 884 937 995 1000 1047 1048 1209 1234 1286 1302 1321 1466 1476
1234 211 219 605 649 661 790 960 1020 1025 1028 1054 1388 1466 1467
1321 156 219 377 436 490 647 649 682 887 994 1025 1246 1320 1375 1381 1388 1424 1446 1467 1476
1388 211 219 303 325 377 395 605 638 661 700 960 1020 1025 1034 1048 1232 1424
1 463 1281 1295 1440
463 78 79 92 121 163 167 246 287 333 435 497 521 577 737 825 862 1051 1120 1327 1409 1419 1456
1281 92 167 294 310 331 412 521 694 718 727 747 1051 1244 1263 1289 1396
1295 167 203 213 266 294 310 412 426 438 531 747 781 782 826 1091 1258 1315 1387
1440 257 273 527 531 615 892 1116
2 36 135 304 460 507 549 550 665 734 765 908 927 972 1095 1106 1135 1215 1284 1307 1318 1354 1472
36 143 155 185 224 281 294 321 641 750 855 925 964 983 1011 1030 1119 1126 1184 1316 1483
135 14 162 234 297 420 432 508 638 764 835 888 896 927 939 1034 1042 1090 1126 1251 1288 1418 1472 1492 1499
304 119 237 276 294 333 478 519 524 527 695 771 837 849 946 1120 1184 1263 1461 1483
460 14 20 99 102 124 227 303 420 456 545 555 575 706 753 784 842 851 888 896 949 996 1288 1410 1450 1480
507 51 260 455 690 704 903 931 939 994 995 1020 1107 1190 1284 1394 1414 1418
549 114 172 276 432 526 835 895 906 927 939 1005 1034 1106 1318 1472
550 115 138 162 630 734 881 908 1168 1179 1183 1343
665 102 113 196 204 228 335 363 427 451 456 512 575 589 591 637 666 690 721 839 842 895 939 1182 1279 1303 1480
734 9 115 228 394 445 495 526 722 793 888 893 1095 1227 1343 1348
765 138 155 162 432 545 637 812 835 931 1106 1215 1251 1284 1305 1348 1477 1480
908 15 23 160 164 185 219 237 454 506 764 939 983 1163 1214 1215 1251 1288 1303 1434 1472
927 85 172 276 297 420 455 526 545 637 793 831 842 906 966 996 1082 1106 1214 1354 1418 1469 1492
972 303 455 508 743 931 939 949 996 1034 1106 1126 1163 1181 1262 1284 1288 1303 1348
1095 115 138 162 204 228 319 589 655 1131 1157 1182 1183 1227 1236 1410 1418
1106 15 85 155 758 939 1082 1215 1318
1135 85 123 138 140 162 172 214 418 439 495 630 674 893 983 1103 1214 1410 1418 1496
1215 234 316 432 455 996 1005 1082 1179 1469 1472
1284 14 23 363 395 666 764 888 918 1034 1064 1163 1213 1241 1282 1467
1307 214 280 367 403 503 633 758 767 930 1036 1082 1168 1183 1252 1485
1318 15 163 241 276 432 506 508 678 758 766 983 1000 1016 1034 1141 1214 1317 1469
1354 85 276 367 515 750 758 930 1183 1418 1455
1472 427 432 456 666 784 896 949 1082 1163 1240 1305 1348 1450 1477
3 65 80 108 125 191 216 231 461 464 851 859 968 1172 1352 1369 1402 1436 1459
65 68 207 216 230 384 439 464 504 628 744 754 851 859 1044 1084 1171 1192 1336 1367 1402 1457 1479
80 108 125 209 464 723 968 1084 1087 1171 1436
108 125 170 207 208 216 439 636 723 1144 1249 1352 1453
125 31 81 170 173 209 264 355 384 421 461 968 1063
191 852 907 1084 1172 1479
216 461 604 852 998 1084 1087 1192 1352 1479
231 33 171 221 275 475 489 496 728 773 843 1013 1148 1225 1360
461 37 81 421 791 852 915 998 1010 1044 1084 1171 1249 1254 1360 1453
464 81 384 421 754 791 907 1352 1369 1436 1459
851 37 116 489 628 723 859 929 998 1171 1266 1369 1402 1435 1479
859 120 402 504 533 628 645 1010 1336 1364 1457
968 81 116 247 275 384 496 669
1172 217 628 732 1084 1087 1352
1352 264 421 915 929 1254 1402 1459 1479
1369 31 209 264 366 411 421 669 723 728 845 1402 1436
1402 57 217 346 504 601 628 998 1087 1438 1453 1457
1436 81 209 247 421 636 669 723 754 1171 1453
1459 37 264 366 907 1044
4 33 280 351 387 411 475 496 500 689 1160 1360
33 388 471 489 604 703 843 1104 1366 1393 1400 1426 1448 1460 1470
280 114 123 251 397 439 618 674 689 810 1093 1168 1247 1335 1455
351 609 628 810 813 852 860 1127
387 326 343 403 439 618 684 689 901 923 929 930 1089 1093 1114 1176 1280 1360 1464 1479 1481 1485 1486 1491
411 31 116 326 366 475 655 684 775 785 845 1013 1089 1249 1344
475 37 116 177 230 293 439 489 509 633 773 831 845 1160 1171 1195 1360 1464
496 31 81 116 221 366 1160 1171 1277 1360 1378 1479
500 52 295 674 689 701 831 977 1103 1343 1435 1481 1496
689 207 343 439 611 684 845 846 1059 1114 1160 1171 1176 1183 1195 1344 1481
1160 31 37 230 245 272 343 489 767 845 867 982 1114 1195 1221 1393 1464 1481
1360 177 295 340 355 471 676 696 728 877 1420
5 84 202 338 358 486 499 510 542 566 686 733 805 817 880 894 935 952 974 1024 1109 1205 1310
84 449 467 470 534 542 566 574 585 651 697 733 745 817 880 894 897 1112 1310 1442 1484
202 16 111 112 248 263 371 449 554 566 588 733 735 745 1099 1109 1200 1294 1310 1447 1484
338 24 64 198 462 467 484 856 880 894 1112 1137
358 186 192 212 288 308 332 404 663 667 735 878 1081 1193 1205 1278
486 58 144 470 484 499 587 608 613 952 990 1068
499 111 158 334 470 484 510 566 574 585 613 697 856 1017 1096 1109 1206
510 112 458 530 540 742 819 894 957 980 1180 1229 1290 1465
542 158 192 467 470 520 574 686 952 1008 1137 1310 1337
566 229 308 319 357 370 449 467 574 653 686 745 792 799 880 1014 1031 1074 1109 1231 1310 1481
686 41 58 75 133 229 251 263 327 344 396 557 860 952 1099 1109 1137 1205 1231
733 142 181 248 251 308 370 396 462 470 585 613 745 799 805 848 880 952 1068 1220 1229 1363
805 41 58 64 142 151 158 181 223 248 557 706 799 918 990 1017 1068 1109 1200 1442
817 58 101 176 251 467 472 484 520 585 587 613 642 697 856 880 952 974 1109 1137 1229 1301 1310 1347 1462
880 122 176 186 251 327 344 363 449 467 470 484 520 557 608 745 1112 1233 1301 1447 1465 1484
894 176 511 530 599 745 792 974 1024 1137 1180 1229 1290 1337 1379
935 21 149 291 511 540 554 603 625 865 885 976 1118 1155 1159 1487
952 64 112 142 344 370 371 484 587 642 819 854 957 1014 1035 1109 1205 1206 1301 1337 1462
974 112 467 848 854 885 1037 1310 1442
1024 112 314 417 433 458 467 642 651 941 963 1035 1037 1159 1468 1484 1487
1109 142 151 186 263 449 587 1137 1206 1310 1484
1205 64 112 151 190 223 251 334 370 396 484 534 706 799 1014 1240 1279 1484
1310 75 223 229 370 458 467 520 574 1087 1137 1256 1294
6 137 154 168 317 430 680 853 921 1156 1239 1270
137 25 139 146 187 436 446 525 709 760 777 840 1039 1117 1158 1237 1399 1449 1478
154 26 45 109 376 390 395 440 552 612 656 677 760 814 820 832 948 959 995 1164 1273 1377 1382 1389 1404 1416
168 146 161 317 385 398 430 561 680 786 838 1033 1046 1060 1165 1223 1270 1272 1376 1399
317 225 446 581 680 969 984 1033 1046 1272 1493
430 127 166 225 808 863 870 944 967 1033 1046 1204 1226 1239 1489
680 128 161 166 312 398 924 1033 1060 1204 1223 1351
853 128 187 225 385 390 702 830 944 967 1046 1213 1226 1270 1373 1399 1478
921 128 136 446 660 702 777 838 912 938 967 1046
1156 128 161 166 398 561 752 808 870 1033 1204 1223 1237
1239 128 146 225 525 777 830 838 870 938 967 969 1046 1223 1399 1478 1489
1270 306 390 564 610 677 693 702 709 830 899 920 948 967 1033 1207
7 174 425 443 590 635 687 1094 1161 1216 1320 1330 1361 1482
174 178 443 536 724 882 898 1058 1062 1124 1403 1466
425 48 121 361 594 687 691 724 738 778 1047 1122 1124 1248 1259 1293 1386
443 548 590 834 1054 1161 1216 1320 1330
590 12 268 548 568 691 714 882 920 1054 1094 1217 1355 1381
635 714 1216 1421 1467
687 156 162 395 448 647 682 714 864 889 937 1125
1094 350 383 548 558 724 1062 1198
1161 17 423 1216 1320 1403
1216 46 481 834 1097 1125 1330
1320 401 490 691 1198 1286 1421 1482
1330 194 219 361 383 401 646 714 882 889 1246 1424
1361 243 536 600 778 914 1085 1124 1326 1329
1482 17 26 361 383 423 448 691 738 834 1125 1217 1397
8 10 40 54 157 205 221 295 434 657 685 756 891 1018 1071 1323 1426 1448 1460
10 77 134 199 293 365 544 621 1088 1212 1319
40 31 88 134 140 237 261 434 487 524 562 573 657 798 891 904 947 1138 1148 1309 1332 1432 1460
54 71 309 311 388 457 502 565 773 816 902 965 978 1070 1154 1235 1323 1336 1350 1445
157 170 177 189 241 261 272 487 562 657 783 793 891 893 901 923 947 1195 1261 1485 1491
205 134 270 293 301 476 487 493 559 572 606 621 736 883 902 970 1018 1023 1113 1261 1313 1441
221 89 140 177 245 295 326 343 413 489 604 624 688 758 783 846 902 1018 1036 1104 1148 1152 1225 1249 1341 1365 1420 1464
295 189 214 272 289 326 340 408 487 562 624 633 685 713 728 783 923 1148 1195 1261 1344 1365 1366 1444 1460 1481
434 50 239 272 311 313 419 657 877 965 1018 1086 1104 1268 1491
657 50 289 822 886 904 1018 1252 1332 1460
685 177 207 326 408 489 767 901 1065 1195 1225 1323 1344 1438 1460 1464
756 71 89 238 293 311 326 429 487 559 573 604 886 923 965 978 1018 1144 1323 1328 1341 1366 1441
891 140 261 622 798 886 1023 1432 1491
1018 189 245 502 503 559 606 923 1071 1104 1136 1148 1332 1341 1358 1426 1441 1491
1071 50 87 182 238 272 293 468 493 509 559 572 822 857 902 965 1052 1104 1191
1323 89 245 261 606 671 676 904 923 1113 1314 1332 1441 1460
1426 272 289 388 476 767 783 822 877 886 1114 1344 1366 1491
1448 50 141 150 239 278 299 364 406 485 516 543 671 940 1111 1169 1191 1235 1258
1460 114 214 245 261 289 364 471 487 495 767 822 886 945 1195 1252 1332 1485 1491
9 115 172 204 228 505 1131 1145 1380 1408 1444 1492 1496
115 326 337 418 495 526 589 637 881 906 992 1006 1093 1182 1183 1367 1380 1444 1455 1473 1492
172 85 138 224 276 428 503 545 753 835 846 888 966 1082 1126 1163 1179 1240 1359 1395 1418 1469 1481
204 52 162 228 427 495 630 713 746 906 960 1006 1015 1145 1157 1279 1410 1418 1473
228 315 393 495 705 713 746 784 1231 1247 1380 1408 1469 1473 1477 1492
505 319 512 522 570 721 918 1014 1247 1335 1411
1131 196 315 575 690 705 721 784 913 996 1015 1081 1145 1182 1193 1219 1245 1269 1292 1331
1145 144 315 570 638 721 784 842 949 982 1089 1127 1193 1240 1245 1340
1380 217 394 397 445 504 705 713 743 1123 1133 1227 1231 1265 1266 1275 1410 1473
1408 227 286 315 394 630 705 929 1157 1279 1335 1443 1444 1455
1444 394 445 630 633 746 810 918 990 1003 1006 1146 1168 1220 1236 1266 1378 1418 1433 1496
1492 415 418 427 445 575 655 705 1015 1017 1176 1247 1335 1418
1496 286 315 402 630 705 713 743 746 893 1006 1127 1168 1182 1265 1275 1410
77 163 211 234 241 432 602 641 971 1011 1016 1119 1140 1358 1474
134 270 289 476 562 798 904 945 1088 1261 1366 1432 1474
199 150 270 301 406 419 429 469 493 596 606 837 857 883 940 1026 1086 1167 1169 1191 1268 1300 1314 1319 1441
293 141 150 278 299 301 538 736 857 940 970 1111 1151 1169 1191 1261 1300
365 182 476 516 538 736 781 883 1100 1169 1258 1306 1415
544 53 55 79 155 163 435 497 527 718 747 837 917 1009 1263 1311 1315 1316 1353 1419 1423 1439 1458 1474
621 56 182 270 287 348 428 493 622 701 783 798 1088 1276 1405 1463
1088 50 235 345 416 428 602 798 945 973 1023 1151 1195
1212 87 310 364 416 419 438 539 736 847 979 1050 1185
1319 56 121 167 259 269 359 459 483 572 641 1079 1167 1306
11 72 107 222 232 341 349 422 569 592 660 910 961 987 1078 1308 1383
72 22 145 184 322 349 354 422 564 569 614 699 725 832 910 958 987 1285 1308 1392
107 128 166 660 677 863 870 984 987 1046 1376 1478
222 184 292 320 341 349 473 564 614 653 710 776 832 912 1069 1164 1374 1431
232 47 322 610 660 725 987
341 109 187 215 292 349 614 668 1194 1285 1338 1392
349 320 354 987 1292 1308 1322 1431
422 184 390 529 652 969 987 1383 1392 1431
569 109 184 292 320 354 614 820 832 912 961 995 1069 1245 1374 1392 1431
592 288 437 769 806 821 913 954 1074 1078 1101 1218 1253 1428
660 166 184 201 215 832 858 863 912 938
910 184 212 320 564 614 652 730 763 768 776 866 897 962 1078 1382 1431
961 27 292 322 699 725 820 1115 1285 1431
987 145 215 710 763 1069 1165 1285 1322
1078 101 186 212 467 555 591 614 629 653 951 1074 1218 1383
1308 47 91 109 124 145 322 437 909 954 1056 1069 1158 1173 1219 1297 1382 1425 1431 1493
1383 18 69 91 212 292 330 436 564 769 832 858 909 926 958 1056 1069 1101 1173 1190 1194 1253 1478
12 410 508 616 882 997 1252 1434 1451 1466
410 55 211 218 244 285 321 452 553 568 616 708 925 937 997 999 1197 1259 1312
508 234 711 1005 1016 1036 1126 1251 1291 1413
616 118 156 368 515 553 695 757 855 937 1030 1047 1053 1209 1248 1312 1454 1466
882 17 329 336 361 401 558 650 714 715 1403 1424
997 55 356 368 553 627 673 695 717 790 919 1141 1248 1357 1403
1252 88 140 369 432 562 973 1082 1432
1434 303 454 490 506 647 649 833 1011 1012 1047 1214 1262 1386 1488
1451 15 164 185 316 447 454 498 519 553 627 678 700 812 966 1000 1030 1042 1105 1130 1141 1271 1357 1454 1499
1466 86 211 316 395 553 708 753 1042
13 68 116 177 207 209 214 230 264 355 504 618 633 915 929 1192 1435 1453 1464 1479
68 407 415 504 533 628 775 785 915 1192 1457 1479
116 31 177 343 355 457 604 633 684 728 767 785 852 923 1148 1378
177 245 272 340 343 559 604 622 801 818 827 901 1222 1225 1420 1464
207 31 275 355 407 684 785 831 1059 1236 1435 1479 1491
209 34 247 421 723 754 868
214 189 343 535 633 684 893 901 923 1036 1059 1176 1195 1280 1359 1481
230 264 601 907 915 1059 1249 1435
264 170 346 366 504 785 852 998 1044 1059 1093 1171 1453
355 114 343 346 418 813 845 982 1059 1133 1176 1265 1296 1378 1479 1481
504 31 123 217 489 628 728 852 907 982 1044 1171 1438 1457 1479
618 52 88 140 326 367 418 503 535 573 624 674 831 930 931 992 1029 1082 1089 1168 1359 1367 1479 1481 1491
633 272 326 343 403 408 767 845 923 1114 1195 1240 1341 1343 1344 1365 1378
915 37 81 601 623 628 775 1211 1457
929 37 41 106 173 337 407 609 772 775 977 982 1429
1192 31 407 684 852 977 1133 1344 1378
1435 52 418 495 655 810 831 1003 1127 1176 1195 1335 1378 1433 1486
1453 37 408 1044 1114 1171 1249 1438
1464 66 226 272 366 489 696 783 845 970 1089 1277 1280
1479 162 217 407 772 791 810 846 977 1087 1249 1455 1486
14 23 30 156 193 303 455 456 589 690 896 939 995 1034 1107 1163 1260 1288 1333 1348 1414 1477
23 303 454 589 605 612 661 678 903 995 1047 1048 1424
30 86 156 219 325 377 436 490 552 647 649 884 920 931 937 994 999 1004 1028 1047 1054 1143 1181 1260 1286 1302 1467
156 46 160 178 353 605 647 678 682 704 884 889 994 1004 1028 1054 1381 1499
193 18 102 319 363 534 667 806 842 895 1275 1331 1428 1490
303 455 498 545 638 661 764 960 1020 1025 1141 1262 1303 1348 1499
455 85 297 661 888 931 1288 1303 1348
456 20 113 227 363 396 515 589 666 839 939 949 1082 1120 1138 1163 1473
589 102 162 498 545 575 637 655 812 996 1179 1182 1183 1232 1288 1331 1477
690 18 297 439 545 667 735 806 833 876 896 926 939 943 960 995 1064 1107 1333
896 18 20 545 638 666 667 675 681 730 876 949 1064 1241 1273 1414
939 20 420 526 753 876 888 960 986 1163 1232 1303 1348 1355 1411 1480
995 227 267 297 612 638 814 879 926 994 1020 1042
1034 113 227 498 627 1020 1090 1251 1477 1494 1499
1107 51 297 353 547 729 764 806 900 926 931 1021 1056 1241 1407 1414
1163 20 211 395 454 506 729 764 842 937 1020 1025 1075 1232 1251 1262 1303 1333 1372
1260 260 395 506 515 605 612 649 661 715 1012 1047 1048 1181 1355 1424
1288 51 454 876 1232 1303 1333 1418 1467 1488
1333 160 267 277 454 594 649 700 814 888 900 931 960 1020 1389
1348 15 20 420 526 835 1335 1477
1414 260 267 302 806 895 931 1181 1241 1273
1477 162 196 227 286 545 637 758 1424 1494
15 164 185 224 454 498 553 757 764 815 835 919 964 1000 1020 1025 1042 1053 1090 1214 1262 1357 1413
164 86 178 321 395 432 498 506 678 682 700 812 937 983 1030 1090 1259 1271 1494
185 17 155 236 498 506 678 682 758 835 960 964 983 1000 1025 1053 1090 1141 1317 1357 1499
224 53 236 241 271 375 524 577 731 740 771 849 946 1120 1140 1291
454 86 219 432 498 506 627 661 682 700 815 835 960 983 1047 1090 1126 1262 1494 1499
498 395 420 678 695 764 983 996 1025 1126 1251 1494
553 219 258 271 356 447 700 708 724 778 855 903 955 1000 1030 1209 1248 1259 1357
757 258 271 321 368 399 444 447 478 627 646 695 700 835 960 983 1000 1120 1197 1248 1289 1293
764 297 649 750 753 812 842 1000 1025 1262 1303 1357 1372 1424 1499
815 143 271 444 506 568 731 750 881 983 1120 1130 1141 1197 1271 1289 1397 1461 1483
835 234 348 420 424 432 545 678 711 731 999 1140 1214 1305 1461 1474
919 244 258 447 478 519 536 627 731 737 1011 1053 1152 1271 1312 1317
964 143 236 271 321 333 717 750 771 925 1030 1179 1197 1305 1413 1461 1483
1000 48 70 155 211 448 515 678 700 704 711 812 1030 1042 1090 1141 1357 1413 1454
1020 277 377 661 876 900 960 1025 1126 1303
1025 447 1214 1243 1303 1476
1042 377 506 678 711 1141 1305 1480
1053 244 389 447 519 627 643 646 708 711 946 992 1271 1305 1315 1317
1090 506 700 1138 1232 1251 1262 1461 1499
1214 241 271 316 700 983 1016 1141 1467 1499
1262 160 211 678 903 1028 1251 1303 1494
1357 48 527 708 711 737 812 855 1011 1126 1141 1248
1413 85 165 281 700 750 855 1002 1030 1126 1423
16 41 62 75 90 122 249 305 314 339 357 393 551 588 642 659 865 981 1068 1102 1159 1233 1274
41 75 122 126 173 210 223 357 407 557 713 794 819 860 922 990 1014 1017 1123 1182 1231 1233 1347
62 21 122 133 197 291 417 433 442 494 626 634 651 865 941 1102 1118 1159 1447 1468
75 58 102 122 158 188 441 613 745 799 922 950 1017 1035 1096 1099 1123 1233 1379 1447 1484
90 29 58 112 122 181 250 339 393 441 584 865 950 1096 1123 1233 1347 1379
122 217 291 314 511 584 642 645 950 1035 1102 1196 1233 1468
249 29 97 265 370 433 494 554 651 941 1155 1159 1233 1442 1447
305 29 120 153 208 250 284 291 409 626 659 716 732 1010 1083 1166 1233 1257 1296 1429
314 133 417 451 584 860 941 1008 1035 1099 1150 1257
339 181 357 415 557 623 645 672 744 950 981 1035 1174 1233
357 126 179 190 210 334 370 479 512 540 613 732 745 794 819 860 918 922 990 1014 1017 1096 1266 1401 1443
393 169 183 441 623 630 744 1096 1200 1347 1379 1411
551 300 402 442 659 732 1010 1110 1150 1174 1296
588 120 248 250 584 672 950 981 1010 1123 1174 1257 1274 1296 1429
642 248 442 458 540 599 651 742 745 865 941 1159 1233 1301 1442
659 29 153 188 291 409 494 625 626 672 761 976 1010 1099 1150 1174 1429 1487
865 21 97 197 250 433 458 511 554 586 651 742 922 941 976 1035 1037 1102 1155 1159
981 120 415 441 584 625 941 1110 1155 1233
1068 158 223 484 1017 1021 1200 1379 1447
1102 97 133 248 265 291 433 511 540 571 603 651 792 941 976 1031 1072 1257 1429
1159 29 97 153 248 291 414 433 442 479 554 599 603 761 941
1233 29 112 126 169 248 441 511 557 584 792 860 950 1096 1220 1257 1294 1347 1364 1379 1447 1487
1274 126 623 626 1296 1364 1447
17 548 738 898 1077
548 329 374 423 834 1085 1326
738 42 244 444 673 700 717 724 778 889 898 1058 1124 1130 1293 1302 1397 1475
898 42 219 383 401 536 582 594 724 1058 1293 1397
1077 165 329 336 374 379 788 841 953 1001 1242
18 196 342 666 667 675 681 730 913 949 1173 1241 1253 1264 1338 1356 1394 1411 1431
196 319 332 784 943 1146 1253 1282 1325 1340 1394
342 144 192 242 292 437 654 897 913 1074 1101 1219 1243 1264 1278 1389 1394 1462
666 20 113 363 575 895 949 996 1056 1450 1473 1480
667 113 227 663 721 906 909 913 943 1048 1241 1245
675 267 363 575 753 842 888 895 949 996 1012 1231 1450 1480
681 51 381 663 763 806 913 943 1032 1064 1158 1292
730 22 91 99 102 260 302 319 371 437 529 909 1021 1056 1075 1231 1241 1245 1264 1356 1386 1394 1428
913 20 99 102 260 332 363 612 748 895 943 1064 1081 1245 1282 1401 1411 1428
949 227 267 591 753 839 878 1064 1232 1331 1356 1389
1173 381 473 768 821 962 986 1081 1190 1338
1241 99 186 227 298 315 943 1064 1101 1253 1394
1253 24 242 267 320 354 529 668 722 920 1056
1264 69 104 186 242 302 307 320 462 529 722 821 954 1074 1190 1219 1245
1338 360 529 581 607 610 614 768 866 909 1164 1194 1382 1386
1356 144 437 529 591 722 954 1021 1219 1245 1325 1428
1394 330 534 555 591 668 769 806 856 1064 1194 1386 1425 1428
1411 64 113 263 288 319 404 574 713 746 906 918 963 1021 1193 1282 1340 1363 1443 1498
1431 292 473 541 725 776 797 951 954 958 1069 1218 1285 1292
19 71 82 83 469 488 580 658 804 816 828 1089 1186 1221 1406 1445
71 28 159 313 400 567 606 671 676 712 816 823 978 985 1154 1221 1313 1400 1417 1445
82 262 278 283 309 516 537 595 767 800 811 836 1027 1139 1334 1345
83 252 262 749 809 816 827 836 1098 1187 1470
469 63 340 537 658 801 816 828 857 965 970 978 985 1170 1300 1346
488 59 279 309 543 800 828 1139 1203 1470
580 74 279 309 528 632 726 824 827 836 1027 1139 1186 1188 1230 1267 1345 1430
658 117 130 141 485 538 543 596 606 847 970 1111 1136 1224 1235 1350
804 159 171 309 400 595 632 726 911 1098 1187 1222 1230 1445
816 59 233 313 528 562 567 671 676 712 736 749 857 911 1154 1283 1334
828 28 59 117 262 309 388 400 528 537 632 671 676 719 800 970 1187 1203 1221 1406 1445
1089 408 421 487 573 624 684 701 846 901 1036 1093 1103 1114 1151 1195 1225 1247
1186 59 76 171 252 340 632 755 800 902 911 1154 1187 1222 1349 1417 1445
1221 66 159 238 272 340 429 567 611 712 773 801 902 970 978 1070 1358 1366 1393 1400 1441
1406 59 159 171 485 502 676 719 736 809 824 978 985 1148 1230 1346 1417 1430
1445 76 117 279 313 400 567 712 719 811 965 1070 1154 1346 1417
20 227 267 526 575 753 842 888
227 102 277 522 721 753 839 1064 1335
267 579 806 1157 1386 1389 1446
526 52 113 138 162 420 545 758 842 1017 1140 1179 1183 1240
575 99 512 534 570 842 895 1331 1480
753 85 319 591 876 895 926 1021 1182 1331 1450 1480
842 277 286 707 996 1157 1450
888 162 277 420 437 839 876 1082 1157 1441 1450 1480
21 97 188 941 1155 1166 1490
97 149 188 458 511 603 631 697 885 890 1099 1180 1484 1487 1490
188 153 414 494 625 626 1010 1468
941 133 173 181 248 250 284 344 451 672 890 980 1196
1155 149 634 792 860 976 1118 1196 1490
1166 120 208 346 672 1110 1150 1296
1490 149 284 347 571 586 634 890 1031 1099 1118 1196 1290 1447
22 242 302 307 320 327 654 722 763 768 769 776 821 829 951 954 1374 1392 1428
242 24 198 229 302 307 555 653 668 699 748 768 770 789 821 854 957 1112 1121 1218 1269
302 91 101 186 322 332 404 614 653 663 668 699 789 897 954 1064 1074 1121 1190 1269 1392 1462
307 91 176 186 229 327 467 472 484 541 653 697 699 735 763 770 806 829 897 933 957 980 1008 1121 1462
320 473 564 652 668 769 776 797 951 954 958 1218 1219 1374 1392
327 24 176 198 229 472 541 789 854 897 933 1074 1081 1153 1337
654 91 101 186 288 472 653 854 1112 1153 1256 1278 1279
722 354 555 591 668 763 768 776 821 854 912 1121 1190 1450
763 288 437 555 591 648 668 699 748 768 769 962 1056 1218 1278
768 529 614 652 668 789 797 829 854 1190 1219 1245 1392
769 198 292 332 437 473 668 699 920 951 954 1218 1219 1245 1285 1374 1452
776 212 215 292 614 652 789 951 958 1101 1218 1374 1416
821 212 292 529 725 897 1032 1101 1219 1269 1462
829 101 104 184 212 699 797 951 954 1374
951 215 292 564 653 668 954 1218 1292
954 91 101 473 652 668 789 797 1064 1121 1218 1269 1374
1374 292 473 555 564 652 699 789 797 1190 1297 1392
1392 292 473 564 614 789 958
1428 64 91 113 192 332 663 745 806 943 1032 1386
605 377 515 545 661 704 833 960 1028 1048 1424 1467 1499
612 32 47 260 353 437 547 638 814 833 931 1004 1032 1040 1143
661 678 812 903 931 1048 1302 1303
678 321 432 700 708 774 812 983 999 1030 1061 1126 1312 1384
903 98 316 353 473 700 729 760 1012 1048 1243 1375 1424
1047 98 211 316 490 884 889 1012 1030 1130 1209 1246 1286 1467 1476
1048 160 276 353 377 436 581 638 646 704 960 994 1032 1372 1424 1494
1424 395 515 648 649 729 812 926 1004 1012 1158 1181 1381 1467 1488
24 186 198 308 344 470 653 735 854 897 933 957 1008 1218 1301
186 91 198 470 541 629 652 653 770 848 897 958 1017 1278 1297 1325
198 176 371 629 653 735 957 1074 1153 1452 1462
308 102 142 144 192 229 263 286 334 344 396 520 963 1294 1301 1363 1452
344 142 176 229 251 371 396 484 534 557 613 706 735 1014 1112 1137 1206 1220 1294 1301
470 104 251 371 396 462 467 472 484 585 897 933 957 980 1137 1256
653 101 212 652 668 735 797 856 897 1452
735 520 555 629 748 897 957 1074 1112 1278 1462
854 176 288 462 472 541 585 591 897 1008 1153 1452
897 91 144 212 472 629 770 789 933 1153 1452
933 142 472 541 629 745 770 957 963 1056 1112 1269 1282 1462
957 176 472 541 856 1256 1301 1452 1462
1008 176 472 585 697 770 848 856 1137 1153 1256
1218 101 215 332 591 629 789 958 1056
1301 142 144 153 251 370 396 467 484 541 585 963 1014 1081 1096 1206 1337
25 26 96 481 650 786 884 1039 1129 1162
26 45 136 180 436 513 640 1162 1237 1272 1391
96 61 136 180 525 598 640 858 924 1207
481 73 513 518 650 739 780 975 1217
650 46 640 739 1178
786 61 128 201 398 440 656 709 739 760 879 1046 1207 1213 1237 1373 1381 1398 1399 1422
884 32 118 316 581 714 780 864 889 899 999 1054 1286 1302 1375 1403 1467
1039 45 61 70 211 376 385 656 683 760 780 879 899 924 1143 1213 1375 1377
1129 136 187 312 385 446 656 739 899 1285 1373
1162 385 446 466 698 879 1117 1373 1391 1497
45 70 109 256 656 864 879 887 920 959 1117 1143 1207 1403
136 46 180 201 525 640 924 1377
180 376 390 446 598 709 802 840 959 1373 1446
436 211 219 704 864 926 1004 1143 1213 1375 1407 1467 1488
513 324 376 683 739 780 802 879 887 1097 1143 1207 1223 1351 1373
640 46 312 446 598 648 698 1097 1117 1446
1237 44 61 70 139 656 702 709 760 777 830 920 1004 1033 1060 1226 1377 1391 1493
1272 139 312 390 446 466 525 739 879 924 1033 1060 1223 1391 1399 1493
1391 139 201 561 808 1223
27 51 124 187 306 440 581 610 820 909 912 948 1143 1158 1164 1273 1322 1386 1416
51 260 298 330 729 900 1075 1247 1389 1422
124 32 44 256 322 547 581 607 656 840 858 899 959 1054 1164 1213 1422 1446
187 61 225 306 466 693 702 984 1285 1398 1407
306 109 581 709 760 777 838 870 1069 1297
440 376 552 710 948 959 1115 1207 1273 1292 1297 1322 1382
581 32 109 322 525 648 656 760 814 948 959 967 969 1164 1207 1213 1407 1416 1422
610 47 322 677 710 725 832 958 969 1207 1297 1376 1404 1407
820 152 552 693 780 830 959 1404 1407 1416
909 44 69 99 322 330 552 579 858 866 926 1032 1101 1115 1190 1194 1292 1389
912 725 969 1165 1297 1416 1478 1493
948 152 324 330 385 656 858 1040 1164 1273 1322 1389
1143 98 219 330 353 547 802 864 994 1004 1028 1054 1213 1375 1386
1158 70 152 353 833 887 899 926 938 1040 1181 1273 1285 1404 1416 1493
1164 73 139 256 324 325 648 656 760 959 1004 1207 1446
1273 70 109 552 814 866 924 959 1040 1207 1217 1243 1322 1407 1422 1449
1322 256 324 1040 1446
1386 260 330 381 579 648 802 814 926 1075 1219 1243
1416 109 360 677 832 1115 1297 1382 1404 1407 1422 1446 1493
28 74 76 719 749 809 836 911 1070 1148 1222 1230
74 76 171 233 400 773 800 818 824 877 911 936 1222 1230
76 159 283 595 749 809 818 936 1070 1188 1230 1417
719 59 262 279 309 457 632 726 800 824 836 985 1267
749 159 171 233 309 595 632 726 809 911 1098 1222 1230 1336
809 159 501 867 911 936 1027 1098
836 38 726 818 1187 1188 1267
911 159 262 309 546 632 936 1098 1222 1430
1070 233 457 501 546 688 1027 1154 1334
1148 66 89 245 272 773 1104 1144 1195 1420 1438
1222 245 262 413 818 936 1067 1345
1230 595
29 169 584 603 1035 1257 1294 1364 1468 1487
169 181 291 335 433 744 950 1429
584 126 153 441 586 918 1035 1096 1174 1294 1347 1442
603 153 197 433 511 554 557 586 623 799 885 1037 1118 1487
1035 112 133 153 417 433 441 626 651 950 1099 1379 1429
1257 133 153 210 247 441 554 1429 1468
1294 144 554 557 599 792 916 963 1099 1442 1484
1364 173 183 415 623 744 754 1110 1174 1254
1468 133 153 197 265 402 442 494 586 625 626
1487 112 153 417 540 761 1229 1290 1442
86 244 316 395 855 937 983 1005 1141 1209 1454 1475
219 70 152 277 353 377 647 649 683 937 1012 1038 1054 1355 1381 1446 1488
325 377 547 683 702 802 1004 1028 1213 1422 1446
377 160 211 368 515 731 1012 1302 1303 1467
490 98 160 448 682 1028 1209 1286 1355 1381
552 47 109 201 607 679 1243 1407 1425 1493
647 32 160 201 256 395 649 704 729 780 864 889 1028 1097 1375 1381 1403 1488
649 395 515 638 704 1054 1125 1355 1488
920 44 145 225 385 446 702 709 830 870 938 959 1040 1226 1372 1377 1449 1493
931 277 353 579 900 1004 1375
937 95 118 163 244 444 519 594 646 700 812 1120 1467 1476
994 256 353 376 547 729 840 858 1004 1217 1422
999 118 178 211 356 401 448 594 682 790 889 1125 1286
1004 98 160 324 683 729 780 802 960 1303 1377 1488
1028 160 277 353 368 395 515 646 648 889 1012 1054 1375 1381 1467 1488
1054 98 401 729 889 1012 1286 1355 1422 1476
1181 98 260 277 297 353 682 729 1082 1372
1286 401 448 512 627 682 780 914 1122 1125 1302
1302 258 790 864 889 1248 1381 1454
1467 160 316 353 395 646 682 704 731 814 889 1246 1355
31 170 601 609 628 785 846 998 1059 1133 1171 1225 1378
170 366 509 604 696 868 1059 1065
601 183 346 628 732 744 772 813 950 1171 1457
609 286 427 651 732 743 772 977 1006 1059 1127
628 173 415 421 533 813 831 1044 1084 1249
785 272 343 664 684 813 1036 1059 1171 1359
846 343 403 439 624 674 783 1103 1114 1344 1365 1455 1481
998 684 772 907 1171 1249 1457
1059 509 783 831 1176 1378 1481
1133 88 384 707 977 1195 1236 1254 1265 1366 1378 1486
1171 366 384 813 907 992 1114
1225 245 272 326 340 388 457 489 604 688 728 767 787 843 886 970 1003 1013 1438 1491
1378 52 123 624 810 813 1003 1176 1359 1367 1486
32 69 225 256 297 324 607 648 677 802 840 1040 1207 1243 1422 1493
69 99 529 858 866 962 1056 1075 1243 1325 1389 1425
225 385 390 677 702 777 984 1226 1407 1449
256 298 324 547 648 683 887 1449
297 277 381 395 638 729 960
324 152 277 363 547 656 833 840 926 1040 1372 1493
607 152 298 353 579 648 729 840 866 1213 1372 1407 1422
648 277 330 353 814 1407 1422 1488
677 47 145 292 702 710 840 870 1046 1478
802 518 679 780 1038 1097 1217 1407 1421
840 656 693 858 879 959 1115 1292 1478
1040 99 160 260 277 866 887 926 1115 1377 1407 1422
1207 44 139 693 760 969 1398 1422 1449
1243 152 215 330 858 926 943 1075 1101 1389 1425 1488
1422 98 260 330 547 729 760 833 926 1375 1377 1381 1389
1493 44 139 146 385 446 466 702 760 830 863 870 1217 1226 1425
388 226 272 326 340 408 429 457 528 567 773 783 793 822 902 1111 1336 1400
471 272 429 509 546 604 636 728 791 822 1052 1393 1420 1491
489 171 413 509 546 696 728 787 791
604 81 233 245 313 340 413 688 791 818 868 978 1067 1277 1366 1393 1420 1438
703 270 278 301 311 369 572 596 606 798 883 940 970 1052 1086 1113 1170 1199 1268 1313
843 773 791 822 824 886 936 970 1104 1280 1314 1358
1104 50 89 261 262 272 408 429 973 1013 1086 1332 1366 1441
1366 89 245 272 457 798 822 970 1328 1344 1358 1438
1393 89 171 313 419 457 501 767 827 877 978 1013 1400 1420 1438
1400 59 313 340 429 502 636 712 902 1154 1344 1346 1358
1470 66 141 262 272 301 400 502 567 611 671 712 800 823 824 877 907 965 978 1154 1349
34 50 275 384 669 728 754 1044 1349
50 238 301 419 476 559 783 798 822 1023 1052 1113 1261 1300 1313 1332 1365 1441
275 247 384 636 669 688 787 827 868 1063 1277 1420
384 37 245 636 688 723 818 827 907 1063 1420
669 226 252 366 636 723 1065
728 233 238 366 783 823 867 1336 1438
754 346 421 852 907 1211 1331
1044 346 852 907 1266
1349 226 313 413 546 867 1144 1336
35 213 240 359 416 435 543 781 1169 1185 1306 1387 1415 1427
213 56 60 87 121 148 200 240 266 426 1199 1387 1415
240 53 56 60 87 147 148 200 259 266 438 459 1100 1258 1306 1387
359 148 259 345 424 435 483 497 527 602 759 781 850 1315 1342
416 87 203 259 266 459 517 524 602 781 826 917 1170
435 147 148 167 348 497 597 641 694 837 849 917 1152 1177 1315 1324 1353 1419
543 117 141 239 492 596 736 940 979 1136 1169 1224 1235 1314
781 87 147 266 301 521 1050 1170 1314 1387
1169 53 87 141 278 301 406 419 476 1050 1167 1170 1387
1185 150 200 259 364 538 596 883 940 1026 1235
1306 87 203 483 782 1055 1170 1315 1342
1387 56 87 203 266 826 892 1019 1258 1396
1415 53 203 438 459 483 1050
1427 87 200 979 1142
143 55 119 236 244 271 321 708 731 774 862 1005 1149 1248 1291 1305 1316 1317 1483
155 88 182 234 271 281 555 1005 1016 1461
281 234 750 771 992 1126 1138 1140 1461
294 49 147 287 399 497 524 527 556 620 662 711 737 766 872 955 956 1051 1271 1423 1461
321 244 368 447 517 519 594 627 695 711 774 946 1030 1105 1130 1149 1454 1483
641 147 167 301 438 465 517 521 597 718 837 979 1055 1079 1342 1456
750 118 399 447 711 1120
855 61 118 211 258 316 452 506 700 812 889 1030 1248 1454 1494
925 94 253 285 452 568 583 600 715 778 1062 1119 1152 1259 1299
983 700 1030 1141 1251 1305 1381 1461 1499
1011 163 182 234 271 316 368 478 731 740 1002 1120 1184 1197 1209 1271 1316 1317
1030 118 336 506 646 700 711 731 1125 1141 1248 1312
1119 94 163 218 399 431 444 536 560 695 741 766 825 917 1062 1105 1263
1126 234 432 766 1016 1138 1251 1309 1405 1494
1184 118 119 236 244 399 478 519 583 627 695 731 771 774 1002 1016 1066 1105 1197 1317 1483
1316 53 163 517 577 597 740 771 946 1016 1152 1291 1305 1384 1463
1483 67 271 348 774 812 971 1152 1461
37 346 405 775 868 950 1003 1174
346 623 664 746 813 845 977 982 1176 1486
405 120 223 250 300 623 645 744 988 1010 1150 1304
775 173 181 772 918 1017
868 366 413 546 636 970 1336
950 158 181 223 251 586 645 745 922 988 1275 1347 1447
1003 394 630 674 746 893 1168 1247 1309 1433 1455 1486
1174 126 173 208 417 533 860 1096 1231 1429
38 400 1188 1314
400 233 245 340 502 611 671 712 822 823 978 985 1154
1188 59 63 171 233 595 632 791 800 1027 1187
1314 130 301 406 559 676 847 940 1052 1113 1167 1235 1268 1345
39 121 287 477 497 556 568 737 766 825 862 872 934 955 1091 1130 1312 1419
121 253 331 399 556 583 615 711 727 741 1092 1120 1177 1263 1289 1317
287 79 129 167 218 348 375 527 615 620 737 862 932 934 955 1122 1201 1423 1474
477 79 129 206 253 328 382 673 741 956 1066 1238 1263 1289
497 78 521 527 627 662 727 955 1149 1152 1255 1327 1423
556 43 53 94 100 148 203 218 253 333 382 521 536 862 872 917 934 1092 1149 1177 1327 1371
568 67 118 258 444 452 600 717 796 1002 1058 1062 1105 1259 1312 1329
737 55 93 163 206 218 362 431 478 560 577 694 766 955 1255 1289
766 55 119 206 285 333 560 583 841 862 934 989 1002 1142 1149 1177 1248 1437
825 119 163 218 399 527 560 583 620 718 741 850 862 917 934 971 1002 1091 1263 1271
862 43 92 93 218 241 253 333 741 955 1092 1197 1255 1263 1289 1329
872 55 94 203 399 478 521 527 837 850 892 1092 1353 1419 1423
934 49 67 148 206 218 253 290 741 946 953 1057 1105 1177 1289 1329
955 53 55 119 331 583 662 727 771 1066 1142 1149 1271 1276 1291 1419
1091 78 92 269 290 362 482 850 1051 1066 1263 1419 1456
1130 244 356 368 448 452 558 594 646 717 812 1208 1259 1312
1312 316 368 448 594 600 695 790 914 1177 1246
1419 78 79 92 246 399 431 521 1263 1353 1423
88 140 535 573 930 1432 1485
140 182 206 367 369 503 624 930 992 1029 1485
237 271 597 881 971 1023 1061 1082 1305 1332 1405 1432 1461
261 189 408 439 767 783 1023 1086 1113 1332 1365 1491
487 189 408 476 485 1276 1283 1332 1345 1485
524 147 182 235 236 391 560 701 849 1120 1276 1291 1384
562 147 403 428 622 945 947 973 1036 1073 1079 1086 1280 1315 1332 1432
573 114 189 367 432 503 630 1036 1195 1280 1441 1469 1485 1491
798 289 428 493 904 992 1167 1199 1313 1474
904 289 345 493 701 783 883 945 947 1151 1199 1261
947 114 367 906 930 945 1079 1082 1086 1395 1405
1138 234 276 545 700 849 966 1061 1469
1309 162 418 420 445 534 655 705 906 992 1006 1036 1179 1183 1280 1343 1367 1410
1332 89 189 289 311 783 886 945 1441
1432 114 622 793 930 973 1151 1384
126 112 210 334 370 417 441 451 554 860 922 1014 1096 1123 1347 1379 1447
173 407 623 744 982
210 158 190 223 315 396 479 613 819 878 922 977 990 1017 1021 1200 1231 1247 1275 1340 1401
223 111 112 248 315 404 462 479 613 860 878 977 1014 1037 1123 1200 1220 1296 1484
407 208 732 1087 1491
557 111 158 179 192 315 370 396 479 1123 1153 1266 1275 1379 1401 1442 1443 1447
713 102 394 397 403 418 664 743 918 986 1006 1227 1240 1247 1265 1359 1410 1455
794 286 334 819 1325 1401
819 58 179 190 315 479 707 878 922 1200 1275
860 64 181 433 441 743 1096 1200 1347 1379 1498
922 179 190 396 451 613 918 1123 1146 1231 1275 1347 1442
990 58 179 190 397 479 608 707 1017 1123 1266 1275 1401 1462
1014 58 112 181 263 334 370 534 613 706 1017 1021 1110 1220 1275 1442 1484
1017 142 179 250 479 574 587 918 1193 1200 1220 1231 1443 1498
1123 183 319 540 895 982 1096 1231 1266 1379 1443
1182 113 190 427 495 570 637 721 986 996 1157 1193 1240
1231 57 111 179 251 315 334 479 918 977 1340 1401 1443 1484
1347 106 158 248 451 554 1379 1447
42 268 389 711 1058 1085 1122 1208 1370 1475
268 132 350 386 389 691 1293 1370
389 368 386 452 600 715 751 778 914 1105 1124
711 236 478 515 627 700 708 1141 1248 1454
1058 48 356 444 452 519 692 914 932 1208 1259 1293
1085 243 356 536 582 807 1178 1362 1368 1370
1122 94 95 132 285 368 386 691 692 717 724 1208 1242 1293 1475
1208 285 318 374 380 715 717 727 928 1041 1062 1134 1201 1403
1370 374 582 807 905 953 1057 1242 1368
1475 386 401 715 724 1057 1124 1293 1403
43 129 257 274 290 323 392 514 617 670 720 751 795 905 932 1001 1076 1080 1132 1287 1327 1439
129 95 165 175 254 257 274 336 380 392 482 692 874 928 989 1057 1062 1201 1299
257 254 269 290 328 362 372 375 382 431 491 670 720 795 844 875 942 1041 1062 1202 1244 1458
274 323 352 378 380 392 482 850 869 873 1057 1076 1132 1250 1412
290 254 255 514 617 644 694 715 905 942 993 1007 1116 1175 1189 1495
323 195 273 352 373 378 491 514 670 720 779 795 873 932 942 1057 1368 1371 1471
392 375 378 380 465 644 670 751 795 875 905 928 953 1001 1076 1362
514 165 195 254 255 378 379 380 670 779 871 873 1007 1132 1287 1339
617 48 269 563 619 644 720 779 905 932 993 1228 1311
670 110 195 372 378 379 692 720 869 905 942 1001 1076 1128 1250 1471
720 110 372 375 378 491 532 844 873 875 993 1066 1189 1238 1339
751 131 243 336 352 361 465 582 928 989 1001 1041 1076 1242 1287 1362 1368 1412
795 110 195 220 375 453 491 844 1080 1128 1132 1175 1189 1311 1385 1439
905 195 375 382 563 593 615 942 1007 1189 1228 1495
932 78 93 165 175 253 269 372 382 583 619 844 850 1066 1238 1287 1311 1371 1409 1439 1458
1001 105 131 165 361 380 532 582 644 928 953 989 1132 1202 1368 1412
1076 131 165 254 372 380 871 993 1105 1128 1132 1134 1362
1080 491 593 644 942 1175 1189 1250 1495
1132 255 379 593 779 873 953 1128 1202 1287 1385 1390 1412 1471 1495
1287 110 373 378 379 465 643 953 1412
1327 79 100 246 269 273 328 331 412 438 444 521 694 892 942 1066 1092 1255 1324 1396
1439 78 175 269 382 482 560 563 619 620 993 1062 1201 1228 1238 1458
44 446 547 598 693 698 760 806 830 870 879 959 1398 1449
446 139 201 698 709 924 1351 1372 1399 1449
547 315 814 833 887 899 926 1213 1389
598 201 312 466 1194 1373
693 139 152 702 830 870 959 1446 1449
698 201 525 739 924 959 1373
760 830 879 1398 1399 1446
806 99 381 437 591 725 789 832 1032 1101 1407 1425
830 152 702 729 777 1033 1381 1407
870 128 385 480 938 944 1226 1398
879 360 780 1223 1377 1398 1497
959 656 899 1398 1399 1446
1398 312 466 656 702 838 944 1033 1351 1399 1446 1449
1449 466 656 858 899 944
70 61 376 656 683 899 1217 1375 1454
109 385 725 1165 1226
656 887
864 1213 1217 1246 1355 1381
887 518 683 704 899 1056 1213 1372 1373 1375 1377 1446
1117 525 780 1097 1382 1421 1497
1403 790 889 975 1041 1125 1397 1454
46 312 1223 1373
312 282 398 924 1204 1223 1373 1399 1446 1497
1223 127 128 139 146 161 838 1033 1060 1351
1373 61 525 709 739 924 1060 1351 1399 1497
47 145 360 739 1285 1297 1404 1425
145 322 354 984 1226 1285
360 292 832 1115 1285 1382
739 201 525 709 924 1399 1497
1285 260 322 858 969 1297 1404
1297 322 702 808 832 1404
1404 832 1407
1425 201 330 381 529 838 866 1074 1165 1194 1389 1407
48 244 399 452 560 717 774 790 1177 1201 1271 1291 1317
244 258 356 444 452 478 519 673 727 774 778 788 946 956 1105 1228
399 94 218 560 602 662 1105 1271
452 132 361 536 600 627 796 1105 1210 1329
560 131 206 218 333 527 583 662 731 1002 1120 1197 1456
717 55 258 356 368 444 447 519 536 715 778 1012 1198 1248 1259
774 79 271 583 708 849 930 946 1002 1152 1197 1263 1317 1454
790 178 778 889 1125 1246 1476
1177 94 206 253 333 375 583 956 1396
1201 67 94 206 253 615 727 837 1409
1271 218 695 708 731 946 1002 1105 1197 1317
1291 53 369 519 577 662 849 946 1152 1261 1342 1384
1317 218 246 271 328 478 519 731 740 1005 1197
49 483 531 747 892 1019 1057 1298
483 241 333 892 1170 1315
531 100 747 1009 1019 1298
747 694 892 1009 1298 1396
892 92 93 362 694 837 1051 1055 1066 1298 1396 1423
1019 53 92 93 203 246 426 438 521 602 917 1009 1055 1353
1057 67 253 329 352 724 727 874 1062 1289 1311
1298 148 431 527 694 1009 1263 1324
238 278 301 311 485 559 572 676 877 902 1052 1086 1235 1283 1300
301 406 429 485 883 1113 1151 1199
419 150 259 270 311 406 883 940 970 1023 1052 1111 1199
476 412 485 559 606 1052 1086 1405 1441
559 311 611 940 965 1113 1441
783 189 340 403 767 923 1023 1114 1341 1344 1441 1491
822 66 89 289 429 509 902 1341 1344 1441
1023 114 311 493 701 793 1036 1052 1151 1491
1052 66 485 502 606 886 970 1224 1283 1313 1441
1113 270 572 606 622 886 1026 1199 1261
1261 493 701 1103 1268 1276
1300 141 150 299 364 468 539 755 857 883 1191 1313
1313 89 429 572 578 606 857 1086 1328 1341
1365 89 147 245 509 688 767 1341 1344 1481
1441 606 877 965 1086 1283
260 98 330 381 832 866 900 926 962 1074 1389
298 99 638 833 900 1056 1064 1101 1372 1488
330 160 638 709 900 926 960 1032 1101
729 160 780 926 1213 1372 1488
900 118 876 1075
1075 579 832 876 926 943 1032 1377 1389 1446
1247 106 138 705 746 893 1006 1168 1176 1183 1236 1265 1433 1455 1486
1389 152 529 725 833 895
52 123 394 495 810 813 831 1093 1127 1367 1455
123 495 664 674 684 743 810 923 1093 1176 1280 1359 1367 1433
394 337 535 743 810 831 893 1176 1236 1455 1486
495 138 337 397 445 630 637 655 1029 1179 1183 1240 1410 1455
810 57 183 664 772 813 977 1127 1236 1265 1433 1481 1486
813 57 106 664 732 746 977 1103 1114 1236 1455
831 397 674 746 767 1093 1103
1093 57 114 343 674 743 893 1236 1491
1127 286 415 433 664 893 918 1266
1367 337 418 535 655 893 977 1103 1168 1227
1455 337 418 746 982 1006 1183 1227 1236 1265 1340 1410 1433 1473
53 167 391 517 597 837 917 1276 1315 1437 1463
167 147 148 527 782 1055 1255 1315 1463
391 348 369 597 602 662 1276 1474
517 79 241 583 662 701 946 1276 1437
597 203 235 271 348 527 662 837 917 1120 1142 1149 1315 1474
837 79 259 348 527 662 971 1079 1142
917 615 741 1055 1142 1293 1315 1353 1456
1276 147 311 406 428 493 701 1016 1353 1463
1315 79 235 424 1142 1235 1353
1437 119 310 424 662 849 881 1405 1463
1463 79 203 235 577 622 759 849 945 1474
309 59 279 283 528 578 595 632 676 800 824 985 1154 1417
311 429 493 578 606 801 965 978 1136 1283
457 313 501 684 818 827
502 233 567 671 712 801 824 877 1065 1154
565 468 712 1139 1203
773 313 636 801 902 978 1268 1283 1358
902 89 340 1199 1358
965 141 538 572 606 801 1358
978 233 340 528 567 671 940 1067 1154 1167 1170 1358
1154 171 272 279 567 671 676 712 811 823 824 827 970 1144 1334
1235 141 239 364 468 538 578 602 883 940 1111 1167 1224 1328
1336 226 245 313 413 546 636 684 787 791 936 1063 1277
1350 117 150 239 278 299 468 578 755 940 1050 1139 1267
55 60 163 218 577 620 741 771 778 946 1248 1255
60 148 200 273 412 426 438 782
163 333 478 583 740 771 946 1120 1142 1149 1152 1384
218 92 333 386 583 727 741 1149 1255 1263
577 147 182 234 271 348 662 849 946 971 1120 1142 1152 1263 1474
620 253 382 444 694 1066 1092 1238 1371
741 94 253 956 1228 1289 1299
771 148 182 478 527 731 946 1002 1120 1152 1423
778 356 448 673 715 724 788 914 1197 1210 1293
946 119 271 662 973 1002 1152
1248 447 600 627 682 708 727 1002 1209 1259
1255 94 258 333 583 1009 1051
56 87 200 266 310 426 438 492 826 1342
87 266 310 521 1026 1050 1055
200 150 278 345 847 1342
266 148 412 782 1100 1170
310 412 782 826 1258 1289
426 79 206 412 438 718 1009
438 79 148 203 331 718 826 1258
492 538 539 847 883 1167 1224 1358
826 203 270 412 782 1258
1342 118 148
57 162 217 402 664 743 1179 1265 1481
162 85 138 420 427 758 1183 1418
217 1087 1249
402 120 977 988 1010 1083 1110 1150 1254 1296 1304
664 106 439 772 878 977 982 1236 1265 1266 1282
743 111 158 190 570 1168 1236 1266 1410 1433
1179 367 437 439 445 655 758 996 1061 1168 1280
1265 286 319 397 893 977 982 1227 1236 1433
1481 114 189 343 403 630 674 901 992 1114 1344 1359
58 111 158 179 315 613 707 1015 1081 1200 1275 1340 1447
111 64 144 319 371 534 706 878 1015 1193 1200 1282 1340 1473
158 179 190 334 404 1096 1099 1220 1443 1447 1498
179 286 319 335 467 479 613 1099 1220 1379
315 64 286 335 522 570 706 784 893 906 918 1146 1220 1335 1401
613 144 370 1200 1206 1379 1484 1498
707 64 190 396 445 570 652 893 1240 1401
1015 190 286 319 404 484 591 706 906 1193 1279
1081 192 229 263 319 404 437 534 748 878 1064 1206 1282 1498
1200 142 190 192 334 396 409 442 479 484 1220 1240 1275 1340 1379
1275 64 335 878 906 918 1279 1443
1340 104 142 319 335 512 529 570 587 706 721 878 918 1146 1279 1282
1447 417 574 608 1206 1484
59 279 671 800 824 985 1191 1430
279 63 528 537 676
671 171 313 406 611 712 823 857 877 1013 1067 1136 1283
800 141 159 171 233 712 824 1098 1187 1346
824 233 262 272 340 528 801 857 901 1067 1187 1224
985 171 450 578 595 676 811 823 1345 1417
1191 130 270 450 578 712 1111 1224 1267 1334 1345
1430 283 595 632 726 1187
148 79 241 406 945 1079 1142 1151
273 92 372 782 942 1147
412 203 1461
782 203 718
61 466 1497
466 201 944 1497
1497 709 924 1033 1351
133 265 494 625 916 1010 1099 1359
197 284 291 347 414 417 586 625
291 120 153 414 494 626 744 890
417 151 248 396 433 442 511 540 599 631 651 792 1072 1180 1429 1484
433 441 442 472 530 554 608 631 651 745 792 1112 1290
442 112 494 511 554 792 976 1118
494 250 571 586 625 626
626 112 183 300 651 1118
634 347 414 571 890 991
651 181 540 554 586 792 1037 1099 1118 1442 1465
1118 300 511 554 571 586 631 761 885 976 1031
63 283 595 632 1027 1187
283 159 537 572 676 811 827 877 1067 1098 1267 1328 1346 1417
595 632 1098
632 528 823 1417
1027 1139 1187
1187 130 159 528 1203
64 319 520 534 706 784 1443 1498
319 102 104 288 396 404 484 534 574 721 784 1193 1279 1282 1498
520 104 142 334 396 404 467 472 530 540 541 574 585 745 856 1037 1112
534 102 192 263 370 587 663 799 1193 1282 1363 1462 1498
706 142 192 484 732 918 963 977 1021 1121 1193 1363 1443 1498
784 102 522 555 906 1282 1498
1443 183 335 343 512 705 878 906 1146 1473
1498 192 479 484 1146 1220 1282
439 674 746 893 923 1114 1343 1359 1486
744 120 623 1110 1211
1084 852 1063 1211
1457 732 772 1087 1304
66 89 233 468 712 818 930 970 1013 1328
89 340 535 886 1073 1438
233 159 171 262 936 1144 1328
468 130 141 239 299 450 539 578 755 1328 1334
712 171 313 567 787 823 1067 1358 1417
818 252 546 827 936 1013 1065 1438
930 403 418 445 503 624 901 906 1029 1151 1395 1485 1491
970 159 313 429 572 611 877 1328
1013 262 688 886 1065 1195 1438
1328 485 493 509 611 801 877 886 1358 1417
67 253 352 362 382 600 692 881 1062 1105 1210 1289 1329 1476
253 336 600 619 727 850 956 1263 1289
352 95 105 165 243 318 329 336 643 692 1041 1062 1299
362 78 79 206 328 386 692 694 850 1092 1147
382 78 375 431 619 989 1066 1210 1238 1250 1371 1409
600 165 258 285 536 692 874 914 956 1242 1259 1289 1329
692 95 105 243 318 336 643 694 873 942 1041 1062 1299 1458
881 369 424 428 622 759 1061 1395 1405 1461
1062 285 336 375 673 928 989 993 1228 1311 1409
1105 258 444 536 727 956 1002 1197
1210 243 285 336 350 374 796 1041 1329
1289 94 105 206 563 619 844 1263
1329 95 285 368 444 536 673 715 724 1041 1242 1263
1476 160 316 646 682 714 1012 1124 1246 1355
415 623 1110 1254 1296 1304 1429
533 907 1110 1254
99 555 579 876 943 986 996 1032 1056 1064 1245
529 184 473 555 591 663 1101 1194 1269 1331
858 381 702 710 1194 1382 1399 1407
866 702 962 1032 1101 1115 1190 1194
962 332 363 555 699 1115 1190 1292
1056 876 1064 1101 1190 1245 1462
1325 91 104 192 332 381 404 721 986 1021 1256 1269
376 899
683 178 679 1213 1246 1372 1377
899 777 1213 1351 1489
1217 518 679 780 924 1038 1351
1375 679 1097 1381 1488
1454 118 316 515 519 1002 1141 1209 1355 1494
159 262 936 1067 1346 1417
313 509 676 696 791 936 1065 1438
567 262 676 886 1334 1358
606 278 289 485 509 572 1086 1268
676 117 130 429 801 811 1067 1267 1283
823 611 877 1136 1417 1438
1417 171 516 1136
184 354 710 958 1069
322 152 390 699 1115
354 215 614 663
564 614 725 856
614 212 215 652 702 1069 1269
699 292 663 797 1219 1269
725 863
832 215 473 958 1115 1194 1382 1407
958 1069 1452
73 518 1178 1397
518 679 834 1038 1097
1178 1097
1397 401 448
171 787 936
877 429 611 1136 1334
936 252 546 1098
102 192 229 799 1012 1021 1074 1450
441 112 181 599 672 1484
745 142 484 574 585 1037 1465
799 142 144 176 251 396 404 467 587 878 1193 1220
1096 181 248 396 1110
1099 284 458 530 792 980 1484
1379 183 248 451 625 792 1112 1484
1484 151 458 530 540
211 118 316 333 515 646 812 996 1303 1499
234 182 271 369 545 740 1005 1016 1141 1305 1461
241 182 424 740 849 971 1120 1140 1305 1474
432 236
602 79 348 718 1384 1474
971 236 271 369 418 424 493 759 793 973 1140 1151 1461
1016 367 701 759 849 1061 1140 1303 1305 1469
1140 182 276 695 1005
1358 262 340 572 611 801 1283
1474 235 424 527 1073 1079 1353
78 93 246 328 583 850 1051 1092 1311 1339 1458
93 100 246 328 694 850 1092 1147 1228 1353 1495
246 175 269 328 431 615 850 1324 1456
328 331 431 694 850 1051 1147
583 119 206 258 727 874 956 1409 1423
850 269 375 431 1051 1066 1092 1396
1051 92 521 694 1147 1228 1244
1092 372 431 482 615 694 1263
1311 175 431 482 615 619 874 989 1238 1244 1263 1368 1371 1458
1339 131 220 255 372 378 563 619 869 875 993 1202 1471
1458 175 206 372 482 532 619 942 956 993 1007 1175 1228 1299 1371 1495
79 147 333 527 1009 1055 1120 1142 1149 1423
147 348 874 1055
333 94 206 375 619 1149 1384 1405
527 92 331 1142 1149 1151 1423
1009 92 203 563 718 1263 1324 1423
1055 100 521 662 1142 1353 1396
1120 258 849 1141 1384 1409
1142 348 459 812 1152
1149 447 1002
1423 118 521 849
723
1087 1211 1304
81 247 845 867 1065 1254 1277
247 226 907
845 245 326 408 501 684 705 1344 1420
867 226 546 636 696 787 1063
1065 245 546 688 696 907 1438
1254 208 409 623 1249
1277 226 636 696 827 1063 1344
262
278 141 150 364 539 578 1111
516 130 450 578 755 801 1045 1203 1267 1345
537 340 450 578 1224 1267 1345
767 189 343 509 886 923 1103 1114 1195 1491
811 141 1224 1334 1346
1139 726
1334 450 485 578 857 1136 1283 1346
1345 141 239 450 1224 1267
252 226 272 696 787 791 1144
827 413 501 546 1438
1098
449 151 467 608 848 856 980 1137 1229
467 192 332 334 472 541 574 697 856 963 1112 1137 1220 1337
574 142 462 530 608 1074 1206 1465
585 151 371 462 541 587 742 770 980 1112 1206
697 151 176 396 530 629 856 963 1137 1220
1112 113 144 176 404 462 541 629 748 770 856 1137 1279
1442 608 672 980 1429
85 113 138 418 420 493 535 637 1141 1232 1450
113 570 906 996 1157 1232 1450 1480
138 276 337 418 906 966 1343 1410 1485
418 114 189 337 367 427 624 746 758 793 1199 1418 1473 1486
420 427 545 637 655 758 1073 1082 1183 1251 1303 1418 1469
493 503 622 701 736 1151
535 114 367 408 893 1176 1280 1359
637 363 630 721 1405
1141 316 383 447 700 812
1232 545 570 839 1240
1450 445 839 906 1029 1418
316 98 506 679 700 834 914 1494
395 118 160 695 960 1251 1355
1005 236 424 759 966 1305 1469
1209 646 759
521 92 331
1026 538 578 847 1283
1050 406 539 847 979 1258 1268
1485 337 503 1029 1168 1280 1469
340 245 326 791 1249 1341 1420 1438
886 272 289 429 1036 1199 1341
1073 235 270 369 428 1151
1438 226 272 791 1420
112 248 250 530 672 890
181 190 334 335 746 1429
250 530 625 645 672 916 988
91 101 288 591 1269 1278 1462
101 292 462 545 652 789 797 1121 1153 1269
288 104 370 371 404 663 748 918 943 986 1064 1278
591 152 555 663 943 1121 1278
1269 437 652 789 1074 1121 1278
1278 371 541 668 748 797 856 1206 1256 1282
1462 263 462 1074 1137
92 331 1066 1324
331 348 431 694 718
1066 372 694 993 1116 1324
1324 718 956 1396
100 372 431 563 639 1116 1175 1228 1244 1371 1396 1495
694 175 1396 1456
1147
1228 94 175 375 431 644 1116 1238 1244 1263 1371
1353 203 459 740 1396 1456
1495 195 220 372 375 491 563 869 942 1007 1116 1175 1189 1244 1371
94 206 254 444 956 989 1409
206 119 431 1152 1259 1263
254 110 165 875 989 993
444 356 536 715 960
956 329 536 1002 1124 1152
989 372 375 431 563 619 727 779 807 844 874
1409 105 165 318 375 1368 1371
95 165 243 329 374 378 582 643 779 834 1242 1259
165 105 318 841 1134
243 220 374 536 582 841 1198 1242
329 131 386 928
374 336 582 788 953 1368
378 110 255 373 453 644 844 869 942 1128 1385
582 131 318 465 807 869 953 1134 1242 1362 1368
643 105 131 285 318 336 350 431 465 639 788 1242 1299 1368
779 336 593 844 1250 1412 1471
834 383 386 1097 1198 1326
1242 361 953 1134
1259 536 673 796 1002 1124 1293
525 152 1351
924 146 201 967 1033
149 153 347 414 890 1072
458 142 540 599 608 742 1031 1072 1229 1290
511 265 347 571 586 631 890 976 1031
631 530 976 1031 1072 1229
885 761 976 1031
890 153 265 571 586 645 991
1180 1031 1290 1452
98 353 704 814 1488
353 638 704 833 944 1372
704 160 594 679 1246 1355
814 363 833 926 1213 1372
1488 506 638 833 1372
555 292 789 1121
579 437 638 986 1064 1101 1303
876 404 839 895 996 1064 1115
943 381 473 986 1064
986 192 363 545 1006
996 363 427 570 893 895 1064 1227 1335
1032 721 1194
1064 381 895 1480
1245 176 332 895 1146
372 380 532 593 644 942 1175 1385 1471
431 375 563
563 110 195 255 615 644 844 993 1116 1128 1189 1244 1250
639 380 465 928 953 1134 1175 1362
1116 615 1007 1189 1244 1250
1175 195 269 491 532 644 844 869 1007 1128 1189 1250 1371
1244 110 195 375 615 993
1371 175 1238
1396 718
292 215 473 652 1292 1489
462 176 251 472 629 770 797 963 1256
545 445 705 758 1331
652 212 748
789 668 710 1219
797 1256
1121 404 437 473 770 1219
1153 541 1256 1452
192 104 332 663 1021 1206
229 371 484 541 770 1101 1337
1012 515 679 1097
1021 332 770 1219 1363
1074 371 437 663 1219
118 368 383 448 646 812 1461
236 271 695 731 740 1197 1461
447 519 695 700 708 973
519 178 627 695 1293
700 506 812 1061
715 714 724 914 1124 1293
960 522 638 833
1499 506 812 1418
104 142 370 404 427 472 629 748 918 1115 1337
142 144 371 404 587 792 980 1206 1220
370 144 263 404 484 587 963 1206
404 263 371 512 587 1337 1363
427 445 721 906 1168 1236 1240
472 396 541 770 856
629 144 541 856 963 1190 1337
748 484 1219 1337
918 251 335 878 1146 1279 1335 1473
1115 152 638 1194
1337 587 963
105 318 465 841 874 928 1471
318 131 465 953 1041 1368
465 131 380 871 873 928 953 1299
841 336 350 788 1202 1299 1368
874 175 285 619 928
928 482 788 1368 1412
1471 220 255 373 453 593 615 875 1189 1202
106 183 397 982 1006 1266 1343 1473
183 190 286 397 655 732 1150
397 335 624 655 878 893 1006 1227
982 705 732 977 1006 1401
1006 337 445 746 1103 1227 1410 1433
1266 286 1279
1343 343 1103 1359
1473 630 746 893 906 992 1183 1227 1240 1433
128 166 480 777 938 967 1033 1046 1060 1204 1376 1399 1478
166 146 390 838 938 967 1033 1204
863 127 390 710 777 969 1489
984 938 944 1046 1060 1351 1478
1046 561 838 938 1376
1376 127 385 480 561 752 838 861 938 944 1204
1478 390 938 969 1489
208 120 645 672 988 1010 1150 1304
636 501 688 787
1144
1249 907
385 201 944 1226 1407
1165 473 702 710 777 838
1226 938 944
110 220 375 644 844 871 993 1134 1189 1412
220 195 269 373 532 593 1202 1250 1412
375 619 844 993 1263
644 491 844 942 1007 1189
844 195 869 942 993 1189 1250
871 195 379 453 875 1412
993 175 532
1134 131 336 788 953 1299 1362 1368
1189 491 869 942
1412 1368
144 251 396 587 1146 1363
371 263 963 1193 1363
878 335 479 599 1146 1401
1193 396 479 587 1279 1282 1363
1282 332 335 512 587 721 1146 1279 1331
248 599 792
530 554 792 1037 1229 1465
672 120 300 409 625 1150 1429
570 512 522 839 1157 1240 1335 1401
906 190 445 630 705 1168 1240 1331 1335
1157 445 512 522 705 721 1335
1480 512 630 1331 1335
114 503 1395 1469
503 655 758 992 1029 1079 1418 1469
1395 369 758 793 966
1469 276 966 1082 1418 1461
326 245 509 1195 1344
337 367 923 1168 1227 1359 1410
992 276 286 1029 1082 1183
1183 276 367 424 445 655 1168
343 245 684 923 1103 1114 1195 1280 1486
684 772 1344
852 988 1110
923 289 403 408 1029
117 239 596 736 1045 1224 1267
239 141 299 539 847 940 1111 1224
596 150 299 364 406 538 539 572 736 1136 1167 1268
736 141 150 299 539 847 1111
1045 450 755 1136 1203 1267
1224 141 299 755 1267 1346
1267 450 940 1067 1346
368 258 356 448 594 682 695
383 558
448 160 178 194 889 1125
646 132 594 714 724 1293 1494
812
1461 235 655 849 1061 1079
119 731 849 1002
731 1152 1197
849 369 759
1002 182 271 424 619 973 1197
120 409 645 716 1010 1150
409 300 625 916 988
645 716 988 1010 1083 1150 1304
716 414 988 1010 1083 1150
1010 916 988 1083 1296 1304
1150 284 988 1110 1304
615 269
727 336
1263 482 1299 1456
1196 265 347 540 991
674 403 655 746 1036 1114 1168 1176 1359
1176 403 746 1103 1168 1359
1280 367 403 408 973 1036 1103 1236
1359 1036 1168 1433
1433 286 705 1227 1410
1213 1351
1446 1377
421
1063 366 413 688 696 787
334 263 335 451 479 512 963 1146 1401
451
554 856
127 161 390 561
161 146 398 752 777 808 1060
390 838 967 969 1489
561 201 398 752 808 1033 1060
480 702 808 838 1033
777 139 146 398 838 944 967 1033
938 152 861
967 139 146 752 838 944 1060
1033 139 146 398 944
1060 861 969 1204 1399
1204 282 752 944 1399
1399 702 709 808
175 482 1007 1238
336 285 350 673 788 796 1041
380 379
482 1124 1238
1299 285
130 141 299 450 539 578
141 299 364 539 883 1111 1136 1346
299
450 539 578 1346
539 150 755 1111
578 857 1283
131 788 873 953 1362
788 285 1368
873 453 593 1128 1202 1390
953 379 1362 1368
1362 1368
132 285 350 356 386 724 1124 1293
285 361 673 796 1041
350 361 401 724
356 536 673 1124
386 258 423 724
724 423 536 594 796 807 914 1124 1198
1124 714 914
1293 594 673
265 153 586 625
625 153 586 916 991
916 300
270 459 1199 1268
289 235 662 1086 1151 1341
945 182 189 259 538 622 701 883 1151
638 277
1251 277 445 839 1082
1418 1029 1335
201 139
1377 178 627 780
139 702 709
146 752
709
276 624 966 1029 1168
966 1405
1410 630 746 893
702 152 282 679 944
182 235 973 1305
367 403 624 655 1036 1491
369 701 973 1152 1405
624 901 1114 1341 1491
1029 445 622 655
364 345 883 979 1268
883 150 235 348 1167
1111 1136
1136 429 701 1167
1346 755 857
587 251 396 856
792 151 540 571 586 608 761 1037 1229
980 151 599 608 1229 1465
1206 251 608
1220 190 396 541
271 478
708
1305 259
251 396 484 1401
396 1146
1146 286 479 770 895 963 1279
1363
752 398
348 740 759 1384 1405
406 259 572 1100 1167
1079 235 538 973
1151 259 408 1170
153
347 284 991
414 571 586 976
1072 599 761 976 1037 1110
150 940
940 429 538 857
151 608 742 1256
608
742 599 1229
1256 176 856
152
1382 215 1194
160
178 889
682 714 1125 1494
889 194 594 714
1381 1125 1246
189 1195 1491
272 429 509 1195
793
893 190 1236 1240
901 408 1036 1114 1195
1195 408 509 1491
1491 408
190 335 479 1279
1067 726
398
808 861 1489
758
478 740
740 662 759 1100 1152
1152
1384
506 515 1372
1494 1082 1303
838
335 746 1103 1401
1429 1083
366
509 791 1420
696 787 791
787 413 501 546
428 424 622
1082
1240 363 512 705 721
623 1211 1296
536 594 673 796
1007 942 1238
1238 619
176 848
848 963 1137
245 791 1344
622 759 1199
801 572
1420 688 791
286 746 1401
479 1401
746 1227
235 759 1405
973 424 1086 1405
655
732 1110 1401 1486
710
1069 473
541 1452
770 1137
1407 215
1279 512
907
332 437 663
663 212 437 1190 1219
363 721 1303 1331
895 839 1331
1331 381 839 1401
194 714 1097 1246
714 1125 1246 1355
1097 679 780 1421
1246 1125 1355 1421
195 373 593 875 1128
373 379 453 593 869 1390
593 255 532 1202
875 869 1202
1128 255 869 1250 1385
284 300 761
586 1083
1452
429
857 1283
1086 1100
1167 847
1268
345 259 1100
847 1100
263
203
630 1114 1168
572 485
1236 522 1168 1486
988
1304 1083
977 772
1401
515
1303 277
212
1199 485
1036 403 1344
215 668
668
277 833 1190 1372
1038 401 679 1125
1355 833 1125
269 619 718
532 453 942 1202 1250
1202 255 379 942 1385
1250 491
413 226 688 791
688 546
1341 408 1344
473 1101 1219
1037 540
1296
226
522 512 705
721 512 1190
839 512
1335 1227
705 1227
484 963
1101 1190 1292
759
1405
695 258
1197
1061
485 611 1100 1283
1283
259 1170
459 538 1170
1100
1258 979 1170
424
1198 594 691
258
673 796
791 501 546
1344 1114
1456 718
599 761 1229 1290 1465
619 255
255
491
942
1041 796 914
1170 538
381 437 1190
926 1190 1219
408
691 423 807
718
869 1385
1168 1103 1486
833 1372
1190 437
1372
528 501 1203
282
300
761 976 1031 1229 1290
361
796
662
1292 1194
1489
538
1083 1211
963 1137
679 780
914 627
969
1368 379
1219 437
594
627
437
512
1103 1114
1227
856 1137
1137
1194
1114 772
1486
991 571
401 1421
944
540 976 1229
979
403
701
1385 1390
379
453
1390
558 423 1421
423
611 501
1421
1110
571
976 1465
445
1290 1465
1351
1125
1229 1031
501
1031 1465
755
546
780
975
1203 726
1465
1326
726
807
772
1211
861
