0 92 110 136 265 301 302 322 329 330 401 439 528 566 569 619 637 717 732 882 927
92 4 69 324 401 528 683 789 927 945
110 1 216 322 329 369 450 528 529 882 903 961
136 35 113 246 329 376 440 459 566 637 765 831 890 961 989
265 75 140 340 407 409 454 543 556 678 760 836 888 960
301 4 74 89 99 118 401 529 563 661 683 700 789 889 926 927 945
302 22 36 47 246 279 312 330 521 545 628 692 786 961
322 1 14 133 216 329 371 392 454 471 619 742 806 943 961 971
329 4 69 216 372 465 471 554 574 721 745 778 882 896
330 439 529 557 566 581 700 945
401 4 51 202 232 255 369 778 789 890 927 948
439 51 66 279 445 544 591 700 961
528 113 232 369 471 563 637 882 890 961
566 202 216 300 402 533 591 671 771 812 851
569 11 75 100 105 125 169 291 382 427 485 501 526 586 593 652 675 769 791 883 887 912 943 949
619 39 48 161 259 371 372 388 392 450 465 544 586 637 671 690 764 814 851 882 939 943
637 69 216 318 369 697 766 948 961
717 21 22 70 83 300 309 351 370 467 536 574 692 724 725 779 971
732 2 10 138 147 172 193 240 429 455 479 494 513 527 557 567 625 690 711 806 812 870 906 983
882 39 69 81 246 465 563 572 671 733 742 757 807 814 851 943
927 4 51 66 245 276 459 529 683 771 789 890 948
1 66 69 246 276 315 324 563 591 700 764
66 14 168 229 557 563
69 193 232 296 315 370 433 463 471 563 625 733 764 814 961
246 47 157 692 745 896 939 960
276 20 35 114 216 376 576 700 825 989
315 4 14 41 53 134 291 433 591 700 757 764 851 890
324 440 459 471 529
563 133 134 259 633 700 806 807 851 890 939 961
591 213 216 445 571 671 831
700 96 471 521 661 683 890 961
764 133 259 671
2 52 86 166 172 185 192 248 251 392 485 544 560 571 687 808 818 861 921 999
52 39 49 138 139 145 149 192 203 211 318 485 903 912 956
86 102 145 380 406 552 588 673 705 755 808 813 819
166 139 169 323 403 416 448 485 562 567 650 737 808 861 999
172 84 193 318 389 475 552 625 671 817 819 851 856 865 983
185 102 138 203 317 320 494 561 673 708 774 792 799 921 965
192 137 147 152 248 318 405 414 427 567 571 737 856 912 939
248 100 152 203 257 318 323 456 485 560 698 770
251 10 145 211 328 392 475 755 766 812 856 867 871 983 987
392 10 14 81 137 193 384 435 494 509 557 565 812 819 851 867 983
485 139 150 152 406 429 509 527 554 567 697 756 763 895 958
544 39 48 370 435 455 463 671 733 806 812 818 851 871 906 939 943 987
560 455 554 561 562 655 737 808 865 999
571 139 203 240 389 527 554 565 737 803
687 138 167 180 257 405 414 443 450 522 632 698 781 812 894 934 958
808 147 280 317 380 513 552 567 570 615 616 708 755 817 918
818 138 147 152 250 328 427 429 494 509 671 770 812 817 851 870 871 983
861 280 318 389 494 513 554 918
921 380 389 416 421 552 616 673 708 711 792
999 441 552 562 604 711 803 934 985 988
3 38 53 114 334 337 344 376 398 418 447 533 550 646 765 777 825
38 112 146 173 233 347 369 374 447 460 476 488 745 779 786 794
53 13 21 96 113 114 296 339 353 576 683 721 725 765 777 778 989
114 13 20 35 36 83 113 398 402 447 471 537 576 695 825
334 25 28 173 186 209 236 267 290 308 473 488 525 577 677 793 862 975
337 113 321 353 374 394 398 550 642 646 696 825
344 13 74 376 398 402 592 748 944 993
376 36 398 447 483 533 550 646 693
398 62 72 74 296 346 447 550 869 959 993
418 195 202 283 346 347 646 692 693 712 975
447 20 62 118 283 353 550 574 628 748 795 993
533 13 20 51 96 296 343 402 693 890 935
550 118 346 353 402 646 695 748 768
646 25 112 118 346 394 470 476 607 617 844 952
765 96 202 282 537 768 944 993
777 21 41 47 62 72 83 91 196 309 338 369 467 470 574 601 607 831
825 83 223 321 490 890 944 993
4 99 245 440 459 490 529 661 945
99 39 232 459 622 906
245 89 333 582 661 667 926 945
440 229 247 661 890
459 229 471 581 633 659 778 789 926
490 7 27 190 223 279 282 537 666 683 689 935
529 113 369 742 778
661 51 229 943 945
945 51 622 789 948
5 34 254 287 345 448 538 589 641 707 860 878 900 942 951 956
34 49 180 203 257 318 326 348 491 603 707 739 781 826 860
254 37 90 181 201 466 603 709 754 816 821 823 833 837 878 951 974
287 584 605 611 668 762 767 829 833 878 970
345 9 150 160 224 326 373 399 603 636 833 928 962
448 150 176 325 357 414 451 491 542 580 660 698 704 998
538 80 128 179 181 270 281 352 385 605 636 709 754 767 801 821 823 951
589 123 150 262 542 649 650 660 698 707 756 833 860 951
641 24 80 82 123 224 357 373 424 542 603 649 650 670 698 754 833 860 887 895 900 956 968 985
707 49 238 257 348 397 417 522 623 691 988
860 73 176 260 270 306 410 542 601 649 703 704 833 852 949
878 24 37 80 177 179 257 417 605 623 649 691 754 762 767 937 951 962
900 6 78 176 208 542 611 636 657 703 763 833 848 887 998
942 90 253 385 568 584 602 611 620 821 823 837 872 996
951 49 78 160 177 352 466 478 542 823 934 962 988
956 257 260 348 358 399 404 443 517 603 756 781 883 885 928 934
6 8 75 125 137 407 427 479 530 585 601 621 763 848 865 866 947 949 967
8 124 163 237 250 382 415 431 556 620 682 741 791 836 866
75 22 163 200 415 454 526 545 743 888 896 903 943 960
125 137 306 373 383 407 451 491 547 580 593 596 601 621 650 681 836 949
137 163 169 213 306 405 407 464 601 662 769 771 887 892 987
407 140 291 306 505 547 601 621 682 834 852 982
427 100 119 203 384 414 453 526 743 763 770 903 909 982
479 105 171 286 325 384 415 453 601 675 912 955 982
530 11 237 256 384 491 501 527 601 682 741 771 791 836 845 848
585 97 176 203 260 305 348 373 383 399 414 542 698 703 833 852 885 912 913 928 949 998
601 200 203 306 382 383 405 526 546 547 621 650 652 741 848 887 960 982 987 998
621 9 105 150 256 368 383 384 464 468 501 527 543 660 681 769 852 866 883 887 909 943 947 987
763 44 100 152 176 286 373 384 414 509 567 575 662 675 743 885 936 969
848 73 88 234 368 464 489 660 704 718 834 967
865 100 145 150 167 193 203 280 332 527 634 737 936 998
866 11 87 100 105 119 124 139 150 169 171 286 351 383 454 501 546 547 675 741 769 883 963 969 998
947 88 260 306 348 368 373 382 620 652 660 682 703 781 895 934 949
949 306 318 414 461 491 603 644 652 660 883 887
967 73 88 342 390 426 451 596 718 822 845 892
7 13 27 223 247 496 659 667 689 935 978
13 74 96 223 333 537 576 667
27 36 196 232 247 279 537 667 683 689 719 935
223 41 190 279 282 659 959
247 162 190 196 216 333 472 582 667 683 689 935
496 96 190 279 472 666 689 978
659 255 333 472 666 689 695 977
667 113 190 232 582 666 683 689 719
689 162 229 232 472 483 582 666 977
935 162 333 537 666 683 944
978 472
124 356 390 541 874
163 9 73 250 426 451 608 620 650 652 998
237 22 104 156 300 340 382 409 518 524 526 534 543 556 815 854 908 929 960 969
250 9 77 88 171 342 348 495 505 518 547 593 678 845 868
382 11 140 256 340 414 464 505 681 682 846 987
415 11 87 140 171 213 230 306 518 741 987
431 144 342 489 511 573 644 734 892 986
556 140 156 213 340 373 409 464 467 470 543 593 628 815 888 916 960 961
620 82 105 257 306 518 547 596 657 718 834 845 982
682 105 156 256 306 340 491 495 503 741 836 896 960 982
741 87 140 171 409 505 836 883
791 11 44 87 105 169 450 501 526 547 631 769 987
836 73 77 87 105 169 171 501 547 593 743 769 895 963
9 77 160 426 495 546 718 760 843 845 852 998
77 88 268 495 546 596 626 734 892 920 932
160 103 123 148 178 253 281 354 356 469 595 704 754 767 796 898
426 97 109 157 375 430 546 547 596 718 892 924
495 73 88 505 546 618 892 960
546 88 505 594 596 644 657 760 852
718 73 88 368 469 564 644 657 756 845
760 93 109 117 222 269 409 420 430 437 500 594 608 630 665 714 854 897 932 954
843 40 54 106 116 153 189 242 361 368 375 491 597 663 674 761 828
845 73 169 181 235 342 451 489 580 594 657 895
852 306 505 526 652 657 842
998 82 373 491 542 580 660 698 842 887 987
10 211 328 475 565 690 757 766 817 856 867 871 912
211 388 429 549 565 588 690 766 817 856 867 943 995
328 39 161 168 240 494 565 757 766 817 867 871
475 14 134 193 203 509 625 690 711 807 856 867 871 918
565 388 549 572 856 889 918
690 240 406 540 757 856 867 871 995
757 14 134 193 240 429 455 549 557 572 625 631 814 871 918 983
766 240 388 465 540 557 625 856 906
817 147 332 616 673 711 812 813 885 995
856 48 240 291 540 711 867 871
867 39 147 240 259 455 540 549 557 743 983
871 152 168 193 240 389 455 494 697 711
912 11 152 169 224 405 627 650 756 769 883 928 936
11 105 169 200 501 509 586 769 842 987
105 44 180 356 373 509 521 526 547 650 769 936 987
169 146 171 371 384 465 505 623 662 675 969
200 300 340 371 465 501 509 526 627 903
501 44 291 318 631 650 675 769 770 842 883 969 971
509 145 147 256 326 494 554 567 697 743 770 806 812 870 885 928
586 22 70 193 371 467 771 815 903
769 44 291 351 399 678 883 969
842 152 286 318 453 567 631 697 936 987
987 44 48 372 526 652 662 756 939 943
12 26 115 220 444 506 519 553 606 749 780 904
26 18 95 130 170 205 222 277 310 331 474 651 749 897 904
115 18 46 55 111 142 205 220 269 363 506 525 534 643 810 863
220 94 154 205 519 553 608 785 904 920 994
444 23 154 215 363 498 506 746 855
506 93 215 264 327 363 643 699 731 749 785 897
519 56 142 154 215 438 553 643 722 746 994
553 18 85 215 630 727 773 785
606 23 46 111 142 174 205 207 275 277 331 694 749 910
749 142 151 154 165 290 365 434 457 498 610 685 773 830
780 210 438 457 458 531 624 626 630 785 787 879 954 994
904 23 264 363 365 438 487 498 503 643 863 879 920
74 296 576 693 721 768 899 959
96 20 35 72 279 296 483 537 582 695
333 162 339
537 162 279 282 695
576 20 72 196 202 353 402 483 582 748 768 778 944
14 39 81 87 147 168 193 259 465 549 572 622 770 806 851 939 983
39 134 161 406 433 435 463 465 549 627 671 737 806 814 851 939 943
81 133 134 406 465 572 625 671 697 807 851
87 140 208 213 256 351 543 593 678 728 888 897 963
147 240 317 455 465 494 557 572 625 812 870
168 581 633
193 145 455 494 523 554 812
259 133 240 445 527 889 906 929
465 48 286 450 671 743 806 870 936 939
549 388 389 435 733 906
572 48 134 240 406 435 463 494 557 581 671 711 728 806 851 995
622 133 471 889 948
770 152 203 286 527 567 742 756 812 870
806 152 370 388 435 463 494 627 631 671 807 903 939
851 134 435 455 494 540 742 939 943 985
939 44 48 371 372 450 463 557 671 807 943 983
983 133 240 406 435 494 557 631
15 121 158 204 285 651 654 841 876 973
121 68 71 222 249 350 377 395 629 664 736 820 864 876
158 42 71 252 292 310 363 400 425 458 493 510 587 658 684 723 782 810 859
204 503 723 841 901 910
285 67 109 174 207 438 464 597 608 626 665 797 902 954 994
651 29 228 310 430 442 514 516 654 669 684 782 841 859 973
654 277 480 502 514 516 676 723 901 910
841 29 68 292 614 720 901 946
876 56 68 272 277 289 350 395 400 442 474 629 645 684 723 820 859 864
973 29 289 350 400 514 688 723 859 946 964
16 228 243 343 377 577 629 694 820 857
228 71 111 217 222 249 252 275 310 474 486 493 669 684 731 783 864
243 68 111 241 277 292 298 310 379 396 486 577 629 645 723 827 964 975
343 19 304 308 341 347 525 786 824 881 980
377 71 170 184 298 379 396 425 476 658 793 827 897
577 42 64 93 111 222 249 272 290 292 310 381 396 486 645 793 846 857 881 992
629 126 289 350 379 381 395 609 645 859 994
694 42 151 264 643 669 738 855 879 981
820 19 29 68 292 350 381 395 510 645 664 864
857 19 71 241 249 381 396 783 827 881
17 79 116 307 349 360 375 648 674 685 713 884 940
79 31 159 189 319 638 685
116 101 153 157 293 307 319 355 375 558 638 665 674 727 734 868
307 58 214 226 319 364 548 638 884 915
349 58 189 219 360 579 648 685 713 772 907 923 953
360 58 153 674 685 713 790 886 911
375 189 319 457 647 839
648 31 54 273 293 355 366 618 647 875 893 940
674 293 366 644 713 884 911 931 940
685 58 197 226 361 387 457 515 548 701 880 886 893 907 911 919
713 58 107 183 214 266 273 469 504 772 839 849 880 907
884 273 355 364 366 548 558 638 761 931 981
940 153 219 293 366 508 548 635 638
18 63 142 154 206 327 363 559 722 746 773 810 981
63 46 142 215 264 363 630 684 727 734
142 46 95 206 215 264 327 363 400 514 643 722 863
154 609 838
206 55 207 327 531 746
327 93 231 609 746
363 215 277 746 838
559 56 93 95 170 261 272 277 310 587 643 699 731 736 810 863
722 46 55 101 207 477 498 773 863
746 29 46 143 278 319
773 94 215 434 498 531 838 879 979 981
810 269 310 400 420 438 597 643 669 863 879 992
981 31 165 207 226 258 365 508 610 727
19 25 195 267 607 695 795 824 869 881
25 195 236 304 536 607 617 702 712 795 798 846
195 146 186 347 374 437 536 617 692 712 786 795 824 881
267 217 290 304 308 347 386 723 794 795 824 844 966 980
607 184 221 338 353 470 574 712 724 748 824 993
695 118 184 196 296 353 402 582 778 944 952
795 173 249 272 304 346 386 525 536 617 642 786 824 844 975
824 173 186 236 290 338 347 353 374 476 536 587 736 786
869 62 83 118 309 338 386 488 545 677 831 966 975
881 42 111 173 209 249 297 298 310 374 379 381 400 425 696 827 897
20 35 113 282 296 369 721 742 778
35 36 89 113 196 545 778 975
113 369 789
282 89 118 229 232 279 899
296 36 51 118 196 309 683 789 959
369 353 483 721 890 971 989
721 83 118 196 778
742 371 450 627 671 733
778 72 989
21 41 72 83 196 202 321 574 712 794 831
41 47 62 72 83 483 728 831 897
72 118 196 202 283 309 312 321 394 402 470 483 574 725 745
83 47 146 202 233 283 300 309 312 521 574 692 724 748 831 896
196 51 118 789
202 118 321 353 467 521 574 724 725 748 789 975
321 36 118 312 346 470 617 693 712 844 896
574 104 300 309 312 353 677 794 831 966
712 304 335 386 617 696 786 798 844 941 959
794 22 104 300 460 467 521 642 677 724 815 854 929
831 256 283 300 309 460 470 896
22 104 213 256 300 409 454 467 521 599 971
104 70 91 300 449 460 467 692 696 779 888 960
213 156 216 340 409 593 678 728 960 963 982
256 140 371 547 599 702
300 351 454 524 527 745
409 526 543 593 628 678 728 771 779 966
454 140 340 351 467 748 929 960
467 140 341 521 692 815 971
521 62 309 728 771 862 966
599 70 156 283 696 745 971
971 47 70 309 370 464 545 628
23 93 174 210 264 275 420 608 665 863
93 56 85 264 269 277 474 614 624 731 976
174 151 261 458 558 879 992
210 85 364 498 531 610 759 785 920 932
264 56 252 261 331 510 643 669 723 730 731 785 984
275 67 111 205 391 474 510 587 658 723 783 984
420 67 249 261 391 458 486 487 489 579 630 658 679 761 785 797 827 855
608 207 391 534 624 714 744 761 797 830 932 976 984 994
665 109 117 207 500 730 830 908 953 954 976
863 643 879
24 37 80 108 270 352 478 623 754 762 767 801 821 822 837 937 962 970
37 82 120 352 410 541 573 754 767 816 822 823 905 937 962
80 281 352 466 484 762 767 809 823 833 937
108 49 177 201 352 385 520 632 709 826 829 898 913
270 123 141 179 260 281 303 352 385 469 542 595 726 821
352 90 103 177 466 522 584 623 657 767 826 829 872
478 180 238 244 281 484 656 809 972
623 82 176 356 357 411 446 522 605 670 762 809 826 872
754 123 141 178 263 385 584 602 611 821 823 872 898
762 78 177 179 649 767 823 937 962
767 78 120 123 201 235 262 354 385 446 541 584 595 698 726 840 937 962
801 198 253 299 354 555 584 595 611 850 877
821 59 103 253 482 555 584 636 822 837 872 922 937
822 78 90 263 281 385 446 466 583 611 709 823 898 955 974
837 164 253 263 274 385 469 573 583 716 829 872 873 970
937 49 141 244 262 354 446 605 811 832 962
962 78 90 179 181 253 417 466 484 611 703 756
970 78 120 181 316 354 397 446 568 602 653 829 898 913 972
236 277 298 347 386 437 525 536 617 975 990
304 271 341 379 386 483 488 592 617 786 844
536 184 473 696 966
617 347 386 798 844 975
702 221 338 386 470 677 692 696 748 798 844 862
798 221 233 338 488 642 724 899 966 975
846 67 91 117 127 298 437 489 503 518 534 594 730 853 854 897 984
95 33 231 331 442 738 910 992
130 32 143 378 434 738 788
170 205 209 297 310 474 493 500 587 684 699 731 992
205 56 215 252 289 331 486 699 731 788 992
222 56 249 252 268 277 292 298 381 395 425 474 486 587 723 783 797 827 916 946
277 62 261 268 297 396 493 624 658 723 797 954 976 984
310 33 331 400 437 669 684 731 782 859 864 964
331 231 252 510 516 587 699 731 782
474 298 350 391 438 493 597 669 684 699 783 793 859
897 64 94 117 127 146 209 489 500 503 534 564 728 730 902 932
36 118 312 450 693 789
232 51 582 789 926 944
279 339 748 959
683 162 545 582 768 890 959
719 89 255 339 471 926
28 271 346 470
271 335 844 941 990
346 335 341 353 374 677 693 748 844
470 91 146 233 476 696 724 748
29 212 378 480 578 720 788 859 946
212 30 33 132 295 480 514 578 676 688 720 946
378 32 502 676 782 788
480 33 143 614 720
578 30 33 225 676 738 946
720 30 68 71 614 901 946
788 32 143 295 432 502 688
859 68 269 297 350 400 679 684 736
946 30 33 292 516 664 992
30 252 295 516 613 614 676 688 916
252 425 510 516 587 658 684 783
295 33 132 514 516 614 676 688 910 964
516 33 289 514 614 688 910
613 143 432 462 738 992
614 684
676 33 249 292 864 901
688 442 514
916 50 117 127 391 489 503 518 534 677 730 853 862 902 954
31 43 54 242 258 293 410 558 701 915 979
43 293 434 638 701 727 979
54 101 159 191 355 504 991
242 122 144 159 191 199 361 500 511 512 548 590 635 647 839 923 991
258 55 153 226 293 361 558 635 701 785 787 931 994
293 319 635 701 727
410 218 224 234 390 428 595 644 753 790 800
558 153 183 226 364 366 610 747 979
701 226 366 508 635 880 979
915 57 273 361 366 387 508 548 840 886 911 925 931 938
979 101 365 434 477 508 635 727 920
32 46 143 514
46 400 727 838
143 132 278 395 502 699
514 33 231 289 432 462 645 738 782 783 992
33 292 684 901
292 111 391 395 587 684 864 964
684 231 272 298 487 510 534 587 699 736 964
901 71 669 964
49 78 82 141 176 281 456 484 522 811 898
180 358 632 670 826 958 988
203 145 167 414 416 554 562 737 982
257 131 167 318 358 405 414 522 562 631 650 781 885 909 934 958
318 138 150 152 167 326 348 527 681 697 928 936
326 152 358 404 527 562 703 803 811 934 958
348 82 119 150 260 385 390 399 698 756 781 833
491 144 208 390 469 603 644 660 662 704
603 119 177 260 306 383 414 542 644 649 670 691 698 703 887
739 167 358 404 405 416 517 535 567 803 955 985
781 61 167 756 792
826 82 119 466 484 703 756 887
89 51 339 472
545 70 384
975 335 338 381 386 473 786 844 990
118 312 347 402 483 524 725 993
312 309
450 134 161 240 370 371 435 527 627 671 807 943
693 768 944 952 993
789 51 666 890
82 119 164 262 305 542 605 632 636 652 675 698 703
120 238 316 385 422 568 583 668 709 872
541 97 164 178 208 218 325 357 390 424 573 650 675 790 895
573 164 191 218 235 260 319 356 800 924
816 78 201 281 316 446 482 583 595 611 653 898
823 123 128 141 176 181 201 235 253 385 446 515 542 618 709 716
905 198 397 422 583 584 668 829
112 283 386 394 473 476 793 990
146 50 62 217 298 449 696 724 862 966
173 50 290 381 386 473 476 679 980
233 221 341 488 696 724 929 966 990
347 184 298 473 679 786 844
374 42 50 64 488 990
460 221 488 500 524 779
476 42 64 221 488 677 786
488 184 186 249 338 642
745 309 340 353 966
779 91 186 221 338 594 677 724 815 929 966
786 308 592 827
134 557 633 671 814
161 48 51 370 372 388 433 435 463 631 671 807 943
406 332 554 625 918
433 463 527 743
435 48 133 240 388 540 633 671 812 814 870
463 44 70 286 370 371 372 671 943
627 372 518 527 631 671 733 812 870 896 903 943
671 48 371 527 807 943
737 138 167 323 384 453 557 575 703
814 133 471
943 48 100 527 557 697 807
40 76 182 226 227 266 303 387 590 663 772 839 893
76 60 107 199 266 273 740 828
182 219 266 361 387 423 507 663 680 893 938
226 57 207 319 364 366 508 787
227 58 122 387 548 590 635 638 663 893 931
266 61 107 214 219 303 408 423 497 740 753 875 938
303 60 107 178 198 199 319 492 740 758 784 840 907 919 938 957
387 273 361 452 551 590 849 919
590 122 273 635 663 886 893 907 917 919 931
663 183 214 504 548 710 828 911 925
772 107 759 828 849 877 880 893 919 923 925 938
839 58 122 263 507 638 727 753 784 835 907 911
893 219 355 361 504 507 638 686 875 907 938
47 70 216 524 692 961
62 91 184 221 677 696 724 733 815 976
483 890 989
728 216 340 351 812 854 963
42 64 184 186 209 241 272 290 298 341 381 425 609 679 730 862 888 902 908
64 209 290 297 298 396 425 609 679 714 815 827 862
184 217 221 297 298 340 396 503 525 696 724
186 50 91 209 249 290 297 381 473 518 525 609
209 217 249 268 269 297 437 592 679
241 298 396 425 437 486 510 518 783 793 980
272 71 249 350 493 658 664 723 736 864 964
290 217 249 341 525 534 645 793 990
298 71 217 249 425 473 658 679 827 932
341 308 335 394 402 524
381 249 297 350 425 827 879
425 111 249 486 723 782 853
609 268 269 297 379 396 438 473 503 525 669 679 862 864
679 50 217 261 297 677
730 67 217 268 269 391 493 564 714 783 827 976 984
862 88 217 391 714
888 127 156 221 309 340 503 518 534 628 649 714 954
902 117 127 714 932
908 127 156 157 437 489 564 714 932 976
434 165 365 477 727 785
638 57 58 122 165 214 840 911 919 925 931
727 165 477 508 747
44 145 291 526 662 812 896 966
145 152 358 404 562 567 756 885 936 961
291 340 526 697 771 903
526 414 453 631 883
662 97 127 171 305 384 527 593 650 883 909 960 982
812 429 453 543
896 48 133 733 771
966 156 216 724 993
45 311 481 710 729 759 835 850 907 930
311 61 65 188 294 359 408 452 520 710 729 751 938
481 219 412 511 849 850 938
710 107 419 849 850 919 930
729 219 294 359 492 551 595 751 835 917
759 60 61 107 199 239 423 520 680 849 875 957
835 239 294 412 419 492 680 686 850 930
850 61 194 497 551 680 847
907 57 58 183 214 273 361 504 828 911 923 931
930 492
400 487 510 669 736 783 785 984
838 747
70 309 628 723 725 771 989
216 961
524 692
692 91 109
961 48 471 633 733
48 429 807 928
429 358 389 547 554 631 697
807 240 889
928 100 399 756 883 885 887 985
78 90 417 466 568 605 809 913
141 97 181 390 584 636 898
176 316 325 354 446 542 660 670 833 834
281 181 263 466 482 584 611 636 649 668 709 898
456 150 358 399 443 484 632 691 750 811 894 972
484 90 177 238 399 656 809 955
522 119 138 323 404 517 639 691 803 913
811 167 305 367 404 417 517 632 750 955 958 988
898 59 123 198 263 385 408 419 422 446 497 555 877
50 127 217 297 449 714 793 929
127 117 430 458 487 503 525 534 744 853
217 71 117 269 297 437 449 493 696 853
297 249 269 984
449 91 437 677
714 117 308 503 518 564 594 793
793 56 126 308 335 941
929 91 391 854
51 190 229 582 890
190 162
229
582 339 472
890 339
138 150 167 358 451 562 634 650 885 958
139 240 358 414 813
149 131 135 284 416 443 499 640 805 858 891 894 968
903 771 815 960
339 162 255 733 944 977
353 748 768 827 944
725 156 309
989
101 106 144 159 511 580 647 880 925
159 175 191 362 469 511 512 635 647 880 953
191 164 183 189 511 515 647
355 85 366 511 635
504 183 273 512 548 828 880 923
991 106 189 230 319 362 579 880 911
55 85 215 278 498 531 785
85 165 365 457 498
215 350 510
278 477
498 153 365 610 647 785
531 67 151 207 230 438 500 624 787 797 827 855 976
785 365 579 744 761 787 797
56 261 391 643 658 723 731 744 783 879 976 984
261 111 391 487 493 855
391 268 493 597 624 797 827
643 699 797 879
658 111 350 395 502 664 699 723 864 964
723 111 249 308 350 396 437 486 731
731 437 510 597 624 669 699 920
744 67 117 207 430 624 954 984
783 430 437 458 493 645
879 151 438 487 597 624 630 954
976 67 109 269 430 437 503 624 920
984 67 68 207 268 269 493
57 122 214 364 875 925
122 925
214 58 366 548 635 925 931
364 153 366 508 511 787 875 925
875 60 178 197 199 362 452
925 548 886 911 931
58 183 273 361 366 508 548 635 880 911 923
183 107 199 361 802 911 923 953
273 319 361 548 618 886 923 931 938
361 362 539 680 880 923 931
366 508 635 787
508 880 886
548 886 911
635 106 319 365 610 886
880 107 362 423 753 868 911 938
911 189 365 610 886
923 511 828 849
59 148 263 354 393 497 653 656 686 706 784 873 922 996
148 128 194 274 354 423 497 686 840 873 877 950
263 123 128 198 466 539 584 716 877
354 197 274 452 555 583 716 726 832
393 178 294 408 497 539 551 686 715 726 775 832
497 61 194 239 294 359 419 507 520 686 715 775 796 800 802 873
653 316 555 584 602 668 829 996
656 238 244 972
686 188 316 419 539 551 584 715 758 775 796 877 996
706 446 555 583 584 602 726 922
784 103 128 197 492 511 515 595 715 758 776 800 840 957
873 98 294 408 423 452 520 551 715 802 840 919 950 957 996
922 253 274 316 568 583 726
996 98 260 422 446 555 595 602 611 726 828 974
60 103 197 198 507 515 740 775 800
103 178 239 539 740 753 776 802 986
197 107 408 515 520 555 753 758 828 840 974
198 201 208 253 423 595 709 800 802 877 974
507 107 164 178 199 239 428 511 740 758 800 828
515 107 179 219 423 740 758 800 828 950 986
740 178 199 555 758 986
775 179 294 299 412 419 551 584 716 751 776 832
800 423 452 469 511 520 539 753 802 832 840
61 65 239 408 412 595 917 950
65 408 492 796
239 408 492 539 802 840 877 950 986
408 188 423 452 520 539 715 950 957
412 492 520 715 802 974
595 178 555 802 877 974
917 219 294 847
950 832 840 847
91 338 340 473 724
221 543 564 677 844
677 724 748
696 815
724 309 350 386
733 371 815
815 338 340
630 151 438 457
734 123 144 618 830 868
396 518 669 736 827
827 68 111 249 338 350 486 525 534 699 864
492 294 555 751
796 194 294 539 551 715
557 240 445 527 554 889
67 269 430 761 932
269 207 268 365 437 458 587 624
430 487 534 624 892
761 230 457 579 787 797 830 855 920 931 994
932 151 464 597 797 854 994
68 395 664 782 864
395 231 510 964 980
664 71 486 864 964
782 510 910 992
864 111 626 645
370 371
471
625 540 870 995
309 748
628 140 156 351 543 593
771
71 738
738 587
283 386 748
394 386 592 642 952 993
402 944 959 977
73 88 368 489 892 909
88 235 368 461 547 618 652 834
368 144 157 306 356 357 461 580 596 618 644 790
489 156 157 458 505 594 954
892 140 157 580 644 874
909 150 152 405 649 650 703 887
768 162 944 952 959
899
959 944
743 372 631 887 969
960 351 963
107 199 219 452 828 840
199 234 423 452 753 886 986
828 452 680 776 802 957
268 109 437 669 797 994
596 342 580 644 924
626 94 207 534 597 994
920 94 500 597 994
90 253 373 446 466 568 776 974
417 131 238 517
466 128 397 411 446 611 668 709 872 974
568 397 668 872
605 177 238 829 913 972
809 244 397 399 446 716 913
913 201 422
189 579 953
319 151 153 579 647 787 886
833 181 224
133 455 633
697 373 527 631 870 936
119 150 260 305 373 383 580 649 650 698 834
164 106 208 234 356 390 704 895
262 97 260 428
305 224 260 373 383 660 675 874 887
542 97 171 181 235 306 325 649 681 698 703 756 895
632 404 414 670 735 885 934
636 181 224 260 325 657 704 834 924
652 260 306 325 373 660 698 834 924
675 150 171 384 464 650 698 703 756 834
698 181 464 547 649 650 681 887
703 260 325 373 451 649 887
748 338 642 844 963
84 187 358 403 513 532 552 562 570 588 600 634 673 705 799 805 813 858 933
187 280 468 612 615 634 752 799 803 805 894
358 100 167 562 803 804 858 934 936 955 958 988
403 280 421 513 523 562 612 639 673 799 858 985 988
513 129 380 570 575 616 804 813 819 934
532 129 413 540 655 774 858
552 805 813 819 934 965
562 280 323 561 575 705 750 799 985
570 167 284 323 404 416 441 468 499 561 604 639 705 792 805 858 933
588 102 320 380 389 616 755 918 965 995
600 129 284 499 598 612 672 804 894
634 155 280 616 752 774 792 805
673 129 468 612 799
705 284 288 313 367 416 436 517 598 639 750 813 894 988 997
799 135 317 323 468 554 575 813 858
805 155 320 416 468 561 615 639 752 804 858 885 965
813 129 280 320 441 612
858 380 413 436 441 468 561 616
933 284 367 404 416 561 575 612 615 639 804 934 958 997
165 365 438 477 610
365 438 830
457 109 153 438
102 320 380 421 616 708 965 995
380 389 421 755 918 965
755 389 455 711 819
819 280 453 711 965
140 171 249 340 505 518 594 854
208 128 235 325 385 424 974
351 963
543 156 461 464
593 171 518 547 678 963
678 982
963 117
235 218 224 644 790 874 924
461 218 230 342 428 644
547 152 834
618 230 362 647 753 886 924 953
834 373 451 660 895
472 666 977
253 539 584 611 832
373 260 357 383 681 887 895
446 274 555 602 709 872
776 452 583 802 840 877
974 128 178 356 469 539 584 802 877
338 335 386
340 854
473 249 525 980
624 117 151 487 797
94 230 610 830
230 109 151 153 610 644 830 953 954
610 994
830 109 144 157 512 787
231 442 992
442 336 462 910
910
992
97 175 325 424
175 106 178 362 512 647 790 868
325 179 649
424 179 390 704
98 316 482 726
316 224 422 583 602 668 872
482 179 555 726 802
726 244 419 423 555 584 716
906 889
100 152 286 323 453
152 567 649 936 955
286 453 631 870 887 969
323 367 404 405 517 616 639 958 985 997
453 631 756 883 936 969
106 144 356 477 511 512 597 647 790 868
144 362 511 579 868
511 512 953
580 356 451 647 657 874
647 362 390 512 753 874 953
320 129 280 317 561 616 708 752 774
421 155 317 389 615 774 792 965
616 155 280 317 413 523 561 792 918 995
708 280 317 413 523 792
965 792
995 389 455 711
178 299 342 469 512 758 790
539 128 362 715 832 840
753 751 957 986
802 299 357 419 469 709 758 840
986 299 758 790
356 390 924
650 171 306 357 383 649 660 681 756 887
936 384 955
477
512 299 362
597 109 207 534 797 855 868 954 994
790 128 234 357 451 469 657
868 123 234 579 797
219 938
452 299 555 715 840 938 957
840 423 715 758 877 924
177 238 411 972 988
201 128 238 274 367 397 422 428 584 611 872
385 123 179 584 709 716 895
520 188 294 758 849 957
709 179 584 832
829 274 422 611 668 872
109 151 157 954
151 438 458 855 994
157 234 500 594
954 797 994
111 225 350 486 990
225 132 462 736
350 249 289 645
486 249 379 437 699
990 308 386 592 844
386 592
525 126
534 500 503 853 953
153
117 503 564 594
503 437 500 564 853
564 207 458 854
594 500 518 854 953
993 642
150 260 383 405 414 649 660 681 756 885 958 988
260 649
383 306 649 681 887 895
649 451 660 969
238
422 551 584 602 872
583 274 602 716
668 123 244 602
872 128 555 602
249
736 432 587
123 181 274
181 179 224 469 670 704 924 972
274 179 584 602 716
390 218 660
874 357 362
306 405 681
451 234 357 657 704
681 660 756 969
126 308 379 980
308 964
379
980 645 941
458 207 438
487 207 437 797
853 518
128 299 555 716 877
299 877 957
555 716
716 469 584 670
877 428 972
129 413 523 752 774 804 997
413 612 615 752 774 985
523 155 280 317 752 792 997
752 436 468 604 615 988
774 640
804 135 411 598 640 672 735
997 280 416 535 604 639 672
131 288 535 604 655
288 155 499 612 639
535 284 416 639 640 735 803 891
604 135 411 443 598 640 985
655 313 612 615 914
132 314 336
314
336
455 332
633 581
135 640 672 891 985
640 284 499 575 672 792 891 988
672 284 499 891
891 411 517 575 598 639 988
985 280 399 404 416 441 803 955
405 384 414 885 895 982
464
887 660 895
167 404 885 955
885 342 404
958 224 404 750
240 388 494
414 399 567 670
171
505 493 500 644 657
518 797
854
584 602
502 432
699 437 493
362 234
579
404 934
567 372 554 575 870
756 657 883
317 155 332 389 436 554 792 918
494
870 372 631
194 551 704
423
284 639 670
416 367 441 575 639 894
443 499
499 436 598
894 411 517 750
968 411
660 895
988 517 934
438 747
855 994
994
955 367 517 575 803 934
155 280 612 711 914
280 436
612 468 735
711 389 615 918
914 313 792
156 883
883 384
234 953
500 342
493
510
587 289 669
469 179 218 895
953
704
372 371 631 889
388
631 527 982
162 666
666 255
895 357
581
371
384
969 982
389 918
670
411 750
972 224 244 611 691
342
758 715 938 957
179 224
224
924 218 357 428 886
680 715 847 957
938 849
561 468
792 332 468 918
468
615 436
803 367 691
188 294 359 419
294 419 602 715
359
419 832
554 527 575
551
437
886
367 517
397 244
428 218
611
982
289
207 787
787
592 645 844
931
218 357
357
844
797
462
669
644
926
944
645
964
244 750
750 691
832
255 977
977
934 399
445
527
889
335
941
602
436
639
715 957
957
919 849
751
313
332 918
918
517 441
642
399
657
849
952
948
441
575
432
540
747
691
598 735
735
847
