0 152 238 249 389 401 405 466 514 724 824 870 931 976
152 43 90 312 426 454 466 523 716 757 826
238 43 56 90 125 454 457 466 671 787 912 976
249 90 125 319 457 514 523 585 605 787
389 102 169 310 312 390 454 532 671 677 780 787 855
401 29 182 256 435 640 754 757 775 873 879 997
405 35 116 275 295 299 323 426 437 634 856 873 876 954
466 30 312 514 523 634 787 811 976
514 125 169 276 312 424 671 703 724 870 912
724 408 457 671 716 811 826 855 976
824 53 257 310 352 621 717 769 974
870 35 80 90 102 116 125 454 457 523 585 677 787 855 892 976
931 56 80 275 437 856 892
976 341 457 811 823 855
1 157 177 345 458 461 491 560 597 664 705 726 746 759 864 990
157 28 82 177 253 318 380 425 446 461 489 529 592 679 785 947
177 271 318 392 446 461 560 569 947
345 337 458 569 597 664 679 785 864 910
458 33 82 271 461 518 536 560 597 679 692 720 785 831 837 851
461 231 271 446 489 560 594 664 668 692 894 910
491 28 33 71 82 99 253 337 489 570 679 726 831 994
560 82 271 908
597 40 46 82 253 271 592 705
664 47 253 446 476 518 536 570 705 711 720 785 910 990
705 82 124 271 297 570 592 785 831 866
726 337 489 570 720 814 831 861 864 894 910
746 113 353 395 729 835
759 271 692 785 831 837 864 894 937
864 46 380 406 592 676 692 837 937
990 28 529 720 913 983
2 57 149 268 274 416 498 557 686 833
57 26 118 123 149 183 207 211 251 294 411 416 701 863 930
149 7 104 110 150 251 268 372 402 416 472 474 498 574 712 893
268 7 121 248 362 411 439 472 528 732 907 940
274 26 184 431 528 557 580 620 682 765 820 822 943
416 21 26 121 150 199 361 411 498 510 686 907 970
498 7 21 63 72 151 402 411 631 930
557 60 258 431 528 563 580 714 852
686 7 101 110 142 144 207 362 363 411 471 472 543 701
833 63 163 216 369 487 509 617 631 840 868 902 918
3 195 242 283 305 377 396 462 487 599 702 731 752 901
195 305 351 566 586
242 282 283 369 377 419 482 599 848
283 27 282 307 362 369 396 418 459 582 598 617 638 752 803 848 872 882 942
305 134 187 235 351 462 531 564 586 599 656 702
377 24 100 131 482 487 511 571 702 903
396 7 25 79 100 131 235 469 531 625 638 673 752
462 66 282 400 410 459 527 558 566 576 625 774 901
487 24 235 418 419 566 571 579 598 673 752 872 981
599 48 134 419 558
702 24 25 79 187 346 351 531 541 564 582 586
731 52 251 362 418 443 469 509 617 753 930
752 25 419 443 482 521 582 598 633 962
901 25 27 459 541 579 762 850 975
4 45 277 297 350 424 550 770 811
45 6 50 236 263 267 277 476 481 554 767 770 959
277 6 95 267 476 550 959
297 6 95 221 236 260 350 532 791
350 6 47 102 263 267 406 723 777 791 861
424 124 221 310 319 716 717 787 793 917
550 263 276 300 476 692 770 791 959
770 6 95 260 267 383 532 628 659 767 874 959 968
811 169 454 634 671 683
5 13 43 116 137 279 295 299 538 634 700 717 793 829 856 873
13 70 279 295 323 340 426 585 634 754 921
43 56 112 275 340 426 457 512 589 725 775 865 873
116 88 112 312 319 323 426 437 450 793 829
137 308 375 432 583 700 725 741 815
279 30 88 188 221 272 323 340 352 450 736 742 751 793 954 987
295 340 408 437 495 516 538 581 703 856 954
299 35 56 119 272 826 829
538 37 70 371 542 581 634 703 725 772 844 856 921
634 36 221 269 272 275 371 581 873
700 8 256 366 451 583 888 904
717 221 481 621 660 677 716 736 829 974
793 88 132 319 420 481 486 585 605 703 954
829 88 217 323 352 408 437
856 35 70 275 495 581
873 173 180 275 426 495 512 844
6 95 169 260 406 476 554 587 659
95 236 257 263 276 310 659 723 968
169 367 454 745 855 892
260 50 102 236 257 476 532 723 745 767 889
406 74 310 554 659 696 723 874 889 949
476 145 267 892 959
554 74 145 217 565 889 949 974
587 47 532 677 723 974
659 497 628 791 812 949
7 41 101 106 109 233 251 280 362 414 591 666 714 715 730
41 63 79 150 294 419 617 638 867 893 918
101 26 196 472 496 907 945
106 31 81 176 209 235 258 429 440 574 827 863 867 900 922 965
109 21 44 93 104 139 159 192 234 439 447 567 613 635 685 818 858
233 58 89 321 419 423 441 631 883
251 32 142 150 509 701 730 847 907
280 44 110 121 151 211 273 332 363 439 472 543 613 635 940
362 72 98 144 207 219 294 385 469 510 632 701 730 840
414 226 379 394 407 413 625 654 699 719 772 776 805 911
591 9 222 246 507 575 682 765 820 830
666 21 118 192 201 273 398 447 453 635 715 732 776 891 940
714 26 32 75 199 234 239 472 574 956
715 44 118 121 190 361 379 411 648
730 144 270 363 509 613 631 651 699 868
8 36 129 269 373 427 725 735 885
36 326 375 427 583 735 796 801 815 885 904
129 256 326 427 465 537 583 641 735 796 801 815 885
269 35 87 173 367 435 463 522 589 605 637 725 757 775 844 879
373 173 308 326 334 359 375 427 537 672 689 794 876 934
427 326 465 537 641 735 794 801 815 977
725 132 326 359 375 451 641 921
735 689 698 801 815 885 904 977
885 70 77 641 794 796 803 815 875 904 911 989
9 162 222 247 830 860 935
162 154 155 164 292 354 430 675 737
222 629 709 776 845 871
247 264 386 438 506 596 635 822 852 969
830 234 239 391 575 606 779
860 65 93 688 871 944
935 91 93 430 452 503 600 606 649 685 737 825 896 924 925 996
10 40 208 231 449 499 518 520 525 614 763 878
40 291 318 336 421 448 518 747 760 916 947
208 39 206 217 271 291 302 337 493 517 614 747 756 846 916
231 17 315 533 549 760 992
449 291 448 533 756 760 814 846
499 17 145 676 760 846 890 908
518 71 318 594 658 814
520 33 39 54 479 607 747 756 763 916
525 20 33 71 285 287 421 428 448
614 33 39 291 403 645 846 972
763 107 265 336 448 548
878 14 107 729 923
11 126 189 198 230 241 265 483 502 548 572 667 817 932
126 64 92 479 653 667
189 33 191 230 360 572 798 813 817 932 982
198 107 285 421 548 760 979
230 94 191 303 360 630 798 813 896 982 993
241 224 360 368 483 608 932 982
265 54 193 630 839 914
483 96 360 798 932 964 982
502 96 324 572 667 694
548 54 107 245 743 916
572 298 630 828 842 914 932
667 191 428 430 436 622 798 828 915 932 973
817 64 154 191 224 360 428 798 813 932 982
932 191 291 360 504 630 784 798
12 92 146 171 206 397 428 436 479 607 608 842 923 928
92 206 232 292 653 678 680 737 764 813 899
146 17 49 62 160 171 232 291 397 436 517 573 607 778 795 813 828 928 972
171 49 54 320 479 607 739 778 972
206 96 215 255 266 292 433 436 524 680 685 695 728 737 854
397 22 291 301 360 739 916 972
428 54 191 224 301 336 479 839 955
436 16 62 160 232 301 430 479 680 813
479 224 291 503 568
607 107 448 533 923 979
608 64 155 164 193 324 368 513 842 887 982
842 622 982
923 54 107 301 403 533 747 778
928 291 417 517 519 533 584 739 778 795
70 272 308 371 542 581 706 719 921
323 88 340 450 660
340 88 132 495 603 660 703 865 954
426 35 132 275 512
585 221 341 486 780
754 328 365 366 435 589 697 775 826 879
921 37 375 437 542 581 610 934
14 259 271 337 404
259 67 99 113 395 650 668 733
271 78 82 113 446 692 814 913
337 831 866
404 71 253 353 446 910 983 994
15 119 289 628 716 769 780 949
119 432 610 978
289 221 481 603 660 751 865
628 53 128 236 310 716 767 889 974
716 53 341 420 565 787
769 47 88 310 420 450
780 145 420 723
949 47 128 425 616 874 889 959 974
16 22 68 85 301 302 311 313 320 387 417 490 508 533 540 639 645 658 812 821 915 920
22 39 433 490 508 568 642 645 653 668 795 816 899 971
68 387 508 540 639 645 690 812 825 890 908 915 978
85 53 88 143 145 205 288 390 486 533 552 616 751 792 797
301 517 653 821 916 982
302 17 188 792 821 836
311 205 252 339 356 533 836 966
313 62 154 320 490 645 813 953 971
320 54 508 517 584 739 778 795 953 972
387 315 490 540 559 642 645 678 792 812 890 908 971
417 33 39 49 127 490 533 584 639 642 812 920 953 955 978
490 232 316 390 533 539 540 568 642 645 662 825 899 971
508 160 433 452 568 584 645 739 756 812 926 955 991
533 49 105 135 388 645 658 812 821 836 908 920 955
540 168 403 460 623 642 658 713 739 915
639 49 568 642 739 778 955
645 159 364 492 494 517 568 623 642 812 813
658 74 145 252 356 390 399 783 814 846 908 966 992
812 139 168 217 250 517 623 920 955 971 992
821 315 552 568 623 685 908 955
915 168 240 316 492 539 562 670 680 713 740 950 991
920 127 255 390 623 908
17 600 760
600 51 108 154 239 244 314 398 452 501 606 685 709 816 944 996
760 33 399 446 493 549 569 785
18 141 167 183 197 216 317 321 385 423 510 632 651 712 762 802
141 58 167 174 197 410 423 613 632 750 891 948
167 58 89 254 317 464 807 843 849 948
183 52 63 209 282 469 511 598 617 638
197 34 103 130 254 382 464 473 564 651 808 862 868 883 952
216 66 72 174 307 369 400 571 774 802 848 882
317 58 144 174 185 400 464 527 862 948
321 27 97 576 631 750 843 848 849
385 63 144 207 469 527 598 625 753 843 872 902
423 98 130 418 625 632 638 651 712 788 803 808 843 948
510 72 144 207 270 327 631 804
632 144 163 174 322 617 651 712 843
651 151 254 282 849 872 891
712 72 130 163 174 281 381 617 655 750 843 868 872 948
762 79 81 415 443 531 582 617 673
802 52 81 163 307 419 459 617 625 758 771 882 948
19 210 358
210 61 204 344 349 358 857
358 76 186 442 561 602 615
20 287
287 114 193 298 421 619
21 72 139 296 361 507 519 709 909
72 34 63 123 207 270 638 902 930
139 83 84 93 246 250 255 364 447 559 590 670 749 825 991
296 83 228 309 378 507 516 539 546 818 909
361 121 142 158 516 732 781 969
507 118 121 142 209 270 411 544 635 674 732 986
519 179 398 516 567 654 713 808 925
709 51 108 158 201 239 314 501 539 685 993 996
909 44 83 93 104 192 201 234 309 398 447 496 524 635 688 732 818 996
39 191 291 747 814 916 972
433 91 154 168 215 232 266 316 494 503 547 678 695 737 744 795 854 899 926 944 953 958 973
568 49 332 549 739
642 205 503 517 657 994
653 155 160 303 784 828
668 28 99 720 733 766 861 913 983
795 105 160 517 737 740 953 972
816 51 501 524 685 764 896 944 958
899 62 160 215 452 606 695 737 828 854 896
971 135 316 388 657 662 680 926 944 953 992
23 147 203 225 480 744 838 964 999
147 156 203 243 335 546 838 877 881
203 96 237 324 335 504 513 547 649 675 838 887
225 55 115 156 164 324 513 595 618 675 887 985 995
480 504 675 964
744 237 376 391 434 526 546 649 877 887 941 985 995 999
838 115 155 547 675 946
964 218 630 718
999 324 526 544 643 665 693 718 938
24 25 100 131 134 564 574 673
25 52 166 284 482 566 579 673 774
100 521 564 586 681 850 903 906
131 235 415 531 553 673 922 942 965 981
134 541 564
564 166 172 187 566
574 31 196 219 429 782 820 827 942
673 52 81 176 415 531 598 906 965
52 63 81 98 235 419 511 571 582 598 617 625 808 872 882 981
166 172 284 346 410 579 656 774 975
284 172 410 566 656 850 975
482 235 471 511 521 531 582 681
566 172 187 381 521 541 579 656 850 975
579 27 346 369
774 163 235 281 400 459 521 527 558 656 758 788 848 868
26 104 150 209 219 248 431 438 440 691 820 852
104 93 234 240 613 635 699 940 998
150 258 363 411 472 638 804 893 945
209 196 258 264 819 943 945
219 521 604 691 822 900 918 943 945
248 142 258 411 474 852 969
431 32 69 294 647 945
438 618 647 820 970 986
440 471 893 900 922 933 965
691 31 258 347 444
820 60 75 184 264 506 852 929 933 956
852 79 130 294 822 945
27 307 410 848 882
307 63 174 185 511 625 862 882
410 66 558 576 758 848 868 882 975
848 130 185 419 459 541 902 942
882 63 174 185 469 511 862
28 529 711 720 866
529 392 489 592 861
711 253 570 733 777
720 570 766
866 380 489 497 570 747 831 894 910
29 256 272 290 328 367 435 470 627 640 727 755 775
256 87 173 175 331 463 601 637 672 775 884
272 275 463 605 627 757 823 844
290 42 213 325 734 869
328 42 122 365 589 626 640 755 879
367 112 331 435 463 627 640 697 727
435 42 112 122 182 365 589 627 775
470 175 366 727 997
627 412 463 640 727 775 844 879 997
640 153 161 175 182 365 463 727
727 87 412 697 775 884 997
755 122 182 359 365 374 626 697 844 879
775 601 626 637
30 188 288 339 450 565 603 652 703 721 736 917 984
188 53 352 413 486 603 616 721 917 987
288 53 59 127 180 319 552 565 603 616 797 917 974
339 59 205 399 497 552 792
450 88 135 205 432 495 565 652 721 742
565 59 352 383 495 616 621 652 703 736
603 143 352 486 605 797 917 978 987
652 221 486 621 660 703
703 88 180 408 486 736 954
721 59 88 352 383 486 917 966
736 371 751 917
917 143 352 390 486 552 742
984 413 505 590 611 708 773 783 797 963 987
31 347 418 429 553 620 799 827 965
347 372 402 429 471 528 553 799 863 922 942 965 981
418 235 327 444 471 617 681 942
429 81 176 258 528 563 580 827 965 980
553 79 867 893 922 981
620 264 294 551
799 81 264 415 543 638 863 918
827 75 863 893
965 176 342 372 471 918 970
32 73 647 722 898 970
73 644
647 117 330 343 761 936
722 234 246 500 556 779 845 858 940 970
898 38 370 534 588 682 786 887 938 941
970 452 945
33 54 291 318 421 493 756 916
54 160 743
291 536 972
318 392 446 493 569 594 738 747 785 916 947
421 114 285 738 851 979
493 71 113 120 743
756 743
916 245 353 448 747
34 379 394 648 768 840 883 891 902 927
379 121 138 254 273 338 394 530 624 701 719 768 772 776 805 952
394 130 148 192 254 338 593 655 776 804 891 952
648 674 749 771 772
768 190 254 382 593 617 654 699 805
840 179 228 382 530 567 654 804 883 891
883 381 441 475 530 593 636 684 698 809 905 934
891 151 190 411 699 776 930
902 151 469
927 89 633 684 698 790 815 875
35 90 173 523 671
90 80 422 454 671 787 826 844
173 275 357 601 637 672 757 794 826 884
523 56 357 412 605 671 826
671 275 341 457 968
326 77 103 465 537 583 689 801 815 904 977
375 741 796 801 815 934 989
583 87 175 278 641 801
796 77 537 636 641 689 698 741 815 904 948
801 815 875 952
815 77 537 626 641
904 278 308 331 334 451 485 537 875 905
37 180 304 413 624 773 876 963 987
180 624
304 140 352 865
413 178 590 611 742 773 797 911
624 93 127 200 332 473 880
773 654 674
876 103 200 432 719
963 140 148 159 398 407 411 484 590 749
987 74 143 205 451 616 621
38 170 455 456 534 535 646 649 857 919 946 957
170 117 386 434 455 468 515 555 588 596 761 786 897 957 986
455 386 434 442 456 474 534 535 544 555 661 665 748 761 786
456 115 194 588 665 761 786 951 995
534 237 286 349 370 386 467 526 544 555 575 577 665 693 748 786 834 941 951
535 165 293 434 556 629 644 646 682 687 748 761 896 941 969
646 156 370 545 612 761 941
649 115 155 194 202 243 303 324 547 694 728 887 924 995
857 223 526 748 786
919 243 370 612 644 682 789 800 810 957
946 76 133 181 386 515 596 612 615 859 938
957 349 376 561 588 789 810 897
191 64 743 784 798 839
747 569 846 947
814 82 392 785
972 178 492 662 739 778 890
336 245 448 669 738 979
448 107 224 594
947 82 549 738 894 910
63 144 281 282 511 625 868
79 372 443 459 469 586 631 758 981
294 199 411 444 638 867 981
419 369 541 571 582 758 850
617 282 327 443 469 511 625 788 872 906 942
638 444 945
867 521 571 918 945 956 962
893 444 471
918 372 551 631 863 922 945
42 153 161 182 374 884
153 161 463 522 601 869 879
161 213 325 374 734 884
182 87 365 366 374 997
374 213 325 422 844 869 879 884
884 478 605 734 757 912
56 275 412 605 757 826 844 865
112 275 331 359 601 605 823
275 512 522 844 888
457 80 357 454
512 87 357 437
589 626 637 869
865 132 390 954
44 93 121 123 179 273 453 771 781 998
93 108 192 453 635 998
121 110 142 273 338 439 453 496 543 655 732
123 110 142 144 190 211 273 453 543 776
179 138 516 559 707 749 911
273 108 118 378 567 732 818 940 952
453 108 201 234 244 378 501 825
771 200 261 378 398 407 496 567 818
781 110 118 142 190 192 398 496 567 701
998 108 201 234 378 411 732 940
50 236 422 532 968
236 102 341 408 532 787 939 968
263 959
267 791 939
481 319 383 616 889 968
767 257
959 300 723 831
46 128 777 861 937 974
128 47 497 846
777 446 861 894
861 124 677
937 536 692 837 910
974 53 205 252 552 966
47 145 257 276 497 874 968
145 227 751 874
257 102 621 968
276 227 696 791
497 78 227 623 676 696 874 889
874 53 319 692
968 341 454 723
48 541
541 521 868
49 388 460 536 584 623
388 127 178 623 685 841 908 978
460 105 127 140 217 250 364 690 841 908 925 966
536 399 592
584 107 739 813 926
623 217 657 955 978
422 412
532 677 723 745 892
51 62 84 158 244 314 685 713 924
62 115 266 695 740 813
84 158 168 240 244 539 559 670 678 713 764 825 950
158 91 239 556 682 688 779 924 944 986 996
244 232 255 314 501 559 670 685 688 713 825 832 950
314 65 91 411 501 503 524 685 737 832 944 986 996
685 154 168 201 255 447 452 501 559 670 832 944 996
713 250 255 539 552 657 690 740 925
924 65 154 155 239 503 524 606 967
81 372 415 443 681 962
98 163 207 402 631 635 753 847 981
235 369 681 906
511 207 282 327 369 571 582 872 942
571 172 185 582 625 656 872 942
582 151 270 443 469 872 981
598 144 327 369 443 444 469 527
625 58 97 151 346 369 400 788 942
808 97 130 174 228 363 464 593 609 772 843 853
872 469 509 631 849
981 906 930 945
53 59 217 390 505 616 792 908
59 205 217 792 890
217 178 205 252 356 662 783 836 890
390 143 505 552 797
505 143 399 751 955 966 978
616 408 590 621 978
792 310 399 407 552 890 966 978 992
908 127 252 352 492 890
160 215 252 255 739 764 854 896 955
743 107 488 784
55 96 156 193
96 156 546 941
156 115 513 622 675
193 107 669 839
412 80 734 757 823
605 132 637
757 437 463 581 826 997
826 319 357 522 844
844 463 522
118 151 190 432 439 613 776
207 190 211 322 402 443 469 472 528 531 631 847 930
211 110 142 144 439 496 613 930 991
411 144 190 338 402 472 940
701 192 270 363 631 907 962
863 528
930 58 144 163 472 753 776 847 907
58 66 103 163 262 400 441 636 849 862
66 281 558 576
103 254 382 441 443 473 475 593 684 753 803 805 989
163 151 174 185 282 400 609 862
262 89 609 704 803 843 849
400 174 185 444 750 788 850 868
441 151 464 475 530 633 655
636 689 698 704 807 862 948
849 229 281 543 788 862 868
862 229 758
205 78 127 836 890 966
890 135 252 315 492 590 978 992
60 69 75 506 604 765 819 822
69 234 528 806 819 929
75 258 710 822
506 329
604 184 196 264 528 563 580
765 748
819 136 329 710 929
822 136 258
61 76 186 204 243 335 391 445 615
76 86 286 370 445 477 615 661 800
186 86 133 204 344 445 596 602 810 859 895
204 86 181 344 578 602 661 665 859
243 194 445 467 938
335 370 391 467 693 786 938 941 985
391 115 164 223 237 333 354 386 526 693 887
445 86 348 376 575 577 596 665 800 941
615 111 133 181 682
115 164 547 595 644 693 694 877 973
266 573 680 695 737 813 896 926 967
695 91 452 494 513 526 662 680 694 728 896
740 168 303 316 430 662 950 953 996
813 232 316 494 662 680 854
144 254 270 363 543 573 613
281 174 464 521 576 788 803 948
282 229 346 654
868 459 509 527 758 788 804
64 94 360 368 403 630 941
94 154 232 354 973 995
360 224 403 494 630
368 298 630 669 798
403 65 354 728 798
630 218 224 669 914 982
941 324 333 434 442 467 578 629 687 694 967
65 91 194 202 215 430 517 544 555 688 896 986 993
91 202 670 688 764 834 958 967
194 292 467 556 573 961 967
202 165 430 546 556 958 967
215 255 494 764 926
430 234 292 494 503 546 606 764
517 778
544 239 333 474 555 575 629 662 682 748 986
555 165 237 255 376 386 434 452 467 612 629 687 761
688 562 575 779 871 993 996
896 494 606 854
986 524 575 596 687 845 958 993
993 164 333 526 545 547 629 644 761
558 346 521 576 975
576 346 459 656 850
67 99 113 220 395 733
99 220 395 650 733 913 983
113 619 650
220 120 395
395 353 650
733
690 364 486 841 944 953 955 991
825 255 316 452 832
978 127 227 252 657 955
234 105 201 439 484 845 858 958
528 136 258 264 580 956
806 184 264 329 330 682 933
929 136 710 936
308 366 581 672 698 783 794 875
371 132 437
542 451 794 809 911
581 175 312 495 637 706 875
706 132 437
719 159 254 432 484 654 699 911
71 353 569 570 738 785 913 979
353 619 835
569 306 835 851 983
570 253 392 489 831
738 594 913 979
785 82 253 446 692 766
913 392 729 766 983
979 245 594
270 130 382 543 804
644 214 293 386 434 474 629 682 761 834
74 300 380 696 751 889
300 78 227 399 889
380 399 425 692 831 837
696 124 227 836 966
751 408
889 82 836
258 190 580
710 563 580 782 956
86 596 643 895 938
286 111 376 515 596 675 693
370 111 434 526 545 665
477 133 349 442 467 612 665 786 895 897 938 995
661 343 348 349 468 596 810 897
800 442 596 988
77 334 355 537 641 689 704 741 807 875 888 934
334 175 212 261 359 451 684 704 934 989
355 527 609 952
537 689 977
641 485 672 875
689 633 704
704 175 331 485 698 772
741 212 809 875 888 905 934 989
807 633 905
875 684 905 989
888 261 593 809 911 934
934 261
78 124 227 356 592 677
124 224 227 676 836
227 676
356 252 549 676
592 446 837 894 994
677 125 319 408 745 892
372 900 922 980
443 469 631 906
459 172 174 185 346 527
469 369 531 586 788 942
586 346 903 906 975
631 444 509 804 907
758 681 903 975
80 341 357 522 787 823 855
341 420
357 88 734
522 601 697 734 823
787 125 454 855 954
823 325 734 855 912
855 454 745
415 342 471 900 922
681 351 471 521 906
962 471 531 900
82 425 446
425 894
446 766 831 994
83 148 240 398 503 670
148 140 159 246 255 309 332 378 398 447 501 567 707 818 832 886 925
240 108 246 250 255 316 398 496 503 559 662 670 678 925 944 950
398 140 309 407 841 886
503 140 154 501 524 559 694 737 764 958 996
670 255 559 950
168 105 154 232 252 364 539 662 832 953
539 501 559 662 832 886 950
559 316 501
678 250 925
764 154 316 452 556
950 105 657 832 841 925
88 621 742
143 135 178 352 399 552 657 992
486 352 383 621 797
552 492 797
797 127 352 590 992
596 343 348 442 786 897 985
643 938
895 133
938 384 526
87 331 366 637
331 359 672
366 359
637 122 132 175 359 601 997
621
742 132 352
89 790 804
790 475 905
804 699 803 942
454 312 892
834 117 330 333 442 748 897 995
958 333 665 675 728 967
967 292 333 524 573
232 292
292 494 728 737 854 881
680 662 737 854 926
737 354 494 573 728 877
108 201 246 250 447 501 662 858 944
192 140 174 407 439 654 674 776 818
635 732 858 907 940 956
154 452 524 606
354 973
973 155 324 547 881
995 165 474 547 556 595 748 881 887 961
310 319 383 723
723
546 237 333 467 547 556 573 682 694
97 788 803
788 185 850
803 229
402 342 543
753 900
847 190 199 363 509 933
650 253 619
983 120
521 346 850
850 185 363 656 975
903 172 187 656
906
196 184 264 618
472 239 782 845
496 309 378 516 567 749 886
907 190 945
945 732
102 745 939
745 939 960
939
254 228 322 473 952
382 593 654 952
473 130 464 843
475 322 381
593 228 278 338 530 684 952
684 698 952
805 530
989 278 698
613 110 200 543
699 130 226 338 776 843
940 447 845
105 315 492 657
315 127 992
492 178 437 501 657 739 955 992
657 127 783 858
176 551
900 342
922 264 471 980
107
201 447 501 858 956
246 447 562 707 858
250 832 925 991
447 501 858
501 378 606 832 944
662
858 845 925 944 996
944 996
159 255 332 407 567 674 707 749 886
439 142 378 567 674 732 776 886
567 140 378 407 707 708 772 776
818 142 309 332 378 707 886 991
110 190 278 543
190 140 776
278
543 142 363 732
111 578 718 897 985
578 376
718 504 513 675
897 343 349 468 500 515 789
985 324 376 384 393 595 694
359 794
601 672
619 120 306 392
114
164 303 595 675 877 887
547 333 434 545 556 573 606
595 324 504 881 887
693 237 376 573 602
694 324 333 748 887 951
877 155 237 384 434 887 926
312 892
319 408 437
437
117 618 682 936 951
618 165 474
682 142 500 748 761 936
936
951 181 330 442 468 810 988
151 750 942 948
432 138 484 674 749 880
776 226 309 338 655 772 952
610 138 212 261 809 880 911 952
120 306 729 766 851
306 766 835
729 253 766 851 994
766 679 910
851 392 835
142 732
338 228 516 654 655 732 749
655 226 228 407
732
122 626
626 365 465 879
224 298 784 798
676 399 955
836 252 399 966 992
125 683 892 912
683 912
892
912
127 135 252 992
135 178 783 992
252 549 955
992 178
846 549
465 672
130 228 911
228 464 530 843
911 138 332 530 809 952
531
942 327
132 495 954
495 660
954 660
133 384 602
384 393 881
602 376 561 810
178 708 955
783 708
136 184 329 782
184 264 551 580 980
329
782
138 674 886
674 309 516
886 226 378 407 707 749
255 484 925
364 708 749 841 955
590 352 708
749 140 309 378 516
991 140 407
140 309 378
309 378 707 841
378 516 707
174 322 948
750 663
948 609 663
352 383 708
399
363 351 843
573 333 467 728 854
778 739 953
828 669 784 798
881 303 324
332 925
707 407 516
832
925
474 500 575 629 779
463 734
869 478 879
879 325 697
452 333
524 494 606 779
606 494
155 303 494 982
303 887
494 526 728 854 887
982 556 622
513 324 622 675
622 526 669
675 218 324 504
253 392 894
489 831 910
679 910
239 333 562 996
556 500
779
996
407 654 809
739 316 708 953
854
955 611
213 478 997
325 478
734 478
185 229 527 843
609 229 853
887
165 214 293 748 761
214 810 859 988
293 376 434 761 786
748 434 500 575 629 761 786
761 545 629
172 351
346 527
656 975
975 187 351
464
843
953
386 330 577 588
434 181 467 575 577 629 687
468 181 237 349 442 515 810 988
515 181 442 789
588 577 786
786 333 376 577
351
672 451 794
794 212 698
322 212
175 698
698 485
551 264 980
392
708
516 226 484 654 841
181 561 612
561 343
612 343 442 629 810
365 997
997
264 342
580 563 980
980 342 943
229 527
527
344
810
859
187
798
784 298
839 298 488 669
654 226 484 880
669
467 237 333
961 237 376 526 545
952 772
285 594
199 444 845
444
845 871 969
200
956 933
237 376 526 545
324
504
665 376 526 545 933
966
728
943 471
349 348 988
212 451 905
451
905 485
478
988 442
926
369
218
221 420
420
629 500
871
223
298 914
226 261 880
261 633
880 772 809
530
549 910
484 772
408 660
376
526
545
333 577
562
316
245
969
509
894
633 485
342
914
791 960
692
594
660
835
841
383
977
327
330 409
409
577 348
831
343 348
348 789
910 994
471
789 442
442
697
772
837
381
393
994
809
611
563
575
687
933
500
485
488
853
663
960
