0 6 195 317 364 465 466 490
6 81 82 160 270 333 334 370 379 401 465
195 28 70 147 398 422 468 477 490
317 97 130 132 258 395 489
364 32 64 92 227 342 372 387 408 418 422 468 484
465 151 248 370 378 408 431 440 466 479
466 76 180 295 398 468
490 142 206 231 256 342 452 459 468
1 4 113 144 203 313 346 382 389 423 457 470
4 7 120 174 283 425
113 9 18 141 146 165 191 274 307 325 341 399
144 9 111 141 196 283 346 361 382 389 393 470 472 478
203 7 12 18 67 118 165 237 337 340 341 375 389 444 457
313 15 118 340 434 457
346 9 33 67 90 200 232 236 340 347 382 470
382 9 67 75 111 200 219 319 337 341 383 395 478
389 2 129 130 158 159 196 250 340 347 395 421 429 470 472 477 478
423 7 11 67 85 120 332 393
457 158 165 175 237 283 340
470 107 129 196 201 219 421
2 23 26 64 83 208 277 386 402 433
23 44 173 183 356 358 436
26 46 83 97 135 148 163 175 211 249 326 327 376 415
64 125 148 304 309 386 408 439 471
83 50 103 142 148 163 230 386 433
208 119 183 205 207
277 97 213 230 242 288 358 471
386 35 103 148 183 266 309 402 411 433
402 32 58 70 91 214 243 304 309 438 471
433 60 119 125 143 148 249
3 40 92 151 199 217 248 424
40 63 151 180 301 336 378 379 398 468
92 162 216 334 379 447
151 86 127 192 254 261 299 329 370
199 212 216
217 104 344 359 378 440 450 479
248 74 104 150 216 379 398 424 479 487
424 98 150 162 315 334 359
7 18 120 141 237 325 340
120 11 12 18 146 332 361 393
174 22 79 131 136 157 188 267 303 310 352 354 407 463 495
283 11 18 57 107 146 196 247 268 273 325 341 425 469
425 19 22 79 194 247 260 281 318 325 351 393 469
5 109 112 197 265 409 498
109 108 136 265 463
112 265 381
197 20 114 455 456
265 16 20 416
409 170 198 257 292 348 404
498 69 80 149 170 246 252 323 353 381 404
81 82 220 333 348 453
82 153 176 238 292 306 322 348 350 404 464 491
160 334 452
270 21 69 154 179 246 306 323 348 350 449 452
333 121
334 63 176 431 459
370 98 479 487
379 78 128 132 216 220 398
401 45 122 149 279 324 348 362 374
18 11 307 325 341 351 385
141 12 19 57 190 258 274 337 340 341 399
237 53 165 196 200 232 282 340 341
325 12 79 146 165 194 274 303 310 341 361 368 393 399
340 9 33 90 307
8 24 33 41 49 54 88 196 263 319 467 472
24 54 58 94 129 319 339 347 394
33 41 111 363 434 472
41 15 25 54 88 166 339
49 15 25 52 88 124 129 196 355
54 25 94 200 273 319 368 375 394
88 27
196 14 94 101 133 175 242 375 377 383 472 482
263 133 186 363
319 67 201 236 239 269 337 339 347 434
467 394 473
472 90 201 219 242 368 478
9 67 118 282 347
67 90 200 234 240 478
118 133 200 400
282 12 29 165 347 361 399
347 90 111 129 200 201 236 239 337 375
10 155 241 305 308 476 485
155 17 59 65 251 291 293 302 330 366 427 430 436
241 50 62 253 366 397 485
305 60 115 138 183 205 222 358 430
308 35 222 261 365
476 17 116 485
485 164 229 261 291 366 405
11 79 274 307 385 393
79 19 146 332
274 19 146 260 271 273 303 307
307 12 107 165 191 268 492
385 19 165 393 469
393 165 303 332
12 57 146 268 276 279 341 395 399
57 19 126 132 258 268 361 374 395 399 419 492
146 191 268 276 341 492
268 19 22 152 187 223 273 341 399
276 271 421 429 461 488 492
279 194 247 256 271 303 332 361 463 469 492
341 19 165 247 303 399 410
395 132 159 219 475
399 165 273 303 361 486
13 95 167 360 406
95 31 192 224 300 312 373 406 426
167 224 384 417 462
360 77 445
406 204 224 384 460
14 19 45 122 191 309 342 374 392 410 475 492
19 107 194 273 361
45 126 154 223 252 256 352 362 452
122 22 38 139 181 188 190 260 267 271 318 495
191 188 194 332 351 448 475
309 97 213 266 387
342 37 142 287 392 403
374 130 159 257 258 486
392 142 178 179 193 214 223 429 439
410 22 187 260 352 380 407 475 477
475 107 159 243 258 267 271 429 448
492 130 159 273 287 375 489
15 27 52 99 111 285
27 47 488
52 234 444
99 25 124 285 355
111 239 250 394
285 43 166 232 240 400
16 21 154 181 182 380
21 154 264 306 353 362 416 474
154 20 110 114 152 182 264 292 390 455 499
181 139 152 190 280 362 455 489
182 202 245 371
380 157 188 267 354 390 449
17 59 138 143 173 293 296 349 366 414 430
59 164 215 251 272 291 302 338 343 397 414 430 480
138 46 66 184 222 272
143 46 62 91 103 177 207 244 249 262 316 387 458
173 44 62 66 156 207 331
293 60 66 272 366 430
296 164 215 225 229 291 397 414
349 29 62 244 253 272 291
366 218 291 302 430
414 89 145 172 244 314 330 343 397 430
430 61 117 225
351 22 38 187 194 281
107 22 165 271 273 407 477
194 22 260 281 310
273
361 165 200
20 416
416 110 114 252 264 353 371 381 441
264 69 110 292 323 336 499
306 149 153 170 233 284 323 348 362 449
353 110 114 139 281 362 381 390 441 449 499
362 252 352 455
474 187
22 126 190 202 256 281 407
126 139 256 281 398
190 223 280 352
202 38 139 318 354 463
256 149 223 257
281 187 247 260
407 247 318 396 449
44 35 103 116 119 207 230 249 262 419 458
183 60 66 70 91 125 169 254
356 116 119 177 218 253 262 326 458 493
358 50 60 62 66 172 177 184 218 262
436 35 42 72 116 119 231 329 367
58 97 148 288 326 419 421 482
94 25 166 175 294 339
129 53 175 201 219 236 239 242 288 294 337 345 363 375 383 394 421 482
339 133 394 443 482
394 133 166 239 242 434
25 294 355
294 36 101 186 211 376 411 473
355 90 166 234
46 50 61 62 117 119 249 262 438
97 230 288 327 482 486
135 84 145 226 272 405 437
148 91 96 158 211 230 376 419
163 60 61 103 156 211 249 326 327 428 493
175 51 213 242 269 321 363 411 419 428 442
211 60 106 278 458 493
249 66 290 428 438 458 493
326 103 207 230 266 298 415 446
327 177 193 213 288 415 438
376 53 103 446 458
415 53 75 103 321
47
488 90 166 240
28 76 125 147 149 153 179 223 231 280 322 377 391
76 37 180 214 238 301 418
125 169 230 422
147 153 223 231 440 452 468
149 69 139 171 231 233 381 449 455
153 238 350 452 464
179 178 391 448 454 477
223 233 280 322 352 391 418
231 137 352
280 38 247 271 322 377 418
322 246 284 352 398 403 453 489
377 271 287 403 418 452 454 477
391 227 324 352 418 454 477
29 36 84 134 210 278 320 369 437 473
36 75 117 134 145 226 314 320
84 106 210 226 298 320 437 446
134 320 369 443 473
210 106 437 443
278 101 106 133 145 226 298 428
320 50 61 62 145 437 443 473
369 117 145 226 314 338 405 473 496
437 226 443
473 101 411
30 70 178 344 439 484
70 180 230 266 367 439 484
178 32 130 193 214 227 448 477
344 37 204 289 479 484
439 206 213 289 303 422
484 37 127 159 243 304 422 440
31 384 426 460
384 224 312 420
426 73 192 312 372
460 74 445
32 128 132 227 477
128 93 254 329
132 159 168 193 214 421 461 482
227 130 468 477
477 142 214 403
363 75 168 239 337 368 403 442
434 133 168 200 201 219 236 239 337
34 48 255 335 388 412
48 161 388 412
255 87 161 412 413 480
335 115 119 172 222 259 388
388 56 115 412
412 297 365
35 60 169 440
60 50 119 184 218 302 329 331 458
169 72 206 230
440 408 422 450 479
75 51 101 288 321 345 442
117 100 106 145 314 338
145 61 314
226 298
314 100 244 251 338 411 483
37 72 311 387 408
72 304 367 408
311 104 450
387 242 243 454 461 471
408 418
38 136 188 247 455 495 499
136 260 267 396 499
188 247 271 318 354
247 260 318
455 131 137 396
495 85 157 187 267 318
499 390 441 456
39 98 121 185 295 301 491
98 180 185 204 378 398 453
121 63 137 180 185 238 295 301 398 453 491
185 453
295 176 238 301 491
301 328 348 350 422 491
491
63 453
180
336
378 150 479
398 453 479
468 304 479
166 200 236 400
42 56 93 189 254 297 420 481 494 497
56 55 93 161 189 413 480
93 55 71 87 127 189 300 420 487 494
189 71 417 420 480 481
254 55 86 87 127
297 55 71 161 481
420 161 224 228
481 71 73 78 105 228 494 497
494 71
497 55 105 115 300
43 68 123 124 165 240
68 232 240
123 124 275
124 232 234 275
165 85 130 332 482
240 337
103 206 262 290 321 438 471
116 91 119 218
119 218
207 304 446
230 193 266 269 288
262 50 62 172 458
419 51 53 200 421 442 482
458 177 290 438 493
252 80 110 198
352 152 233 323 464
452 176 198 238 245 246 328 350 449 464
50 61 62 177 251 272 316
61 62 330 405
62 493
438 66 442
161 55 259
177 164 321
251 209
272 184 291
316 200 206 365
51 290 435 496
290 158 428
435 101 133 242 496
496 133 186 383
234 232
444 275
53 96 201 214 239 345 411
96 158 471
201 200 236
214 142 461 489
239 168 242 269 421
345 168 219 269 288 368 383 482
411 106 168 298
200 236 337 478
368 168 219 242 482
375 421
55 87 372 413
87 71 78 86 300 450
372 73 105 413 417
413 259
480 228
258 130 250 257 461 486
288 213 266 471 482
421 130 243
482 242 442
164 172 184 244 302 343 483
215 65 89 221 225 229 302 397 427
291 184 218 221 222 427
302 244 253 365 397
338 100
343 89 91 221 225 330 427
397 221 229
184 172 427
218 66 205 222
329 228 289 450
331 115 261
330 156 209 222
405 172 244 493
493 66 106 158 242 428 446
453 204 235 464
304 266
471 266
65 427
427 89 221 225 253
66
90 219 232 275
478 236 269 383
232 236
69 80 110 198 348 371 404
80 114 348 371 381
110 114 292
198 170 292 371
348 137 139 246 284 323 432
371 176 350 390 404 432
404 170 235 381 390
266
367
71 105 417
105 417
417 212 312 479
73 212 220 312
212 74
220 86
312 104 192
74 451 487
451 445 462
487 204 216 459
101 321 443
321 158
442 236 269
238 245 328 350 464
418 152 243 286 324 328 449
77 162
162 204 216
78 127 228 373
127 86
228 86 289
373 462
332
114
381 108
176 328
292 390 441
350 245 246 328 449
464 137 245 246 328
142 193 337
106 428
298 100 446
446 428
85 157 187 267 310 318 469
157 131 187 310 354 463
187 303 310 318 463 469
267 463
310 131 463
318
469 303
86
300 462
450 422
89 140 209 221 225 229
140 221 222 244 483
209 100 229
221 225 229 253 483
225 229
229
219 158 159 186
275
91
216 104 150 204 359 431
447 150 431 459
192 224
224 357 459
158
486 130 287
204 459
100 156 244
156 244
244
443
102 243
243 286
206
104 150 462
150 315
462
428 168
271 429 448 489
108 456
456
463 131 354 396
250 242 383 489
115
133 186
400
137 139 170 235 323 390 441
139 324 449
260
422
236
242 168 269
337
383 168 269
130
131 396
396 354
159 448 461
168 269
193
461
186
170 432
235 171
323 233 390 449
390
441
222 365
324 257 286 449
449 246 284 328
483
171
233
315 445
261 365
299
152 489
489 257 286 287 303 403 448
354
448 454
259 205
172
269
432 245
303
213
328 245
454 286
245 284
459 359 431
205
359 431 445
431
479
253
365
357
289
286
284 246
246
257
429
287
445
403
