0 24 253 269 302 318 405 460 466
24 253 302 325 360 402 405 433 460 473
253 43 81 99 107 129 134 192 194 269 299 360
269 107 149 210 325 359 472
302 68 95 113 121 169 194 233 316 336 460
318 19 43 112 121 129 134 192 194 201 287 312 316 325 360 445 462 466 468
405 19 169 210 316 359 370 408 473
460 15 35 68 366 433 468
466 31 44 55 59 81 87 112 118 148 150 210 219 231 248 285 329 344 345 377 412 440 450
1 3 174 195 215 273 338 340 342 347 385 409 434 478 490
3 7 27 85 138 172 211 286 317 319 322 337 342 347 404 409 444 495
174 6 27 86 172 282 286 315 340 404 427 434 458 467 490
195 7 28 39 84 95 171 225 315 343 378 408 423 444 455 490
215 45 57 79 92 122 197 241 322 367 385 389 404 478
273 7 48 52 58 61 86 89 99 109 115 123 130 202 237 261 276 279 315 337 341 378 423 455 489
338 57 64 66 77 277 286 315 322 351 385 397 410 467 478 480
340 23 27 48 179 286 342 409 455 495
342 6 138 141 172 282 286 409
347 27 54 86 141 277 286 389 409
385 54 57 64 66 76 157 197 208 248 286 297 298 319 337 389 467 478
409 27 86 225 236 237 286 389 404 455 480 489
434 130 151 211 225 236 276 286 317 341 378 490 495
478 57 77 103 109 135 156 186 193 234 256 299 401 421 443 467
490 39 106 141 151 197 199 343 378 416 444 480 495
2 5 9 80 181 204 224 240 242 249 250 255 288 335 362 391 414 428 438 461 475 498
5 46 117 125 166 224 238 240 249 250 283 288 335 348 383 390 391 482
9 46 51 80 83 101 145 173 224 238 294 348 391 417 426 461 465 469 475
80 11 17 20 42 51 93 145 175 181 188 249 266 321 327 353 362 375 432 459 464
181 40 125 145 255 330 346 390
204 145 238 280 283 288 321 335 420 428 430 461 464
224 46 101 145 175 216 223 228 250 288 300 321 335 353 381 391 398 430 461 469
240 4 10 36 42 47 53 83 98 124 126 143 226 238 249 330 331 346 362 414 469 471 498
242 22 32 112 117 142 179 196 206 285 311 326 332 346 362 420 469 492 493 498
249 10 42 87 105 114 125 126 145 167 175 205 213 230 294 321 327 335 353 362 381 387 390 399 493 496 498
250 22 145 165 327 362 377 398 399 464 482
255 46 83 101 117 124 125 128 166 280 294 383 387 430
288 42 46 56 145 175 196 216 303 348 361 390 461 469
335 16 22 42 208 216 294 348 365 377 390 391 393 435 471
362 10 32 145 160 185 200 216 238 270 281 321 346 353 410 464
391 228 348 383 387 390 396 398 449 461 465
414 20 22 36 125 145 188 232 238 243 294 300 326 426 456 469 471 498
428 125 361 390 435 482
438 53 59 71 113 167 190 201 218 259 284 287 313 329 411 417 476 485
461 42 139 203 216 228 232 238 294 300 371 469 475
475 46 116 124 145 229 232 238 278 281 300 346 348 430 453 465 486
498 42 175 182 200 205 266 270 294 361 381 449 459 483 499
7 84 86 90 91 99 130 160 214 236 261 279 354 378 392 423 455
27 54 199 279 319
85 57 103 122 144 157 158 164 190 227 241 256 257 278 309 315 350 367 379 400 415 447 479 481
138 28 109 199 225 261 315 341 343 378 408 416 423 455 480
172 6 39 141 319 343
211 84 86 130 141 151 160 225 279 282 297 315 378 416 423
286 60 130 141 319 341 444
317 86 104 164 183 214 309 358 425 458 480 492
319 297 427 495
322 45 115 155 197 257 277 367 443 489
337 60 66 86 103 126 160 183 209 236 237 241 248 282 397 400 425
404 39 77 389
444 39 141 199 378 389 495
495 39 236 343
4 10 140 188 219 326 330 353 368 377 398 420 459 470 488
10 16 175 270 326 398 464 493
140 31 55 185 205 235 251 259 270 275 386 446 457 488 499
188 16 42 93 105 111 147 185 205 223 238 353 355 377 420 464 470 471 482 488
219 44 58 59 113 190 192 218 231 267 271 313 331 336 355 386 388 411 440
326 18 22 69 101 126 132 139 208 223 238 243 270 275 371 419 456 464 471 493 497
330 16 22 32 145 212 238 371 374 381 420 464 493
353 42 147 167 213 223 283 321 328 426 432 435 464 482
368 42 47 111 205 328 356 420 435 457 464 499
377 32 69 88 105 259 266 270 283 295 327 464
398 16 32 88 145 205 235 266 283 289 321 361 399 464 471 482
420 42 142 167 198 213 290 314 375 390 406 493
459 11 18 20 53 145 167 175 206 239 270 290 321 346 348 381 382 457 470 496
470 16 47 53 110 143 147 275 328 451 457
488 69 93 110 175 205 223 238 239 270 295 355 446 464
46 42 51 73 83 94 124 128 280 321 365 426 486
117 128 166 185 208 280 281 348 383 426 430 486
125 11 16 42 88 166 283 361 390 471
166 56 101 124 213 348 387
238 16 18 83 119 300 331 355 464 469 471
283 11 69 105 119 175 182 321 327 356 361 373 381 390 469 491 496
348 26 145 280 300 365 430 437 469
383 51 101 124 128 281 294 320 333 387 426 430 471
390 11 32 42 145 176 213 294 361
482 11 16 32 42 101 105 167 175 205 280 321 361 486 493
6 39 151 378
39 84 151 171 225 279 297 343 378
151 23 28 84 141 274 315 343 378
378 141 199 225 315 341 343 423 448 458 489
84 141 343 455
86 48 64 65 109 141 144 160 186 214 225 274 279 282 400 416 423 458 480
90 23 28 61 89 131 190 279 354 392
91 13 28 58 61 62 274 313
99 8 13 28 55 61 62 131 133 171 179 279 315 339 416 423 489
130 48 104 173 179 251 261 274 276 279 282 297 298 325 343 354 392 416 421 423 455 458 489
160 48 60 64 109 123 164 197 214 237 241 298 315 331 357 425 448 480
214 60 109 144 164 197 202 237 282 297 298 380 447 455 458 489
236 54 66 103 146 156 167 197 225 227 256 276 277 282 400 407 427 458 489
261 48 60 65 68 89 109 208 227 237 272 298 315 333 423 455 458 480
279 28 48 61 109 131 183 227 315 341 366 374 392 455
354 35 64 131 164 169 179 209 237 298 480 494
392 23 35 45 58 61 89 109 118 121 134 171 192 233 366 402
423 48 60 109 179 315 341 343 416 489
455 48 67 106 109 171 199 225 237 297 315 341 367 407
8 12 23 64 104 123 131 144 156 158 191 202 243 248 274 351 382 389 417 448 450 458 494
12 21 25 29 64 115 118 191 206 208 212 222 241 299 334 350 351 379 400 401 410 492
23 28 58 89 123 282 366 427
64 65 197 222 248 251 256 277 298 299 309 407 493
104 57 63 65 79 144 164 179 227 237 248 276 298 341 407 415 425 448 480
123 20 60 95 118 202 245 433 450
131 15 67 89 183 237 274 312 341 351 366
144 65 115 122 165 177 186 202 222 248 256 278 309 311 379 401 407 421 447 448 479 494
156 21 25 102 157 158 186 191 221 241 256 278 358 364 401 407 447 479 481
158 36 56 77 146 187 203 216 221 222 241 246 278 352 364 380 400 441 479
191 21 74 100 103 115 118 164 222 234 241 260 264 299 334 350 357 375 382 397 400 401 415 421 422 436 447 450 481 494 497
202 65 179 183 227 241 298 350 401 407 410 448 480
243 20 22 101 126 139 203 208 290 350 382 410 429 474 492 497
248 57 60 66 77 103 146 157 190 193 197 389 407 467 494
274 106 109 157 225 297 298 315 429 448
351 21 35 65 183 227 290 313 323 366 379 451 474 494
382 132 150 153 196 206 209 223 227 290 308 309 350 352 379 380 406 417 419 421 492 497
389 65 109 276 277 282 341 458
417 53 146 150 177 186 199 206 208 209 227 237 308 341 352 379 387 397 410 415 422 447 494 497
448 76 164 183 227 313 406 407
450 15 25 59 71 81 173 190 231 259 284 313 345 388 408 412 429 474 485
458 13 60 118 193 197 237 276 357 407 447 480 489
494 25 135 153 186 196 234 299 350 379 397 410 436 454 474
51 26 36 41 100 128 139 212 258 280 301 320 387 441 465 486
83 26 100 128 216 280 281 307 349 365 430 441 483 486
101 18 21 42 73 124 216 232 259 280 300 320 387 419 426 465
145 11 72 139 314 426 465
173 16 18 20 53 72 93 153 209 308 311 331 352 397 429 451 474
294 32 36 165 216 228 280 290 333 371 422 426 454 469 471
426 16 100 115 124 128 228 263 280 300 333 365 465
465 17 124 232 280 311 365 393 454
469 49 93 111 176 212 216 321 346 379 419 422
16 32 42 56 88 147 175 216 266 321 332 397 435 454 471 491 493
175 22 42 88 143 321 327 464
270 17 53 110 142 223 328 373 381 435 463 493
464 11 88 162 200 205 213 228 321 327 435 493
493 36 93 205 410 432 456
11 119 154 176 216 266 361
119 69 154 162 399
154 69 105 170 176 182 185 200 289 373
176 147 213 266 327 399
216 42 69 102 124 132 165 208 266 280 303 355 371 471
266 88 105 182 185 213 327
361 32 371 399 430
21 92 184 193 206 222 241 278 299 334 352 380 400 403 407 415 421 447
25 115 157 168 208 227 234 260 308 352 357 379 380 397 401 419 421 492 497
29 15 35 58 59 133 210 231 259 293 313 316 329 345 350 388 402 410 446
115 77 146 231 234 241 334 358 380 397 400 401 406 415 421 422
118 35 55 59 77 150 153 179 231 290 293 474 489
206 22 53 153 196 203 209 234 313 400 406 451 456 474 496 497
208 22 44 87 139 150 196 203 212 290 314 381 451 479 480
212 20 26 36 165 177 196 203 228 314 406 419 422 436 451 456
222 60 186 241 256 258 278 309 334 364 367 415 441 447 481
241 60 78 79 103 183 186 334 357 401 410 421 479
299 41 49 146 177 234 334 352 358 422 492 497
334 49 65 76 103 146 153 165 177 234 260 307 309 380 401 406 407 415 421 492 496
350 49 76 77 179 183 203 227 237 311 323 352 357 379 436 456 474 479
379 18 48 146 177 308 309 323 352 406 410 436 496
400 37 60 103 146 168 177 183 256 352 397 401 415 419 421 447 449 480 492
401 44 57 109 146 177 203 225 280 364 380 436 480
410 139 146 153 234 375 406 476 479 492
492 146 153 264 293 364 406 419 436 447 497
13 28 89 231 287 315 339 408 462
28 58 67 171 199 416
89 58 169 171 201 210 231 233 237 272 277 313 366 480
231 15 31 35 55 59 87 167 192 287 296 315 329 345
287 20 53 55 59 81 87 259 284 285 290 336 339 375 388 440
315 103 164 297 298 425 427
339 58 61 169 171 199 366 402 416
408 58 67 121 171 233 316 402 468
462 31 44 108 112 161 210 245 305 310 344 363 394 424 440 445
14 20 72 81 192 259 291 412 463 485
20 37 53 147 234 290 300 308 311 331 357 364 375 397 406 429
72 15 17 71 259 271 290 306 355 485
81 35 36 37 59 87 150 239 252 290 292 313 412 476 496
192 43 67 68 75 121 133 134 148 161 169 189 201 245 271 291 325 329 336 360 413 445 452 457
259 55 71 87 167 290 293 331 345 429 485
291 33 198 210 218 223 252 284 292 304 386 439 446
412 35 55 59 153 194 284 293 306 313 388 436 476
463 108 137 292 296 356 446 476 485
485 53 55 71 114 134 142 153 167 197 290 306 313 329 331 375 397 457 476
15 55 59 60 133 148 180 197 282 285 293 313 344 345 366 388 411 445
55 37 114 134 201 251 285 292 306 311 313 388 395 429 476
59 75 87 112 113 179 190 230 272 285 329 331
60 57 65 66 77 146 164 227 276 467 480
133 52 68 112 113 134 148 218 233 312 331 336 388 433
148 31 52 134 201 245 271 336 366 372 376 413 473
180 31 107 267 271 394
197 65 109 164 179 276 298 480 489
282 48 65 109 227 237 276 341 416 425 467 480 489
285 17 87 251 265 316 346 355 411 440 451
293 190 227 251 331 388 411 429 445
313 35 146 194 345 406 433 479
344 75 210 218 271 363 374
345 37 71 87 112 150 251 292 329 433 476
366 56 58 67 68 183 272 325 402 480
388 31 50 71 87 316 357 429 476
411 31 33 37 113 244 271 284 312 329 336 374 386 413 418 440
445 35 112 129 161 169 189 220 245 310 433
32 42 200 205 327
42 71 93 213 321 327 381 497
56 49 146 177 187 226 276 278 320 332 406 422 453 456
88 98 105 182 213 327 399
147 38 47 50 110 230 235 373 457 484 499
321 185 205 213 331 435 496
332 94 116 127 132 184 264 301 311 387 415 453
397 135 227 314 375 407 447 451
435 69 98 105 110 142 205 213 275 295
454 41 100 136 159 226 263 303 324 349 384 387 393 437
471 105 126 228 256 381
491 223 229 235 295 373
17 93 111 312 328 381 429
93 53 87 114 167 272 290 381 432 451 496
111 47 50 69 213 275 295 499
312 35 52 113 134 169 233 245 402 433 468
328 47 50 110 162 213 230 275 300 355 386
381 53 179 203 306 308 346 451
429 71 150 153 183 209 316 323 331 375 474
18 73 126 232 263 300 303 314 371
73 26 78 116 136 159 178 320 349 365 393 437
126 30 36 49 139 165 260 263 264 311 333 387 422 456
232 36 139 153 260 280 290 300 419 483
263 116 178 217 268 303 320 396 453 486
300 22 49 53 139 358 371 387 422 430 486
303 41 97 116 136 157 163 221 226 281 301 314 320 393 437 486
314 196 203 449
371 53 139 203 308 346 369 419
19 129 194 310 473
129 107 112 134 161 169 201 245 376 413 440 468
194 43 68 218 220 272 336 360 376 433
310 75 112 137 161 198 244 245 267 284 325 370 452 472 473
473 107 112 113 325 359 370 376 472
37 31 33 87 108 114 316 323 440
53 114 142 251 272 290 292 306 311 352 451
234 227 237 352 357 406 421 422 456
290 179 209 251 308 311 329 331 440
308 150 153 203 209 406 497
311 114 150 153 179 203 331 451 496
331 22 203 357 367 451
357 54 146 179 227 380 421 436
364 34 139 157 177 207 260 352 358 443 479 481
375 167 209 441 447 456 497
406 150 179 352 449 479 497
92 34 45 76 79 103 157 203 323 467
184 94 127 132 153 155 168 203 260 278 369 441 447
193 45 54 70 79 102 155 157 186 256 358 367 443 453 481
278 49 77 135 146 150 157 178 186 260 264 369 415 419 447 479 481
352 49 157 177 227 324 358 419 422 467 497
380 103 146 165 358 479
403 40 94 97 127 217 246 262 301 369 437 487
407 57 65 102 186 207 256 309 443
415 146 177
421 146 177 367 447 456 467 479
447 49 103 135 157 177 309 443
22 196 346 422 457
196 153 209 346 419 456
346 142 451 456 474 496
422 36 203 301 387 419 449 456
457 33 71 110 142 223 230 275 306 355 431 432 446
58 35 61 62 134 395 402
427 48 57 341 343
325 43 68 107 134 244 316 336 360 376
360 107 134 376 433 468 472 477
402 61 62 233 316 341
433 112 121 134 169 201 316 386 442
157 34 79 122 135 155 168 183 358 369 481
168 34 116 122 132 165 167 187 221 256 258 481
227 65 179 183 190 237 497
260 49 57 135 186 257 307 437
419 36 49 94 301 456 479
497 77 479
26 100 127 128 136 139 281 320 349 365
100 116 136 281 320 333 365 487
127 30 40 41 63 97 116 177 221 258 264 268 301 324 369 441 487
128 41 78 132 136 139 228 281 320 324 365 486
136 40 116 178 262 268 349 384 396 483
139 36 78 132 226 387 449 453 456 486
281 124 159 396 453 486
320 159 226 349 365 430 483 486 487
349 40 41 78 116 163 165 217 268 430 483 487
365 78 165 280 333 437
54 79 367
199 48 66 141 343 480
67 61 109 416
171 61 62 68 87 95
416 341
35 43 52 169 209 336
210 82 120 134 189 220 244 452
316 62 68 134 169 220 225 272 413 468
329 87 152 440
446 50 110 198 252 254 267 432
30 40 97 135 163 187 217 307 333 441 487
40 41 159 163 268 301 324 393
97 94 116 221 324 333 358 393 437
135 34 79 103 186 257 358 369 479 481
163 41 221 226 384 393 437
187 41 94 102 178 221 258 262 301 324
217 41 96 207 258 262 268 384
307 36 78 94 132 178 221 301 333
333 262 301 483
441 49 78 132 165 177 203 264 301 324 369 387 474 481
487 63 94 96 262 268 309
31 108 113 363 372 376 395 440
108 44 112 149 203 218 247 267 304 305 374 418
113 218 245 336 363 372 413 452
363 44 74 137 245 267 271 284 372 386 394 418
372 43 44 218 245 252 271 394 431 477
376 68 121 134 247 359 442
395 52 68 134 152 394 468
440 71 75 87
200 105 182 185 205 213 289 327 373 399
205 50 69 295 356 499
327 105 162 182 185 213 399
33 198 230 239 292 306 355 356 431 484
198 120 218 239 265 292 386 439
230 38 110 149 239 275 306 418
239 38 47 143 235 275 439
292 71 75 95 150 167 306 374 418 431 439 484
306 71 98 110 142 432 451 499
355 114 142 167 223 432
356 69 182 213 295 373 499
431 110 114 252 386 496
484 304 374
34 45 102 122 155 276 277 367
45 48 76 155 256 298 358 443
102 57 122 132 155 257 367 369 467
122 70 79 94 164 177 221 257 443
155 57 79 367 467
276 65 77 277 480 489
277 480
367 76 79 165 443
43 75 149 161 189 220 244 386 472
52 121 169 190 201 304 468
169 76 121 134 201 336 413 418 424
209 150 153 167 179 203 251 252
336 107 121 134 161 201 245 247 272 297 468
36 159 387 449 456
159 78 124 165 226 228 268 396 430
387 50 226 251 430
449 41 165 436 456
456 124 146 165 177 280 451 481 496
87 71 114 150 265 272 386
114 44 71 142 244 284
323 150 153 436
38 182 235 252 267 275 439
182 69 143 170 213 229 254 289 399
235 50 75 167
252 44 218 265 386 432 439
267 75 296 374 386 394 452 476
275 50 110 112 213 295
439 418
225 48 343
297 48 65 79 298 341
343 141
41 78 94 384 393 396 437
268 116 165 262 324
301 70 78 116 178 324 384
324 63 178 453
393 94 203 280 396
78 94 226 264 369 396
94 49 116 165 226 264 481
384 116 437 483
396 49 165 178 226 262 437
437 116 483
71 149 284 432 476 496
213 50 254
75 44 74 137 218 247 284 304 386
149 74 134 137 271 305 386
161 112 244 413
189 44 218 247 304 359 452
220 74 120 233 244 245 247 265 271 305 413 472
244 107 120 121 137 452
386 152 265 271 284 374 476
472 82 134 247 271 359 370 442
44 82 247 271 284 296 304 305 418
82 359 424 442 477
247 74 107 218 305 374 394 452
271 112 218 394 418
284 476
296 137 152 305 374 394
304 112 265 394 424
305 74 152 218 394
418
48 65 103 109 425 489
76 79 256
256 57 66 103 309 443 479
298 77 103 237 425 480
358 65 70 79 146 207 257 309 369 479
443 57 79 186 257 309
124 228 280 430 486
280 226 430 486
486 226
47 50 110 167 170 229 254 476
50 110
110 432 452
167 142 251
170 69 105 143 162 185 289 373
229 69 254 295 399 499
254 69 98 143 295
476 152 374
65 164 480 489
103 66 77 479
109 179 341 480 489
425 49 57 150 177 183 480
489 77
49 70 146 165 177 207 264
70 221 246 258 369 453
146 177 474 479 481
165 177 453
177 57 186 264 436
207 257 369 481
264 132 178 453 481
258 221 246 483
121 107 468
190 179 251 467
201 468
468 95 134 245 374 413
142 432 451
251 451
272 233 245
451 153 496
79 77
134 74 107 120 413
226 430
453 221
57 66 77 436 474
66 77
77 164 309
436 474
474 150 179
61 62 341 359
62
112 107 245
179 150 183
164 480
467 309
480 183 479
341
359
63 178 262 369
178 132
262 116
369 203 481 483
309 186 479
68 95 245 442
95
245
442 265 370 477
69 98 143 289 373 499
98 185 295 499
143 162 289
289 105 373 399
373 105 185 399
499 295
221 481
246 481
432 223
496
116
74 137 265
137 218 374
265 152 452
218
150 153
424 120 370
477 120 452
430
483
141 106
257 481
479 186
481
186
105 185
399
233 120
237 183
203
96
185 162
295
132
106
107
374
452 120
413
153
162
120
228
183
152
394
223
370
