0 44 71 107 133 150 190 203 225 415 569 621 648 734 794 798 885 897 974
44 2 107 143 225 239 428 455 523 530 621 640 683 758 786 882 885
71 36 37 149 224 322 392 431 437 439 485 540 546 563 611 761 814 918 968
107 133 142 150 372 599 648 758 809 882 936 990
133 225 299 320 338 455 518 620 793 794 882 885 952 990
150 2 116 225 239 299 310 367 414 455 564 580 599 623 706 793 809 885 925
190 116 173 218 582 609 621 640 643 747 760 786 904 918 970
203 13 146 271 277 351 356 360 472 570 588 600 702 945
225 89 116 137 139 173 239 247 299 455 493 591 623 648 758 882 936 974
415 11 310 332 453 477 481 502 506 648 755 757 774 804 873 936 937
569 17 116 179 218 249 310 314 429 453 621 637 714 786 798 875 915 951
621 338 524 624 750 757 760 808 836 904 974
648 89 381 394 428 531 640 734 758 818 836 921
734 239 292 306 381 523 540 755 757 758 760 836 974 976 985 990
794 26 191 239 294 361 400 469 517 563 643 797 864 925 970 998
798 143 186 381 429 453 455 644 660 755 836 870 925
885 99 116 139 239 299 372 386 455 522 624 643 758 788 809 876 882
897 52 109 132 158 249 335 388 612 974 990
974 292 335 338 381 388 417 521 612 743 747 786 884 896
1 204 379 546 746 765 919 952 973
204 108 213 222 232 298 354 403 421 450 516 565 584 683 732
379 36 45 202 232 308 436 544 565 604 636 673 683 770 863 918 925 968
546 37 79 135 149 265 331 392 515 516 531 540 563 765 808 847 918 968
746 79 224 568 605 808 826 865 911 919
765 224 322 338 384 437 450 485 643 743 826 952 973
919 224 249 331 366 531 743 786 826 865 911 973
952 24 70 134 202 354 400 492 544 672 674 741 770 854 996
973 37 173 265 321 331 386 437 485 531 548 611 628 689 770 790 808 814 826
2 63 137 191 277 320 372 518 522 524 530 591 644 667 797 809 850 878 917
63 81 102 142 183 191 247 294 419 453 493 497 518 564 744 797 878 890 914
137 143 191 332 337 443 469 522 526 580 591 600 758 793 933
191 127 156 163 443 459 469 493 522 524 550 563 702 706 744 878 914 932
277 129 301 367 400 516 524 542 564 864 881
320 218 306 371 372 385 388 429 599 623 624 797 875
372 17 102 142 338 386 414 455 517 523 550 623 624 640 643 747 882 985
518 42 142 212 247 481 493 524 553 623 793 830 850 890
522 356 414 446 469 475 524 591 596 850 864 878 933
524 163 186 247 469 514 550 612 697 878 914 925
530 163 249 310 356 367 394 414 443 469 517 523 542 600 667 697
591 21 443 493 542 644 797 809 850 936
644 142 332 428 469 493 786 793 797 809 881 890
667 99 163 412 543 570 815 882 933 998
797 26 163 235 299 394 396 431 493 553 599 624 640 723 793 882
809 16 127 192 428 506 580 755 758 882
850 17 102 127 247 284 369 446 493 550 678 697 878 917
878 42 102 163 247 419 446 493 550 744 793 932 933
917 81 112 243 369 391 396 446 496 762 815
3 373 482 536 538 606 695 822 857 867 978
373 55 78 176 227 282 333 482 536 559 578 614 649 670 805 829 858 928 978 987
482 55 78 81 86 178 243 268 538 642 748 751 815 821 903 928 934 977
536 38 140 162 176 243 261 300 376 560 820 829 832 879 987 994
538 81 86 178 242 243 333 382 725 745 768 829 852 934 978 994
606 15 75 86 103 278 478 578 745 879 910
695 23 112 178 243 282 407 419 452 559 645 829 934 977 994
822 20 67 68 164 286 340 418 503 576 593 725 880
857 5 8 32 33 49 118 166 236 350 423 461 473 527 665 812 827 831 860 871 891 892
867 243 278 328 339 470 614 823 866 871 879 926
978 13 23 103 176 382 497 559 560 751 762 901 928
4 16 40 61 124 125 355 358 363 499 545 562 595 598 637 955
16 35 93 212 310 402 444 481 525 545 553 632 655 671 804 873 936
40 10 30 58 100 123 125 183 341 402 499 506 545 562 587 632 671 711 955
61 10 62 100 125 179 477 562 739
124 10 58 84 123 174 195 211 363 475 555 671 679 759 955
125 84 93 100 183 358 499 562 587 595 626 632 639 711 756 869 955 960
355 58 174 177 183 211 212 314 341 363 550 562 620 626 639 889
358 58 93 100 183 499 506 545 562 598 626 632 639 869 875 960 990
363 17 123 183 195 211 555 598 620 639 787 955
499 10 30 62 174 179 402 595 632 711
545 35 58 183 195 311 337 341 587 626 632 639 671 869 870
562 100 195 311 314 587 595 711 804
595 10 30 35 69 174 177 195 211 587 626 632 655 796 955
598 11 58 121 192 195 404 525 626 671 830 869 873 876 936 960
637 93 100 121 443 460 525 624 626 671 739 804 870 955
955 30 93 123 183 371 475 583 694 711 890
5 39 66 405 495 575 651 752 799 817 838 855 956 961 995
39 74 77 95 145 166 375 395 405 456 467 486 501 681 682 722 812 839 905 923
66 304 317 495 799 838 956
405 145 230 410 465 473 486 527 602 681 699 833 909 922 939
495 94 273 561 586 772 851 883 954 956
575 122 255 257 326 466 554 561 589 740 995
651 27 65 77 111 169 188 193 228 410 549 629 704 731 828 839 938 961
752 273 424 466 838 963
799 83 95 160 273 304 442 520 635 838 980
817 32 117 263 413 442 467 473 707 838 939 956
838 111 122 263 681 855 963
855 160 473 527 665 727 753 827 877 909 986
956 113 169 170 220 406 442 511 554 566 731 738 900 954 986
961 65 122 170 279 457 566 589 652 691 810 874
995 326 442 449 561 635 687 730 980
6 38 75 118 198 268 616 669 805 837 903 964 987 994
38 54 75 106 196 198 258 268 300 334 353 365 376 382 507 535 662 779 825 827 829 852 903 994
75 110 140 198 268 291 329 365 376 483 560 577 642 662 712 805 829 926 966
118 8 49 54 258 261 287 288 329 345 420 507 645 661 666 754 779 805 816 831
198 281 287 300 365 376 401 420 560 666 669 964
268 46 178 287 365 376 401 476 519 642 720 762 926
616 110 166 258 329 344 345 483 507 519 685 712 773 820 984
669 88 383 470 560 614 659 745 823 832 879 928
805 221 300 329 353 382 430 507 578 662 832 903
837 86 103 178 250 514 614 646 670 745 748 759 762 785 934
903 55 112 162 243 280 287 300 327 353 638 661 688 725 829 831 866 872
964 14 54 423 602 812 829 852 910
987 103 162 178 300 365 445 535 560 578 662 712 879
994 49 140 376 382 387 519 829 894 984
7 72 90 152 343 466 511 715 730 740
72 83 343 449 466 687 710 730 835 938
90 27 152 154 228 257 279 466 740 772 986
152 217 511 561 635 687 740 766
343 326 349 511 566 687 851
466 113 325 349 715 730 740 795
511 635 730
715 83 111 182 325 589 684 687 766 851 893
730 83 289 449 680 893
740 111 119 122 154 182 442 687 704 710 717 883
8 209 286 393 397 418 590 688 778 800 807 810 852
209 33 98 166 344 375 397 465 491 610 638 645 666 779 929
286 82 164 236 251 393 438 452 574 768 813 852
393 28 128 271 301 317 350 351 397 438 508 576 593 629 737 742 810 852 880 942
397 23 101 151 160 387 423 510 688 810 827 880 891 892 942
418 13 19 20 68 78 104 164 176 285 295 301 356 410 430 579 688 801 811 813 819 880 942
590 12 43 189 262 264 283 325 398 551 557 629 634 691 692
688 19 67 68 151 176 410 452 593 601 608 707 811 819 942
778 19 68 164 196 301 410 452 508 593 813 819 880 947
800 28 67 164 188 333 503 603 693 702 737 742
807 19 95 151 353 410 479 491 510 693 742 812 819 947
810 19 27 28 67 104 593 693 827 942
852 14 19 101 151 166 344 382 423 443 447 461 630 638 645 749 812 827 831 984
9 50 105 108 194 234 252 315 359 490 529 653 777 843 868 946
50 222 233 275 425 426 441 490 504 513 529 531 556 627 689 736 845 924
105 222 252 513 613 653 674 782 843 868 946
108 194 224 244 246 293 309 411 441 490 615 627 721 741 790 834 845 911 924 982
194 181 197 246 513 636 686 709 988
234 135 205 232 252 313 359 362 441 736 777 840 931
252 37 233 245 313 426 490 513 636 736 763 950 979
315 70 159 171 200 248 389 390 434 636 654 668 763 931 959 975
359 207 226 238 267 293 313 398 718 736 784 840 843 898 920
490 222 296 357 411 426 556 674 845 950 996
529 135 296 357 426 434 441 613 663 674 675 686 777 783 843 950
653 272 275 296 463 556 690 782 946 988
777 222 233 585 636 692 784 840 898 950 979 992
843 208 266 296 313 347 361 425 434 551 556 641 672 763 845 902 982 988
868 48 222 296 426 432 902 950
946 266 426 613 674 675 783 902 950
10 62 100 179 402 512 632 739 796
62 25 184 214 385 555 694
100 25 402 587 626 632 774 887
179 25 114 212 404 480 626 774 869 884
402 30 195 214 311 332 480 632 796 960
512 114 192 210 341 380 477 480 498 655 739 756 818 884 915
632 25 195 311 314 481 626 639 655 739 932
739 25 114 253 480 525 626 796 870
796 25 114 123 192 214 480 587 655 694 756 960
11 58 148 177 184 212 310 314 371 460 477 523 625 639 714 818 870 875 915
58 84 121 218 310 481 639 869 873 960
148 149 173 338 386 392 468 582 609 760 808 847 865 940 970
177 218 429 617 623 624 660 846 876 925 936 951
184 521 526 617 846 983
212 481 498 624 804 873 887
310 121 127 247 371 498 660 818 887
314 25 35 121 131 192 525 587 818 870
371 17 59 93 127 186 218 341 498 521 526 624 655 660 869 875 936
460 35 306 380 414 453 477 525 553 573 758 818 875 951 983
477 29 192 218 380 444 655 756 774 846 951
523 116 388 428 453 640 660 836 882 976 985 990
625 35 218 294 335 453 498 612 617
639 195 341 555 620 623 694 714 869 887
714 17 136 306 388 409 660 774 802 836 846 951 983
818 114 123 192 337 380 385 655 870 937
870 35 114 121 192 337 341 481 525 755 983
875 136 218 381 429 455 469 624 660 802 951
915 136 210 385 985
12 119 283 448 509 589 618 634 691
119 170 589 601 618 874
283 144 189 312
448 47 85 144 255 633 675 859
509 130 255 264 330 352 406 454 471 484 652 907 920
589 65 111 170 189 457 566 680 705 771 795 999
618 43 65 96 187 217 279 503 893
634 53 187 226 238 241 279 551 636 731
691 325 442 528 828 839 874
13 67 221 285 340 353 452 576 725 811 821 880 891 977
67 68 164 236 271 438 508 811 844 880 966
221 23 103 391 464 493 535 588 631 649 762 934 977
285 20 68 141 279 295 370 443 564 570 702 706 821
340 20 216 333 430 737 781 792 806 819
353 14 155 164 333 345 452 491 519 559 642 661 725 813 819 821
452 20 23 251 333 344 430 491 706 751 819
576 20 164 236 271 303 438 737 742 811 916
725 20 151 382 559 661 768
811 19 28 176 193 300 423 430 510 819 880 942
821 23 156 211 251 370 407 438 493 570 622 657 781 830 928 942 993
880 19 20 164 251 300 430 472
891 19 32 49 82 101 104 160 188 410 510 527 645 707 827 862 892 942 991
977 46 81 103 227 391 419 514 535 543 670 723
14 104 110 324 329 423 430 507 541 645 831 892
104 19 151 423 603 737 928
110 51 140 147 287 329 334 336 376 401 445 519 696 773 785 825 829 871 926 966
324 19 32 33 122 406 510 602 630 827 831 909 942
329 54 140 151 258 288 382 423 519 645 662 712 825 910 922 984
423 19 49 151 166 258 350 430 520 593 662 813 905
430 19 20 68 101 351 410 461 510 535 819
507 98 334 345 365 376 382 387 420 602 645 662 895 910
541 65 113 170 406 527 753 839 874 909 938 971 986 989
645 49 54 140 141 333 334 365 593 661 664 780 899 966
831 49 151 188 375 416 638 900
892 33 49 68 95 97 160 182 350 461 630 812 827 839 858
15 64 87 88 278 328 376 377 433 519 646 823 866 871 879
64 172 259 278 291 339 470 500 678 733
87 167 172 339 383 433 646 759 832 935
88 46 462 478 487 713
278 86 206 678 733 745 759 762 816 832 866 871 879
328 86 172 319 497 534 670 678 701 806 823 935 969
376 51 78 80 112 140 196 251 560 662 829
377 55 78 103 176 178 206 419 534 543 631 832 853 871 927 934 948
433 172 284 339 364 470 500 577 703 806
519 19 54 98 258 261 270 334 344 345 382 427 491 825 922 966
646 327 408 445 703 967
823 46 55 78 464 497 614 670 733 745 879
866 270 476 745 785 832
871 78 287 560 642 745
879 196 206 231 327 365 412 445 451 497 560 670 703 967
35 121 192 444 498 624 804 846 936 960
93 121 183 337 498 573 869 887
444 25 114 121 183 218 306 380 414 429 525 617 660 951
481 294 337 396 498 553 655 671 755 804 873 960
525 29 192 756 887
553 17 396 498 640 804 836 873 951
655 131 195 253 337 341 493 498 526 620 624 671 887
671 183 341 409 514 620 836
804 25 299 337 498 623
873 294 332 429 443 498 936 951 960
936 25 183 195 294 332 526 747
17 89 186 306 429 526 573 660 694 836 951 985
89 26 116 180 299 303 351 367 443 469 517 761 815 925 970
186 142 428 453 459 498 599 612 626 983 985 990
306 132 136 218 409 502 521 612 617 756 789 802 846 983
429 192 218 381 453 506 526 624 660 750 887 951 985
526 121 218 573 623 624 951 983 990
573 132 381 417 453 455 624 789 801 836 896 918 962 985
660 131 192 294 335 498 599 747 836 887 951 962 985
694 25 34 214 480 587 626 711
836 218 292 550 623 624 640 747 755 951 962 970
951 218 409 884
985 52 136 218 381 409 417 453 612 617 747 757 802 990
18 47 77 96 130 255 297 317 471 549 551 629 652 705 862 947 991
47 85 130 181 220 262 301 352 435 454 567 581 608 941
77 120 161 169 228 304 406 479 728 828 839 909 989
96 31 164 217 228 297 305 317 581 592 601 652 795 862
130 43 53 144 159 187 215 217 264 454 463 488 551 692 975 991
255 53 165 241 264 297 317 352 454 471 484 601 633 717 938 971
297 65 144 228 279 346 484 528 549 652 707 795 874 907
317 228 346 581 629 705 717 728 862 907 944
471 53 65 220 352 603 731 735 766 991
549 65 101 228 279 601 630 795 862 907
551 31 226 238 262 435 454 557 571 581 652 705 901 920 941
629 82 217 220 228 325 406 704 716 728 862 989
652 43 187 238 352 484 557 601 705 907
705 65 217 220 241 352 398 484 581 731 991
862 33 101 305 346 406 479 795
947 27 82 126 160 164 193 410 860 971 989
991 128 220 238 245 330 352 488 554 581 735 742 907
19 334 407 520 630 665 737 779 792 819 910
334 98 261 288 344 345 382 754 779 829 886 894 899
407 103 242 282 391 438 514 631 657 748 751 819 928
520 32 74 97 141 161 467 574 666 749 820 858 922 984
630 32 33 54 82 141 160 461 510 574 828 839 877 942
665 33 95 120 160 280 413 682
737 193 205 389 503 510 693 731 813 929 959 971
779 54 95 258 261 270 344 382 662 825 858 899 910 984
792 128 236 351 370 597 742 950
819 813
910 49 54 151 258 365 401 574 638 661 662 666 754 762 825 984
20 164 216 236 243 282 333 508 662 942
164 112 236 251 295 333 351 486 588 593
216 36 99 129 205 271 360 489 658 702 706 881 921
236 68 128 251 271 370 438 600 731
243 55 103 178 227 412 535 578 631 829 832 993
282 21 23 295 333 543 578 622 723 781 832 876 916
333 23 251 295 543 559 631 657 677 768 781
508 220 492 567 597 603 716 824 844
662 51 151 162 231 291 365 382
942 410 682 693 860
21 163 496 706 803 815 916 933
163 23 42 68 367 493 496 542 706 793 815 864 914 933
496 42 57 247 369 419 535 631 701 744 830 906 993
706 564 570 657 697 702 815 864 916
803 45 157 200 202 205 274 386 389 398 604 613 654 854 996
815 550 649 745 916 928
916 70 103 438 564 570 657 697 976
933 42 542 570 649 657 697 793 914
22 83 182 189 457 680 707 771
83 289 326 851
182 113 154 273 422 766 893
189 187 241 680
457 31 170 325 528 566 680 684 707 772
680 325 484 566 707 717
707 27 154 771 883 986
771 528 684 859 874 941
23 55 438 514 559 588 745 751 768 928
55 78 103 112 419 543 631 934
438 215 370 579 588 702 751 841 945
514 78 242 369 391 419 443 631 748 928 945 948
559 162 176 351 670 733 751 754
588 45 220 370 567 603 702 921 945
745 78 86 140 206 494 543 578 816
751 578 914 928 934
768 251 370 570 649
928 78 86 176 251 391 543 578 638 642 748 781
24 36 37 149 321 360 392 563 611 636 641 673 683 708 761 826 863
36 45 92 149 180 274 298 321 354 394 485 516 540 544 572 584 801
37 223 303 428 515 582 609 611 628 743 761 814 904 962 970
149 99 159 232 290 437 485 540 563 605 628 643 918
321 116 292 338 394 563 609 643 757 786 801 896 940 970 976
360 129 235 303 386 517 596 600 770
392 292 331 356 437 516 572 584 611 708 826
563 116 224 516 540 584 611 760 761 786 814 865 918
611 41 254 322 411 485 516 532 609 683 708 743 847 863 918 968 975 996
636 41 207 208 298 312 504 515 532 547 548 568 672 943 968
641 41 168 181 232 240 298 384 450 548 615 708 732 790 996
673 45 134 143 159 200 400 434 515 544 547 675 689 854 943 953 972
683 41 70 208 248 308 431 547 668 672 718 729 854
708 168 181 240 384 515 548 613 663 741 930 958 972
761 45 356 455 468 516 540 584 604 663 814 847 918
826 223 384 437 450 531 582 615 743 750 865 962 970
863 213 232 450 504 516 556 565 609 654 814
25 183 626
183 195 260 341 624 960
626 30 121 214 260 337 341 587 620 960
26 99 139 143 175 239 299 414 517 542 876 881 914 925 945
99 139 143 295 367 386 414 459 542 788 972 975
139 414 459 542 921
143 45 92 157 175 459 604 788 841 881 943 953 972 997
175 45 92 157 159 308 597 801 945
239 299 414 428 431 443 572 580 609 755 788 997
299 109 428 443 455 469 793 914 925 976 998
414 386 394 580 600 640 643 788 793 925
517 386 394 400 570 990 998
542 303 356 367 400 755
876 337 428 469 580 758 904 990
881 157 205 235 386 400 459 609 788 854 901 945 953 972
914 311 367 459 468 599 649 702 723
925 45 116 303 386 400 431 443 455 793 904
945 45 235 274 303 459 492 564 702 770 864
27 82 159 193 330 479 503 510 731 812 931
82 28 160 169 188 193 305 753 828 839
159 135 138 146 215 238 303 472 596 719 959 972
193 126 188 351 488 510 581 716 742 828 909
330 220 279 489 581 844 849
479 101 113 160 188 228 346 461 510 561 704 753 877 923 980 989
503 28 128 593 693 828 844 909 971
510 95 101 188 422 812 860 938
731 31 53 484 488 581 601 718 844 854 971
812 32 95 145 166 178 350 461 682 839 858
931 165 390 434 435 571 603 672 675 726 824 842 920 949 972 979
28 389 410 579 603 693 716 742 844 989
389 70 489 567 592 597 716 718 719 729 849 901 907
410 101 151 593 704 742 776 824 827 989
579 68 301 435 472 702 728 841 844
603 31 128 188 217 271 351 370 492 597 742 824 971
693 120 188 220 581 844 971
716 228 271 301 351 472 488 608 728 735 841
742 122 593 997
844 120 217 238 571 719 728 989
989 169 346 704 753 828 938
29 192 380 409 619 756 937
192 114 121 210 380 624 960
380 114 521 887
409 52 249 521 617 802 983
619 210 253 385 480 846 884 937
756 114 253 385 869 937
937 210 253 385 498 774
30 123 211 311 587 711
123 34 174 195 211 620 889 890
211 84 127 174 247 260 307 341 404 620 869
311 57 84 396 404 475 620 679
587 174 195
711
31 128 262 454 488 567 592 597 735 941 971
128 180 472 592 728 735 824 965 971
262 205 215 217 248 426 435 719 726 795 842 920
454 85 241 264 267 557 668 718 726 728 736 763 849 941
488 248 301 567 604 735 842 941
567 217 492 726 728 729 735 965
592 70 138 235 544 841
597 92 138 202 205 301 489 596 735 763 972
735 120 146 271 301 303 422 544 719 728 841 842 965 972
941 53 187 557 729 842 907 971
971 271 608
32 33 49 160 710 776 839 860 877
33 141 160 188 305 416 467 486 501 682 828 877
49 51 95 151 860
160 188 305 447 909
710 94 289 349 474 554 687 772 851
776 95 161 166 250 416 483 574 699 749 858
839 122 188 220 581 699 753 766 828 909 923
860 300 447 527 827
877 188 395 769 909
141 117 145 456 465 473 527 681 727 749 848 900 922
188 101 461 581 827
305 101 126 145 170 527 753 909
416 74 95 112 155 250 280 447 491 638 769 813 929
467 76 97 117 230 413 424 447 465 486 501 574 602 722 727 738 769 833 848 900 905 929 939
486 145 230 250 280 447 465 473 602 681
501 117 230 465 602 681 722 738 769 827 848 900 905 939
682 76 126 413 461 473 491 574 666 749 858 905
828 217 581 795 909 938
34 84 443 539 555 764
84 195 307 723 869 890
443 142 419 431 599 631 755 793
539 174 201 260 316 583 744 787
555 127 195 316 475 889
764 60 69 260 364 853
121 114 136 889 960
498 260 294 521 599 624 869
624 417 453 609 623 757 884 976
846 109 136 158 417 521 609 802
960 142 480 869 890
45 138 157 202 235 354 489 584 604 643 788 854
92 157 200 202 274 400 436 654 849 854 901 918 968 997
180 308 351 352 472 489 841 901 920 921 953 959 997
274 134 200 202 222 238 386 504 584 596 628 654 801 972
298 56 168 181 222 275 342 361 504 515 544 565 613 663 782 845 996
354 208 213 222 485 532 565 613 849 996
394 171 386 431 468 485 516 540 697 801 968
485 232 450 584 613 814 854 918
516 202 338 540 584 604 654 814 865 968 996 997
540 134 468 564 582 609 640 786 847 918 940 970
544 208 362 400 504 604 996
572 59 132 168 173 249 388 439 582 750 786 808 968 998
584 202 386 609 770 854 959 996
801 116 459 564 770 990
223 59 173 276 292 437 847 998
303 356 431 604 658 788
428 332 469 623 755 976
515 41 56 208 213 296 342 362 384 390 504 548 565 613 663 732
582 173 249 338 439 628 640 808 865 940 962
609 366 386 431 468 623 628 760 770 808 904 940 990
628 290 308 492 757 786 962 998
743 59 290 437 750 847 996
814 254 366 436 808 847 918 968
904 59 116 400 455 617 747 750 757 760 962 976 998
962 116 276 332 338 388 786 940 998
970 431 643 757 760 808 918 998
54 196 300 344 345 375 382 642 749 754 773 825 894 899
106 115 153 237 270 336 348 476 537 552 676 957
196 261 270 420 451 537 712 825
258 140 162 288 300 382 483 661 666 685 829 858 929
300 166 382 483 638 661 829 899
365 420 552 638 642 720 926
382 140 344 483 661 677 825 829 922 966
535 242 247 251 419 622 657 678
825 288 344 447 820 872 894 899 922 929
827 101 681
829 560 661 724 886
74 155 250 447 465 574 602 666 722 738 769 833 900
95 151 161 447 749 795
145 76 117 166 230 413 574 638 699 769 905 939
166 91 722 727 738 833
375 231 250 288 345 483 491 574 685 749 773 922 929
395 97 230 413 704 848 900 905 923
456 155 161 250 280 427 505 900 905
681 76 263 280 447 465 574 722 905 923 939
722 97 465 473 574 769 833 848 900 939 963
905 117 126 230 413 447 461 473 727 749 795 833 848 923 963
923 230 413 424 465 687 753 835
341 337 506 620 869
506 247 493 670 748 890 932
41 245 361 362 663 902 996
245 85 135 200 213 266 275 313 361 431 432 613 674
361 70 208 232 266 290 301 362 378 432 532 565 663 718 975
362 171 222 504 531 613 674 840 975
663 168 181 213 565 613 709 854 908 975
902 272 296 441 700 709 782 861 920 979
996 157 202 208 276 532 613 709 849 908
42 247 550 744 755 830 948
247 57 102 396 622 701 744
550 102 368 404 469 493 600 793 832
744 102 142 396 469 475 723 793
755 218 294 308 396 580 599 623 882
830 102 227 356 446 622
948 86 369 543 670 733 906
43 165 187 207 215 241 267 312 463 484 856 949
165 85 187 207 238 267 675 783 842 949 979 988
187 120 241 264 557
207 181 226 398 434 435 458 700 736 763 784 949 950 979
215 171 208 248 301 378 571 668 718 736 849
241 65 220 557 675 856 859 874
267 85 463 675 692 949 979
312 233 458 463 601 840
463 226 390 458 736 783 840 979
484 120 352 907
856 144 226 293 313 390 398 783 784 840 842 949 975 992
949 85 238 293 398 547 726 859 920
455 142 332 599 640 697 786 793 882 976 990
640 116 431 623 750 760 786 793 940
758 332 469 757 793 990
786 157 750 808 940 990 998
882 332 388 599 623 793
138 70 205 301 378 492 596 672 728 841 849 943 959
157 213 367 400 436 459 468 596 604 770 841
202 235 436 459 565 596 604 654 672 840 854 972
235 134 200 308 378 459 596 770 841 901 953
489 70 129 205 301 492 596 608 953
604 308 459 468 532 849 854 959
643 366 459 760 788 940
788 356 386 596
854 129 431 436 654 729 901
46 162 287 327 408 412 420 445 500 560 659
162 112 364 661
287 231 237 408 445 483 780 785
327 86 408 412 494 558 607 703 967
408 147 178 291 412 451 670 733 785
412 291 451 476 676 713 832
420 642 659 696 762 816
445 344 642 785 895 957
500 60 69 167 227 339 364 534 647 759 775 935
560 103 112 231 344 345 642 659 966
659 140 631 661 926
85 226 233 692 736 763 842
181 56 232 246 342 513 548 732 767 845 888 908 924
220 217 352 601
301 581 613 728 729 824 959 965
352 53 135 346 601
435 248 398 571 700 719 950 979
581 217 953
608 94 217 370 547 571 728 842 901
48 331 689 930
331 290 366 940
689 185 197 309 374 421 425 441 585 627 834 924 930
930 79 246 399 432 627 981 982
51 98 140 344 820 899
151 112 593 642 661
222 73 347 425 441 532 585 674 709 782 861 908
233 296 674 736 840 950 988 992
275 240 347 374 399 411 548 615 861 908 911 958 988
425 232 347 411 421 441 585 674 782 901
426 296 357 950 988
441 347 357 411 421 690 700 709 732 834 981
504 213 244 378 532 596 908
513 56 246 357 421 627 686 690 721 732
531 265 290 338 450 767 865 968
556 357 686 782
627 73 185 246 265 296 309 347 421 690 721 732 924
736 146 226 398 458 675 692 700 763 783 979
845 56 185 232 302 403 565 709 732 767 888 981
924 73 309 421 585 690 732 741 834
98 115 155 261 270 661 754 780 820 899 912 922
140 344 483 816 820 926 939
344 80 261 348 451 483 661 754 820 872 895 899
820 80 281 291 345 348 505 685 696 780 899 934
899 288 345 505 664 696 724 754 922
52 109 132 158 335 417 453 599 612 617 802 896 918 983
109 59 158 249 335 388 439 450 521 612 617 896 990
132 158 335 417 502 760 789 896
158 136 249 292 335 502 612 789
335 381 617 789 808
417 249 750 757 760 896 918
453 218 292 580 802 887 983 990
599 218 623 757 976
612 388 605 617 789 802 887 983
617 292 521 789 896 983 990
802 502 605 983
896 338 760
918 173 308 338 623 968
983 218 521
53 65 129 692 728 842 849
65 228 279 528 704 874
129 134 596 677 997
692 171 238 264 293 390 398 547 718 726 898 920 975 992
728 134 472 571 654 729 841 901 959
842 238 264 313 718
849 70 146 248 547 557 571 719 726 729 943 959 972 997
345 155 161 288 401 483 491 816 894
642 115 462 464 678
749 280 336 447 461 473 527 602 661 664 699 769 939
754 288 348 505 666 780 886 894
773 336 447 483 491 610 664 886 894 900 984
894 91 155 161 387 483 610 677 685 724 780 886
78 102 227 391 419 543 631 781
103 391 470 631 657 762 781 806
112 350 631 661 895
419 369 391 543 649 657 701 781 993
543 178 242 464 475 631 649 762 934
631 391 534 622 670
934 178 227 242 464
56 347 411 450 585 732 782
347 232 244 296 309 421 585 732
411 269 309 674 690 732
450 79 168 240 302 322 403 709 865
585 200 357 432 686 981
732 213 232 244 309 322 342 782 908
782 213 374 432 434 548 613 861 908
57 368 369 404 583 650 679
368 69 127 201 206 284 307 533 806
369 81 396 446 469 533 620 670 697 723 906 932
404 533 620
583 69 256 259 307 332 620
650 259 260 284 307 319 383 533 534 647 927 969
679 127 201 260 475 787 887 889 890
218 136 388 502 521 623 757
869 136
59 254 276 439 605
254 292 432 605 750 847
276 290 366 750 865
439 290 605
605
60 167 259 364 383 647 678
167 206 364 534 614 647 775 993
259 69 201 307 383 497 614 647 806 927 969
364 172 284 339 470 533 647 759 927 935 969 993
383 339
647 69 201 284 533 594 775 906 927 935 969
678 470 478 534 577 614 927
214 253 480
385 253 774 884
81 446 657 748
102 127 396 446 468
142 493 580 997
294 332
493 242 580 657
497 339 614
564 570 622
890 127 316 337 475 620 701
172 227 577 614 703
291 80 231 440 476 478 832 967
339 206 533 614 775 935 969
470 251 927 967
733 462 638 670 762 816 832 969 993
228 120 346 528 795 909 938 986
279 378
528 170 422 795 999
704 111 120 170 325 406 795 980 986
874 113 126 170 217 346 566 907 999
304 113 273 424 554 561 687 954
68 593
271 351 841 921
966 80 115 231 401 720 886
593
69 201 284 594 806 906 927 993
201 256 533 594 614 759 806
284 759 806 853 927
594 206 256 307 759 775 806 927
806 316 533 775 853
906 127 156
927 533 853
993 178 206 446
70 134 200 205 248 726 770 975
134 248 492 841 972
200 213 547 654 668 672 718 719 943 975
205 146 492 654 943 953 968
248 171 264 357 571 719 726 783 840 898 920
726 668 675 920
770 308 366 386 388 808 943
975 168 208 313 434 668 672 972
224 240 265 302 342 403
322 79 232 269 342 384 568 767 847 958
431 302 468 864 943
437 366 808
968 208 386 403 436 459 468 718 719 921
449 326 349 474 586 687
687 154 257 326 442 635 772 835 851
835 94 289 349 442 474 586 635 772 851
938 169 263 346 753 909
73 185 244 309 686 690 709 741 982
185 309 721 790 834 888 981 982
244 135 246 615 690 721 834 958 982
309 246 686 690 709 721 982
686 272 323 421 981
690 323 357 421 432 709 834 888
709 342 741 861 888 911 981 982
741 79 269 342 399 615 790 958
982 197 888
155 261 387 447 505 664 929
250 161 280 427 447 465 727 769 900 944
447 465 602 769 900 939
465 161 413 427 574 602 699 727 769 824 833 900 939
574 76 230 473 699 858
602 427 738 769 900 939 980
666 483 491 816 984
738 76 117 413 727 769 833 848 900
769 161 427 833 939 944
833 76 97 230 413 424 727 939
900 161 664 724 727
483 270 872
577
712 115 153 229 237 270 348 401 451 696
926 237 451 832 912
76 117 230 413 699 727 944 980
117 91 230 413 442 727 939
230 126 413 424 473 939
413 97 280 727 909 939 963
699 280 350 427 473 753
727 97 929 939
944 97 848
980 424 474 848
120 753 795
161 263 280 427 491 527 638 929
169 111 113 273 406 561 753
406 122 126 909
909 280 350 527 753 813 986
227 670 701 762 785
391 697 748 921
781 657 677 701
79 342 654
342 374 548 908 911
654 208 400 547 901 943
80 231 261 451 696 785 816
231 440 698 780 816 872
261 237 336 664 720 753
451 229 476 478 607 703 816
696 115 348 440 476 478 656 661 676 685 724 780 872
785 115 816 832 872
816 440 912
446 723
657 176 251 622 649 701 748
748 86 176 242 649
753 122
289 94 257 561 635 851 954
326 257 635 684 772 851
851 94 772 883
195 533
307 316 759 787
723 242 475 701
226 238 264 398 675 784 898 920 979 992
763 390 398 668 674 992
86 178 578 775
178 464 578 762
578 251
775 206 534 614 759 935 969
759 533 614
832 319 872
935 206 533 534
462 281 318 440 478 487 494 614 913
478 199 270 440 494 676 913 967
487 199 476
713 199 229 318 440 476 791
116 623 940 990
351 492 658 719 841 997
367 386 459 600 623 658 793 864
469 793
154 113 561 586 766 893 986 999
257 325 422 442 561 772
772 94 554 635 893 954
986 113 122 126 325 766
91 427 922
427 280 610 929
922 280 610 661 664 886
400 295 308 378 386 459 750 901 953 997
436 146 434 571 596 719 972
901 378
997 459 596
337
887 127 620
94 349 554 684 954
349 554
554 954 963 999
684
954 263 561 635 883
795 170
217 601 633
601
97
115 237 270 348 552 791 895
270 147 237 336 348 401 537 720 724 895
661 176 491
780 685 724 886
912 494 607 676 967
295 622 677 864
386 146 378 697
459 378 658 847 943
972 146 378 719 965
774 114
101 350 984
350 251 858
984
127 396
396 332 760 932
468 338 808 940
762 670
613 168 213 615 672 908
674 296 565 672
153 348 440 676
237 281 336 348 552 685 957
336 281 387 537 872
348 440 537 676 724 872
476 199 552 558
537 401 872
552 656
676 281 440 720
957 147 229 558 656
990 381 388 623 747 760 976
246 197 323 721 834 981
293 458 675 783 840 988
615 374 432 911 958 981
721 197 981
790 232 240 269 302 374 403 432 958
834 432 888
911 168 240 399 958 981
249 292 381 388 502 789 940
388 292 747 760 976
521 136 502
147 494 685 720
401 724
111 113 170 422 717
113 170 422 893
170 422 766 999
422 766
717 273 325 999
895 229 281 720 872
893 442
114 253 480
253 884
480 316 787
791 229 281 558 913
623 697
940 366 760 998
442 273 586 883
939
288 281 387 685 872
136 884
889 174 260 475 787
122 263
263 126 424 527
174 260
620
475 206
126
472 171 697 841
824 841 907
965 146 571 672 729 943
596 921 943 953
677 600 953
144 238 557 633 859
264
131
502 292 789
760 338 750 757 808 976 998
789 381
338 173 292 747 998
793 670
492 356 658 719 729 953
841
135 238 272 390 434 547 920
238 557 783 907 920
272 296 458 950
390 565 571 920 959
434 421 571 668 672 840
547 208 565 668 840 943
920 213 398 557 668 675 784 907 992
884 210 219
332
580
600 570
378 208 702 943 953 959 979
672 208 266 398 668 840
943 266 718 729 908
959 313 370 571 718 719
921 370
473 461 848
527 424 461
848 963
953 702 729
557 907 979
633
859 571
638
146 308 398 571 718
308
398 571 675
571 718 729
718 171 208 213 719 729
494 319 464 558 698 703 967
685 886
720 872
173 240 290 750 808
808 366 767 847 865
847 302
865 265 269 747
232 240 384
290 366
561
635 566
766 999
440 229 318 656 703 872
586 387
999
387 505 886
505 558
664 610 886
929 491 610
156 853 969
853 256 787
969 206 256 464 534 932
213
292 366 750
719 208 784 840 907
280 610 963
491
864 622
251 370
675 313 784 979 992
783 898
979 784 992
988 458 950 981
206 533
534 614
614
168 240 265 374 421 908 981
240 302 403 568 861
265 269
374 432 568 767
421 981
908 548 861
981 432 888
273 883
171 208 729 898
208 266
729
898 668 700
703 558
750 381 757
260
176
464
548 269 861
767 302 432 568
888 399
461
747 757 976 998
702 370
932 701
210
197
533
281 872
199 318
318 656 913
668
256 787
565 532
840 861
356
570 697
403 269
458 700
700 266 992
784 950
950 266
266 532 861
610 886
658
757 998
219
649
532
861 313 384
998
302 958
992
670
701
346
229 913
913
424 963
698 319
872 886
384
296 357
313
370
907
568 269 366
242 697
697
958
432
323
622
357
381
787
325 566
858 724
269
724
883
399
366
963
813
967
976
316
656
319
566
558 886
607
886
474
