0 40 447 711 1004 1570
40 109 707 760 1027 1102 1148 1570
447 463 576 951 1027 1831 1992
711 178 1888 1933
1004 87 463 814 1560 1853 1983
1570 178 343 576 951 1518
1 405 695 720 792 975 1011 1161 1369 1956
405 308 309 437 732 930 1303 1355 1465 1590 1620
695 236 475 798 838 980 1081 1465 1494 1619
720 457 810 1139 1444 1555 1843
792 312 513 822 834 838 1114 1623 1684 1828 1965
975 209 834 1114 1291 1323 1369 1502 1514 1555 1581
1011 115 157 348 457 537 816 822 1137 1369 1684 1705 1929 1999
1161 482 615 713 816 987 1121 1199 1637 1879
1369 236 392 430 501 816 834 1476 1544 1620 1710 1879
1956 392 401 614 737 915 1390 1914 1930
2 108 304 529 573 622 730 742 937 943 998 1342 1519 1522 1878 1962
108 169 349 504 529 622 703 777 920 1100 1210
304 128 567 569 622 795 835 998 1536 1738 1854 1873 1954
529 504 573 574 622 730 742 835 1100 1126 1172 1392 1601 1656 1670
573 155 508 566 730 1172 1392 1474 1683
622 43 128 155 349 937 1100 1279 1833 1868 1873
730 47 320 835 919 1305 1474 1519 1794 1861 1878 1954 1997
742 86 133 134 169 226 349 504 911 920 943 998 1229 1519 1522 1641 1656 1786
937 43 128 504 644 920 998 1203 1519 1522 1794 1868 1873 1878 1962
943 85 349 777 920 1392
998 43 128 226 756 795 1100 1868 1878
1342 320 325 349 644 903 990 1157 1172 1419 1474 1738 1771 1777
1519 43 128 155 795 835 1618 1794 1854 1954 1962
1522 67 226 544 777 1054 1537 1693 1854
1878 183 524 601 1500 1575 1954
1962 128 265 661 795 918 1172 1392 1474 1771 1811 1874
3 365 589 753 815 886 1273 1379 1460 1869
365 94 397 428 492 599 803 815 825 1273 1379 1512 1795 1953
589 17 386 428 628 642 689 806 1173 1327 1335 1512
753 339 739 825 1273 1335 1429 1577 1634 1797
815 428 490 886 917 1256 1273 1437 1797 1805 1869
886 26 114 571 658 689 940 1191 1513 1553
1273 448 490 642 1184 1330 1335 1379 1514 1797
1379 481 490 515 559 806 825 917 1581 1805 1866 1869
1460 428 464 490 641 825 1502 1595 1797
1869 339 427 515 825 1645 1797 1953
4 451 520 588 592 790 973 1007 1026 1047 1156 1257 1940
451 366 721 973 1237 1883
520 90 191 238 621 677 684 705 1292 1447 1495 1594 1647 1729 1750 1847 1901
588 123 255 307 450 721 1276 1387 1679
592 117 221 301 533 839 1792 1974
790 19 38 467 656 846 1111 1242 1321 1610 1706 1714 1778 1952
973 366 503 533 616 662 1047 1156 1276 1534 1679 1978
1007 75 111 387 503 657 728 989 1257 1266 1459 1466 1676 1968 1993
1026 228 375 460 859 894 1679
1047 662 809 1156 1276 1374 1464 1490
1156 255 439 662 733 809 862 1169 1276 1384 1387 1466 1531
1257 123 375 450 533 626 784 894 1490 1643 1975
1940 90 98 283 582 921 989 994 1266 1497 1643
5 42 174 437 537 796 1347 1669 1705 1781 1904 1970
42 195 303 437 579 615 888 1340 1455 1580 1781 1999
174 195 295 498 535 1245 1586 1781 1875
437 303 477 485 818 930 1075 1121 1139 1213 1250 1340 1637 1687 1904 1999
537 295 362 482 852 1010 1199 1340 1544 1710 1875 1999
796 485 631 864 949 987 1137 1146 1284 1637 1899
1347 37 198 210 303 306 430 1250 1426 1468 1481 1596 1692 1781 1999
1669 758 1328 1443 1605 1722 1776 1832 1899
1705 230 276 303 713 816 1121 1137 1620 1687
1781 303 987 1544 1583 1875
1904 230 1075 1832 1925
1970 152 615 655 702 740 758 864 1183 1213 1552 1680 1754 1862
6 224 557 748 926 1097 1472 1682 1737 1874
224 273 320 598 606 644 653 748 999 1203 1218 1240 1682
557 129 246 748 926 1078 1195 1232 1240 1305 1483 1539 1597 1670
748 47 926 999 1218
926 47 352 644 685 835 999 1203 1240 1336 1500 1861 1954
1097 644 685 990 1065 1203 1500 1874
1472 338 449 566 644 898 1203 1459 1500 1861 1907 1957
1682 183 461 1078 1211 1240 1803 1913
1737 28 57 151 420 574 936 1040 1082 1401
1874 57 338 531 565 566 984 999 1203 1771
7 9 21 166 714 761 1000 1048 1361 1409 1650 1731 1862
9 438 476 893 1014 1763 1806
21 132 156 513 714 1048 1262 1320 1361 1776 1839 1862
166 404 1284 1482
714 58 59 513 761 1262 1328 1862 1986
761 59 230 913 930 948 1146 1303 1320 1361
1000 404 456 476 913 938 1014 1146 1183 1344 1628 1661 1798
1048 59 61 156 294 308 1101 1262 1440 1590 1650 1839
1361 58 59 156 276 308 331 647 817 913 930 948 1262 1320 1839
1409 350 393 455 824 917 1198 1346 1624 1763 1898
1650 156 289 329 331 448 913 1320 1717
1731 276 309 475 476 772 1046 1137 1146 1163 1262 1443 1870 1965
1862 59 294 329 1303 1320 1440 1839
8 554 729 1602 1723
554 319 321 371 423 431 446 497 577 776 1511 1541 1672 1697
729 413 608 963 1003 1042 1165 1206 1602 1723 1857 1934
1602 101 413 415 914 957 963 979 1258 1652 1857 1908
1723 101 402 446 534 540 963 1697 1804 1934
438 102 578 893 938 1480 1680 1985
476 102 647 1661 1832 1838
893 82 393 513 578 1482
1014 404 603 909
1763 102 513 578 939 1482 1680 1798
1806 47 404 598 603 687 939 1236 1605 1798 1885 1938 1967
10 184 299 346 430 648 810 832 974 1139 1199 1507 1779
184 144 195 505 535 813 892 1426 1468 1692 1698
299 560 615 813 1234 1468 1621 1663 1692 1698 1906
346 482 832 1425 1455 1468 1621
430 144 501 570 614 798 810 832 878 1029 1468 1502 1507 1621
648 614 832 1199 1348 1476 1532 1692
810 235 362 522 798 1390 1439 1930 1981
832 362 482 1029 1132 1199 1468 1592 1692 1779 1987
974 84 256 271 317 348 373 426 548 563 682 794 982 1063 1076 1291 1876
1139 501 522 614 852 1199 1592 1835
1199 229 362 501 522 602 614 852 878 915 1033 1507 1835 1879 1987
1507 602 878 1420 1580 1987
1779 401 505 560 1029 1544 1580 1592
11 351 518 523 723 811 884 966 1009 1177 1205 1351 1627 1666
351 207 302 323 399 411 811 912 1558 1665
518 130 340 379 415 924 1009 1177 1578 1761 1823 1850 1865
523 30 153 609 884 924 1245 1351 1395 1627 1665 1677 1761 1823
723 37 1205 1245 1267 1351 1425 1596 1621 1677
811 912 1009 1395 1626 1665 1666 1677
884 30 80 153 176 587 649 924 1351 1415 1481 1665 1677 1823
966 892 1205 1228 1627
1009 153 586 854 924 1205 1212 1351 1614 1677 1690
1177 649 924 1545 1627 1677 1692 1848 1850
1205 207 1395 1626 1665 1759
1351 76 80 292 411 858 1545 1627
1627 153 207 590 813 912 924 1395 1556 1586 1665 1969
1666 80 181 237 498 892 924 1046 1168 1181 1402 1721 1761 1848
12 220 393 499 513 612 780 828 1482 1685
220 36 107 223 395 436 640 762 828 941 1622 1638 1863 1898
393 289 329 404 647 1303 1839 1881
499 36 92 243 305 372 941 1134 1186 1302 1362 1520 1807
513 243 288 289 294 329 350 647 732 938 1198 1303 1328 1341 1344 1362 1408 1717 1793
612 46 119 146 441 495 636 766 978 1041 1125 1371 1450 1461 1812 1946 1972
780 94 114 328 333 339 443 512 571 595 700 899 1215 1221 1264 1408 1631 1644
828 92 253 395 578 666 1058 1319 1362 1408 1424 1898 1991
1482 82 1183 1400 1424 1776
1685 36 82 107 640 1058 1170 1624
13 259 452 843 1006 1509 1654 1695 1728 1753 1852
259 200 959 1124 1728 1753 1756 1774 1852
452 180 342 764 802 843 1159 1185 1317 1498 1725 1886 1938
843 48 442 553 764 786 1124 1182 1317 1509 1896 1988
1006 261 536 807 1105 1606 1753
1509 48 261 553 660 671 774 1118 1467 1606 1802 1886 1896
1654 125 704 1852 1958
1695 175 234 242 252 550 853 1185 1318 1322 1333 1376
1728 370 572 923 1049 1569
1753 284 442 510 1159 1725 1787
1852 487 536 572 704 774 928 983 996 1049 1286 1461 1569 1851 1982
14 217 268 286 432 443 674 680 727 734 956 970 1070 1549 1855
217 26 443 617 674 691 1456 1473 1655
268 432 568 581 617 674 680 1070 1162 1767 1855
286 94 900 1275 1503 1767
432 94 581 674 727 734 1549 1588 1767
443 199 571 581 617 674 680 727 734 900 1070 1235 1247 1608 1655 1855
674 543 680 970 1503 1767
680 20 512 613 689 734 899 900 1001 1070 1503 1549 1928
727 20 199 434 581 1365 1503 1549
734 20 69 581 584 1275 1503
956 18 334
970 69 334 468 1247 1365
1070 88 470 900 1001 1008 1418 1576
1549 1162 1418 1576 1724
1855 330 568 1365 1503 1584 1708
15 66 232 267 418 660 805 962 1216 1224 1311 1699 1844 1995
66 67 454 585 802 962 1182 1699 1844
232 301 544 840 877 1216 1224 1308 1537 1658 1699 1786 1911 1995
267 169 418 454 942 1601 1660 1699 1890 1912 1997
418 81 138 802 872 1054 1182 1216 1483 1546 1912
660 314 389 403 802 1105 1311 1356 1498 1548 1802 1851 1896
805 67 138 403 454 802 962 1308 1485 1603
962 67 454 1699
1216 67 192 469 802 1159 1485 1821
1224 192 469 585 1142 1311 1485 1699 1844 1995 1997
1311 56 1356 1359 1786 1802
1699 703 942 1485 1890 1997
1844 67 911 1280 1308 1485 1693 1821 1997
1995 192 222 301 569 585 831 840 1083 1204 1308 1485 1997
16 64 194 200 257 625 787 881 1112 1407 1648
64 24 65 120 251 500 553 636 686 1112 1370 1410 1630 1648 1720 1946
194 125 572 774 928 983 1049 1525 1664 1897
200 257 263 542 558 787 881 1044 1049 1208 1410 1411 1430 1648 1812 1884
257 46 120 441 500 654 1044 1430 1638 1946
625 487 881 1105 1208 1280 1442 1504 1533 1851
787 150 407 487 495 558 594 686 947 996 1044 1112 1134 1427 1648 1770 1972
881 234 322 484 536 558 1105 1159 1770 1802 1982
1112 491 572 607 639 983 1331 1381 1630 1720
1407 63 99 239 251 407 856 882 923 1296 1331
1648 65 119 225 441 491 500 558 671 744 1044 1430 1569 1812 1972
17 650 806 940 1327 1429
650 31 83 233 236 312 628 803 980 1033 1068 1101 1327 1492 1577 1856 1949 1953
806 628 803 838 897 1577 1808
940 83 515 739 803 964 1057 1173 1184 1335 1363 1399 1577 1631 1757 1805 1953
1327 368 428 464 481 559 628 803 897 1068 1101 1173 1256 1363 1364 1797 1817
1429 368 506 641 739 1335 1581 1595
18 118 239 468 527 624 670 738 778 885 1171 1579 1584 1826
118 69 357 568 837 1298 1326 1587 1708
239 197 297 527 1171 1331 1516 1772
468 199 735 885 1002 1584 1767
527 170 300 539 1219 1296 1386 1772 1836
624 297 357 511 754 927 1608 1772
670 188 330 686 754 808 1377 1550 1608 1814
738 297 300 607 837 885 925 1377 1386 1516 1579 1582 1772
778 445 607 1129 1386 1743 1937
885 297 581 1584 1608
1171 297 445 1044 1129 1175 1488 1579 1937
1579 69 199 297 326 1277 1708 1826
1584 297 1247 1386 1612 1836
1826 837 1386 1836 1937
19 406 629 918 921 955 1242 1643 1994
406 52 213 632 751 846 1164 1243 1297 1459 1649 1727 1827 1957
629 126 321 353 583 1092 1827 1994
918 38 391 677 846 1297 1562 1676 1719 1729 1790 1827 1977
921 731 751 1021 1466 1903
955 186 213 479 705 717 1092 1122 1433
1242 38 353 391 533 626 751 994 1158 1237 1459 1827 1903 1952 1961 1993
1643 52 238 472 690 715 731 751 846 1122 1716 1750 1977
1994 182 211 213 566 583 717 773 875 902 1087 1164 1243 1281 1334 1827
20 199 334 584 1365
199 568
334 584 1247 1377 1516
584 270 357 1365 1587
1365 1247 1323 1767
132 59 102 156 1443 1798
156 329 772 913 948 1303 1341
1262 758 930 1198 1320 1440 1881
1320 329 331 913 930 1424 1443 1839
1776 152 158 404 456 1284 1443
1839 92 331 647 913 948 1440 1443
22 67 103 196 416 663 1394 1515 1539 1597 1688
67 85 169 454 802 911 1142 1229 1308 1641 1660 1693 1786 1988
103 196 507 574 598 683 1073 1140 1166 1515 1688 1833 1880
196 530 668 1032 1166 1617 1880 1909
416 322 618 755 1480
663 461 524 880 1082 1401 1438 1477
1394 41 91 322 683 1140 1597 1617 1688
1515 129 644 653 901 1073 1182 1223 1670 1693 1880
1539 54 183 461 574 598 604 880 1082 1232
1597 125 129 653 999 1073 1135 1880
1688 151 419 574 653 835 1035 1670 1813 1833 1935
23 360 385 459 864 1398 1605 1877 1941
360 58 68 193 318 459 556 818 889 965 1299 1726 1764 1979
385 214 291 313 367 1086 1268 1310 1722
459 193 214 367 433 965 1213 1284 1299 1398 1941
864 152 485 965 1284 1315 1552 1599 1877 1891 1892
1398 214 965 1136 1722
1605 214 603 618 655 1145 1236 1554 1661 1885
1877 356 367 1086 1343 1722
1941 145 367 440 1188 1197 1284 1310 1726 1829 1950
24 63 65 100 251 808 947 1044 1055 1107 1331 1376 1770 1884
63 39 97 99 120 280 284 775 1286 1381 1884 1897
65 100 119 120 372 636 1024 1410 1598 1774
100 188 251 296 326 357 511 947 983 1319 1331 1370 1612 1893
251 99 120 686 1107 1370 1381 1427 1812 1884
808 119 120 441 491 542 558 686 925 1024 1370 1371 1410 1922
947 97 120 175 296 407 686 744 996 1331 1362 1410 1412 1814
1044 441 500 542 558 654 867 1041 1053 1720 1812
1055 33 97 99 120 248 300 511 1412 1814 1884 1902
1107 120 284 396 407 639 686 744 882 1018 1381 1550 1569 1589 1897
1331 120 377 412 500 607 636 744 927 1296 1370 1371 1410
1376 189 242 252 908 923 1018 1154 1160 1185 1589 1768 1897
1770 120 234 370 441 686 743 774 928 960 983 1105 1286
1884 97 248 263 280 1103 1630
25 49 421 799 800 845 1238 1269 1406 1659 1840 1841
49 35 421 771 797 800 931 1084 1271 1278 1659 1817 1841
421 35 426 478 771 797 800 891 1271 1383 1406 1421 1436 1659 1840 1841 1876
799 236 376 771 783 845 891 1119 1674
800 638 797 891 897 1278 1505 1659 1840
845 783 797 931 1052 1830
1238 35 747 783 1840
1269 89 361 373 376 771 789 849 993 1115 1406 1841
1406 327 376 638 783 891 931 993 1271 1527 1820 1840
1659 159 271 638 771 789 797 931 1261 1278 1314 1742 1817 1824
1840 638 789 887 991 1271 1278 1332
1841 376 771 1505 1742 1951
26 311 595 613 689 793 844 1162 1301 1437 1473 1928
311 88 427 429 658 793 1184 1256 1437 1524 1553 1795
595 88 173 515 571 1162 1264 1275 1795 1918 1928
613 88 470 538 844 1008 1193 1264 1301 1364 1418 1520 1918
689 282 328 333 538 571 658 700 1057 1113 1215 1473 1553 1619 1686 1945
793 114 481 515 658 917 1301 1458 1473 1512 1553 1928
844 328 543 1193 1953
1162 88 173 270 330 470 1001 1275 1418
1301 538 1088 1418 1512
1437 481 490 658
1473 173 270 490 1088 1323 1553 1928
1928 94 173 434 470 543 571 658 700 1113 1264 1323 1418 1553 1644 1782 1795 1918
27 71 373 466 779 785 896 991 1249 1360 1421
71 424 466 747 849 1261 1527 1678 1820
373 361 562 779 785 1380 1530
466 139 746 991 1056 1084 1249 1383 1527 1530 1751 1905
779 821 1056 1380 1397 1527 1910
785 84 135 142 410 891 1155 1352 1360 1736 1876 1889
896 271 410 791 1200 1201 1249 1254 1352 1360 1421 1434 1561 1746 1751 1889
991 361 562 788 1241 1261 1271 1380 1383 1760
1249 168 562 788 821 1098 1380 1383 1910
1360 240 1155 1290 1383 1421 1707
1421 62 161 410 633 746 791 1290 1910 1951
28 260 440 461 601 1034 1138 1141 1174 1195 1683 1741 1846 1944 1950
260 57 291 440 575 874 929 1244
440 177 367 493 1034 1174 1419 1510 1523 1543 1633 1700 1829 1907 1944 1971
461 214 653 1082 1195 1477 1846
601 177 606 1034 1078 1218 1700
1034 420 493 763 1040 1123 1145 1293 1419 1431 1523 1700 1741 1785 1846 1944
1138 313 909 1040 1141 1145 1166 1422 1633 1741 1745 1846 1892
1141 41 291 556 1268 1683 1887 1966 1996
1174 606 757 1188 1510 1523 1557 1675 1703 1944
1195 420 524 606 880 1078 1508 1683
1683 57 313 606 763 1136 1152 1293 1487 1741 1846
1741 177 214 606 1293 1357 1950 1966
1846 214 313 763 874 1039 1078 1123 1244 1349 1633 1785 1788
1944 493 874 1091 1510 1609 1700 1702 1803 1913
1950 57 874 1086 1293 1573 1633 1966
29 147 287 356 547 605 935 1095 1108 1178 1306 1354 1415 1451 1538 1948
147 185 187 291 493 566 929 1086 1188 1349 1388 1510 1673 1675 1966
287 906 935 1415 1451 1761 1829 1924 1947
356 204 367 631 883 1343 1785
547 208 579 961 1074 1150 1181 1354 1413 1538 1615 1865 1931 1980
605 608 863 1165 1388 1413
935 80 379 502 564 609 827 1074 1127 1354 1538 1875 1948
1095 145 185 291 551 929 933 1031 1599 1615 1829 1925
1108 227 337 694 1197 1310 1599 1925
1178 204 227 337 458 1031 1150 1228 1270 1306 1349 1722 1943 1948
1306 70 453 906 1028 1060 1150 1197 1270 1538 1850 1931 1948
1354 32 136 496 587 630 1071 1150 1948 1979
1415 130 496 564 1662 1948
1451 30 104 130 827 1060 1228 1315 1441 1481 1709 1761 1842 1850
1538 277 458 496 502 1181 1251 1388 1523 1948 1979
1948 337 502 587 593 1031 1150 1295 1615
30 80 906 1228 1245 1578 1662
80 130 587 609 906 1228 1761 1865
906 208 379 587 593 924 961 1028 1150 1578 1662 1665
1228 485 827 1127 1761 1850
1245 130 535 892 934 1665 1848 1936
1578 181 227 458 586 587 649 718 961 1168 1818 1850 1871
1662 208 237 340 379 587 593 609 1060 1295 1545 1818
31 83 506 946 1068 1330 1577 1824 1895 1949
83 368 506 628 739 932 1577 1824
506 1330 1512 1595 1646 1817
946 233 236 327 376 548 851 982 1119 1604 1760 1817
1068 1052 1057 1291 1396 1514 1646
1330 368 559 825 1595 1634
1577 236 464 739 891 897 964 1187 1696 1824 1949 1973
1824 44 932 964 1542 1949
1895 386 561 628 897 1335 1492 1817 1953
1949 932 964 1542
32 319 458 630 971 1028 1413 1414 1775 1980
319 281 374 635 724 1043 1060 1194 1258 1673 1775 1788 1796
458 104 1031 1925
630 70 415 453 627 1017 1060 1414
971 608 801 1295 1984
1028 70 237 587 593 627 1181 1295 1796 1931 1979
1413 101 143 462 488 863 1062 1947
1414 70 277 415 718 961 979 1388 1931 1980 1984
1775 277 384 502 528 635 724 1043 1557 1947
1980 277 1043 1270 1810
33 412 754 1025 1282 1582 1587
412 293 354 781 1030 1120 1129 1209 1219 1296 1845 1849
754 300 837 1235 1277 1587 1747
1025 252 354 444 693 770 781 1016 1282 1479 1488 1582 1625 1768
1282 197 258 444 781 861 1248 1296
1582 39 97 539 1016 1525 1571 1612 1625 1747 1768
1587 1248 1277
34 93 302 560 1202 1486 1532 1547 1819 1858 1906 1927
93 269 1382 1499 1547 1769 1917
302 141 749 1012 1267 1532 1596 1749 1853 1906 1917
560 546 905 1189 1428 1532
1202 137 141 546 769 1532 1580
1486 37 482 526 892 1012 1234 1517 1532 1735 1819 1858 1906
1532 749 769 1454 1547 1749 1815 1906 1927
1547 141 292 905 1128 1635 1749 1815 1819 1906 1917 1920
1819 414 526 570 1012 1468 1735 1749
1858 216 324 414 749 904 1337 1463 1769
1906 141 546 749 904 1267 1749 1815 1917 1920
1927 240 667 1272 1428 1457 1635 1746 1921
35 274 376 638 771 783 789 797 848 1271 1817
274 290 363 376 398 747 848 1742
376 771 789 890 1200 1271 1278 1332 1383
638 363 1056 1130 1271
771 789 932 1542 1707
783 89 290 327 737 891 1291 1830
789 159 1115 1271 1380 1417 1505 1939
797 89 159 478 931
848 44 386 932 1130 1241 1271 1278 1817 1830
1271 932 1130 1380
1817 233 327 364 819 1241 1585 1674 1830
36 305 372 382 549 1624 1629 1807
305 92 350 372 382 436 1134 1302 1329 1362 1520 1622 1807 1985
372 107 666 873 941 1066 1096 1329 1341 1362 1565 1622 1807 1922
382 640 766 1066 1638 1816 1838
549 119 357 1339 1598 1667 1772 1774 1814 1893
1624 82 436 525 824 1469 1520 1863 1881
1629 455 511 623 873 1186 1329 1346 1513 1655 1668 1718
1807 92 377 691 873 941 1186 1326 1825
37 414 526 570 892 1012 1395 1425 1454 1517 1626
414 526 570 1735
526 45 292 570 749 878 912 1012 1517 1735
570 144 878 1012 1735
892 378 933 1435 1721 1848
1012 144 1425 1435 1735 1920
1395 378 1626
1425 45 324 1234 1468
1454 105 137 829 1190 1749 1894
1517 144 505 698 836 1435 1596 1875
1626 137 411 590 649 858 912 1267 1350 1558 1614 1823
38 222 275 450 472 583 731 994 1038 1111 1706 1750 1827 1903 1961
222 98 111 467 567 582 728 1384 1484 1676
275 272 467 474 582 643 656 690 994 1279 1334 1714 1993
450 228 375 387 460 721 859 894 1149 1169 1237 1263 1490 1752 1778
472 90 238 705 751 1292 1496 1903 1977
583 55 211 218 265 1092 1281 1419 1521 1719 1727 1989
731 98 283 474 690 751 994 1092 1111 1676 1719 1915 1961 1968
994 474 582 626 752 1321 1714 1750 1903 1952 1993
1038 238 474 656 756 1497 1540 1706 1993
1111 272 479 626 656 1226 1297 1374 1497 1752
1706 191 320 391 489 751 1021 1094 1297 1459 1719 1778
1750 162 191 228 460 784 1237 1266 1752
1827 213 218 632 643 752 1021 1122 1297 1334 1336 1496 1719 1872 1961 1977
1903 52 307 383 467 474 582 626 752 1266 1497 1701 1752 1993
1961 52 238 656 903 1021 1283 1321 1474 1496 1719
39 99 248 856 1248 1296 1298 1479 1625 1747 1902
99 120 150 188 636 927 1377 1612 1902
248 444 550 639 856 1248 1277 1412 1550 1612 1747 1772 1893
856 97 120 280 354 686 744 837 882 1041 1286 1412
1248 444 781 910 1179 1209 1479 1488 1836 1849
1296 280 444 1016 1286 1571 1902
1298 69 568 1090 1235 1277 1667 1668
1479 242 354 425 1106 1175 1219 1386 1681 1758
1625 249 252 310 539 770 781 1016 1129 1381 1550 1589 1612 1902
1747 1612 1902
1902 1016 1381 1758 1772
109 60 105 343 586 760 1080 1214 1222 1423 1556 1560 1932 1992
707 60 87 343 399 692 709 814 1102 1212 1214 1222 1259 1358
760 87 266 358 390 586 665 688 814 1128 1212 1214 1253 1391 1556 1740 1780
1027 124 359 471 665 1023 1080 1192 1385 1559 1563 1739
1102 105 509 814 945 1358 1391 1449 1556 1694 1799
1148 76 394 463 1518 1831
41 355 417 596 598 696 708 909 1508 1985
355 696 1140 1938
417 51 148 215 465 598 671 759 1362 1480
596 598 604 1798 1935
598 91 151 183 530 909 985 1236 1882 1938
696 708 880 936 1082 1422 1438 1477 1480 1572 1938
708 909 985 1213 1400 1572
909 603 604 985 1422 1628 1798 1838
1508 91 102 524 936 1882
1985 253 395 578 755 860 1816 1972 1991
195 104 181 210 477 485 535 888 1225 1435 1441 1583 1791 1875
303 210 295 477 889 1426 1583 1698
579 104 673 694 933 1086 1568 1586 1709 1754 1971
615 210 813 987 1455 1698 1987
888 144 210 231 713 813 1029 1340 1426 1439 1621
1340 72 198 713 740 1455 1583 1637
1455 210 852 1544 1583 1637 1710 1875 1999
1580 115 505 535 816 1010 1029 1468 1692
1999 198 362 482 818 1367 1468 1637
43 128 325 643 1279 1537 1540 1868
128 349 661 1172 1279 1373 1384 1794 1873
325 53 879 1227 1378 1658 1854
643 467 756 1157 1158 1790
1279 1100 1540 1562 1738
1537 86 226 504 1738 1794 1811
1540 75 353 467 835 1100 1562 1618 1738 1854 1868 1873
1868 616 1157 1618 1738 1873
44 290 386 398 897 1187 1542 1634 1830 1973
290 362 397 931 964 980 1052 1187 1646 1830
386 871 897 1634
398 159 887 1130 1278 1801
897 368 561 1585 1686 1953
1187 561
1542 932 1595 1900
1634 364 1241
1830 364 964 1200 1595
1973 364 964 1241 1595
45 878 1010 1029 1596 1791
878 176 836 1596 1848
1010 477 482 614 889 1029 1426
1029 362 505 713 1121 1435 1468 1621 1692 1875
1596 144 836 1468 1692 1721
1791 144 546 1468
46 119 219 480 542 691 977 978 1053 1370 1430 1720
119 219 480 491 542 978 1041 1053 1233 1362 1427 1430 1972
219 120 542 686 1362 1427 1430 1812 1959
480 322 743 759 868 1125 1430 1450 1598 1720 1923 1946
542 120 495 500 654 978 1125 1233 1427 1430 1946 1972
691 1089 1090 1231 1339 1393 1513
977 215 671 755 1233 1638
978 92 215 441 495 1096 1125 1898 1923
1053 511 681 941 1134 1362 1520 1613 1638
1370 120 225 558 1362 1371 1410 1608 1630 1774
1430 125 146 1041 1427 1450
1720 558 681 996 1118 1125 1427 1812
47 246 349 763 990 997 1126 1172 1218 1305 1419 1771 1777 1861
246 565 880 1203 1305
349 226 504 920
763 214 606 984 1039 1293 1633 1700 1745 1764
990 574 1210 1240 1474 1500 1610 1989
997 265 320 489 565 656 1158 1172 1336 1610 1861 1873
1126 163 898 1035 1073 1240 1575 1670
1172 320 835 920 954 1670
1218 57 214 524 565 1913
1305 524 999 1082 1157 1336 1610 1771
1419 140 344 352 380 409 531 685 874 1065 1432 1510
1771 126 265 919 954 1474
1777 73 419 1032 1392 1483
1861 272 644 846 1157 1158 1336 1474 1873 1954
48 125 234 314 553 681 786 1118 1124 1317 1546 1896
125 81 180 261 314 804 872 1317 1504
234 550 774 860 983 996 1958
314 180 786 1159 1498 1756 1988
553 138 164 180 261 442 704 1725 1756 1802 1896 1982
681 180 316 510 594 860 1208 1313 1504
786 552 1313 1498 1660 1756 1988
1118 442 960 1103 1105
1124 180 261 342 389 802 1159 1359 1725 1787 1851
1317 164 278 442 536 764 1616 1802
1546 536 1105 1442 1566
1896 164 180 597 1159 1356 1498 1569 1603 1851
931 327 364
1084 168 424 562 746 788 849 922 1098 1332 1527 1530 1574
1278 788 1314 1380 1505 1900
50 271 317 548 765 794 944 972 1005 1076 1604
271 298 765 1200
317 233 392 682 737 794 944 982 1005 1052 1076 1143 1200 1291 1396 1736 1801 1929
548 312 327 561 741 765 851 944 1291 1514 1876 1914 1929
765 135 478 851 915 1119
794 157 298 308 563 737 741 823 851 915 944 982 1063 1436 1604 1876
944 135 233 426 563 682 1291 1604 1876
972 172 264 563 633 667 678 855 1063 1201 1375 1457 1843
1005 464 652 737 1291 1396 1436 1929
1076 298 563 682 1291 1383 1535 1604 1856
1604 401 478 620 823 851 982 1434 1555 1876 1929
51 148 465 530 594 755 1233 1909
148 244 530 636 759 1079 1572 1833
465 215 530 755 804 1233 1392 1935 1967
530 183 278 484 755 985 1480 1617 1909 1967
594 146 510 860 1103 1566
755 759 1170 1233 1480
1233 215 868 1208
1909 73 81 146 278 759 860 1935 1967
52 186 213 751 1092 1122 1334 1952 1977
186 95 241 347 610 773 1087 1164 1732 1872 1963
213 218 784 1122 1732 1809
751 162 474 489 632 773 846 1021 1281 1374 1701 1719 1977
1092 238 479 632 717 773 1122 1496 1649 1719 1732 1847
1122 90 228 238 391 489 846 1447 1496 1952
1334 619 632 954 1243 1714 1719 1952 1977
1952 90 238 391 489 721 846 1374 1496
1977 391 656 756 846 1021 1447 1701 1847
53 117 221 569 1180 1211 1227 1378 1404 1528
117 98 221 569 616 826 850 958 1227 1792
221 111 503 569 616 1484
569 582 616 676 862 879 1067 1204 1211 1227 1526 1968 1974
1180 283 616 728 879 989 1497 1975
1211 383 616 826 958 1276 1658 1974
1227 408 616 676 701 728 879 1404 1915 1974
1378 616 657 697 1204 1484
1404 301 582 616 657 756 958
1528 206 676 1067 1142 1526 1536
54 214 313 936 1232 1401 1438 1882
214 91 152 420 606 936 1086 1401 1477 1552
313 57 177 420 1633 1803 1887
936 57 91 1145 1477 1487
1232 57 177 183 574 1240
1401 70 687
1438 91 1035 1082 1203 1422 1477
1882 91 618 1572
55 167 182 528 726 1167 1176 1672 1697 1934 1963
167 820 1117 1196 1541 1804 1857
182 715 969 1133 1489 1716 1732 1864 1872
528 112 431 446 497 610 776 820 1784
726 201 347 715 719 820 957 1013 1050 1372 1784 1963
1167 77 241 321 540 969 1541 1788
1176 347 610 645 725 1015 1039 1673 1702 1784
1672 497 979 1541 1788 1934 1963
1697 321 431 776 1541 1783
1934 77 321 402 431 577 1015 1196 1652 1963
1963 321 577 820 1652 1784 1788
56 872 901 1054 1308 1356 1475 1660 1693 1756 1794
872 151 244 901 1041 1208 1223 1280 1313 1442 1504 1566 1912
901 244 870 1280 1313 1467 1656 1935
1054 81 552 1079 1210 1475 1660 1821 1890 1912
1308 454 1693 1786
1356 138 165 403 1300 1359 1498 1603 1802 1851
1475 85 155 668 777 911 1142 1229 1660 1693 1912
1660 802 911 1210 1821
1693 133 668 703 1079 1182 1210 1483 1566 1912
1756 261 703 1442 1802
1794 835 1729 1738
57 653 1145 1726 1913 1996
653 129 507 668 1079 1140 1617 1670
1145 631 655 1082 1136
1726 227 367 556 1299 1310 1764
1913 344 420 1078 1966
1996 1086 1110 1136 1422 1487 1722
58 404 545 740 1137 1440 1443 1637 1986
404 107 603 758 948 1303 1389 1745 1885
545 309 475 485 702 740 1075 1146 1328 1389 1620 1764 1986
740 230 457 1046 1075 1136 1250 1899
1137 116 230 816 930 1284 1698 1710 1870 1987
1440 289 294 329 331 930 1303 1717
1443 152 930 1328 1899
1637 295 852 1046 1121 1250 1476 1698
1986 276 603 758 930 987 1213 1328 1367
59 1183 1389 1661 1891
1183 456 930 1198
1389 350 456 1066 1328 1832
1661 294 1198 1554
1891 152 702 1552 1722 1832
60 390 665 750 767 814 967 1214 1556 1780
390 124 709 814 945 1037 1212 1358 1391 1556 1740 1800 1831 1888
665 509 692 814 967 1253 1274 1391 1933 1983 1992
750 122 277 609 718 961 1062 1127 1924
767 105 453 709 814 1212 1358 1560 1694 1780
814 555 709 857 1214 1448 1545 1740
967 87 332 586 692 1358 1614 1799
1214 124 1358 1391 1556 1740
1556 509 709 1560
1780 332 399 463 709 1212 1259 1560 1689
61 154 171 289 448 917 938 1329 1341 1619 1793
154 114 328 623 700 1285 1408 1458 1793 1825 1945
171 368 481 917 1101
289 329 350 824 1096 1346 1717 1881
448 113 279 824 865 913 930 1341 1465 1470 1919
917 279 333 481 1408 1793 1859 1945
938 243 329 666 687 824 1303 1717 1881 1991
1329 243 1066 1096 1825
1341 308 525 732 817 1191 1462 1491 1881
1619 515 722 1057 1081 1101 1221 1291 1465 1470 1793 1866
1793 492 525 822 1085 1344 1346
62 161 229 264 362 633 1064 1132 1348 1420 1663 1843 1930
161 142 678 746 788 1561 1636 1876
229 172 522 1132 1272 1390 1420 1663 1914
264 1063 1143 1201 1663 1875
362 115 1420 1544 1684 1692 1710 1987
633 135 142 336 388 392 410 737 791 1063 1132 1434 1444 1574 1751
1064 336 1420 1535 1663 1930
1132 1390 1439 1835 1987
1348 324 546 768 769 1746 1921
1420 172 768 855 1201 1234
1663 135 410 546 768 791 855 1063 1457
1843 142 235 798 1375 1930
1930 392 514 563 682 798 1114 1914 1981
97 441 775 1338 1381 1412 1612
120 1381 1410 1608 1972
280 197 744 1286 1318 1381 1550 1630 1814 1897
284 370 959 1461 1569 1664 1725 1787
775 407 441 774 1185 1525 1612 1616 1630 1897
1286 150 377 882 996 1020 1277 1381 1410 1612 1704 1893
1381 1016 1371 1550 1704 1893
1897 150 370 407 473 996 1616
500 150 441 495 558 597 960 1371 1410 1427 1812 1972
636 396 686 1371 1410 1427 1651 1922 1923 1946
686 377 395 441 654 1105 1125 1371 1651
1410 1651
1630 150 407 473 639 654 882 983 1020
1946 441 1024 1319
1024 263 296 377 1362 1598 1774 1814 1959
1598 377 511 1774 1922
1774 654 766 1339
454 81 802 877 1890
585 544 802 1210 1786 1854
802 138 911 1300 1821
1182 81 244 552 668 683 1142 1166 1223 1483
85 138 419 703 1210 1483 1960
169 86 134 504 508 1641 1821
911 133 508 1641 1811 1821
1142 133 777 877 1229
1229 133 504 508 920 1821
1641 86 133 155 544 862 1811
1786 133 544 1821
1988 261 552 1656 1886 1968
68 193 367 485 556 965 1268 1299 1310 1785 1925 1971
193 145 187 227 477 485 1299 1599 1607 1754 1829
367 177 556 933 949 1086 1244 1284 1310 1357 1554 1640 1892
485 694 889 965 1075 1875
556 145 187 433 702 965 1268 1299 1607 1687
965 227 631 702 889 1299 1402 1687 1764
1268 493 631 1136 1310 1554 1687 1722
1299 185 673 818 1343
1310 1136 1887
1785 883 979 1077 1086 1188 1244 1523 1573
1925 185 204 227 502 883 1040 1887
1971 104 306 477 1426 1441 1698 1764
69 326 357 735 899 927 1002 1608
326 511 1247 1516
357 607 927 1090 1235
735 345
899 263 434 512 927 1113 1235 1326 1644
927 607 925 1129 1277 1608 1893 1937
1002 512 568 1090 1235
1608 1277 1377 1516 1708
70 415 1043 1197 1288 1657
415 281 627 1071 1388 1860
1043 208 593 627
1197 187 204 337 818 933 1842
1288 277 488 551 627 1147 1270 1349 1557 1615 1639 1709
1657 1916
424 788 922 1530 1678 1730 1751
747 160
849 361 821 922 1261
1261 168 235 922 1397 1530 1678
1527 821 922 1397 1530 1820 1905
1678 922 1131 1332
1820 1217 1397 1905
72 230 392 457 818 953 1066 1623 1965
230 309 435 475 772 822 1623 1710 1881
392 115 614 823 852 1114 1121 1828 1914
457 209 312 522 816 948 1114 1590 1623 1684 1710 1828 1879
818 152 306 318 498 889 1441 1568
953 312 348 834 842 1085 1445 1494 1502 1620 1914
1066 107 294 350 525 640 1198 1231 1346 1424 1945
1623 816 822 865 1328 1710 1879
1965 158 279 772 822 865 866 1081 1452 1502 1555 1620
73 419 668 703 870 1032 1073 1280
419 703 777 950 1032 1073 1223 1493 1833 1960
668 1210 1483 1890
703 683 1079 1280 1483 1656 1880
870 683 804 1411 1483 1566 1656 1880
1032 155 183 507 683 1073 1079 1166 1223 1483 1656 1833 1880
1073 81 151 155 683 1166 1280 1617
1280 81 683 1210 1442 1566
74 242 651 1160 1529 1681
242 175 189 258 345 425 1018 1529 1653
651 127 175 252 262 354 396 847 861 1016 1154 1179 1220 1333 1525 1589
1160 444 693 781 882 1154 1219 1529 1681 1744 1758
1529 131 1653 1744 1849
1681 249 693 1179 1185 1219 1550 1845 1849
75 383 657 862 989 1714 1968
383 387 657 1466 1778 1957 1968
657 111 134 467 616 862 877 1526 1676 1854 1974
862 616 850 1714
989 111 474 1466 1562 1714 1738 1968
1714 111 1676 1719 1968
1968 111 387 656 1226 1676
76 130 332 411 483 712 829 857 912 1253 1759 1865 1983
130 204 340 378 694 924 1615
332 483 509 858 1253 1358 1689 1800 1853
411 207 486 829 912 1558 1734 1759 1853
483 394 486 1734 1983
712 343 576 945 1287 1518 1831
829 181 207 292 323 782 912 1267 1358 1600 1759 1894
857 179 399 858 912 1253 1560 1689 1853
912 137 179 266 486 858 1253 1800 1853
1253 399 1212 1545 1690 1734 1740 1853 1969 1983 1998
1759 266 269 323 486 1128 1267 1368 1600
1865 176 453 564 590 1754 1761 1842
1983 137 179 399 509 858 1259 1560 1689 1734 1853
77 241 402 497 540 577 1117 1541 1652
241 423 541 969 986 1196 1403 1748 1872
402 540 957 1117 1541 1804
497 371 374 423 431 446 577 715 1003 1788
540 101 635 801 1117 1652
577 431 446 820
1117 101 413 1388 1857
1541 1003 1809
1652 285 979 1206
78 539 1030 1743 1845 1849
539 293 444 1030
1030 249 354 770 907 910 1106 1175 1209 1845
1743 310 445 1129 1209 1322 1516
1845 907 1120 1179 1653
1849 300 770 1120 1653
79 1206
1206 190 1042 1252 1755
587 237 564 593 924 963 1037 1481 1599 1694 1818
609 122 208 496 593 1080 1127 1295 1818
1761 649 924 1481
81 138 1210 1442 1467 1912 1997
138 403 469 1467 1725
1210 867 1912
1442 189 316 495 1208 1504 1656
1467 1223 1566
1912 129 155 1079 1811
1997 226 508 942 1601 1821 1890
82 102 322 666 824 1198 1520 1991
102 107 578 666 941 1513
322 253 640 743 1089 1469 1620 1638 1838 1898
666 107 640 762 1058 1096 1881 1898
824 294 436 1096 1520 1898 1991
1198 294 1898
1520 92 436 1186 1346 1408 1622 1825
1991 253 1058 1170 1424 1469 1638 1816 1838
368 279 348 428 429 490 628 1335 1492 1805 1953
628 515 1335 1645 1646 1805
739 464 1797 1805
932 364 561 964 1052 1115 1241
84 236 247 256 298 682 741 1063 1143 1760 1910
236 478 611 1396 1492 1585
247 235 256 678 791 1143 1200 1352 1707
256 157 235 410 741 1056 1063 1072 1143 1352 1434 1444 1889
298 115 135 235 741 791 1143 1155 1291 1707 1736 1951
682 561 602 851 982 1200 1397 1876
741 235 823 1143 1585 1736 1876 1951
1063 336 620 678 1143 1434 1436 1951
1143 410 478 514 851 1434 1736 1876 1951
1760 361 890 1056 1910
1910 562 788 1383 1707 1939
1483 1960
1960 1880
86 508 544 920 1373 1811 1834
508 226 1656 1854
544 301 1601
920
1373 226 1618 1854
1811 134 675 777 1821
1834 134 1821
87 179 1391
179 782 1212 1267
1391 266 1448 1689
88 173 270 470 538 900 1001 1088 1264 1275 1418 1503 1576
173 481 641 1553 1782 1918
270 1001 1008 1418
470 94 900 1008 1088 1193 1264 1418 1782 1918
538 1632 1797 1918
900 543 1193 1275 1576 1782
1001 1008 1088 1576 1588 1782
1088 543 1008 1264 1323 1418 1576 1588
1264 1008 1275 1418 1576 1668
1275 700 1644 1724 1782
1418 328 434 1008 1323 1588 1918
1503 581 1191 1588
1576 543 669 1008 1215 1323 1456
89 159 1332 1380 1417 1742 1939
159 1505
1332 887 1115 1417 1530 1939
1380 562 887 1056 1417
1417 562 890 1115 1939
1742 993 1131 1505 1939
1939 160 887 922 1131 1314
90 479 705 1292 1447 1495 1701 1727
479 238 532 705 859 981 1496 1551
705 162 489 532 1433 1496 1727 1847
1292 532 1447
1447 238 245 992 1021 1701 1847 1976
1495 191 859 981 1263 1453 1594 1647 1729 1752
1701 784 1013 1496 1647 1713 1719 1847
1727 245 519 1732
91 604 687 1035 1422 1885
604 253 1400 1408 1680 1798 1816
687 151 603 1284 1628 1798
1035 352 603 999 1240 1474 1670 1833 1967
1422 618 939 1628 1722 1832
1885 456 1213 1487
92 436 941 1096 1424 1922
436 578 873 1302 1458 1565 1622 1825
941 243 1096 1680 1838 1863 1923
1096 243 647 1008 1424 1622 1919
1424 107 762 1346 1622 1863
1922 671 1339 1959
269 141 486 736 1190 1267 1350 1749 1766 1894
1382 1463 1766 1917
1499 141 292 1463 1766 1917 1921
1769 141 1189 1463 1917
1917 141 749 1036 1128 1635 1815
94 328 617 623 669 1008 1193 1215
328 114 282 333 617 658 700 1215 1859 1990
617 330 512 669 1235 1366 1724 1990
623 330 434 1089 1113 1458 1553 1565 1655 1724 1990
669 223 282 512 599 1184 1285 1346 1655 1765 1859
1008 223 434 543 1644
1193 571 1215
1215 568 1285 1323 1458 1724 1782
95 112 380 644 725 1039 1788
112 347 380 724 914 1015 1039 1133 1403 1633 1784
380 140 725 1039
644 163 467 531 954 1336 1500
725 140 344 409 422 1039 1281 1293 1372 1691 1700 1784
1039 869 1091 1691
1788 488 610 635 820 979 1015 1258 1702
96 323 586 736 1190 1267 1766
323 137 1190 1350 1368 1766 1894
586 105 266 394 854 1358 1690
736 698 1128 1600
1190 137 769 1350 1766
1267 1350 1735
1766 137 1894
441 558 671 1020 1812 1972
1338 197 297 300 310 345 1209 1488
1412 882 908 1525 1550 1704 1982
1612 150 300 744 1277 1571 1704 1836
98 272 387 503 616 690 728 1226 1484 1778
272 283 626 656 1094 1266 1484 1497
387 662 1169 1226 1384 1387 1975
503 255 706 728 1276 1324 1534
616 111 697 850 1497 1792 1915 1993
690 283 752 1158 1384 1387 1466 1497 1676
728 1226 1324 1466 1484
1226 582 1384 1778 1975
1484 1255 1733 1792
1778 685 1297 1610 1676 1993
150 370 407 572 847 908 923 983 996 1185 1525 1616 1812
188 330 743 1667
1377 296 837 925 1326 1516 1959
296 495 744 837 1893
511 766 873 1089 1090 1339 1362 1393
983 370 473 882 1049 1812
1319 225 766 1186 1326 1339 1362 1469
1893 744 1089
101 413 534 1194
413 205 979 1857
534 672 1059 1567 1804
1194 724 801 963 1810
107 243 294 762 1469 1533 1816 1923
578 395 950 1898
1513 1231 1344 1355 1393 1408 1458 1470 1863
507 129 273 1166 1223 1617 1833 1880
574 129 183 1078 1477 1938
683 1935
1140 1240 1293 1617 1656
1166 155 1223 1880
1833 877 1656 1880 1935
1880 129 1223 1240 1670 1935
104 176 306 1046 1225 1402 1568 1875
176
306 187 231 477 673 889 1225 1441 1754 1875
1046 210 456 949 1250 1328 1583 1687
1225 198 210 295 535 798 1367 1468 1476 1544 1568 1607 1875 1936
1402 934 1250 1568 1842 1936
1568 231 649 1250 1586 1842
1875 210 477 482 535 813 1426 1481 1936
105 122 237 378 692 709 961 1037 1358 1871 1969
122 208 340 378 564 895 1037 1062 1099 1165 1251 1295 1316 1511 1818 1871 1926
237 153 564 593 718 1037 1586
378 153 399 590 961 1037 1251 1614 1694
692 110 266 359 688 854 895 1022 1037 1740 1853
709 509 516 521 1251 1448 1449 1888
961 496 718 854 1168 1251 1871 1926
1037 496 521 590 895 1316 1358 1677
1358 494 1212 1740 1800
1871 854 924 1168 1212 1690 1694 1850 1894
1969 399 590 1212 1368 1740 1800 1853
106 201 423 875 1713 1748 1809
201 541 621 699 773 875 1013 1713
423 699 776 986 1050 1196 1591
875 519 1013 1051 1489 1501 1713 1748
1713 245 489 519 684 699 715 830 1051 1164 1453 1732 1809
1748 684 969 1446 1901
1809 162 532 1403
243 762 1469 1638 1881
294 329 331 647 745 817 948 1344 1717
762 640 930 1825 1898
1469 1058 1898
1533 146 484 743 868 1135 1371 1715
1816 640 766 1058 1236 1400 1680
1923 215 225 743 1041 1134 1170 1638
504 133 777 1854 1957
777
1100 1562
343 555 1831
1080 400 494 1230 1274 1325
1222 1259 1423 1831 1998
1423 1740 1933 1998
1560 266 399 858 1212 1690 1800
1932 576 637 876 1325 1471
1992 471 688 945
110 250 358 1099 1104 1287 1593 1671
250 143 149 254 672 1309 1506 1593 1924 1984
358 254 555 634 646 1099 1325 1448 1506 1563 1611 1762 1888 1943
1099 254 516 634 1022 1104 1230 1287 1506 1611 1671 1762 1924
1104 143 315 1071 1818
1287 315 1564 1671 1799 1943
1593 202 254 1239 1908
1671 149 516 634 952 1017 1022 1230 1506 1564 1799
111 565 567 582 661 662 1466 1676
565 163 211 273 566 795 919 1157 1392 1474 1477 1500 1738 1954
567 1954
582 283 353 1384
661 273 320 898 1157 1203 1459 1474 1496 1610 1738 1790
662 375 439
1466 809 1276 1497 1716 1733
1676 353 656 846 903 1021 1562
347 610 1015 1609 1640 1675
724 371 374 488 591 1258 1796 1810
914 205 488 608 801 1059 1165 1755 1916
1015 610 719 1702
1133 218 715 776 1783
1403 684 717 776 1050 1164 1196 1258 1591
1633 420 606 645 984 1091 1400 1700
1784 1050 1702 1810
113 429 1363 1399 1645 1686 1757
429 428 722 1057 1173 1256 1363 1364 1492 1524 1645 1686 1757 1805 1953
1363 339 427 515 559 1057 1256 1524
1399 339 515 641 1057 1524 1805
1645 481 561 803 817 980 1173 1256 1335 1492 1512 1581 1757 1805
1686 116 475 515 732 825 980 1173 1364 1757 1866
1757 515 642 1101 1355 1514
114 308 455 599 658 1191 1221 1346 1553 1644 1718 1765 1945
308 475 745 980 1445 1465 1590 1620 1881
455 279 525 700 1191 1221 1339 1458 1491 1718
599 490 641 642 658 1512 1795 1918
658 1019 1323 1553 1782 1866
1191 1101 1173 1256 1355 1718 1859 1945
1221 279 339 1101 1465 1514 1590 1866
1346 288 1303 1344 1825 1863 1898
1553 434 1524 1918
1644 512 1724
1718 223 333 525 1019 1285 1462 1859 1990
1765 700 1113 1366 1668 1990
1945 279 525 1355 1458 1462 1491 1524 1632 1859
115 501 1367 1476
501 602 713 1367 1476 1987
1367 817 1710
1476 713 1075 1710
116 209 312 611 652 915 1052 1061 1452 1494 1502 1808 1856
209 157 401 611 722 803 865 1061 1114 1696 1828 1929
312 157 348 401 561 652 722 865 1033 1085 1114 1291 1396 1452 1494 1590 1646 1828 1856
611 722 1033 1052 1364 1452 1646 1696 1951
652 822 866 1033 1061 1085 1114 1502 1555 1684 1808
915 157 823 1061 1291 1710 1856 1914 1929
1052 428 563 1061 1335 1492 1856
1061 401 816 1291 1555 1828 1879
1452 722 1033 1291 1494 1581 1674 1856
1494 348 514 819 982 1033 1585
1502 816 865 1085 1114 1555 1828 1879
1808 722 819 838 1101 1119 1396
1856 722 842 1033 1119 1364 1396 1585
826 697 958 1733
850 697 879 1915 1974
958 1067 1464 1733
1792
568 1090 1235 1386
837 607 1090
1326 282 330 377 512 1231 1456 1622
1708 1247
491 146 558 654 1020 1125 1371 1427 1972
1041 225 316 558 1103 1304 1411
1362 1134 1265 1651 1959 1990
1427 225 495 654 671 1134 1656 1814
1972 495 572 774 1371 1450 1851
121 922 1730
922 821 1397
1730 212 1478
208 379 502 593 1062 1074 1127 1165 1810 1829 1931
340 833 895 1062 1388 1799 1926
564 590 1074 1295 1850
895 590 1022 1251 1316
1062 801 854 863 1147 1295 1818
1165 143 205 863
1251 1295 1345 1545 1694 1926
1295 718 1060 1074 1127 1481 1860 1947
1316 509 637 688 1274 1449
1511 205 285 957 963 979 995 1810 1931
1818 496 593 627 718 1071 1074 1639
1926 359 1071 1694 1924
123 366 809 894 1276
366 533 784 1374 1679 1712
809 255 439 733 1324 1490
894 307 460 677 721 784 981 1490
1276 533 733 1387
124 471 555 945 1448 1933
471 369 576 634 710 1023 1611
555 576 634 1023 1207 1739
945 463 576 688 951 1144 1274 1739 1933
1448 178 509 521 688 1023 1207 1345 1449 1888
1933 576 688 841
180 261 342 389 882 1159 1461 1493 1958
261 959 1851
804 244 341 950 1135 1411 1617 1715 1935
1504 867 1208 1493 1656
126 218 632 756 1164 1489 1649 1729
218 919 992 1050 1087 1283 1521 1649 1790 1989
632 474 619 1243 1297 1732 1847
756 467 898 903 954 1158 1729 1790
1164 619 1087 1283 1432 1474 1610
1489 211 719 773 902 1649 1837 1872
1649 352 566 685 902 992 1045 1283 1353 1837 1989
1729 391 467 656 869 1321 1496 1993
127 1318 1333 1955
1318 175 847 916 1220 1289 1550 1955
1333 189 354 396 861 908 1220 1616 1704
1955 370 1185
1384 460 474 656 1497 1679 1733
1873 903 1392 1738 1854
129 524 1392
524 420 880 1240 1477
1392 183
204 145 337 883 1086
694 185 502 883 988 1077 1586 1709
924 477 1168 1481 1677 1721
1615 185 635 649 1074 1077 1147 1188 1979
131 693 1106
693 249 258 310 354 444 781 1016
1106 910 1653
1798 603 1236 1938
133 1079
1079 867 1223
134 1658 1854
1658 206 408 831 879 1536
1854 226
135 139 678 1072 1098 1155 1290 1951
139 142
678 791 1751 1889 1921
1072 336 410 791 1155 1352 1434 1636 1889
1098 1056 1383 1397 1636
1155 620 1397 1434 1444
1290 1444 1535 1636 1746 1789
1951 235 478 563 620 1352 1707 1736 1876
136 672 1017 1042 1252 1822 1916 1984
672 190 1042 1405 1567 1711 1984
1017 149 254 1711 1908
1042 381 1309
1252 381 646 1059 1345 1611 1822
1822 462 1642 1867
1916 149 205 1151 1405 1755 1984
1984 1059 1153 1924
137 207
207 1481 1558 1614 1692 1735 1823 1936
403 1603
469 192
1725 342 389 1159 1411 1548 1606 1787 1851
142 746 1217 1254 1294 1457 1636 1751 1905
140 422 719 992 1065 1521 1957
422 409 685 719 1152
719 211 352 619
992 773 1045 1152 1521 1837
1065 338 352 409 685 954 1907
1521 211 715 773 1087 1283 1432
1957 449 619 954 999 1087 1094 1283 1474
141 580 749 1036 1463
580 698 1036 1337 1463 1815
749 240 292 667 904 1337 1428 1749 1815 1920
1036 216 292 388 1337
1463 216 1189 1457 1735 1815
746 1217 1254 1294 1397 1751
1217
1254 1636 1751 1789
1294 769 791 1636 1746
1457 768 769 905 1260 1272 1375 1635 1921
1636 791 1574
1751
1905 361 821 1056 1530
143 315 359 863
315 149 1181 1799 1943
359 1924
863 801 1069 1947
144 836 1435 1600 1749 1848
836 505 1234 1592 1621 1692
1435 477 649 813 1735 1936
1600 1749 1894
1749 1544 1621
1848 181 649 1481 1665 1721
145 187 883 933 1086 1586 1979
187 933 1586 1599
883 181 227 649 1031 1086 1244 1343 1709 1979
933 185 337 1441 1599
1086 337 1136 1293 1349 1357 1628 1722 1966
1586 337 535 673 1343 1599 1607 1709 1842
1979 281 575 929 988 1031 1077 1315 1343 1703 1829
146 215 225 558 1125 1170 1304 1450 1715
215 253 600 743 1680
225 484 868
558 510 572 671 1020
1125 671
1170 600 759 766 1638
1304 316 867 1208 1313 1498
1450 868 1371 1812
1715 510 1135 1265 1566
185 551 655 929 1523 1829 1887
291 384 493 551 575 635 1077 1188 1349 1431 1557 1609 1675
493 551 645 1188 1431 1675 1703 1829
566 265 338 531 833 954 1353
929 757 1188 1357 1829 1966
1188 575 874 1077 1523 1640 1887
1349 575 833 1315 1431 1639
1388 496 627 1077
1510 281 344 384 645 757 874 984 1609 1691
1673 575 593 1147 1523 1675 1703 1829 1966
1675 277 575 757 1431 1639 1700 1803
1966 575 757 1110 1244 1892
244 867 1656
759
1572 1938
149 254 1127 1312 1642 1947
254 202 1109 1144 1908
1127 590 854 1074
1312 634 1309 1642 1711
1642 381 462 1867
1947 453 1860 1931
370 407 996 1049 1461 1569 1982
407 572 639 774 882 923 1016 1289
572 536 774 1461
847 262 664 853 1787
908 165 262 396 473 664 861 1154 1550 1616
923 1018 1154 1185 1525 1550 1704
996 654 774 928 1982
1185 175 252 473 774 882 1461 1525 1616 1982
1525 189 425 861 1616
1616 550 639 671 882 1049
1812 495
151 1617
1617 341 1935 1967
152 1487 1554 1832
1487 551 631 1284 1477 1892
1554 1722 1887
1832 309 1075 1899
153 590 1614
590 1168 1665
1614 1545 1690 1694 1800
700 581 1285 1491 1631 1632 1859
1285 223 525 1113 1366 1393 1632 1668 1990
1408 1491 1632
1458 223 282 525 1113 1470 1668
1825 1565 1651
155
329 331 930 1081 1303
772 309 930 948 1163 1620
913 288 948 1328
948 158 331 1146 1163
1303 158 745 1717 1881
157 235 348 1085 1291 1514
235 410
348 964 1291 1396 1585 1929
1085 732 865 1101 1114 1119 1445 1879
1291 401 722 1114 1396 1710
1514 1033 1696
158 331 822 1620
331 276 1881
822 852 865 866 1590 1620
1620 865 1114 1445
1505 361 993 1115 1130
160 1130 1397
1130 871 993 1314 1801
1397 1056 1530
788 1434 1530 1707
1561 1352 1444
1876 620 791 821 1352 1439
162 375 679 981 1263 1647 1752
375 784 1149 1453 1490
679 532 1551
981 191 228 245 699 1263 1453 1594
1263 191 353 677 1237 1453 1594 1647 1752
1647 228 721 859 1374 1433 1752
1752 228 519 677 721 859 1237 1266 1453
163 352 685 1543
352 338 449 902 1152 1543 1670 1700 1738 1803 1837 1907
685 265 320 409 531 1078 1353
1543 338 344 409 449 1152 1432 1803 1907
164 342 389 597 764 1802 1851
342 597 1359 1569 1851 1958
389 510 764 1606 1851
597 1208 1300 1548 1851
764 1548
1802 867 1300 1498 1958
1851 1359 1548 1606
165 1289 1569 1664 1787
1289 664 853 861
1569 536 774 960 1461 1664
1664 252 774 853 916 1049 1154 1589 1758 1787
1787 1049
1284 702 758 939 1213
820 371 431 591 1591
1196
1804 285 957 979 995
1857 381 957 963 1003
168 1115
1115 1131 1383 1707
1821 675 1601
170 252 300 345 444 744 781 1488
252 175 189 396 781 853 1154 1589 1653
300 1209 1488 1937
345 249 444 445 1175 1322 1571 1836 1937
444 197 310 1175 1322 1571
744 1550 1814 1959
781 197 354 770 1116 1175 1209 1322 1768
1488 445
481 571 1057 1184 1512 1795 1866
1101 428 1081 1344 1364 1866
172 546 667 1234 1942
546 240 324 1201 1272
667 768 855 1201 1260 1375
1234 614
1942 855
641 642
1782 1323 1918
1918 223 490 642 1323
295 198 210 482 498 813 1441 1583 1599 1698 1754
498 198 813
535 210 505 1426 1698 1936
175 354 396 1220 1758
354 770 1179 1219
396 262 639 861 1220
1220 473 861 1154
1758 249 1154 1219 1589 1704
177 384 757 1078 1136
384 610 833 984 1372 1640 1703
757 502 575 627 874 1609 1639 1829
1078 880 1040 1091 1123 1203
1136 631 655 880 1293 1343 1887 1892
178 576 1345 1518
576
1345 494 952 1192 1207 1545 1563
1518 1192 1207 1307
782 394 486 1689
1212 266 486 1740
882 189 1154 1589
1159 1566
1461 473 536 928 1018 1049
1493 278 867 1958
1958 262 704 1548
181 1721 1936
1721 649 1698 1936
1936 1481 1665
715 969 1050 1872
969 245 699 1783
1716 621 1013 1051 1281 1719 1732 1872
1732 245 619 684 830 986 1501 1551 1872
1864 519 684 699 986 1013 1051 1501
1872 684 773 1013 1243 1281 1847
183 880 1082 1240 1477 1938
880
1082 420 1477 1892
1240 1477
1477
1938 1236 1700
505 198 210 1468
813 198 210 522 1426 1621
1426 198 210 482 1250 1468 1621
1468 482 514 1592
1692 1592 1621
1698 482 1121 1583
551 1123 1244 1640 1803
655 631 1628 1722 1745 1892
1523 874 968 1431
1829 575 1060 1123 1315 1343 1431 1557
1887 1607
610 374 1372 1405 1640 1702
773 489 621 1087 1501
1087 1283
1599 477 673 939 1147
330 512 1089 1113 1456 1724
743 600 1134
1667 263 1772
189 473 1018 1154
473 550 639 664 853 959 1154 1589
1018 861 1589
1154 861
190 801 1755
801 205 488 608 963 1069 1153 1796
1755 995 1405
191 238 677 716 721 846 859 1237 1266 1453 1490
238 391 489 532 626 986 1496 1847
677 460 721 752 859 1237 1883
716 859 1453 1594
721 228 460 1490 1594
846 391 489 626 752 1297 1496
859 519 784 1433 1453 1551
1237 228 460 1266 1490
1266 460 474 626
1453 1433 1976
1490 626 1169 1679
192
227 1343
477 318 673 1677 1754
1607 433 889 1583 1687
1754 318 1075 1687 1709
774 960 1982
928 487 704 867 960 1982
1049 536 550 1982
210 198 231 482 1583
1441 231 1481 1583 1764
1583 1075
197 258 310 770 1116 1209 1322 1653
258 310
310 1175 1322
770 425 1016 1653
1116 1209
1209 1322 1653 1768
1322 1175 1744 1768
1653 1179 1219
198 1544 1621
1544 482 522 713 852 1121
1621 713 852
263 377 1651
1208 316 442 510 1105 1135 1411 1566
1411 484 600 1105 1231 1265 1313
541 245 621 684 830 1051 1501 1901
621 619 1051 1433 1496 1901
699 245 776 986
1013 245 519 684 986 1281 1501 1901
202 646 1192 1309
646 1867
1192 494 521 1022 1239 1274
1309 1711 1888
203 1246 1531 1679 1712 1978
1246 1149 1255 1712
1531 1534 1978
1679 533 733
1712 706
1978 733 1534
337 988 1150 1343
205 285 488 957 1003 1059
285 957 963 995 1059 1810
488 281 1069 1151 1258 1405 1810
957 374 608 995
1003 1783
1059 1069 1153
206 408 675 676 1067 1526 1536
408 879 1204 1974 1975
675 301 1526 1536 1974
676 831
1067 701 831
1526 1974
1536 831 840 1485 1974
1481 649
1558 854 1665 1823
1735
1823
379 593 995 1060
502 277 453 827 1270 1931
593 627 718 1060 1694
1074 453 627 718 963 1796 1860
1810 608 627 1150 1270
1931 277 453 627 1060 1860
401 816 865 1914
722 1119 1396
803 397 428 559 980 1173 1256 1335 1364 1581
865 475 834 1879
1114 816 834 838 1445 1696 1828 1879
1696 982 1081 1184
1828 1710 1870 1879
1929 1396 1436 1585
231 433 1168
482
211 374 1243 1281
374 371 446 591 979 1258
1243 489 519 619 626 1790
1281 489 519 1837
212 363 1478
363 993
1478
784 228 307 460
420 606 874 1040 1123
606 338 344 984 1432 1700 1803
1552 433 1213 1764
253 1680
600 1400
1680 985 1480 1628
216 388 1260 1635 1921
388 240 517 1428
1260 240 324 768 1201 1272 1375
1635 240 768 769 1189 1428 1815
1921 240 769 791 1444
1456 1089 1113 1339 1655
1655 512 1366 1990
919 265 954 1353 1610 1954
1050 717
1283 619 954 1051 1989
1790 795 903 954 1094 1157 1158 1474 1562 1610
1989 531 902 1837
1959 377
223 427 512 873 1366 1565 1668 1724 1990
395 640
640 985
1622 350 1863
1638 1058 1613 1838
1863 1898
1898 766 817 1058 1302
467 353 752 898 1610
427 397 490 1019 1512 1524 1805
512 1113 1235 1366 1724
873 1186 1231 1302 1470 1491
1366 282 642 1089 1323 1668 1919 1990
1565 1393
1668 282 1113 1990
1724 1795
1990 1113 1838
273 265 903 1474 1954
320 954 1203 1336 1500 1907
999 984 1203
1203 1040
484 316 1313
868
226 831 1738
831 301 840 877
1738 1353 1562
1343 277 1077 1677
228 307 1594
307 1149 1464 1883
1594 1975
522 614 713 1592
1272 517 905 1375
1390 514 1889
1914 737 816 823
309 276 1075
435 475 1163 1870 1879
475 233 745 817 838 866 1445 1465
1710 614 816 1355 1684
1881 288 350 1231
433 318 1687
1168 1850 1853
301 840 1083 1974
840 1603 1733
877 1890
1911
233 426 478 737 982 1396 1436
426 327 478 561 1200
478 561 563 737 982
737 620 1033
982 851 1200
1396 514 1585 1889
1436 361 1200 1444 1889
550 536 1550
860 671 1313
410 1352 1375 1789 1889
1492 980 1033 1364 1585 1646
1585 1119 1241 1646
718 453 627 1071
391 283 656 1021 1719
489 245 619
532 1501 1976
626 353 752 1374
986 684 1051 1433 1501 1901
1496 717 1021 1459 1847
1847 684 1433 1719
297 607 1247 1277 1772
1516 1277 1795
1772 1937
240 769 1428 1746
769 812 1337 1920
1428 812 855 904 1746
1746 1535
425 1016 1179
867
1656 552
245 830 1446 1501
830 519 1051 1446 1501
1446 717 1433
1501 519 1901
791 562
1200 851
1352 905 1444
1707 562 821 1383
639 1550 1589 1704
1277 607 1231 1937
1550 1704
249 1179 1219
1179 1744 1836
1219 1744
1506 516 634 952 1144 1564 1611 1762 1888
1924
853 664
1589 1704 1744
1109 1239 1274 1559
1144 952 1559 1564 1964
1908 1153 1611 1711 1867
255 706 1255 1324 1464 1534
706 439 733
1255 839 1534
1324 439 533
1464 733 1534
1534
1056 821 1530
1434 1375 1444
1444 905 1201 1889
1889
654 495 960 1371 1814
959 1982
575 1244 1270
874 344 1293 1628 1892
1244 1357 1573
262 916
916 807 960
377
1651 1235 1613
1201 905 1987
265 1474 1954
1474 903 1158 1618
1954 1575
266 394 858 1800
394 1853
858 1734 1853
1800 1259 1740
942 1485
1601
1890
581 434 543
1767
486 698 1368
1350 1853 1894
1894 399 1853
283 1387 1497 1975
656 1021
1094 353 1321
1497
903 1158 1459
474 439 752 1374
1993
276 456 930 1163 1899
456 288 939 1110 1899
930 350 1328
1163 866 1075 1445 1870
1899 1146 1213
277 635
635 1181 1639
278 1566
1566 341 1134 1135 1313
279 842 1184
842 492 561 834 838 1081 1355
1184 515 1512 1524
1814 671
281 968 979 1703 1796
968 591 645 833 1357 1640 1700
979 833
1703 645 1640 1803
1796 627
282 571 1019
571 333 490 1631
1019 1344 1795
1387 533
1975
963 995 1069 1557
995 1069 1405
288 838 1717
838 1445
1717
350 732
397 428 515 1256 1524 1859
964 464
980 561 1119 1256 1581 1646
1646 561
1077 1270 1315 1573
1431 1640
1557 1270
1609 338 1091
292 1815
1815 517 904 1337 1920
293 445 910 1120
445 910 1175
910 1120
1120 907 1016
647
745 732 817 1445
817 1465 1590 1866 1870
1344 333 525 1465 1632
495 671 1371
607 1571
1247
1736
1937 1129 1386
1083 1485
1974 697 879
1853
889 318
795 531 1459 1562
835 1157
1134 1339 1838
1302 1089 1186 1231 1393
673 1709
1149 1169
1883 1169
1445 866 1590 1879
1465 428 732 819 1081 1590
1590 1491
1075 702
1175 1129
1256 428 515 1364 1581 1805
1524 339 515 1173 1512 1632
1795 339 428 642
561 819
1033
1803 1123 1152
1498 1359 1886
1181 453 1860
1799 521 1207
1943 634 952 1023 1563 1762
316 442 510 671 1105
442 1105 1886 1982
510 341 1313
671 341 1105
1105 1103
1801 364 993
318 1270 1687
1270 627 1147
1687
1060 496 627 1150 1315
1258 371 446 1069
954 531 1152 1158 1336 1353 1610
1336 531 1459
1500 338 1372 1432 1459
1907 409 449 1432 1691
321 371 431 446 776 1152
371 833
431 591 1702
446 591
776 591 1783
1152 338 409 1432 1691
1089 1393 1491
1838
1368 1259
324
879 1915
327 1674
1674 890 1241
333 1355 1631 1859
1859 1364
1081 732 1919
1113 1393
509 521 1023
1689 1259 1998
1355 525 1632
1631
335 369 659 976 1325 1416 1471 1559 1773
369 1471
659 841 1023 1385 1471 1564 1773
976 1471
1325 400 637 841 1230 1964
1416 453 841 1471
1471 876 1093 1385 1773
1559 634 841 1230 1762 1964
1773 1230 1385
336 905
905 768 987 1375
988 1709
1150 1031
338 449
449 531
339 1057 1512
1057 1581 1953
1512 490 515 1953
833 409
341 950 1935
950 1935 1967
1935 1135
1359
1831 463 952
344 984 1293 1700
984 645 1091 1293
1293 1040 1123 1357
1700 1123
1571 1768
1836
1640 1702
732 834 1462
399 1545
1665 1677
902 531 1353
1670
1837
353
631 1628 1745 1892
1090
1235
634 637 1239 1564 1611 1762 1888
1563 952 1449 1711 1762 1888
1611 876 952 1762
1762 521 1022 1564 1739
1888 521 688 952 1207 1449
1764
361
1684 1555 1879
1987 798 1835
993 1314
364 642
642 490
428 515 825 1173 1335 1364 1805
492 1462 1491 1632
825 1173 1797
1953 559 1173 1805
533 733
1374
949 939 1110 1722
1357 1745
1892 618 1236
490 1797
1335
1805 515 1119 1173
1982 536
562 1383
1530
591
890
1383 563 1131
1694 854 1690
381 462 1867
462 1069
1867
766 1058 1613
1372 645 1639
1722 1628 1745
871 1241 1314 1900
1169
517 812 1574
1606
1740 1690 1998
1021 1297 1459 1719
1719
614 798 1121 1835
823 1439
852 602 1592
1121 713 798
861
515 1364 1581
887
1545 854 1690
400 710 841 876 1093
710 1739
841 637 1964
876 1739
1093 1230 1964
816 834
1603 1300
603 618 985 1110
758 1328
1745
1297 1158
1459
1016 1704
1204 697
409 1091 1610
1091
1610 1157 1353 1562
1375
1789
1734
1129
627 453 1860
1071 1860
1860 1151
618
1480 1967
1223 552
1040
1123
891 851
1591
1173
1364 819
798 514 713 1981
1702 1639
1588
434
1870
1879 834 1555
1213 1146
1250 713
439 733
733
1020
1886 1103
463 1023 1307
951 1307
1470 1186 1462
1919 525
531
460
453
525 1491 1632
1339
1491
939
1110 1400 1628
1031
1069 1567
1023 1564 1739
1307 1259 1998
464
1967
752
898 1321
664
866
1677
563 851
1551 1433
1866
1313 1704
698 855 1128
487 704 960
704 1103
960
1151
1405 1567
619
1797
1371
1462 1632
1632
645
494 521 1449
521 952 1449
1449 1274
496 952
952 516 1022
1186
602 1981
713
827
1595 1241
1393
1328
514 620 1439
620
1439 1574 1592 1835
1581 559
516
812 768
1574
1850 854
519 684 717 1901
684
717
1901
1592 1835
1386
985 1400
1976
1567
536 1265
1265
1051
543
702
1146
851
552
1207 688 1274
1739
559
1189 904 1128
819
1157 1158
1353
1709
1337 904
854
1690
839
1103
1300
1548
1236
1400 1058
1981 1555
608
1432
1835
987
697 1733
1915
1433
1628
637
1239
1564 1022 1274 1711
1639
1704
1158
649
1555 834
1323
1385
1274
1058
768
855
1711
688
1231
1022
1733
1128
701
1259 1998
1119
1691
834
925
904 1920
1920
1613
1783
821
1768
1321
1562
1153
1135
1485
807
1964 1230
1241
1315
869
1314 1900
1900
907
934
1045
1147
1535
1573
1230
1131
1575
1744
1842
1998
1618
1813
