0 5 239 324 427 844 983 1020 1346 1693 1705 1897 1901
5 11 27 31 106 757 879 1020 1060 1504 1647 1901 1973
239 202 315 453 485 544 802 1028 1127 1206 1771 1998
324 684 792 892 911 1139 1224 1308 1326 1366 1410 1841
427 77 158 183 258 288 385 518 754 791 1060 1148 1541 1620 1705 1738 1753 1964
844 32 80 198 385 404 552 776 879 945 1148 1150 1221 1240 1410 1620 1705 1738 1833 1897 1964 1991
983 45 160 236 489 508 583 827 1274 1378 1806 1926
1020 27 32 124 262 356 404 489 776 1060 1324 1410 1419 1499 1516 1697 1711 1926
1346 32 123 236 356 378 552 879 1221 1274 1410 1516 1628 1650 1756 1807 1833 1926 1968
1693 160 284 329 514 583 792 892 964 1150 1157 1234 1324 1336 1516 1603 1762 1913
1705 31 236 356 552 583 771 791 933 1060 1221 1351 1410 1620 1697 1897
1897 160 187 236 433 489 508 544 552 688 747 892 1224 1620 1649 1697 1902
1901 80 383 404 757 792 1833 1889 1991
1 23 442 559 922 1026 1571 1863
23 559 1026 1571 1993
442 559 847 1026 1179 1474 1577 1946 1993
559 380 417 437 568 767 922 1863 1890 1993
922 167 568 695 1108 1560 1571 1890 1937
1026 872 1863 1993
1571 250 437 872 1108 1560 1946
1863 173 770 847 1055 1164 1168 1704 1946
2 72 86 144 295 710 765 947 970 1122 1662 1861
72 225 268 414 1212 1403 1483 1662 1707 1838 1846 1861 1884 1980
86 1483 1506 1513 1518 1861 1980
144 422 430 433 996 1261 1478 1506 1662
295 420 455 612 1236 1483 1506 1518 1622 1635 1749
710 214 761 765 884 996 1021 1122 1251 1476 1594 1846 1911
765 228 414 1212 1478
947 582 830 1865
970 433 467 729 747 962 1023 1232 1308 1355 1859 1884 1911 1979
1122 21 129 214 747 1021 1251 1403 1846
1662 44 134 225 433 1236 1355 1980
1861 225 226 267 433 455 468 1261 1319 1518 1594 1980
3 319 344 426 529 585 723 760 1210 1253 1449 1621 1981
319 79 119 307 321 412 819 1043 1147 1415 1449 1595 1834
344 89 96 208 321 421 457 819 958 1415 1593 1746 1958
426 81 520 547 571 578 733 866 958 1253 1621 1788
529 157 321 585 723 733 850 995 1253 1286 1449 1621 1981
585 37 49 81 157 208 547 571 780 866 995 1043 1228 1235 1253 1728 1746 1840
723 10 157 421 850 1228 1253 1282 1286 1449 1728 1741 1981
760 135 337 421 578 759 1210 1592 1698 1728 1741 1788 1804
1210 157 337 759 850 995 1063 1228 1282 1286 1449 1592 1621 1713 1728 1741 1793 1840
1253 37 49 81 157 254 387 520 789 819 850 866 995 1099 1713 1728
1449 95 157 307 571 591 759 850 1286 1415 1595 1728 1741 1834 1981
1621 10 157 412 421 850 995 1282 1524 1728 1741
1981 10 37 49 84 307 421 457 520 954 1035 1228 1459 1601 1670 1728 1746
4 142 146 1204 1441 1634
142 69 146 253 473 656 801 1608 1953
146 199 253 491 1195 1201 1204 1441 1602 1953
1204 189 253 429 777 861 1201 1344 1634 1953 1976
1441 75 83 429 610 618 777 1428 1490 1581 1634 1692 1885
1634 169 326 477 543 861 1061 1374 1463 1544 1555 1852
11 138 172 332 397 466 726 829 929 938 1065 1259 1281 1509 1618 1632 1679 1813
27 101 198 235 738 754 851 1047 1419 1541 1609 1647 1782 1833 1889 1999
31 183 236 657 804 985 1216 1706 1833 1990
106 139 329 684 827 871 933 944 1224 1234 1310 1603 1760
757 236 356 756 817 911 961 1090 1109 1497 1504 1591 1738 1902
879 688 792 852 964 985 1148 1416 1419 1499 1516 1609 1807 1889
1060 32 123 158 284 411 792 826 985 1410 1497 1738 1797
1504 21 77 297 385 533 658 707 713 756 860 909 930 1119 1285 1472 1591 1782 1984 1991 1999
1647 77 198 235 392 569 926 945 1097 1342 1497 1609 1646 1964
1973 77 155 183 258 288 460 542 738 852 1150 1336 1345 1383 1499 1697 1721 1774 1892 1926 1961 1990
6 257 302 333 499 814 1220 1271 1546 1868 1927
257 413 439 666 790 936 1085 1133 1268 1526 1624 1927
302 153 184 331 355 413 499 622 644 751 774 1114 1117 1133 1266 1423 1575 1578 1730 1847 1867 1927
333 118 448 666 1019 1133 1244 1343 1546 1585 1944
499 56 184 352 507 644 666 790 1220 1226 1624
814 354 774 1037 1076 1266 1271 1313 1565
1220 336 342 487 507 637 651 751 772 1106 1243 1268 1273 1313 1401 1530 1803
1271 68 118 355 666 705 1076 1098 1266 1546 1565 1689
1546 330 694 936 991 1019 1076 1268 1343 1423 1614 1906 1965
1868 53 184 272 336 413 590 622 637 774 940 1106 1226 1268 1377 1391 1423 1624 1686 1818
1927 448 992 1076 1085 1191 1575 1614 1737 1965
7 8 19 527 530 647 671 746 796 1121 1209 1242 1417 1733 1849 1875
8 252 269 386 648 939 981 1422 1533 1626 1661 1864 1916
19 33 196 201 290 300 527 1121 1154 1626 1857
527 57 269 364 365 379 528 1130 1387 1393 1448 1710 1766 1864 1916
530 150 728 787 798 1178 1209 1242 1252 1314 1323 1452 1809 1849 1875 1888 1903
647 161 434 513 916 989 1219 1548 1605 1814 1983
671 317 459 513 565 728 798 838 893 1121 1393 1417 1448 1452 1548 1916
746 33 509 620 628 800 1010 1078 1656 1733
796 163 201 608 678 1153 1294 1315 1358 1379 1448 1527 1567 1695 1875
1121 185 290 393 528 599 728 821 838 1080 1448 1533 1626 1809 1849 1864 1916 1925
1209 496 528 728 1007 1178 1219 1242 1311 1323 1393 1451 1452 1597 1849 1881 1903
1242 126 528 608 655 678 798 885 893 939 1178 1181 1294 1311 1393 1417 1452 1849 1888
1417 33 185 620 728 1178 1323 1393 1422 1448 1612 1739 1766 1875 1888
1733 66 196 201 620 655 787 885 1208 1655 1875
1849 642 728 1452 1710 1888 1903 1988
1875 252 386 565 724 798 885 893 1178 1294 1323 1452 1597 1739 1903
252 92 369 393 447 488 1178 1292 1387 1421 1422 1445 1787 1975
269 57 185 369 379 402 488 655 1257 1360 1470 1626 1870 1916 1975
386 54 60 196 243 364 369 402 488 655 838 1007 1178 1360 1598 1739 1864
648 43 92 394 605 610 744 838 853 864 935 981 1288 1290 1421 1443 1801 1835 1942
939 243 365 402 563 798 838 1022 1031 1167 1292 1382 1422 1447 1739 1787 1864 1870 1975
981 54 57 369 393 528 891 960 1154 1257 1349 1674 1766
1422 196 243 528 798 1007 1024 1265 1292 1387 1470 1498 1534 1710 1739
1533 24 201 300 431 604 655 662 724 821 956 1153 1294 1358 1399 1519 1888 1910
1626 57 185 379 528 605 621 1024 1031 1187 1360 1470 1916
1661 54 94 159 440 621 1024 1031 1126 1296 1411 1457 1611 1784 1790 1857 1885 1925
1864 488 605 969 1290 1292 1498
1916 66 309 364 443 470 488 528 605 1007 1154 1888
9 420 582 855 1071 1182 1190 1304 1319 1511 1514 1635 1676 1812
420 44 129 403 612 674 702 721 863 918 1418 1511 1518 1635 1812 1895
582 71 612 810 863 1136 1189 1304 1426 1514 1676 1957
855 226 273 439 694 705 712 884 952 1136 1163 1202 1356 1454 1511 1580 1676
1071 62 256 612 918 952 1189 1202 1273 1304 1356 1676 1957
1182 348 433 663 674 918 1136 1304 1514 1622 1765 1812 1895 1957
1190 56 226 830 952 1202 1273 1362 1423 1454 1579 1580 1792 1995
1304 50 810 1229 1319 1356 1426 1514 1957
1319 674 721 863 918 1426 1812
1511 455 468 674 810 1418 1481 1580 1610 1812
1514 468 612 810 863 1136 1440 1586 1957
1635 44 267 612 674 702 1236 1418 1476 1506
1676 153 503 884 1136 1189 1193 1260 1356 1579 1682 1701 1765 1856 1906
1812 663 702 810 830 1506 1865 1957
10 96 119 412 501 1043 1128 1235 1282 1668 1728 1741 1834
96 254 347 421 474 501 748 780 1035 1397 1415 1670 1746 1834
119 95 254 337 1043 1063 1079 1118 1235 1405 1966
412 307 321 337 457 743 873 1415 1746
501 307 347 362 629 780 850 1128 1235 1282 1301 1593 1698 1966
1043 995 1035 1282 1415 1746 1804 1829 1834
1128 421 560 716 780 819 866 1035 1415 1593 1663 1728 1970
1235 120 182 307 536 780 1063 1256 1593
1282 84 205 536 715 978 1370 1415 1670 1834
1668 73 79 177 532 715 854 1278 1280 1367 1371 1389 1405 1623 1638 1714 1795 1828 1845
1728 254 377 547 551 733 850 866 1063 1228 1286 1459 1654 1741
1741 37 494 786 850 866 995 1104 1228
1834 665 850 1063 1415 1491 1793
138 172 176 213 221 370 691 829 867 1003 1207 1281 1486 1590 1778
172 176 332 376 391 897 1003 1145 1250 1450 1486 1492 1778 1934
332 370 472 867 897 950 951 1003 1281 1618 1934
397 230 304 370 372 466 483 625 763 807 874 897 1191 1335 1636 1779 1851
466 104 316 383 707 1144 1450 1486 1492 1559 1632 1813 1847 1904
726 63 338 550 829 897 1263 1277 1316 1486 1559 1904
829 40 338 691 811 897 1158 1486 1509 1549 1590 1778 1824 1934
929 103 140 338 454 699 811 909 926 1029 1263 1500 1743 1824
938 40 241 249 416 625 763 976 1165 1191 1259 1317 1813 1851 1899
1065 63 70 176 221 308 550 909 1341 1375 1450 1494 1590 1632 1813
1259 68 230 276 301 370 416 550 625 976 1680 1778 1813 1899 1915 1992
1281 209 340 361 388 691 867 950 976 1145 1277 1778 1873 1934 1951
1509 176 249 376 388 523 550 679 950 976 1337 1486 1778 1934
1618 67 276 301 376 413 435 1149 1337 1508 1526 1779 1851
1632 40 63 152 176 316 338 550 745 785 1375 1450 1486 1590 1666 1824 1958 1992
1679 141 383 1403 1462 1609 1984
1813 249 416 555 1250 1736 1778 1915
12 148 340 515 689 701 1141 1207 1590 1729 1951
148 200 205 391 451 480 562 701 717 1407 1666 1769 1828
340 125 391 522 689 849 1158 1223 1246 1590 1596 1623 1757 1758
515 125 311 949 1306 1475 1752 1757 1820 1934 1985
689 260 391 562 701 1158 1545 1596 1666 1752 1795 1828 1874
701 73 398 550 812 1057 1151 1158 1306 1368 1407 1475 1545 1596 1729 1855
1141 166 192 517 586 812 877 963 1014 1223 1623 1627 1729 1742 1752 1874 1977
1207 241 436 679 811 897 951 1307 1337 1636 1736 1778 1824 1899
1590 40 176 316 370 538 550 717 785 897 950 951 1284 1486 1824
1729 67 391 692 1072 1149 1158 1180 1186 1289 1407 1934
1951 358 388 472 691 904 1057 1158 1277 1337 1934
13 193 207 345 389 596 665 722 1042 1079 1230 1370 1936
193 205 213 345 389 473 631 665 716 722 730 753 773 779 873 999 1016 1079 1087 1091 1425 1547 1564 1773 1945
207 182 389 522 556 611 815 925 999 1101 1177 1425 1671 1773 1882 1905
345 462 522 539 560 716 868 1079 1087 1564 1751 1772 1966
389 100 325 654 1042 1069 1321 1350 1359 1402
596 110 586 672 816 1069 1120 1245 1405 1638 1795 1936
665 446 473 753 1101 1177 1230 1359 1425
722 93 100 199 213 461 611 631 667 753 925 1079 1091 1425 1458 1604 1671 1810 1945
1042 100 556 828 868 1101 1350 1370 1402 1425 1754 1840 1945 1958
1079 93 100 462 473 1081 1223 1359 1425 1945
1230 76 446 567 611 654 758 815 907 1016 1029 1359 1425 1751 1936
1370 95 205 366 461 522 532 560 846 850 984 1192 1262 1350 1810 1958 1966
1936 110 182 203 205 672 856 1006 1069 1118 1262 1321 1367 1564 1742 1905
14 36 291 784 1102 1112 1172 1353 1354 1453 1482 1543 1791 1941
36 315 343 348 485 783 1028 1074 1112 1453 1482 1658 1776 1931 1979
291 227 261 303 423 1179 1312 1353 1392 1436 1776 1941
784 568 645 1017 1102 1164 1172 1436 1465 1536 1539
1102 250 380 417 430 645 681 767 1051 1172 1465 1629 1843 1866
1112 303 770 820 1312 1386 1543 1691 1866 1917
1172 250 417 645 767 1017 1227 1353 1392 1465 1536 1539 1560 1937 1952
1353 227 1436 1629 1734 1776 1917
1354 214 485 834 875 1127 1355 1485 1649 1838 1898 1931
1453 303 343 709 1474 1482 1776 1838 1917
1482 227 810 831 944 1212 1328 1478 1540 1683 1707 1941
1543 227 261 303 417 423 841 1021 1312 1658 1691 1776 1883 1917
1791 250 770 1055 1168 1227 1539 1883
1941 261 343 414 544 841 1123 1312 1364 1478 1658 1776 1917 1955
15 76 127 132 444 815 1012 1203 1272 1608 1617 1700 1836 1837 1971 1997
76 399 471 631 635 730 752 779 987 1131 1671 1769 1785 1817
127 103 223 611 734 803 965 975 987 1341 1556 1651 1827
132 63 104 308 454 493 608 965 1047 1438 1493 1549 1816 1923
444 99 185 196 285 636 769 818 960 1154 1161 1300 1510 1656 1674 1932
815 296 635 752 758 779 931 1081 1177 1790 1798 1882 1997
1012 30 223 388 510 730 734 1359 1549 1608 1617 1921 1997
1203 102 216 259 277 308 493 526 836 888 1493 1497 1556 1697 1910
1272 30 102 569 734 888 1305 1493 1608 1616 1785 1817 1827 1923 1999
1608 191 251 381 493 803 888 909 931 949 965 1341 1455 1556 1617 1785 1997
1617 30 223 381 888 905 975 1153 1785 1971
1700 170 734 800 888 965 1264 1510 1805 1971
1836 63 388 454 526 734 909 1334 1341 1388 1438 1769
1837 30 493 540 813 945 975 1293 1305 1342 1493 1556 1674 1694 1971
1971 30 289 493 561 971 1161 1208 1264 1381 1431 1493 1517 1805 1997
1997 102 374 381 611 762 836 1101 1208 1321 1458 1972
16 246 447 597 881 1237 1468 1502 1653 1767
246 20 29 131 624 906 969 1160 1222 1398 1607 1775
447 313 795 900 1248 1265 1283 1502 1712 1718 1767 1876
597 317 589 853 1288 1584 1963
881 204 469 1166 1200 1327 1339 1569 1643 1716 1767
1237 109 274 305 626 638 793 898 1948
1468 274 313 441 563 639 969 1022 1080 1292 1445 1470 1681 1712 1767 1975
1502 243 274 313 369 441 565 624 728 900 1080 1398 1767 1775 1930
1653 92 109 274 280 317 441 456 605 638 1373 1447 1801
1767 188 204 313 469 724 795 858 1013 1022 1222 1396 1523 1572 1598 1607
17 233 443 565 609 678 741 1007 1011 1183 1248 1265 1382 1681 1881 1888 1978
233 188 279 498 511 513 609 624 642 678 741 1044 1178 1183 1196 1452 1527 1597 1605 1826 1903 1978
443 82 470 606 620 649 678 953 1183 1238 1252 1287 1349 1527 1605 1894 1978
565 204 373 741 906 1265 1283 1382 1447 1527 1534 1975
609 496 504 678 880 1092 1183 1248 1314 1535 1667 1876 1881
678 496 608 880 1093 1248 1527 1667 1876 1881
741 64 188 546 724 1093 1219 1314 1323 1382 1527 1978
1007 313 379 798 1178 1382 1597
1011 224 564 676 795 808 858 1146 1196 1198 1451 1523 1640 1643 1645 1667 1712 1718 1786
1183 608 642 1039 1358 1527 1605 1893
1248 188 313 496 546 880 906 1044 1092 1178 1198 1640 1643 1718 1881
1265 188 313 624 906 969 1178 1534 1582 1718 1814 1978
1382 29 274 313 798 838 1022 1080 1283 1314 1534
1681 274 305 1569 1572 1948
1881 64 880 921 1044 1052 1198 1349 1452 1600 1630 1667 1876 1978
1888 64 599 608 642 728 893 1039 1597 1605 1710 1814 1893
1978 188 498 511 546 781 824 858 1044 1196 1349 1582 1600 1645 1988
18 61 112 720 957 1140 1372 1406 1434 1562 1800 1841 1853 1922
61 174 384 598 685 686 1275 1357 1395 1406 1434 1479 1563 1800 1815 1853 1922
112 497 557 720 1004 1140 1802 1839 1922
720 380 574 685 1004 1361 1853
957 35 87 202 211 314 419 525 698 896 933 968 1045 1088 1159 1188 1366 1924
1140 263 497 799 1045 1434 1562
1372 630 736 1231 1434 1562
1406 174 495 686 839 852 924 1068 1138 1357 1563 1613 1652 1961
1434 167 497 955 1291 1429 1456 1560 1745 1839 1922 1938
1562 263 497 630 736 1557 1659 1800
1800 384 799 1231 1291 1938
1841 35 229 314 315 458 549 581 593 827 928 1004 1366 1456 1512 1558 1625 1672 1683 1802
1853 557 577 607 630 685 1004 1291 1429 1760 1839 1922
1922 271 1357 1839 1938
33 54 60 185 379 393 488 655 891 1300 1387 1611 1766 1857
196 54 107 636 787 1153 1154 1294 1379 1381 1612 1655 1814 1886 1891
201 24 217 309 608 787 1153 1294 1300 1315 1381 1886
290 54 57 440 655 1360 1387 1655 1809
300 24 185 484 728 885 1300 1315 1567 1573 1605 1710 1809
1154 185 369 440 488 628 787 1024 1387 1510 1674 1766 1784 1857
1857 54 60 94 107 136 296 459 488 621 628 636 777 818 910
20 425 1013 1167 1197 1327 1477
425 312 351 626 793 1648 1712
1013 1048 1167 1197 1222 1299 1477 1641 1717
1167 373 1048 1156 1197 1329 1830
1197 97 708 768 974 1048 1050 1156 1398 1717 1844 1930
1327 97 974 979 1156 1200 1270 1569
1477 97 708 1048 1156 1299 1572 1717
21 130 186 266 363 403 467 468 555 573 700 703 714 834 884 1023 1119 1426 1846 1979
130 71 162 181 186 195 256 266 283 360 363 555 573 1119 1351 1915 1920 1994
186 401 432 555 972 993 1119 1285 1351 1432 1462 1472 1636 1736 1909
266 162 268 467 573 714 834 996 1320 1610 1909 1949
363 134 256 267 467 468 653 703 714 740 1175 1365 1636 1724 1749 1949
403 129 283 455 467 468 674 694 755 884 1403 1749
467 117 129 455 533 703 1260 1320 1476 1979
468 587 712 756 1075 1403 1481 1749
555 88 283 297 432 714 776 1023 1090 1351 1352 1570 1591 1902 1949 1994
573 45 98 162 256 464 700 834 961 1023 1251 1260 1320 1351 1476 1513 1610 1955
700 433 455 464 703 884 996 1260 1403 1476 1594
703 98 129 256 267 283 771 996 1119 1175 1513 1591 1979
714 98 256 268 464 541 834 1090 1175 1513 1806
834 643 962 1193 1232 1320 1355 1884 1955 1979 1984
884 44 98 541 702 1481 1483 1764
1023 533 541 603 729 747 933 962 1175 1232 1308 1414 1949 1955
1119 77 401 432 524 653 660 707 1260 1285 1365 1724 1854 1994
1426 863 1622
1846 464 697 1021 1506 1513 1911 1955
1979 91 98 214 268 297 776 996 1320 1403 1513 1884
22 90 220 240 287 323 359 482 731 764 848 997 1535
90 220 287 359 428 482 598 886 895 914 1025 1138 1231 1255 1566 1928
220 116 482 598 742 902 914 946 980 1138 1275 1420
240 174 384 675 686 839 1132 1218 1613
287 231 298 482 848 895 903 946 980 1528 1566 1576 1727 1842 1928 1959 1962
323 350 588 675 848 903 946 1038 1218 1247 1928 1962
359 231 327 889 946 1025 1275 1495 1659
482 298 327 675 764 837 946 1333 1395 1566 1912
731 38 231 255 292 298 732 886 1218 1390 1444 1495 1535 1553 1566 1808 1842 1959
764 298 687 1444 1535 1615 1727 1842 1962
848 504 588 742 886 895 903 911 1056 1553 1576 1677 1842
997 231 1395 1652 1759
1535 82 531 664 902 1132 1553 1630 1703 1727 1808 1842 1872 1928 1959
1993 384 423 872 1164 1890
24 99 126 150 248 270 566 885 1170 1238 1315 1519 1567
99 39 42 102 128 161 216 217 242 259 285 309 579 628 662 787 1161 1455 1616 1785 1972
126 64 108 346 434 513 546 642 649 878 916 989 1153 1238 1399 1710
150 108 513 608 649 1238 1315 1710
248 58 59 212 217 259 431 484 493 512 727 966 1322 1399 1573
270 484 836 1315 1400 1573 1665
566 161 289 309 346 434 608 662 727 787 821 894 956 1457
885 114 163 367 604 608 838 989 1153 1294 1311 1315 1457 1489 1519 1567 1710 1919
1170 66 69 75 83 107 275 478 509 600 704 1404 1466 1602 1684 1885 1925
1238 161 367 642 649 1153 1174 1181 1252 1399 1630 1710 1768 1900 1903 1996
1315 217 367 431 434 580 728 795 1379 1399 1409
1519 114 434 608 655 893 1153 1300 1379 1457 1886
1567 114 212 289 604 818 821 893 956 1323 1657 1710 1720 1805
25 339 477 753 828 1059 1095 1195 1496 1772 1852 1940
339 39 251 473 611 631 1882
477 357 845 1195 1439 1466 1602 1606 1860 1887
753 182 210 556 1036 1063 1177 1359 1425 1604
828 641 890 1059 1466 1496 1772 1940
1059 222 294 473 494 833 1105 1606 1631 1698 1772 1852 1940
1095 74 377 641 1027 1439 1595 1601 1715 1772 1810 1852
1195 253 326 377 616 890 1105 1428 1439 1496 1555 1639 1772 1773 1793 1810 1852
1496 203 210 245 925 1091 1177 1192 1369 1439 1606 1773 1810 1887 1945
1772 833 1096 1599 1852 1860 1940
1852 74 616 833 1698 1940
1940 206 567 1555
26 318 510 654 825 1016 1049 1439 1850
318 311 320 325 510 602 654 987 1049 1081 1225 1375 1450 1743 1752 1827 1850
510 46 311 320 449 550 949 987 1070 1743 1828
654 100 213 730 758 868 1016 1049 1081 1371 1389 1402 1742 1743 1769 1850
825 63 600 717 803 856 1029 1049 1246 1371 1651 1954
1016 93 213 1246 1651 1742 1752 1769 1850 1905
1049 325 517 923 949 965 987 1295 1371 1559 1583 1623 1742 1769 1943
1439 210 616 846 890 925 1006 1091 1105 1581 1587 1740 1887
1850 311 473 631 923 987 1070 1081 1651 1743 1985
101 77 198 235 353 385 688 754 851 913 945 1053 1309 1497 1646 1753 1782 1783 1807
198 77 392 410 688 713 756 926 930 945 1342 1782
235 77 308 659 688 754 927 1293 1432 1494 1497 1694 1753 1816
738 293 353 378 411 912 1103 1568 1644 1650 1697
754 158 259 378 518 552 659 1541 1637 1736 1910
851 258 277 293 353 378 411 512 552 662 727 804 813 930 975 1103 1541 1902
1047 77 123 158 258 852 921 982 1345 1499 1516 1650 1699 1711 1807
1419 236 583 791 1224 1469 1515
1541 58 183 293 353 378 518 813 1148 1609 1620 1699 1833 1919
1609 59 293 316 392 659 813 975 1549 1816 1910
1782 34 299 385 392 404 688 966 1109 1148 1497 1516 1919 1964
1833 356 658 804 892 913 1109 1148 1342 1410 1738 1753 1964 1991
1889 34 77 80 158 424 518 688 804 860 1148 1221 1738 1753
1999 77 212 258 293 392 658 659 860 1097 1293 1342 1487 1650 1694 1738 1823 1892
28 64 165 500 504 661 906 959 1146 1576 1600 1667 1821 1928 1962
64 264 279 511 606 1093 1146 1196 1349 1600 1640 1712 1968
165 281 496 613 824 1269 1396 1872
500 38 41 151 795 824 980 1044 1083 1196 1297 1703 1786
504 264 613 808 824 1038 1196 1269 1553 1872
661 350 613 664 980 1052 1093 1198 1269 1523 1576 1615 1872
906 29 131 546 838 900 1283 1534 1718 1975
959 264 279 470 781 808 979 1083 1196 1600 1768 1928 1988
1146 115 795 808 1083 1196 1267 1269 1523 1640 1667 1702 1988
1576 175 231 531 903 946 1001 1269 1550 1566 1615 1786 1808 1842 1912
1600 244 649 1044 1052 1093 1267 1531 1597
1667 498 676 837 1198 1527 1607 1718
1821 1092 1198 1640 1826
1928 82 174 255 531 880 1132 1247 1495 1727 1786 1815 1872
1962 41 82 531 880 1056 1132 1247 1255 1495 1553 1808 1815 1842 1959
29 373 475 563 838 880 969 1022 1080 1162 1283 1398 1648 1718 1975
373 243 639 795 900 969 1080 1222 1339 1718
475 131 204 281 496 1092 1093 1314 1451 1876
563 43 109 402 605 683 693 823 1296 1360 1373 1421 1445 1582 1584
838 655 1031 1527 1597 1612 1739
880 279 498 564 724 795 824 858 1052 1198 1523 1534 1607 1643 1876
969 313 393 900 1080 1283 1534
1022 109 131 639 1031 1283 1448 1470 1534 1598 1775
1080 305 639 900 1222 1339 1430
1162 131 243 274 305 351 1050 1447 1470 1584 1975
1283 900 1178 1200 1290 1534 1775
1398 204 313 1222 1339 1607 1930 1948
1648 97 793 1048
1718 313 496 498 594 900 1451 1527 1716
1975 163 441 599 1031 1393 1443 1470 1598 1775
30 170 216 493 930 975 1556 1805 1817 1921 1923
170 216 242 259 399 1341 1455 1532 1616 1882 1910
216 259 1431 1493 1532 1556
493 659 1342 1493 1549 1923
930 77 123 277 518 688 804 813 1148 1293 1309 1493 1568 1650 1919
975 59 70 191 293 381 659 888 1264 1322 1493 1556 1816 1910 1991
1556 238 308 399 602 888 965 966 967 1341 1493 1549 1823
1805 42 65 381 540 561 762 836 1161 1322 1455 1720
1817 102 449 888 905 1305 1816
1921 454 526 540 699 888 965 1334 1549 1827 1923
1923 104 259 308 659 1029 1493 1549
183 158 385 791 852 985 1109 1135 1150 1326 1345 1650 1669 1783 1807 1926
236 160 356 489 802 852 1139 1326 1515 1603 1697 1706 1806
657 356 404 1308
804 77 123 137 258 385 552 813 913 945 982 1148 1388 1497 1499 1650 1652 1694
985 258 284 356 385 792 852 1150 1410 1516 1669
1216 277 542 580 826 852 1892
1706 187 521 653 791 944 1074 1127 1308 1469 1515
1990 123 288 346 1340 1345 1348 1410 1517 1548 1637
32 791 1240 1326 1410 1697 1807 1926
791 155 460 508 911 964 1224 1345 1620 1669 1697 1762 1807
1240 80 392 404 771 1155 1221 1462 1620 1991
1326 187 583 964 1310 1499 1802
1410 158 356 688 1077 1150 1155 1274 1324 1540 1669 1984
1697 123 329 508 892 964 1224 1708 1926 1931
1807 80 158 258 356 385 404 514 852 953 1155 1274 1345 1497 1516 1637 1753
1926 329 404 460 792 1150 1155 1224 1274 1324 1348 1603 1669 1806 1961
54 57 621 636 777 1130 1611 1687 1766 1925
60 57 369 459 488 600 610 621 948 1010 1084 1130 1925
185 369 379 470 599 620 1393 1655 1766
379 470 488 528 1130 1257 1290 1292 1387 1612 1903
393 57 133 369 402 704 1187 1360 1447
488 57 94 369 402 655 1024 1153 1448 1687 1766 1784
655 528 620 1153 1311 1358 1387 1452 1605 1612
891 310 459 509 610 704 782 1084 1100 1130 1134 1171 1404 1411 1510 1611 1674 1885
1300 309 431 518 1358 1379 1657 1886
1387 159 317 440 683 1024 1358 1612 1766 1784
1611 136 440 670 782 1078 1084 1130 1213 1379 1411 1510 1656 1687 1766 1932
1766 836 912 1024 1084 1130 1784
34 77 304 356 817 913 1103 1487 1646 1694 1738 1816
77 258 404 803 1148 1221 1342 1694 1738 1964
304 140 660 713 788 1309 1680 1709 1991
356 160 552 964 1221 1274 1823
817 104 238 392 658 785 945 967 1144 1487 1500 1823 1854 1915
913 59 104 140 277 392 411 688 1148 1497 1568 1753 1756
1103 161 293 378 512 826 1457 1650
1487 299 338 392 424 707 717 927 1500 1588 1644 1779 1984
1646 299 316 926 927 1029 1214 1263 1375 1388 1680 1696 1816 1854 1904
1694 141 277 392 659 926 966 1214 1293 1720 1910 1964
1738 392 658 688 792 1148 1155 1345 1910 1964 1991
1816 308 338 518 659 699 756 967 1293 1696
35 211 419 537 549 685 698 827 1017 1088 1159 1366 1672 1843 1924
211 180 314 525 607 681 684 698 827 955 1159 1871 1998
419 160 229 262 492 537 1005 1139 1234 1366
537 143 202 593 607 684 933 1206 1625 1747 1913
549 180 219 262 497 525 593 681 698 928 1558 1625 1871 1878
685 799 1004 1291 1839
698 453 514 607 871 1366 1561 1613 1688
827 262 315 944 1603 1628 1708
1017 173 180 202 423 430 492 681 1055 1164 1436 1577
1088 55 492 615 799 871 1045 1275 1298 1416 1561 1659 1762 1924
1159 55 271 576 1233 1558 1688 1802 1913
1366 87 492 576 1188 1234 1561 1625 1802
1672 229 544 581 896 955 1747 1760 1878 1913
1843 78 173 180 232 645 681 783 820 1217 1364 1465 1512 1658 1937
1924 453 458 492 544 615 871 932 1045 1188 1224 1688 1878
315 593 842 928 944 1206 1998
343 219 348 423 820 1021 1364 1917
348 228 261 612 1328 1776 1980
485 329 544 842 875 1074 1123 1206 1251 1261 1364 1446 1540 1776 1898
783 645 1536 1540 1629 1937
1028 143 409 544 932 944 1021 1074 1127 1224 1364 1433 1726 1771 1878 1917
1074 228 414 697 932 1123 1261 1364 1386 1913
1658 250 417 770 1168 1364 1539 1629 1866 1907
1776 227 423 1051 1227 1538 1691 1734
1931 143 697 875 928 1127 1365 1476 1478 1859 1911
37 95 135 156 210 337 672 786 1099 1654 1698 1746 1788 1804
95 84 208 560 591 614 1063 1262 1389 1464 1966
135 157 377 396 547 558 571 572 578 591 806 1115 1228 1303 1654 1698 1804
156 194 572 1654
210 616 1091 1147 1464 1599 1698 1715 1735 1754 1773
337 520 571 1228 1592 1654
672 462 517 715 873 978 984 1035 1081 1120 1256 1262 1405 1905
786 81 254 377 591 592 850 866 995 1099 1491 1735
1099 81 194 551 571 572 578 733 1104 1286 1303 1592 1601 1619
1654 578 1096 1491 1781
1698 206 377 387 1115 1524 1735 1788 1793
1746 157 520 571 591 819 866 995 1670 1715 1788
1788 49 254 572 578 846 850 1595 1781
1804 377 578 619 994 1592
38 82 264 865 1255 1297 1554 1640 1786 1826
82 505 531 742 837 1132 1420 1495 1566 1727 1786 1819 1959
264 108 606 664 837 1181 1645 1826
865 298 588 613 837 1083 1553 1912
1255 737 1174 1287 1900
1297 279 498 511 795 1198 1349 1640 1826
1554 188 279 350 742 1052 1083 1198 1607 1645 1826
1640 108 244 279 513 546 858 1052 1092 1093 1198
1786 531 1001 1025 1132 1269 1615 1727 1842 1959
1826 224 408 824 1703
39 374 381 405 561 635 787 931 971 1400 1455 1657 1880 1972 1989
374 65 102 136 296 405 452 491 734 1126 1334 1400 1458 1932
381 103 526 556 635 758 773 1033 1223 1400 1785 1880 1935 1972
405 136 296 635 656 752 888 1152 1458 1953
561 114 289 491 600 762 769 773 818 836 1208 1381 1532 1798 1882 1972
635 734 752 773 1101 1455 1458 1769 1882
787 818 960 1379
931 65 102 223 251 399 473 758 773 1547 1583 1972
971 65 242 579 752 762 927 1161 1208 1305 1400 1517 1616 1798 1880
1400 65 251 285 734 752 1161 1201 1264 1455 1510 1532 1692 1972
1455 65 242 399 459 478 800 888 1264 1489 1532 1573 1880
1657 65 114 217 704 769 821 956 1695 1720 1932
1880 65 102 107 296 569 636 752 801 941 1152 1161 1213 1616 1656 1674
1972 251 296 704 730 779 960 1161 1208 1381 1489 1532 1785
1989 136 670 704 1078 1131 1510
40 70 338 418 538 550 785 951 1486 1758 1824
70 320 418 699 745 1250 1263 1450 1696 1811 1904
338 176 376 416 418 424 745 785 811 1388 1450 1486 1559 1736 1811 1827 1992
418 104 299 399 550 785 1375 1388 1450 1486 1811 1934
538 176 550 951 1003 1375 1486 1934
550 73 745 811 1375 1450 1992
785 48 176 526 745 949 1341 1375 1492 1552 1811
951 241 416 691 897 950 1003 1145 1934
1486 241 316 691 1824 1985
1758 230 435 436 523 625 679 1003 1307 1337 1799 1987
1824 388 416 679 811 1559 1811
41 408 1198 1396 1959
408 281 469 676 1396 1703 1876
1198 224 279 281 624 858 1052 1083 1092 1093 1196 1451 1703 1876
1396 115 224 496 795 858 1451 1523 1716
1959 231 531 732 742 895 1056 1132 1252 1420 1495
42 58 128 217 285 289 309 579 836 1489 1720 1932
58 65 212 309 411 727 1431 1517
128 65 217 579 704 800 836 1024 1130 1161 1305 1489 1517 1616
217 285 289 579 704 821 1381 1489 1695 1891
285 114 242 289 309 818 1161 1457 1489 1517 1891
289 309 346 579 727 800 818 956 966 1379 1457 1616 1720
309 65 114 259 579 662 1489
579 411 509 662 800 836 1489 1532 1891
836 191 242 662 762 800 888 1153 1161 1264 1616 1720 1919
1489 65 762 821 1161 1616 1695 1720
1720 293 662 821 1322 1891
1932 704 769 960 1126 1381 1510 1655 1656 1695
43 364 402 589 693 823 898 935 1024 1292 1380 1960
364 92 369 402 935 1024 1296 1448 1490 1522 1784 1870 1877
402 66 218 605 935 1187 1373 1380 1448 1784
589 394 853 935 1380 1442 1480
693 317 823 1290 1421 1522 1877 1942
823 92 280 441 605 1258 1288 1447 1584
898 52 131 305 1584 1918
935 274 1290 1430 1447 1963
1024 1612 1784 1870
1292 1447 1470
1380 601 835 1870 1877
1960 406 548 901 1094 1835 1848
44 433 612 674 702 721 863 1189 1418 1481
433 129 422 464 747 1212 1236 1328 1909
612 50 129 721 996 1418 1481 1506 1610
674 570 694 1440 1481 1586 1594 1744 1749
702 129 225 422 721 810 1236 1483 1895
721 541 863 1506 1586 1622
863 129 382 455 1749
1189 62 267 587 694 952 1136 1440 1481 1865
1418 71 129 1320 1518 1707
1481 162 570 810 876
45 267 268 521 533 653 962 1308 1513 1859 1911
267 129 147 214 334 455 464 875 1320
268 117 168 464 533 962 1355 1378 1911
521 256 1127 1355 1469 1898 1955
533 214 297 464 697 1232 1308 1469 1485 1859 1909 1911 1955
653 214 595 1127 1232 1308 1310 1351 1620 1902
962 464 489 1041 1355 1462 1476 1513 1884 1911
1308 508 729 747 1232 1310 1513 1649 1884 1902 1911 1955
1513 603 747 1261 1320 1476 1898
1859 98 117 124 214 414 747 1251 1261 1310 1884 1898
1911 603 747 1127 1260 1476 1884
46 325 454 517 540 602 631 1341 1371 1438 1651 1769 1820 1827
325 63 182 237 311 517 923 1087 1295 1438 1564 1623 1873 1943
454 238 526 717 856 899 927 1334 1375 1438 1904 1910 1934
517 125 237 519 816 1014 1120 1295 1389 1564 1604 1623 1873 1874 1977
540 277 762 1293 1305 1549 1616
602 223 730 773 965 1081 1334 1371 1583 1751 1785
631 446 471 611 667 779 907 1081 1651 1873
1341 449 526 899 909 926 1334 1438 1549 1954
1371 237 320 399 667 752 949 998 1427 1769
1438 63 308 392 449 899 909 927 945 1334
1651 102 779 888 907 1030 1081 1359
1769 93 192 471 907 1070 1289 1564 1935
1820 73 152 692 1245 1407 1427 1666 1757 1954
1827 63 699 899 965 1588 1910
47 116 292 407 732 953 1333 1340 1376 1383 1528 1630 1702 1912
116 175 292 732 843 1034 1390 1461 1467 1550 1677 1815 1961
292 244 335 634 737 742 778 886 921 1340 1376 1528 1702 1912
407 495 634 718 1132 1247 1336 1461 1528 1531 1702 1711 1815 1819 1871 1968
732 151 428 505 742 878 968 1287 1333 1376 1390 1550 1815 1912
953 335 634 690 778 1132 1252 1287 1409 1561 1815 1968
1333 175 574 598 718 878 886 1138 1218 1420 1548 1550 1815 1862 1912
1340 632 687 718 871 914 1157 1233 1702 1721 1727
1376 151 778 837 878 886 946 1287 1325 1390 1399 1409 1444 1528 1763 1819
1383 212 335 431 484 518 580 894 921 1219 1551 1637 1699 1983
1528 690 878 1009 1034 1135 1390 1550 1912 1961
1630 724 921 1083 1174 1287 1531 1664 1894 1900
1702 718 1409 1819 1961
1912 151 255 837 886 1009 1467 1550 1652 1819
48 372 740 874 993 1239 1309 1316 1337 1570 1731 1779 1789 1799 1818 1851 1947
372 435 788 874 1165 1176 1309 1316 1414 1508 1526 1709 1744 1778 1789 1832 1987
740 71 195 278 360 445 643 694 952 972 1073 1075 1363 1744 1851 1909
874 230 763 832 961 1335 1811 1851 1899 1947
993 134 181 195 283 401 432 776 972 1142 1724 1895
1239 154 361 745 908 1124 1241 1306 1780
1309 140 249 432 524 643 660 756 807 1073 1142 1144 1335 1347 1375 1644 1915
1316 241 276 483 705 707 1163 1176 1779 1789 1799 1831 1851
1337 679 857 1250 1277 1284 1307 1780
1570 162 278 483 623 705 1073 1075 1129 1142 1352 1363 1610 1660 1947
1731 164 247 328 358 375 535 640 908 1149 1173 1585 1944
1779 354 383 445 483 503 712 788 976 1002 1614 1660 1832 1915 1920 1947
1789 68 668 705 1460 1508 1575 1831 1947
1799 226 230 413 435 483 503 668 832 1064 1085 1129 1636 1724 1818 1831 1851 1947
1818 247 276 1064 1098 1129 1133 1460 1526 1565 1575 1730 1770
1851 162 230 388 807 1085 1113 1508
1947 479 1636 1831 1832
49 81 551 592 995 1601
81 387 551 571 591 733
551 194 725 958 1520 1713
592 520 572 591 733 789 958 1520 1592 1719
995 89 254 494 850 873 1063 1593
1601 387 733 833 958 1592 1713 1840
50 273 463 1066 1114 1273 1384 1701 1765
273 121 197 382 413 463 554 660 876 1066 1176 1414 1682 1847
463 62 91 153 503 554 830 876 952 1624 1765 1906
1066 553 1254 1356 1484 1792
1114 590 652 1054 1362 1867
1273 940 1136 1384 1530 1765 1792
1384 331 1046 1202 1765 1792 1865
1701 91 382 652 952 1085 1111 1229 1454 1484 1580 1765 1847
1765 121 1614 1792 1967 1995
51 629 748 794 870 1638 1663 1678 1845
629 215 362 457 794 1118 1537 1663 1678 1714 1750 1974
748 362 490 1537 1574 1663 1678 1829 1845 1974
794 371 617 743 877 990 1185 1278 1397 1542 1574 1633 1855
870 371 480 539 677 743 873 1118 1367 1542 1855 1914 1974
1638 474 536 978 1035 1118 1405 1473 1678 1714 1829 1845
1663 192 362 490 1829 1974
1678 362 1118 1473 1537 1974
1845 480 490 536 673 819 1118 1280 1473 1537 1542 1750 1829
52 149 305 351 739 1443 1488 1584 1607 1918
149 1522 1877
305 131 274 456 683 708 1373 1775 1918
351 131 456 1488 1918 1930
739 109 638 869 1373
1443 109 626 638 869
1488 109 131 274 793 1050 1222 1299 1584 1918
1584 109 793 1031 1288 1373 1421
1607 281 313 469 624 808 1200 1267 1332 1582 1717 1930
1918 456 683 798
53 336 342 487 553 622 809 1046 1391 1413 1530 1579
336 111 342 622 637 809 988 1226 1268 1501 1530 1686 1967
342 352 633 774 809 991 1008 1037 1040 1046 1686
487 111 438 633 1040 1046 1501 1689
553 286 352 1054 1106 1362 1377 1413
622 352 633 809 1032 1169 1243 1362 1377 1501 1825
809 438 633 637 651 991 1313 1423 1906
1046 111 118 352 633 1110 1243 1268 1412 1530 1578 1803
1391 153 184 352 413 439 644 830 919 940 1106 1484 1624 1825
1413 56 184 190 286 584 590 919 1106 1110 1165 1362 1755
1530 184 644 772 1032 1037 1313 1686 1967
1579 68 331 940 1229 1730 1906 1950
57 159 1031 1134 1296 1445 1498 1510 1529
621 94 406 440 478 670 762 1428 1777 1784
636 296 440 670 704 1078 1130 1379 1411 1442 1655 1656 1674 1925
777 133 189 253 429 452 481 491 861 925 1000 1105 1171 1344 1428 1544
1130 1010 1084 1126 1404 1411 1674
1687 159 253 429 670 948 1084 1777
1925 107 478 600 782 1084 1404 1411 1529 1675 1784 1787 1870
55 174 574 896 1034 1659 1794 1878
174 686 914 924 1045 1231 1247 1291 1563
574 495 505 577 632 686 914 1045 1467 1561
896 486 502 607 1298 1361 1659 1688
1034 495 634 687 718 914 1330 1461 1467 1659 1721 1871
1659 87 384 486 542 1188 1291 1298 1420 1461 1688 1748 1794 1862
1794 632 687 871 1298 1461 1467 1603 1802 1871
1878 87 453 502 632 771 1139 1274 1298 1348 1416 1603 1762
56 153 276 331 439 652 696 774 876 943 1508 1624 1847
153 68 197 265 349 696 1229 1423 1460 1484 1614 1730 1906
276 682 936 937 1133 1226 1614 1770 1950
331 265 349 413 439 666 774 919 940 1085 1484 1950
439 712 774 940 943 1085 1202 1730 1867 1906
652 68 349 503 590 876 943 1058 1117 1176 1508 1730 1847 1965
696 121 197 755 876 943 1064 1163 1176 1229 1254 1730
774 349 919 943 1076 1117 1624 1847
876 62 197 230 943 1117 1254 1586 1730
943 68 644 666 1058 1085 1352 1460 1730 1847
1508 413 479 623 625 832 1058 1526 1682 1899 1950 1965
1624 352 413 644 919 1058 1085 1117 1460 1847
1847 349 382 790 1058 1076 1085 1614 1730 1950
159 66 369 883 948 1498 1870
1031 605 1257 1903
1134 133 601 883 1296 1522 1835 1848 1885
1296 92 440 601 948 1411 1801 1835 1870 1942 1976
1445 66 92 369 605 683 883 1360 1498
1498 1187 1870
1510 473 704 769 960 1152 1381 1411
1529 94 390 394 481 543 548 782 835 986 1094 1194 1344 1471 1480 1544 1555
65 114 769 797 1208 1305 1381 1457 1532
212 123 242 293 411 512 894
411 191 293 346 353 378 512 518 669 1053 1322 1568 1650
727 59 512 662 977 1214 1305 1616
1431 114 431 600 662 966 1264 1322 1458 1493 1583
1517 242 662 912 1264 1305 1785
59 161 259 378 512 526 912 956 1588
161 114 293 484 766 977 1399 1548 1665 1699 1783 1996
259 512 912 966 977 1322 1497
378 353 894 1053 1135 1919
512 191 293 813 894 912 966 982 1135 1342 1568 1637
526 659 699 1904
912 191 960 966 1305 1573 1910
956 114 662 669 1153 1358 1612 1886
1588 299 569 658 967 1500 1680 1904
369 66 92 528 1870 1886
459 94 107 310 473 797 800 1010 1194 1201 1885
600 69 275 429 801 840 941 1078 1784
610 94 509 543 948 1094 1442 1777 1976
948 94 133 251 310 835 1187 1790 1835 1976
1010 107 478 509 628 840 1084 1381 1411 1870
1084 69 189 357 440 670 1078 1094 1411 1885
384 502 799 839 1025 1045 1291 1357 1563
598 718 914 946 1068 1613 1677 1808
686 675 1004 1068 1231 1279 1361 1429 1563 1759 1862
1275 428 675 1231 1361 1479 1557 1956
1357 298 924 1231 1325 1395 1479 1557
1395 839 1479 1557
1479 516 1336 1613 1759
1563 557 1231 1557 1625 1759
1815 255 327 505 675 886 1390 1566 1819 1961
62 570 587 623 694 761 1254 1276 1352 1363 1660
570 360 455 694 712 761 918 952 1276 1356
587 71 121 147 278 283 334 445 455 503 595 623 694 761 1111 1193 1352 1414 1749 1764
623 134 265 278 360 455 761 862 1111 1254 1276 1352 1363 1440 1610 1749 1764 1950
694 121 134 162 712 859 918 952 1002 1356 1414 1749
761 71 134 360 382 554 705 1136 1254 1586 1682 1949
1254 71 121 265 349 360 554 712 952 1191 1276 1414 1586 1682 1744
1276 197 349 830 952 1136 1202 1352 1356 1440 1920 1995
1352 91 134 265 278 360 445 524 705 862 1002 1075 1175 1193 1363 1586 1660 1744 1957
1363 71 88 278 1089 1193 1414 1424 1730 1764
1660 181 241 524 680 705 859 1075 1432
63 73 449 803 899 905 1334 1743
73 79 388 812 963 1427 1596
449 192 965 1334 1743
803 223 388 730 899 1029 1334 1743
899 103 699 856 907 1225 1263 1904
905 103 223 734 1785 1873 1935
1334 223 856 967 1030 1081
1743 192 237 320 856 907 1030 1225 1280 1494 1583
279 498 511 824 1044 1093 1349 1814
511 606 649 724 1219 1527 1597 1900 1988
606 108 724 1597 1988
1093 244 470 690
1196 281 496 858 1044 1269 1893
1349 431 470 546 724 1323 1710 1893 1988
1712 204 900 1050 1092
1968 155 580 826 920 921 982 1157 1497 1548 1797
114 818 1886 1953
769 628 662 704 960 1161 1305 1381 1532 1674 1695
797 69 310 478 656 853 1344 1404 1616 1671
1208 102 296 730 888 1161 1305 1695
1305 800 1101 1616
1381 107 628 670 1126 1264 1452 1656
1457 242 642 1665 1886 1891
1532 107 628
66 163 365 620 1257 1674 1870
163 642 766 893 1219 1294 1605
365 599 1421 1787
620 440 642 728 893 1655 1739 1886
1257 883 1178
1674 628 818 960 1078 1126 1411 1655
1870 1695
67 164 230 301 416 435 679 908 915 1241 1552 1690 1944
164 535 575 1437 1725
230 479 857 976 1064 1144 1165 1191 1277
301 435 1058 1145 1165 1199 1226 1277 1575 1770 1778 1899 1987
416 98 104 241 370 625 691 949 976 1191 1250 1284 1462 1899
435 171 247 1057 1149 1165 1176 1318
679 376 857 904 1003 1057 1145 1250 1307 1778
908 171 247 361 436 691 1113 1191 1552 1690 1737
915 247 328 375 575 1107 1173 1585 1780
1241 171 398 1149 1173 1552 1690 1737 1761
1552 154 668 1149 1987
1690 260 330 523 692 857 1223
1944 1072 1098 1173 1737 1761 1939
68 91 349 382 554 705 1058 1250 1526 1614 1730 1906
91 197 226 265 360 554 705 712 807 830 1163 1682 1764
349 71 554 830 1136 1163 1229 1414 1614 1730 1749
382 247 503 554 637 646 1089 1229 1377 1614 1831 1906
554 121 265 830 1163 1440 1454 1484 1622 1920
705 195 483 503 680 859 1414
1058 355 668 1064 1106 1117 1460 1730 1792
1250 691 1098 1191 1277 1736
1526 118 668 751 832 992 1064 1614 1831 1832 1950
1614 352 668 691 832 1064 1129 1176 1460 1770
1730 226 272 413 646 682 940 1076 1098 1117 1229 1484 1906
1906 197 272 646 1089 1202 1229 1580
69 910 1201 1213 1798
910 136 491 801 840 941 1036 1078 1152 1201 1205 1547 1581 1953
1201 189 415 801 805 1458 1464 1471 1751
1213 136 179 296 656 779 1061 1078 1404 1463 1581 1684 1790
1798 253 473 670 888 941 1953
320 856 923 1785
699 299 688 965 1029
745 166 811 963 965 1029 1097 1263 1375 1450 1559 1709
1263 237 376 717 867 1375
1450 811 1145 1492 1811 1904
1696 104 299 926 927 967 1097 1165 1342 1388 1559 1644 1736 1811 1823 1904
1811 221 316 424 1057 1375
1904 308 410 569 788 1293 1549 1559 1823
71 334 360 643 660 712 755 1041 1586 1749 1764
334 129 147 256 360 712 918 1075 1193 1414 1749 1764 1920
360 712 755 1424 1744 1749 1764
643 134 147 195 595 660 859 862 1002 1041 1749 1920
660 140 162 181 401 763 788 807 972 1347 1388 1915
712 129 147 256 952 1073 1424 1440
755 88 134 195 1193 1414 1586 1764
1041 283 541 603 1320 1610 1749 1909
1586 226 680 1136 1580 1682 1920
1749 134 162 283 810 1111 1764 1909
1764 134 147 541 972 1111 1136 1285 1414 1424 1744
225 228 303 1594
414 228 464 603 709 1251 1261 1478 1594
1212 228 663 1251 1478
1403 98 697 952 1236 1476
1483 697 820 1518 1980
1707 227 228 802 1328
1838 168 709 1478
1884 187 464 697 1261
1980 422 1261 1478 1518 1594
79 125 177 192 586 812 854 1120 1289 1389 1407 1714 1751 1958
388 152 398 523 1145 1280 1494 1778 1985
812 177 192 311 923 963 1070 1223 1245 1280 1367 1542 1623 1874
963 125 311 376 849 949 1223 1245 1295 1389 1407 1427 1795
1427 125 213 717 1030 1627
1596 105 125 152 376 562 750 1070 1158 1223 1289 1407 1545 1666 1958
74 206 1435 1685 1735
206 476 641 833 1599 1606 1735 1879 1887
1435 294 1027 1525 1735
1685 476 641 1115 1524 1735
1735 294 567 1063 1096 1524 1793
75 429 618 805 861 934 1061 1067 1466 1507 1555 1740
429 107 133 189 357 481 491 656 1094 1428 1544 1555 1675 1777 1885
618 169 179 406 548 805 845 1015 1067 1171 1215 1490 1642 1740 1986
805 169 178 326 395 465 543 548 845 1015 1171 1344 1490 1555 1801 1933 1986
861 744 833 934 942 1374 1490 1507 1740
934 169 199 326 357 942 1067 1344 1490 1673 1781
1061 169 189 395 465 1067 1428 1555 1796 1986
1067 942 1100 1171 1466 1684 1740 1860 1986
1466 83 656 890 1027 1205 1507 1555 1631 1887
1507 83 169 326 942 1015 1374 1525 1544 1673 1740 1796
1555 357 1684 1740 1986
1740 83 357 415 833 986 1673 1684 1986
399 213 223 258 730 758 888 1030 1785 1935
471 93 102 560 758 925 1583 1945
730 251 734 758 856 1359 1549 1935
752 136 251 296 758 773 1033 1131 1177 1458 1773 1882
779 234 251 275 734 1033 1036 1458 1583 1604 1671
987 221 611 673 1030 1070 1752
1131 136 452 656 801 999 1152 1547 1671
1671 93 234 611 773 941 1101 1152 1547
1785 103 223 251 659 773 1081 1359 1935
258 518 1135 1155 1516 1650
404 80 552 569 1155 1221 1274 1285
1148 141 158 385 688 1053 1097 1293 1497 1650 1753 1964
1221 80 518 792 1135 1155 1345 1650
1342 191 353 688
1964 353 688 1432 1753
78 232 417 767 1261 1436 1446
232 124 544 681 932 1082 1386 1446 1536 1538 1577 1691 1723 1760
417 645 841 1227 1436 1465 1577 1858 1866 1883
767 250 568 695 1392 1436 1465 1747 1890 1937
1261 168 228 697 1251 1518
1436 458 681 1168 1328 1465 1536
1446 314 430 581 842 932 1055 1364 1386 1629 1723 1747 1771 1858
125 311 562 1070 1295 1627 1752 1795 1869 1985
177 192 311 519 1014 1246 1278 1280 1295 1564 1623 1795
192 311 519 949 1014 1120 1246 1295 1389 1564 1752 1958 1977 1985
586 85 203 205 490 532 925 984 1120 1405 1564 1593
854 110 532 816 1014 1069 1246 1389 1564 1795 1905 1958
1120 519 816 1069 1246 1280 1389 1564 1627 1742 1905
1289 166 692 750 1137 1278 1295 1795 1977
1389 110 532 816 954 978 1246 1331 1405 1473 1564 1627
1407 362 391 398 523 750 1137 1158 1223 1545 1742
1714 462 1118 1301 1397 1473 1750 1829
1751 611 941 1096 1101 1211 1458 1547 1581 1604 1692 1810
1958 203 473 816 998 1014 1069 1280 1405 1564
80 392 552 756 1155 1620 1991
392 945 967
552 792 1155 1516 1806 1919
756 713 1285 1497 1620 1992
1155 385 688 792 1902
1620 1274 1711
1991 141 383 569 713 945 1347 1644 1984
387 520 571 591 958 1147 1286 1592 1713
571 84 421 866
591 520 578 789 806 1619 1692 1713
733 307 866 1670
505 737 886 1247 1269 1420 1495 1664
531 298 502 903 1038 1132 1138 1444 1495 1808 1842
742 175 255 298 516 594 690 886 902 946 1218 1247 1287 1390 1495 1550 1566 1819 1842 1961
837 1052 1181 1267 1703 1872
1132 980 1269 1287 1495 1553
1420 175 231 255 719 878 886 895 1218 1336 1495 1550 1677 1894
1495 255 298 327 690 737 886 980 1056 1247 1336 1444 1550
1566 327 687 826 895 946 1247 1664 1727
1727 878 889 946 1444 1550 1553 1842
1819 255 718 826 839 878 889 946 1218 1444 1461 1467 1550 1652 1961
83 189 357 491 845 1192 1463 1471 1673 1684
189 275 452 481 509 656 942 1205 1344 1428 1471 1544 1581
357 415 845 1000 1171 1215 1490 1544 1602 1796
491 169 253 310 481 543 1374 1544 1953 1976
845 179 326 395 1171 1215 1490 1673 1684 1986
1192 122 245 522 556 1096 1369 1464 1587
1463 1408 1428 1860 1953
1471 94 169 310 1344 1976
1673 543 548 942 1100 1171 1205 1684 1986
1684 169 465 942 1015 1171 1215
84 254 366 567 1147 1459
254 157 194 377 494 846 866 1459 1595 1840 1887
366 110 462 539 560 716 759 775 984 1006 1211 1262 1350 1564 1754 1905 1966
567 203 494 994 1228 1459 1464 1491 1587 1639 1887
1147 89 614 716 846 850 1369 1459 1639 1719 1754
1459 89 182 846 1069 1228 1415 1491 1966
85 532 978 998 1118 1397 1750 1905
532 120 205 536 973 978 1750 1905
978 166 205 536 873 1280 1331 1473 1623 1750
998 89 182 203 205 213 816 873 1587
1118 362 450 480 536 617 780 1211 1405 1564 1829 1974
1397 203 873 1035 1331 1564 1750
1750 368 536 780 1262 1405 1633 1855
1905 110 205 368 954 1006 1014 1069 1087 1211 1246 1405 1564
1506 422 1518 1895
1518 88 228 1895
87 229 453 944 968 1005 1188 1324 1561 1802
229 180 219 271 607 1456 1558 1683 1760 1938
453 492 502 1561 1802
944 409 802 820 842 932 1123 1351 1378 1485 1512 1515 1649 1726 1806
968 139 262 458 492 542 928 1005 1188 1485 1896 1998
1005 139 160 262 502 525 593 802 933
1188 557 871 1324 1348 1386 1433 1561 1603 1688
1324 123 139 284 892 1077 1348 1515 1531
1561 607 1045 1361 1416 1461 1688 1762 1871
1802 139 615 871 933 1218 1348 1378 1485 1603 1625 1998
88 162 256 1111 1175 1320 1365 1432 1610
162 141 238 455 569 595 776 862 1462 1915
256 603 771 1090 1909 1949 1955
1111 134 147 278 383 1002 1440 1920
1175 98 278 297 776 1090 1232 1260 1591 1610
1320 98 297 541 1355 1414
1365 134 432 603 1424 1591 1915
1432 134 283 297 383 776 1724 1854 1949 1984
1610 129 141 283 729 862 1260 1680 1949 1994
89 673 759 1491 1781
673 347 536 677 743 1087 1280 1301 1367 1473 1537
759 222 725 1063 1228 1793 1966
1491 122 222 560 614 775 999 1063 1966
1781 377 558 578 882 1524 1525 1793
428 231 495 946 1138 1218 1862
886 175 690 718 895 1390 1615 1961
895 516 664 737 878 946 1218 1233 1748 1893
914 175 495 632 843 1025 1862 1961
1025 495 1325 1557 1613
1138 839 902 946 1009 1218
1231 799 924 1045 1068 1461 1613 1759
197 483 503 830 952 1075 1950
226 810 830 1202 1229 1580 1792 1920
265 445 503 595 1075 1089 1163 1559 1920 1950
807 140 141 181 432 680 776 1073 1144 1163 1636 1832
830 121 646 666 1229 1454 1792
1163 278 503 1089 1575 1682 1920
1682 483 503 1002 1064 1073 1744 1792
92 441 638 1360 1373
441 599 1339 1421 1470 1534 1787
638 109 869 1187 1288
1360 243 599
1373 280 1160 1522 1801
93 213 1081 1604 1873 1943 1945
213 100 182 611 999 1081 1246 1321 1873 1935 1943
1081 1549
1604 452 473 1033 1101 1152 1177 1458 1583
1873 110 758 1087 1627 1742 1752
1943 100 611 1006 1014 1321 1359 1405
1945 999 1152 1177 1692
94
208 321 850
560 203 462 539 614 715 873 1256 1262 1331 1966
614 122 873 984 1063 1096 1350 1464 1754 1966
1063 462 846 850 1096 1228
1262 120 182 203 205 716 868 954 984 999 1069 1321 1350 1966
1464 245 461 616 1018 1091 1096 1177 1408 1587 1810 1966
1966 122 203 462 522 641 715 1091 1211 1425 1587 1754
347 362 421 490 1035 1256 1593 1829
421 457 1286 1670 1840
474 536 780 1035 1829
780 1035 1256 1537 1593 1829
1035 457 490 1256 1331 1593
1415 307 715 775 1228
1670 321
97 1048 1156 1270 1641 1844
1048 204 708 793 1156 1270 1299 1641 1830
1156 312 768 1830 1844
1270 708 974 1050 1332 1339 1716 1717 1822 1830 1948
1641 313 1299 1717
1844 113
98 214 541 603 1260 1472
214 464 747 842 996 1021 1232 1236
541 129 401 455 697 1260 1355 1440
603 124 464 996 1232 1476 1594
1260 455 996 1251 1649
1472 141 283 972 1462
102 762
242 662 1322 1910
628 818 1655 1885
662 659 762 1505 1616 1774
1161 762 888 1616
1616 136 604 800 960 1935
100 925 1087 1321 1359
925 275 462 556 868 999 1014 1036 1091 1096 1101 1177 1408 1639 1773 1810
1087 110 203 205 462 716 954 984 1006 1069 1211 1402 1405 1564 1754
1321 234 539 1006 1211 1350 1369 1402 1754
1359 446 856 1152 1742
353 293 385 813 1568 1650 1910
385 158 191 518 1516 1756 1797
688 659 684 945 1753
945 658 788 1097 1497 1823
1053 137 158 277 580 766 977 982 1505 1573 1783 1919
1497 518 1568 1753 1910
1753 158 1109
1783 158 284 921 977 1409 1505 1551 1699
762 136 1264
103 734 888 1322 1935
734 1458
888 251 424 773 1549 1935
1322 966 1264 1493 1549
1935 223 773 1583
104 238 424 569 1992
238 140 316 424 432 788 1559 1644
424 249 299 658 927 1499
569 299 713 927 967 1285 1293 1559 1680
1992 788 856 926 1029 1492
105 330 990 1072 1158 1184 1545
330 241 857 1107 1151 1277 1368 1725
990 451 534 1186 1278 1593
1072 215 451 545 1151 1306
1158 152 221 562 1113 1284 1545 1666 1757 1874 1985
1184 535 973 1124 1302 1780
1545 221 398 849 1137 1317 1666 1757
139 262 892 1279 1469 1726
329 284 518 911 964 1150 1669
684 1139 1224 1232 1234 1603 1726 1956
871 492 514 542 583 1348 1461 1762
933 180 202 544 576 583 615 802 928 932 1433 1603 1628 1669 1708 1913 1956
1224 160 583 1123 1139 1234 1806
1234 187 284 508 842 875 1077 1139 1469 1515
1310 464 1232
1603 202 502 1348 1871 1956
1760 219 581 847 928 955 1164 1538 1558
107 136 840 1404 1885
136 296 782 1458 1583
840 234 478 670 801 1078 1408 1458 1544
1404 1581 1885
1885 275 509 670 1411 1544 1581 1986
108 724 1039 1052 1174 1252 1551 1814
724 470 613 1219 1893
1039 1174 1252 1814
1052 808 858 1083 1267 1808 1876
1174 649 1181 1311 1664 1665 1768 1894
1252 649 737 1219 1797 1814
1551 346 431 518 649 894 921 1505 1699 1996
1814 470 649 766 1323 1664 1893 1988
109 280 1522 1963
280 131 317 744 1522 1877
1522 145 317 683 1787 1877
1963 145 317 1877
110 816 873 954
816 205 368 1006 1295 1405 1564 1752 1795
873 120 205 490 954 1564 1587
954 122 522 1211 1350 1754
111 507 651 1008 1032 1243 1412 1803 1969
507 633 1037 1125 1169 1969
651 584 633 735 772 1008 1032 1412 1686
1008 354 438 735 1040 1343 1501
1032 735 1125 1143
1243 438 1040 1266 1268 1578 1755 1803
1412 438
1803 438 633 772 991 1143 1268 1825
1969 637 790 1076 1244 1501 1578 1689
497 263 458 630 1062 1082 1613
557 271 1938
1004 263 495 928 1279 1291 1456
1839 1429 1474 1938
113 1722 1830 1948
1722
1830 708 793 1200 1299 1717 1930
1948 1339 1775 1930
818 800 821 1311 1573 1656 1886 1891
1886 893 1153 1311 1379 1655
1953 275
115 281 627 824 979
281 627 795 979 1703
627 676 1166 1332 1582 1643 1716
824 224 564 1038 1044 1166 1451 1808
979 469 676 808
175 902 1218 1247 1390 1677
843 495 632 889 1233 1361 1628 1748 1862
1390 188 255 580 778 878 889 1416 1531 1550 1808
1461 495 1467 1557
1467 632 687 718 889 1157 1748
1550 878 1009 1628 1652 1961
1677 516 690 902 924 1181
1961 889 946 1009 1218 1409
117 697 875 1127 1251 1355 1364 1898
697 124 168 729 747 1127 1898
875 124 168 709 802 842 1021 1123 1355 1433 1649 1683 1806
1127 124 1021 1469 1649 1898
1251 228 508 663 1123 1540 1594
1355 747 996 1594 1898
1364 430 1123 1747 1771 1917
1898 160 729 1123 1515
118 413 936 992 1098 1133 1338 1377
413 354 355 637 832 1085 1129 1460 1950 1965
936 751 992 1133 1338 1343 1460 1965
992 666 1133 1343
1098 241 1575 1778 1831
1133 666 1117 1575
1338 358 650 1113 1503
1377 190 272 584 937 1313 1423
1405 120 205 1564
120 715 984 1754
715 203 368 462 556 984 1006 1091 1402 1564 1754
984 462 999 1006
1754 205 222 245 539 616 1096 1211
121 644 952 1356 1460 1580
644 184 1019 1076 1085
952 147 1089 1356 1440 1865 1920
1356 455 810 972 1136 1202 1414 1424 1920
1460 1117 1423 1575 1950
1580 503 646 1136 1202 1454 1995
122 205 245 461 775 846 868 1018 1096 1101 1152 1369
205 203 923 1006 1069 1564
245 556 1018 1096
461 473 556 1018 1350 1425 1587 1692
775 222 522 846 1018 1101 1595 1793
846 222 377 494 539 866 1228 1350 1595 1599 1793 1810
868 462 539 716 1018 1211
1018 326 494 522 556 616 716 1036 1091 1096 1211 1599
1096 494 522 616 743 1369 1639 1715 1773 1879 1887
1101 251 452 473 611 1177
1152 234 478 1458 1810
1369 222 556 866 999 1587 1639 1777
123 288 514 852 920 1336 1892
288 160 460 489 514 719 867 921 1637 1669 1708 1756
514 155 346 460 719 1797
852 158 293 860 977 1135 1345 1505
920 711 719 1150 1637 1774 1797 1983
1336 335 346 711 778 889 1409 1763
1892 293 460 484 719 921 1568 1721 1756
124 409 489 544 1386 1485 1538 1649
409 583 615 802 928 932 955 1726 1771 1956
489 160 187 771 964
544 202 799 1429 1747
1386 202 581 770 820 1577 1858
1485 202 615 802 841 1055 1206 1433 1726
1538 173 202 219 250 380 799 1055 1217 1465 1512 1577 1683 1723 1747 1771
1649 802 1416 1433
311 398 519 907 1223 1295
562 391 534 1086 1828
1070 907 923
1295 536 923 1795 1985
1627 182 692 1223 1246 1623 1977
1752 923 1623 1874 1954
1795 368 519 877 1223 1246 1280 1564 1828
1869 209 282 450 451 743 877 1278 1368 1475 1914
1985 237 1375 1977
346 542 1762
434 989 1294
513 431 649 1181 1219 1267 1597
546 188 564 798 1267 1314 1523 1534
642 608 649 1311 1665 1710 1809
649 1900
878 255 495 687 690 1009 1218 1330 1409 1444
916 484 608 989 1399 1605 1665 1983 1996
989 367 669 1379 1399 1665 1900 1996
1153 608 893 1358 1597 1891
1399 431 1548 1605 1996
1710 1605 1903
223 296 758 999
611 452 656 667 1033 1882
965 308
704 670 960 1656 1695
800 296 440 1695
129 810 918 1136 1236 1895
810 1229
918 1414 1440 1476 1622 1744
1136 668 1440 1865
1236 455 1476
1895 1622
181 278 316 432 524 788 972 1709 1854 1909
195 595 707 747 1142
283 524 1193 1285 1462 1591 1949
1351 771 776 961 1462 1591
1915 524 625 707 1142 1144 1165 1347 1462 1724
1920 1075 1414 1484 1636
1994 383 432 445 524 859 1142 1462 1591 1854 1957
131 274 793 900 1187
274 869 1339
793 469 1572 1930
900 313 639 858 1534 1775 1822
1187 599 1290 1421 1470 1739
308 659 907 1549 1910
608 604 1294 1358 1605 1900
1493 1549 1910
1549 667
133 406 1015 1480 1908 1933 1986
406 179 218 465 543 1442 1642 1933 1976
1015 465 548 986 1100 1215 1344 1796 1933
1480 169 901 1258 1442
1908 179 864 1094 1344 1942
1933 179 394 440 986 1848
1986 942 1171 1428 1860
134 1193 1414
1193 1414 1744
1414 278 401 1744
157 1303 1595
377 494 558 578 725
396 1303 1524 1719
547 457 520 1595 1840
558 641 882 1303 1524 1592
572 866 1592 1619 1719 1793 1840
578 850 866 882
806 415 882 994 1104 1524
1115
1228 1350
1303 882 994 1524
296 234 801 1458
782 275 310 509 601 1078 1581 1777 1790 1942
1458 251 773 1882
1583 446 452 1033
137 822 894 982 1505 1996
822 335 580 778 826 1345 1637 1797 1983
894 293 518 977 1505 1568 1699 1797
982 484 781 1009 1612 1699 1774 1983
1505 604 766 1774
1996 719 766
176 625 692 1030 1145 1778 1934
221 376 391 398 950 1145 1302 1317 1666 1757 1934
370 241 625 763 976 1899
691 523 857 867 1003 1284 1934
867 523 857 949 950 1277 1375 1778 1934
1003 171 1057 1145 1277 1284 1757 1778 1934
1778 857 1284
262 492 525 615 932
892 160 1077 1139 1669 1708 1771
1279 847 1361 1456 1613 1938 1998
1469 160 187 508 583 802 1955 1956
1726 202 802 842 932 964 1206 1558 1896
140 299 1347 1388 1984
299 926 1388 1644
1347 524 625 788 1335 1559
1388 518 909 926 1317
1984 860 909 961
141 410 432 658 713 771 1285 1949
410 658 967 1107 1214
432 147 776 788 972 1462 1644 1724 1854
658 518 713 860 1516 1680
713 401 860 961 1285 1823
771 1902
1285 972 1090 1144 1462
1949 297 316 776 1832
253 326 478 481 941 1692 1796
473 1425 1547
656 275 415 801 1078 1581 1631 1675
801 234 275 478 667 1078 1425
143 593 841 842 1433
593 202 271 576 955 1625 1913
841 820 1051 1540 1691 1883
842 1771
1433 458 615 1123 1135 1378
422
430 932 1227 1683 1866
996 1476
1478 831 1328
145 869 1877
869 1288 1877
1877 317
199 616 941 1177 1408 1581 1692 1773 1810
1602 1027 1205 1374 1525 1860
147 862 1089 1454 1744
862 278 445 483 595 707 1744 1854
1089 503 1075
1454 646 1229 1865 1950
1744 445 1002 1075 1142
200 171 391 692 1223 1277 1306 1317 1757 1934
391 260 398 692 750 904 1306 1317 1666 1757
451 215 545 750 973 1137 1475 1633 1914
480 362 371 1186 1256 1278 1301 1589 1633
717 1030 1225
1666 523 1057
1828 398 750 1223 1473 1633
151 778 1287 1768
778 580 690 826 1330 1409 1721 1983
1287 675 737 902 1009 1247 1894
1768 188 367 690 1181 1548 1894 1900
152 398 692 950 1057 1317 1494 1934
398 950 1180 1306 1317 1757 1954
692 376 472 1057 1306 1757
950 376 1306
1057 523 1145 1180 1780
1317 376 904 1145 1245
1494 949 1934
1934 523 857
1229 503 646 1064
1423 184 354 1226 1266 1967
1484 1054 1995
154 535 640 1019 1394 1503 1521 1725 1929
535 523 575 640
640 1116 1124 1394 1761
1019 1343 1737 1965
1394 706 1116 1124 1780
1503 306 650 988 1116 1385 1521 1761
1521 306 988 1385 1737 1939
1725 375 1116 1124 1385 1939
1929 887 988 1169 1939
155 284 542 634 711 719 1157 1637 1652 1711 1762
284 583 687 719 792 1077 1157 1274 1669 1756 1763
542 502 1139 1378 1416 1637
634 632 687 1330 1416 1721 1871
711 335 580 826 1721 1797 1894
719 335 1274 1361 1711
1157 1348 1637 1762
1637 826 1077
1652 632 687 889 1862
1711 1416 1628 1669
1762 911 1721
194 789 994
1595
158 1345 1516
1345 160 792 1516 1756
1516 460 1077 1135 1232 1274 1499 1669 1756
883 218 605 1784
160 187 583 747 911 1139 1806 1956
187 729 911 1139 1806
583 615 964
747 709 729 1232
911 964 1077 1669 1708
1139 1348
1806 508 802 964
1956 464 615 802 1896
293 518 1568
484 244 766 921 1531 1699
766 460 669 737 921
977 518 1919
1548 1181 1219 1605
1665 1219 1983
1699 1181 1797
455 1476
595 445 483 707 763 972 1476 1724
776 961 964 1591 1909
1462 401 1500
893 728 1393 1809 1903
1219 781 1605
1294 1379 1605
1605 470 669 1358
575 1124
1437 272 1116 1585
496 243 564 1044 1582 1643 1775
613 588 1269 1582 1872
1269 690 980 1643
1872 231 244 588 1553 1645
166 1030 1280 1331 1367
1030 1639
1280 1246 1623 1874
1331 457 490 539 1246 1256 1829
1367 536 877 1137 1186 1542 1633
167 263 736 1474 1745
263 271 630 736 1062 1164 1474 1512
736 380 630 1062 1082 1108 1474 1938
1474 1062 1249 1291 1456
1745 568 630 1082
168 709 1328 1539 1917
709 729 1540
1328 303 831 1734
1539 568 1168 1179 1456 1465 1625 1866 1883 1907
1917 173 423 1907 1937 1998
169 275 548 986 1215 1490 1675
275 310 481 543 941 986 1428 1544 1547
548 178 179 310 394 415 986 1000 1100 1194 1215 1442 1642
986 326 390 1171 1215 1547 1790
1215 395 543 1194
1490 390 395 1100
1675 415 478 543 1374 1408 1544 1790
1882 234
1910 277 659 966
171 976 1113 1780
976 249 445 625 1176 1191 1899
1113 361 1149 1173 1780
1780 260 436 1107 1124 1151 1180 1757
376 1757
897 479 788
1145 237 857 1137 1284 1757
1492 625
173 219 681 1055 1217 1392 1558 1577 1747 1937
219 180 271 607 1217 1625 1683
681 1456 1577
1055 1217 1577 1683
1217 581 1558 1683 1723 1747 1890 1998
1392 250 303 645 820 1249 1858 1890 1952
1558 180 202 314 576 928 1164 1378 1883
1577 645 820 1164 1465 1683 1858
1747 180 314 1771 1896 1913
1937 847 1164 1249 1723 1883
924 495 839 1068
1045 486 525 928 1298 1325 1557 1862 1938
1247 231 327 903 946 1444 1557 1842
1291 271 486 955 1429
902 675 1938
1218 839 980 1009 1056 1325
625 479 1085 1191 1899
519 1014 1564 1623
1014 923 1211 1350
1246 371 1623
1278 209 450 743 877 1186 1301 1574 1589 1855
1564 462 1623
1623 1223 1245
178 465 1194 1642
465 390 1000 1100 1194 1642 1835
1194 390 1000 1094 1784 1860
1642 179 390 395 853 1000 1171
179 310 394 543 864 1000 1442 1777 1796
310 234 1094 1344 1655 1777
394 744 835 864 1801 1848 1942
543 509 942 1544
864 218 835 901 1000 1442 1942
1000 1094 1171 1442 1544 1835 1860
1442 1976
1777 395 509 835 1784 1976
1796 890 1100 1344 1544 1631
180 271 314 576
271 502 576 799 928 955 1429
314 847 928 1625 1628 1913
576 615 955 1625 1683 1688 1913
278 445 859 1002 1073 1075
316 249 401 479 1165 1736
524 707 972 1073 1075 1142 1854
788 707 926 972 1144 1644 1680
972 401 859 1724
1709 249 763 859 1191 1335 1899
1854 383 859 1724
1909 297 860 926 1090 1232 1591
182 716 1006 1402
716 522 539 556 1408 1773
1006 1069 1211
1402 203
1109 401 1591
1135 1150
1150 964 1077 1708
1650 966 1499
1669 460 1077 1274 1721
184 190 272 438 991 1313 1362 1825 1867
190 286 584 590 937 991 1825
272 354 355 438 637 751 790 1226 1825 1967
438 735 1169 1266 1268
991 286 506 584 937 1110 1226 1362 1825 1967
1313 1116 1226 1266 1268 1343 1825
1362 286 506 590 919 1054 1076
1825 506 637 1110 1117
1867 506 790 1054 1085
470 498 1311 1988
599 683 798 1421 1787
1393
1655
401 383 1680
1636 668 680 832 1002 1073 1144 1191 1318 1335
1736 926
729 1232 1515
188 431 498 1044 1323 1534 1582 1893
431 367 604 821 1181 1311
498 1044 1314 1452 1582 1597 1893
1044 1323 1534 1645 1988
1323 1527 1597
1534 313 639 808 1314 1451 1527
1582 224 313 749 1092 1166 1178 1267 1523 1643
1893 1809
452 446 478 509 667 1033 1177 1692
481 415 1428 1581 1631
509 390 440 1033 1126 1581 1790
942 1171 1374 1606 1860
1205 1027 1374 1860
1344 1544 1581
1428 616
1544 1078 1581 1976
1581 234 960
286 352 506 1054 1106 1792
584 352 354 506 1054 1967
590 937 1054 1110 1266 1967
937 940 1054 1106 1110
191
949 237 1225 1375
1977 1151
773 1033
999 222 1211 1350 1425 1587
1091 522 1105 1408 1587
1425 234 446 556 616 1211 1350 1408 1810
1547 222
1773 556 1036 1408 1810
789 866 882 958 1520 1592 1619
994
707 383 859 967 1075 1144 1724
1142 445 1073 1335
1379
1612
1891 821
483 666 832 1832
503 1073 1424 1950
1075 445 859 1002
1950 668 832 859 1064 1129
926 1500 1644
616 539 1408 1631 1810 1887
941 415
1177 251 1033 1211 1887
1408 446 556 1027 1810
1692 1631 1790
1810 1587
1223 750 923 1954
1277 436 857 1064 1149 1151 1284 1307 1318
1306 472 904 973 1086 1151
1757 1165 1199 1987
202 1123 1206 1771
1123 228 820 1378
1206 820 932 1164 1536
1771 802 1378 1515 1896
203 462 677
462 362
677 209 215 371 617 877 1185 1542 1589 1855
204 312 313 564 624 1050 1200 1222 1822
312 626 1299
313
564 808 858 1451 1523
624 795 1166 1200 1332 1339 1716 1930
1050 768 1332 1339 1717
1200 469
1222 795 1299 1339
1822 708 749 974 1930
923 1069
1069 758 1350
476 294 1525 1982
641 294 1587 1599 1639
833 1027 1094 1631 1887
1599 222 1524 1639 1715 1793
1606 890 1631
1879 1860
1887 522 1105 1639 1793
522 1211
556 1036 1639
321 819 1593
850 1286 1840
209 282
282 534 743 877 973 1574 1633 1914
1715 222 494 1793
525
607 1613 1723
955 928
1871 687 1298 1361 1721
1998 820 1512 1536 1723
464 1476 1622 1902
1021 228 1476 1515
1232 297 1955
215 371 400 534 617 743 1475 1855
371 400 617 1086 1186 1301 1473 1589
400 617 1185 1301 1574 1970 1974
534 743 849 877 1185 1475
617 450 973 1301 1574 1589
743 450 849 877 1475 1574 1633
1475 450 545 849 877 973 1186 1368 1574 1914
1855 450 877 1186 1589 1874
821 1775
1695 960 1126 1358 1656
218 835 901 1942
835 744 901 1258 1835 1976
901 1258
1942
1625 799 928 1536 1913
1683 581 1512 1723 1858 1913
946 255 298 1808 1842
980 350 594 664 1001 1038
1302 322 973 1185 1301
222 1639
1639 1105 1713
758 446
224 858 1166
858 1267
1166 808 1092 1332 1716
228
303 423 1051 1465 1691 1883 1952
1594
1202 646
1792 646 1856
227 261 831 1734
261 423 663 820 1051 1312 1907
831 423 1051 1378 1540
1734 1051 1179 1629 1883
1456
1938 1068
479 1165 1191 1575 1899
857 472 523 1107 1284 1318
1064 668 790 832 1129 1575 1831 1965
1144 680 1002
1165 241 1149 1559 1899
1191 523 763 1831 1899
231 255 839 1842
255 1808 1862
839
1842 298 327 664 903 1056 1444 1615 1808
932 1896 1913
1082 250
1536 820 1179 1858
1691 1312 1858 1866
1723 250 581
1178 528 798 1314 1452 1598
1452 728 1597 1598 1809 1903
1527 1314 1703
1597 728 1311 1358 1598
1903 528 728 798 1314 1448 1809
234 478 1126
478 1790
1126 440 670 1078 1784
659 927
927 1500
1293 813 1097
802 1896
1515 508 1378 1896
237 472 1225 1284
472 260 523 1180
1225 856 907
1284 241 1199 1307
1559 1335
1644 1214 1500
675 1361
1613
241 1307 1987
1307 523 668 1987
1987 260 1149 1199 1318 1585 1899
243 639 1447 1470 1598
639 683 1470 1787
1447 1329 1421 1470
1470 683
1598 1314 1448
244 1083
1083
1160 1329
1775
247 328 358 375 1116 1173 1343 1585 1737 1761
328 358 436 973 1076 1173 1585 1737
358 260 361 1585
375 436 1149 1173 1585 1737
1116 322 706 1173 1385
1173 1585 1737
1343 352 1169 1965
1585 1737 1939
1737 448 706 919
1761 706
966 1919
1573 669
249 1029 1899
1029 909 1214
1899
250 917 1164 1227 1249 1465 1883 1946 1952
917 568 847 1108 1465 1946
1164 458 1560
1227 1168 1866 1883
1249 380 1108 1429
1465 645 1866 1907 1952
1883 1168
1946 380 568 872
1952 1108 1629
251 446 667
446 667 907
667 1036
1421 683 1290 1430
1787 1288
326 415
494 1793
866 307 882 1286 1840
1840 1286 1713
1808 516 781
1862 495 1361 1557
1090 297 859
1955 1724 1902
666 751 790 1076 1226
790 354 919 1117 1266 1565 1965
1085 355 706
1268 751 772 1501 1967
518 813
260 361 1180
361 887 904 1086 1107 1149 1318
1180 1107
423 1312
663
820 1540 1858
1051 1312 1540 1907
1312
1907 1629 1866
492 502 1557 1628
615
630 1429
1062 1429
1512 458 581
664 1038 1056
1181 580 1900 1988
1645 1339 1569 1703
445 383 859 1002 1073
1378
502 1233 1688 1721 1913
799 1429
928 847
1429
354 352 637 1226 1967
355 940 1076 1318 1565
637 352 1226 1266 1967
751 988 1117 1832
1226 352 506 919 1037 1106 1755
1967 352 506 1106
1176 832 1129 1832
1339 1092 1451 1572
682 832 1117 1831
1770
277 813 1919
813 1214
1919 1568
859
1002 1832
1073 383 680
317 601 1288 1290
744 605 1848
795 594 1092 1876
1703 737 808
877 450 1185
973 545
1574 490 849 1185 1301 1589 1874
1633 368 1186 1473 1542 1914
1914 849
1591 297 383
687 889 1330 1748
792 1274
1077 1274
1274 964 1499
1756
1763 335 580 826 921 1409 1894
352 506 1106
506
1054
1106 919 940
298 327 350 1444
903 327 1056 1615
460 335
921 580 826 1409
1708 632 964
440 605 1411
1809 367 728 1358
1179 1168 1629
335 580 826 1409 1416 1721 1797
737 495
1568
294 1982
1982 1860
1622
297
327 350 1553 1615
350 516 588 594 1056 1615
1444 690 1001
728 528
1199 1149
1575 1076 1117 1129 1318 1832 1965
1117 1110 1831 1965
1266 735 1037 1565 1686 1939
1578 633 1037 1244 1501
1680 1724
456
683 1290
708
306 887 988 1401
887 448 988 1149 1169 1401
988 448 650 1169 1401 1501 1939
1401 1037 1040 1169
307 457 819
457 819
819 362 1256
907
1094 1171 1976
626
1299 768
847 380 1108
1628 1348
1913
601 605 1258
1288
1290 1430 1739 1848
1375 909
856 1742
1593 490 536 1256 1974
322 1124
1124
588 1038 1553 1615
1038 594 1001
415
1553 1615
1615 516
436
1076 448 832
964 1348 1416
1107 904 1151
1151 1086 1318 1368
1368 1874
919 832 940
940 633
448 1037 1169 1939
1244 1037 1143 1169
580 1499 1797
826 1409 1774 1797
1409 1330 1894
1416 1233 1348
1721 718
1797 1894
1501 1037 1040 1169 1565
1686 633 735
520 958
1592 958 1104 1520 1524 1713
811
849 1137 1874
341 1027 1374 1525
1027
1374 1860
1525
633 1143 1689
1037 1040 1169 1565
1040 650 1143 1689 1939
958 1619 1713 1732
539
362 536 1256 1473 1829
490 1301 1829
1256 536
1829 536 1537 1974
516
594 1001 1056
1056 495
1930 1332
1318
1565
1823
1171 390 1100
889 1009 1233 1325
1424 1724
904
1086 1137 1954
1149
536 1970
1473 368 450 1974
1724
1448 528 1311 1358 1739
1784
1211 1742
1350
367 1358
1358
368 750
750 1137 1589
528
763
1186
1301 1185 1537
1589 1537 1542
1832 680 1335
725 1713
380
1033
646 1995
1831 1129
383
1739
1286
1713
523
390
967 1500
1801 1835
1848 853
395 1100
1100
1524 619 1793
1719
1335
1954 1245
1185 450 1542
1970
1974
605 1976
1976 853
495 632
718 632 1233 1748
1531 690 781 1664 1894
469 676 1092 1332
676 1451 1643 1716
1876 808 1267 1643
1214
669
832 1965
1129 668
1965
645 581
1858 1866
1866 1540
1499
604
1311
437 872 1108
872 695
1108 568 1704
735 1125 1143
1169 650 1143
1411 670
1894 1330 1664 1900
960
1656 670
1939 706
450 1542 1874
1542
1874
545
1137
1476
458
1587 1036
1902
1835
1092 1643
1332 974 1716
1988 1900
1314 1451
1451 808 1523 1643
1860 1631
1790
1631 890
1540
486 577 1298 1748
577 1068
1298 632
1748 1233 1361
1689 650
1557 1068
1793
632 1233 1325
1643 808 1523
1233
1688
808
1664
1125
508
1900 1983
1267 781
798
1440 1865 1957
1523
1520 619 1619
1036
882
568 1704
1890
1704
1619
961
1068 1759
581
1957
853 1258
1110 1755 1995
1001
1245
1078 670
1258
619 1732
1732
670
1716
1537
1325 1009 1361
1143
1330 1009
1995 1865
1983 690 1774
650
772
1742
860
1774
668
1361
680
1759
690
695 1168 1560
1168 1629
1560
706
1097 1500
749 974 1569
974 1569 1717
1569 1717
1264
768 1572
1572 1717
770
1105
781
1629
1896
1104
1500
890
1348
1009
909
1430
1865 1856
1717
1755
1385
1329
1856
