0 8 28 91 143 236 328 369 406
8 91 112 148 153 224 328 364 384 385 428
28 13 35 45 239 270 274 368 412 432 470 478
91 80 98 153 170 230 323 404 427 450
143 42 53 144 181 216 262 384 404 462 469 470
236 14 53 112 121 144 147 225 241 285 323 345 365 401 467
328 14 70 112 144 212 350 406 492
369 13 22 175 176 207 225 294 368 384 478
406 13 112 147 224 262 294 341 385 404 462
1 176 301 385 417 465 488
176 114 172 180 181 301 404 470 488
301 19 50 121 262 385 395 401 404 417
385 19 148 181 302 401 417
417 13 84 129 285 316 356
465 13 50 134 172 180 316 488
488 42 172 180 193 262 316 341 364 398 415 443
2 52 104 168 275 278 305 318 358 375 450 464
52 29 57 185 196 206 208 414 439 455 463 482
104 16 27 62 226 260 346 354 392 452
168 18 159 238 248 278 299 305 330 346 358 416 452
275 59 62 214 244 263 299 358 392 400
278 27 149 244 263 289 296 299 451
305 29 57 88 151 196 222 246 318 331
318 29 185 201 238 246 260 284 383 435 450 464
358 18 184 201 214 238 260 400 451 452
375 29 62 206 248 400 450
450 130 131 196 206 212 246 445 453 455 464 471
464 18 131 151 159 184 196 260 435 471 482
3 12 15 32 97 155 298 308 352 402 487
12 32 58 155 162 174 267 309 310 327 347 349 393 487
15 113 123 141 166 253 264 297 308 310 337 380
32 76 156 268 306 327 347 352 393
97 4 37 66 94 100 126 190 209 240 272 402 409
155 66 100 117 126 150 220 271 272 312 322 399 402
298 21 111 115 120 166 255 290 319 321 326 353 357 399 420 424 466 493
308 66 110 156 220 256 271 290 297 322 334 352 360 414 481 487
352 76 156 162 220 271 289 319 402 483 487
402 90 100 156 162 219 259 277 447 487
487 4 6 67 115 174 182 231 277 309 360 430 447
4 76 106 162 182 283 312 410 430 447 456
76 72 174 289 311 393 447 499
106 67 87 90 94 133 158 162 174 269 277 303 339 410 449
162 41 48 58 72 90 174 182 314 347 354 390 435 446 483 498
182 26 82 87 90 174 226 230 234 283 303 309 339 350 390 410 447
283 41 82 87 156 161 177 234 267 277 374
312 46 109 126 150 220 259 271 272 322 334 372 380
410 48 67 87 90 142 158 276 277 430 474
430 23 51 58 82 90 231 234 339 354 393
447 67 90 133 170 174 231 252 335 382
456 115 116 139 170 242 252 265 268 281 373 409 413 426 432 440 493
5 115 125 186 279 316 325 394 494
115 10 36 38 71 240 255 273 290 300 319 326 342 353 379 387 399 431 438 466 475
125 37 43 64 250 282 292 332 343 351 370 376 388 419
186 73 108 136 199 245 293 325 343 407 443 476
279 17 75 86 169 329 332 340 351 477
316 25 42 137 148 172 193 197 276 280 291 356 366 415
325 24 86 128 146 204 237 250 292 343 351 429 433
394 54 61 86 108 127 136 199 237 270 293 421 433 476
494 20 24 89 92 99 188 265 282 388
6 51 58 139 207 252 269 306 365 442
51 41 49 268 390 409 449 493
58 67 87 133 177 259 277 303 314 339 371 468 484
139 44 49 94 120 161 167 365 390 416
207 70 208 281 331 397 414 427 432 440 483
252 49 69 81 218 221 242 274 313 329 373 397 409 416
269 41 48 87 142 378 416
306 67 72 87 210 331 354 377 449 474 498
365 95 133 170 258 277 313 315 317 382 413 427 442 463
442 49 81 156 208 221 231 321 390 416 427 474 484
7 56 85 127 136 232 381 433 461
56 37 136 348 381
85 61 77 127 136 137 146 198 293 461
127 108 128 204 237 293
136 108 239 391
232 78 128 137 169 173 194 258 286 321 362 391 434
381 33 54 99 108 119 122 227 282 421 423
433 86 108 204 351 419 473 477
461 20 54 86 122 189 204 217 227 282 359 421 473 476
112 114 144 224 364 398 401 404 428 453 482 492
148 13 45 53 60 114 241 356 361 362 396 401 439 458 460
153 80 361 467 486
224 13 274 323 428 462
364 13 114 216 462 467
384 42 53 70 368 422 462 469
428 22 50 114 285 329 404 478 492
9 94 109 111 165 235 273 399 431 438 466
94 49 68 209 313 382 420 440
109 46 165 191 219 228 287 438 459
111 31 68 120 166 190 191 240 257 261 271 353 357 379 399 424 466 496
165 39 219 273 338 367
235 39 83 166 209 372 424 431 437 457 472
273 39 240 257 338 367 457
399 10 21 120 166 209 240 255 290 309 319 326 372 431 438 466 472
431 11 39 83 124 257 300 321 495 499
438 100 120 190 191 219 249 272 326 334 357 372 382 420 466 498
466 43 83 120 169 240 271 319 337 387 496
10 21 36 49 55 120 170 268 290 307 321 353 382 420 493
21 31 36 40 68 81 163 166 170 200 249 255 326 333 379 420 441 457 472 493
36 68 107 221 271 290 300 321 393 420 493
49 145 170 178 209 218 242 290 313
55 98 118 161 167 179 208 225 281 377 383 418
120 31 66 100 124 166 231 240 255 287 317 319 353 357 382 424
170 190 209 220 313 327 342 393 420 493
268 41 163 215 242 249 329 376 413 414 490
290 68 116 191 218 223 249 271 300 321 353 407 420 441 493
307 264 295 459
321 81 257 329 342 409 493
353 31 71 103 124 255 287 326 357 454 496
382 31 68 156 342 357 379 387 493
420 31 66 209 249 319 493 499
493 68 142 249 313 357 379 424 441 472 495
11 37 47 71 89 92 103 187 200 233 243 386 408 411 477
37 71 89 92 154 187 270 408 411 437 457 497
47 63 64 71 188 304 333 386 411 495
71 92 243 304 386 411 437 472 497
89 92 188 189 200 243 370 419 426 454 485
92 24 43 187 200 251 411 441 454 497
103 24 63 124 187 251 333 386 411 437 457 495 496 497
187 24 31 188 200 332 333 370 387 405 408 411
200 24 40 63 320 340 389 405 408 429 437 454 490 497
233 74 105 138 203 247 282 348 403 408
243 20 74 188 386 411 485
386 63 198 257 261 304 333 411 454 499
408 24 245 340 351 370 419 424 444
411 43 304 372 388 441 496
477 54 61 86 128 129 178 183 199 250 258 270 320 332 343 376 443
174 23 67 133 156 192 339 350 446 468
267 158 230 234 254 303 309 374 468
309 23 72 82 259 277 446
310 297 349 393
327 113 126 192 220 256 349 380
347 360 393
349 110 141 256 334 367 393 481
393 110 220 259 297 322 380
13 19 102 285 302 401 404 462 467
19 50 181 216 341 395
102 134 181 193 285
285 144 172 181 216 398
302 53 57 175 211 212 241 460 462 467 492
401 70 216 274 356 396 458 462 486
404 22 121 462 492
462 70 80 144 172 175 181 398 412 470 492
467 132 225 460 491
14 344
344 196 206 212 222 281 345 435
113 110 192 264 367 380
123 67 126 190 257 295 459 481
141 110 117 126 220 256 264 334 335 380
166 100 150 157 219 255 287 319 320 326 357 379 387 457 498
253 110 257 311 367 459
264 117 126 256 335 367 481
297 192 256
337 126
380 66 117 126 249 271 311 322 334 367
16 29 59 62 93 238 246 345 346 392 439 451
29 18 26 159 160 195 210 383 392 400 445 448 455 482
59 299
62 44 87 151 159 238 248 266 299 336 346 392 400 445 451 483
93 65 159 238 248 331 400 435 445 451
238 26 30 44 149 159 201 213 263 346 445 463
246 18 296 330 392 451 471
345 57 114 151 179 185 208 210 222 226 323 418 453 455 458
346 26 149 244 248 260 296 354
392 27 336
439 479
451 18 26 244 266 336 378 445 455 463
17 116 173 215 227 245 300 351 376 425 429 434 478
116 22 78 250 288 355 388 434
173 194 198 199 203 286 355 391 413 434 480
215 78 81 163 255 286 288 373 409 426 427 460
227 33 146 164 247 348 359 423 436
245 73 129 137 239 343 351 434 443 473 480
300 81 169 190 249 272 287 315 317 376 407 473
351 22 69 75 138 250 270 292 332 343 425 473 480 490
376 22 40 68 75 265 292 317 320 443
425 78 128 178 194 237 250 270 276 286 332 355
429 221 329 370 409 416 436 472
434 69 77 78 108 194 288 291 355 362 458 460
478 42 84 88 205 217 241 274 294 362 412 432 479
18 65 130 159 202 206 226 260 323 336
65 26 44 131 160 185 244 260 378 418 435 448 452 455 463 482
130 132 206 225 226 331 453 455 482
159 44 135 185 213 260 330 336 452
202 30 149 248 254 263 289 314 336 452
206 151 196 296 418 435 445 453 471
226 455
260 201 244 330 336
323 57 80 185 222 383 453 455
336 44 131 184 213 214 248 330 400
50 193 324 395
181 193 262 491
216 114 398
341
395 324 398
20 64 154 251 485 496
64 99 105 164 178 183 189 199 223 282 292 348 359 389
154 99 105 138 203 348 403 421
251 43 265 319 333 340 405 407 424 441 472 495
485 74 99 444 454
496 249 342 424 441 457
31 46 68 313 334 342
40 24 69 242 249 320 340 343 405 480 490
68 209 257 287 322 329 342 357 457
81 75 163 199 242 255 329 409
163 169 189 194 242 258 270 426 480
249 75 83 88 255 271 319 322 340 342 357 379 424 437 499
255 198 242 342 379 472 499
326 39 63 124 257 261 342 372 379 437 441 457 475 499
333 304 338 342 370 495
379 117 190 237 257 342 372 424 441
441 43 83 108 257 313 357 370 472 497 499
457 83 342 357 372 424 472 499
472 38 122 169 320 370 424 495 497
22 35 42 60 70 84 147 221 225 274 291 368 396 458
35 34 45 77 217 276 291 294 391 432 469 491
42 129 175 180 217 241 470 486
60 88 95 175 217 222 281 294 397 422 427
70 79 144 147 175 179 210 212 225 281 361 362 422
84 34 175 205 217 286 294 362 368 396 422 480 489
147 79 80 167 171 210 315 361 377 471
221 98 107 242 313 373 390 397 407 422 427 440
225 144 175 274 362 396 422 458 460 486
274 53 152 458 486
291 86 241 280 288 294 356 432 460 479 486 491
368 45 175 355 396 397 460 486
396 53 79 114 160 167 241 294 397 460
458 53 144 212 356
23 177 184 339 360 374
177 30 254 314 350 360 371 435
184 149 201 230 360
339 378 427 446
360 230 234 277
374 72 82 234 468
24 43 83 198 370 388 437 497
43 188 223 320 370 454
83 38 39 124 240 257 342 387 499
198 75 128 178 250 270 332 388 419 479
370 219 223 320 332 340 388 424 440 443
388 75 258 265 320 454 490
437 38 63 495
497 75 223 419 454 495
25 134 152 180 193 239 276 415 470 489
134 121 294
152 45 77 197 217 391 432 473
180 34 121 276 391 469
193 140 280 294 362 489
239 96 118 121 373
276 34 140 366 415 432 469 486 491
415 53 96 140 205 280 356 366 489
470 121 172
489 172 280 412
26 30 67 135 179 213 363 445
30 213 378
67 87 277 314 350 354 484
135 48 98 131 195 303 418 452 471
179 79 160 195 331 363 377 448
213 131 149 201 254 400 445
363 98 151 171 208 210 383 414 435 463 471
445 27 214 248 266 330 378
27 214 248 299 435
214 248
248
299 44 244
435 82 98 185 196 210 331 471
45 118 217 241 356 412 432 486
270 138 178 183 188 389 405 473 476
412 34 205 241 288 294 340 383 460 469 479
432 53 78 128 140 217 258 362 391 413 486 491
160 131 195 222 448 455 463 474 483
195 87 132 142 211 377 463 483
210 57 80 88 98 151 161 171 331 377 383 455 463 484
383 44 145 167 171 208 331
400 44 149 196 244
448 131 254 331 378
455 57 87 185 222
482 131 145 151 171 185 222 453 491
378 48 82 87 158 196 330 331 371 483
46 54 272 367 387
313 41 373 473
334 41 66 110 126 191 220 228 311 319 322 481
342 74 242 257 261 340 424 454 498
156 133 192 322 446
33 101 119 164 247 348 359 421 423
101 199 421 426 443
119 122 183 247 320 348 359 421 423
164 54 169 189 204 247 282 292 343 419 423
247 54 86 183 282 292 359 389 421
348 122 282 403 421 476
359 54 61 105 122 189 292 476
421 61 419 436
423 146 189 282 389 476
34 73 96 258 280 366
73 61 96 129 137 204 237 292 332 480
96 77 129 189 194 197 286 293 332 476
258 53 78 129 175 212 288 427 479 486
280 172 366
366 140 172 217 293 356
77 61 118 129 199 237
217 118 128 241 294 362 479
294 95 205 355
391 129 197 286 362 480
469 53 61 175 286 486 491
491 129 262 288 356 486
107 66 218 390
271 66 150 191 319 357 372 387
38 100 124 338
100 190 287 367
124 39 219 257 407 475 498
338 126
39 219 228 319 357 372 387 475
219 475 498
228 272 319 459
319 66 317 357
357 117 234 372 387 498
372 117 191 240 387
387 66 126 150 190 191 287 498
475 240 257
69 146 178 199 237 250 288 332 362 416 480
242 41 317 329 361
320 75 490
340 75 86 169 405 479 490
343 61 128 178 199 204 250 332 443 473
405 424 454 490
480 75 443
490
41 142 277 390 446 449 474
142 48 90 331 350 449 474
277 82 87 211 314 354 371 463
390 218 317 474 499
446
449 48 87 230 416 427 484
474 48 90 133 209 350 414
129 118 194 286
175 416 422
241 178 362 486
486 205 362
188 454
223 454
454 419
44 80 149 263 452 483
80 114 167 284
149 48 229 254 289 354 452
263 131 201 254 452
452 196 303
483 131 132 314 331 414
118 194 197 237 355 440
356 53
54 146 183 237 282 389
272 117 190 191 209 367 481
367 126 192 459
63 261 443
304
495 190
48 90 158 254 266 350
90 218 231
158 87 231 416
254 132 289 354
266
350 87 88 133 484
145 79 88 95 151 281 315 397 416 427
178 250 293 317 332 413 479
209 288 416
218 53 132 329 409 416
324 172
409 317 329 407 440
57 212 222 284 416 492
185 98 132 151 463
196 131 289 471
208 88 131 132 331 377 413 416
414 132 211 281 377 468
463 132 281 331 377 471
53 211 422
211 88 161 331 361 484
422 79 88 95 132 397 460
146 86 108 189 204 237 436 476
183 61 265 282 389 419 473 476
237 61 86 108 204 293 443
282 99 189 292 419 436 473 476
389 122 137 292 419 436 476
98 151 222
161 88 315
167 171 281 289 361
281 88 132 361 418
377 314 331 471 484
418 132 331 361 371 471
212 151 171 262 361
222 132
284
416 373
492 171
87 314
133 322
259 110 220 256
303 72 234 289 471
314 289
371 354
468 234
484 289
88 132 331
95 79 397
397 79 440 471
427 79 373 479
61 108 137 194 204 332 436
108 74 293 332
137 194 197
194 78 440 479
204 292 436 476
332 128 250 355
436 189 444
151 171 331 471
261 240
443 75 86 128 250 407 419 426
99 122 419
105 122 138 203 419
189 292 419 476
199
292 169 419 473 476
131
244
66 190 191 220
190 191 311
191 150 220 287 322 498 499
220 256 322
354
257 240 287
287 117 498
322
329 288 373 426
250 75 286
288 78 205 286 355 362
362 172 205 286 355 460 479
79 171 205 315 413
144
361 171
72 234
234
74
75 265
265
289 229 230
311
499 231 424
78 355 479
355 197 286 407
479 413 426
171
205 440
315
413 440 460
114 398
82
240 117
286 197 407
293 138
86 128
128
132 453
331 471
419 122 444 473
426 169 317 407
231
230
440
197 169
476
126 110 117 157 459 481
122
138 403
203 403 444
459 157 295 481
110 150 335
150 117
335 157 256
424
398
453
192 256
117
317
121
295 481
481 157
407
498
157
471
403 444
140
256
262
460
229
473
330
169
172
201
444
296
373
