0 33 160 244 298 314 435 449 645 696 713 933 969 989 1055 1098 1275 1409 1474
33 51 52 287 536 698 713 758 863 896 1019 1067 1072 1079 1129 1281 1355
160 158 178 373 464 504 538 587 713 993 1113 1169 1240 1281
244 156 314 373 383 460 536 724 755 896 989 1320 1346 1409 1430
298 97 157 256 359 394 525 663 713 722 933 1129 1281 1320 1398 1481 1492
314 287 422 449 538 602 805 896 933 1129 1240 1275 1364 1398
435 174 190 218 231 417 418 521 625 699 857 909 1149 1160 1182
449 224 422 439 546 587 896 931 945 1055 1059 1152 1346 1409 1430
645 294 383 602 698 880 1320 1346 1409
696 287 394 575 587 667 714 1045 1072 1346
713 297 428 504 575 602 678 758 896 1111 1240 1332 1356 1414
933 234 297 332 405 602 1072 1118 1129 1202 1320 1481
969 13 332 373 546 896 948 1364 1398 1430
989 20 156 205 301 587 805 896 986 1039 1157 1275 1320 1409
1055 13 97 156 358 372 383 450 501 507 536 667 716 747 1026 1051 1098 1129 1202
1098 205 494 511 536 753 837 878 1051 1152 1338 1448 1484
1275 112 234 297 299 656 698 758 1079 1157 1390 1398 1490
1409 156 234 332 372 373 460 667 777 844 878 1082 1481
1474 105 403 554 625 699 968 986 1090 1155 1169 1332
1 94 284 420 432 522 586 825 950 981 1150 1374
94 114 169 341 389 432 605 759 884 1143 1317
284 27 180 279 398 442 557 566 924 1028 1112 1134 1147 1150 1278 1370 1374 1499
420 10 70 121 448 606 835 836 1249
432 85 114 169 448 589 759 1050 1137 1329
522 48 61 206 341 426 429 606 825 836 946 981 1050 1120 1180
586 15 426 475 665 924 928 946 967 1374 1414 1424 1466
825 48 176 341 410 426 665 745 928 967 981 1041 1070 1180 1213 1233 1278 1304 1374 1494
950 10 34 70 162 215 248 251 410 669 704 834 883 997 1023 1103 1213 1227 1370 1374 1461
981 2 10 34 426 448 521 795 967 1169 1278 1374
1150 189 241 279 442 485 570 626 692 924 955 970 1028 1112 1128 1437 1499
1374 114 426 745 835 928 1278
2 84 128 150 192 239 240 248 443 451 458 528 597 650 704 972 1058 1068 1148 1155 1233 1483
84 128 286 410 431 458 616 669 972 1068 1069 1095 1137 1213 1326 1363 1407 1461 1483
128 28 58 150 430 451 528 650 890 953 1058 1148 1155 1483
150 28 203 238 241 254 261 286 325 404 410 417 443 456 725 857 909 972 1020 1030 1089 1167 1239 1268 1363
192 116 251 564 1010 1023 1103 1415 1461
239 63 230 238 802 890 1056 1134
240 144 254 443 650 708 953 972 1020 1041 1326 1363 1449 1498
248 215 282 417 443 470 517 704 883 953 972 1018 1068 1456 1498
443 145 264 282 456 697 731 820 857 1020 1095 1155 1326 1461 1498
451 180 251 419 456 458 890 953 1010 1020 1058 1068 1069 1148 1155 1213 1311 1461 1483
458 12 28 254 426 475 528 544 616 704 883 1010 1018 1030 1068 1069 1148 1456 1461 1483
528 286 410 470 597 704 972 1030 1069 1103 1211 1245 1304 1326 1363 1456 1483
597 109 162 218 475 616 669 704 1103 1233 1325
650 218 259 261 282 286 404 419 697 857 861 868 882 928 953 1020 1030 1069 1233 1280 1326 1456
704 74 261 767 972 1010 1018 1069 1148 1155 1456 1478 1498
972 61 398 417 616 740 820 925 1030 1148 1155 1222 1259 1261 1363 1483 1498
1058 259 570 708 797 1010 1068 1069 1148 1447 1466 1483
1068 63 254 626 857 1018 1020 1148 1155 1213 1259 1304 1363 1456
1148 58 616 669 691 1018 1020 1095 1141 1180 1213 1363 1383 1456
1155 254 282 307 638 796 857 1018 1278 1363 1483 1498
1233 410 470 564 697 834 890 1180 1227 1268 1415
1483 404 468 616 953 1010 1456
3 91 103 170 274 302 308 374 596 647 765 808 821 858 917 1011 1027 1236 1266 1306
91 7 79 87 103 276 415 580 596 614 679 776 895 1099 1133 1350 1408
103 41 132 170 317 542 751 765 821 917 973 1011 1027 1255 1266 1306 1385 1463
170 151 308 317 545 596 764 765 917 949 973 1011 1027 1236 1385 1422 1429
274 49 257 468 579 632 644 723 761 814 843 930 1126 1187 1273 1300 1485
302 36 245 315 433 489 608 642 685 1124
308 7 55 377 478 569 721 751 1255 1299 1327 1362 1408 1422
374 19 317 619 730 798 814 1005 1105 1462
596 69 132 198 588 614 729 811 851 886 914 1209 1272 1327 1350 1385 1471
647 151 400 897 917 949 991 1011 1133 1266 1376 1422
765 30 136 352 545 588 732 843 917 1011 1027 1306 1395 1429
808 30 140 366 400 477 545 588 639 816 917 991 1243 1283 1366 1408
821 26 168 423 666 711 726 746 917 1266 1422
858 14 49 95 132 352 415 488 679 790 1306 1350 1376
917 47 136 588 949 1011 1266 1306 1385
1011 136 347 352 415 579 751 776 784 811 851 1027 1236 1282 1306 1385 1429
1027 30 168 198 415 588 721 784 1273 1327 1366 1408 1422
1236 30 352 477 973 1054 1243 1385 1429
1266 56 711 902 973 1255 1272 1282 1385
1306 47 56 711 973 1422
4 237 583 909 1165 1226 1284 1357
237 242 409 427 583 590 746 1446 1465
583 183 204 289 349 573 1357 1369 1497
909 59 115 133 218 264 409 427 447 568 734 862 964 968 1151 1160 1261 1365 1497
1165 46 242 291 293 590 746 815 976 1033 1036 1065 1205 1207 1226 1333 1393 1465
1226 18 293 349 509 590 672 788 831 1066 1328 1373
1284 20 177 218 269 509 562 568 625 706 740 882 1090
1357 46 115 133 517 862 864 1339
5 225 301 362 372 450 546 702 755 878 952 1192 1248
225 13 186 507 631 688 712 716 728 880 919 1051 1082 1093 1338 1340 1364 1419
301 109 532 539 952 958 986 1118 1158 1210 1339 1378 1439 1448 1477
362 90 186 446 462 494 501 546 739 753 755 1157 1364 1492
372 13 89 186 446 450 462 496 501 716 728 739 1152 1192 1248 1290
450 332 396 462 880 952 1257 1434 1439 1492
546 156 332 383 460 532 753 755 952 1248 1339
702 109 224 373 446 739 805 820 945 1118 1135 1338
755 273 358 401 494 716 747 880 986 1152 1158 1206 1340 1364 1434
878 215 224 373 446 739 805 844 931 952 1118 1378 1430 1477
952 141 224 351 532 539 667 706 753 931 1135 1339 1364 1439 1448 1477 1492
1192 205 273 358 454 494 503 539 739 753 1152 1448
1248 13 89 186 446 663 747 1026
6 110 556 839 845 1040 1223 1484
110 514 530 742 1096 1110 1117 1195 1257 1451
556 293 585 706 782 822 1369 1484
839 332 340 682 712 1093 1107 1200 1360 1364 1419 1475
845 390 462 520 631 671 706 736 964 968 1135 1378 1443 1448
1040 412 620 737 771 782 1151 1223 1312 1443
1223 141 709 1135 1443 1487
1484 511 539 592 1135 1210 1492
7 377 579 679 721 751 1115 1126 1273 1277 1327 1376 1429
377 95 415 895 975 1046 1088 1376 1408 1429
579 49 95 161 580 730 761 794 812 901 918 949 1005 1273
679 49 119 318 415 488 594 949 1047 1376 1408
721 366 545 776 897 979 984 995 1140 1209 1283
751 132 276 317 488 614 790 814 1054 1088 1272 1350
1115 9 331 632 694 723 790 814 843 846 889 901 1161 1269 1387 1463
1126 258 281 318 463 468 567 644 659 790 885 895 956 1031 1073 1239 1254 1300 1324 1387 1463
1273 132 569 730 901 975 1327 1429
1277 95 132 975 1006 1327 1350 1376
1327 64 146 580 732 851 853 975 1362
1376 95 188 415 488 594 814 885 1133 1161 1385 1388
1429 30 56 111 132 347 352 973 1219 1243 1283
8 26 46 154 161 194 242 452 627 672 921 976 1036 1138 1193 1207 1217 1373 1435
26 19 55 937 999 1198 1247 1297 1395 1472
46 154 262 349 517 627 760 994 1065 1138 1222 1259 1294
154 262 293 436 480 502 590 672 746 760 881 976 1138 1205 1207 1217 1373 1465
161 19 173 355 480 567 603 619 705 730 761 810 812 814 843 850 918 1105 1387 1463
194 262 356 502 560 672 798 900 930 1138 1193 1205 1229 1435
242 262 463 480 672 881 921 976 1065 1217 1389
452 171 195 310 356 491 642 1075 1092
627 123 173 211 267 316 463 480 730 810 812 930 994 1005 1252 1445
672 221 355 746 760 881 921 976 1036 1138 1232
921 9 221 327 375 881 1138 1205 1207 1217
976 291 327 370 746 760 788 881 1036 1065 1138 1205 1446
1036 221 480 746 760 881 1065 1138 1205
1138 42 293 316 327 483 502 623 746 760 788 798 881 918 1065 1217 1232 1252 1435
1193 167 175 310 356 461 994 1221
1207 55 249 275 327 375 482 603 609 1188 1198 1205 1328
1217 316 798 1393
1373 283 474 590 1065 1151 1164 1367
1435 220 349 413 822 1232
9 267 316 480 483 493 513 531 652 930 998 1105 1244 1269 1489
267 282 399 404 483 750 767 860 998 1279 1446 1489
316 42 123 173 480 531 603 613 812 918 930 1244 1297 1465
480 211 590 843 1372 1445 1471
483 173 361 468 509 551 603 788 1252 1259 1485
493 551 693 705 850 998 1105 1182 1244 1372
513 144 173 361 406 694 731 998 1021 1224 1259 1401
531 355 466 998 1269 1489
652 64 113 257 263 338 963 1100 1267
930 19 42 123 327 355 603 675 746 1259 1308 1465
998 355 619 693 694 750 1161 1167 1252 1259 1300 1308 1372
1105 42 147 356 675 794 810 926 1054 1244 1297 1388 1489
1244 466 468 694 750 1232 1372
1269 102 331 463 730 750 761 889 918 1089 1300 1387 1388 1489
1489 361 406 468 562 694 860 1308 1472 1485
10 169 191 448 605 834 835 1041 1050 1329
169 34 108 114 206 441 719 745 940 1120 1143 1178
191 53 116 280 448 589 834 883 1023 1070 1103 1154 1213
448 15 453 606 745 940 967 1050 1415
605 31 143 152 206 212 606 799 835 836 874 1000 1004 1025 1132 1246 1301 1437
834 180 426 589 890 928 997 1041 1069 1103 1160 1180 1213 1461
835 27 121 341 564 799 800 836 893 967 1000 1317 1424
1041 251 475 487 669 890 1103 1180 1227 1410 1415
1050 70 114 121 376 389 428 719 1064
1329 27 31 114 118 441 606 875 967 1208 1301 1368 1407
11 22 199 465 707 741 804 818 988 1066 1175 1345
22 208 249 283 397 482 623 680 707 757 818 957 992 1087 1196 1258 1314 1345 1352 1452
199 167 329 763 792 818 908 957 988 992 1087 1106 1352 1381 1382
465 29 135 200 371 540 655 869 985 1251 1349 1452
707 68 135 175 397 438 609 673 735 763 792 818 1074 1087 1276 1314 1352 1389
741 471 482 1221 1238 1345 1352 1381
804 167 171 320 560 994 1092 1328
818 104 660 763 792 828 855 942 1074 1087 1258 1352 1420
988 75 130 214 227 445 660 942 985 992 1032 1175 1258 1302 1323 1381 1495
1066 38 93 134 204 360 438 514 543 641 677 681 848 1037 1083 1238
1175 29 130 135 350 445 936 992 1094 1221 1276 1381
1345 397 660 674 763 785 792 869 1229 1452
12 85 180 410 852 890 1070 1137 1370 1428
85 34 158 589 665 859 997 1125 1227 1245 1461
180 253 457 570 800 852 1028 1070 1220 1407
410 174 251 282 457 544 564 928 1180 1415
852 143 241 342 442 459 557 570 840 924 1132 1204 1311 1499
890 61 251 457 697 857 970 1022 1056 1070 1180 1415 1447
1070 189 322 442 487 570 676 836 1056 1128 1415
1137 61 70 231 564 1020 1180 1415
1370 35 253 557 570 692 893 924 1028 1147 1383 1428 1437
1428 121 312 342 457 487 566 802 955 962 1028 1128 1213 1220
13 89 186 501 663 753 1039 1051 1206 1210 1492
89 273 494 503 507 1168 1206
186 351 358 383 494 501 507 593 663 747 931 1152 1206 1364 1434
501 45 358 373 507 547 587 716 747 771 880 948 1051 1119 1364
663 97 332 359 364 383 422 547 601 656 863 919 939 1104 1107 1116 1202 1250 1281
753 321 358 373 462 520 1080
1039 417 667 777 945 1337 1378 1430
1051 44 224 273 383 446 507 547 747 1002 1168
1206 273 321 351 555 631 806 1400 1425 1451
1210 20 205 321 333 351 494 520 532 536 539 555 739 958 1090 1191 1339 1430 1439 1448
1492 205 462 536 539 712 716 919 958 1152 1364 1419
14 40 49 79 228 288 295 488 515 613 791 889 1043 1387 1462 1464
40 64 117 258 266 281 318 414 488 569 613 723 790 885 1073 1267 1479 1482
49 95 331 761 975 1387 1463 1471
79 146 228 276 288 415 569 790 1099 1408
228 146 243 309 827 1007 1464
288 95 318 344 569 577 1047 1350 1408 1464 1479
295 21 146 207 276 344 366 569 577 580 781 791 813 851 1133 1219 1350
488 95 415 895 1005 1140 1471
515 263 414 486 885 920 1482
613 21 74 102 117 478 644 885 1089 1300 1479
791 478 838 973 1100 1133 1162 1256 1417 1464 1482
889 211 632 644 750 790 1247 1462 1471 1479
1043 21 102 198 276 281 577 1046 1047 1133 1162 1219 1464
1387 331 356 577 594 619 814 843 1031 1034 1047 1252 1388 1462 1463
1462 281 331 345 632 644 790 843 1102 1294 1463
1464 207 266 276 344 415 572 1186 1350
15 176 453 521 589 665 884 1029 1174 1178
176 34 116 376 745 907 1231 1456 1494
453 34 70 122 158 376 475 516 656 883 907 927 946 997 1103 1169 1227 1245 1461
521 34 181 525 683 759 844 907 946 993 1029 1071 1111 1227 1231 1336 1378
589 70 475 665 883 997 1010 1169 1227
665 70 116 178 389 891 1125 1180 1231 1245 1249 1336
884 53 178 389 437 525 879 927 974 1029 1130 1154 1231 1334 1416
1029 27 158 389 437 516 859 879 892 928 1064 1174
1174 34 379 516 561 575 591 683 859 867 892 907 974 997 1169 1241 1245
1178 181 428 719 867 907 1120 1336 1368 1494
16 200 497 908 1106 1288 1436 1441
200 135 227 411 576 787 1476
497 130 518 655 831 908 1298 1377
908 310 350 1075 1343 1377
1106 135 249 397 482 499 609 738 792 1087 1314 1342 1382 1452
1288 495 961 1076 1343 1377 1393 1436 1495
1436 247 350 363 1076 1286 1389 1457 1467 1495
1441 57 130 350 395 440 668 961 1076 1343 1382 1389 1457
17 38 390 552 630 677 737 842 960 1423
38 436 514 630 677 848 1015 1083 1264 1367 1421
390 177 555 618 703 715 737 771 931 1195
552 321 412 511 571 620 754 782 960 1151 1434 1487
630 37 490 514 677 715 848 1164 1195
677 421 469 574 641 738 1083 1151
737 330 358 412 446 631 771 833 1315 1443
842 553 571 671 703 771 826 913 1199 1396 1423
960 283 474 620 754 782 822 826 1369 1421
1423 37 99 514 709 848 913 1185 1264 1367
18 320 413 754 815 1065 1151 1421
320 436 461 681 815 1312
413 175 183 204 220 221 1151
754 269 474 620 706 815 822 1164 1312
815 183 204 246 283 738 788 1205 1367
1065 269 291 293 368 375 509 590 746 788 822 855 881 1279 1465
1151 134 204 585 620 623 848 1367 1421
1421 204 269 283 421 571 620 641 913 1083
19 67 367 567 730 761 810 812 901 918 1005 1297 1388 1395
67 262 436 461 491 826 1033 1092 1431
367 463 730 761 850 901 918
567 211 588 730 790 798 810 812 850 918 1034 1161 1395 1463
730 211 705 918 1285 1372 1463 1485
761 331 850 901 918 1285 1388 1463
810 327 331 463 918 975 1297
812 463 705 843 1034 1285 1445
901 55 173 211 553 918 1005 1282 1285
918 551 675 949 1259 1372 1408
1005 211 317 331 675 814 1388 1422
1297 173 327 463 705 760 1161 1388
1388 569 937 1161 1372 1395 1463
1395 211 467 542 603 675 926 1034 1124 1198 1282 1393
20 511 625 631 931 1090 1339 1439 1443
511 88 141 409 520 562 837 881 1315 1338 1497
625 231 269 289 690 1191 1365 1478
631 592 706 837 1118 1312 1315 1338 1460
931 205 373 462 539 621 958 968 1158 1339 1434 1477
1090 105 141 370 520 532 562 690 699 706 740 1160 1443 1448
1339 205 446 532 536 539 739 1135 1378 1434 1448
1439 141 205 446 536 716 739 945 968 986 1312 1378 1403 1430 1443 1477
1443 205 520 536 592 986
21 119 243 486 572 577 580 827 885 1009 1046 1047 1162
119 146 572 811 886 897 929 1162 1186 1219 1256 1417
243 188 345 551 594 617 644 885 916 1187 1239 1418
486 266 309 345 414 600 1073 1084 1201 1324 1432 1482
572 207 344 478 781 838 886 979 1009 1014 1133 1256 1299 1417 1482
577 64 131 414 790 885 895 1046 1047 1099 1219 1350 1479
580 146 276 600 666 729 886 895 920 929 1133
827 258 309 1046 1267 1311 1324
885 102 117 146 281 982 990 1102 1267 1324
1009 102 281 344 851 920 1046
1046 344 781 1047 1186 1432
1047 344 1219
1162 87 207 414 813 1014
208 134 283 436 527 623 855 869 1037 1083 1322 1341 1452
249 193 310 461 482 934 1033 1229 1302
283 100 397 481 620 623 738 757 869 1033 1341
397 29 166 214 278 335 353 1238 1314 1342 1420
482 75 471 934 957 1087 1094 1314 1352 1495
623 204 527 543 681 738 869 942 1037 1185 1452
680 353 609 660 674 757 763 769 792 1087 1230 1238 1314 1352
757 92 104 166 175 187 275 329 353 510 527 660 735 763 828 959 1177 1238
957 75 167 609 942 1094 1221 1229
992 445 660 1258
1087 29 471 510 609 848 942 1314 1420 1495
1196 474 527 738 1094 1328
1258 130 193 371 445 792 936 1251
1314 29 104 369 381 471 748 785 792 1074 1420 1452
1352 543 559 609 763 934 1076 1238 1276 1328 1476
1452 29 371 527 660 674 769 792 942 985 1085 1238
23 246 378 388 526 565 684 736 803 854 1057 1110 1117 1123 1197 1218 1396 1425 1458
246 62 86 313 388 396 736 742 803 1096 1110 1117 1270 1384 1396 1397 1404 1425 1458
378 60 219 323 530 670 770 803 806 809 830 980 1212
388 60 93 715 742 775 1096 1197 1290 1458
526 125 127 303 611 651 700 922 977 1057 1218 1379 1454
565 80 250 319 523 628 633 670 1117 1486
684 99 593 742 803 806 1110 1270 1384 1397 1451
736 86 96 219 323 496 628 651 703 775 1078 1096 1110 1197 1257 1379 1384 1396 1404
803 62 232 250 313 336 593 742 1096 1110 1451 1458 1488
854 62 126 290 300 689 1218 1270 1293 1396 1413 1425 1458 1470
1057 197 303 500 634 1008 1214 1218 1265 1270 1379 1396 1404
1110 62 232 1197 1199 1218 1384 1397 1458
1117 86 496 593 742 744 775 905 1257 1397 1451
1123 37 93 304 496 618 712 715 775 817 1078 1096 1197 1396
1197 500 775 1142 1396 1413
1218 107 127 500 873 977 987 1173 1214 1379 1454
1396 86 124 523 715 742 830 1212
1425 86 313 496 618 712 806 830
1458 37 60 62 93 553 689 742 1384 1404 1413
24 39 73 147 292 455 584 608 766
39 247 395 455 642 685 743 766 1081 1295
73 343 947 1122 1291 1377
147 41 47 111 168 542 610 685 701 726 1086 1122 1124 1295
292 36 56 433 764 783 965 1081
455 36 41 315 343 440 584 608 743 831 999 1188 1291 1295 1321
584 47 56 65 247 315 495 701 743 766 1291 1321
608 41 315 467 518 642 766 934 999 1076 1124 1295
766 467 518 965 1122 1382
25 172 549 720 941 1114 1347 1386 1402
172 425 549 622 640 875 1114 1347 1386
549 118 606 849 1004 1386
720 622 1114 1347
941 875 940
1114 118 152 622
1347 1303 1402
1386 118 622 719 1368
1402 441 836 849
55 123 354 937 1034 1422
937 1247 1422
999 47 65 467 489 542 642 1054 1076 1262 1467
1198 350 491 643 994 1033
1247 173 542 798 1054 1282
1472 42 168 221 1016 1285 1393
27 31 114 836 1000 1208 1301 1303 1368
31 121 341 676 1004 1112 1249 1368
114 389 441 564 606 824 1000 1004 1064 1143 1301 1368
836 48 162 280 606 799 967 1004 1301 1354 1407
1000 108 799 940 1249 1301
1208 61 152 162 425 441 640 874 1112 1303 1368
1301 152 212 799 1246 1303 1317 1368
1303 441 606 799 940 1004 1064 1249 1368
1368 606 1120 1246 1249
28 144 259 264 417 768 861 882 1021 1089 1160 1166 1280 1292
144 74 133 235 286 361 404 419 466 731 733 768 861 1160 1280 1292 1307 1353 1459 1478
259 64 254 282 286 404 418 1020 1268 1308 1363 1459 1498
264 59 133 215 218 231 261 417 418 710 740 1160 1166 1184 1222 1498
417 145 254 261 282 307 431 456 470 731 820 857 906 953 1020 1030 1089 1182 1292 1332
768 58 231 238 361 409 568 725 861 868 964 1021 1149 1160 1292
861 174 255 311 409 418 419 551 573 581 733 820 862 868 964 1149 1160 1167 1261 1280 1478
882 115 133 174 231 252 311 456 554 725 734 862 1182 1222 1261 1378 1456
1021 58 318 349 355 361 404 468 619 725 731 767 846 860 888 906 1031 1224 1478
1089 255 355 693 797 820 846 868 1022 1280 1353 1383
1160 215 218 419 447 659 731 857 868 1030 1069 1292 1308
1166 255 282 404 857 868 953 1031 1280 1292 1307 1326
1280 115 203 231 282 355 466 468 573 725 731 868 906 1167 1261 1308
1292 58 59 252 254 370 409 419 581 706 725 731 733 820 1167 1261 1279
29 68 674 773 1235
68 166 220 291 481 559 609 660 749 942 1177
674 104 135 510 559 792 1238 1276 1371 1381 1420 1476
773 184 285 402 479 484 612 793 1008 1038 1171 1469
1235 32 226 277 339 381 402 508 612 763 793 932 1038 1052 1172 1215 1237 1323 1469
30 146 151 352 588 973 1219 1272 1366
146 87 276 478 533 614 776 886 929 1140 1256 1417
151 56 317 400 588 816 1086 1088 1163
352 347 400 588 914 973 991 1243
588 281 541 732 914 973 996 1243 1366 1399
973 477 1243 1385
1219 276 776 1417
1272 281 545 912 984 996 1243 1366
1366 69 400 477 729 784 1140 1408
121 212 280 322 442 557 566 970 1317 1407
341 48 143 212 322 874 967 1143
676 118 206 849 874 955 970 1004 1025
1004 108 152 212 280 322 606 799 874 875 970 1189 1317 1354
1112 162 189 280 459 626 799 800 874 955 970 1028 1132 1354
1249 441 606 849 970 1246
32 226 236 339 353 408 508 510 686 785 959 1444 1469 1476
226 184 339 514 559 735 787 1038 1276 1342
236 76 165 184 223 277 285 369 381 408 479 510 529 654 749 951 1351 1371
339 72 135 142 278 329 510 785 942 1230 1251 1335 1342
353 54 92 142 166 278 510 735 959 1177 1242 1276 1392 1420 1469
408 134 165 184 335 381 416 490 686 756 910 932 1237 1371 1394
508 214 277 369 576 748 787 829 932 1237 1469
510 72 142 329 369 735 829 1038 1342 1420
686 72 222 326 381 534 612 841 932 978 1038 1052 1335
785 104 165 278 369 959 1038 1335 1351
959 92 165 184 216 278 381 749 1361
1444 402 416 748 787 793 829 1237 1455 1469
1469 411 792 932 1052
1476 540 932 1094 1251 1323
51 234 332 394 504 538 678 863 896 904 927 945 1119 1183 1289 1414
52 97 157 678 863 1119 1375 1390
287 383 656 683 695 698 805 904 915 1019 1045 1059 1079 1320 1390 1473
536 205 224 494 532 539 833 935 968 1426 1448 1477
698 156 394 601 777 863 904 1072 1157 1240 1289 1320 1356 1473
758 454 661 805 923 1289 1390 1468
863 405 649 777 1042 1067 1250 1473
896 332 462 587 602 904 1082 1346 1378
1019 299 394 504 587 777 1042 1067 1390 1473
1067 139 234 394 656 661 1072 1241 1390 1473
1072 394 403 587 678 945 948 1375 1398
1079 45 394 454 504 561 923 1183 1202 1241 1390 1473
1129 234 919 1119 1157 1202 1320 1375 1398 1481
1281 332 422 602 695 777 1320 1398 1481
1355 233 307 439 464 492 525 561 575 714 883 1045 1125 1356 1473 1490
34 233 389 516 575 649 714 719 805 879 1231 1241 1390 1398 1416
233 53 299 437 498 504 525 561 575 656 907 1071 1111 1130 1231 1346 1356 1410
389 376 379 759 795 867 1064 1139 1231 1410
516 158 429 683 795 879 1231 1424 1490
575 53 158 464 656 824 879 974 1071 1169 1231 1334 1410
649 53 437 615 656 892 923 927 1154 1180 1390 1416
714 109 492 498 525 595 911 1018 1059 1130 1176 1337
719 122 376 824 867 1143
805 90 156 439 460 504 538 722 993 1045 1240 1346 1416
879 53 385 892 923 974 1111 1130 1334 1336
1231 525 974 1071 1169 1410 1414 1490
1241 178 385 859 1111 1424 1490
1390 139 256 294 394 678 904 923 1473 1481
1398 90 97 156 234 587 602 993 1045 1250
1416 109 299 307 437 656 923 1111 1130 1346
35 164 241 253 457 557 1179 1278 1331 1391
164 312 487 544 558 566 697 796 893 1022 1383 1411 1453
241 153 286 348 550 566 893 943 1028 1084 1411 1437
253 312 487 570 893 966 1121 1204 1354 1383
457 1134 1278
557 143 348 570 692 874 970 1128 1134 1147
1179 48 153 268 312 398 708 801 802 856 962 1056 1141 1204 1253 1331 1383 1391 1449
1278 189 1180
1331 129 312 338 393 398 430 563 637 662 708 963 966 1056 1109 1141 1383 1447
1391 268 312 582 637 646 893 1056 1383 1453
36 764 965 1282
764 245 334 423 726 783 912 1295
965 111 423 433 783 991
1282 168 542 569 1016 1054 1081 1285 1422
37 62 99 100 290 618 671 826 1185 1264
62 60 300 514 548 709 712 742 877 1078 1257 1397 1404
99 232 313 548 671 709 826 1185 1270 1406
100 187 232 490 673 703 1003 1146 1406 1413
290 232 715 826 1127 1146 1460
618 232 313 553 709 1413
671 134 438 574 709 715 728 742 873 1185 1293
826 232 313 548 553 709 742 771 1146
1185 689 703 715
1264 177 185 585 620 775 913 1195 1274
436 167 183 291 474 502 681 1164 1205 1238 1367 1369
514 641 1146 1460
848 360 585 822 869 1037 1450
1015 134 421 585 788 855 1037 1367
1083 220 291 574 977 1450 1460
1367 204 585 1164
247 57 315 395 467 495 831 947 961 1075 1122
395 668 1291 1389 1457
642 195 310 495 726 961 1054 1262 1295 1341 1377 1457 1467
685 41 65 168 245 433 467 643 711 1081 1124 1188
743 41 343 433 518 701 900 926 1075 1302
1081 41 168 245 433 489 542 701 783 991
1295 65 315 343 467 947
64 202 255 851 925 956 1031 1100 1102 1109 1156 1187 1224 1300
117 188 257 266 281 318 569 920 1097 1156 1187 1318 1385 1471
258 113 131 266 309 346 424 512 1053 1100 1432
266 263 354 778 1097
281 188 344 619 925 982 1294
318 95 188 345 629 790 982 1161 1187 1300 1427
414 478 813 1201 1324
569 102 198 276 331 344 366 415 895 975 1088
723 415 594 644 790 843 975 1350 1418 1471
790 466 632 644 1097 1102 1471
1073 113 202 230 325 424 430 871 887 888 956 963 1084 1100 1156 1187 1300 1427 1449
1267 66 74 113 345 424 512 617 956 1007 1053
1479 1408
1482 263 346 354 512 600 920 1324
41 47 542 610 701 1243
47 111 245 610 783
542 65 245 610 701 726 991 1054
610 65 315 317 701 1032
701 168 711 726 949 1054 1124
1243 132 545 729 1209 1255
42 211 900 926 1016 1285 1467
211 173 331 463 675 850 1285
900 368 926 1099 1377
926 65 168 171 195 711 726 794 1054
1016 356 794 1393
1285 173 603 705 975 1034 1161 1372
1467 77 195 368 467 668 1076 1170 1262 1302 1321
43 83 422 621 636 739 1044 1107 1118 1340
83 155 633 670 823 1091 1108 1263 1480
422 45 383 460 503 547 1024 1026 1080 1082 1119 1202 1364 1481
621 80 229 260 319 333 351 1002 1048 1049 1319 1380 1486
636 273 364 434 604 786 1080
739 177 462 503 532 539 562 716 1082 1157 1364
1044 106 506 578 944 1062
1107 80 260 273 340 364 434 524 1200 1419 1486
1118 105 446 538 539 691 833 968 1378 1430 1448 1477
1340 434 494 507 1026 1096 1116 1168 1364 1419
44 159 256 405 434 454 601 866 899 1062 1202 1320 1375
159 866 1024 1250 1287
256 139 157 454 591 601 866 1473
405 97 138 403 454 601 661 695 899 948 1287
434 97 273 364 507 688 938
454 97 359 724 786 866 899 1060 1287 1375
601 139 157 359 602 777 866 899 904 1287 1375 1473 1481
866 97 383 904 939 948 1104 1202 1364
899 97 403 948 1104 1287 1375
1062 209 386 506 695 1013 1060 1145
1202 90 97 294 394 403 695 724 1026 1104 1320 1481
1320 157 234 359 403 602 938 1080 1104
1375 45 139 297 394 695 722
45 90 97 139 156 358 383 503 724 786 919 939 948 1026 1104 1481
90 97 294 332 403 1104 1116 1319
97 138 724 948 1060 1104 1116
139 394 678 1183 1356
156 321 667 993 1119 1152 1157 1346
358 462 507 724 747 919 1082 1364
383 234 555 1082
503 333 364 460 695 777 1024 1119
724 403 494 602 1119 1448
786 106 138 305 333 460 939 1017 1101 1319
919 210 294 948 1026 1119
939 138 163 210 340 364 599 938 944 948 1001 1358
948 163 210 772 945 1104 1426
1026 273 403 507 547 1082 1119
1104 294 332 403 525
1481 109 332 403 460 507 602 716 880 1119
262 399 461 798 1033 1232
349 619 1205 1252 1372 1445
517 115 370 562 862 964 1149 1365 1497
760 463 502 798 1205 1465
994 195 368 399 440 560
1222 174 431 470 638 710 740 953 1018 1030 1184 1211 1325
1259 203 355 361 447 466 551 860 1224 1307
1294 188 406 519 619 632 801 906 966 1102 1167 1224 1459
111 711 784 1086 1122 1124 1255
245 783 1075
783 711
48 61 206 251 799 1143 1254
61 162 470 669 1069 1447
206 189 212 280 322 799
251 426 564 622 928 1023 1103 1121 1180 1211
799 152 212 322 1028 1317 1407
1143 108 426 940
1254 113 129 345 346 424 778 887 1007 1100
95 975 1161
331 102 415 843 1372 1471 1485
975 136 632 675 1463
1463 102 594 632 868 1161
1471 102 257 594 632 644 1187 1239
50 472
472 78 328 1060
234 602 1059 1157 1240
332 321 460 507 1477
394 525 538 656 661 678 777 904 1183 1250
504 439 492 538 667 844 867 993 1113 1240 1250 1289 1334 1337 1346 1356 1414
538 498 691 993 1059 1337 1414 1430
678 157 297 359 602 722 777 904 923 1287
904 157 297 923 1289
927 53 437 656 667 777 795 915 923 1042
945 109 224 1157 1337 1346 1430
1119 403 986 1152
1183 181 923 1356 1473
1289 656 844 923 1042 1356 1473
1414 215 492 595 691 911 993 1045 1113 1240 1346
157 1250
53 299 656 683 993 1071 1111 1130 1334 1424 1490
299 915 940 993 1045 1113 1130 1154 1473
656 181 437 591 615 661 974 1336
683 158 178 376 525 561 892 1139 1169 1410
993 464 844 1045 1113 1410
1071 385 525 946 1154 1410 1490
1111 158 437 595 974 1490
1130 112 215 464 561 1490
1334 158 437 795 974 1154 1169
1424 379 428 759 867 940 1120 1494
1490 464 525 561 661 892 1113 1410
54 81 125 222 223 476 534 653 779 1242 1371 1442
81 82 303 499 611 653 1242 1361
125 197 490 651 700 873
222 76 179 184 484 793 1063 1159 1371
223 72 187 335 749 756 828 1361
476 285 653 789 1344 1351
534 76 479 654 841 872 1159
653 469 894 922 1214
779 76 216 285 335 624 648 700 954 1335
1242 391 479 1215
1371 72 184 391 479 529 648 654 954 978 1351 1394
1442 182 335 391 624 648 654 735 1351 1361
123 193 419 603 694 814
354 102 188 512 982 1007 1156
1034 675 705 949 1054 1393
1422 317
56 196 317 347 423 711 853 902 1255
196 69 473 477 666 819 1255
317 168 415 949 991
347 912
423 69 853 902
711 168 902
853 400 666 729 912 984 991 1163 1318
902 400 784 1255
1255 400 991 1086 1163
57 936 1076 1291 1298
936 75 540 655 787 831 898 1262 1359 1377 1495
1076 368 495 668 831 1075 1170 1302 1377
1291 315 489 495 668 947 961 1075 1094 1122 1321
1298 535 985
58 282 456 468 629 820 868 1167 1353 1478
282 231 254 255 289 419 470 731 857 964 1030 1167 1326 1353 1363 1456
456 218 231 261 419 447 710 857 1059 1095 1131 1149 1194 1325 1326
468 74 235 255 355 361 466 551 693 797 1224 1268 1401 1485
629 115 129 255 544 924 925 1031 1167 1353
820 88 133 419 710 731 857 868 1261 1326
868 59 203 255 311 573 659 731 1182 1326 1478
1167 235 255 361 659 731 767 846 1307 1308 1353 1478
1353 406 447 573 693 725 797 906 966 1224 1308 1478
1478 173 235 255 361 406 447 693 801 846 860 1401
59 133 409 447 590 607 734 862 1194 1261
133 88 115 174 252 370 581 706 734 1182 1308 1365 1498
409 289 418 581 1149 1497
447 115 235 286 361 573 767 846 964 1031 1224 1307 1308
590 221 509 746 788 1369 1446
607 88 141 690 862 953 964 1279 1330
734 88 174 252 311 418 419 562 857 1191 1194 1307 1330 1456 1498
862 105 115 141 370 568 581 733 767 864 1149 1191 1194
1194 88 174 190 252 562 568 1465 1498
1261 145 174 190 218 699 740 1018 1095 1182 1326
60 185 548 553 593 712 715 742 775 1078 1397
185 474 593 1195 1384
548 219 330 469 559 1322 1404 1470
553 93 592 593 775 980 1003 1274 1312 1397 1460
593 396 401 412 496 742 1096 1135 1270 1451
712 86 127 313 505 555 770 876 903 905 1257 1310 1451 1488
715 184 709 782 1127
742 93 300 496 913 1096 1270 1397 1404
775 93 232 313 396 505 728 744 1384 1397
1078 323 530 1212 1404
1397 93 330 396 689 744 1096 1135 1305 1384 1404
162 322 564 692 953 967
470 145 218 444 554 699 1069 1095 1103 1184
669 429 928 1010 1023 1069 1103 1461 1498
1069 431 691 953 1030 1213 1461
1447 70 238 348 475 564 1022 1466
300 86 124 127 149 250 530 728 830 905 1199 1305 1419
709 330 1037 1127 1146 1384 1460
877 82 336 611 634 789 1127 1146 1214 1293 1296 1406 1454
1257 396 496 744 1168 1195
1404 93 232 496 598 1096 1460
63 382 558 708 962 1020 1056
382 143 637 646 659 708 925 966 990 1035 1100
558 153 268 296 407 550 566 582 871 893 1234 1253 1311
708 544 637 856 962
962 74 230 286 573 697 801 925 1268
1020 238 286 638 697 857 1030 1035 1220 1268 1312 1326
1056 254 268 342 637 893 1141 1304 1383 1466
202 148 230 519 856 925 956 982 1153 1316
255 235 466 573 693 797 801 846 860 1308 1485
851 132 780 1133 1350 1408
925 66 148 230 257 345 659 796 856 888 1007 1031 1153 1156 1187 1418
956 148 325 563 906 966 1007 1100 1102 1187 1324 1418
1031 286 365 519 659 801 906 966 990 1035 1100 1308 1459
1100 188 357 407 982 1102 1324 1418
1102 230 345 632 646 693 888 906 1153 1300
1109 230 268 296 325 365 544 563 617 637 796 801 856 966 1084 1141 1316
1156 113 148 268 338 345 365 856 887 963 1007 1234
1187 131 345 632 850 888 916 982 1007 1300 1418
1224 66 257 404 693
1300 66 102 632 644 693 801 888 1418
65 315 343 433 467 518 912 949
315 334 343 433 440 489 518 1124 1170 1321
343 334 467 518 668 1122 1302
433 726 1124 1445
467 518 947 1321
518 831 1124 1262 1457
912 784 1163
949 168 991 1262
66 74 257 519 659 767 888 906 1459
74 361 393 519 551 659 725 888 906 982 1459
257 148 230 325 338 365 424 519 632 990 1007 1097 1234 1427
519 129 230 325 801 856 888 966 982 1007 1141 1153 1449
659 145 617 796 906 982 1449
767 203 235 419 573 725 731 846 1308 1485
888 113 148 345 563 906 1097
906 102 113 404 406 617 694 801 982 990 1459 1485
1459 404 544 693 964 982 1007
461 171 175 310 560 643 1061 1286
491 275 399 440 560 1229 1393
1033 275 356 399 681 869 1092 1229 1286 1328
1092 275 399 681 1094 1229 1286
1431 167 293 375 502 746 1085 1221
166 213 329 360 769 1012 1313
220 275 1077 1328
291 183 193 293 681 1232 1465
481 175 278 527 673 763 869 1074 1221
559 142 445 499 735 763 1276 1335
609 175 655 831 942 1074 1177 1381
660 104 142 769 792 1238 1381
749 72 381 479 654 655 828 932 951 1172 1177 1260 1342
942 175 329 360 1074 1238 1276 1322
1177 187 371 469 490 641 910 1405
69 545 984 1163 1271 1318
545 541 732 1283 1362
984 270 639 1086 1283 1318 1493
1163 784
1271 639 666 687 1318
1318 996 1140
70 907 946 967 997 1180
907 152 376 591 795 892 946
946 116 426 844 928 997 1125 1169
967 322 376 1147 1407
997 429 561 867 928 1010 1125 1131 1227 1410
1180 322 426 1213 1415
71 260 664 971 1091 1310 1486
260 80 682 935 1199 1310 1348 1480
664 229 682 1093 1348 1488
971 106 319 384 670 809 935 1190 1348 1480
1091 323 865 935 1480
1310 80 670 770 823 983 1486
1486 149 319 323 809 823 983
72 104 142 165 184 529 756 910 1172 1342 1361
104 360 763 769 792 828 1230 1238 1276 1344 1420
142 369 371 381 769 1335
165 76 92 184 335 402 411 648 756 951 1342 1455
184 326 381 756 932 1361
529 182 216 277 416 479 951 1260
756 335 1052
910 187 1012 1172 1333 1344
1172 92 187 216 329 335 391 499 648 1230
1342 92 182 278 381 1052
1361 371 727 1392
947 371 668 1094 1122 1343 1389
1122 668 1262 1302 1321
1377 195 495 934 1032 1188 1382 1457
361 221 235 355 466 619 693 731 750 860 1308 1401
393 120 129 268 407 430 617 796 871 1234 1253 1304 1411 1432
551 355 466 619 798 860
725 731
982 120 345 632 916 1097
75 668 792 934 1061 1094 1221
668 77 440 495 831 934 961 1321 1343 1382
792 130 214 278 1061 1238
934 350 399 1074 1221
1061 130 329 350 368 399 961 1032 1170 1188
1094 130 471 560 1457 1495
1221 310 350 471 1238 1322 1381 1457
76 179 277 954 978 1052
179 285 335 381 932 954 1237 1394
277 748 872 1052 1159 1349 1455
954 182 216 479 654 978 1351
978 182 416 484 872 1159 1171 1237 1335
1052 932 1038 1237
77 350 1075
350 130 310 847 1188 1302 1389
1075 831 1054 1262 1457 1491
78 386 578 658 1228 1309 1380
386 209 658 695 717 774 1013 1228 1358
578 101 106 305 506 774 1001 1101 1216 1412 1488
658 155 944 1013 1433
1228 271 1002 1145 1190 1216 1309 1480
1309 209 1013 1200
1380 271 328 598 604 1190 1433
276 87 614 776 780 811 838 991 1099
415 1350 1408
1099 478 614 811 814 895 897 1186 1299
1408 594 1133 1350
80 229 265 633 682 770 935 1002 1108 1263 1348
229 101 1049 1093
265 340 401 670 876 880 935 1199 1200 1480 1488
633 124 319 670 682 823 935 1093
682 319 333 524 770 1002 1348 1360 1480
770 86 323 505 523 530 598 628 823 830 1048 1212
935 524 809 823 880 1190 1419 1480
1002 138 319 865
1108 865 1049 1093 1145 1190 1360 1480
1263 155 271 328 1048 1049 1216
1348 323 333 670 938 1200 1360 1480
82 197 303 306 648 789 1127 1173 1225 1293 1296 1406 1475
303 197 217 537 611 807 922 1127 1173 1215 1296 1475
499 360 490 543 828 1003 1344
611 217 232 922 1127 1173 1212 1214 1296 1405 1454
197 217 306 523 537 651 807 922 1454
306 700 1379
648 335 769 1394
789 330 635 807 1127 1225 1293
1127 490 537 894 1008 1203 1293 1296 1344 1413 1470 1475
1173 651 1008 1313 1450
1225 330 635 1146 1296 1333 1406 1475
1293 93 177 336 469 634 1203 1214 1406 1454 1470
1296 336 1008 1203 1406
1406 304 380 469 700 894 1203 1214 1384 1460 1475
1475 380 651 807 1203 1470
155 209 271 319 328 865 1136 1190 1433
670 823 1049 1116 1480
823 809 905 983
1480 319 1496
286 238 582 638 797 1363 1456 1466
431 145 710 1018 1095 1211 1325 1461 1498
616 215 238 953 1213 1227 1316 1466
1095 145 215 231 953 1010 1018 1498
1213 544 1022 1415
1326 215 231 261 419 475 857 1018 1365
1363 145 254 857 1030
1407 212 280 800 1025
1461 426 564 891 953 1010 1245
158 444 464 498 595 844 891 911
859 122 181 385 615 795 892 974 1139
1125 307 376 429 492 883 891 1245
1227 740 928 1176 1245
1245 116 891 911 1010 1176
86 126 958 980 1096
126 96 127 304 324 524 922 987 1181 1413 1454
958 177 205 539 592 1315 1448
980 93 127 598 762 1199 1265 1454
1096 93 412 496 571 689 744 1146 1451
87 198 366 541 811 895 1140 1256 1385 1399 1417
198 816 897 929 1299 1417
366 776 781 811 886 897 979 1256
541 270 639 729 1140 1283
811 533 781 816 914 1186 1256 1283 1350
895 644 897 929 1133 1350
1140 614 729 732 979 1209 1283
1256 207 477 533 813 897 914 1014 1186 1417
1385 614 979 1054 1362
1399 136 477 784 1086
1417 533 752 776 780 897 929 1014 1299
88 231 261 307 690 699
231 145 215 404 444 857 883 1018 1184 1403
261 238 498 857 1184 1456
307 112 429 444 492 691 883 891 1131 1176 1325 1415 1468 1498
690 141 562 581 699 1191 1330
699 105 418 520 554 638 710 1332 1378 1403
273 138 163 688 1135 1434
494 177 321 412 496 507 716 747 1135 1158 1488
507 373 716 747 938 1082 1338
1168 210 460 555 903 1290 1488
294 506
403 1338
1116 138 506 695
1319 138 599 695 718 1013 1216
614 729 732 780 979
776 533 897 929 1186
1133 838 897 979
1350
92 479 1012 1230 1420
479 335 391 411 654 951 1012 1394
1012 329 469 894 1333 1344 1420
1230 360 369 543
1420 329 574 735 787 828 1038 1251 1495
93 396 555 689 1487
396 177 496 524 571 688 744
555 177 313 496 524 716 728 880 1158
689 177 313 412 1384 1451
1487 141 412 592 782 822 913 1274 1315 1497
759 376 428 867
1317 485 745 1437
1161 843 850 1362
96 250 324 598 830 1199 1265
250 324 523 809 1199
324 232 304 500 523 530 598 817 987 1181 1212
598 323 628 762 817 873 1199 1212
830 124 401 983
1199 149 323 762
1265 127 304 523 873 1454
138 163 460 604 718 938 1412
1060 384 506 1101 1358
98 381 1349
381 335 369 402 411 829 932 951 1159 1335
1349 214 227 787 829 841
232 205 313
313 134 177 412 744
1270 127 304 530 537 873
187 213 469 635 727 769 869 894 1203
490 213 574 585 651 1037 1322 1333 1379
673 175 278 360 1381
703 837 1195
1003 134 337 855 1037 1085 1333 1450
1146 330 438 574 1142 1322 1413 1470
1413 700 1008
101 163 210 384 718 772 944 1145 1216 1412 1496
163 210 604
210 333 506 903
384 938 1358
718 506 604 1048 1145 1496
772 305 506 695 1013
944 106 599 774 1013 1136 1358
1145 106 271 305 328 1216
1216 1049 1136
1412 305
1496 106 209 506 1136
102 188
188 632 814 916
132 136 675 1086
360 134 204 527 869 1238 1322 1333 1450 1470
763 278 329 870 1074 1238 1335
769 585 1238 1276 1322 1344
828 175 543 641 1037 1238 1276
1238 1074
1276 175 278 411
1344 175 543 1074 1251 1313 1322 1333
105 141 190 269 554 833 1191 1434
141 269 532 706 968 1312
190 218 446 562 693 837 1378
269 115 782 964 1022 1279 1330 1403 1477 1497
554 109 218 439 492 532 581 638 986 1059 1103 1346 1403 1497
833 224 520 857 968
1191 174 289 562 568 1184 1330
1434 462 716 747 1080 1082 1135 1152 1290 1364
106 305 333 599 1013 1049
305 865
333 695 1426
599 774 1358
1013 506 657 1017 1190
1049 865 1190
107 219 1142 1454
219 807 922 977 1379
1142 336 523 651 873
1454 500 700 873 1008 1212
108 940
940 379 849
109 183 475 1045 1059 1211 1337
183 115 474 509 782 1164 1369 1448
475 116 525 953 1010
1045 587 1211 1337 1468
1059 112 215 595 691 1211 1337 1403
1211 439 498 595 1131 1240
1337 464 561 844 1240 1346 1356
530 505 905 1200
1195 412 571 728 744 1164 1384
1451 496 744 880 913 1400
784 1086
1086
1124
112 439 525 532 667 1403 1468
439 224 498 525 691
525 561 883 892 1042 1113 1169
532 215 498 520 592 986 1378
667 464 587 1113 1473
1403 252 418 419 1176 1332
1468 218 429 561 595 883 1010 1456 1498
113 325 916 1097 1432
325 230 796 856 966 990
916 131 345 406 594 644 856 1418 1432
1097 1324 1418
1432 345 346 512 594 1201
441 1246
564 322 745 800 1134 1415
606 118 376
824 181 379 867
1064 181 867 1494
115 174 289 1497
174 218 252 311 568 857
289 573 731 964 1149 1365 1497
1497 419 1330
116 426 1103 1169
426 911 928
1103 254 970
1169 437 1113 1154 1176
920 120 263 344 813
118 143 322 622 955 1147 1189
143 442 622 692 924 1028 1132 1134 1437
322 212 1437
622 626 874 970 1025 1028 1132 1354
955 442 692 1025 1028 1147 1354 1437
1147 442 570 626 874 924 970 1132
1189 1134 1354
886 752 838 897 979 1299
897 478 533 914 929 1299
929 207
1186 207 752
120 268 272 296 346 357 398 871 943 963 966 1084 1234 1316 1411 1449
268 296 357 430 582 662 893 1311
272 296 407 563 778 963
296 407 1311
346 1053 1316 1324 1438
357 365 840 1084 1121
398 312 342 617 778 802 832 871 893 966 1253 1411
871 617 662 1084 1311
943 550 563 566 582 893 1128 1453
963 148 424 430 512 1007
966 338 550 637 646 796 856 1316
1084 153 1427
1234 129 312 430 566 582 1141 1204 1253 1311 1418
1316 230 338 365 430 544 617 646 856 990 1007 1449
1411 153 348 550 566 662 832 1128 1220
1449 129 338 365 512 582 617 646 662 796 990 1324 1438 1453
212 970 1025 1220
280 485 626 800 970 1025 1437
442 348 570 924 1025 1128 1437
566 348 840 856 1028 1128
970 485 626 874
122 181 379 428 615 795 867
181 379 867
379 428 795 867 1154
428 795 867 1154 1494
615 178 464 591 1240
795 867 1139 1154
867 915 1494
193 167 560 1229
419 311 492 740 857
603 327 509 694 1465
694 355 466 619 632 693 750 1485
814 463 693 1239
124 401 903 1093 1212 1290
401 304 496 500 524 903
903 806 1488
1093 319 328
1212 500 523 987 1181
1290 351 524 880 1419
651 537 700 922 977 1379
700 127 304 527 977
873 127 304
127 304
304 977 1181
524 604 806 876 1200 1305 1400
922 807 987
987
1181 523 628 1214
430 129 312 338 424 617 796 1141 1204 1253 1427
953 145 891 1030 1456
129 365 563 617 646 778 887 1311 1427
365 148 230 312 646 796 856 1253
563 338 544 617 637 662 797 802 856 1121
617 230 338 544 796
646 338 544 637 802 856 1153 1308
778 801 887 1438
887 338 512 662 1007 1427
1311 550 797 1141 1253
1427
130 560 1495
560 167 399 440 681 1077
1495 214 540 1188
131 345 512 1324
345 1418
512 207 856 1438
1324 263 309 424 600 813 838
136 309 729 752 1006 1088
675 168 705 850
252 145 224 710 964 1325 1498
370 731 733 860 864 1279
581 568 964 1418
706 418 444 592 968
1182 218 418 562 710 1184
1308 573 731 797 846 1307
1365 427 568 864 1164 1330
1498 145 218 254 638 710 1018 1184
134 275 438 585 894 1322
275 471 1229 1341
438 574 855 1450
585 204 327 337 1164 1229 1450
894 380 469 977 1203 1214 1313 1405
1322 469 574 620 641 738 855 1470
135 787 1251 1323 1335
787 363 748 951 1171 1323 1335
1251 214 227 540 634 748 793 829 1323
1323 227 369 870
1335 369 371 1038
309 263 344 813
729 752 816 1006
752 201 473 816 979 1006 1144 1209
1006 780 1014 1299
1088 1014 1283 1362
137 570 626 832 1025 1220 1437
570 692 1025 1128 1437
626 189 485 800 1437
832 550 1121 1204
1025 425 485 875 1354
1220 348 1128 1134 1204 1499
1437 692 800 840 924 1028 1499
460 1152
604 340 938 1001 1419
938 340 1360
1356 218 602 844 1113 1346
140 201 387 1362
201 732 995
387 819 995
1362 819
968 205 539 986
1312 412 421 782 822 964 1037 1274 1315
369 574 738
371 214 227 445 540 985
692 662 802 875 924 1028 1134
924 348 874 1028 1128 1134
1028 279 459 1499
1132 189 348 1354 1499
1134 348 875 1128 1453
235 203 573 731 797 846 860 1307 1401
404 254 990 1035
466 355 619 860 1268 1401
731 327 788
733 864 1279
1307 509 846
145 215 710 740 1018 1325
215 444 691 697 891 1131 1378
710 568 740 1131 1184 1325 1332
740 418 444 638 891 1018
1018 444 986 1022 1023
1325 444 883
478 838
533 780 1014 1299
168 794
726
148 801 1007
801 637 797 990
1007 1485
149 628 762
628 762
762 505 523 983
203 573 1149
238 254 1268 1383
254 857 1022 1030 1268
857 964
1030 205 1456 1466
1239 644 750 1485
1268 697 1035 1304
400 1283
816 477 732 979
152
153
293 221 746 1205 1232 1465
502 327 705 1232 1393
746 509 881 1465
881 788
1205 221 681 1232
1465 221 1446
209
271
319
328 1048 1136
865
1136 506 1048
1190 1048
1433 717
321 205 351 373 462 744 1152 1158 1338
1152 539 716 1135 1477
1157 1082 1240
1346 498 595 844 974 1378
1250 695 722 1287
444 418 638 1176
464 561 844 1176
498 429 492 595 691 1113 1131 1176 1410
595 492 891 911 1010 1176
844 1113
891 1023
911 492
1024 506 1287
1287 359 1426
178 385 591 915 1336
373 224 587 716 744 1135 1477
587 492
1113 892 1473
1240 1473
173 327 463 705 850
355 846 860 1279 1401
619 406 644 750 860 1401
705 1054
843 1252
850 1252
312 189 637 802 893 990 1253 1383 1453
487 856 1121 1141 1304 1383
544 582 662 856 990 1153 1204 1253 1453
697 342 797 1022 1304
796 230 338 1141
893 802 1022 1121 1204 1453
1022 802 1304 1466
1383 856 1141 1304 1453
1453 342 662 1121
335 391 576 1171 1351 1392
402 411 870 932 1038 1171 1455
411 216 654 932 951 1038 1063
951 416 654
1455 326 363 576 612 793 1063
213 635 977 1333
329 576 735
1313 469 855
167 368 471 643 1074 1077 1229 1286 1328 1341
368 495 1032 1188 1372 1382 1491
471 1341 1381
643 171 310 681 847 1188 1229
1074 214
1077 1286 1328
1229 171 681 1085 1188
1286 463 1328 1341
1328 175 527 738 1381
1341 175 527 641 869
794 1170 1393
745 1010
1120
171 195 310 356 440 1188 1232 1262 1457
195 356 798
310 1382
356 399
440 399
1188 1170 1457
1232 221
1262 489 961 1170
1457 831 1170 1389
425
640 875
875
327 221 798
463 375 798
218 418 638 1131 1477
311 418 568 638 864
568 1131
175 527 869 1085
527 543 681 869 1037 1085 1381
869 337 641 1085
1085 204 221 681
376
1456 342 1184
1494
177 571 620 744 771 1384 1448
571 412 771 1338
620 421
744 496 688 1400
771 412 782 837 1158
1384 913 1158
1448 205 446 462 539 716 1378 1430
385 437 591 892
591 437 1042 1154
915 892
1336 974 1410
285 654 1260 1351 1392
932 1038
1237 484 576 612 793 1171
1394 654 1159 1351 1392
800
182 654 748
654 1333
748 363 841
474 204 421 837 1164 1369
509 427
782 837 1274 1315
1164 738 1037 1369
1369
326 363 576 612 829
351 496 688 747 1158 1488
747 716 880
1364 876 880 1080 1419
469 634 641 1405
635
727 624 807
1203 336 634 977
632 230 594
189 874
874 802 849 1128
446 562 1135 1332
562 418
693 406 573 860 1035 1485
837 224 592
1378 224 1332
883 429 492 561 1023 1176
1023 1010 1410
1154 974
1010
1415
798 375 1393
473 995
477 1493
666 687 732 1144 1493
819 270 732 995 1283
217 537 807
523 817
537 817 977 1214
807
1299 780 1014
1381 445
1382 1032
227 535 870 872 1359
576 363 841 872
732 270
995 270 687
230
856 644 662 797
1153
573 681 750 1401
1149 846 964
204
205 224 418 520 539 1135
224
418 638 1330
520 462 539
539 986 1135
1135 716 880 1158 1274 1338 1430
207 644 838
644
838 344 1014
855 337 641 738 1460
1037 641
506 1101 1426
977 1008 1214
1333
214 655 870 985 1389
655 535 985 1359
870
985 535 540
1389 961 1343
691 429 492
1131
216 391 1351
391 392 1351
1351 1159
638 429 1176
1477 688 986 1332
1379 380 1200
221 375
375
484 612 872 1063 1171
793 829 1171 1260 1392
1063 416 872 1171
1159 416 872
688
716 876 1080
728 462 1158 1430
880 462 905 1080
1082 1080
1338 412 1158
1419 1080 1488
735 278 445
1038 535 841 872 1171
535 898
872 392
1359
1184
437 561 974
561
1410 892
602 695 777
797 1035
846 429
860 750 1401 1485
1401
427 864 964 1279 1330
1446 788 1279 1445
802 550 1253
348 1499
550 407 582 662 1253
594
1418
1430
495 831 1343
831 489 961 1170 1302
961 1343
1302
809 983
928
1121 342
964 864 1330
1204 662
1354 459
1485 750
1473 1332
338 637 1253
424 990 1438
990 637
1053
399 847
263 600
600 1201
340 1200 1360
876 817 905 1305
1200 1488
1488 806 1305
750
1279
582 1253 1304
662
1330 864
270 639 1144
639 996
1144 687 1283
407 840
780 914
991 334
278 641
641 337 738
279 459 840
459
840 1128 1499
485
344
738 337 445 543
1499 1128
1260
1392 392
1466 1304
695 1426
1460 913
681 421 1445
781
813
297 722
722 359
359
905 505
1305
986
1158 412 806
489 1170 1321
1215 624
429
492 1176
1176
864
637
1253
412 1400
334 1170
1170 1032 1054 1321
1321
462
323
500
817 496
363 612
612
829 841
1048 774
330 1214
1214
1372 1252
1426 1101
1171 416
336 1008 1470
1008
1470
337
1360 983
342 1141
1141 1304
1438
1252
1445
847
496 806
914
1450 574
364
979 1209
1032 1393
1491
574
445
540 841 1343
806
380
1035
1358 774 1101
892 974
717
774 657 1017
1139
392
1304
661 1042
777
1283
406
416
1400 592 1080
1201
1332
421 1274
1274 822 913 1315
547
1080
974 923
1246
1128
634
1405
1493 687
788
1393
1343
543
505
1101
1315
1042 923
592
1014
841
898
1054
849
822
1001 657
996
1209
624
923
657 1017
1017
687
913
983
1440
