0 3 653 697 719
3 29 569 659 719 737 741 824
653 356 427 685 719 741
697 153 427 719 741
719 797
1
2 952
952 271 310 819 847 861
29 268 637 797
569 268 387 393 629 637 644 971
659 78 745 751
737 73 114 325 601 958 971
741 197 325 427
824 910
4 221 230 920
221 163 382 667 678
230 675 686 929
920 382
5 37 454 624 804 932
37 169 402 454 695
454 190 357 425 525 590 624 642 784
624 525 651 914 932
804 305 932
932 297 305 525 642
6 113 334
113 41 334 476 615
334 235 476 748
7 64 124 749 803 928
64 232 254 418 880
124 670 940 957
749 206 413
803 342 598
928 152 254
8 135 364 730 875
135 207 269 502 617 730
364 246 269 468 729 781 921
730 293 383 502 591 617
875 96 759 820 921
9 463 525 642
463 336 868
525 102 190 297 336 590 651
642 134 326 544 868
10 146 453 922
146 123 304 333 922
453 224 319 428 591
922 224 245 432
11 43 342 496 758
43 496 598 896
342 704 758 775 946
496 139 186 661 689
758 317
12 23 223 424 779 833
23 424 438 650
223 49 100 277
424 67 422 429 565 708 984 988
779 394 675
833 222 250 438 929
13 139 256 609
139 256 609
256 946
609 266 598 742
14 18 288 381 621 626 887 913
18 52 281 529 587 607 626
288 52 120 209 403 529 582 587 626 816 887
381 132 263 311 587 607 621 626
621 52 818
626 773 887 913
887 85 311 339 530 536 913
913 52 200 746 816
15 563 690 700 967
563 285 362 371 490 575 580 678 690
690 400 678
700 188 550 678 967
967
16 500 768 776 994
500 768
768 328 468 781
776 140 268 348 393 620 629 637 801 837 877 971 994
994 171 233 385 637
17 50 164 196 770
50 267 602 682
164 31 315 561 616 968
196 282 392 800 968
770 31 154 356 392 933
52 86
281
529 794 980
587 120 311 530 582 606 816 980
607 582 980
19 128 144 275 640 736 850 870
128 232 465 579 663 940
144 640
275 181 219 462 535 640
640 581 592 636 891
736 181 462
850 219 515
870 27 182 581 648 853
20 330 396 422 429 455 510 881 937
330 122 277 396 455 764 964
396 122 277 455 589 727 764 964
422 49 441 455 457
429 442 565 937
455 126 159 343 441 457 495
510 27 159 238 338 457 557 589
881 109 122 394 441 457 495 565 937
937 988
21 118 350 665 682 852 986
118 294 418 485 597 701 744
350 211 420 810
665 57 302 597 602 744 977
682 433
852 30 57 279 296 370 433 603 703 767 985
986 783 866 933
22 297
297 590 651
438 72
650 371
24 586 600 743
586 600 681
600 32
743 32 878
25 393 439 801
393 192 268 539 637 971
439 595 906
801 192 265 387 629 971
26 217 259 376 713
217 924
259 194 307 526 596 924
376 469 492 516
713 313 419 802
27 182 338 543
182 55 331 660
338 159 487 905
543 557 896
28 105 469 740
105
469 435 516 740 799 907
740 167 322 799 997
268 192 629 644 699 837 877
637 199 387 629 644 958
797 192 387 601 971
30 220 554 593 612
220 57 75 279 409 618 627
554 267 479
593 75 92 358 489 618
612 267 279 370 766 771 774 985
31 211 282 356 800 844
211 356 546 966
282 137 154 392 567
356 99 968
800 630 710 810 923
844 398 602
32 452 545
452 399 449 545 681 798 827
545 60 210 437
33 603 611 839 857
603 409 479 985
611 328 879
839 246 298 460 783
857 212 246 470 715 807 820 822
34 153 208 427
153 300 972
208
427
35 428
428 448 879 901
36 48 332 388 926
48 865
332 160 691 795 918 954
388 104 210 234 397 995
926 87 110 694 865
169 257 461 752 784 949
402 584 651
695 461 752 949 959
38 102 757 772
102
757 215 354
772 81 111 434 767 944 947
39 184 189 464 656 716
184 189 931
189 373 656 716 869 931
464 505
656 998
716 225 505 728
40 336 725 872
336 725 773 872
725 606 793 816 841 872
872 673 841
41 235 476 748
235 390 748 808
476 497
748 505
42 145 296 323 406 943
145 84 137 193 323 973
296 59 84 129 154 213 298 370 616 943 977
323 292 298 771 783
406 385 392 866
943 59 129 137
598 178 308 925
896 183 331 459 819
44 524 583 923
524 58 561 783 898 972
583 74 143 157 540 662 710
923 58 710 811 898
45 186 549 862 865
186 423 863
549 704
862 347 694
865 234 694 878
46 161 218 263 318 415 631 669 849 897
161 263 339 522 631
218 415 509 631 669 897 951
263 318 631 812
318 125 536 643 712
415 509
631 509 520 538 854
669 522 538 849
849 339
897 253 445 577 908
47 242 366 527
242 125 818 976
366 407 445
527 175 498 693 976
49 238 457 764 829
238 122 495 589 792 964
457 122 126 159 270 442 589 654
764 126 441
829 414 447 495 589 727 780 792
267 57 142 279 477
602 315 433 523 933 975
51 244 689 742
244 206 232 434 790 880
689 219 254 947
742
86 311 582 773 816
53 644 674 823 983
644 280 837 971
674 289 504 823
823
983 170 552 595
54 938
938 149 171 179 398 721 837
55 260 331 515 648 775 964
260 581 835
331 459 494 532 613 735 819 853 912
515 90 285
648 459 532 948
775 214 660 819 853
964 122 126 277 589 792
56
57 142 361 431 703 935 973
142 129 477
361 434 618 888
431 180 418 507 985
703
935 358 375 618 753
973 315 933 975
58 73 548
73 233
548 273 398 721
59 137 370 489 523
137 370 766 774 866 975
370 92 193 213 511 766 774 866 985
489 409 838 883 992
523 302 540 630 933
60 210
210 995
61 241 414 487 724 892 970
241 724 885
414 487 780
487 658
724 718 892 970
892 62 109 115 416 481 537 573 856
970
62 416
416 109 605 658
63 201 608 910 981
201 685 910 915
608 236 546 910
910 274 325 981
981 915
232 152 418 670
254 152 413 485 663
418 294 302 434 513 744
880 508 661 753 947
65 131 440 559 647
131 484 919
440 301 647 974
559 301 408 974
647 107 112 408 484 974
66 76 619 954
76 160 257 405 633 680 738 760 954
619 108 134 405
954 160 162 687 691
67 163 250 683 953
163 231 503 667
250 683 708 984
683 394
953 394 565
68 339 493 577
339 80
493 677
577 712
69 200 239 286 311 349 403 628 746
200
239 264 403
286 403 606 679 816
311 346 628 773
349 403 679 778
403
628 120 530 773 793 816
746 120
70 668 761
668 528 808 869
761 276
71 127 195 306 542 696
127 192 216 685 699 726
195 696
306 960
542
696 216 289 699 960
72 709 948
709
948 780
233 512 620 837
74 90 100 371 686 929
90 100 532 557
100 557
371 353 686
686 636 891 988
929
75 92 175 198 358 754 815
92 358 754
175 407 712 818
198 358 618 627
358 279 661
754
815 180 491 655 969
160 150 357 638 687
257 162 949
405 672
633 638 666
680 190 918
738
760 404 551 625 814 998
77 141 204 714
141 435 821
204 322 671 799 828
714 671
78 745 906 936
745 116 228 688
906
936 116 130
79 110 574
110 162 234 694
574
80 287 291 312 848 939 951
287 253 312 514 939
291 951
312 842
848 117 911
939 632 999
951 509
81 351 379 744 790
351 513 661 701 790
379 508 717 944
744 152 302 485 663 701
790 94 295 540
82 391
391 664 963
83 978
978 249 707
84 193 298 721 771 774
193 96 292 771 807 860 901
298 246 252
721 904
771 470 478 511
774 213 279 985
85 229 326 346 488 914
229 326 541 606 673 806 914
326 138 190 576 868
346 606
488 450 673
914 679 942
582 209 606 816 980
773 120 816 980
816 120 606
87 316 443 672
316
443 162
672
88 684 959
684 959
959
89 271 423 451 652 863 874 987
271 115 847 863 945 987
423 945 987
451 652 856
652 755 945 987
863 309 874
874 571
987 547 755 855 856
532 459 494
557 159 277
91
93 421 688 982
421 114
688 156 170 909 941
982 170 365 566
94 750
750 95 295 305
95
96 360 759 901
360 293
759 269
901 252 328 820
97 555 634 670 916
555 219 579 732 846 940
634 579 732 916
670 413 417 846 934
916 143 579
98 270 535 550 662 891
270 465 636 835
535 158 222 285 581 592 636
550 599 705 782
662 285 592 636 891
891 499 564 592 636
99 300 561 898 972
300 398 444
561 444 710 898
898 380 398 710
972 398 578 836
101 475 579 977
475 157 917
579 485 786
977 111
103 202 290 314
202 290 677
290 641
314 264 806 893
104 359 437 995
359 234 711 878
437 162 728
995 399
106 121 125 165 498 518 698 818
121 518
125 818 831
165 627 818
498 491 585 739 818 991
518 377 486 698
698 536 739
818 536 558 585
107 112 408
112 962
408
108 691
691 190
109 858
858 780
162 234 694
234 341 694
694 711 878
111 302 485 597 663
302
485 597 630 940 944
597
663 540 940
962 572 919
615 136
114 325 398 601
325 197 273
398 444 958
601 265 904 958
115 605
605 654 718 905
116
117 712
712 148 227 538
294 434 477 734
701 152 513 540
119 261 979
261 851
979 353 480 636 830 864
120 606 980
606
980 450 544 841
122 159 495 930
159 441 589 735 792
495 441 560
930 278 447 792
123
940 846
957 152 206 846
831 354 692
126 654
654
192 199 877 971
216 289
685 197
699 199 243
726
465 462 564
129 252 807
252 478 614
807 292 478 860 969
130 228
228 156 248
484 319 622
919 245 432 572
132 538
538 522
133 796
796 446 483
134 357 425 949
357 299 397 918
425 397 450 687 817 949
949 397
207 293 502 591
269 383 591 617
502
617
136 808
808 303 369 664 931
766 315
866 975
975
138 450 533 677 867
450 576 867
533 541 673 834
677 264 731
867 389 541 673
140 171 348
171 328 348 539 783
348 539 783
435 492 832 907
821 320 588 828 997
477 433
143 362 782 811 830
362 462 843 864
782 158 610 811
811 578 705
830 262 580
304 333 486 873
333 224
147 989
989 368 889 925
148 899
899 253 534 632 812 832 854
149 567 783 904
567 512 791 904
783 385 791 904
904 460
150 397 817
397 352 918
817 176
151 309 317 925
309 310 547
317 308
925
152 540
540 661
154 344 392 933
344 157
392 420 791 933
933 315
155 486 558 657
486 374 395 657 873
558 491
657 212 395 715
156 248 570
248 927
570 283 504 566
157
158 636 843
636 462 592
843 400 580 635 864
441 499 521 589
589 214 277 727 792
735 447 727
792 277 727
638
687 918
522 520
231 490 667
503 353 382 645 667
667 645
315 420
616 630 968
968 420
627 354
166 805
805 693
167 799
799 322
168 473 521 809
473 343 519 706
521 531 658 905
809 519
461 784
752
784 266 584
170 504 941 990
504
941
990 365
328 246 468 478 729
539 243
172
173 471 950
471 676 722
950 251
174 664 789 993
664 869
789 345 722
993 390 497 528
407 585 723
176 576 795 884
576 544
795 412 763
884
177 513 756 882
513
756 734
882 430
178 459 623
459 183 613
623 417 819 946
179 273
273 274 444
180 255 363 491 969
255 363 715 969
363 374 448
491 511
969 205 212 409 715
181
660
183 912
912 417
931 258 404
185
187
188 340
340
373 551 728 814
869 369
190
191 394
394 367
199 280
877 385 620
971 512 620 629 837
292 715 860
860 205 212 374 470 478 511 921
194 335 999
335 320
999 327
197 958
958
618 409 479 655 985 992
280
915 274
203 517 762
517
762 247
322
671 516 723 907
828
205 212 822 883 992
212 511 715 838
822 374 715 820
883 655 992
992 279 838
206 413
413 934
293
591
209 215 900 956 965
215 794
900 354 472 530
956 472
965 354 472
546
966 564 786
511 479 838
715
838 655 873
213 985
985
214
794 354
289
924 307 410 419 514
509
219
279 507
409
382 553
678 645
222 262 480 675 864 895
262 353 635
480 575
675
864 580 610 635
895 400 490 575
277 447 560
224 432 516
432 319
516 436 907
225 625 728 998
625
728
998 871
226 345 834
345 788 963
834 893
227 472 604 840
472 354
604 753
840
541 482 778
673
806 894
490 400 575
512 837
620
837 629
341 399 711 878
390 666
236
237 706
706 903
264 893 894 942
240 855 856
855 847 856
856 847
885 556
976 585
243 629
629 387 909
434 355 433 734 767 944
245 572
572 301 321 377
246
247
927
249 707
707 551
708 747
984 442 787
251 337 528 676 722
337 722 890
528
676 785 963
722 497 788
478
614 460 470 777
253 530 911
530
911 536
946
258 284 401
284 646
401
307 324 802
526 419 514
596
581 835
835 592
851 955
353 575
635 578 645
812 445 832
893 679 733
894
942 679
265 274
274
266 347
347
383
847
945 755
272 399 568
399 886
568 798
444
462 732
276 412
412 389 679
447 278 727
560
278 861
861 310 547
507 767 947
283
646
285
679
514 327
641 731 778
734
295
590
651
299
301
303
873
305
960
324 802
802 313 419
308
310
547 769
842
313 588
588
420
536 692
643 585
319 622
622
320 997
997 419
321 723
723 377 765
868 544
327
468
729
329
494 853
613 853
819 456 853
853 456 571
918
890
905 458 531 556
711 878
878 449
704 755
343
788 963
963 369
778
810 380
661 508
352
575 400
354
355
888
374
448 820
781 460 961
921 820 879
365
445 534
367 384 747
384 499 787
747
368
369 497
497
372 832
832 720
551
814
375 753
753 506
492 436
377 765 991
765 436 466
991 466
378
508
717
944
380
553
499
787 519
385
386 889 947
889
947
387
389 825
825
666 871
791
395
727 537
886 827
400
584
404
585 520 739 908
410 419
419
411
934 417
780
658 458
417
565
988
426
879
442
430
433
767
907
436
595
974
534 639 692 908
446 483
483 519
820
449
681
798 827
827
456
458 531
531
460 961
961
732 917
505
564
466
467
470 902
902
519
474
917
479
481
482
630
739
501
645
506
520
693 562
639
692
908
592
537
544 793
793
769 571
599 610 705
705 578
552
846
556
710
562
580 578
566
571
573 718
718 594
578 610
610
786
594
777
655
909
854
632
731 785
649
755
751 955
871
785
702
903
720
841
733
955 845
763
813
826
836
845
859
876
996
