0 308 488 523 537 586 1259 1357 1432 1523 1545 1877
308 59 74 379 391 488 512 685 847 1077 1126 1495 1507 1644
488 501 512 586 682 685 1550 1877
523 12 123 147 713 835 1357 1362 1540 1667 1877
537 133 233 425 501 784 1362 1500 1709 1746
586 42 600 724 1259 1507 1541 1709 1752
1259 357 600 605 682 685 1236 1244 1545 1709
1357 357 454 602 687 886 1147 1520 1743 1754 1870
1432 215 414 1002 1317 1752 1922
1523 169 210 233 600 905 1091 1339 1644
1545 210 682 685 905 1016 1473 1495 1927
1877 682 1876
1 296 1163 1183 1273 1483 1730 1775 1943 1985
296 181 236 508 949 951 1163 1261 1484 1842 1943
1163 79 236 253 1042 1050 1151 1261 1427 1476 1755 1775 1943
1183 34 236 415 487 1050 1207 1261 1427 1842 1943
1273 450 487 513 568 727 1042 1775
1483 61 513 534 727 1385 1687 1985
1730 71 294 385 660 1052 1117 1252 1775
1775 76 161 333 396 1042 1117 1220 1243 1261 1427 1628 1872 1943
1943 236 264 487 540 846 1056 1057 1261 1296 1574 1755
1985 201 400 450 755 980 1042 1572 1822 1888 1891 1965
2 1317 1769
1317 215 265 414 424 689 784 876 953 1130 1354 1433
1769 215 260 313 543 1265 1657 1919
3 4 156 402 613 616 896 1526
4 101 272 306 431 589 602 645 664 1227 1288 1366 1390 1439 1454 1459
156 104 306 490 526 613 703 993 1118 1195 1459 1526 1548 1722 1741 1906
402 13 356 752 1097 1103 1116 1118 1195 1630
613 90 626 887 1021 1097 1103 1116 1548 1722
616 215 313 341 425 993 1288 1695 1821
896 185 260 617 993 1205 1390 1454 1656 1657
1526 494 703 1195 1279 1656 1887
101 150 341 425 1454 1695
272 645 902 1280 1454 1548 1695
306 36 455 841 887 1195 1390 1906
431 219 238 270 425 589 664 1280 1288 1362 1439 1942
589 57 123 270 313 358 993 1077 1227 1695 1733 1821
602 123 313 405 425 664 797 1288 1366
645 341 358 583 664 1061 1195 1215 1587 1695 1906
664 302 425 993 1102 1288 1366 1454 1695 1956
1227 425 583 965 1205 1288 1402 1439 1695
1288 270 313 358 965 1454 1459 1540 1695
1366 313 405 476 965 1215 1695 1783 1919
1390 270 543 605 993 1205 1939
1439 57 219 605 617 841 1402 1459 1798 1821
1454 324 341 425 583 965 1195 1459 1695 1939
1459 305 341 753 1429 1821
5 16 84 99 1298 1603 1951
16 33 319 1115 1298 1603
84 105 138 1620 1661 1953
99 206 694 952 1497 1603 1605
1298 49 319 436 1323 1355 1707 1880
1603 118 304 314 319 436 1620
1951 120 191 207 436 1174 1592 1595 1611 1998
6 28 37 179 704 916 1043 1156 1455 1619
28 378 509 763 766 948 1335 1468 1996
37 102 153 248 435 1026 1199 1854
179 289 916 1026 1043 1145 1336 1398 1619 1827
704 34 321 763 1043
916 80 289 378 603 634 1202 1468 1561
1043 243 321 559 603 1145 1468 1619
1156 80 634 922 1512 1614 1686
1455 181 633 999 1706 1731
1619 289 418 579 1024 1256 1706 1827
7 100 151 160 212 248 362 548 653 823 999 1264 1358 1768 1795 1827 1854
100 351 435 759 872 999
151 248 293 406 548 584 736 823 1026 1751 1768
160 293 406 584 811 941 1101 1264 1448 1502 1579 1751 1888
212 248 578 686 735 1409 1941 1945 1961
248 289 435 999 1264 1800
362 246 736 794 1110 1358 1452 1668 1795 1816 1905
548 735 1045 1266 1398 1706 1795 1803 1945 1961
653 408 1256 1399 1795
823 513 742 811 1003 1579 1731 1768 1822 1827 1965
999 85 293 578 736 990 997 1026 1045 1795
1264 289 736 1024 1803
1358 246 435 1706 1768 1803 1961 1964 1965
1768 293 326 578 736 1668 1795
1795 326 578 1463
1827 149 433 742 990 1003 1687 1834 1842 1990
1854 1101 1668
8 315 395 579 750 895 1089 1306
315 267 608 677 899
395 141 247 1216 1250 1536 1555 1843 1851
579 88 189 199 750 1306 1841 1935 1996
750 19 88 190 243 608 714 899 997 1027 1112 1306 1841 1874 1935
895 12 15 83 103 418 832 886 1012 1187 1229 1446 1477 1538 1808 1885
1089 426 608 714 960 1058 1157 1216 1250 1465 1666 1716 1847
1306 287 386 608 714 899 1231 1250 1843 1935
9 145 588 636 760 1063 1173 1884 1913
145 530 588 893 1038 1134 1173 1417 1993
588 40 652 893 1079 1133 1325 1337 1886
636 96 214 500 652 790 1033 1063 1337 1369 1890
760 29 251 368 808 1038 1133 1191 1192 1238 1566 1884
1063 65 178 496 565 652 790 1134 1346 1890
1173 69 565 838 893 1040 1134 1325 1653
1884 29 808 1038 1066 1134 1191 1238 1274 1585
1913 271 292 310 550 977 996 1192
10 158 522 789 932 1013 1204 1239 1461 1639
158 327 393 576 625 708 774 810 1013 1148 1721
522 148 577 590 849 932 1015 1239 1528 1792 1873
789 46 599 812 1849 1984
932 56 590 607 839 1528
1013 54 246 429 936 1148 1472 1826
1204 570 849 881 969 971 1612 1680 1873
1239 52 56 163 863 1015 1086 1372 1623 1889 1958
1461 237 393 881 910 1015 1792
1639 152 590 607 1528 1792
11 505 807 854 1083 1216 1504 1815 1931
505 772 854 1083 1423 1770 1902
807 256 295 334 451 805 927 1165 1902
854 805 869 927 1041 1235 1503 1929
1083 256 438 641 805 1278 1917 1929
1216 267 960 1069 1613 1676
1504 295 438 805 929 1025 1736 1770 1902 1921
1815 793 1032 1278 1929
1931 295 805 927 991 1041 1571
12 648 797 1289 1529 1997
648 546 642 1200 1219 1885 1997
797 18 123 781 1035 1811 1882 1942
1289 354 632 847
1529 290 555 560 690 1129 1464 1481 1866
1997 290 379 767 847
13 175 195 874 1116 1405 1630 1648 1887
175 33 136 203 547 571 778 821 1630 1681 1830
195 127 1548 1910
874 47 276 304 864 972 1447 1497 1630 1728
1116 33 90 136 482 526 547 571 769 1097 1118 1681 1722 1741 1786
1405 82 203 547 571 769 1286 1681 1707
1630 564 972 1095 1447 1728 1741 1758
1648 547 571 610 777
1887 33 49 82 410 821 915 1389 1396 1707 1953
14 164 223 327 570 787 839 1022
164 54 223 327 359 525 536 599 725 787 936 938 1015 1110 1249 1452 1675
223 148 163 536 708 774 945 1399 1472
327 359 936 1120 1957
570 590 599 725 974 1675 1964
787 148 715 936 1015 1110 1249 1370 1776
839 1528 1680
1022 78 339 525 812 946 1293 1370 1763 1796 1853
15 922 939 1187 1477 1481 1759 1992 1996
922 418 701 845 1187 1229 1406 1446 1477 1481 1659 1713
939 325 457 788 1254 1464 1729 1754 1759 1948
1187 103 456 555 825 832 897 1009 1228 1446 1808 1851 1996
1477 146 559 683 825 832 1012 1071 1229 1712 1759 1790
1481 83 361 457 683 957 1027 1071 1229 1762 1808 1948 1992
1759 112 825 957 1012 1071 1538 1591 1992
1992 88 146 170 559 710 997 1009 1602 1841
1996 378 559 701 825 832 1009 1073 1406 1415 1443 1446 1512
33 47 82 140 564 769 786 915 972 1095 1377 1728 1786 1953
319 1020 1835
1115 131 138 304 610 777 864 883 1605 1681
17 320 776 1151 1606 1635
320 231 333 1272 1349 1583 1991
776 333 372 890 908 1111 1149
1151 76 253 294 367 398 913 951 961 1296
1606 338 372 726 985 1106 1456 1598 1991
1635 497 890 901 1164 1212 1598 1926
18 30 117 355 413 646 819 867 1560 1955
30 63 232 646 819 845 867 1135 1490 1898
117 418 646 819 1014 1070 1208 1593 1863 1898
355 219 439 690 877 1382 1490 1596
413 64 478 502 646 867 1080 1382 1466 1490 1505 1560 1846 1870 1898
646 53 819 845 1193 1450 1850
819 1193 1221 1505 1560 1850
867 64 266 478 690 904 1193 1290 1560 1898
1560 560 1169 1193 1356 1652
1955 831 845 1271 1356 1466 1512 1593
19 88 515 714 933 1161 1250 1284 1713 1917
88 243 677 714 719 903 1499 1536 1935
515 24 98 190 243 705 714 960 1465 1626 1770
714 1368
933 686 759 1351 1436 1499 1524 1555 1801 1843 1961
1161 929 1602 1713 1847
1250 24 696 738 744 888 1843
1284 608 677 1058 1241 1465 1841 1847
1713 170 325 457 1263 1267 1591 1712 1790
1917 426 929 1859 1885
20 419 480 499 511 541 697 746 875 984 1569 1894
419 144 307 716 970 984 1806 1829 1940
480 144 573 875
499 43 197 447 467 541 573 672 875 1138 1516 1894
511 144 273 1691 1976
541 142 421 467 875 1178 1434 1441
697 492 638 815 937 1138 1426 1460 1470 1710
746 447 1426 1470 1655 1840
875 144 197 672 871 1138 1569 1691 1894
984 144 672 691 1426 1569 1710 1832 1900
1569 43 467 566 1441
1894 197 297 672 1326 1425
21 230 256 274 301 340 673 816 1078 1496 1637 1773
230 274 334 470 641 793 1165 1171 1231
256 295 816 927 1139 1304 1364 1496 1571 1666 1902
274 241 269 334 647 658 745 1171 1773
301 295 334 702 833 852 1438
340 334 387 793 796 852 1078 1438 1785
673 22 116 269 498 833 1785 1929
816 247 297 380 598 805 1025 1304 1438 1496 1637 1785 1902
1078 116 297 380 598 1326 1571 1899
1496 380 387 451 1654 1899 1902
1637 380 498 1263 1287 1571 1773 1981
1773 716 803 1324 1535 1932
22 334 360 380 498 598 702 1294 1571 1622
334 295 451 498 796 1025 1438 1571
360 532 962 1633
380 297 598 805 833 940 1438
498 940 1438 1622
598 116 137 1196 1633 1899
702 793 851 852 1438 1622
1294 430 966
1571 716 1139 1599 1902
1622 1258 1438 1633
23 561 581 718 739 822 1185 1230 1232 1404 1462 1607 1643 1761 1833
561 470 641 647 796 1474
581 658 1150 1474 1646
718 241 596 739 822 1051 1119 1237 1462 1498 1607 1643 1702
739 58 822 943 1153 1185 1607
822 437 991 1185 1575 1761 1770 1930
1185 596 1044 1064 1119 1150 1295 1404 1462 1575 1607 1643 1646
1230 479 663 959 991 1044 1364 1498 1626 1921 1930
1232 658 738 796 1165
1404 479 596 1295 1462 1498 1575 1607 1643
1462 68 240 663 1607 1643
1607 137 240 1474 1575 1643 1702
1643 240 286 591 1295 1498 1761 1911 1944
1761 241 806 882 943 1171 1498 1616 1684
1833 89 240 286 591 1119 1646 1944
24 184 495 909 1235 1387 1555 1843
184 707 942 1241 1333 1346 1421 1555 1678 1764
495 441 707 942 1649 1678 1764 1804 1843 1857
909 44 744 942 1241 1387 1413 1817 1843
1235 44 51 267 287 1060 1241 1333 1387
1387 1060 1678 1995
1555 1351 1536 1841 1874 1941
1843 820 1436 1524 1536
25 464 918
464 772 805 888 1069 1770
918 194 411 1510 1601 1653 1720 1740 1744
26 65 364 565 652 1038 1134 1325 1344 1662 1669
65 96 364 732 1079 1325 1669
364 1081 1337 1588 1670 1886
565 214 593 1325 1337 1416 1952
652 178 557 790 982 1325 1908 1952
1038 977 982 1238 1585 1858 1966
1134 50 69 411 644 1040 1191 1251 1467 1585
1325 982 1337 1890
1344 52 56 326 698 774 863 981 1018 1552 1792 1889 1920
1662 91 222 388 429 536 625 635 708 1247 1297 1567 1949
1669 506 577 732 810 813 1033 1055 1369
27 462 519 696 707 942 1066 1770
462 479 866 1005 1051 1109 1262 1375 1740
519 73 183 211 262 275 748 810 994 1036 1055 1194 1567 1578 1890
696 51 194 214 275 287 392 820 859 1090 1670 1764 1862
707 441 1501 1941
942 859 1090 1678 1819
1066 29 251 1192 1238 1262 1365 1858
1770 273 438 888 1044 1069 1100
378 80 347 509 603 948 1169 1228 1307 1367 1415 1468 1570
509 80 112 232 347 456 832 948 1014 1570
763 540 889 1353 1561 1749 1959
766 531 798 831 904 1140 1210 1353
948 186 477 903 1009 1059 1256 1335 1468
1335 205 633 798 1023 1570
1468 1014 1307 1838
29 291 411 1191 1238 1858
291 1191 1585 1858
411 271 322 500 593 1192 1565 1774 1966
1191 1238
1238
1858 808 1133 1192
63 630 767 1870 1972
232 347 633 634 1450
845 1406
1135 130 283 878 1008 1248 1382 1846
1490 828 1088 1203 1290 1356 1624 1787 1802
1898 103 324 439 491 1203 1214 1233 1290 1802
31 78 370 516 552 755 946 1677 1831
78 604 812 1370 1444 1796 1957
370 423 829 862 1225 1853
516 868 884 1209 1293 1359 1597 1724 1796
552 350 723 829 1292 1677 1984
755 86 244 535 812 829 946 964 1120 1418 1463 1573 1909
946 81 92 342 382 525 1120 1293 1647 1745 1831
1677 95 420 631 1372 1849 1983 1984
1831 237 422 527 535 723 725 1359 1986
32 135 245 575 1127 1338 1640
135 284 729 1039 1127 1414 1531 1747 1936
245 281 330 785 1414 1665
575 187 1137 1892
1127 41 328 901 1039 1435 1513 1609 1892 1901
1338 168 187 737 1424 1531 1594 1640 1665 1936
1640 785 986 1245 1414 1604 1747 1760 1901
47 90 276 304 473 549 777 779 915 972 1095 1681 1953
82 49 136 140 304 410 473 571 769 779 786 1389 1681 1758
140 473 547 915 1095 1286 1758
564 124 131 314 432 779 864 1378 1437 1605 1880
769 104 136 203 356 410 526 651 952 1103 1656 1661 1681
786 331 828 887 1488 1519 1530 1587
915 473
972 314 549 1389 1758 1848
1095 276 1953
1377 206 654 1497 1631
1728 124 778 779 864
1786 203 626 771 887 1021 1396 1587 1681
1953 136 314 473 1758
34 149 153 434 472 742 990 1687 1699 1967
149 61 434 727 870 1003 1024 1457 1686 1959 1967
153 865 990 1003 1448 1579
434 611 1050 1385 1395 1561 1837
472 263 1057 1336 1350 1393 1556 1737 1987
742 102 584 611 1014 1026 1579 1706 1731
990 102 1003 1698 1706 1964 1965
1687 80 678 727 757 1031 1572 1822 1965
1699 627 975 1003 1158 1271 1353 1393 1561 1615
1967 433 450 534 1003 1057 1336 1476 1572 1959
35 68 806 859 977 1010 1262 1345 1347 1861
68 122 241 271 437 1004 1010 1054 1100 1109 1416 1525 1861 1971
806 882 943 1054 1971
859 194 214 309 906 1720 1744 1764
977 838 1318 1331 1950
1010 122 663 818 866 1005 1090 1109 1345 1599 1921 1950
1262 122 241 322 437 663 1004 1005 1347 1740 1782
1345 437 500 557 906 1040 1234 1347 1819 1861 1929 1950
1347 544 1109 1467 1782
1861 322 437 544 818 866 906 1004 1392 1600 1817
36 127 239 455 490 703 827 841 1146 1159 1906
127 90 356 526 703 952 1021 1097 1103 1118 1661 1741 1906
239 109 242 490 841 1074 1097 1146 1548 1897 1906
455 1657 1722
490 703 1097 1146 1223 1963
703 993 1530 1722 1906
827 109 125 482 494 1074 1146 1705
841 313 583 752 1021 1146 1741
1146 109 356 752 1963
1159 260 401 494 1130 1205
1906 104 482 1097 1118 1963
102 1096 1145 1686 1731 1800
435 85 578 754 1045
1026 1024 1570 1706 1731 1851
1199 293 407 980 1101
38 51 107 129 183 365 994 1037 1045 1297 1346 1486
51 107 214 392 463 754 790 930 1416
107 246 309 392 994 1036 1075 1297 1409 1486 1905 1973
129 365 392 994 1331 1578
183 309 461 790 810 994 1075 1331 1486
365 69 705 1110 1297 1346 1565 1653 1804
994 56 1297
1037 246 326 507 925 1399 1409 1452 1501 1514 1905 1949 1973
1045 246 1398 1409 1961
1297 262 309 530 843 925 1075 1194 1318 1331
1346 211 392 461 500 732 838 1565 1862
1486 246 309 388 392 624 790 1075 1110 1337 1510 1588 1670
39 81 244 376 428 517 868 1586 1642 1663
81 86 111 604 1098
244 428 517 868 1586 1663 1719 1988
376 428 858 1001 1062 1209 1559 1663
428 167 730 858 1001 1062 1068 1315 1663 1719 1986
517 332 412 676 700 1001 1440 1719 1881 1986
868 1283 1559 1586 1663
1586 108 676 1062 1098 1315 1559 1618 1881 1988
1642 110 216 311 366 449 493 615 1440
1663 469 858 1062 1209 1268 1559 1682 1844 1881 1988
40 261 275 698 810 1055 1721 1825
261 91 139 222 545 622 698 810 840 1055 1170 1869
275 667 1578
698 106 622 863 1369
810 349 576 813 843 958 1567
1055 622 814 840 1266 1678 1993
1721 72 152 222 388 429 577 625 635 708 774 925 1330 1567 1776
1825 152 393 708 813 945 958 1018 1399 1567
41 284 409 709 785 1039 1513 1610 1784
284 114 198 200 250 338 394 721 985 1105 1107 1609 1732 1875 1892
409 695 729 837 1056 1513 1660 1784
709 1327 1912 1978
785 187 1282 1424 1604
1039 198 281 737 879 986 1245 1381 1513
1513 187 879 1201 1412 1665 1892
1610 114 209 224 249 250 661 695 892 907 911 1056 1107 1537 1693
1784 121 281 1056 1176
42 512 684 905 944 1000 1017 1244 1494 1621
512 169 501 687 1077
684 180 391 452 486 944 1244 1312 1494 1518 1644 1709
905 501 556 600 944 1091 1178 1189 1494 1541 1644
944 74 452 1500 1507 1778
1000 225 265 783 824 1807 1989
1017 115 501 876 1213 1500 1558 1625 1752 1876 1924
1244 133 391 501 685 801 1500 1541 1765 1919
1494 1019 1091 1709
1621 317 665 770 855 1518 1632 1989
43 467 672 691 1426
467 1178 1840 1918
672 573 638 830 1138 1224 1650 1981
691 157 871 973 1138 1470 1475 1691 1710 1940
1426 197 871 1655 1691 1900 1940
44 267 1859
267 1263 1413
1859 716 772 960 1157 1231 1465 1613 1654 1666 1734 1777
45 89 596 1064 1828 1911 1944
89 591 1568 1911 1944
596 479 1051 1150 1575 1702 1788
1064 465 1684 1828 1911 1980
1828 442 1944
1911 58 1410 1420 1711 1914
1944 1065 1788
46 95 237 1034 1612 1873
95 237 422 631 723 1301 1372 1849 1984
237 323 599 725 792 1034 1293 1680
1034 318 350 631 1617 1680 1849 1983
1612 792 1623
1873 599 1301 1528 1680 1792
90 136 547 1021 1103 1681
276 124 138 610 775 779 1830
304 138 410 549 554 779 864 1830
473 136 821
549 554 610 864 1021 1447 1758 1830 1848
777 131 432 610 1053
779 432 864
1681 203 547 571 1021 1396 1661
48 642 1114 1219 1743 1823
642 298 325 403 629 1743 1823
1114 192 277 471 1219 1493
1219 354 471 830 1108 1743
1743 623 847 1754
1823 466 1108 1126 1543 1683
49 150 410 720 1286 1707 1916
150 242 270 468 706 1279 1530 1733
410 1246
720 62 331 335 538 650 924 928 1088 1094 1113 1789 1846
1286 242 547 571 989 1323 1530
1707 765 887 1179 1246 1389
1916 62 134 335 728 771 878 1088 1934
50 500 593 838 1222 1653 1744
500 593 838 1601 1653 1744 1952
593 69 96 310 1040 1318 1467 1653 1744 1797 1886 1966
838 69 1653 1797
1222 437 550 920 1109 1392 1836
1653 69 178 271 920 1040 1109 1416 1744 1836 1920 1952
1744 1467 1797 1812 1966
214 194 906 943 1109 1416
392 178 309 624 1557 1578
463 461 744 1004 1240 1862
754 287 441 484 843 1703
790 73 211 309 349 461 624 732 1018 1331 1510
930 925 1110 1266 1578 1703 1905
1416 194 211 461 906 1601
52 56 163 506 590 715 1086 1148 1623 1824 1958
56 54 72 222 607 1086 1623
163 91 152 459 506 576 577 635 931 945 1313 1330 1824 1949
506 576 958 1330 1869
590 631 849 1528 1792
715 393 507 536 811 980 1452 1675 1905
1086 914 1330
1148 359 1528 1792
1623 580 635 958 1973
1824 863 1552 1958
1958 545 607 863 1552 1557 1658
53 126 381 439 502 630 917 954 1195 1339 1802 1811 1942
126 381 485 491 632 902 917 1652 1787 1865 1942 1979
381 266 270 324 474 518 1733 1787
439 64 303 502 539 546 886 902 917 1505
502 539 917 1408 1979
630 546 780 781 894 1129 1367 1408 1505 1596 1972
917 474 828 1035 1059 1233
954 354 539 632 886 1276 1493 1505
1195 620 1061 1482 1722 1848 1870 1956
1339 155 357 623 1016 1166 1300 1314 1550 1641 1667 1738 1876
1802 87 219 324 620 877 904 1203 1233 1429
1811 780 902 1027 1035 1505 1870 1942 1979
1942 354 546 687 780 1972
54 339 393 536 936 1072 1101 1370 1675
339 349 373 407 980 1370 1472 1853 1957 1990
393 373 536 635 862 936 1015 1249 1472
536 148
936 323 974 1370 1444 1826
1072 111 300 747 884 898 1310 1763 1813 1871 1968
1101 351 407 980 1514
1370 359 1015 1675
1675 349 945 1249 1776
55 132 417 619 711 762 836 1177 1651 1855 1856 1903
132 619 676 711 809 978 1316 1855 1856
417 445 676 692 1092 1132 1584 1701
619 282 1855
711 282 299 445 692 908 1062 1319 1855
762 166 908 1581 1584 1735 1895
836 231 692 809
1177 113 299 612 655 676 692 998 1092 1132 1206 1343 1903
1651 861 890
1855 70 998 1144 1316 1321 1970
1856 1206
1903 204 285 587 612 998 1092 1315 1343 1970 1988 1994
72 577 635 708 774 914 958 1330 1452 1514 1528 1949
222 91 429 622 635 667 708 774 931 974 1313 1399 1658
607 375 1552 1792 1984
57 403 886 1077
403 352 471 629 767 1147 1322 1367 1754
886 357 847 1493
1077 234 623 1102 1431
58 591 1065 1109 1375 1380 1498
591 479 1380 1498 1568
1065 1005 1568
1109 122 844 920 1128 1380 1478 1782
1375 374 943 1044 1051 1295 1380 1478 1616 1914
1380 374 820 1051 1295 1498 1616 1740 1914
1498 240 1376 1616 1646 1930
59 235 856 1091 1236 1641 1650 1876
235 623 682 1016 1126 1441 1520 1641 1778
856 157 196 352 955 970 1342 1495 1506
1091 210 257 1189 1312 1778
1236 682 685 801 1016 1167 1276 1641
1641 115 155 682 1473 1650 1738
1650 74 155 157 623 1696 1806
1876 155 1312 1550 1738
60 367 369 372 568 911 913 1181 1360 1388
367 128 249 481 913 1210 1750
369 253 398 487 508 568 949 961 1057 1261 1457 1737 1799 1982
372 200 231 497 740 911 1106 1212 1272 1435 1638 1875 1991
568 76 415 961 1296 1457 1842 1982
911 114 128 198 224 985
913 348 481 726 961 1549 1977
1181 627 992 1242 1749
1360 227 250 348 481 837 1107 1361 1412 1479 1532
1388 165 448 798 1242 1353 1753 1987
61 201 236 345 513 941 1485 1698
201 400 450 1418 1813 1834 1891 1968
236 487 1296 1755
345 300 342 604 660 747 950 1098 1184 1872 1888
513 1395 1476 1556 1698
941 171 336 678 980 1385 1448 1579 1822 1871
1485 450 487 582 1003 1572
1698 181 321 678 811 889 1751 1822 1965
62 87 475 614 924 989 1217 1928 1934
87 771 1203 1214 1233 1488
475 130 331 538 669 1217 1517 1748 1904 1928 1934
614 529 1412 1515 1789 1969
924 650 706 1094 1530 1835 1928
989 134 203 520 728 1179 1246
1217 97 130 485 491 558 947 968 1688
1928 331 637 1437
1934 134 266 331 1517
767 894 1147 1382 1865
1870 290 298 539 1129 1382 1408 1493 1866
1972 64 290 560 629 1035 1129 1229 1367 1408
64 238 290 780 1169 1382 1415 1505 1863
238 270 405 1035 1118
290 632 1122 1367 1408 1538 1979
780 298 546 894 1367 1408 1493
1169 546 555 1070 1652
1382 518 546 781 1193 1356 1367 1505 1652
1415 103 347 825 1009 1400 1406
1505 298 518 877 1193 1863
1863 478 781 1356 1652 1850
96 211 1886 1890 1952
732 309 496 1510 1578 1601
1079 808 893 1081 1133 1886
66 399 521 595 802 1188 1394 1546 1723 1954
399 177 542 853 883 1121 1341
521 188 363 853 1029 1511 1527 1551 1627 1864 1947 1999
595 353 671 1047 1188 1511 1864
802 353 383 722 1047 1188 1260 1334 1451 1723
1188 353 383 722 883 1511 1546
1394 483 722 1029 1047 1303 1672 1756
1546 483 883 1047 1511 1723
1723 353 383 1451 1577
1954 120 206 864 912 1082 1374 1378 1383 1411
67 390 592 1076 1085 1160 1172 1403 1489 1542
390 391 397 860 885 1019 1178 1189 1312
592 514 770 1218 1403 1518 1542
1076 252 514 1030 1085 1403 1489 1533 1772 1809
1085 143 343 391 486 514 885 1104 1160 1211 1328 1489 1542 1553
1160 143 180 213 337 397 556 804 891 1211 1352 1403 1489 1509 1533 1772
1172 389 885 1211 1226 1281 1329 1425 1542 1562 1809
1403 855 1141 1500 1533 1632
1489 885 1030 1211 1281 1542 1772
1542 343 1030 1211 1772
122 663 744 1041 1376 1599 1626 1817
241 738 991 1153 1376 1410 1421 1575 1600 1930
271 550 557 1040 1392 1797
437 544 663 1004 1318 1392 1740 1797
1004 322 1041 1318 1376
1054 820 1100 1626 1764 1950 1971
1100 141 322 744 818 866 888 1413 1678 1819 1971
1525 240 943 991 1295 1421 1616
1971 744 820 1413 1599 1819 1929 1952
69 178 194 1601
178 644 844 1369 1720
194 461 524 1952
1601 211 544 844 1952
70 679 692 950 1343 1735
679 749
692 445 497 569 950 1206 1458 1559 1704 1868 1962
950 71 445 712 749 826 1052 1190 1252 1574
1343 108 809 998 1092 1132 1315
1735 162 908 1111 1154 1581
71 385 444 749 1042 1052 1574 1583
385 111 294 1042 1270 1589
444 1316 1321 1581 1767 1780 1793 1938
749 294 809
1042 951 1049 1261 1427 1674
1052 208 231 300 497 655 846 1117 1484 1674 1868
1574 79 294 846 951 1049 1589
1583 76 231 826 1272
577 259 388 429 625 813 925 931 958 1036 1266 1552 1717 1949
635 148 152 708 1036 1249 1369 1452 1949
708 152 259 925
774 148 349 373 625 748 1514
914 148 625 748 1036 1409 1472 1658
958 152 349 576 622 931 1330 1717
1330 91 152 429 1718 1893
1452 351 373 507 1247 1399 1472 1536
1514 148 246 748 1015 1036 1110 1668 1853
1528 580 792 1826
1949 373 388 429 625 843 945 1015 1776
73 1036 1194 1510 1557 1588 1905
1036 813 840 931 1557 1658 1717 1973
1194 814 843 1578
1510 287 461 1075 1240 1578
1557 91 148 262 576 622 667 931 1018 1266 1567
1588 211 808 840 1075 1337
1905 246 862 1247 1469 1703 1816
74 682
682 210 391 1473
75 361 457 1186 1324 1423 1576 1664 1734 1948
361 457 608 683 1186 1263 1422
457 192 1108 1267 1422 1543
1186 643 1422 1591
1324 430 643 716 1198 1535 1736 1932
1423 880 1734 1847
1576 192 960 1198 1712 1716 1734 1790
1664 193 202 649 1200 1422 1591 1666 1712 1847
1734 688 1157 1465 1602 1712
1948 170 788 899 1027 1200 1229 1422 1543 1602
76 660 1050
660 79 678 747 1031 1049 1098 1589 1755 1872
1050 253 415 450 487 1261 1842
77 427 460 594 1308 1332
427 191 288 529 758 956 1046 1309 1332 1355
460 94 255 680 743 1308 1332
594 1424 1689
1308 94 529 628 791 1113
1332 758 1407 1947
604 110 111 857 1062 1302 1763 1872
812 725 1293 1909
1444 881 1472
1796 423 723 1763 1988
1957 152 351 862 974 1763
79 1252 1589 1872 1964
1252 1427
1589 92 300 712 809 1190 1872
1872 1031 1310
1964 534 582 678 727 889 1448 1755 1805
80 477 633 634 961 1014 1023 1652 1838
477 347 1014 1450
633 347 404 1014 1450 1512
634 456 1228 1450 1512
961 263 487 508 1057 1296 1457 1727 1982
1014 603 1059 1202 1443
1023 603 1202 1614
1652 478 560 781 1070 1367 1488 1753
1838 603 1145 1593
86 300 423 857 898 1293 1573
111 300 400 747 857 964 1098 1225 1724 1763
1098 300 342 857 884 1302 1310 1763 1891
136 356 547 571 821 952 1103 1118 1880 1956
571 821 1103 1179 1714 1741
1389 547 1487 1848
1758 821
83 1071 1073 1229 1305 1368 1406 1762
1071 471 1073 1229 1368 1446 1729 1808
1073 683 957 1087 1712 1762
1229 146 471 683 710 957 1368 1406 1446
1305 112 560 701 781 1142
1368 170 559 677 899 1012 1602 1712
1406 418 560 701 825 1009 1087 1446
1762 471 683 701 897 1012 1367
105 626 728 765 1094 1246 1437 1519 1587
138 1082 1605 1714 1835
1620 666 1323 1835 1880
1661 131 520 1880
85 736 1256 1499 1961
736 1003 1024 1398
1256 373 1145
1499 189 199 832 1874
1961 686 759 1945
300 1190 1719 1755
423 829 938 964 1011 1573 1597
857 92 842 1120 1310 1745 1909
898 809 884
1293 1745 1909
1573 1682 1891 1909
771 331 1179 1904
1203 324 518 1290
1214 174 468 1233
1233 219 331 468 474 553 967 1429 1904
1488 266 1939
243 98 189 371 608 832 1570 1712
677 1757 1790 1935
719 189 559 710 832 1112 1935
903 98 189 1436 1465 1570 1874
1536 98 441 688 759 1351 1524 1801 1874 1941
1935 170 186 190 710 1841
1568 286 368 618
547 203 356 752 1880
1021 242 356 494 1179 1548 1587 1656 1956
1103 203 610 1487 1733 1910
91 545 813 1018 1552 1567 1869
545 139 863 981 1170 1313
813 349 1266 1567 1658 1717
1018 349 375 388 576 981 1718 1869 1893
1552 849 945 1718 1889
1567 931 1658 1717
1869 622 1251 1313 1889
92 712 1618 1925
712 1206 1868
1618 469 730 1062 1190 1868 1988
1925 204 332 1062 1359 1726 1881
93 185 305 358 734 751 835 919 993 1102 1130 1265 1657 1821 1919
185 919 995 1205
305 302 1919 1924
358 123 270 1695
734 234 303 753 1102 1130 1919
751 125
835 125 753 1102 1798 1919
919 125 260 995 1197 1919
993 583 1695
1102 123 476 543 995 1657 1783 1919
1130 125 234 784 1922
1265 260 689 784 995 1354 1379 1558 1746 1919
1657 125 401 543 753 1919
1821 260 313 425 617 1215
1919 125 543 1197 1798
94 172 182 191 670 680 758 1810
172 182 670 680 956 1260 1334 1756 1810
182 680 956 1155 1411 1814 1947
191 558 668 791 912 1006 1260 1355 1595 1611
670 255 743 756
680 280 791 907 956 1046 1260 1814 1947 1999
758 120 1766 1814
1810 177 288 733 743 775 1121
422 268 329 420 446 723 1359 1983
631 318 971 1301 1372 1617 1849 1983
723 350 527 1597 1617 1682 1984
1301 1372
1372 420 535 741 969 1983
1849 268 318 350 446 599 1682 1983
1984 350 420 527 792 1597 1719
211 1005 1075 1565 1720
1886 644 814 1890 1993
1890 1331 1720 1920
1952
97 220 485 878 904 947 1221 1242 1580 1846 1974
220 531 904 968 1517 1624 1781
485 491 669 1221 1624 1846
878 283 727 947 988 1725 1749 1846
904 468 553 1094 1290 1781
947 335 992 1221 1688 1748 1846
1221 531 1688 1846 1974
1242 601 988 1248 1340 1556 1593 1753 1771
1580 283 448 988 992 1008 1466
1846 531 1974
1974 531 1208 1466 1789
98 608 1058 1333 1524 1666 1851 1941
608 1446
1058 247 1436 1524 1874 1941
1333 759 1649
1524 386 484 686 1757
1666 141 960 1139 1157 1465 1613 1841
1851 190 759 997 1874
1941 710 906 1351 1436 1706
206 154 278 314 436 1378 1631 1714
694 668 1006 1007 1048 1355 1880
952 567 1487 1910
1497 654 1082 1374 1378 1605
1605 654 1378
351 246 429 507 1399
759 578 1351 1436 1757 1945
872 686 794 1409 1436 1469 1668 1757 1857 1945
341 617 965 1280
425 605 965
1695 583 1482 1733
1096 798 1080 1512 1538
1145 289 1059 1476
1686 582 727 1393 1737 1959
1731 584 811 1965
1800 1385
103 418 456 1070 1080 1142 1400 1443
418 897 1059 1087 1142 1443 1446 1538 1865
456 112 443 555 710 1142 1866
1070 560 781 1080
1080 205 371 404 1400 1685
1142 205 560 1446
1400 205 1140 1450
1443 112 1446
104 494
494 1118 1223
626 242 526 620 887 1061 1530
728 134 331 669 1088
765 242 266 620 1587
1094 266 468 1088 1880
1246 174 1028 1904
1437 706 1088 1179 1587
1519 1020
1587 242 526 887 1061 1279 1530 1956
106 574 840 981 1110 1251 1369
574 139 1251 1369 1417
840 139 1133 1566
981 814 1170 1313
1110 507 843 1266 1565 1804 1973
1251 644 1920
1369 388 584 1658 1973
246 259 748 1247 1463 1469 1501 1973
309 388 624 1331
1075 259 262 1578
1409 1501 1703 1816 1973
1973 1266 1399 1862
108 113 204 285 332 344 510 587 612 1311 1994
113 612 676 998 1001
204 285 510 1701 1994
285 110 344 510 676 842 1062 1311 1315 1970 1994
332 449 1001 1391 1458 1726
344 449 510 717 1315 1458 1719 1881
510 218 366 587 1136 1154 1458 1701 1988
587 445 998 1001
612 218 640 676 1084 1701 1739
1311 640 717 998 1062 1458 1970 1994
1994 662 998 1559
109 302 1074
302 125 260 563 995 1205
1074 1671 1705 1963
110 809 1062 1726 1868
809 445 730 1062 1962
1062 445 730 978 1068 1315 1559 1881
1726 167 412 493 848 1125 1283 1285 1384 1391 1440
1868 747
400 534
747 1031 1891
964 336 525 884 1011 1853 1968
1225 342 829 884 1302 1310 1418 1745 1813 1888 1968
1724 382 525 535 842 1120 1909
1763 829 884 980 1011 1068 1120 1647 1853
112 347 1009 1307 1512 1570 1659
347 1446 1450
1009 555 701 825 832 897 1307 1659 1808
1307 190 555 603 825 1059 1538 1808
1512 1450 1593
1570 1803
1659 170 189 404 555 832 897 1087 1271
676 299 998
998 1701
1001 858 1068 1719 1881
114 128 661 721 985 1106
128 224 416 983 1107 1123 1532 1609
661 250 333 497 1243 1991
721 250 1272 1282 1456 1693
985 338 396 1107 1456 1693 1978 1991
1106 121 396 1272 1638 1991
115 157 337 486 659 885 923 1019 1166 1314 1342 1533
157 210 257 447 533 955 1122 1166 1907
337 458 486 659 801 1167 1495 1806 1907
486 501 724 801 860 1019 1480 1562
659 458 815 1281 1329 1495 1696 1806 1832 1927
885 143 213 279 391 397 452 724 923 1312 1352 1480 1772
923 279 397 501 551 799 1371 1558
1019 279 391 453 724 1312 1480
1166 391 815 1016 1281 1696 1927
1314 210 1342 1927
1342 377 891 1312 1927
1533 1211 1218 1562 1907 1927
116 269 852 1438
269 295 830 1171 1231 1438
852 295 387 658 805 1165 1503 1616 1902
1438 1258 1785
1208 448 1168
1593 1356 1685 1753 1850
118 278 503 1334 1451 1595 1631
278 288 775 1006 1383 1714 1830 1998
503 912 1999
1334 221 609 883 1047 1121 1299 1411 1547 1756 1779
1451 733 1303 1577 1999
1595 668 791 912 1082 1309 1611 1998
1631 120 221 654 1006 1082 1299 1374 1714
119 731
731 173 1141 1175 1508 1518
120 288 628 651 912 1374 1998
288 154 255 280 363 956 1046 1309 1814
628 384 791 1113 1766 1839 1912
651 154 1374 1411 1998
912 436 654 1355 1998
1374 207 609 775 1383 1411 1998
1998 775 956 1714 1814
121 161 198 729 1340 1414 1456 1479 1522 1689
161 200 250 348 416 481 1067 1107 1245 1532 1978
198 200 224 281 348 394 695 729 892 1609
729 737 1609 1747 1991
1340 572 693 1210 1725
1414 187 281 489 879 1105 1531 1594 1901 1978
1456 224 983 1435
1479 250 338 346 348 481 695 983 1107 1978
1522 328 695 1386 1598
1689 1424
663 1044 1364 1376 1616
744 820 866 906 1413 1764 1819
1041 1364 1599
1376 1005 1421 1600 1616 1740
1599 1005 1171 1364 1600 1921
1626 818 1237 1364 1950
1817 295 818 1044 1421
123 303 454 605 713 1215 1733 1939
303 354 379 1882
454 147 967 1276 1765
605 476 847
713 629 1362 1473 1520 1540
1215 543 617 1402 1540 1798
1733 298 474 1279 1290
1939 174 468 553 1279 1904
124 131 314 610 778 864 1028 1830
131 432 554 654 1383 1830
314 436 864 1447
610 821 850 864
778
864 1447
1028 207 706 1323 1741 1880
1830 1383
125 1205 1223 1671
1205 260 995
1223 260 753 1924
1671 401 567 1956
491 130 531 1168 1271 1429 1517 1596 1771 1781
632 298 354 1362
902 781 1367 1865
1787 474 553 877 967 1280
1865 1356 1866 1882 1979
1979 539 546 620 828 1866
356 752 1118 1487 1656 1741 1910
526 203 887 1656 1956
1097 1897 1963
1118 752 1741 1963
1741
224 250 348 481 1107 1532 1549 1693 1936
416 227 572 611 693 795 907 988 1107 1123
983 795 1272
1107 209 250 481 572 892 1056 1532
1123 346 627 690 1056 1296 1549 1727
1532 250 346 398 481 497 585 837 892 1381 1537 1750
1609 281 481
1331 461 496
1578
130 531 669 988 1020 1688 1748 1789
531 988 1466 1624
669 1048 1356 1789
988 540 795 1140 1168 1174 1688 1725 1748 1771
1020 207 335 597 666 928 1007 1048 1174 1255 1592
1688 1008 1168 1210 1987
1748 134
1789 1048 1725 1878
432 850 1053 1383
554 436 850
654 436 1082 1260
1383 436 1378 1714
978 282 730
1316 730 1144 1154
133 233 234 1354 1362 1433 1765
233 225 234 414 784 876 1379
234 169 1433 1471
1354 215 689 1002 1197 1348 1924
1362 1540 1783
1433 414 876 1348 1431 1752 1922
1765 169 784 876 953 1213 1500
134 266 331
266 468 474 520 553 620 967 1279 1904
331 1596 1882
1531 879 1424 1860
1747 737 1105 1245 1665 1732 1760 1901
1936 330 1255 1320 1665
821 850
1880
1956 887 1061
137 470 641 796 1474
470 641 647 658 796
641 851 1143 1171
796 295 658 793 851 959 1364 1563 1575
1474 647 851 1563
1082 609 1355 1378 1714
1714 1378
1835 1006
139 1313 1893 1920 1993
1313 375 622 1889 1893
1893
1920 622 1081 1993
1993 644 1417 1566
141 793 1465 1654 1736
793 387 940 1278
1465 899 1591 1777
1654 426 888 1025
1736 772 834 960 1143 1613 1777
142 1976
1976 1138
143 317 891 1371
317 312 855 1419 1518 1632 1845
891 213 397 453 1312 1480 1509 1772
1371 225 391 724 1104
144 803 979
803 273 1516 1902 1932 1933 1940
979 1940
530 262 624 814 1033 1658
893 251 808 1133 1417
1417 644
146 897 1059 1087
897 1087 1493 1808
1059 170 701 1228
1087 170 189 555 710 825
147 539 687 1276 1520 1683 1867
539 894 1147
687 357 1783
1276 1540 1867
1520 1550
1683 277 847 1300 1754
1867 685 1122 1300 1667
148 373 429 1776 1792
373 407 441 584 865 974 980 1015 1249 1399 1834
429 863
1776 388 849 1472
1792 1826
727 582 870 1385 1572
870 415 508 1158 1336 1350 1457 1556
1003 678 811 1031 1668
1024 321 408
1457 253 263 415 487 508 949 1057 1749 1755 1842 1959
1959 433 611 1336 1385 1393 1737
242 620
270 1035 1783
468 174 474 620 1279 1482
706 520 1179
1279 474 620 887 1429 1482 1656
1530 887
293 406 507 578 811 1799 1834
406 326 407 584 862 889 1011 1463 1751 1805
584 811 865 1579 1751 1965
1751 181 1579 1668 1822 1965
152 580 931 945
580 814 945
931 576 1658
945 259 1658 1826
865 181 678 889 1011 1448 1965
1448 1463 1799
1579 678 811 862 980 1310
154 956 1046 1048 1282 1355 1814
956 558 609 1046 1152 1260 1309 1814
1046 207 436 1260
1048 529 538 597 666 668 1113 1592
1282 1056 1201 1978
1355 207 668 1006 1113 1611 1852
1814
155 955 1506 1696
955 277 307 352 573 934 1322
1506 761 1253 1254 1829
1696 257 1016 1495 1629
1548 401 1061 1656
1722
210 1016 1495 1550 1644
257 352 533 830 1122
447 421 1495
533 196 1122 1441 1655
1122 307 352 1253
1907 213 1099 1167 1178 1189 1434 1809 1832
576 349 667 1658
625 1266 1469 1717
159 218 412 1162 1391 1449 1915
218 569 1182 1391 1820 1896
412 493 569 1125 1136 1384 1449
1162 493 1384
1391 639 1182 1820
1449 493 615 700 1182 1820 1881 1896
1915 1896 1923
811 181 1336
1502 326 407 1834 1965
1888 829 884 1418 1813 1871 1891 1968 1990
200 281 1598 1665
250 209 348 481 907 992 1117 1361 1693 1750
348 281 481 693 695 1693
481 209 1056 1660
1067 283 928 1381 1878
1245 986 1137 1386 1594 1598
1978 187 585
162 1154 1584
1154 166 1206
1584 1581 1704
459 910 1617 1680
359 862 1249 1614 1703 1813
525 971 1647 1871
599 969 971 1871
725 323 741 1292
938 336 1805 1853
1015 748 980 1472 1834
1249
165 572 1248
572 585 693 795 1008 1168 1210
1248 448 1878
166 1319 1581 1895 1962
1319 655 1206 1767 1938
1581 861 1111 1793 1895
1895 333 1144 1321 1638
1962 1793
167 311 493 700 1458 1534 1645
311 493 615 1268 1283 1534
493 1125 1283 1534
700 848 1182 1315 1692
1458 449 639 1132 1315 1701 1719 1881
1534 329 615 1645
1645 1539 1634
168 737 879 1327 1604
737 1407 1594 1665 1760 1892 1926
879 226
1327 226
1604 330 1860 1892
169 424 553 801
424 414 753 784 953 1500
553 324 1429 1482
801 1778
170 832 929
832 555 701 825 1112 1228 1280 1808
929 247 805 960 1676 1847
171 336 534 582 1476 1990
336 829 1302 1472 1813 1822 1891 1968 1990
534 678 757 1813
582 433 757 1476 1572 1608
1476 1207 1296 1385
1990 829 884 889 974 1011 1418 1891
1260 1309
1756 188 483 1303 1363 1411
173 1328 1553
1328 279 900 1508
1553 514 1141 1632 1845
174
203 620 1396
176 597 976 1725 1879
597 335 538 650 693 907 928 976 1113 1381 1766
976 928 1255 1852 1879 1969
1725 637 1176 1852
1879 558
177 221 229 1341 1551 1627 1708
221 353 483 764 1363 1627 1864
229 383 722 1299 1547
1341 764 1551
1551 188 733 853 1155 1527 1864 1947
1627 188 363 609 733 764 1363 1527
1708 363 621 671 883 1779
644 1081 1133 1566
844 618 1128 1467
1720 982 1565
289 321 1706
1336 678 1737
1398 408 686
180 225 312 551 926 1492
225 265 817 855 1401
312 551 674 817 926 1492 1508
551 556 817 1352 1778 1989
926 783 799 1104 1625
1492 279 674 1104 1312
181
1155 363 621 671 1029
1411 756 764 775 850 853 1152 1299 1303 1442
1947
461 259
1241 1413 1678 1801 1819 1995
1421 818 1044 1237
1678 1060 1090 1413 1819 1995
1764 1090 1240 1413 1862
995
186 189 190 710 997 1841
189 199 997 1112
190 555 1112 1808 1841 1874
710 559 825 1538
997 199 559
1841 386 443 1112 1874
187 1407 1660 1732
1407 330 791 1839
1660 1412 1693
1732 1137 1594
188 756
756 1121 1299 1424 1527
199 555 1436 1874
1112 443 559 1874
555
1808 408 559 1367 1464
1874 1351
558 928 1007 1766 1852
668 666 1006 1113
791 1912
1006 207 280 1766 1999
1611 1323 1969
192 1027 1543
1027 354 957 1012 1543
1543 788 1108
193 202 566 643 1198 1676 1933 1981
202 833 869 899 1198 1263 1676
566 643 962 1254 1712 1933
643 573 800 880 962 970 1108
1198 430 962 1157 1697 1716 1777
1676 1254 1847
1933 716 962 1535 1932
1981 273 430 833 940 1535 1918
524 310 322 657 1128 1478 1616 1740 1782 1812 1914
1910 1487
196 1281 1434 1495 1806
1281 389 421 1178 1226 1329 1460 1491 1655 1832
1434 1138 1178 1300 1475 1495 1655 1927
1495 357 815 860 1312 1806
1806 1167 1189 1329 1673
197 1138 1516 1691 1940
1138 656 937 1516 1535
1516 573 1326 1710
1691 421 871 1582 1710
1940 307 970 1099
281 740 837 1361
394 328 740 1201 1428 1598 1665 1875
695
892 330 1201 1361 1960
1436 1351 1613
1598 328 901 1875
1665 489 986 1137
450 231 889 1184
1418 342 829 884 1209 1745 1813
1813 889 1184 1463 1853 1891
1834 507 1463 1668
1891 889 1031 1049 1184 1871
1968 1011 1871
833 430 1157 1304 1899 1932
869 716 1157 1263 1613 1697
899 1591
1263 688 1231 1697 1777
620 1904
1396 887
1701 717
205 478 1450
478 1271 1408
1450 371 798 1202
436 1378
1378
207 529
529 335 1113 1174 1852
208 294 1755
294 282 826 846 1117 1270
1755 951 1822
209 346 837 1693 1991
346 1201
837 585 1056 1361
1693 1435 1549
1991 338 398 726 1272 1435
1016 458
1550 352 1473 1667
1644 352 391 724 799 860
1005 1044 1600 1616
1565 624
578 408
686 735 1757 1945
735 259 484 1247 1469 1501 1703
1945
213 799 804 1352 1508
799 397 600 1104 1518
804 768 1352 1480 1989
1352 343 397 724 860 1218 1480 1772
1508 343 1030 1518
906 1240 1740 1950
943 1044 1119 1237
215 689 953
689 414 1002 1197
953 414 1500 1924
216 329 842 1268 1283 1285 1359 1682 1844 1983
329 1292 1634 1692
842 1359 1909
1268 1068
1283 858 1384
1285 1634 1692 1986
1359 323 527 535
1682 527 1986
1844 268
1983 318 741 1617
217 1124 1684 1690
1124 440 465 528 675 1180 1277 1445
1684 240 254 368 606 657 675 681 1420 1445 1711 1980
1690 254 292 618 1128 1131 1274 1420 1742 1812 1836
569 848 1125
1182 1093 1820 1896
1820 639 1136 1384 1896
1896 639
219 474
474 324 967 1035 1429
968 1008 1210
1517 1429 1596
1624 1596
1781 518 546 690 1193
353 671 883 1047 1672
483 542 764 1511 1672
764 363 542 671 733 1363 1442 1511 1779 1864
1363 542 621 733
1864 363 621 883
622 814 1337
667 843 1033 1266 1658
974 507 1597
1399 1472 1649
1658 349 1717
1472 388
1549 227 263 333 1537
265 1558 1746 1922 1924
817 279 556 674 724 921 1430 1845 1883
855 279 1141 1419 1518 1632 1845 1883 1937
1401 783 921 1430 1558
226 1424 1860
1424 1320
1860 1892
227 264 975 992 1271 1350 1385 1564 1749 1987
264 249 333 1727 1987
975 249 415 627 795 1057 1350 1556 1564 1771
992 249 448 1158 1255
1271 601 690 1140 1356 1466 1753
1350 249 448 601 1176 1393 1395 1615 1837
1385 611 627 1727 1737
1564 508 1537 1987
1749 798 877 1987
1987 415 627 1837
228 231 1321 1767 1780
231 333 773 1321 1638
1321 773 846 908 1704
1767 316 908 1349 1704
1780 1243 1272
383 883 1029 1794
722
1299 1121
1547
1165 240 451 658 1143 1171
1171 387 927 1646 1899
1231 426 960 962 1157 1287 1777
333 396 846 1220 1243 1349
773 316 396 1149 1349
1638 396 497 1149 1349
414 753 1002 1471 1922
784 501 1752
876 452 501 1213 1752
1379 1002
1471 685 921 1558 1625
623 352 573
1126 788 1667
1441 1099 1582
1778 501 1104 1540 1709
487 263 949 1261 1842 1982
1296 949 1261 1977 1982
323 792
792 881 971 1292
1680 910
405 476 965 1540 1783 1798
1035
1897 482 1963
240 479 647 1478 1702 1788
479 1150 1702
647 851 1575
1478 1119 1128 1740 1782 1914
1702 1410 1575 1646
1788 1410
738 451 658 882 991 1563 1930
991 657 1153 1237 1278 1929 1930
1153 1616
1410 286 465 1044 1119
1575 1150
1600 882 1044 1616 1740
1930 658
371 404 415 798
1712 688 1254 1591
1719 449 1881 1986
1988 730
330
259 843 1816
748 1703
1247 507 1668
1463 326 980 1799 1965
1469 1501 1703
1501 1703 1804 1857
247 1801
1801 441 1060
249 396 398 1057
396 740 1056
398 1057 1220 1261 1427 1484 1750 1977
1057 263 508 949 1207 1220
907 795
1117 846 951 1220 1628 1674 1977
1361 1960
1750 1349 1982
251 987 1365 1585
987 1365 1585 1908
1365 440 1585
1585 996 1946
252 1554 1832
1554 492 656 973 1218 1226 1425 1460 1562 1673
1832 389 453 656 782 937 1226 1425 1491 1809
253 263 415 508 1395 1427 1628 1727 1737
263 415 949 1537 1556 1727
415 448 540 627 1556 1837
508 627 949 1727 1837 1982
1395 611 1353 1393 1561 1615 1737
1427 949 951 1615
1628 282 846 1190 1220 1243 1674
1727 1261 1393 1842
1737 611 951 1353 1842
254 292 368 963 982 1180 1420 1700
292 618 1180 1192 1257 1275 1590 1679
368 310 935 963 1521 1742
963 657 681 1128 1445 1544 1700 1812 1980
982 808 1836 1946
1180 675 1257 1277 1544
1420 440 442 606 657 681 1812 1908 1946 1980
1700 310 550 935 1234 1291 1392 1774 1812
255 743 1839
743 1839
1839
295 451 1287
927 805 960 1032 1278
1139 772 1278 1287 1304
1304 716 834 1157 1287 1697
1364 882 959 1143
1902 451 940 1025
352 277 466 1582 1738
830 277 761
258 542 671 1527
542 853 1029 1779
671 363 853
1527 363 733 853 1121
843
1816
260 543
543
1170 375
262 814 1337
814 1337
1337
949 1207
1537 1393 1960
1556 1207 1561 1842
1558 279 1002 1500
1746 1922
1922 783
1924 1002
520 1323
967 1290 1482
1904 828
1413 1616 1819
268 446 1292
446 318 420 1692
1292 420 1617 1634
1783 617 753
550 920 1128 1392 1836
557 920 1467 1521 1774 1797
1040
1392 920 1128 1521
1797
1280 828
273 430 573 966 1918 1932
430 966 1535 1918
573 761 934 970
966 1196 1918
1918 962 1196 1422
1932 800 962 1697
658 745 1143
745 451 851 1258 1633
775 280 1999
277 1108 1200 1253 1322
1108 1200 1422
1200 1422
1253 649 1322 1829
1322 298 466 788
279 1518 1807
1518 770 1419 1845
1807 674 824 921 1883
280 384 1577
384
1577 1999
740 1243 1272 1875
282
283 538 1176 1210
538 335 650 666 1007 1174
1176 637 1168 1210
1210 693 1007
338 901 1243 1349 1428 1875
1105 1875
1875 328 1164
1892 1594
1315 445 469 1440 1559 1986
1970 299 445 1559
286 920 1782
920 374 866 1590 1782 1812 1950
1782 1128 1521 1914
287 1240
1240 705 1351 1757
363 733
1309
321
1706 408 603
1367 546 894 1408 1464 1866
1408 354 847 1866
1538 701 825 1446 1464
618 935 1128 1521 1914
1192 1774 1812 1836
1257 1269 1275 1544 1590
1275 504 528 1679 1812
1590 504 528 1544
1679 440 1234
507 326
1799 1011
826 655 1243 1270
846
1270 1220 1674
451 438 805 1785
1287 297 649 772 834 970 1777
951 757 1184 1608
1261 1484
1484 1220 1674
1842 433 1158
297
298 546 1885
546
1885 471 1012 1493
299 1132
1132 1084
1190 884 1302
563
354 379 847
379 847 1493
1882
887
307 1829
1829 800 934 1716
391 685 1312 1927
685 600 1189 1213 1507
847 629 1147
1507 1709
388 794 925
624
310 1234 1291 1908
1234 1291 1812 1836
1291 1131 1274 1812 1836 1946
1908 1742 1812
615 1120
674 921 1430 1845
313 476 617 965 1402 1482
476 1402 1540 1667 1798
617 965 1402 1798
965 1540
1402 583
1482 583
1447 1848
316 908
908 1938
1419 770 1141 1632
1632 1104 1175 1509 1845
1845 665 1141 1883 1937
318 350 873 969 1597
350 1209
873 741
969 910
1597 382
1272 497 1428 1435
1349 497 1243
322 1966
1966 1467
324 518 1493
518 781 1290
1493 683 1129
325 683 1254 1602 1790
683 957
1254
1602 688 1790
1790 825 960 1267
326 1668
1668 407 1805
1120 382 1909
328 901 1164
901 1212 1397 1428 1760
1164 1397 1428 1435 1674
1634 366 527 848 858 1923
1692
1596
449 535 858 1125
1220
1243
1025 772 1785
335 637 928
637 1174
928 1255 1852 1969
829 1310 1715 1871
1302 1310 1715
1822 433 678 889
458 389 860
1167 815 1178
1428 1397 1704
349
407
980 1011
1853 1871
387 1143 1503
1785 1258 1503
342 884 1453
884 1453 1871
1453 1871
343 562 1211 1673 1772
562 1562
1211 377
1673 389 656 782 973 1226 1329 1425 1460 1629
1772 389 453 724 768 860 1226 1562 1629
717 1881
1881
1184
1201 1056 1381 1412 1912
1446 957 1129 1866
693 585 627
1209 535
466 1667
1582 970 1030 1099
1738 1473
883 1511
1047 1303 1511
1672 1303
690 1140 1466 1850
877 828 1290
752
1487
1656 583 1061
357 753
753
862
1614 1561
1703 1804
532
962 716
1633
1422 649
794
733
1081 1133 1566
1670
705 1060
1804
366 1440
1440 858 1986
935 442 606 1521
1521
1742 657 675 681 1269 1277
1982
404 1140
798
497
1212 489
1435
441 484 1649 1857
374 1295 1616 1914
1295 818 1051 1119 1616 1740 1914
1616 1044
1914 959 1128
375
858 1986
1559
377 397 1480
397 501 1989
1480 1809
603 1685
1228 443
805 851 1613
940
382 527
527 1068
1029 621 853
1794 1053
386 960
960 1157 1267 1613
1143
1503
925 1266
389 1226 1329 1491 1562 1629 1655
1226 1329 1425 1460
1329 860 973 1460 1629
1491 421 638 656 937 1425 1460
1562 656 1030 1425
1629 973
1655 638 699 782 973
860 1218
1178 1475
1189 600 1927
1312 600 724 1509 1809
1927 453 815
1056 1412 1960
501 1541
1989 1752 1937
1977
853 1442
1121 1152
401 1197
1197
471
629 788
1147
1754 1636 1667
1140 831 1466 1753 1850
1540 1431 1798
1798 1752
889 433 678 757 1011 1572
1011 1965
1805
408 1803
1803
1774 1467
1125
1136
1384
1466 1771 1791 1850
1002
448 1008
540 1202 1353
627 1615
1837 1158 1393
611 1158 1393 1561
795
445 640 730 1144
1092
716 834 880 1899
970
420
421 1099 1224
1099
1224 871 973 1470 1900
1500 452 600 1709 1752
426 1157
1157
730
1068 1986
1986
863
1535
850 1303
1053
433 757 1572 1608
757 1572
1572 678 1965
1608
1561 1353
544 820
1318
1740 1950
438 888 1069 1278
888 866
1069
1278 882 1032 1929
440 504
504 657 1544 1812
484 1649 1757 1857
1649 1757
1857
442 657
657 681 1445 1836 1980
443
1793 1144
1938
640 1739
1144 1084
1008
535 1031
452 1213
1213 1625
453
1866 701 1012 1129 1193
1267
910
1617
866
1051 1119
1862
772
465 528 681 1445 1980
528 1277
681 1445 1980
1445 1131 1946
1980 1269
1667 1300
1840 1900
469
1393 1168 1615
1429 1290
1150 1563
482
1511 1442
1757
724
489 1594 1901
1594
1901 986 1137
1963 1061
1168 601 1356
1771
492 1030 1425
1030 1809
1425 768 1460 1818
496
1541 600 1709
1999 609
1544 1812
1812 1274
514 900
900
781 1129
1290
1323
849
1128 1946
971 741 881
1647
1871
1277 675
1113 1007 1381 1412 1766 1852
1174 1007 1969
1852 1007 1255 1969
1033
678 1207
1031
1709
650 666
666 1007 1592
1007 1766
894 1129 1464
1202
1353
1779
820 1819
1266 1717
1848
1836
556 783
783
1467
1766
559
560 1129 1464 1850
1129
1464
1850 831 1356
567
848
1179
585 1381 1878 1960 1975
761 934
934
1137 1760
1717
1646
583
1965
1381 1412 1791 1878
1878 1791
1960
1975
600 1300
1752 1625
1133
770 1141 1175 1937
1218 768
1196
1899
1300 1473
601
1685
606
609
1158
1084
1739
1412
1515 1791
1969 1255 1791
621
1061
1615
1912
788
638 699 782 937 973 1373 1818
699 973 1900
782 1470
937 1470 1809
973 871 1373 1470 1818
1373 656 1460 1818
1818 656 1460 1470
639 662
662
851 959 1563
800 880
880 1694 1697 1716
1566
1193
649 1636
1636
655
656 1470
1470
815
1049
1044 1237 1921
665 1175 1937
1175 1141
1937 1430
1592
1356 831 1753
1929 1032 1921
921 824
1430 1625 1883
675 1269
1269
1207
1473
957 1729
688 1847
1847 1729
871 1900
1475
1710
1206
1704
1090
1460 1809
1900
701 825 1012
825
1012
1060
834 1777
1119
1237 1921
1088
741
726
1141
1760 1386
1926
882 1921
1563
1819
1258
1909 1715
1351
808
1442 1152
831 1753
768 1509
1509
1149
890 1111
1111 861
828
881
959
1104
1613
1883
818
824
1705
1310 1745
1715 1745
1753
1777
1303
1745
861
1697 1694 1716
1694 1326 1716
1716
1921
1591
1397
1950
1625 1431
1032
1255
1826
1809
1729
1152
1946
986
996 1131
1131
1718
1674
1431
1326
1093
1889
1995
1386
1274
1320
1348
1791
1539
1923
1711
