0 27 29 101 106 394 545 635 734 787 860 881 891
27 6 105 197 203 318 470 618 765 786 805 864
29 166 254 305 413 550 573 691 740 872
101 105 233 318 341 491 565 864 909 930
106 162 166 206 225 312 326 394 413 421 430 525 540 624 660 732 749 836 930 954
394 11 206 485 540 635 660 872
545 206 243 413 540 749 890 891
635 8 11 15 179 413 604 610 840 971
734 8 243 253 318 434 500 540 796 840 891
787 262 318 342 434 533 589 732 749 841
860 83 92 121 124 290 691 707 718
881 127 233 326 337 431 567 836 841
891 8 9 203 206 243 421 486 732 758 796 840 861 863
1 44 71 87 138 157 200 209 345 469 525 580 615 722 822 917 941
44 23 87 238 252 271 301 443 580 633 727 764 822 919
71 14 30 65 138 192 252 265 268 359 368 505 647 683 721 788 822 940
87 14 138 260 399 489 627 647 683 727 751 760 768 847 949
138 192 252 265 464 549 627 680 719 727 754 822 917 919 949
157 31 43 238 297 364 368 386 463 590 737 833 847 995
200 14 238 446 463 505 525 615 833 952 995
209 259 260 359 386 442 719 721 847 919 949
345 100 245 423 664 680 958
469 64 211 267 297 301 375 482 530 615 626 722 727 737 768 877 941 949 959
525 198 199 238 287 339 451 463 478 781 847 940
580 23 31 64 252 260 301 529 647 685 722 727 737 764 799 980
615 198 443 451 482 575 647 727 729 847 949 965
722 14 23 198 217 238 382 386 405 443 561 727 737 949 952
822 14 252 423 451 489 529 719 797 873 940 986
917 192 271 359 399 427 647 797 828 885 934 986
941 91 121 267 364 382 558 575 626 728 737 848 965
2 134 214 215 408 654 711 843 888 939
134 122 195 214 224 275 290 343 426 501 507 571 693 699 843
214 97 117 169 176 343 356 801
215 123 581 791
408 54 63 176 195 356 457 517 655 699 785 853 857
654 35 70 88 284 383 803 868 887 935 950
711 107 284 316 343 656 726 777
843 122 163 475 480 668 699 742 773 791 939
888 24 28 118 167 217 291 337 567 671 772 819 936
939 202 480 667 699 775 853 977 993
3 40 230 247 325 551 605 629 757 921
40 165 241 351 360 429 516 629 712 713 723 929 987
230 37 189 292 315 351 436 528 551 987
247 26 96 327 416 420 429 447 551 600
325 96 188 362 404 417 527 723
551 149 188 351 416 506 528
605 75 188 387 390 452 696
629 416 429 506 702 793
757 187 411 418 504 522 606 713
921 48 56 115 323 355 366 477 543 694 929
4 109 126 175 224 281 544 553 748 784 820 851 887 962 974 990
109 103 135 182 369 371 512 636 773 835 851 935 977 999
126 181 226 281 415 509 524 564 584 595 784 899 990
175 114 172 266 509 552 553 640 855 895 926
224 290 369 371 383 385 497 612 701 742 999
281 524 536 564 641 724 902 956 959
544 132 147 300 310 330 455 458 588 715 775 886
553 5 132 182 456 497 509 519 564 595 617 628 659 724 803 943 955 974
748 132 227 284 477 552 628 640 652 874 899 990
784 185 212 595 820 902 956 962 974
820 316 456 509 535 564 636 724 926
851 182 422 456 559 584 695 724 775 868 990
887 135 309 663 675 926
962 335 456 535 584 636 663 675 874 913 926 931
974 167 518 636
990 58 132 135 147 167 310 348 455 584 595 895 902 926 955
5 103 223 357 378 385 552 559 650 775 868 880 933
103 41 61 63 66 110 161 248 373 412 438 480 597 933 935
223 248 273 275 371 415 612 673 695 770 773 868 933 977
357 114 273 438 557 628 695 933 999
378 130 246 422 458 461 512 516 623 676 715 809 882 886 947
385 125 289 334 371 475 775 915 977
552 70 226 518 524 557 584 595 628 640 855
559 348 524 583 701 814 999
650 195 227 289 511 617 695 701 950 977 999
775 58 322 335 371 628 652 701 902 926
868 20 284 309 511 571 612 617 695 701 802 950
880 79 201 698 882 933
933 80 110 161 317 371 412 415 698 780
6 93 197 363 470 510 586 769 836 893 909 930 954 966 984
93 15 104 243 298 533 697 765 909 954
197 105 574 620 750 815 864 984
363 46 178 326 341 397 419 431 510 756 769 864 936
470 105 203 263 298 491 533 587 786 805
510 298 346 419 565 586 769 864 909 927 954
586 104 233 263 318 341 565 769 806 909 998
769 291 318 431 565 569 646 836 954
836 22 291 342 421 431 541 620 806 841 925
893 183 229 236 341 613 930
909 15 124 233 419 500 533 574 806 984
930 47 104 112 253 263 449 569 662 928
954 431 920
966 35 104 276 407 697 815 905 912 927
984 86 112 206 298 318 587 765 826 996
7 25 133 144 185 216 245 259 762 813 830 866
25 213 286 313 644 664 729 904
133 100 319 834 883 958
144 98 130 329 365 588 681 715 809 867 899
185 16 245 259 455 961
216 77 259 277 462 484 563 683 991
245 68 319 453 479 499 639 644 813 828 946
259 68 91 129 319 423 479 664 947 949 963
762 16 237 260 331 561 716 798 813 814 866 883
813 52 100 296 353 474 555 664 830 883 946 960
830 171 313 380 454 465 474 513 706 972
866 16 237 251 257 453 455 508 614 814 852 904 960
8 206 485 486 572 604 718 732 740 796 890
206 166 312 625 691 718 732 872 918
485 305 573 651 745 901 918 952
486 9 86 253 298 610 861
572 312
604 9 179 312 740 786 833 842
718 57 85 92 294 305 306 550 593 625 704 908 952 968
732 253 500 740 863 872 918
740 413 533 863 890
796 243 253 430 920
890 179 243 305 312 691
9 136 298 421 541 589 594 618 697 749 861 920
136 15 481 541 589 594 618 749 786 861 996
298 318 533 541 574 594 697 765
421 11 254 620 691
541 203 318 533 840 861
589 594 618 861 927
594 413 481 565 610 618 805 920
618 203 229 500 610 765 927
697 346 569 692 805
749 253 920
861 203 243 500 758 805 927
920 491 500 540 610 758 840
10 90 96 167 237 258 296 536 771 859 957 980
90 55 139 180 210 256 296 393 396 454 508 706 852
96 26 155 186 353 395 499 623 639 681 862 899
167 98 226 300 310 536 892 902 926
237 16 186 258 454 814 852 886 957 980
258 146 180 210 331 462 706 859
296 55 78 331 365 381 462 484 709 850 852 859 883
536 16 102 147 244 307 445 455 529 688 716 771 808 814
771 147 226 455 564 639 641 688 808 902
859 78 453 454 462 598 644 754 821 839 960
957 68 186 561 716 798 980
980 16 314 455 462 508 716 814 834
11 83 85 166 225 342 601 691 875 918
83 57 253 254 386 593 625 810 908
85 23 38 92 626 651 776 925 952 983
166 143 254 305 326 550 624 918
225 57 254 419 491 918
342 233 326 419 434 569 620 806 923
601 17 24 35 124 137 196 326 397 402 590 625 707 807 931
691 92 121 326 550 573 908
875 36 43 116 306 714
918 294 437 439 625 704 776 872
12 155 241 256 307 353 709 717
155 139 241 353 393 396 468 583 639 670 709 713 723 736 892 981
241 130 256 315 420 459 484 818 987
256 139 180 393 436 528 713 717 892
307 146 186 353 393 639 715 753 818 947
353 60 395 403 499 583 661 670 862
709 78 146 508 513 661 717 753
717 146 180 292 331 454 736 753 942
13 111 142 154 308 400 406 495
111 72 896 948
142 278 907
154 63 231 317 428 435 467 492 498 653 791 869
308 170 686 907
400 221 495 686 795 898
406 426 467 473 492 856 896 945
495 51 204 205 448
14 31 265 443 451 463 472 489 529 719 833 847 940 949
31 238 301 374 386 442 489 530 558 575 727 735 737 768 847 848 995
265 160 451 529 627 647 719 721 847 919 940
443 198 368 472 505 608 627 684 847 949
451 199 260 368 529 719 847 949 995
463 198 364 368 478 608 685
472 211 252 368 446 478 627 649 833
489 160 359 405 478 505 683 684 847
529 252 494 626 721 737 764 834 919
719 252 359 454 563 764 783 849 934 995
833 145 198 199 368 386 446 938
847 65 252 287 339 649 949 995
940 145 359 405 608 683 684 760 949 986
949 359 368 405 755
15 430 565 620 863 971
430 179 413 419 434 620
565 203 341 765 864
620 24 178 419 434 449 806 931
863 243 253 434 500 540 758 840
971 24 179 660 677 872
16 251 499 798
251 129 186 212 319 331 455 814 834
499 55 130 186 454 614 852
798 716 814 902
17 84 118 124 137 162 326 431 624 671 931 973
84 28 431 725
118 28 124 183 335 444 456 520 632 675 726 803 943
124 57 143 162 181 294 707 807 841 973
137 297 322 437 439 575 678 730 807 938 943
162 20 291 326 707 931
326 24 397 662 841
431 73 127 178 183 236 254 291 316 567 725 739 841
624 254 625 841
671 108 254 434 573 705 707 806 841 931
931 24 145 181 183 707 841 997
973 47 74 173 183 228 262 349 352 376 526 603 871 998
18 150 293 303 323 366 372 384 401 418 591 694 789 978
150 274 303 384 411 547 630 674 694 780 889 985
293 48 222 235 239 274 303 366 373 384 411 547 894
303 222 274 282 340 477 547 679 889
323 115 336 401 543 789
366 235 591 599 607 679 985
372 239 384 557 591 600 630 674 679 779 889 911 970 978
384 48 174 235 340 411 414 461 477 556 560 789
401 56 174 355 452 504 599 694 811
418 452 811 953
591 141 172 177 274 630 674 889
694 440 452 522 560 578 599 911
789 174 239 270 355 411 477 522 595 599 681 838
978 190 282 338 367 498 582 622 630 817
19 33 46 377 425 689 739 824 905 944 998
33 22 202 262 316 356 407 450 603 777
46 112 127 349 656 708 806 912 998
377 349 433 457 517 672 700 777
425 35 74 168 228 262 316 433 569 656 801 824 871 944
689 21 131 169 288 352 433 517 785
739 107 169 283 824 912
824 89 117 169 288 376 501 526 708 944
905 73 112 577 662 708 871 912 964 998
944 288 460 526
998 70 112 178 228 262 662 871 964
20 35 337 705 726 777 913
35 236 290 343 450 511 577
337 291 656 707 772
705 143 152 181 437 520 675 936
726 520 564 567 632 810 841 936
777 22 202 236 290 475 693
913 135 219 289 330 519 564 926
21 41 131 184 457 546
41 54 176 184 457
131 107 184 433 457 672 700
184 283 457 523 526 977
457 54 169 352 433 460 517 945
546 163 207 426 433 539 581 619 667 672 699
22 107 113 127 168 173 262 264 450 567 656 871
107 117 169 195 352 460 517
113 117 195 376 383 603 656 708
127 183 567 725 925
168 195 343 349 376 450 603 708 767
173 104 169 228 276 288 928
262 112 376 569 603 656
264 178 383 526 656 785 801 803 993
450 74 89 143 236 290 316 577 603 708
567 70 108 169 218 291 517 806
656 236 569 636 750 767 772 857
871 74 228 288 733 785 801
23 92 121 211 375 530 579 590 633 743 865 877 952 959 965
92 38 57 550 573 579 593 651 776 842 872
121 211 301 375 386 593 959 965
211 145 375 439 579 730 737 743 858 959 965
375 234 531 575 737 858 877 908 965
530 64 252 364 626 799 835 877 995
579 196 238 297 301 634 743
590 64 249 482 633 743 768 842 877 965
633 382 386 388 575 678 752 842 858
743 57 297 388 439 575 626 651 737 877 952 959
865 49 102 217 234 261 368 437 439 444 575 776 810 858
877 199 297 388 479 593
952 38 43 145 238 249 297 388 439 575 677 776
959 234 238 626 678 707 737 799 938 965 995
965 99 260 382 466 626 730 751 799 848
24 178 841
178 108 419 725 806
841 291 419 444 725 745
213 471 503 549 598 960 979
286 268 453 616 832 904 960 972
313 277 471 979
644 100 471 493 598 680 729 878 934 946 991
664 77 314 484 832 883 960 972
729 410 423 549 710 883 958 991
904 77 314 332 487 958 960 991
26 75 300 329 420 588 600 623 862
75 76 333 420 712 942
300 158 270 310 458 518 623 628 715 874
329 330 365 814 862 867 886 892 947
420 76 130 333 344 404 527 774 899
588 98 310 330 564 676 886 914 947
600 362 395 458 599 862
623 365 395 455 509 518 715 744 862 899
862 78 350 417 509 527
105 86 112 692 725
203 318 533 610 646 765 786 826 927
318 86 229 864
765 434 533 826
786 491 610 758 864 927
805 341 481 610 927 996
864 346 491 662
28 152 181 218 316 322 335 397 564 707 936
152 135 181 218 402 437 520 538 634 675 819 835
181 218 316 322 437 519 520 531 632 659 663 725
218 335 532 632 634 675 707 728 763 767 926 936
316 88 108 125 183 219 236 290 637 767
322 335 402 444 675 810 968
335 361 520 531 659 733 968
397 143 294 707 936
564 49 102 212 595 701 926
707 294 437 439 449 520 535 625 997
936 143 234 592 750
254 312
305 43 294 437 540 550 573 593 660 704 776 827 908
413 86 419 500 776 827
550 573 625 660 704 842
573 294 625 827
872 38 660 704 776 901
30 493 534 549 562 563 616 710 731 800
493 53 321 476 483 503 548 710 731 800
534 257 260 399 483 562 563 643 721 751 797 828 878 885 934
549 160 314 427 453 680 800 828 832 934 986
562 191 321 359 476 710 754 878 885 979
563 191 277 598 710 878 979
616 191 731 800 883 963 979
710 52 268 321 885
731 191 555 598 878 979
800 52 191 321 548 900 979
238 145 297 386 439 482 575 768
301 36 252 374 442 446 575 737 768 799
374 64 102 267 382 423 442 634 737 799 906
386 297 626 768 995
442 49 64 382 410 479 521 683 934 938 961
558 49 64 68 102 267 361 382 466 535 555 561 848 906 938
575 116 437 634 659 737 858 906 961
727 626 721 825 849
735 65 94 268 271 399 598 690 783 976 992
737 49 64 91 364 382 626 906
768 145 745 925
848 49 99 102 361 381 466
995 198 252 260 482
32 53 62 94 268 302 483 778 976
53 240 242 271 328 483 690 751 755 759 885 900
62 302 738 759 873
94 65 160 268 690 759 766 783 788 790 797 873 979
268 242 328 683 751 755 783 790 873 976
302
483 576 598 900
778 271 328 690 751 788 790 976
976 271 738 790 992
202 89 95 123 125 153 176 275 349 475 490 501 619 791 853 935
356 63 228 501 803
407 47 112 341 631 870 964
603 376 708 964
34 447 611 702 741
447 358 452 897 924 932
611 327 358 741 916
702 140 336 712 782 967
741 358 432 846 988
236 70 290 577 772
290 511 577 632 708
343 349 708
511 219 309 383 497 632
577 291 460 750
36 43 116 685 983
43 38 81 312 651 714 925 983
116 608
685 608 627 858
983 145 651 745
37 344 379 429 706 713 829 916 987
344 165 315 351 362 528 712 811 838 924
379 60 151 272 327 429 506 829
429 327 351 436 696
706 171 255 404 453 484 821 850
713 331 362 459 468 506 661 839
829 60 285 360 661 669 924
916 148 304
987 148 272 358 459
38 479 651 745 925
479 64 252 319 381 423 561 626 825
651 57 294 745 908 925
745 145 306 439 842
925 145 593
39 79 141 161 201 275 370 392 412 415 994
79 50 266 273 367 373 398 415 441 461 570 665 780 882 970
141 42 320 496 653 673 682 779 884 937 994
161 66 125 334 415 557 597 742 792 896
201 190 367 373 392 398 415 441 657 882 982
275 67 117 122 475 480 490 501 542 568 699 742 915 993
370 177 222 248 266 295 338 367 387 458 657 882
392 164 177 266 320 350 597 657 792 993
412 61 63 66 67 110 125 163 566 581 607 977
415 273 480 557 622 977 994
994 110 208 266 496 607 869 876 894 982
165 351 528 583 838 897
351 189 712
360 272 285
516 248 270 458 461 543 640 676
712 60 139 292 395 528
723 362 459 537 639 942
929 158 174 336 340 355 886 922
54 89 501 708
176 97 283 424 501 523 791
42 51 82 250 280 295 682 884 937
51 119 204 208 435 492 514 554 566 686 795 894
82 205 278 409 496 682 698 795 884 937
250 204 334 570 698 937
280 205 409 435 602 673 845
295 194 204 278 409 514 570 682 686 698 884 937
682 428 673 698 884 894
884 311 492 496 514 795 869 937
937 204 398 409 698
81 660 677 842
312 179 714
714 324 388 593 827
252 260 464
271 242 476 751 755 783 788 797 828 873 900 991
764 160 427 521 760
919 160 399 464 680 783
45 164 273 373 398 792 855 914 977
164 61 279 320 373 607 653 747 791
273 66 640 695
373 190 266 367 514 557 657 674 698 882
398 158 387 438 543 622 658 882 951 953
792 114 350 438 512 557 652 695
855 350 518 524 556 596
914 158 172 235 282 338 557
977 88 97 110 114 122 289 480 571 609 770 773 791 982
112 104 228 341 449 662 746 928
349 117 517 526 785 815 923
708 772
806 89 341
912 89 104 526 637 756 815 989
47 74 276 288 592 662 928
74 228 263 449 928
276 104 346 569 631 989
288 460 928 989
592 228 419 449 569
662 73 104 923 964
928 815
48 477 679 903 953
477 174 222 270 336 340 350 547 578
679 220 235 336 630 665 674 953 985
903 235 953 985
953 222 235 274 630 817 894 970
49 99 234 267 561 892
99 102 444 678 733 906
234 91 129 196 361 364 391 466 538 659 663 704 906 968
267 102 129 217 555 641 688 906
561 77 260 410 521 555 634 641 688 938 961 963
892 78 98 365 555 639 867 899
50 172 338 438 658 882
172 115 289 556 596 715
338 204 248 266 438 512 882
438 125 190 367 622 951
658 350 512 622 630 882
882 492 622 780 950 951
119 221 231 539 568 581 896 898
204 208 488 570 779 817 894
208 205 414 570 894
435 61 170 231 428 467 496 514 554 653 747 804 869 876
492 80 123 231 496 514 554 698 795
514 194 428 498 502 642 896
554 194 205 279 299 428 467 498 648 653 747 869
566 125 279 334 480 607 609 642
686 278 409 795
795 205 409 496 687 854 907
894 266 409 779 816 889 951
52 191 548 828 979
191 576 878 900 979
548 171 257 321 878
828 319 399 427 797 885 900 986
979 321 576
240 405 759 760 849
242 328 503 751
328 476 751 755 790 797 900
690 399 464 755 783 788 873
751 783
755 598 643 721 788 873 986
759 65 100 368 464 627 683 721 766 783 788 797 873
885 505 598 643 986
900 321 399 476 788
89 526 831
501 581 703 785 853
55 146 210 396 454 484 839
146 331 396 436 639
210 139 171 396 403 462 484 753 850
396 78 171 332 462 639
454 527 818 839 852
484 77 186 462 465 513 614 963
839 129 403 453 462 614 736 825 852 883
56 128 355 452 504 515 522 606 823 879
128 187 440 504 515 638 696 911
355 76 174 188 336 578 823
452 336 390 468 638 696 879 897 922
504 188 193 336 522 606 638 911
515 187 638 879 911 922 924
522 193 440 560 696 774 879 924
606 193 638 922 932
823 149 333 336 696
879 560 638 837 911
57 437 532 625 776 858
437 132 381 439 466 730 733 835
532 361 439 497 663 730 752 807
625 294 776
776 297 593 704
858 319 382 531 835 968
58 518 519 524 595
518 227 458 524 628 640 874
519 132 309 636 955
524 132 244 458 584 628 724
595 310 348 509 557 584
59 196 391 402 535 634 678 728 763 807 835 968
196 391 439 634 728 810 835 997
391 439 520 733 763 810 968
402 535 730 733
535 244 261 382 466 520 538 663 728 763 802 956
634 217 444 810 835 968
678 261 381 382 466 521 626 641 728 810 819 961 968
728 91 466 555 659 763 835
763 261 382 466 641 810 968
807 752 810 835
835 444 531 641 733 840 906 938 968 997
968 91 663 675 799
60 151 156 189 304 327 416 432 669 793 846
151
156 347 812 967
189 292 528 846
304 140 347 432 837
327 148 272 416
416 140 292 506 528 924
432 148 621
669 285 315 661 670 720 736
793 187 506 838
846 148 149 670
61 95 125 334 369 475 480 597 612 642 791 869 915 993
95 480 523 642 666 773 853
125 110 279 334 557 597 619
334 110 279 597 607 703 770 993
369 371 597 617 770 950
475 88 571 612 703 935 950 993
480 163 609 699 857 915
597 66 207 609 770 993
612 88 153 284 309 950 999
642 63 207 279 317 568
791 163 279 609 703 804 915 948 993
869 67 80 428 498 568 896 969
915 122 568 609 653 699 742 857 993
993 67 110 153 699 747 773
738 65 992
873 766 934
63 67 80 163 207 317 653 747 854 876 896
67 498 523 568 581 609 619 773
80 123 207 279 317 581 747 804 896
163 609 742
207 317 581 747 898
317 299 653 667
653 190 221 231 409 496 619 747 804 898
747 581 609 699
854 123 231 299 467 568 609 667
876 320 607
896 123 299 467 473 539 568 581 667 845 948
64 68 538 834
68 260 319 453 680 754 825 991
538 91 261 361 364 445 531 902 938
834 102 555 906 963
65 321 359 464 647 766 788 849 992
321 878
359 160 446 478 505 643 647 760
464 192 505 683 754 788 797 849
647 368 423 721 849
766 494 797 849 986
788 427 478 797 849
849 120 160 627 797
992
66 110 371 467 571 657
110
371 668 770
467 231 428 648 898 945
571 557 568 703 742 857
657 190 320 441 557
498 231 428 648 698 948
523
568 279 609 619 666 857
581 279 539 609 619 666 742 898
609 97 655
619 153 424 666 945
773 279 703 742 857
260 521
319 361 608 688 958 961
453 77 487 832 883
680 287 614 761
754 399 934 986 991
825 100 257 314 399
991 465
69 73 229 574 631 746 815 826
73 263 341 725 756 923
229 341 346 491 826 996
574 263 346 631 646
631 533 746
746 253 756 826 870 996
815 376
826 346 481 923
70 497 767 803 950
497 182 219 767 943
767
803 182 219 284 309 383 632 648 935 955
950 182 289 309 383 701
192 427 505
368 160 198 446 478 649 684 721 781
505 339 405 478 627 760 783
683 160 405 797
721 427
72 221 299 667
221 170 448 502 687
299 170 655 666 804
667 473 539 542 945 948
263 613 756 923
341 86 491
725 108 117 183 228 449 637
756 104 646 923
923
228
449 183 491
76 188 333 362 809 897 911
333 395 468 527 774 838
942 130 417 422 527 583 774 897
188 390 440 506 696 838
362 395 422 461 676 850
809 158 395 886
897 130 924
911 922
77 171 314 332 487 832 883 946 958 972
171 331 332 403 465 487 972
314 471 878 883 946 958
332 255 513 645 850 852 975
487 380 471 832 852 883 960
832 614 883 946 960
883 91 410 946
946 958
958 100 521
972 380 471 474 850
78 180 975 981
180 331 354 585 761 850 975
975 255 354 513 645 720 818 821 837
981 139 292 403 417 468 661 850 852
266 441 488 557 582 698
367 289 557
441 607
461 246 282 422 458 676 681 947
570 246 414 673 779
665 274 414 488 630 779 816 817
780 248 350 414 640
970 411 488 630 674 816 982
123 424 648 699 804
279 190 742 898
804 856 948
660 908
677
842 145 306 482 901
205 194 278 496 602
278 194
409 220 496 673
496 194 673
698 190
253 500 840
593 297 439 704 908
810 444 733
908 446 704
626 102 521 963
86 637
637 831 870
399 503 643 934 986
627 198 287 339 649
760 160 405 478 684
88 668 857 999
668 122 153 699 742 935 999
857 507 693 703
999 114 955
526 169
831 169 352 460 700
139 159 269 462 537 585 753
393 670 818
508 614 814
852 462 716 753 814
91 102 361 381 382 445 641 659 688 802 906 938
102 261 361 466 555 641 802 808 906
361 261 445 455
381 129 455 688 961
382 261 938
445 641 906
641 212 659
659 261 364 439 466 531 802 906
688 455
802 531
906 212 244 598 961
938 482 521 555 716
104 195
243 500 540 758 840 927
533 540
160
783
790
797 120 405 494
666 539 693 969
853 507
186 130 696 716
395 130 158 417 422 458 640 670 681 744 867 886
639 365 455 867
681 115 365 422 715 744 886
899 147 310 365
97 122 672 699
122 703
672 426 648
699 507
98 147 365 596 628 663 715 947
147 212 226 715 947
365 455 614 715
596 130
628 636 701
663 389 456 531
715 158 422 509 556 886 947
947 330
444 261 439 531 772 819 997
733 217 439 531 730
100 257
257 261 423 643 986
233 376 419
491
261 555 814
466 730 902 997
555 129 244
808 330 724
248 227 350 557 599 622
935
195 117 169 383 517 801
692
540 294
117 352 433 517 569 785
169 352 426 433 517
352 153 283 376 433 517 700 785 801
460
517 785
108 752 772
752 439
772 183
135 182 219 926 997
182 219 636 652 701 943
512 114 158 458 556 622 744 926 955
636 724 902
948 898
376 291
383
114 556
556 350 422 458 640 895
115 246 336 543 676 895
246 422 640 676 886
336
543 235 387 390 578 895
676 158 744 867 886
895 350 640 724 744
608 198 287 405 649
433 700
569 964
785
183
456
520 997
632
675
943 955
231 655 673
539 170 473
898 648 693
120
703 695 701 742
424 542 655 693
648 607
143 291
294 249
557 282 387 622 630
226 310 348 724 874 902
509 227 348 701 874 902
584 724
187 174 638 922
440 811
638 599 838
696 838
129 410 455 961
410 427 799
455 814
961 212 521
130 270 422 744
270 174 411
422 744 886
744 158 244 458 527 774 867 874
700
132 348 652 955
348 874
652 227 622 640
955 617 926
426 945 969
507 153 490 801
693 742 770 969
219 926
926 310 724 874
997 482
481 587
996 610
297 388 439 730
439 217 531 730
730
159 661 818
269 436 761
462 661 850
537 417 468 670
585 255 292 403 645
753 331 403 670
140 358 506 812 910
358
506 149 272 292 390 838
812 347 621 910 967
910 621 967
320 673
673 194 428 907
779 220 414
907 194 311 428 448
291
867 149 310 330 814
145 249 901
249 199 388 901
901 306
331 468 850
436 285 404 661
212 244 956
148 837
837 149 782
149 193 232
193 844 932 967
232 782 988
274 411 547 630 816 889
411 547 578 582 630
547 222 239
630
674 414 488 582 982
889 222 235
985
819
153 284 309 490
284 309 750
309
490
428 607
468 403 417 661
583 417 670
670
736 315 403 404 459 720
347
967
364 684 799
158 951
951 387 622
661 850
818 761
742 770
607
528 292 459
838 527
310 874
902 458 724
170 687
687 602
403 459 465 850
465 255 277 474 761
289 640 695
174 239 282
239
282 578 582 622
640 874
283
177 222 488 816
222 235
488 387 414
816 220 582
419 434
179
354 761 821
761 404 645 850
850 255 380 513
531 389
701 770
716
922
390
292 315 720
190 982
982 387 414
576 503 643
878 598
427 934 963 986
844 932
932
194 448
448 602 845
801
750
198 684
684 446
199 306 324 339 388 482 781
306 388
324
339 781
388 799
482
781 799
446 478
610 587
646 587 964
927 840
817 582
602 311 845
414
244 724 956
956
471 277 960
503
598
960
277
217
220
502
235
695 227
770
724 874
874 330
227
346 587
315 285 459
655 542
782
988
704
814
886 458 527
405
459 614
500
758
840
350 387
599 811
622 387
255 380 513
380 645
513 645
423 799
643 476
986 476 934
963
521
613 870 989
582
476
272
542 945
989 870
845
578 340
285
287 478
478
720
458
799
340
827
311
404
417
527 774 924
330
645
774
434
811
924
587
387
821
614
649
617
560
389
934
473 856
856
945 969
870
964
969
621
474
494
794
