0 65 330 845 917 1004 1265 1734
65 845 1734
330 993 1281 1822
845 600 770 909 1531 1734
917 1561 1822
1004 884 938 1508 1531 1822 1871
1265 446 993 1286 1657 1871
1734 225 1508 1843
1 20 178 796 987 1389 1425 1512 1597 1785 1797 1988
20 1533 1701
178 190 533 842 1805
796 568 1947
987 81 1334 1389 1425 1681 1797 1813 1815
1389
1425 1334 1526 1797
1512 568 1334 1414 1533 1785 1797 1813 1815 1932 1988
1597 38 357 609 825 1697
1785
1797
1988 568 1533 1815
2 45 280 526 1065 1145 1686 1733 1786
45 526 840 1145 1222 1499 1535 1569 1712 1733
280 12 146 310 482
526 598 1056 1159 1535 1569 1650 1786
1065 112 1145 1159 1650 1733
1145 440 553 696 1192 1392 1416 1569 1809 1883
1686 38 403 482 1222 1535
1733 155 465 1222 1535 1650 1786
1786 1159 1222 1499 1535
3 863 1341 1431
863 258 477
1341 226 1259 1431 1708
1431 231 258 477 743 1910
4 125 800 1027 1669
125 384 755 800 849 943 1106 1831
800 21 261 1027
1027 261 613 627 1250 1685
1669 302 1236
5 600 780 852 866 967 1445
600 909
780 749 808 889 1324 1871
852 71 625 1228 1740
866 607 693 967 1036 1404 1508 1531 1871 1895 1959
967 1290 1871
1445 749 792 909
6 55 476 759 1077 1101 1348
55 57 274 581 759 1386
476 352 1101 1160 1479 1858
759 57 449 1101
1077 57 581 1101 1720
1101 57 352 1386
1348 74 947 1281
7 1799
1799 88 144 552
8 331 577
331 870 1130
577 339 941 1587 1718
9 584 620 829 1695 1873 1961
584 75 329 510 1070 1890
620 575 1181 1214 1504 1585 1737
829 1890
1695 326 1388 1873 1890
1873 326 329 1070
1961 326 1424 1504
10 224 384 756 925
224 292 1014 1376 1380 1519
384 383 822 907
756 54 508 822 911 925 1042 1519
925 351 383 508 911 1042 1174 1897
11 514 737 1096
514 421 1794
737 1263
1096 421
12 150 497 1264
150 487 1656
497 423 1091 1188 1656 1939
1264 323 840 1888
13 465 1091 1124
465 655 1962
1091 685
1124 373 1048 1934
14 52 193 346 436 742 900 945 1059 1274
52 166 193 346 1059 1238 1989
193 48 430 605 1122 1405
346 322 436 941 1554
436 236 797 941 1110 1122 1274
742 48 157 1677
900 236 522 778 1274 1630
945 348 915 1278
1059 797 941 1554
1274 48 157 1558
15 159 763 1218 1448
159 449 763 1149 1627
763 249 352 1149 1155 1270 1343 1448 1454 1627 1858
1218 137 449 1639
1448 364 581 1858
16 158 251 426 1892 1906
158 42 470
251 799
426 409 1423 1582
1892 42 130 538 1766
1906 161 631 916
17 40 893 953 1207 1216 1353
40 99 123 333 573 927 953 1560 1887
893 99 953 1216 1560
953 228 362 954 989 1207 1216 1474
1207 362 1216 1474 1838
1216 939 1353
1353 228 748 927 1607 1760 1838
18 349 1243 1562
349 235 1703 1978
1243 736 895
1562 1309 1911
19 185 707 764 1146 1753
185 769 1623 1739
707 655 1739
764 97 1146
1146 655 666 1112 1753
1753 655 956 1536 1621 1962
1533 440 568 1815 1932
1701 176 847 1999
21 107
107
22 180 1671 1713
180 133 187 535 1039 1595
1671 586 750 1331
1713 402 846 1346 1578 1660
23 64 394 818 1140
64 83 194 1441 1614
394 698 1440 1853
818 83
1140 315 663 698
24 360 496 954 1360
360 234 324 452 1523
496 361 569 740 793 973 989 1463
954 1360
1360 114 362
25 277 595 1524 1681
277 103 713 891 1367 1398 1967
595 568 1060 1398 1579 1859
1524 814 1226 1704 1824
1681 1060 1579 1813 1932
26 358 437 984 1372 1481 1804
358 437 1984
437 601 660 937 1178 1267
984 100 320 937 1372 1478
1372 580 594 601 1481 1804 1877
1481 207 601 1278
1804 937 1773 1907
27 1810 1832
1810 716 968 1620
1832 67 288 664 720 1093
28 445 567 645 1249 1482
445 542 679
567 443 1024
645 1714
1249 1884
1482 515 1523 1732
29 1040
1040 123 323 411
30 133 303 750 846 1220 1578
133 121 846 854 1039 1220
303 846 1241 1833 1927
750 243 694 1304 1326
846 149 1447
1220 149 1447 1833
1578 187 402 935 1346 1373 1450
31 390 1384 1921
390 335 370 880 1498 1528 1808 1993
1384 1002 1190 1402 1849 1930
1921 96 501 815
32 297 388 1521 1875 1901
297 388 615 1534
388 1336
1521 666 1487 1651
1875 1071 1534
1901 72 442
33 960
960 255 502 949 1080 1755
34 965 1025 1138
965 435 777 1025 1085 1382 1537 1727 1960
1025 712
1138 167 1349
35 379 416 1564 1748
379 56 692 886 913 1120 1190 1781
416 359 597 918 1565 1748
1564 484 1081 1459 1555 1882
1748 773 1222
36 39 206 215 356 1034 1814
39 1093 1568 1642 1814
206 315 425 836 894 1034 1052 1287 1440 1814
215 731 795 1317 1642 1802
356 910 1223 1357 1490
1034 1612 1776 1814
1814 288 836 894 968 1223 1672
37 189 1437
189 196 368 1352 1684
1437 105 196 1352 1507 1563 1632
38 403 482 1735
403 482 997 1535
482 1064
1735 108 598 825 1064 1089 1147 1916
1093 695 720 1359
1568 425 716 1317
1642 288 1317 1616
99 927 1319 1474 1590 1721
123 88 668 1282 1318 1363 1682
333 1590
573 76 228 336 507 752 1319 1560 1887
927 88 1474 1795
1560 559 752 1212 1474 1795
1887 752 1379 1760 1838
41 677 1588 1904
677 244 757 991 1904
1588 1904
1904 1063
42
43 1194 1877 1946 1977 1986
1194 528 633 948 1013 1946 1972 1986
1877 741 904 1072 1420
1946 255 1013 1080 1176 1755 1977
1977 221 903 1072 1986
1986 633 1755
44 458 594 1152 1654
458 594 946 1278
594 656 937 1152 1478
1152 904 915 1478
1654 339 1707 1708 1811
840 1056 1499 1962
1222 112 1192 1499 1505 1569 1650 1694 1809
1499 1712
1535 146 1159 1650 1712
1569 1460 1747 1809
1712 1962
46 522 1110 1122
522 1209 1558 1677
1110 1947
1122 157 605 1156 1677 1989
47 663 710
663 387 649 754
710 857 968 1141
48 605 1558
605 322 512 1238 1405 1963
1558 941 1381 1628 1630
49 1548
1548 657 881 980 1136 1531 1702 1817 1851
50 1354
1354 319 781 1022 1100 1279 1821 1898
51 1557
1557 269 757
166 731 1238 1491 1628
1238 142 1478 1674 1677 1963
1989 444 682 1097
53 254 1119 1594 1889
254 481 738 1111 1390 1711 1835 1872
1119 314 472 481
1594 582 1872 1889
1889 174 314 719 738 1111
54 1298
1298 117 392 648
57 274 1160
274 1011 1386
581 246 723 1198 1280 1720
1386 1979
56 807 886 1462
807 1470
886 202 335 432 634 729 882 1385
1462 335 880 913 1120 1151 1190 1781
1160 73 341 1471
58 961 998 1539
961
998 471 509 1999
1539 487 1201 1894
59 755 1910
755 746 767 788 1751
1910 231 477 767 788 1010 1276
60 627 688 1047 1128
627 688 746 849 1831
688 283 1047 1176
1047 283
1128 278 392 662 1179 1693
61 286 610
286 1192 1340 1460
610 160 420 786 880 1001 1175 1460 1498 1819
62 559 652
559 78 652
652 176 1999
63 238 1640 1924
238 1857
1640 308 686 791 923 1857
1924 318 1092 1313 1680 1857
83 466
194 687 1441 1614 1853 1866
1441 163 698 1612 1614
1614 687 698 971 1616
66 109 1357 1490 1665 1801
109 152 334 1430 1665 1801
1357 1793 1801 1958 1983
1490 1527
1665 240 821 1495 1626
1801 672 1616 1983
67 104 664 794 1023 1225 1287 1359
104 425 695 1225 1345 1415
664 715 894 983
794 162 211 720 1433 1647
1023 716
1225 1166 1366
1287 894
1359 695
68 665 1631 1912
665 179 669 1631
1631 257 564 1086 1173
1912 268 751 1513
69 247 972 1308 1530 1791
247 523 744 1049 1121 1692
972 273 523 557 1109 1566 1791 1935
1308 1667
1530 523 1692
1791 367 1142 1332
70 1772
1772 811 1117 1217 1257
71 693 909 1427
693 808 889 1228
909 164 1768 1871
1427 839 1228 1413 1740
72 270 782 1336
270 381
782 1028 1534
1336 1534
73 317 565 1011 1284 1471
317 1011 1333
565 341 723 1011 1471 1720
1011 723 1736
1284
1471 341 1198
74 947 1464 1830
947 141 1281 1464
1464 141 1779 1830 1858
1830 651
75 510 1070
510 305
1070
76 228 507 562 752 1212 1319
228 1123 1319 1363
507 471 1319 1379 1721
562 1379
752 362 1212 1379
1212 654 1795
1319 471 1255
77
78 654 1097
654 787 1201 1622 1802
1097 162 211 512 1491 1620
79 315 1546
315 343 795 1317 1721
1546 754 1123
80 207 308 318 1857
207 293 923 1584
308 686 791 1680
318 1082 1267
1857 791 859
81 102 568 1229 1369 1408
102 891 1369 1408 1690
568 321 835 1358 1932
1229 438 486 1108
1369 190 1580 1742
1408 1690
82 932 1029 1891 1937
932 85 1029 1396 1863
1029 129 371 422 982 1292 1396 1863
1891 801 1043 1104 1292 1396
1937 982 1085 1948
466 174
84 529 697 1477 1561 1869
529 225 884 993 1020 1134 1154
697 141 723 770 1807 1869
1477 1233
1561 404 1581 1869
1869
85 546 1948 1990
546 435 1349 1803
1948 777 1382
1990 643 1269 1863
86 1022 1075 1184 1205 1442 1593
1022 578 683 711 1205 1256 1442
1075 319 642 781
1184 296 1291 1778 1996
1205 248 282 1100 1421 1442
1442 592 642 1100 1399
1593 269 530 640 1291 1778 1918
87 337 962 1104 1235 1309 1444 1604 1664
337 235 267 1969
962 1235 1237 1571 1852
1104 1299 1960
1235 1571 1604
1309 1604 1803
1444 1312 1551 1703 1796
1604 267 878 1237 1703 1852 1886 1917
1664 924 1237 1544
88 114 342 939 1607
114 1838
342 184 668 817 1982
939 1282 1474 1590 1838
1607 614 1296 1418 1463
89 162 245 768 787 1224
162 211 1433 1491
245 430 1197 1224 1244 1674
768 536 1674
787 375 527 1622
1224 211 512 731
90 371 422
371 500 517 1051 1396 1403 1863 1951
422 1324 1828
91 556 602 1367 1704
556 531 1576 1896
602 1398
1367 192 467 691 819 1130 1398
1704 192 881 884 980 1031
92 457
457 452 936 1411 1844
93 425 1716 1776 1793 1983
425
1716 687 1780
1776 222 334 494 1223
1793 494 910 1430 1983
1983 272 672 1052 1958
94 126 1038 1662
126 1038 1657
1038 446 1657
1662
95 336 968 1141
336 1123 1320 1379
968 995
1141 795 1317
96
97 615
615 1246 1994
98 381 817 1112 1474 1850 1994
381 372 1503 1982
817 405 740
1112 372 539 831 976 1157 1503
1474 1255 1590 1800
1850 585
1994 831 1939
1590 1838
1721 471 1123 1320
100 502 580 717 1164 1178 1520 1643
502 904
580 473 656 717 915 1267 1907
717 264 1072
1164 231 788 1013 1193
1178 560 1267
1520 262 639 743 946 1303
1643 264
101 470 1180 1757
470
1180 409 1423
1757 409 1766
891 667 1108 1526
1690 667 1060 1526 1859
103 192 819 1967
192 467 726 1130 1183 1398
819 135 467 1130 1398
1967 1130 1183 1580 1817
695 720 995 1052
1345 1166 1242 1366 1646 1684
1415 1366 1529
105 196 520 1242 1258 1322 1352 1632 1646
196 520 1253 1352
520 368 498 1322 1529 1563 1632
1242 810 950 1352
1258 557 1251
1322 1429 1635
1352 914
1632 1929
1646 860 1366
106 729 804 1385
729 634 913 1829
804 432 489 1829
1385 1120 1769 1876
108 170 997 1064
170
997 250 1064
1064 250
152 1430 1692
334 523 1430 1626
1430 820 1495
110 524 641 1391 1409 1675
524 641 1750 1938
641 1750
1391 537 875
1409 1103 1297 1675
1675 1208 1758
111 744 1251 1541 1902
744 820 1266 1566 1699 1788
1251 708
1541 1469
1902 428 603
112 291 609 864 1747
291 483 1056 1905 1962
609 357 825 1747
864 1505
1747 190 1414
113 775 792 1324
775 1828
792 474 554 1213 1290 1404 1453
1324 129 1295 1641
1838 973
115 282 1127
282 537 681
1127 203 537 1394 1750
116 826 1294 1326
826 1429
1294 186 919 1361
1326 149 951 1346
117 208 1496 1603 1928
208 929 1603
1496 929 1458 1603 1644
1603 227 929 1426 1458
1928 901 919 1466 1549 1909 1914
118 186 464 859 1655
186 1099 1177 1655 1995
464 1232 1434 1995
859 148 1313 1617
1655 415 498 920 1114 1313 1754 1775 1995
119 613 943 981
613 849 1236 1831
943
981 147 849 996 1933
120 132 275 1078 1611
132 1039 1078 1217
275 558 732 854 935 1217 1600 1611
1078
1611 459 935 1217
121 386 439 570 623 856 1016 1410
386 459 856 874 1241 1410 1833
439 328 570 636 659 856 874 1016 1410
570 623 874
623 659 874 1833
856 328
1016
1410 1165
122 325 1761
325
1761 561 1731
668 539
1282
1318
1363 1379
1682 316
124 662 920 1268 1429
662 289 948 1186 1897
920 289 345 705 1313 1429 1755
1268 292 718 1376 1765 1897
1429 148 345 1092 1591 1754 1971 1995
849 855 1522
1106
1831 287
1657 446 993 1596 1860 1925
127 284 448 969 1609
284 448 969 1115 1913
448 865 1028 1913
969 305 1028 1436 1609
1609 865
128 508 1014 1752
508 1659
1014 911 1376 1380
1752 1118
129 151 517 839 1213 1403 1453 1641 1959
151 1051 1855
517 306 637 1116 1556
839 438 576
1213 1508
1403 500 1043 1292 1863 1951
1453 1598 1805
1641 1306 1489 1598
1959 474 1556
130 1316 1351 1766 1973
1316 165 538 1210
1351 1573 1874
1766
1973 799
131 478 487 1126 1334 1826
478 146 250 423 598 1806 1916
487 1147 1806 1826 1980
1126 146 1147 1806
1334 1475
1826 598 1475 1980
1039 243 1417 1600
1217 459 636
854 535 558
134 1625 1847 1882
1625 1015 1488 1525 1861
1847 433 606 1374
1882 433 678 877
135 1136
1136 1031 1817
136 498 1099 1325 1375 1584 1775
498 182 1325 1443
1099 182 391 923 1584 1775
1325 182 391 1177
1375 686 1783
1584 401 1082 1775
1775 401
137 241 352 431 521 550 704 1149 1627 1639 1691 1767 1918
241 294 418 1230 1639
352 431 1343 1395 1627 1979
431 175 1149 1343
521 175 294 319 530 728 875
550 441 1153 1230 1639
704 1636 1709
1149 604 942 1395 1627 1691
1627 1893
1639 604 1148 1395 1691 1709
1691 175 304 942 1395
1767 676 1451 1522 1679 1870
1918 640 879 1893
138 892 1026
892 551 588 869 906 1107 1446 1743
1026 213 869 906 1637 1865
139 490 1098 1285 1552 1744
490 198 397 1337 1903
1098 455 1514 1543 1854
1285 198 1270 1337 1919
1552 779 1514 1636
1744 1321 1454 1479 1618 1903
140 210 721 722 1054 1792
210 1297 1679 1938
721 519 555 1300
722
1054 499 555 624 1297 1300 1950
1792 555 1719
141 340 1154 1333
340 651 931 944 1134 1270 1281
1154 503
1333
142 430 941 1718
430 1209 1628 1984
941 1156 1183
1718 271 339 1587
143 1105
1105
144 219 1834 1835
219 591 1411 1586
1834 566 1586
1835 374 472
145 1426 1458
1426 929
1458 227 1765
146 1147 1806
1147 1211 1999
1806 598
147 261 1789
261 996 1250 1693 1789
1789 239 624 996 1770 1933
148 293 785 791 1080 1092 1313 1617
293 1177 1644 1897 1971 1995
785 1617 1680 1754 1755
791
1080 1013
1092 289
1313 1680
1617 612 684 1995
149 1162 1241 1447 1943
1162
1241 428 459 535 1417
1447 1328 1688 1833 1927
1943
1656 831 1344
1051 1299 1696 1828
1855 1556 1828
1692 1121 1370
153 506 776
506 324 936 1007 1214
776 569
154 669 813 1874
669 1084 1700 1829 1998
813 751 1120 1310 1868 1926 1978
1874 179 1086 1173 1476 1965
155 357 440 1697
357 440 825 1697
440 825 1650 1697
1697 786 1340 1819
156
157 1405 1554 1587
1405 322 1209 1677 1963
1554 797
1587 1156 1278 1509
449 1030
160 412 420 480 549 661 824 1001 1416 1819
412 480 549 1498 1808
420 1449 1819
480 735 1001
549 630 862
661 630 696 773 1192 1505
824 862 1001 1460 1808
1001 285 1498 1528
1416 533 880
1819 862 1449 1528
161 378 1500
378 902 1452
1500 631 650
211 731 1197 1491
1433 468 485 731 1366 1577
1491 468 485 512 527 983 1577
163 217 240 579 1495 1606 1743 1879 1936
217 579 719 1305 1878
240 1307 1446 1936
579 355 1307 1606
1495
1606 971 1107 1305 1307 1936
1743 355 551 1307 1446 1853 1865 1878
1879 551 1305 1446 1626 1865
1936 971 1446
164 1286 1596
1286 739 1020 1736
1596 1645 1740
165 263 650 1470
263 897 1868
650 902 1129 1452
1470 848 1573 1582
731 236 512 1577
1628 1674 1677
167 1551
1551 1312 1349
168 370 393 618
370 1808
393
618 576 637 1087 1402 1506
169 657 938 980 1851 1871
657 1508 1531 1702
938 770 1531 1822
980 881
1851 881
1871 625 1404 1822
171 248 592 789
248 530 675 1063
592 683 757 781
789
172 536 833 1922
536 512 1079 1577 1649 1997
833 660 1774 1963
1922 560 725 1774
173 424
424 218 233 385 1382
174 481 1169 1252
481 988 1252 1722
1169 314 805 1722 1746
1252
175 441 879 1893
441 832 879 1103 1395
879 294 1153 1343
1893 653 728 832 875 1057
176 598
598
177
190 1019 1161 1742
533 1019 1175
842 1340
1805 576 1696
179 268
268 396 564
187 772 1131
535 256 428
1595 395 706 928 1466
181 571 629 810 983 986
571 212 560 876 986
629 871
810 838 1570
983 1244 1366
986 212 905 1006
182 923 949 1177 1465 1663
923 1114 1177 1443 1465 1663
949 684 1663 1907 1972
1177 401 1465 1663
1465 1443 1663
1663
183 298 635 708 1121 1929
298 603 699 1266 1455 1812
635
708
1121
1929 970 999 1266
184 195 405 955 1355
195 1296 1463
405 411 976
955 1388
1355 338 959 994
769 204 359 1329
1623 685 1536 1845
1739 540 685 873 1095 1698
1995 415
772 621
1131 243 621 694
188 389 643 801 1043 1652 1917
389 1237 1342 1886
643 1917
801 377 589 1133 1269 1703 1803 1863 1960
1043 589 1483
1652 300 924 1133 1293 1483
1917 300 407 878 1133
368 950 1788
1684 914
1019 1506
1161 1060 1813
1742
191 406 541 747 958 1074 1485 1723 1885
406 462 747 1074 1782
541 896 1074 1315 1885
747 1856
958 572 783 896 1485
1074 964 1245 1378 1412
1485 783 1113
1723 1378 1438
1885 525 572 964 1378
467 814 888 1398 1670
726 870 888
1130 691 713
1183 713 1398 1824
1398 691 713
687 387 689
1853 1223
1866
1296 992
1463 361
1253
197 1511 1668 1790
1511
1668 344 1158 1661
1790 216 495 758 1513
198 779 978 1514 1717 1903
779 505 1337 1438
978 249 455 1854
1514 455 1636
1717 1903
1903 237 249 505 701 803 1337 1601
199 1018 1532
1018
1532
200 438 714 1066 1273
438 714 1066 1108 1311 1526
714
1066 366 554 1116 1302
1273 1290
201 583 771 1206 1633 1732
583 461
771 1884
1206 1195 1240
1633 1125 1240 1714
1732 1024
202 313 489 1084
313 563 1084 1829
489 634 1476 1840
1084 638 1829
203 232 1394
232 728 1100 1279 1510 1653 1821
1394
204 1634
1634 359 469 1501
205 639 746 883 1339
639
746 223 1751
883 1193 1196 1250 1271 1751
1339 258
836 347 1440
894 1052 1802
1052
1440
929 1517 1591
209 233 808 889 1228 1338 1467 1537 1542 1666 1730
233 295 1338 1382 1467 1727 1730
808 385 1537
889 1895
1228 1740 1860
1338 450 761 1666
1467 385 712 1382 1730
1537 354 450 1382
1542 1860
1666 761
1730 1942
1297 555 907 996 1055 1950
1679 413 414 676 1030 1451
1938 434 1230 1522
1197 512 1069 1999
212 320 871 1783
320
871 1783
1783
213 1958
1958 1446 1527 1865
214 1876
1876 335 638
795 327 343
1317 716
1802
216
719 355
1305 971 1446 1497 1616
1878 588
218 450
450 761 1062
591 1135
1411 301 324 626 1798
1586 1397 1711 1872
220 446 739 1062 1413
446 739
739 307
1062 237 397 1645
1413 674 1412
221 544 633 1013 1072 1420 1972
544 903 1189
633 788 903
1013 255
1072 1009 1196
1420 456 904 1271 1689 1949
1972 528
222 272 494 1529 1592
272 910 1050 1626
494 1223
1529 910
1592
223 1751
1751 283 398 1176
292 1376 1624
1376 648 1380 1624
1380 911
1519 1042
225 531 1581
531 1526
1581 700 1387
226 743 946
743 946 1193 1708
946 231 1327 1708
227 1624 1648 1705 1765 1931
1624 392 784
1648 1517
1705 1842
1765 784
1931
1123 1320
229 702 970 1848 1964
702 1964
970 699 1266
1848 1049 1706 1964
1964 1706
230
231 1193
1193 1949
728 260 530 1103 1279 1778
1100 781 812
1279 548 908 1200 1653 1673
1510 681 908
1653 319
1821 1673 1898
295 712 1085 1738
1382 385 712
1727 385 843 982 1085
234 452 936 975 1214
452 324
936 1181 1737
975 259 1007 1737 1756
1214 730 1007 1181 1585
235 1852
1852
236 1894
1894 444 778 1201 1247
237 1854
1854 462 608 1270 1856
239 624
624 353 555 1055 1300
1307 355 869 906 971 1446
1446 869
294 530 548 675 908 1148 1291 1486
418 414 653
1230 1030 1057 1163 1638
242 1033 1058 1203 1480
1033 1480
1058 1143
1203
1480 1685 1719
243 694 1373
694
1373 395 1248 1346 1599
244 683 1256
683 757
1256 296 642 1234 1996
1244 512
1674 1984
246 463
463 353 364 1720 1979
523 1332 1935
1049 545 703 1812
530 548 675 1200
675 260
1063 781 1171
249 974 1315 1438 1618
974 1787
1315
1438 1479 1618 1919
1618 1636
250 1089
1089
799 538 897 1868
252
253 493 766 1017
493 1017 1102 1199
766 542 616 679
1017 679 1825
738 314 374 1872
1111
1390 314
1711 566
1872 314
255 289 1009 1755 1827 1897
289 1591
1009 264 1827
1755 705 1186 1591
1827
1897 648 1174 1186
256 928 1837
928 369 561 1466
1837 957
257 736 751
736 500 1293 1572
751 564
258 477 1708 1949
477 1303 1949
1708 427 593 1303 1472 1707
1949 262 990 1301 1689
259 443 898
443 673 1523
898 515 730
260 548 681 908 1148 1673
548 380
681 537
908 926 1673 1898
1148 875 1486
1673 875
996 1163
1250 855 1176
1693 528
262 473 660
473 1985
660 560 1677
897
1868 543 1978
264 741 904
741 904
904
265 540 1095 1536
540 399 733 861 873 1157 1621
1095 359 399 597 655 685 853 1048 1764 1934
1536 1048 1694
266 872 963 1428 1613
872 1428 1555 1567 1769
963 432 692 1428 1975
1428 692 1683 1975
1613 638 692 1368
267 895 1911
895 407 878 1021
1911 1703
396 1538
564 563 1173
269 1898 1996
1898 319
1996 380
271 1327 1707 1957
1327 339 788 888 1473 1710
1707 339 453 915
1957 1478 1677
910
1050 1142 1468
1626
273 311 504 557 1935
311 1699
504 1667 1699 1864
557 820 838 1699 1812
1935 1109
558 706 732 1008 1393
732 1008 1466
935 1117 1257 1880
1600
276 1608
1608 590
713 1358 1526
278 1176 1461
1176 1461
1461 1196
279 678 921 1555
678 692 877
921 773 1459 1555 1567
1555 692 1081
310
281 460 516 667
460 516 1227
516 667
667 321 1580
537 762 1421
283 990
990
1115 837 1028
1913 329 865 1028
285 735 773 1650 1845
735 786 1329 1347 1528 1745
773 1090
1650 685 1809
1845 350
1192 335 1505 1528
1340
1460 553 786
287 632
632 907 1659 1719 1915
288
1591 1842
290
483 956 1056 1962
1056
1905
1962
1644
1971 1680
1291 380
1486
712
1085 435 843
1738 385 777
296 1239
1239 1234 1778
1534 442 1215 1246
603 887
699 1455 1788 1812
1266 999
1455 1566 1812 1864
1812 590
299 1231 1575 1602 1828
1231 1575 1678 1687 1696 1828
1575 306 1602 1696
1602
1828
300 447 1083 1678
447 1133
1083
1678 500 1572
301 614 626 1262
614
626 1181
1262 400 569
302 855 1150 1432
855 1150 1350
1150 1350 1432 1992
1432 413 532 1236 1933
1833 1729 1927
1927 328 547 1688
304 875 1343 1547
875 832
1343 1153 1979
1547 647 942 1144
305 329 1457 1890
329 724 1028
1457 1028 1456
1890
306 1402 1696
1402 815 1000 1087 1696 1930
1696 1000
307 1036 1645
1036 749 1768
1645 397 674
686 1443
1680
309 1163 1451
1163 676
1451
1699 999 1566
312 586 1037 1361 1599
586 395 1304 1549
1037
1361 1599 1728
1599 977 1232 1549
563 335 802 1476
1829 882 1700
314 472 582
472 374 566
582
343 715 1612
316
1082 1267
1267
319 1200
1200 762 991 1263 1399
321 1060 1813 1932
1060 1526 1859
1813 1579 1859 1932
1932 1815 1916
322 1209 1908 1963
1209 1677 1963
1908 915 1710
1963
323 976 1344
976 539 585 831
1344 831
324 575
575 1737
326 1028 1219
1028
1219 666 1362
327 844
844 588 1035
328 874
874 518 1417
724
993 1736
1281 651 1919
1822 1702
870 408 814 1156 1518
332 758 774 1553 1661 1965
758 495 1553 1965
774 848
1553 985
1661 1476 1513 1965
1965 848
335 634 880 913
634 882 913 1781
880 1993
913 1368
1320 471
1379
1969
338 1314 1436
1314 959 1362
1436 959
339
651 931 944
931 1479 1925
944 505 1919
1134 680
1270 647 1280 1919
341 1658
1658 1979
1982 539 1061
715 720 1069 1672
1612 823
344
345
347
348 915 1478
915 656
1478
1703 1544 1942
1978 1310
350 597 696 1565
597 760 1764
696 685 1565
1565 918 1090 1745
351 475 822
475
822
1395 604 942 1979
1979 1155 1858
353 670
670
354 1740 1860
1740 1860
1860
355 551
551 588 617
1223
825
1984
359 1698 1725 1764
1698 488 574 685 861 1540 1759
1725 1275 1771 1954
1764 630 1329 1934 1940
1523 515 885
361 1585
1585 1181 1737
362
363 1659
1659
364
365 410 860
410 914
860 1006 1172
366 576 1295 1302 1306 1741
576
1295
1302 1306
1306 644 1000 1489 1556 1741
1741 1116 1930
367 1332
1332 820 999 1109 1566 1788
950 1570
1788 838 1566
369 1823
1823 834
1808 862
500 1269 1803
1396 1863
1863 474 1292
1951 377 1335 1960
372
373 685 1048 1888
685 399 873 1048 1329 1759
1048
1888
374 851
851 566 1746
375 492 628 1247 1749
492 628 1475 1947
628 444 1247
1247 1475 1715
1749
376 1842
1842
377 589 1299 1483 1960
589 1292 1483 1803 1960
1299 607 1803 1960
1483 407 1269 1335 1960
1960 607 1292 1335 1342
902 409
1452 1841
692 1459 1975
1120 1151 1368
1190 1151 1191 1781 1899
1781 1151
380
1503 740 994 1088
382 552 850
552
850 748 1277
383 1042
1042 1118
907 745 1236
385
459 547
387 649 1920
649 1920
1920 698 1035
1237 1342 1571
1342 1763
1886 924
1498
1528 786 1347
1993 1368
391 401
401 1443
392 648 718 1174
648
718 451 611 784 1179
1174
698
395 1728
1728
1538 1974
397 701 803 1337
701 803 1925
803
1337 1925
398 788
788 596
399 1157 1621
1157
1621 861 1954
400 569
569 793
1443
402 1346
1346
404 587 1132 1472 1807 1836
587 427 912 1550 1811
1132 1168 1807 1896
1472
1807 503
1836 1233
411 539 831
462 1378
1782 525 572 1012
407
408 888 1811
888 1518 1824 1966
1811 453 593 1278 1545 1559
409
914
539 1088
831
413 841
841 1770
414 1726
1726 753 1516 1870
415 1288 1909
1288 919 1549 1909
1909 919 1549
918 1745
417 1003
1003 1374
653 1053
419 1234 1543 1636 1794
1234
1543 942
1636 455 647 1601 1787
1794 1263 1356
1449 1414
421
423 1916
1916
1423
1582 1476 1573
427 1545 1559
1545 1168 1559
1559 1010 1168 1784 1896
428 1417
1417 1688
429 655 760
655 956
760 574 1501 1953
432 638 802 882 1368 1769
638 1081 1368
802 1086
882 1974
1368
1769
433 606 1015 1777
606 1759
1015
1777
434
435 1349
1349 599 777
797 1947
601 656 1773
937 1773
1108 486
1311 1580
1526 933
636 518 1393
659 1165 1880
832
1103 762
442
673 616 1424 1583
444 1201 1630
1201 646 1715 1980
1630 1211 1610
542 1221
679 1261
1133
865
1030 1516 1770 1870
761 674
451 611 1179
611
1179 528
453
454 733 828 1540 1956
733 828
828 1540 1956
1540 1651
1956
455 1787
1787 1321
456
1844
1278 656 1985
547
1227
461
1378 896
1720
1232 919 1914
1434 1248
814 1518 1824
1670 1509
468
469
471
566 1944
1985 656 1303
474 1489 1556
1489
1556 644 1116 1895
1479 505 1321
1858 1709
1303 656 1689
479 1248
1248 977 1549
988
1722
956
484 1191 1347
1191 1151
1347
485 1079 1366 1647 1649
1079 1366 1577 1620 1774
1366
1647 1577
1649 1577
486
1980 790 1715
488 861
861 666 816 827 873 1487 1771
1476
1840
491 1493
1493 1605
1475 790 835
1947 1156 1815
1102 1881
1199 934 1419
495 1816
1816 848
740 1061
793 989
973 1737
989
1188 1068 1939
1939 1820
499 519 1300 1323
519
1300 1323
1323
1269
1803 1292
501
503
1667 1370
1864
505 809 1919
809
1919
1007
509
511 1171 1330 1365
1171
1330 711
1365
512
513 992 1737 1818
992 1862
1737
1818 1418
515
637 966
1116
518 957
957 1260
1563 1570
1677 876 1774
1750
525 572 896 1435
572 896 1856
896 608 964 1856
1435 964
1159 873
527 646 995 1999
646 778
995 1620
1999
528 948
948 1186
884
1020 1779
532 745 1143 1719
745 1719 1992
1143 1350
1719 979 1073 1383 1992
1175
534 1759
1759 574
1577
1997 1006 1774
762 578
1421
538
1088 765 959
873
1221 1439 1825
543
903
1189 1271
545
630
862
1153
588 869 906
617 1527
553 1505 1883
1505 1392
1883
554 1290
1290 1404 1598
555 1950
1950
1576 1031
1896 1010 1168 1259
820
838 1142
706 1008
1008 1393 1450 1660
1393
560 725 876 1774
725
876 1774
1774 1371
561 621 1731
621
1731
1173 1724 1926
723 1198 1233 1987
1944
1024 671 1424 1976
835 1202
1358 1226
1856 1012
574 1005 1501 1953
1005 1501 1651
1501 1683 1771
1953
578 711 1399
711 1399
1399
656
1907
1198 1280
1280 1454
585 1068
1068 1795
1304
1549
912
1550 1710
869
906
1292 607 878 1335
590
1135
757 642 991
781 991
593 1473 1784
1473
1784 1168 1710
1579
1859
596
599 1312
1312 1952
1773
887 1272
604 1321
1321 1709
607
608
786
612
1236
1246
616 885 1583
885
1583 1424
1527 1780
1087 922 1930
1506
619
1181 1388
1504
622
1055 1522
625
631 916
916 1377 1407
1915 979
966 922 1930
1081
640 1144 1970
1144
1970 942 1356
642
644
1714
778 1202
647
1129 1573
1053
1622
1508 1387 1531 1895
1531 1702 1817 1843
1702 1843
658 905
905
1165
1880 1045 1260
1186
754
666 816
816 1771
1580
1700 1067
1998
671 1976
1976 1240
672 1616
1616
1424
674
676 1870
1870 1516
991
877 1406 1861
1261 1439
680
682
684 1196
1196
1329
689
690
691
1459
1975 1094
720
770
700
1925
703
1709
705
709
857
1069
1672
716 1620
1620
784
1233 1010
1987
727 1276 1846
1276 1846
1846
1778
730
1466 1450
734
1745
1293
1572
1263
1061
1566 1109
1992 979
748 899 1277
899
1277
749
753
767
911 1517
1155
1454
765 1215
1215
1884 1439
1090
848 1513 1573
777 982
982
1202
783 964 1412 1923
964
1412
1923
1754
790 847
847
1404 1843
798
1086 1515 1974
805
806 1758
1758 1208
1570 1166 1204
811 1574
1574 1045 1117
812 1839
1839 926
1310 1021 1289
1926 1724
1518
1824
815 1515 1899
1515 1899
1899
1771 1392
821 1865
1865
823
827 1254 1275 1954
1254 1275
1275 1954
1954
830
834
837
1142 1109
1770
843
1035
1513
1573
1522 1933
1746 1283
853
1350
858 1795
1795 1800
1006
1172 1204
1487 1619
1895
867
868 1509
1509
1156
1567 1488 1683 1861
1406 1374 1861
1861 1683
878
881
1974
1271
1272 1635
1966
890
1107 1283
1021 1763
901 1182 1185
1182
1185
926
1768
1517
1377
1407 1046
919 1914
1914
922 1000
1000
1114
924 1571
1571
930
933
934
1117 1045
1257
940
942
951
952
1388
1260
959
1930 1002
971
1109
1756
977
979
1933
985
1815
1862
1736
994 1422
1422
999
1002 1849
1849
1374
1651
1450
1660
1010 1589
1589 1259
1012
1825 1439
1779
1763
1637
1685
1516
1031
1032
1041 1469
1469 1945
1118
1044
1045
1046
1468
1057 1638
1638
1067
1071
1073
1245
1076 1942 1952
1942 1796
1952 1544
1094
1934 1940
1881
1283
1113
1151
1125 1401
1401
1168
1817 1843
1137
1139 1601
1601 1187 1494
1392
1809
1211
1158 1683
1683 1525
1166
1167
1170
1204
1724
1187
1195
1419
1715
1240
1208
1210
1362 1456
1439 1867
1694
1226
1687
1255
1259
1635 1941
1289
1598
1335
1301
1689
1497
1710
1328
1331
1760 1800
1356
1456
1364
1370
1371
1381
1383
1387
1397
1400
1843
1798
1414
1688
1418
1507
1867
1796
1841
1945
1800
1484
1619
1488
1492
1605
1494
1502
1525
1780
1544
1610
1615
1629
1941
1676
1706
1729
1762
1940
1820
1900
1955
1968
1981
1991
