0 286 539 610
286 207 418 442 919
539 531 748 786
610 24 44 79 418 514 580 583 753 956
1 3 114 198 202 204 408 434 668 681 717 732 743
3 198 203 288 328 331 392 515 856 900
114 738 778 932 990
198 16 288 331 382 458 663 878 900
202 60 128 328 332 373 663 717 732 756
204 87 210 392 451 766 778 900
408 128 225 287 344 526 690 932
434 9 55 87 148 313 368 381 593 644 682 808 900
668 107 200 732 784 856 927
681 9 50 87 186 612 914
717 25 60 210 357 608 658 732 816 845
732 663 756 784 813 816 856
743 371 381 398 493 704 738
2 249 528
249 145 317 436
528 519 867 983
203 816 900
288 220 258 545 772 808 816
328 128 331 690
331 87 210 220 225 308 458 778 798 845 914
392 210 302 308 362 778 856 900 932
515 30 246 296 329 410 438 454 570 608 972 997
856 60 128 179 296 373 658 663 669 816 881
900 210 302 313 413 458 521 663 816
4 28 54 162 275 305 327 334 433 547 564 666 785 868
28 182 252 547 611 633 656 981
54 321 327 464 564 763 868
162 67 125 175 224 496 588 801 868
275 65 244 494 496
305 175 321 498 767 868 946
327 65 224 571 635 642 650 703 763 868 946
334 70 113 154 184 276 332 338 498 548 957 985
433 70 276 372 513 692 736
547 70 105 321 453 541
564 464 513 561 588 597 615 635 642 666 850 868 943
666 191 215 425 484 496 506 510 565 615 676 715 792 868 964
785 165 378 491 517 733 823 913 947
868 384 481 496 588 642 891
5 51 143 218 667 862 967 980
51 341 379 967
143 116 185 379 559 987
218 132 550 737 747 967
667 323 455 459 631 697 776
862 116 268 336 346 455 512 631
967 132 737 747
980 341 550 754 795
6 167 193 234 283 419 648 700 742 951
167 85 171 197 283 477 569 982
193 318
234 185 197 283 290 429 504 569 648 699 700 879 936
283 38 199 524 699 700 923 996
419 270 341 380 719 752 807 944
648 604 871
700 197 569 871 892 951
742 103 318 504 651 793 936 944
951 29 197 504 604 786
7 96 135 205 304 592 929 986
96 129 135 226 247 351 359 424 430 441 759 789 830 877 975
135 61 66 121 139 339 424 462 552 759 788 835 968 969 975 986
205 261 403 416 556
304 93 139 295 310 333 430 689 696 787 929 986 992
592 33 61 105 219 454 591 806 816
929 180 261 310 333 345 383 584 966 968
986 126 310 523 582 746
8 36 77 274 390 394 595 941
36 20 39 354 356 750 843 889
77 16 354 394 445 796 820 889
274 394 820 889 940 941
390 394 530 739 796 833 990
394 435 445 537 595 739 941
595 354 525 537 940 941
941 833 990
9 401
401 209 235 267 313 409 546 558 612 649 727 755
10 129 144 168 188 216 307 310 339 462 562 675 759 835 897 975
129 115 430 759 788 835 902 910
144 72 83 94 104 110 303 386 502 577 582 852 861 899 910 954
168 104 259 414 619 954 975
188 19 93 216 242 247 307 343 351 430 441 552 689 746 788 826 832 835 897 926 992
216 48 213 310 339 424 694 897 910 992
307 133 265 369 430 751 787 968 975
310 34 93 126 247 430 441 552 788 899
339 48 74 83 94 256 359 430 462 689 826
462 63 424 502 826 835
562 63 242 260 343 351 463 579 675 746 789 991 994
675 72 242 256 441 819 920
759 66 242 247 333 337 343 369 430 523 826 835
835 265 359 386 424 582 689 746 788 819 930 975
897 63 93 242 247 389 441 832 930 994
975 48 61 63 130 751 826 992
11 185 245 270 273 324 456 618 673 699 729 752 821 869 893
185 103 197 374 459 752 874
245 324 385 428 437 456 737 800 828 960
270 37 58 140 151 273 282 324 428 456 673 754
273 58 281 363 479 634 639 807 847 869
324 37 429 456 486 639 729 752 800 960 996
456 37 58 316 380 486 634 749 847 960
618 280 429 569 828 847
673 14 37 58 151 284 363 380 428 752 807 960
699 37 103 199 604 871 879 960
729 183 314 684 919 982
752 140 171 380 428 634 807 828 977
821 45 181 206 437 574 632 634 684 893
869 140 314 316 320 429 569 634 684 944 982
893 45 206 437 442 632 847
12 192 233 342 518 530 757
192 354 467 525 796 820 865
233 356 518 525 750 796
342 26 356 750 878
518 739 833 942
530 326 354 525 745 796 820 846
757 26 43 263 686 716 774 911
13 63 93 201 351 441 469 502 863
63 66 89 93 242 654 689 930
93 66 118 905 968
201 66 501 523 552 853 926 966
351 242 430 463 788 789 841 930
441 110 242 247 340 359 424 746 826 852 930
469 130 353 415 431 625 809 926
502 48 104 163 238 587 751 861 899 910 991
863 147 256 762 864
14 199 312 504 631 637 651 677 872 879
199 871 874 977
312 157 290 504 651
504 103 197 318 677 834 904
631 323 346 459 512 540 725 883
637 41 103 149 290 323 627 760 854 879 944 960
651 103 323 605 617
677 211 255 290 452 777 839
872 195 278 290 432 450 839 999
879 41 52 318 604 760 866 871
15 465 519 721
465 56 120 573 578 645 971 983
519 56 159 567 645 721 822 867
721 447 567 573 645 822 867
16 101 102 186 240 297 400 533 722 735 750 802 878 942
101 50 102 222 232 471
102 43 232 421 471 686 723 881 942 989
186 148 387 735 750 865 914
240 17 59 127 155 399 473 500 620 880 989
297 354 711 827 878
400 50 95 232 409 612 650 735
533 20 232 362 616 650 802 865
722 55 123 387 650 674 735 772 802 808 842
735 39 43 87 95 674 772 808 842 878
750 326 808 820 940
802 39 82 95 258 545 593 650 745 865 881 942
878 95 148 291 356 545 650 674 842 889 914
942 95 326 354 739 842
17 375 855 949 978
375 146 321 397 522 763 775 855
855 146 173 293 399 723 943
949 27 176 358 517 641 891 913
978 397 446 472 620 767 891 946
18 47 635 767
47 464 818 891 937
635 321
767 309 481 642 818 946
19 130 256 260 337
130 118 337 340 463 507 746 787 788
256 124 343 440 463 556 662 787
260 237 251 353 415 507 809 918
337 34 343 523 552 556
20 26 43
26 263 326 616 686
43 649 686 711
21 44 174 194 348 470 598 713
44 100 145 335 446 470 514 598 643 730
174 49 145 164 196 231 348 575 580 713 730 896
194 119 284 311 348 420 449 801 876 948
348 643 730 844
470 449 598 643 730 761
598 79 706
713 49 164 575 626 896 948
22 492 911
492 541 602 723 775 804
911 602 688 827
23 137 236 254 271 294 396 407 452 485 904 907 945
137 73 74 104 236 238 271 563 577 627 773 839 955
236 271 303 538 790 899 955 999
254 94 271 361 386 560 773 907 999
271 241 279 538 577 782
294 407 549 652 895 991
396 72 83 138 303 386 577 654 771 910
407 90 319 361 576 817 963
452 52 90 170 361 627 866
485 73 170 303 538 560 619 777 782 790 803 912 999
904 170 197 388 516 854 866
907 52 361 549 560 848
945 90 388 627 803 839 895 916 955
24 228 262 364 393 536 606 679 680 705 786 892
228 29 301 364 524 542 892 974
262 442 478 489 836
364 111 112 152 285 450 516 587 653 702 829 958
393 79 427 536 679 705 892
536 38 85 112 314 516 583 836 936
606 97 98 425 586 870
679 477 524 583
680 284 411 417 475 715 726 857
705 57 79 489 509 736 836
786 79 153 477 514 836
892 153 514 672 974
25 105 253 409 438 591 607 608 669 707 714 751
105 178 329 414 454 798 851 925 954
253 42 81 369 714 769 952
409 55 107 200 209 398 558 650 701 755 779
438 30 296 373 591 669 794 849 858 901 954
591 81 133 414 454 608 751 858 954 997
607 296 329 350 357 454 461
608 60 80 669 714 720 769 798 806
669 60 373 493 720 798 887 997
707 371 372 656 692 720 727 849
714 414 769 959
751 48 66 110 359 424 582 694 788 852 992 994
263 711 889
326 39 55 95 172 796 881 889
616 381
686 222 557 723
27 309 481 496 838
309 481 491
481 146 733 891 946
496 70 156 214 311 555 588 641 642 818 873
838 176 230 638 641 733 823 894 913
182 111 152 241 278 432 655 678
252 91 154 338 404 613 633 710 957
611 259 350 372 490 613
633 46 91 350 468 656 710 794
656 272 404 490 613 849
981 161 338 443 613 678 709
29 38 427 974
38 583 726
427 111 524 542 614 655 829 974
974 97 134 153 450 475 672 857
30 33 60 80 329 373 410 493 972 997
33 80 357 599 766 806 921 972 997
60 373 410 474 658 887 997
80 352 410 413 526 690 806 826 921
329 219 287 345 570 572 659 798
373 128 357 658 798 813
410 61 169 246 295 658 858 972
493 42 372 474 570 704 720
972 133 180 219 246 357 366 389 806 905 928
997 107 246 296 454
31 46 208 561
46 107 301 350 372 490 548 692 814 890
208 107 179 330 503 943
561 64 136 179 330 498 508 513 543 571 850
32 221 223 289 482 603 728 817 884
221 289 347 365 544 603 657 691 817 903 912 950 965 973
223 728 762 920
289 361 661 728
482 319 603 884
603 323 551 661 728
728 142 292 520 661 817 902 965
817 166 292 347 860 903 963 965
884
357 225 246 345 845 928 976
599 219 246 345 366 526 535 806
766 40 53 225 302 344 352 402 444 451 584
806 115 287
921 219 366 383 572 798
34 66 340 501 552 824
66 369 454 523 824
340 121 237 628
501 121 139 552 696 746 824 988
552 242 430 523
824 333 523 556 787 832 882 966
35 122 244 446 449 626 812 825 873
122 131 311 370 449 626 825 948
244 67 84 112 131 412 439 484 553 630 781 801 825 873
446 69 141 555 683 724 797 805
449 84 311 395 412 420 553 626 825 948
626 109 145 335 370 439 575 586 825 873 875 948
812 57 84 532 621 685 706 870 876 948 956
825 131 335 420 439 553 630 730 758 801 873 948 995
873 67 119 214 758 801
39 55 95 148 172 354 367 650
354 95 123 356 445 889
356 55 820 881 889 990
843 382 467 695 820 846 865 914 990
889 123 148 435 796 820 865
37 98 800 834 960
98 85 478 829 919
800 318 380 874 960
834 828 944 987
960 314 379 574 639 718 807 874
583 639 837
726 112 152 284 338 439 514 585 586 594 715 958 998
55 82 87 123 258 313 362 381 445 545 593 644 865 990
95 123 172 445 644 674 820 865
148 545
172 674
367 82 220 291 435 674 842 914
650 50 368 612 701
40 352 526 584
352 180 287 402 444 659
526 225 344 451 460 756 976
584 53 402 460 535 690
41 149 318 459 639 719 760 840
149 318 341 459 725 944
318 604 760 871
459 996
639 58 85 280 281 569 574 665
719 776 977
760 323 554 617 977 996
840 255 323 559 725 777
42 246 570 704 784 959
246 345 413 460 572 778 905
570 128 209 798 849 887 959
704 267 313 474 663 720 790 959
784 136 235 276 398 682 727
959 169 371 474 798
649 483 880
711
100 730
145 88 164 360
335 311 370 532 706 875 956
514 119 509 532 736 948
643 164 298 575
730 706 844 875 995
45 206 282 320 489 632 749 829
206 140 320 489 749
282 78 281 325 385 428 718 737 754 922
320 380 411 634 684 754 919 982
489 418 478 936
632 316 437 919
749 437 442 665
829 111 301 958
107 558 720 738 779
301 112 475 585 590 702 958
350 64 227 571 849 890
372 768 798
490 179 613
548 154 184 215 272 404 653 692 957 985
692 187 404 563 613 653 814 890 957
814 125 398 404 653 712 890
890 169 613 709 710
464 64 113 146 227 332 484
818 891 946
891 571 588 685 703 946
937 165 189 412 596 685 733 894
48 110 359 424 689 694 788 910 992
110 138 213 265 266 303 359 694
359 211 247 430 662 788 826 861 992
424 861 910
689 333
694 61 178 213 265 266 343
788 126 242 264 265 366 430 992
910 73 81 386 577 627 790 899 955
992 61 126 265 414 826
49 108 196 876
108 75 141 159 229 243 317 322 447 578 596 822 931
196 575 896
876 360 420 875 931 995
50 232 745 842
232 471 541 775 881
745 505
842 217 435 467 545 772 846 865
341 374 697 776 977 987
379 336 609 848
52 323 554 691 916
323 268 776
554 71 336 448
691 315 903 912 916
916 71 279 319
53 416 460 928
416 115 158 180 287 345 389 444 778 928 976 988
460 413 444 988
928 180 219 287 366 383 988
321 119 146 224 399 508 723 859
763 173 541 543 597 712
82 225 467 695 808 865 914 990
87 220 258 308 362 727 772 808 833 846
123 435 525 529 537
258 220 313 368 467 521 545 593
313 128 593 663 682 727 798 813
362 200 220 435
381 612 636 644
445 467 521 545 593 846 865
545 521 755 772 808 881
593 200 209 612 644 772 927
644 368 682 738 953
865 674 695 772 845 914
990 382 435 808 820 846
56 159 687 822
159 106 573 578 783 822 971
687 799
822 120 567
57 417 508 509
417 736 956
508 136 175 179 224 267 466 513 571 957
509 284 510
58 151 363 380 718 807
151 76 281 316 569 807
363 281 380 486 634 970
380 197 280 385 428 634 970
718 374 385 747 828 886
807 257 428
59 471 612 881 989
471 173 557 612 827 881
612
881 597
989 127 384 527 602 688 774 827
474 128 296 371 769 924 952
658 200 344 690 816
887 663 769 798 858
61 213 265 295 369 430 858 925 968
213 563 654 819 899 925
265 295 582
295 369 582 924
369 81 126 169 259 296 366 454 495 582 654
430 582 826
858 582 905
925 118 259 582 654 794
968 115 133 389 391 746 905
62 106 239 317 731 885
106 131 360 660 931
239 156 229 277 317 395 423 624 638 641 660 683 731 780 791 885 995
317 439 770
731 131 156 230 360 494 630 885 931
885 75 230 243 423 480 660 770 791 894
89 190 237 242 247 789 819 832 841 852 902 930
242 118 138 343 461 463 789 930
654 104 259 563 577 782 811 901 934
930 463
64 70 224 272 276 484 513 543 703
70 215 272 957
224 546 588 701 850
272 125 134 184 187 332 404 715 792 957
276 330 338 513 558 571 653 850
484 184 191 466 499 541 676 678
513 927
543 113 136 179 330 503 546 602 671 701 712 779
703 175 527 571 938
65 119 175 510 571 676 870 964
119 306 370 494 506 753
175 214 306 565 571 588 792 915 985
510 439 475 586 621 915 964 998
571 99 113 125 200 332 421 466 565 985
676 154 425 565 588 615 710 915 957
870 284 621 998
964 565 938 946
454 158 563
523 118 431 461 826 926
67 306 494 555 565 586 621 685 781 792 984
306 214 425 553 555 984
494 191 230 596 733 801 823 946
555 109 156 412 683 685 797 801 805
565 113 127 191 425 506 621 715 792 915 938
586 311 948
621 781
685 425
781 412
792 113 154 184 215 425 499 615 702 857 915 984 985
984 99 125 191 405 506 594 615 753 758 915
68 426 447 581 622 780 805 935
426 447 488 578 765
447 480 947
581 229 596 638
622 765 780 983
780 229 488 596 724
805 84 141 156 277 370 439 758
935 136 156 480 491 596 624 638 724 947
69 189 230 243 250 624 683 770 791 859 894
189 109 131 277 377 423 724 770 859 894 971
230 553 683 724 783 791 894 913 946
243 277 423 770 913
250 638 660 733 791 888 913
624 596 660 683 733 913 947
683
770 75 395 791 797 888 931
791 596 797 859 894 931 947
859 214 412 894
894 214 412 491 596 724
215 113 184 542 597 653 985
957 134 404 653 850
71 170 268 315 448 848 906
170 90 773 777 912
268 336 559
315 279 347 365 544 661 848
448 116 142 589
848 355 568
906 355 361 600 661 708 773
72 83 190 238 319 355 386 457 819 920 994
83 94 138 266 819 852 902 934 991
190 138 303 577 819 877
238 74 303 376 386 577 782
319 74 150 279 551 576 600 762 852 991
355 90 142 163 279 520 661 708 777 902 920 973
386 94 138 303 361 406 538 577 830 852 895 899 991
457 117 440 511
819 576 579
920 177 226 353 461 497 511 841 877
994 74 266 933
73 91 241 266 278 516 601 619 790 912 999
91 161 993
241 211 538 839 895 993
266 104 640 852 991
278 161 211 587 601 640 895 955
516 111 450 468 702
601 104 161 211 538 640 934 955
619 211 299 538 560 652 934 955
790 90 104 303 538 744 934
912 549 627 777
999 161 163 549 560 609 627 771 895
74 177 361 576 579 698 764 830 864
177 303 579 830 963
361 577 773
576 579 657 661 803
579 226 497 534 629 830 832
698 810 864
764 163 166 497 629 803 902
830 150 226 629 803
864 292 762 810
75 377 578 765
377 277 797
578 395 488
765 488 823
76 257 281 486 847 970
257 212 281 847 970
281 365 828 970
486 316 847 970 977
847 78 280 316 479 970
970 316 437 634 977
796 525 940
820 467 525
78 160 212 479 754
160 212 754
212 566 886 922
479 754 886 944
754
79 580 837
580 487 706 837 956
837 418 532 748
413
690 976
826 905
81 178 296 414 443 495 901
178 406 414 495 563 777 794 811
296 404 769 901
414 259 769 782 811 895 901 954
443 161 468 538 744 811 895 993
495 376 709 768 794 811 849 851
901 794
225 210 291 521 845
467 217 529 738 846
695 529
808 220 772 845
914 308 940
94 511 860 954 991
138 463 852 861 902
852 832 902
902 150 440 568 600 652
934 104 152 299 376 811
991 303 511 832 861
84 109 439 553 630 946 948 995
109 131 141 156 420 801 931 948 995
439 758 948
553 311 420 630 931 948
630 412 938 948
946 214 597 615
948 360 420 875 995
995 146 298 420
85 181 183 411 429 477 684 919
181 437 531 898
183 314 665 684 919 936
411 157 569 936
429 171 314 428 437 684
477 475 936
684 197 314 919 936
919
86 697 917 987
697 346
917 346 883
987 977 996
220 435 537 674 846
308 302 435 693
727 173 200 209 267 671 701 755 813 927 953
772 387 693 738
833 940
846 435
88 670 867
670 231 360
867 436 645 971
237 117 662 762 841 933
247 333 861
789 353 803 832 841
832 463 861
841 118 803 877
90 166 279 973
166 163 226 963
279 661 803 973
973 544 657 950 963
161 338 640 678 955
993 259 709 768 962
92 117 251 269 415 933 939
117 121 415 664 740 809
251 300 415 507 534 933
269 343 353 431 463 662 809
415 124 353 662
933 124 147 461 463 809 918
939 121 628 908
118 353 787 926
905 133 422
511 534 551 652 877
860 347 544
954 169 406
674 387
226 150
877 629 664 762
97 338 405 475 585 672 979
338 113 506 979 998
405 111 134 227 585 590 753 958
475 958
585 979
672 134 524 678 702 857
979 111 227 702
478 197
99 125 191 227 642 710 998
125 113 184 187 588 615 915
191 154 506 998
227 152 187 499 542 642 715 753
642 425
710
998 466 499 506 594 715 753
222 127 384 541 688 701
421 267 453 546 597 723 943 953
723 136 399 517 620
103 614 776 874
614 605 854 923
776 512
874 157 559 737 871 944
104 560 777
560 303 376 777 839 861
777 255 524 609 839 963
798 235 720
851 259
131 156 370
360 141 420 931
660 423 575 596 638 724
931 395 412
558 200 398 636 738 779 927
720 128 663 988
738 682
779 200 398 503 597 712 850 927 953
141 277 971
229 322 641 734 947
322 500
596 378 395 423 472 641 823
156 277 913
420 875
801 412
303 520 577 652 803 895 899
111 152 285 590 678 702
152 153 590 678
285 255 450 524 773
590 468 768
678 587 744 768 985
702 187 542 715
112 284 615
284 542 715
615 154 594 653 715
113 154 184 653 938 985
154 184 425 499
184 332 466 506 712 938 958
653 187 332 985
938 425 506
985 332 425 466 715
778 451 521 932
932 302 458
115 287 345 403 422
287 422 572
345 158 180 422 572
403 180 264 422 476
422 133 261 264 333 391 444 988
116 336 455 512 725 883
336 455 512 568 725 883
455 255 512 559 883
512 559 568 725
725 559 883
883 540 559 605
121 787 908
664 440 463 625 662 762
740
809 124 461 507 918
353 147 431 461 463 625
787 926
926 746
370 736 758
506 542
753 499 915
120 573 971
573 971
971 395 567 797 983
908 853 918
311
435 291 382 693
525 505 537
529 382
537
124 918
918 248 461 507
187 744
588
915 594
126 391 924
391 133 261 582 952
924 169 952
127 541 671
541 173 330 453 498 503 546 597 602 671 804 850
671 597 953
128 663
663 200 682 813 816
463
507 431
746 158 966
132 747 795 828 831
747 831
795 325 646 831
828 385
831 325 550 566 977
133 264 572
264 180
572 366
134 594 923
594
923 197 255
139 556 882 966
969 343 853
136 330 398 503 602 636 850
330 368 453 503 636 850 953
398 235 636 701 712
503 453 712 943
602 384 399 500 557 620 775
636 546
850 453 688
563 794
577 432
627 211 290 771 773 839
773 432 549 709 771 839
839 388
955 211 299 768
861
556 333 882 966
882 333 476 966
966 158
140
277 423 797
142 520 903 950 965
520 544 589 625 629 903 965
903 347 589 657 950 965
950 544
965 347 568 600
559 617 623 866
582
899
164 298
146 500
500 397 522 597 620 688 775
147 440
440 534 762
944 854
150 963
963 617 652 657
316 634
569 171 428 442
153
425 466
499 524 715 857
155 473 688 774
473 527 688 827
688 712 716 775 880
774 384 527 827 880
913 378 641 823 888
157 605 854 866
605 652 793
854 255 290 450 609 617 708
866 255 290 549 793
158 333 476
333 261 476
476 261 535
783 395 947
640 211 811
163 771
771 388 524 549
298 575
165 472 733 888
472 176 358 517
733 823 888
888 176 378 724
171 574 604 936 982
197 604 617
982 280 314 604
259 299 406 811
169 769 794 952
769 794 952
794 811 952
952
574 437 634
604 280 737
936
173 179
179 682
231 575
575 896
896
214
176 378 491 734 823
378 641 823 947
491 517 823 947
734 638 823 947
823
406 299 782 811
811
682 813 816
180
437 280
531 647 665 736 748
898 314 428 665
432 290 744
655 450
314
665 418
332 371 709
466
712 209 453 546 597 701 953
958 450 587
374
387
744
343
423
724 641
195 450
450 587
617 255 793
382 693
458 302 451
871
977
200 267 813
267 209 368 755 816
813 816
853 909
756 293
816
210 302
451 344
261
207 418 815
418 736
815 442 647
943 209 235 546 953
209 546
546 453 597 701 927
302 521 845
211 782
782 538 895
566 550 922
886 385 922
922
542
597 399
217 291 693
291
693
550
737 349 385
219 366 383
366 383
383 389
347 540
365 568
544 540
657
384
701 235
762 497 551
521
845
715 404 587
524 468
641 638 947
947 412 638
775 397 522 527 804
290 793
235 755 927
755 927
927
538 299
662 461
376
395 983
638 480
399 293 527
620 397
880 804
895 549
461 431
412
385 349
428 634
248 961
961 300 628 909
436
300
534
404 962
613 962
255
368
299
442 647
836 736
431 741
634
940 739
797
587
661
803 600 629 652
280
325
996
793 609
292 497 625 629
497 551
625 810
629 600 810
293 527
527 522
549 388
652
827
696
498
551
600
659 389 535
453
953
371
709
532 487 706 956
706
875
956 487
568 540 623
628
344
346
540 623
844
349
849
402 535
444 976
708
976
358 397
397 522 716 804
736
758
768
522
609
389
388
739
983
716
804
535
962
988
488
741
647 748
468
480
589
645
761
557
517
483
487
857
505
567
748
623
810
646
799
909
