0 126 468 622 866 1504 1572
126 168 250 387 418 451 518 570 810 866 876 1151 1162 1250 1255 1393
468 153 812 903 1110 1117 1480 1504 1622
622 570 866 979 1151 1162 1241 1480 1582 1771
866 201 250 377 387 451 570 1151 1198 1394 1851 1977
1504 216 250 876 1198 1795 1875 1886
1572 169 211 497 586 603 658 1336 1440 1527 1727 1819 1852 1888 1933 1956
1 390 623 815 1068 1144 1421 1436 1451 1531 1567 1607 1633 1688 1754 1937
390 362 420 442 682 730 783 906 911 996 1087 1200 1224 1451 1607 1750 1967
623 138 337 383 726 741 1166 1473 1910 1945
815 141 208 509 550 803 918 1042 1224 1260 1293 1374 1429 1633 1713
1068 151 485 630 682 783 1421 1429 1451 1567 1809 1825
1144 485 651 906 911 1102 1260 1421 1451 1476 1494 1567 1595 1647 1750 1752 1937 1995
1421 128 204 242 382 906 1152 1224 1260 1291 1451 1567 1579 1604 1647
1436 208 485 530 730 918 1260 1713 1723
1451 362 485 783 906 911 996 1481 1750 1930
1531 58 154 303 538 783 1019 1303 1368 1659 1745
1567 464 682 905 906 1607 1647 1688
1607 670 841 996 1076 1102 1152 1355 1543 1688 1876 1930 1965 1995
1633 442 500 730 741 1012 1042 1077 1371 1666 1723
1688 38 231 242 530 1019 1102 1170 1304 1329 1602 1754 1903
1754 38 208 242 353 382 763 905 1102 1401 1543 1658 1942
1937 151 513 670 704 905 996 1019 1102 1109 1318 1543 1604 1885 1902
2 134 301 426 604 840 932 965 1234 1310 1465 1478 1499 1797
134 266 396 561 830 840 853 1182 1465 1593 1630
301 68 357 604 618 653 980 999 1005 1103 1792
426 276 396 640 831 980 1465 1499 1635 1681
604 28 30 88 258 357 528 618 640 685 754 869 922 1000 1245 1269 1635 1749 1797
840 266 396 754 1182 1295 1348 1465 1466 1499 1593 1660 1741 1753 1891
932 80 368 473 494 615 1855
965 266 302 388 489 607 980 1201 1499 1684 1685 1797
1234 15 37 302 463 590 611 915 1174 1310 1352 1466 1478 1575 1635 1675 1891
1310 266 302 590 853 1269 1466 1498 1575
1465 528 607 640 1182 1201 1245 1267 1466 1482 1499 1593 1685 1891 1960
1478 590 611 862 1675
1499 28 305 528 862 912 1182 1201 1269
1797 305 489 747 1269 1635
3 49 235 362 817 1239 1559 1879 1922
49 58 1051 1282 1327 1363 1370 1380 1462 1620 1659 1746
235 467 490 1312 1327 1456 1606 1659 1905
362 47 172 425 945 1008 1595 1654 1659 1760
817 130 176 219 303 743 991 1051 1256 1368 1384 1425 1620 1731 1843 1844 1879 1897
1239 452 475 1008 1271 1435 1620 1659 1844 1871
1559 154 304 370 398 571 1084 1420 1508 1909
1879 760 793 991 1008 1051 1384 1620 1731 1746 1871 1897
1922 398 954 1425 1577 1620 1844 1962
4 6 55 67 93 114 180 194 283 327 509 901 998 1251 1484 1756 1870 1955
6 114 346 509 522 731 755 1298 1414 1447
55 53 114 328 758 801 844 977 1077 1195 1246 1251 1429 1903 1988
67 87 231 346 823 1423 1756 1893 1903
93 53 114 247 755 801 1293 1823 1955
114 798 799 801 1423 1756 1774 1903 1951
180 106 854 901 1424 1447
194 106 113 755 798 1951 1955
283 346 731 798 803 901 989 1298 1514 1756 1774
327 87 113 346 509 707 989 1298 1399 1987
509 801 1251 1414 1858 1955
901 87 254 402 731 998 1233 1399 1514 1987
998 87 138 731 854 989 1298 1388 1399 1447 1514 1893
1251 522 799 801 1041 1298 1414 1774 1903 1951
1484 138 328 382 530 799 844 977 1042 1157 1371 1423 1460 1823 1827
1756 53 254 550 1124 1195 1447 1903
1870 106 798 1024 1447
1955 53 101 111 522 643 801 1195 1774 1903
5 211 560 563 1031 1385 1538 1881
211 120 632 1039 1250 1255 1544 1702 1819 1977
560 293 563 810 879 1286 1977
563 434 807 879 935 1538 1555 1558 1759
1031 508 586 632 1039 1379 1469 1563 1582 1759 1933
1385 185 201 293 434 549 570 824 1025 1186 1198 1661 1716
1538 424 807 987 1759
1881 185 342 533 820 935 1286 1469 1759 1838 1927
346 87 113 989 1195 1233 1371 1423 1447
522 53 199 328 758 799 801 1293 1460
731 110 402 989 1134 1233 1447 1893
755 1431 1774
1298 1195 1288 1825
1414 53 242 328 382 844 1371 1825 1930
1447 87 402 1024 1195 1233 1401 1774 1942
7 240 1118 1185
240 186 307 343 376 504 717 1437 1537 1894
1118 363 454 751 949 1050 1207 1445 1763 1883 1998
1185 51 179 181 292 449 725 904 1114 1148 1378 1445 1464 1802 1884
8 532 567 617 715 735 750 1131 1611 1651
532 193 271 534 617 735 757 1035 1049 1237
567 258 285 601 665 688 1121 1130 1150 1404 1458 1470 1590 1634 1757 1878
617 17 193 238 372 764 1005 1049 1126 1454 1829
715 104 474 558 752 805 808 852 878 1313 1315 1539 1899
735 89 155 160 258 413 601 607 757 1063 1131 1173 1377 1404 1482 1584 1684 1834
750 27 193 547 618 684 756 777 1145 1561 1997
1131 238 299 688 1150 1404 1419 1721 1757 1878 1952
1611 155 209 210 270 607 847 895 1150 1307 1634 1672 1742 1807 1983 1992
1651 265 659 1474
9 228 719 916 1154 1402 1720 1733 1806 1953
228 184 384 746 772 916 1236
719 232 241 416 435 1509 1546 1806
916 746 1064 1471 1509 1733 1953
1154 215 241 391 403 633 746 902 1387 1523 1546 1637 1766 1939
1402 416 818 839 1054 1387 1491 1546 1580 1733 1806
1720 384 667 1106 1168 1463 1491 1580 1589 1707
1733 839 1064 1491 1906
1806 184 416 553 746 1064 1387 1426 1463 1471 1546 1775 1953
1953 738 859 1064
10 57 135 147 253 291 455 544 555 711 806 846 961 988 1820
57 326 542 654 668 988 1755
135 147 203 848 961 1047 1052 1372 1627 1758 1770 1839
147 253 737 779 872 988 1159 1592 1770 1896
253 737 806 846 934 1047 1372 1758 1820
291 181 459 529 1105 1270
455 668 677 706 770 846 899 1015 1652 1729
544 162 267 431 542 555 1105 1492 1569 1586 1791
555 380 469 706 846 1270 1361 1500 1592 1697 1777
711 282 315 858 872 1105 1158 1159 1232
806 300 352 542 564 702 716 737 871 1372 1731 1758
846 673 737 1627 1777 1839
961 152 564 789 1047 1372 1380 1381 1640 1770 1839
988 510 568 706 770 1043 1158 1297 1570 1592 1627 1777 1798
1820 702 737 770 899 946 1015 1047 1079 1627 1839
11 288 317 349 505 900 926 969 1240 1581 1644 1656 1814 1931
288 91 347 566 1204 1262 1581 1628 1641 1865
317 76 290 515 680 748 889 928 971 1644 1931
349 46 70 76 189 221 294 347 386 404 566 849 885 1202 1564 1628 1916 1958
505 70 76 566 712 926 937 1196 1865 1916
900 91 290 515 896 928 940 973 975 1030 1085 1353 1931
926 76 166 347 680 849 885 889 896 937 1030 1628 1778 1931
969 92 221 295 389 885 889 1263 1656
1240 76 202 290 460 766 896 973 975 1030 1196 1453 1656
1581 70 76 347 566 1204 1453 1564 1641 1644 1814 1916 1931
1644 46 221 314 889 1204 1550 1641 1656 1814
1656 76 103 386 476 566 885 1204 1564 1641 1814 1916 1931
1814 92 144 221 460 476 625 937 971 973 1641
1931 56 91 566 569 625 885 1196 1641 1990
12 46 389 569 937
46 40 70 144 448 683 924 1769 1958
389 281 295 566 625 1287 1453
569 347 386 821 940 1715 1865 1916
937 56 70 76 91 679 1101 1769
13 466 909 1545 1591
466 41 121 196 612 909 1545 1796
909 41 100 174 336 1796
1545 196 626 1002 1369 1737 1776 1912
1591 143 627 1319 1369 1737 1738 1776
14 48 760 850 925 1111 1433 1625 1889
48 257 802 899 958 1052 1056 1140 1410
760 31 176 219 850 890 1111 1225 1231 1243 1248 1386 1849
850 762 809 1111 1228 1386 1434 1667
925 325 671 953 1056 1225 1487 1562 1577 1625
1111 574 762 953 1416 1577
1433 219 257 884 954 1410 1435 1962 1976
1625 954 990 1228 1330 1552 1719
1889 650 671 692 809 890 953 1037 1577 1719 1821 1849
15 125 396 487 888 1011 1095 1493 1800 1882
125 268 415 579 641 662 1193 1319 1389 1493 1519 1794 1840 1915 1986
396 302 312 669 853 1466 1575 1738 1868
487 470 531 612 641 669 781 1193 1265 1439 1534 1635 1653 1724
888 75 213 597 641 676 870 1174 1220 1498 1534 1724 1738 1960
1011 662 1093 1104 1156
1095 268 612 662 703 1701 1915 1986
1493 415 531 612 662 1319 1519 1832 1986
1800 612 703 1003 1078 1174 1182 1201 1556 1701
1882 86 1002 1333 1346 1389 1501 1703 1737 1938
16 249 316 358 478 558 655 826 878 1311 1636 1683 1782
249 34 197 445 826 1046 1311 1717
316 34 197 425 1366 1649
358 280 600 696 1179 1209 1284 1396 1711 1972
478 85 513 647 856 936 1019 1304
558 280 659 756 808 878 1311 1486 1711
655 32 659 878 1126 1167 1311 1419 1636
826 280 1167 1311 1683 1782 1880
878 681 756 771 967 1167 1311 1683 1782
1311 17 306 808 967 1046 1192 1284 1313 1404 1474 1636
1636 319 474 771 808 1235 1284
1683 410 474 704 967 1005 1167 1486 1782
1782 602 704 805 967 1094 1235 1284
17 193 330 588 684 852 967 993 1001 1005 1309 1619
193 27 474 547 684 808 852 1001 1040 1049 1309 1315 1587 1676 1712
330 156 205 752 1539 1676 1711 1895 1946 1997
588 85 309 679 752 967 1454 1539 1815 1918 1946
684 27 104 155 523 852 860 994 1001 1309 1997
852 155 351 547 864 967 994 1001 1005 1126 1179 1400 1561 1676 1895 1899
967 523 675 756 1167 1192 1313 1711
993 1040 1049 1415 1419 1665 1676 1948 1952
1001 351 547 691 745 771 1149 1454 1561 1780
1005 25 27 155 258 319 523 1619 1665 1742
1309 205 547 860 864 1040 1145 1400 1856 1997
1619 27 210 351 691 966 1035 1676 1918
18 251 256 263 507 565 782 1070 1116 1281 1332 1355 1461 1530 1615 1722 1744 1872 1987
251 92 166 170 507 621 955 1722 1744 1991
256 170 400 551 621 955 1116 1214 1991
263 159 514 1399
507 110 385 882 1203 1210 1332 1530 1696
565 110 170 401 495 1259 1281 1461 1615 1987
782 76 166 439 959 1070 1101 1204 1335 1513 1722
1070 166 439 666 748 1085 1332 1335 1530 1689 1722 1744 1872
1116 159 190 400 551 712 1030 1281 1332 1461
1281 110 148 170 458 854
1332 190 458 514 551 666 1316 1461
1355 231 433 495 854 1740
1461 170 458 551 1530 1744 1991
1530 92 712 1529 1722 1740 1744
1615 148 170 218 458 552 670 680 955 1124 1328 1345 1698 1991
1722 190 385 439 566 621 666 924 975 1495 1826 1872
1744 148 400 551 621 1210 1920
1872 385 439 621 748 1628
1987 110 1024 1401 1920
19 64 70 576 621 695 924 1024 1147 1513 1826
64 54 99 1452 1583 1610 1892 1999
70 40 294 385 404 695 1204 1564 1578 1628 1784 1916
576 695 771 1165 1610 1826
621 82 190 439 448 712 1316 1424 1564 1689
695 40 173 347 448 616 683 924 1147 1214 1235 1266 1495 1846
924 173 385 448 552 1196 1495 1826 1846
1024 110 242 254 530 1157 1698 1876
1147 1513 1583 1989
1513 218 385 712 955 1583 1769
1826 40 82 552 683 1119 1345 1769 1846
20 42 260 296 493 499 564 606 1176 1188 1652 1669 1962
42 152 352 399 453 582 779 946 1015 1626 1770 1936
260 225 599 779 789 946 1015 1761 1896 1936 1959
296 219 222 274 954 1112 1312 1652 1708 1729 1935
493 467 620 954 1056 1274 1410 1435 1552 1844
499 352 559 729 733 1606 1803 1935
564 300 716 789 871 874 1023 1052 1132 1164 1176 1261 1627 1708
606 36 417 475 729 733 855 899 1188 1606 1669 1708 1803 1817 1935 1949
1176 203 352 871 890 899 1079 1425 1516 1562
1188 331 582 595 620 880 948 960 1362 1962 1976
1652 331 471 582 1516 1521 1626 1708 1935 1962 1976
1669 690 948 1112 1261 1271 1300 1728 1773 1817
1962 243 352 620 690 871 960 1312 1435 1626 1976
21 129 407 444 809 953 1322 1719 1841 1943 1976
129 118 257 574 692 899 953 1037 1322 1657 1849 1943
407 574 802 890 897 953 1359 1456 1821
444 152 203 702 874 954 958 1140 1359 1410 1627 1976
809 326 450 671 953 1017 1231 1427 1570 1577 1657 1704 1719 1773 1821 1943
953 546 620 671 1037 1132 1225 1228 1503 1719 1773 1841 1849 1943
1322 375 890 990 1140 1330 1359 1410 1821 1841
1719 102 112 326 527 546 692 890 1037 1228 1704 1821 1849 1943
1841 650 990 1037 1225 1243 1420
1943 79 595 954 1577 1657 1704
1976 702 960 1008 1112 1274 1427 1435 1626 1873
22 142 726 834 844 963 1374 1823 1858 1942
142 95 736 1041 1069 1285 1548 1601 1646 1677 1789 1910
726 242 337 442 741 1306 1631 1666 1945
834 736 963 1041 1285 1548 1735 1951 1988
844 33 328 977 1246 1288 1293 1371 1423 1823 1858
963 101 550 1041 1163
1374 138 328 382 442 741 758 1246 1827 1858
1823 138 141 651 977 1246 1827
1858 328 397 550 1077 1260 1371 1473 1677 1713
1942 29 254 382 500 823 1157 1246 1288 1371 1423 1723 1825 1903
23 71 74 154 246 304 462 498 526 865 1084 1366 1468 1487 1510 1866 1923 1985
71 62 154 187 226 304 370 540 1076 1192 1212 1432 1768 1843 1866
74 370 865 1366 1476 1508 1612 1746 1811 1866 1904
154 145 325 398 991 1084 1487 1768 1866
246 171 265 364 473 483 491 498 526 804 1130 1418 1524 1880
304 62 145 398 743 865 1056 1084 1866 1904
462 410 425 526 540 602 704 1051 1508 1739 1904
498 160 237 473 526 865 922 1084 1487 1508
526 115 325 473 534 675 722 865 1468 1508
865 226 237 1282 1418 1866 1904 1982
1084 145 237 398 481 539 722 1056 1243 1368 1508 1649 1768 1866
1366 237 370 540 808 1192 1420 1503 1508 1649 1739
1468 237 398 539 602 1192 1649 1909 1923
1487 303 325 398 793 1503 1866
1510 370 398 734 856 933 1055 1406 1444 1649
1866 145 171 370 793 1649 1768 1834 1857 1904 1909
1923 171 318 321 445 540 602 659 722 1508 1857
1985 85 128 151 841 856 1444 1602 1739 1905 1967
24 112 149 200 431 574 1704
112 79 355 409 797 887 1006 1434 1528
149 79 546 920 1006 1228 1275 1573 1704 1793
200 269 428 578 636 1278 1528 1570 1594 1640 1793 1849
431 162 267 524 541 583 673 706 1190 1279 1492 1586 1785 1791
574 102 229 355 393 546 578 650 668 1045 1577 1704 1798 1925
1704 355 393 578 835 1427
25 210 214 230 556 688 757 864 895 1092 1097 1400 1672 1996
210 156 214 271 285 864 1097 1343 1584 1634 1665 1672 1705 1748 1835 1948 1996
214 155 357 447 547 757 764 847 864 1672 1807 1948 1996
230 271 556 593 1066 1097 1121 1450 1835 1948
556 271 372 432 496 994 1092 1097 1419 1712 1948 1996
688 238 757 864 1377 1489 1807 1952
757 238 285 299 1034 1307 1404 1807 1952
864 270 271 496 653 1150 1343 1450 1665 1672 1807 1948
895 209 357 607 618 685 912 1265 1584 1748 1983 1992
1092 156 847 994 1097
1097 496 752 1066 1343 1450 1634 1709 1712 1948 1996
1400 432 581 860
1672 30 88 209 270 271 593 700 1150 1584 1807
1996 155 238 270 271 847 1343 1584 1634 1835
26 83 94 227 229 355 525 941 956 1080 1223 1522 1623 1640 1779 1921 1941
83 287 740 941 1043 1128 1223 1351 1547 1668 1978
94 693 1296 1403 1457 1547 1969
227 374 740 986 1036 1075 1128 1351 1373 1522 1668
229 79 502 525 920 1160 1278 1547 1639 1921
355 428 578 797 1006 1228 1278 1577 1594 1849
525 287 1128 1320 1560 1668 1921
941 69 267 341 541 740 1320 1412 1522 1570 1779 1969
956 324 646 780 1492 1859 1934
1080 60 121 198 479 836 917 1059 1142 1413 1624
1223 121 341 438 609 740 867 1036 1199 1242 1296 1351 1547 1639 1668 1790
1522 287 1036 1242 1413 1430 1540 1668 1776 1779 1816
1623 174 324 867 1059 1296 1413 1540 1706
1640 484 524 527 542 568 638 673 858 897 1449 1518 1586 1779
1779 277 414 541 1297 1412 1413 1682 1859
1921 69 484 502 541 858 1043 1160 1273 1645 1758
1941 484 1036 1860
27 372 764 1126 1587
372 205 351 432 547 581 860 1997
764 1145 1315 1587 1643
1126 309 319 483 756 805 808 1396 1486
1587 351 593 1049 1145 1450 1676 1742
28 276 285 862 908 922 947 1807 1980
276 305 357 528 607 747 769 813 908 912 1000 1180 1635 1653 1741
285 258 299 601 685 805 1150 1244 1377 1404 1458 1489 1807
862 338 357 618 813 853 912 922 999 1180 1980 1983
908 305 489 528 607 640 980 1000 1482 1635 1684
922 68 640 653 1121 1482 1635 1749 1980
947 213 470 535 580 676 788 1143 1439 1498 1687 1847 1863
1807 155 1035 1071 1307 1489 1675
1980 68 270 305 354 413 528 640 747 754 813 999 1103 1269 1635 1684 1749
29 199 572 629 736 1077 1163 1166 1666 1677 1862
199 137 172 320 442 562 572 573 672 1069 1108 1163 1877
572 320 573 1007 1523 1646 1666
629 73 95 441 1285 1589 1677 1788
736 33 117 320 441 1007 1041 1306 1589 1646 1783 1789 1809 1836
1077 208 500 550 741 803 1246 1473 1827
1163 672 1007 1108 1217 1301 1422 1472 1475 1666 1788 1836 1877 1910
1166 337 921 1595
1666 153 320 709 801 938 1631 1671 1677 1735 1788 1929
1677 117 1007 1090 1339 1809 1862
1862 758 1788 1809 1910
30 299 357 685 980 1482
299 271 413 601 754 1121 1458 1470 1489 1590 1676 1968
357 188 813 980 1071 1482 1497 1684
685 68 209 305 640 1071 1121 1377 1458 1489 1634 1718 1748 1992
980 607 653 747 813 1103 1180 1635
1482 618 1063 1071 1180 1748
31 364 1231 1248 1420 1721
364 160 220 539 615 1243 1721 1887
1231 546 1037
1248 90 146 220 481 615 762 1432 1857
1420 65 176 990 1056 1132 1225 1432 1768
1721 220 368 1432 1498 1667 1857
32 34 85 425 474 841 936 1902
34 115 361 425 501 647 656 1197 1294 1717
85 644 670 825 1928 1989
425 115 237 540 825 936 1244 1612 1696 1739
474 805 1486
841 501 645 647 723 905 957 983 996 1044 1579 1618 1989
936 187 481 644 723
1902 659 704 1044 1046 1192 1313
33 113 1306 1460 1910
113 101 643 758 977 1306
1306 1067 1069 1108 1460 1783 1809 1836 1988
1460 101 328 1429 1827 1903
1910 138 247 758 1041 1735 1783 1809
115 351 1192 1508 1612
361 151 353 540 957 996 1087 1099 1102 1284 1318 1331 1476 1699
501 670 957 1124 1476 1542
647 978 1046
656 167 433 696 983 1253 1304 1717
1197 197 433 723 1044
1294 723 978 1019 1304 1476 1542 1543 1717
1717 696 1099
35 175 252 436 619 968 972 1485 1650 1743 1830 1845 1898
175 252 371 436 452 490 828 972 1018 1258 1588 1609 1803 1845
252 371 436 517 619 709 729 944 951 1845 1898 1949
436 405 635 828 1113 1588 1803 1845 1898 1963
619 44 137 557 812 881 968 1582 1771
968 44 452 557 727 972 997 1200 1441 1650 1810 1898
972 371 383 557 727 1327 1650 1760 1898
1485 222 720 1441 1650
1650 308 371 394 557 1129 1327 1655 1830
1743 371 405 490 1029 1113 1187 1271 1588 1810 1845
1830 308 394 446 490 710 832 1117 1441 1655
1845 490 559 727 1072 1258 1588 1898
1898 394 405 635 727 1029 1750 1764 1810 1944
36 39 122 497 765 796 1033 1305 1521
39 169 274 348 378 603 720 855 1229 1520
122 274 378 492 497 508 721 1026 1272 1344 1467 1521
497 169 297 446 465 603 721 843 992 1184 1280 1336 1440 1441 1442 1520 1527 1727
765 212 345 446 843 1020 1026
796 61 63 367 417 465 492 1127 1135 1153 1525 1869
1033 313 322 371 446 603 881 943 1127 1184 1521 1655 1864 1979
1305 63 212 465 843 1013 1127 1181 1272 1440 1527 1727 1852 1864 1869 1979
1521 279 322 661 1336 1441 1655 1810 1864
37 607 1575
607 528 664 1103 1269 1653
1575 463 611 830 853 915 1466 1741 1868
38 516 645 905 996 1099 1102 1259 1328 1329 1543 1602 1604 1618 1699 1876 1893
516 530 1102 1329
645 141 464 651 1044 1099 1203 1543 1579 1602 1885 1995
905 208 464 488 763 957 996 1109 1152 1304 1318 1329 1429 1602 1647 1995
996 116 204 1152 1318 1401 1539 1543 1658 1967 1971 1974
1099 231 353 401 763 1044 1329 1542 1876
1102 231 464 1152 1995
1259 110 141 530 882 1318 1388 1885
1328 183 218 1331 1354 1529 1618 1740
1329 204 353 763 823 1076 1109 1543 1602 1647
1543 128 933 944 1109 1152 1406 1476 1699 1745 1974
1602 242 464 763 955 1109 1401 1604
1604 128 464 734 918 1076 1152 1318 1658 1995
1618 116 218 616 763 1542 1579 1965
1699 204 464 513 1109 1318 1476
1876 141 353 401 530 1170 1388 1529 1542 1696 1885
1893 106 111 989 1424 1514 1950
169 465 603 992 1181 1344 1379 1440 1727 1795 1864
274 222 690 733 1026 1638 1729
348 1184 1229 1655
378 279 465 721 1013 1336 1344 1442 1520
603 72 212 342 1013 1442 1864 1956 1964
720 233 658 729 1026 1072 1229 1317 1441 1795
855 152 222 471 614 624 728 1129 1164 1238 1729
1229 559 690 729 1441
1520 59 313 322 1336 1864
40 404 552 698 768 955 1196 1202 1452 1578
404 144 178 423 600 768 1014 1040 1643 1784 1916
552 173 190 691 1495 1846
698 309 794 1253 1375 1539
768 82 144 294 314 600 683 821 1021 1053 1204 1266
955 148 170 218 385 551 712 1316 1354 1689 1920 1965
1196 76 91 166 460 566 666 1549 1628
1202 221 427 885 973 1316 1453 1564 1628 1769
1452 99 204 745 771 1094 1235
1578 124 144 423 683 800 821 984 1628 1686 1784 1990
41 100 139 268 648 1002 1349 1737 1911
100 336 648 1342 1349 1737 1796
139 86 344 409 744 769 831 870 1122 1175 1178 1193 1215 1319 1459 1685 1724 1863
268 415 456 561 594 1182 1741 1796 1832
648 892 1349 1511 1703 1973
1002 177 196 1369 1796 1912
1349 336 472 674 811 892 1346 1911 1913
1737 143 336 814 883 892 1346 1511 1540 1703
1911 336 626 814 1142 1351 1369 1511 1818
152 282 582 599 716 779 946 1020 1238 1261 1708 1810
352 620 779 899 960 1274 1516 1873
399 471 475 599 690 1129 1362
453 127 654 1061 1357 1761 1781 1896 1932 1936
582 222 417 716 728 1172 1359 1372 1755
779 300 1015 1047 1357 1755
946 503 554 663 1015 1164 1357
1015 356 417 1047 1755 1758 1770 1936
1626 331 375 475 1435 1773
1770 300 663 874 1047 1052 1100 1140 1448 1627 1755
1936 545 654 1020 1135 1896
43 236 336 374 486 541 609 814 877 986 995 1403 1573 1822
236 198 336 341 438 627 791 836 867 917 1059 1142 1334 1639 1703
336 86 486 868 892 1193 1333 1346 1511 1832 1913 1973
374 609 740 883 920 986 1075 1220 1822 1913 1970
486 609 627 689 811 814 986 995 1639
541 277 484 767 1160 1190 1297 1320 1569 1605 1645 1785 1791
609 69 774 811 995 1220 1292 1403 1434 1821 1970
814 287 811 877 1333 1403
877 269 689 797 887 920 1215 1292 1319 1333 1405 1687 1832 1863
986 60 198 287 472 883 892 920 995 1059 1220 1242 1351 1403 1573 1790 1818 1822
995 811 892 1075 1220 1403 1457 1818
1403 341 502 811 1036 1075 1220 1319 1573
1573 269 920 1075 1457 1547 1790
1822 409 693 811 920 1036 1123 1220 1319 1333 1346 1547
44 686 997 1029 1409 1617 1929 1963
686 81 137 366 420 488 635 997 1009 1029 1088 1187 1327 1392 1481 1494 1944 1963
997 137 337 383 420 557 635 649 942 1088 1187 1481
1029 630 635 1009 1072 1088 1113 1481 1494 1771 1944 1963
1409 405 951 1300 1435 1456 1908 1944
1617 81 137 273 383 938 1535 1609 1622
1929 172 273 562 672 694 832 938 982 1217 1422 1472 1710 1771 1877
1963 420 422 490 944 1088 1113 1155 1327 1654 1971
45 239 772 1106 1285 1463 1491 1580
239 119 157 164 184 587 634 738 894 903 943 970 1016 1189 1236 1302 1422 1609 1714
772 421 1106 1171 1411 1491 1598 1714
1106 746 829 1398 1491 1580 1707
1285 158 939 1069 1217 1548 1589 1601 1646 1783 1988
1463 421 441 667 1137 1398 1613
1491 158 421 457 667 829 982 1398 1589 1601
1580 839 1707
144 347 600 821 1375 1643
448 173 190 385 849 1165 1210 1495 1583 1689 1846
683 294 427 1628 1784
1769 173 294 427 705 821 1165
1958 92 386 427 885 1165 1628 1641
47 191 490 630 1327 1370 1654 1659 1905 1908 1974
191 337 630 1327 1370 1566 1654 1905 1944
490 58 405 635 733 945 1113 1803
630 1113 1370 1760 1908 1967
1327 366 1009 1087 1088 1113 1456 1967
1370 58 538 743 1300 1462 1507 1566 1967
1654 58 405 452 1076 1303 1505 1746 1905 1971
1659 130 1008 1303 1380 1731 1871 1967
1905 727 1200 1300 1481 1566 1595 1760 1967
1908 130 538 991 1300 1380 1897
1974 682 933 942 991 1042 1076 1087 1745
257 874 884 899 1027 1274
802 595 692 871 874 1047 1359 1657
899 203 243 890 948 1079 1120 1129 1271 1755 1873
958 375 954 960 1312 1435 1562
1052 206 326 393 702 789 1359 1791 1821 1947
1056 146 219 762 890 1008 1212 1425 1551
1140 620 692 874 884 954 1027 1120 1359 1562 1773 1821 1849
1410 118 692 890 1132 1363 1552 1594 1667 1731
58 734 1019 1076 1303 1745 1967
1051 130 303 734 793 991 1008 1055 1462 1746 1843
1282 130 303 1212 1256 1300 1731 1746 1904
1363 398 793 871 990 1008 1551 1731 1844
1380 303 743 1300
1462 538 991 1507 1620
1620 130 467 981 1055 1552 1843 1897
1746 130 303 370 538 734 743 991 1055 1384 1844 1871 1897 1935
50 77 335 1139 1265 1348
77 870 966 1139 1265 1295 1348
335 62 65 494 873 1173 1221 1855
1139 535 1000 1063 1265 1348 1459
1265 188 535 591 1143 1201 1348 1533 1749 1753 1855
1348 238 470 535 869 1063 1295 1439
51 264 443 584 886 904 1114 1148 1464 1600 1616 1781 1802
264 244 292 449 529 554 857 919 1417 1600 1694 1957
443 449 584 642 919 1448 1464 1802
584 140 181 449 725 753 1114 1445 1532 1670 1802
886 678 778 1135 1146 1205 1679 1787
904 140 179 223 261 292 369 459 575 642 717 1114 1448 1496 1907
1114 339 449 642 857 1445 1490 1600 1802
1148 449 459 657 678 907 1050 1098 1252 1565 1734 1802
1464 657 857 919 1169 1417 1616 1802 1831 1884
1600 96 369 554 778 857 919 1169 1417 1532 1616 1670 1751 1831
1616 554 1205 1445 1919
1781 96 315 469 554 657 857 934 1023 1169 1205 1207 1382 1391 1448 1679 1694
1802 449 469 554 654 1448 1697 1767 1831
52 123 286 363 575 608 725 985 1907
123 272 292 363 819 913 985 1098 1365 1691
286 98 339 608 713 775 819 1089 1565
363 929 985 1050 1098 1365
575 646 751 1050 1098 1365 1998
608 179 784 819 949 1998
725 292 610 657 775 910 1378 1700 1751 1998
985 819 1050 1365 1532 1565
1907 98 775 907 910 1161 1565 1662 1674 1700 1833 1883
53 101 138 643 801 989 1157
101 573 643 1951
138 320 382 643 758 1291 1827
643 328 1631 1988
801 328 799 823 1288 1988
989 106 111 254 402 1514
1157 242 803 1195 1288 1423 1752 1825 1965
54 464 682 723 978 1846
464 353 485 1152 1473 1995
682 151 911 933 942 1076 1138 1152 1170 1995
723 670
978 433 783 983 1542 1885 1989
1846 99 1304
328 87 442 1195 1371 1827 1903
758 117 320 573 1069 1783 1788
977 87 823 1288 1293 1371
1195 87 111 1423 1514
1246 382 397 500 530 707 803 918 1042 1371 1429 1827
1429 500 530 803 1293 1371 1423 1723
1903 106 208 1293 1364 1399
1988 773 1646 1735
56 173 221 460 566 680 816 849 896 973 1030 1479 1784 1916
173 1165 1266 1345 1564 1689
221 76 290 365 1778
460 76 347 971 1299 1353
566 76 712 885 1204 1628 1641 1865
680 190 314 515 625 816 889 896 928
816 108 896 1030 1085 1335 1571
849 401 973 1101 1204
896 92 183 202 515 766 889 1030 1353 1479 1550 1571
973 92 166 889 975 1030 1453 1641
1030 92 166 190 314 365 889 975 1353
1479 190 202 365 515 959
1784 82 423 1453 1916
1916 91 347 1165 1253 1262 1564 1865
326 300 578 789 1359 1947
542 69 568 848 1158 1278 1279 1592 1697 1791
654 96 677 1391 1867 1896
668 527 776 1158 1645 1849
1755 206 663 1047 1896
734 187 452 789 1406 1507 1745 1909
1019 116 128 942 1152 1444 1507 1667
1076 151 485 743 933 1152 1224 1303 1481 1995
1303 207 331 1087 1507 1745 1760
1745 116 783 933 942 1406 1476 1507
1967 452 933 1566 1760 1971
59 1117 1622
1117 137 201 275 308 452 694 1072
1622 216 273 517 832 1137 1187 1472 1795 1954
60 121 198 438 627 693 791 883 1032 1242 1342 1511 1860
121 198 472 627 892 917 1142 1242 1296 1541 1547 1978
198 143 341 438 791 917 1142 1541 1624
438 479 867 917
627 143 472 791 892 1342 1511 1541 1624
693 836 1059 1296 1334 1430 1540 1624
791 143 341 883 917 1032 1220 1296 1541 1639 1860
883 472 836 1296 1334 1342 1457 1540
1032 143 917 1334 1541 1668
1242 1075 1342 1351 1547 1639 1790
1342 341 1142 1511 1541 1639
1511 174 1194 1319 1818
1860 143 836 917 1624
61 345 952 1004 1026 1073 1344 1440 1805
345 492 761 1026 1127 1283 1362 1525 1799 1864
952 120 492 687 761 1004 1048 1280 1283 1924
1004 367 687 790 1048 1283 1407 1736 1747 1824
1026 721 729 1238 1271 1525 1536 1708
1073 120 492 697 987 1115 1799
1344 1153 1238 1272 1805
1440 72 275 323 465 632 881 979 992 1039 1153 1544 1864 1933 1979
1805 592 1153
62 601 1173 1221 1367 1718 1878 1887
601 89 535 966 1035 1404 1458 1470 1590 1757
1173 88 160 966 1000 1130 1143 1404 1470 1489 1693 1878 1968
1221 445 762 1130 1269 1337 1718 1878
1367 89 258 762 1418 1718 1757 1878 1880
1718 89 160 473 966 1811 1968
1878 473 1130 1244 1811
1887 84 160 615 1216 1855
63 212 586 632 697 761 861 1127 1153 1819 1864
212 465 477 843 845 1013 1039 1255 1442 1727 1927 1979
586 323 342 508 518 875 935 979 1379 1394 1851
632 323 517 843 861 1039 1527 1819 1838
697 323 367 605 714 851 1276
761 120 851 987 992 1127 1632 1852
861 323 419 843 1153 1673 1727 1799 1838
1127 1153 1272 1280 1407 1638
1153 323 592 714 721 943 1013 1272 1638 1732
1819 658 807 1110 1480 1527 1727 1799 1864 1927 1933 1979
1864 289 342 434 465 518 721 843 987 1250 1727 1979
99 124 1094 1119 1253 1686
1583 433 616 882 1165 1203 1304 1323 1529
1610 696 1323 1696 1892
1892 167 429 1323 1542 1698 1989
1999 148 167 429 433 670 696 1476 1698
65 318 1562 1621 1855
318 539 675 873 1612
1562 206 1027 1132
1621 176 226 1243 1844
1855 150 491 615 1386
66 311 419 837 851 1280 1553 1812 1975
311 419 1517 1673 1762
419 379 424 430 461 506 785 893 1141 1181
837 1673 1812
851 109 120 430 1183 1852
1280 379 893 1060 1115
1553 893 1257
1812 379 1096 1213 1517 1730
1975 120 424 845 987 1183 1276 1383 1632 1673 1730
87 514 1288 1514
231 458 1124 1331
823 254 1331 1423
1423 382 707 803 1288 1371 1473 1723 1825
68 653 749 813 1201 1269
653 747 813 853 912 999 1180 1269 1749 1992
749 338 1926 1983 1992
813 640 999 1103 1180 1269 1684
1201 188 537 830 1593 1660 1675
1269 156 305 489 528 1000 1103 1180 1675
69 484 1136 1273 1296 1449 1500 1791 1798 1854
484 524 638 706 767 1279 1518 1645
1136 524 638 673 1270 1279 1320 1518 1798 1816 1966
1273 195 329 475 510 767 897 1028 1320 1449 1500 1791
1296 414 479 1457 1540 1624 1668
1449 428 767 858 1252 1518 1725 1798 1966
1500 195 480 638 848 1190 1270 1277 1361 1518 1785 1798 1859
1791 502 767 927 1278 1279
1798 97 267 502 524 638 897 1158 1279 1412 1518 1586 1966 1969
1854 524 1320 1361 1492 1518 1586 1682 1816 1859 1969
294 309 821 1014 1266 1304
385 427 616 1495
1204 91 314 386 427 885 1453 1628
1564 427
1628 91 885 984 1165 1453
187 481 602 793 914 1368 1406 1507 1731 1904
226 237 321 1034 1337 1768 1880
370 207 398 1444 1768 1904
540 176 670 856 1476 1739 1928 1982 1995
1192 309 483 1046 1972
1212 571 793 981 1551 1904
1432 176 481 675 722 762 1243
1768 145 325 1055 1909 1928
1843 207 303 743 793 1055 1566 1897
72 323 517 721 824 992 1184 1250 1732 1933 1956
323 810 843 1013 1039 1255 1257 1544 1933 1979
517 153 273 313 446 876 1184 1558 1588 1702 1716 1933 1956 1964
721 322 1048 1129 1336
824 533 548 549 935 1211 1851
992 289 446 820 1013 1151 1933 1956 1977
1184 153 217 273 275 289 297 1110 1250 1582 1727 1964
1250 536 843 1039 1255 1544 1582 1933
1732 273 876
1933 434 465 508 658 1527
1956 153 1198 1588 1795
73 158 672 1217
158 667 1411 1613
672 216 634 709 829 938 1289 1301 1392 1446 1836 1877
1217 1007 1090 1428 1598 1788
1476 116 128 957
1508 675 856 1612
1612 483 704 1046 1649 1834
1811 445 491 681 804 1034 1244 1834
1904 1551 1649 1909
75 744 781 1194 1319 1533 1687 1863
744 86 344 579 674 838 868 1075 1193 1319 1597 1687 1724 1776 1978 1986
781 88 136 354 1143 1533 1847 1917
1194 689 1416 1533 1917
1319 409 774 838 976 1193 1215 1220
1533 182 234 494 591 1143 1498 1847 1960
1687 136 150 213 769 774 792 838 1639 1818 1863
1863 86 182 269 409 470 674 776 797 838 1122 1175 1215 1794 1917 1978
76 666
666 1689
870 344 354 579 591 597 676 1215 1245 1439 1459 1498 1534 1653 1724 1753
966 89 754 804 1130 1470 1590 1665 1757 1968
1295 831 1913
78 284 1003 1093 1104 1156 1174 1397 1556 1596 1912
284 161 177 456 585 628 699 1340 1352 1801
1003 131 537 594 628 703 739 964 1125 1395 1498 1630
1093 174 415 669 1078 1397
1104 437 1801
1156 1397 1801
1174 406 415 537 585 594 703 1062 1125 1519 1556 1630 1681
1397 359 406 411 437 628 1083 1222 1556 1801
1556 580 585 674 699 703 964 1125 1222 1840 1891
1596 531 1828 1973
1912 531 1325 1369 1973
79 1123 1215 1434 1917
1123 776 920 1215 1405
1215 409 769 887 1193 1292 1938
1434 797 811 887 1022 1547
1917 150 797 873 1216 1459
80 220 1143 1216 1386
220 176
1143 863 1243 1968
1216 84 368 450 792 873
1386 368 595 1243
81 337 383 649 694 921 1155 1187 1392 1595
337 420 741 921 1138 1289 1392 1595 1944
383 172 709 938 1138 1475 1609 1631
649 420 635 694 944 1187 1392 1609
694 137 709 730 921 1301 1710
921 1155 1371 1494 1631
1155 452 828 942 1187 1944
1187 485 488 732 1009 1481 1494 1595 1795 1945
1392 366 709 911 944 1138 1289
1595 130 366 397 911 1713 1750
82 202 439 1165 1453 1641
202 92 625 724 766 889 928 959 1353 1571
439 712 748 1101 1165 1778
1165 166 1101 1266 1356 1689
1453 91 347 386 530 625 821 1021
1641 347 885
287 510 767 1128 1278 1430 1528 1570 1816
740 341 479 1351 1361 1373 1412 1430 1624 1668
1043 510 583 897 1270 1592 1645 1969
1128 510 638 780 1373
1351 479 867 1373 1457
1547 86 546 892 1075 1142 1639 1790 1970
1668 780 867 1412 1430
1978 344 838 1074 1122 1292 1534 1794
84 160 863
160 534 1404 1418 1834
863 792 1757
644 197 491
670 167 353 401 957 983 1044 1989
825 128 207 722 743 1055 1256 1384 1444 1739
1928 128 207 856 1406
1989 433 1313
86 344 409 494 769 1175 1653 1776 1821 1986
344 676 769 1292 1534 1753 1847
409 182 774 776 1405 1701 1938
494 150 182 213 388 535 792 920 1000 1459 1597 1915
769 266 531 788 868 1122 1405 1439 1738 1938
1175 976 1292 1416
1653 528 1000 1324 1459 1724 1753 1847
1776 626 703 868 1178 1346 1501 1703 1818 1913
1821 203 393 595 1045 1159 1228 1577
1986 580 1193 1534 1818 1832 1915
514 1233 1299 1331 1364 1752
1288 707 803 1951
1514 111 1752 1951
88 754 869 1121 1470 1634
754 413 869 1121 1458 1968
869 675 1968
1121 258 305 788 1034 1458
1470 89 171 258 1404 1590 1757 1834 1952 1968
1634 155 156 271 338 534 847 1742
89 523 1034 1590 1757
523 155 265 271 280 1404 1419 1489 1918
1034 238 473 491 665 804 1244 1418 1757 1834
1590 258 413 994 1404 1952
1757 534 665 804 1307 1404 1952
90 171 675 1337
171 321 483 534 1742 1880
675 146 481 491 1524 1857
1337 237 481 539 659 762 1649
91 347 1263
347 427 984 1262 1715
1263 295 314 940 1287
92 766 1085
766 928 1101
1085 190 748 959 1571 1778
247 320 573 1475 1735 1752
1293 106 111 1012 1170 1371
1457 1059 1540 1624
1969 277 324 638 639 660 780 1199 1270 1320 1413 1560 1816 1859
95 107 224 457 829 859 903 1067 1137 1189
107 163 440 457 633 833 875 1906
224 163 435 1137 1321 1339 1664 1906
457 232 519 1082 1347 1426 1509 1546 1664 1906
829 184 215 384 441 667 939 1108 1137
859 435 634 738 818 943 1189 1321 1408 1506 1523 1714 1886
903 184 875 894 1082 1568 1714 1861
1067 119 216 587 634 943 1422 1509 1557 1954
1137 164 818 1236 1321 1339 1506
1189 163 184 549 667 738 876 1108 1302 1408 1523
96 545 554 1207 1326 1382 1490 1496 1831
545 315 380 554 677 919 1232 1725
554 140 261 339 381 919 1169 1205 1382 1663 1670 1679 1831 1842 1884 1896 1932 1959
1207 133 529 1159 1697 1777
1326 105 503 559 610 624 759 787 1146 1391 1762 1787 1867 1901 1932
1382 181 469 1133
1490 949 1360
1496 307 350 610 642 1445 1734 1884 1984
1831 369 381 610 642 701 1350 1417 1670 1734 1751 1842 1940
97 267 598 1448 1763
267 1105 1252 1320 1569 1767
598 546 927 1252 1642 1682
1448 181 449 1378 1959
1763 140 646 927 1532
98 819 842 898 949 1565 1674 1998
819 1674
842 261 910 974 1161 1585 1751 1833
898 713 717 795 930 974 1390 1662 1833
949 132 278 775 1358 1700 1998
1565 186 913 1445 1674
1674 339 974 1445
1998 132 795 1089 1098 1532
124 794 1094 1235
1094 167 433 885 1711 1829
1119 1209 1253 1495 1815
1253 309 1179 1375
1686 103 189 386 1053 1804 1895
1796 174 1501
573 117 320 530 938 1090
1951 799
102 990 1028 1225 1228 1359 1925
990 890 1225 1416
1028 527 934 1758 1793 1925
1225 118 890 1552
1228 546 650 1006 1037 1594
1359 203 206 789 884 897 1172 1773
1925 393 527 568 636 1045 1570 1577 1594 1947
103 189 800 1021 1149 1443 1549 1695 1715 1895
189 386 800 1262 1375 1865
800 821 984 1237 1990
1021 600 1014 1057 1356 1375 1549 1918 1946
1149 205 408 543 691 777 1014 1040 1554
1443 408 543 691 1040 1053 1237 1643 1715 1804
1549 1053 1345 1376 1554 1715 1780 1804 1865 1994
1695 178 705 745 1014 1179 1356 1554 1804
1715 1057 1780 1865
1895 104 745 752 771 1014 1356 1643 1780 1829
104 319 410 521 752 1179 1266 1554 1829 1946
319 205 280 1209 1237 1315 1323 1561 1711
410 280 679 756 1209 1313 1315 1539 1711 1880 1899
521 581 745 771 1040 1561 1899
752 771 1454 1561 1946
1179 745 771 808 1396 1829 1899 1946 1972
1266 423 984 1235 1323 1375
1554 637 705 777 1053 1237 1780 1918
1829 280 745 1235 1315 1539
1946 423 679 745 1040 1419 1561 1918
105 248 461 1038 1048 1283 1381 1874
248 360 506 613 1038 1141 1455 1747 1837 1900
461 687 1141 1271 1283 1837 1848
1038 244 613 790 1133 1164 1283 1290 1455 1608 1837 1874 1900
1048 687 759 790 1608 1736
1283 506 1141 1227 1391 1455 1638 1747 1762 1848 1874
1381 244 471 759 1177 1227 1437 1867 1874
1874 244 718 1141 1391 1455 1747 1867
106 402 798 1233 1399 1752
402 1233
798 1364 1774
1233 803 1134 1920 1950
1399 1424 1950
1752 218 500 803 1774 1825
163 232 596 833 875 1387 1426 1509 1576 1664 1861 1875
440 201 340 519 520 923 1576 1664 1786
633 192 232 403 1064 1502 1775
833 137 164 232 875 894 1007 1506 1509 1523 1664 1714
875 435 839 1082 1347 1426 1483 1603 1906
1906 548 1064 1347 1506 1523 1664
108 1388 1961 1991
1388 148 854 1401 1965
1961 1614 1808 1991
1991 159 1808
109 120 310 613 1115
120 310 367 379 893
310 430 613 1272 1276 1900
613 379 430 714 1115 1455 1799
1115 367 379 605 714 893 962 1632
110 148 458 495 854 1299 1331
148 170 183 218 401 429 551 1331 1696 1920
458 183 218 1354 1529 1920
495 254 353 882 1331 1950
854 616 1950
1299
1331 183 401 882 1170 1885
111 183 254 401
183 218 401 429 882 1323 1529 1740 1920
254
401 429 748 1698 1825 1965
797 1022 1528
887 546 776 1528
1006 450 546 578 636 1017 1405 1594 1645 1793
1528 531 546 689 1017 1022
799 1431
1774
351 205 994 1145 1415 1450 1561 1780
116 1542 1995
1542 353 1124 1885
1995 353 763 1109 1579 1965
117 1301 1809 1836
1301 1016 1110 1289 1475 1836 1877
1809 320 1069 1783
1836 557 1877
118 1330 1552 1667
1330 234 671
1552 219 583 954 1758 1844
1667 146 1243
119 157 631 634 970 1422 1671
157 137 894 1428 1446 1582 1764
631 273 1472 1764
634 435 738 970 1426 1875
970 184 216 275 587 1016 1422
1422 216 1393 1671 1764
1671 216 1007 1408 1764
367 893 1141 1799
379 714 1257 1383 1517
893 1213 1517
472 1022 1220 1818 1913
892 626 836 1541 1703 1794 1818 1938
917 143 479 1142 1334 1541 1682
1142 1036 1334 1430
1541 143 1639
492 503 605 728 1060 1407 1525 1638 1708
508 255 342 434 536 979 1039 1110 1241 1379 1394 1702
1272 785 1799
1467 233 322 434 446 1013 1238 1442 1727 1799 1869
272 140 195 480 652 673 1648
292 179 181 261 339 449 778 910 1532 1940
913 775 1089
1098 132 449
1365 652 929 1772 1883
1691 181 929 1050 1772
794 679 1209 1226 1235 1375 1539 1972
1235 309 600 679 1899
415 177 662 1325 1726
579 213 470 676 1000 1597 1738 1847 1915
641 676 739 1439 1660 1685 1738 1818
662 580 774 1074 1340 1389 1973
1193 580 838 1439 1534 1724 1794 1847
1389 177 531 1222 1340 1840
1519 699 703 739 1840
1794 674 1501 1534 1832 1973
1840 388 406 456 585 1222
1915 302 597 1738
168 1186 1483 1568
250 216 377 387 518 536 549 1151
387 322 1110 1151 1198 1393 1886
418 201 549 570 1025 1151 1241 1702 1851
451 434 1110 1151 1162 1702 1716
518 377 810 820 843 1110 1151 1286 1379 1394 1471 1558 1563
570 201 1162 1661 1838 1851 1977
810 434 820 1110 1162 1527
876 1110 1198 1393
1151 201 377 1162 1241 1568 1977
1162 275 549 557 587 1110 1198 1394 1702 1888 1954
1255 465 658 1527 1927
1393 273 1186 1198 1557 1576 1795
127 225 1761 1896
225 503 687 1135 1765 1824 1959
1761 503 872 1020 1205 1357 1896
1896 872 1135 1232 1362
128 151 1087 1152 1494
151 366 651 763 783 933 1042 1087 1152 1647 1944
1087 1318 1971
1152 1109 1658
1494 366 485 732 1109 1945
692 650 671 702 871 1657 1947
1037 393 671 890 1577 1849
1657 393 595 762 1577
1849 578 1427 1577 1773
130 207 743 991 1008 1055 1120 1384
207 743 856 914 942 1406
743 991 1008 1055 1256 1384 1507 1897
991 914 1009 1055 1897
1008 1055 1384 1871 1897
1055 303 481 1132 1256 1444 1982
1120 620 729 960 1271 1274 1606 1949
1384 398 571 1368 1425 1731 1871
131 561 585 739 1062 1182 1630
561 332 354 699 739 964 1125 1267 1488
585 456 537 699 739 1726 1973
739 628 964 1086 1222 1630 1681
1062 388 590 1488 1630 1680
1182 628 676 1501 1684 1868 1891
1630 388 1308 1325 1680 1741
132 857 1532 1767
857 381 919 1061 1133 1205 1378 1787 1842 1867
1532 181 459 657 1883
1767 469 770 907 1133 1959
133 262 380 524 646 827 1010 1190 1361 1592 1859
262 646 927 1105 1252 1492 1569
380 315 449 1159 1232 1697 1725 1751
524 578 583 1100 1158 1190 1270 1279 1297 1361 1518 1785 1816 1966
646 780 897 1208 1277 1361 1560 1682 1934
827 195 927 1361 1890
1010 454 512 589 652 1648
1190 162 1105 1492 1569 1785 1966
1361 277 652 1058 1208 1270 1279 1412 1586 1682 1859
1592 568 770 1678 1772 1839
1859 638 780 867 1682 1816 1934
266 831 1439 1534 1660 1685 1753
830 528 853 1352 1680 1792
853 611 1352 1675 1741
1593 305 1125 1675 1693 1741 1792
203 206 702 1758
848 356 737 770 871 872 1047 1372 1627
1047 300 583 871 1606
1372 673 716 789 948 1261 1516
1627 583 874 1045 1100 1839
1758 243 737 789 872 874
1839 568 583 673 737 872 1100
136 150 1122 1970
150 269 470 1416 1498 1693 1960
1122 182 776 976 1022 1405 1459 1534
1970 527 1275 1594 1818
137 420 422 1289 1609
420 548 944 1138 1631 1750 1944
422 273 832 938 944 1289 1710
1289 709 832 938 1446 1475
1609 289 452 557 562 832 1072
320 1771
382 208 242 500 550 803 1124 1723 1885
1291 485 730 741 1631 1713 1723 1827
1827 397 500 550 707 730 741 944 1012 1371 1945
831 258 535 976 1439 1685 1847 1960
1178 626 1832
1459 188 1891 1960
1685 333 354 669 703 1125 1191 1466 1738 1741
1724 213 470 597 788 1693 1701 1847
140 657 751 1697 1700 1934
657 449 1417
751 454 1772
1697 583 770 907 1159 1569 1947
1700 339 642 910 1161
1934 277 454 652 867 1058 1477 1605 1682
141 208 530 763 1760
208 397 550 1042 1713 1930 1945
530 942 1401
763 353 1044 1109
1760 452 538 942 1505 1566 1710 1944 1971
1041 1069 1515 1548 1646 1788 1789
1069 562 1646 1783
1548 441 773 982 1613
1601 982 1168 1589
1646 773 1398 1589 1783 1789
1789 384 773 1168 1398 1411
143 1059
1059 836 1334 1540
600 170 1375 1539 1865
821 178 427 543 745 885 1057 1865
1375 178 386 1014 1053 1356 1643
1643 205 1053 1780 1804
145 398 539 1649 1857
398 538 1256 1844 1871 1909
539 321 534
1649 1444 1857
1857 237 321 445 481 1209 1244 1418 1503
146 325 571 762
325 481 571
571 793 1551 1844
762
737 300 789 1577
872 770 1135
1159 315 1232 1678 1725
170 712 1203 1210
218 400 429 1354 1740
429 166 882 1203 1210 1696 1698 1965
551
1696 882 1124 1529 1698 1740 1885 1965
1920 1740
546 502 510 1160 1570
920 626 811 1022 1075 1220 1938
1275 393 450 578 650 1278
1793 650 1017
269 182 689 774 976 1292 1405 1416
470 213 591 788 838 1498 1753 1960
1416 1022 1498
1498 213 788 1000 1597 1693
1693 213 676 788 1597 1847 1960
1960 213 489 676 1000 1245 1753 1992
366 485 732 933 1113 1200 1224 1481 1631 1713 1750
651 242 397 442 485 500 550 730 918 1579 1658 1723 1930
783 452 942 1224 1505 1971
933 856 911 942 1224 1256 1505
1042 397 500 550 707 741 1170 1371
1647
1944 452 911 944 1438
282 624 1492 1777 1966
599 471 475 614 663 677 1020 1096 1164 1357 1362 1708
716 243 620 624 663 702 1023 1079 1172 1271 1516
1020 471 677 1023
1238 222 471 677 728 1181 1438 1900
1261 222 417 475 614 663 1172 1271 1438
1708 243 1274 1362
1810 960 1018 1317 1728 1803 1949
153 273 279 1557 1771 1861
273 275 832 1954 1964
279 233 275 371 557 1072 1535
1557 938 943 1090 1206 1408 1977
1771 938 1236 1302 1408 1710 1788 1877
1861 340 553 596 923 1025 1064 1082 1509 1664
155 271 338 847 1665 1742 1926 1952
271 156 209 1742 1948
338 156 209 270 528 999 1180 1307 1835
847 1066 1948 1997
1665 1035 1489 1742
1742 156 238 665 1035 1150 1377 1404 1415
1926 1343 1705 1748 1983
1952 238 413 665 681 1150 1377 1404 1450 1458 1489 1539
156 700 742 1035 1343 1377 1748
700 496 1071 1307 1343 1584 1705
742 483 534 547 665 681 804 1419 1486
1035 238 534 1377 1419 1489
1343 1584 1748 1983
1377 238 999 1489
1748 209 413 664 999 1066 1071 1307
894 1206 1302 1321 1347 1954
1428 384 421 667 1108 1589 1598
1446 938 1072
1582 536 1039 1198 1379 1558 1927
1764 943 1016 1795 1877 1886
667 412 421 1589
1411 421
1613 773
159 1335 1614 1808
1335 889 1065 1571
1614 712 1808
1808
534 238 681 1244 1486 1834
1404 258 413 1307 1419 1458 1489
1418 265 681 804 1150 1244 1474 1880
1834 473 681 1474
161 537 1086 1218 1308 1891 1993
537 312 388 590 703 1325 1488 1681
1086 411 1078 1083 1125 1191 1218 1267 1488
1218 332 531 1083 1191 1222 1230 1308 1488
1308 332 334 964 1191 1497
1891 302 511 999 1741
1993 332 1191 1219
162 1105 1277 1297 1642 1682
1105 469 529 638 1270 1569 1642 1785
1277 1560 1966
1297 277 568 1249 1320 1492 1642
1642 529 638 907 1966
1682 652 780 867
232 241 245 416 839 1247 1637 1939
596 392 519 577 822 1502 1775
1387 553 1471
1426 818 923 1321 1339 1347 1506 1598
1509 164 708 1082 1664 1786
1576 201 548 1664
1664 435 1082 1546
1875 587 1082 1198 1394
164 185 340 377 548 1064 1302 1603
185 259 1526 1661 1716
340 255 839 923 1082 1241 1254
377 201 536 548 1025 1198 1661 1795
548 255 549 708 923 979 1025 1568 1786
1064 215 902 1054 1347 1471 1502 1775
1302 738 1408 1506
1603 192 241 1321 1546
165 365 476 724 971 1091 1287 1338 1981
365 1091 1338
476 290 625 724 940 1091 1550
724 314 971 1550
971 290 889 1091
1091 1338 1550 1981
1287 281 295 984
1338 1981
1981
166 190 1101
190 712 748 1101 1316
1101
167 696 1304 1698 1740
696 882 1284 1304 1972
1304 433 1203 1354
1698 433 1203 1323
1740 309 882 1124 1203 1214 1529
1186 255 1568 1714 1851 1886
1483 215 392 519 1264 1637 1786
1568 255 587 708 923 1025 1690 1886
465 1013 1727 1979
1181 1135 1336 1727 1869
1379 342 434 536 935 1555 1702 1852
1727 342 1013 1927 1979
1795 1072 1535 1964
712 748 1316 1495
1203 983 1214 1529 1965
1210 1316 1495 1529
321 445 491 1130
483 265 473 602 659 1396 1474 1524 1880
1880 491 805 1524
172 1012 1408 1472 1877
1012 397 442 730 741 938 1945
1408 587 1236 1314 1321 1506 1523 1710
1472 709 1710
1877 709 938
1345 309 1495 1778 1815
1689 1316
174 612 1703 1828 1832
612 312 354 1701
1703 580 811 1346 1913 1938
1828 1074 1832 1973
1832 674 676 868 1534
371 446 881 1300 1441 1655
452 732 1300
828 331 1018 1258 1949
1018 467 733 880 960 1274 1441 1606 1949
1258 342 1456 1803 1888
1588 405 729 951 1072 1438 1949
1803 1441 1655
176 234 1243 1503
234 792 1132
1243 368
1503
177 456 1325 1333 1501 1726
456 411 437 1340 1801
1325 531 1074 1191 1222
1333 626 1818 1938
1501 580 703 1681
1726 437 531 580 1074 1340 1818
178 1990
1990 309 386 1014 1376 1918 1994
179 261 678 778 910 974 1417 1445 1585 1734 1751
261 181 449 642 1161 1417 1662 1751 1813 1919
678 642 919 1205 1391 1663 1679 1765
778 307 343 369 610 718 753 1358 1599 1734 1787 1884 1919 1940
910 610 786 1445
974 795
1417 278 753 1169 1177 1445 1940 1959
1445 339 469 642 753 919 1629 1940
1585 278 504 1390 1813 1894
1734 381 919 1341 1670 1842 1867 1919 1940
1751 186 701 930 1662
1424
181 459 753
459 1081 1772
753 339 701 1177 1378 1537 1919
182 450 597 868 976 1534 1938
450 428 597 1292
597 674 1534
868 626 674 838 873 1346
976 689 811 873 1292 1405
1534 580 676 838 1000 1292 1439
1938 626 676 838 1292
882 616 1124 1354
1323 1316 1815
1529
184 738 1082
738 587 818 939 1206 1506 1714
1082 1339 1786
259 1786
1526 293 533 935 1661
1661 1574 1716
1716 533 979 1574 1690 1851
186 1081 1894
1081 930 1161 1360
1894 343 376 504 786 1350 1390 1629 1692
481 237 1130 1507
602 445 659 804 805 1524
793 960 981 1425 1731
914 856 1368 1505 1507
1368 808 1909
1406 303 513
1507 1256
1731 219 884 981 1425 1435
188 999 1324 1635 1968
999 305 528 640
1324 305 528 618
1635 528 640 912 1000 1103 1684
1968 213 413
386 423 427 885 984 1262 1865
1262 281 889
1865 984
748 1316
1316
1566 488
192 245 416 577 1247 1502 1775 1939
245 416 1546 1766 1939
416 241 519 553 577 839 1502 1775
577 241 373 553 902 1766
1247 241 822 1171 1502 1637
1502 241 520
1775 241 822 839 1637
1939 215 373 403 519 1786
547 205 1712
808 756 1313 1315 1454 1711 1856
1040 581 691 860
1049 1676 1983
1315 280 805 1237 1454 1899
1676 637 1419 1835 1972 1997
1712 593 1145 1415 1450 1705 1709
195 660 1268 1890
660 1772
1268 589 652 1569
1890 277 324 414 1199 1477
196 531 1369
531 1801 1973
1369 1074 1624
197
341 479 1075 1220 1373 1540 1624
1624 867 1540
442 562 741 1473 1713 1945
562 635 1475 1945
1108 441 1016 1090 1788
428 1017 1594
578 527 981 1017 1570 1594
636 527 671 835 897 1577 1947
1278 510 527 671 780 1160
1570 329 393 527 897 1017 1594 1645
1594 650 1017 1292
201 255 549 1025 1886
255 820 1241
549 391 1206 1254
1025 293 923
1886 1314
625 295
889 1353
928 290 515
959
1353 885 975
1571 1065
206 393 1045 1773 1947
702 871 1172 1773
204 353 1318 1579
353 957 1109
1318 911 1109 1885
1579
205 432 637 691 860 1057 1780
432 280 860 994
637
691 1780 1918
860 705
1057 705 1053 1376 1804
1780 543 705 745 1237 1376 1804 1856 1899 1997
393 595 835 1045 1427 1577
1045 527 595 835 1427 1577
1773 595 671 835 1577
1947 527 835
856 957
942 485 906 1224 1505 1971
397 500 550 1401 1723 1930
550 911 918 1224 1713 1930
1713 1473 1930 1945
1930 488 730 918 1170
1945 741 1473 1475
209 1705 1983
1705 496 593 1180 1307 1584 1835
1983 447
1584 270 496 1066 1071
1835 496 1066
1948 258 1450 1474
1039 289 297 342 536 807 979 1286 1527 1558
1544 658 807 879 1013 1927
1702 313 536 979 1480 1527 1558 1977
1977 434 1314 1394 1558 1563 1851
477 430 592 1673 1690
843 322 1013 1536 1979
845 879 1257 1759
1013 233 785 962 1336
1442 687 1927
1927 1527
1979
213 354 591 788 792 1597 1847
354 312 676 1000 1466 1660 1701 1738
591 676 788 1660 1753 1847
788 676 1660 1847
792
1597 615 1847
1847 676
447 618 664 747 912 1071
215 403 839 1264 1786
403 519 822 1264 1637
839 241 1471 1707 1786
1264 373 822 931 1786
1786 1314
216 938 1236 1710
938
1236 435 1321 1506 1598
1710 832
217 1435 1655 1817 1888
1435 475 960 1132 1274 1606 1935
1655 233 289 308 1113 1441
1817 222 475 559 620 1112 1164 1317 1606
1888 446 557 1060 1072 1441
400
1354 1214 1885
219 303 981 1132
303 1046
981 1844
1132 671 954 1551 1844
290
1778
222 475 614 1027 1271
475 331 417 620 1112 1271 1317 1606 1935
614 471 1112 1172
1027 375
1271 331 880 948 1164 1606 1935
223
435 587 818 939 1314 1321
1321 818 939 1007 1339
1339 818 1788
503 677 871 1824
687 790 1407 1638 1736 1869
1135 624 1146 1205 1663 1694 1901
1765 934 1169 1232 1678 1787 1867
1824 244 790 1438 1536 1736 1884
1959 315 1663
237 659 1063 1244
1036 510 1220
1075 836 1639
1373 329 1430
384 441 1016 1598 1788
746
502 595 1160 1586 1645
1160 1412 1518 1816
1639
593 270 496 1066 1709
1066 1415
1450
1124 1885
241 519 822
1637 373 519 520 1171
233 313 394 446 1317
313 394 446
394 1441
446 275 289 322
1317 417 559 729 733 1129 1728
467 620 880 1312
1312 1129 1274 1425
1456
1606 243 331 1728
836 1334 1413 1540
867 479 1605 1706
1334 1540
659 491 1474
1063 1684 1749
1244 445 681 804 1524
238 804 1489
804 306 413 473 681
1489 258 413 1130 1150
587 1110
943 1206
1016 441 939 1314 1598 1788
1714 708 1007 1198 1506
307 369 395 1341 1512 1599 1884 1914 1919
343 350 701 1599 1629 1694 1853
376 381 504 1061 1390 1629 1663 1853 1924
504 1350 1692 1853 1957
717 1358 1537
1437 784 1762 1900
1537 381 1161 1358 1390
519 373 822 1471
822 520
242 803
803 707 1371
243 620 710 1728
620 331 954 960 1023 1274
710 945 1897
1728 417 559 733 1112
244 1227 1290 1391 1924
1227 624 1146 1391 1848
1290 1096 1141 1407 1736 1762 1900
1391 1141 1455
1924 350 360 1107 1213 1517 1747 1848 1900
1546 1766
1766
265 445 473 491 681 1046 1150 1524
473 491 722 1474 1524
491 413 445 722
1130 665
1524 306 722 805 1474
1475 709 944
1735 1515 1783 1788
360 506 701 1141 1608 1747 1762 1848
506 950 1096 1141 1638 1692 1762 1900
1141 1837 1848 1900
1455 790 1096 1747
1747 785 1608 1762 1837 1848
1837 790 950 1736 1762 1900
1900 790 1608 1762 1848
445
1046 704
536 342 434 1110 1480 1527
709 881 1138
729 322 1274
944 513 732 832 1009 1088 1481
951 308 880
1949
934 770 1678
820 434 935 1563 1838
1241 1394 1851
1214
874 300 871 1023 1158 1516
884 954 1079 1274
1274 960
258 413 1684
413 1458
1684 305 640 1103 1307 1753
789 300 1079
449 339 369 1787
642 369 610 701 1358 1390 1629 1670 1919
1161 278 610 930 1358 1390 1512 1662
1662 278
1813
1919 369 610 1884 1940 1984
927 638 1492 1518 1569 1966
1252 529
1492 1279 1560 1785 1966
1569 469 529 1725 1785 1966
529 589
919 381 1133 1146 1663 1787 1842 1848
1694 1169 1205 1679 1787 1867
1957 350 786 1350 1692 1853
681
1150 665 1972
1439 1245 1738
1660 489 1245 1701
1753 305 1000 1245
1320 324 767 1518
594 334 703 1267 1497 1681 1868
1741 302 388 463 1497 1868
689 1292 1405
774 1220 1346
1292 776 1022 1405
1405 1346
270
480 652 1249 1477 1772
652
673 1518 1785
1648 324 1058
275 832 881 1535 1964
832 881 1723
1954 1523
1964 322
690
733 880 1112 1129
1638 728 1407 1525 1869
1729 728 1172 1438
881 557 812
1535 289 812
305 528 640 1675
528 618 640
747 1992
912 664 1071 1180
1000
1180 664
277 324 589 1777
324 780 1208 1413 1477
589 512 1883
1777 1100 1586 1785
278 610 701
610 350 369 701 1061 1670 1787 1884
701 369 1146 1629 1940
557 1072
1072 289 812
280 771 1209 1226 1899 1918
771 581 705 1237 1561 1997
1209 679 1014 1815 1972
1226 309 1313 1539
1899 756 1313 1454 1561 1856
1918 745 1539
281 295 940
295 940 1550
940
624 395 677 1146 1205 1599 1663 1679 1787
1966 510
628 411 1191 1219 1395 1488
699 334 406 1191
1340 406 1074 1191 1488
1352 611 915 1868
1801 406
805 1167 1486
1458
339 775
713
775 1089 1833
1089
510 329 858 897
767 897 1158
1430 1540 1605
1816 638 706 1270 1427 1586
289
1270 1518 1586
1940 1169 1884
293 373 1211 1254
373 520 931 1171
1211 533 708
1254 1480
309 679 1711
1014 423 1053 1356 1376
1550
954
1112 417 1438 1935
1935 331
297
298 369 482 718 784 1984
369 1061 1169 1599 1670 1884
482 381 395 784 1670
718 381 1061 1169 1663 1670
784 1061 1914
1984 395 1096 1341 1762
300 948 1100 1362
948 331 960
1100
1362 663 677 728
618
1103
1792 590
302 1466 1497 1868
1466 312 703 1267 1488
1497
1868 463 590 915 1488 1680
640
1675 463
306 1284
1284 1396
395 1061 1169 1350 1358 1599
1341 950 1096 1679
1512 350 786
1599 1853
1884 350 381 1378 1670
1914 381 1692
308 1441 1525
1441
1525 471
679 1539
1711 756 1313 1856
430 605 987 1183 1257 1276 1673 1762
1276 987 1383 1730
1517 1213 1383
1673 1383 1730
1762 787 1848
312 1267
1267 437 1078 1395
314 515
515
315 706 907 1725
706 568 583
907 469
1725 1158
873
1237 705 777 1053
1561 581 1486 1997
322 1336
1336
1257 1555 1632
780 414 1199 1560
1208 479 638 1412 1560 1586
1413 1706
1477 1412 1560
707 1170
1371 485 1170
329 897
897
1539
1997
331 417 880 1129
417 559 1516 1869
880 960 1897
1129 661
332 334 359 669 1488
334 388 1219
359 1488
669 703
1488 411
333 590 915
590 388
915 388
388 463
1219
1346 626 674 1913
1913 626 674 1022
1973 437
741 1473
1138 1783
1307 994
923 1198 1314
479
1220 811
1540
342 434 979 1558
434 1555 1838
979 1110 1394 1851
1558 1563
350 1061 1692
1629 1358
1853 1350
676
1799
427
984 885 1804 1994
885
1061 381 1133 1169
1692 786 1350
994 1415
1145 1415
1415
960 375 677 1357 1516 1873
1516 871 1023 1164 1678
1873 728 1079
957 1885
1109 1170
1701 1738
1738 489 1245
1577 650
356 663 1407
663 661 677 1357
1407 728 1869
1071
1396 1356
1972 1454
1608 787 1107 1213
1848 787 962 1096
945
929 1249
1050
615
485 488 730 911 1260
732 488 1260 1750
1113 405 727 1300
1200 1481 1971
1224 1505 1971
1481 405 1505
1631
1750
368
1169 381 1670
1670 381 1663
1444 1982
1300 405
581 745 1856
520
931 391 1574
1171
375 1172
1172 677 871
381 1146 1867
1390 786 1360
1663 1133 1177 1679
1198 1527 1563 1851
714
1383 1730
1232 1177 1678
1146 1787 1867
1867 1060 1177 1205 1679
500 1473 1723
1723 730 906 918 1170
1885 1044
441 1007
1598 1007 1090
1788
616
1495
423 745 1356
1110 1480
463 611 703 1680
730 488
906
911 1658
391 935
935 1286 1563 1690 1838 1851
392 902
902
595 527 890 1079
835 858 1427
1427
1350 786
1358
1401 1170
538
1256 1982
1844
1871 890 1425
1909
471 1164 1357 1438
1825
1965
405 1505
1505 1982
406 1125 1230 1395
1125 1083 1191 1681
1230 411
1395 1083
890 671
408 543 1994
543 745 1376 1856
1994 1804
776
756 1167 1313
1313
411
412 1515
1515 1783
414
553 1471
559
1869
1851 1563
424 987 1183 1632
785 962
421 1054
1054 1347
745 705
1356 1804
987 1183 1213 1730
1183
1632 1555 1852
1739 704 1982
1681 964
1017 650
605 1060 1852
583 568
1279 638 1518 1560
1586 1560 1645
1785 1850
433
1555 592 807 1759
1838
818 1506
939 1707
1314
635 1009
437 1074
1074 1078
1007 1523
1473 488
664
1787 469 1205 1679 1901
1357 1438 1736
1932
454 512 1058 1249
512
1058
1249
677
770
1347 1471
1772
704
611
703 1222
1680
812
1480 1527
469 1133 1842
1133 1205 1842 1901
1842
838
1164
1438
1022 626
1818 626
722
1474 1167
1486 1419
592 1469
1690 1759
513
638 1199 1518
1518 1158
1645
488
1260 1658
811
489
728 962 1678
1060
535
1950
496 1709
1709
1527 807
871
950 759 787
1096
1394 807
858 568
511
1364
1286 533 1563
1471
1563 533 879
1419 1454
1158 568
1560 1706
527
533
1982
1605 1199
568
1376 705 1804
1856
708
1206
918 1170
1205 930 1679
1679 759
879 807 1469 1759
964
807 1469
1759
1023 1079
665
1551
1523
1090
650
580
1454
1815
1883
1469
1079 671
674
1245
1749
1852
626
1191
1589 982 1168
1009
671
1199 1706 1850
639
1044
1658
1992
1167
983
658
661
1170
1088
790
1736 962 1536
1222
705 777 1053
777
1053 1804
1897
1378
727
962
1678
1134
1783
1506
1412 1850
1177 1536
1431
759
773
1833 795 891 1360
1971
786
787 1107
1107
1425
795 891 1360
891
1360
1707
1536
1706 1850
1213
930
975
1574
982 1168
1168 1398
1804
1790
1730
1065
1078
1083
1398
1901
1850
