0 55 121 339 385 611 623 830 1179 1221 1384 1728 1765
55 87 121 265 830 957 1221 1748 1765 1940
121 385 576 737 840 957 1067 1179 1203 1682 1728 1772
339 347 430 576 1354 1765
385 179 265 576 840 1308 1938
611 327 466 836 1354 1604 1653
623 315 353 774 1517 1965
830 1098 1179 1600 1923
1179 424 430 576 1221
1221 265 372 957 1253 1748 1905
1384 12 46 576 840 922 1031 1308 1490 1694 1940
1728 211 505 836 957 1203 1490 1772
1765 505 737 1203 1354 1923
1 247 918 1808
247 235 887 1186 1205 1982
918 451 486 545 910 1342 1524
1808 92 305 344 545 641 708 763 1524 1829
2 575 645 932 1676
575 155 255 694 1041 1585 1878
645 7 150 298 427 777 1012 1263 1753 1879
932 321 416 598 825 966 1232 1363 1831 1866
1676 7 416 1228 1363 1879
3 638 705 714 803 1385 1537 1751
638 248 368 602 677 697 712 714 803 1370 1436 1677
705 51 89 154 803 816 1092 1156 1311 1894
714 618 677 803 859
803 47 109 368 618 677 905 1370 1425 1436 1677 1751
1385 157 263 599 814 1320
1537 51 154 656 816 1156 1425 1784
1751 110 153 1092 1425 1436
4 370 375 571 949 956 1131 1577 1985
370 465 567 1234 1245 1346 1407 1783
375 220 1087 1622
571 206 913
949 38 169 205 1049 1399 1637 1738
956 205 300 821 1825
1131 38 169 821
1577 60 284 567 1234 1245 1362 1452 1467 1626 1783
1985 137 383 818 914 1352 1426 1622 1654 1738
5 158 821 1044 1738
158 205 223 698 892 1335 1493 1545 1978
821 120 220 284 818 882 1143 1234 1626
1044 205 1049 1335 1708
1738 1049 1931
6 73 136 1057 1213
73 78 633 1437 1449 1478 1612
136 168 536 819
1057 380 455 808 1023 1076 1078 1394 1408 1486 1776 1888
1213 1262
7 298 809 871 1094 1604
298 125 159 255 327 733 1012 1094 1363 1588
809 159 1170 1257 1359
871 125 135 150 466 506 792 1257 1358 1994
1094 135 150 246 1599 1779
1604 14 135 293 352 506 673 832 1470 1867
8 522 775 1034
522 85 775 817 1300 1336 1540 1788 1909 1951
775 621 1034 1234 1393
1034 41 331 541 863
9 208 512 525 552 1051
208 163 512 553 1011 1881
512 23 553 1840 1963
525 328 1881
552 1737 1828 1901 1991
1051 23 479 1337 1698 1723
10 162 324 765 1344 1476 1745
162 175 341 765 842 978 1112 1663 1745 1859
324 51 74 341 568 989
765 74 749
1344 175 492 842 1092 1255 1663 1995
1476 101 893
1745 76 432 492 842 1063 1086 1121 1721
11 323 858 1201 1849
323 583
858 583 621 835 1201 1526
1201 1415 1479 1849
1849 91 395 585 613 1479 1861
12 372 922 992 1965
372 315 605 1656
922 191 576 1067 1418
992 1316 1657 1834
1965 988 1373 1834 1905
13 45 336 528 1076 1083 1778 1893
45 32 261 528 879 1284 1575 1776 1782
336 299 1023
528 455 1083 1648 1782 1888
1076 606 985 1147 1209 1707 1854
1083 443 703 1101 1147 1394 1720 1799 1893
1778 117 299 1129 1367 1372 1408 1451 1575
1893 117 606 1419 1888
14 135 424 475 508 792 1155 1470 1867 1994
135 327 466 792 1118 1263
424 1060 1446 1600
475 466 792
508 159 293 441 1155 1240
792 34 691 1263
1155 295 673 785 875 938 1060 1151 1279 1461 1807
1470 349 762
1867 327 670 724 1599 1779 1994
1994 327 498 1097 1363 1588
15 624 1902 1958
624 129 228 784 1523
1902 1583
1958 93 509 1077
16 26 280 443 526 660 688 1776
26 280 325 526 939 948 991 1122 1741 1812 1888 1903
280 234 257 325 660 688 991 1161 1648
443 126 134 1064 1284 1322 1478 1558
526 325 587 660 948 1132
660 257 299 688 1648 1763
688 1132 1161 1605 1930 1996
1776 985 1059 1078 1486 1707
17 731 1055
731 120 137 1219 1227 1352 1426
1055 354 468 1261
18 331 740 1184 1352 1526 1734 1899
331 567 863 1184 1330
740 874 1056 1137 1300 1426
1184 1107
1352 120 137 429 556 1071 1330 1622 1773 1875
1526 874 1282 1761 1899
1734 217 817 1415 1899
1899 717 874
19 105 119 396 577 1110 1223 1641 1679 1813
105 376 488 577 617 1813 1815
119 516 1110 1223 1249 1328 1465 1519 1679 1815
396 516 577 674 812 1110 1296 1355 1578 1815
577 367 542 610 674 1312 1355 1578 1639 1679
1110 1813
1223 229 361 542 674 1519 1639 1813
1641 221 297 617 1146 1954
1679 376 542 580 617 674 1334 1815
1813 617 769
20 467 1819 1976 1996
467 216 615 653 968 1371
1819 1293 1768 1794 1857
1976 131 801 1904 1939 1996
1996 386 615 778 1132 1845 1939
21 309 480 766 1222 1432 1439
309 30 480 536 1222 1439 1566
480 81 329 1129 1432 1439 1688
766 29
1222 30 1360
1432 1129
1439 536 819 1693
22 47 685 704 712 1701
47 568 602 618 1436 1677 1992
685 145 591 1048 1153 1839
704 107 109 618 712 749 1353 1436 1677 1701 1839 1992
712 110 248 568 1436 1677 1780
1701 110 248 474 568 602 749 1475 1677
23 103 163 479 553 637 1698 1840
103 686 935 1304
163 553 837 1305 1597 1972
479 146 813 1332 1864
553 1840
637 1504 1691 1699 1832 1911
1698 1241 1865 1922
1840 569 1239 1651
24 820 872 1503 1530 1535
820 80 763 872 1388 1530 1634 1829 1890
872 1095 1635
1503 218 819 1059 1539 1634
1530 35
1535 287 1388
25 258 628 931 946 1317 1403
258
628 219 682 1025 1469
931 79 82 848 1202 1749
946 219 448 682 722 848 1421
1317 219 682 695 941 1403 1421 1947
1403 695 874
325 332 380 446 658 991 1507 1687 1741
939 225 299 604 1550 1648 1696
948 257 1030 1507
991 234 306 1194
1122 180 234 1030 1036 1782
1741 386 1132 1161 1507 1981
1812 180 1036 1396 1507 1720 1961 1998
1888 99 306 380 635 767 1078 1394
1903 767 1132 1161 1998
27 459 1212 1681
459 50 204 244 548 755 954 1019 1480 1709
1212 307 319 781 928 983 1518 1633 1680 1883
1681 690 755 983 1405 1709 1838 1844
28 741
741 1079
29 462 901 1129 1306 1531 1573 1688
462 1129 1688
901 30 351 1111 1306 1360 1454 1553 1598 1763
1129 351 536 1111 1306 1835
1306 30 1000 1027 1454
1531 30 351 1111 1343 1573 1754
1573 30 776 1565 1835 1910
1688 776
30 81 201 1111 1763 1950
81 1984
201 516 650 1123 1312 1544 1578
1111
1763 1000 1349 1669
1950 776 1267 1594 1918 1937
31 364 933 1949
364 86 318 391 771 1113 1339 1440 1457 1463 1645 1717 1739 1752
933 140 202 338 861 1347
1949 511 965 1430
32 124 132 134 489 587 703 1572 1733 1821 1961
124 134 684 1685
132 438 1038 1322 1506 1595 1685
134 609 1270 1322 1391 1593 1987
489 438 684 1270 1675 1987
587 1038 1064 1284 1394 1558 1733
703 684 1258 1302 1506 1547
1572 126 212 447 606 1258 1391 1478 1720 1862
1733 234 257 386 711 745 881 1036
1821 715 881 1030 1072 1135 1180 1843 1987
1961 1685
33 358 387 516 1010 1126 1269
358 597 1243 1256
387 231 968 1010 1269 1429 1647
516 112 311 313 653 1243 1429 1647 1953
1010 207 444 649 986 1256 1271
1126 271 661 1017 1265 1607 1810
1269 256 648
34 141 408 425 466 506 762 832 1060
141 102 1103 1469
408 102 246 255 281 506 532 662 762 1237
425 349 532 762 832 1060 1099 1600
466 177 426 673 762 1295
506 1099 1469
762 1096 1099 1307
832
1060 293 340 349 441 875 1481 1779
35 314 435 588 672 920 1735
314 100 218 287 400 675 1204 1247 1587 1869 1952
435 579 920 997 1204 1247 1262 1324 1592 1612 1880 1967 1971
588 100 148 182 218 400 616 633 678 970 1587 1589 1869
672 400 1204 1437 1449 1612
920 592 985 1209 1226 1247 1324 1459 1612 1799
1735 100 616 675 1078 1204 1871 1952
36 127 160 262 541 631 1301 1548 1636 1680 1909 1951
127 104 1301 1548 1636 1853 1951
160 291 1141 1369 1769 1788 1817
262 366 567 663 1195 1198 1563 1788 1929 1999
541 41 104 630 1301 1680 1853
631 210 817 1301 1484 1636
1301 104 583 1393 1548
1548 41 1330 1473 1636
1636 1909 1920 1969
1680 596 1090
1909 41 1040 1294 1951
1951 817 1579
37 1164 1416 1714 1892
1164 451 845 885 1417 1568 1602 1731 1801 1836
1416 196 365 885 908 1568
1714 365 878 1154 1801
1892 116 224 371 1106 1292 1602
38 169 223 1143 1234 1346 1790 1842 1989
169 913 1399 1842
223 205 417 689 1335 1493 1919 1931
1143 270 1346 1931
1234 546 567 1245 1346 1999
1346 1806 1842
1790 1245
1842 206 1238 1637 1806
1989 205 1637
39 237 601 1144 1323 1803
237 787 1254 1729
601 1297 1305 1332 1803 1924
1144 752 804 888 1020 1723
1323 195
1803 195 1158
40 88 161 521 1067 1613 1830 1979
88 191 1613 1868
161 353 592 811 847 1173 1204 1640 1830
521 430 834 1098 1942
1067 191 774 937 1308 1662 1885
1613 1662 1830 1979
1830 566 1547 1979
1979 566 1167 1258 1418 1547 1694
41 85 583 1107 1300 1393
85 1107 1300
583 596 621 721 967 1415 1692
1107 546 1089 1473 1875
1300 217 967
1393 104 621 1999
42 698 779
698 478 669 1309 1483 1684
779 149 1309 1414
43 275 334 343 463 730 1671
275 439 589 1382 1450 1536 1628 1983
334 106 683 786 1272 1795
343 228 292 308 484 589 1058 1120 1712 1980
463 143 303 381 484 1166 1225 1511 1671 1990
730 123 272 338 490 608 867 927 1120 1152 1583 1644
1671 484 1187
44 108 1136 1554 1591 1781
108 799 897 1136 1327 1858 1997
1136 194 1502 1706
1554
1591 188 897 1482
1781 214 799 897
261 540 565 985 1128 1226 1262 1394 1707
879 455 606 1449 1707 1720 1799 1868
1284 1064 1101
1575 117 711 1000 1007 1343 1367 1408
1782 213 985 1036
46 1419 1506 1662 1772
1419 212 1302 1391 1478 1558 1868
1506 212 438 447 566 1862
1662 834 1203 1490 1694
1772 211 505 634 737 1207 1942
568 342 1894
602 1353 1468
618 109 110 677 1436 1677
1436 109 248 368 697
1677 109 368 677 697 749 859 1315
1992 74 263 1425 1995
48 276 738 1468 1489
276 384 1104 1911
738 978 1063 1678
1468 716 1108 1134 1353 1559 1839 1933
1489 761 1005 1028 1365 1723
49 181 389 687 852 997 1117 1318
181 665 676 734 852 961 970 1117 1139 1196
389 95 676 734 1045 1062
687 503 850 1062
852 241 259 499 605 676 734 751 1117 1435 1886
997 233 464 633 1046 1266 1324 1702 1710 1826
1117 742 1045 1826
1318 194 267 1292
50 679 983
679 307 551
983 453 1019 1081 1447 1838
51 274 702 814 905 989 1156
274 157 405 989 1003 1784 1860
702 89 905 989 1003 1784 1860
814 154 157 656
905 74 153 405 1092 1784 1995
989 816 1092 1156
1156 157 1003 1311 1784 1860
52 142 192 442 497 543 1080 1084 1197 1411
142 53 390 733 1084 1105 1183 1321 1866 1872
192 1230
442 53 582 994 1866 1879 1986
497 403 543 609 686 935 1986
543 1026 1197 1270 1322 1500
1080 397 609 750 793 1026 1130 1986
1084 390 1183
1197 53 392 609 826 1026 1064 1230 1509 1942
1411 935 1321 1580
53 582 1321 1724 1986
582 333 392 403 1866 1986
1321 390 686 1831
1724 285 397 402 564 733 1130 1753 1831 1866
1986 609 1130 1230 1866
54 585 594 857 964 1103 1151 1600
585 626 1210 1469 1852
594 197 236 295 382 636 1614 1743
857 236 1103 1307 1614
964 197 613 1333 1469
1103 102 413 1096 1151 1260
1151 96 295 382 636 785 875 1279 1614 1811
1600 243 349 1118 1481
87 352 505 1203 1220
265 1124 1517 1682 1748 1905
957 430 737 836 840 1905 1940
1748 519 1253 1418 1905
1940 182 191 1031 1666
56 950 1801
950 995 1378
1801 196 365 586 916
57 66 250 388 570 622 1582 1766
66 93 388 622 640 940 1303 1582 1796
250 154 174 725 940 1311 1314
388 456 940 1303 1513
570 93 200 286 753 1009 1320 1719
622 363 640 926 1033 1513 1621 1766
1582 753 1766
1766 203 348 824 1303
58 260 1273 1431
260 1259 1268 1280 1619 1623 1716 1962
1273 65 1011
1431 1256
59 268 810 1855
268 178 244 279 362 690 1818
810 197 1168 1521 1743
1855 320 494 534 938 1178 1214 1216 1590
60 1281 1452 1467 1627 1824
1281 663 1145 1407 1452 1563 1627 1783 1929
1452 300 886 1087 1137
1467 1245 1783 1875
1627 663 789 1021 1141 1424
1824 567 1245 1783 1929 1999
61 244 555 713 755 993 1291 1415 1709 1727 1858 1955
244 555 1955
555 204 755 993 1501 1804 1955
713 184 294 755 1471 1727
755 184 307 1518 1574 1664 1804 1827 1977
993 242 1024 1480 1574 1664 1844 1955 1977
1291 1016 1024 1709 1727 1844 1977
1415 170 866 1405 1479 1590
1709 204 548 894 1405 1727 1844 1974
1727 165 294 548 614 1518 1844
1858 1163 1236 1480
1955 128 204 378 538 1192 1501
62 447 1098 1490
447 1322 1391 1558
1098 430 634 691 834 990 1248 1302 1546
1490 1203 1207 1759
63 984 1039 1114 1199 1339 1876 1945
984 410 1039 1313 1945
1039 471 1717 1758
1114 202 501
1199 391 1113 1313 1876 1945
1339 123 209 391 549 771 1113 1463 1511 1533 1717 1739
1876 273 1171 1739
1945 384 1792 1936
64 116 190 1165 1205 1528
116 92 641 878
190 504 887 1205 1342
1165 235 477 887 1186 1510 1744 1805 1982
1205 133 317 504 851 856 1505 1982
1528 539 851 1200 1982
65 495 558 823 1233
495 1082 1889 1930
558 326 433 482 728 756 823 1325 1427 1823
823 720 1235 1325 1427
1233 326 597 806 987 1345 1823
93 156 699 947 1009 1033 1667
640 200 230 404 906 1008 1895
940 428
1303 363 824 1495
1796 656 1311
67 431 942 1368 1402 1638 1898
431 437 578 876 1002 1512 1555 1898
942 876 1102 1340 1898 1980
1368 228 239 654 1341 1433
1402 228 484 1464 1569 1601 1898 1990
1638 578 603 1555 1898
1898 173 1002 1555
68 278 1959
278 1285 1851 1982
1959
69 625 969 1380 1514 1539
625 547 969 1539
969 759 1762
1380 122 593 743 1539 1551 1635
1514 122 344 477 547 759 1762
1539 910
70 996 1566
996 240 329 455 1079
1566
71 174 725 1138 1444
174 725 827 1138 1162 1444 1719 1816 1896
725 226 1288 1816
1138 226 436 1211 1288 1444
1444 1162 1896
72 271 1607 1975
271 171
1607 232 357 452 794 895 999 1017 1265 1810
1975 232 527 537 979 1053 1623
78 565 811 847 1226 1348 1459 1720 1868
633 401 544 561 1400 1871 1971 1993
1437 819 1226 1449 1486 1592 1854 1880
1449 400 544 592 1397 1459 1871
1478 126 684 834 1064 1302
1612 565 880 929 1046 1167 1173 1423 1625 1799 1820 1967 1971
74 153 230 405 599 921 1995
153 89 368 921 1365
230 203 263 1314 1513
405 157 816 1092
599 175 252 456 1719 1995
921 175 341 530 718 981 1112 1859
1995
75 350 531 614 1192 1520
350 1253 1520 1664
531 1390
614 178 534 690 838 960 1024
1192 1520 1652 1844
1520 822
76 716 761 981 1042 1048 1134 1353 1365 1933
716 251 761 953 1104 1108 1134 1174 1365 1839 1933
761 342 677 1112 1365 1678
981 1678 1839
1042 251 804 1104 1438 1933
1048 1670
1134 342 953 1108 1438 1839 1933
1353 110 342 1365 1894
1365 1086
1933 101 701 804 827 889 1438 1678
77 348 800 1523
348 253 509 1033 1150
800 1050
1523 744 1946
565 579 592 880 1226 1720
811 929 1209 1967
847 100 616 1348 1640
1226 464 579 606 1023 1204 1209 1625 1640 1754 1971
1348 126 401 566 880 1854
1459 985 1101 1204 1209 1625
1720 464 592 1147 1173 1547 1625 1854
1868 1147 1799 1854
79 460 518 682 899 1499 1560 1771
460 143 308 600 692 732 784 867 1847 1946
518 356 1341 1421 1499 1601 1983
682 219 448 457 941
899 1560 1771
1499 1116 1536 1771 1795
1560 82 589 1628 1726 1771 1916
1771 951 1795 1947
80 1409 1413
1409
1413 168
1984 536 540
82 496 848 886 903 1632 1749 1916
496 903 1383
848 1025 1202
886 300 1219 1690 1875
903 1383 1445 1649 1749
1632 1289 1414
1749 654 1085 1383 1797
1916 439 1341
83 213 299 332 767 1696
213 117 1078 1669
299 117 301 1372 1408
332 117 225 1007 1343 1367 1372 1696
767 117 301 380 1036
1696 1755
84 139 272 338 393 680 951 1058 1093 1395 1450 1511 1533 1774
139 272 406 524 718 973 1006 1112 1943
272 302 391 490 502 530 1058 1215 1752 1914
338 123 391 861 1058 1774 1906
393 292 951 1015 1116 1166 1187 1533
680 86 318 391 549 1035 1361 1395 1968
951 1058 1120
1058 502 549 1511 1533
1093 292 356 411 1450 1774
1395 1533 1906
1450 292 652 876 927 1642 1774
1511 472 502 659 1655 1906 1968
1533 652 1774 1906
1774 292 502 1015 1177 1906 1983
86 273 1356 1430 1457 1739
273 1157 1171 1440 1721 1739 1746
1356 391 771 1457 1739
1430 501 652 861 927 1717 1906
1457 873 891 1113 1739
1739 726 1006 1440 1746 1752
352 211 438 1329 1595 1617 1779
505 840 1207
1203 574 774
1220 347 684 1097 1240 1525 1588 1593 1599 1779
191 95 182 742 919 988 1046 1173 1196 1418 1630
89 1311
1311
90 1004 1691 1737
1004 584 739 1232 1298 1879 1936
1691 166 900 1699 1922
1737 523 1241
91 407 835 941 1718
407 470 1491 1964
835 210 469 841
941 1421 1797 1852
1718 137 469 841 1773
92
156 113 175 461 524 1077 1583
699 947 1050 1172
947 1172
1009 253 664 926 1667
1033 253 461 664 732 782 1077 1740
1667 222 1172 1495
94 99 542 650 1123 1451 1544 1564
99 1267 1451 1553 1755 1837
542 282 376 617 1586
650 311 635 1123 1639 1687
1123 311 1119 1244 1544 1594
1451 164 311 1349 1398 1564 1639 1822
1544 1264 1398 1755 1822
1564 229 854 1267 1312 1937
95 185 980
185 980 1833
980 742 796 1045 1160 1196
96 197 236 295 382 838 875 972 1125 1214 1614 1743 1811
197 362 534 972 1216 1614 1887
236 295 636 1018 1279 1307 1811 1861
295 382 636 785 972 1811
382 249 340 875 1178 1279 1614 1807
838 1182
875 249 441 670 972 998 1178
972 279 1018 1178 1614 1811
1125 626 785 866 1018 1178 1214 1279 1743 1811 1861 1887
1214 279 362 785 1168 1216 1807
1614 340 349 1018 1743
1743 1216 1307
1811 636 1446 1807
97 482 912 1070 1629 1786 1864 1881 1915
482 1070 1864
912 118 529 831 936 987 1364 1786
1070 118 805 936 1736
1629 1326
1786 837 1224 1364 1972
1864
1881 151 523 569 1832
1915 245 572
98 822 850 1615 1643 1997
822 374 1373 1974
850 710 894 943 1390 1428 1657
1615 894 1351 1390
1643 1142 1928
1997 188 189 790 799 1163 1804
1267 483 1264 1822 1918
1553 225 1027 1161
1755 1349
1837 351 1027 1343
100 287 1587 1880 1952
287 616 675 1061 1787 1952
1587 218 1443 1711 1869 1934
1880 400 675 1173
1952 616 880 970 1324 1592 1871
101 978
978 432 492 701 842 893 1721
102 293 340 413 532 1260 1307 1852
293 441 760 836 1263 1695
340 249 441 1260 1789
413 1861
532 246 693 757 1096 1260 1295
1260 673 693
1307 1279 1938
1852 111 626 1469
686 390 935 1534
935 1026
1304 392 1072 1534
104 596 721 1570 1853
596 210 217 817
721 395 621
1570 210 422 1540 1920
1853 817 1540
376 420 674 1191
488 619 890 1191 1249 1275 1328 1897 1917
617 361 1249 1296 1519 1918
1815 769 1249
106 292 1382 1642 1795
292
1382 855 1764 1983
1642 501 1116 1347 1906
1795 356 1116 1177 1536 1628
107 154 342 656 677 859 1063 1425
154 456 581 656 1003 1092
342 677 859 1153
656 1092
677 157 368 1674
859 248
1063 432 492 560 771 1104 1721 1859
1425 157 341
799 1163 1236 1327 1661
897 115 189 1276 1327 1750
1327 666 1081 1661 1689
109 248 697
248 110 749
697 749
110 1315 1674
1315 138 145 953 1153 1174
1674 1159 1784
111 130 511 904 975 1170 1379
130 255 683 891 1359 1379 1608
511 155 891 963 1536
904 1379
975 246
1170 321 554 870 1109 1358 1695
1379 683 963
112 256 829 1647 1845 1930
256 653 1091 1194
829 419 778 968 1522
1647 313
1845 386 615 1863
1930 476 907 1562
113 286 530 647 718 782 926 1715 1758
286 461 726 1050 1077
530 318 404 461 647 1112 1310 1376 1715 1740
647 404 406 490 726 727 873 926 973 1035 1242
718 432 1376 1663 1721
782 732 1231 1946 1968
926 266 406 524 727 1242 1361 1715 1968
1715 461 1189 1314 1376 1740
1758 1157 1255
114 452 527 537 754 1619 1646
452 357 661 723 895 1265 1441 1810 1891
527 171 1280
537 346 1053 1175 1280 1619
754 661 723 805 895 1073 1265 1271 1474 1810
1619 232 612 805 1175 1280
1646 572 651 1556
115 224 1163 1236 1390
224 671 734 839 1160 1387
1163 128 538 1236 1974
1236 128 562 1460 1497 1529
1390 971 1062 1428 1529 1652 1882 1973
641 955
878 451 1442 1538 1703 1836
117 1023 1408
1023 579 711 1135 1394
1408 566 1367 1372
118 936 1736
936 756 1466
1736 513 1326 1462
1249 367 394 419 1296 1422 1441
1328 398 890 1191 1275 1897
1465 361 649 674 1169 1334 1578
1519 674 812 915
120 137 383 717 1056 1219 1227 1426 1488 1773
137 417 429 1056 1426 1798
383 533 877 1071 1227 1309 1487
717
1056 696 896 1761
1219 556 1426 1908
1227 429 556 877 1798
1426 546 556
1488 696 1773
1773 300 546 791 896 1690
576 737 834 840 1517 1923
737 919 1599
840 1617 1656 1666
1682 144 519 1124 1873
122 743 1229 1966
743 337 477 547 735 763 828 910 1013 1133 1730
1229 409 593 828 1397 1456 1581
1966 133 330 477 910 1013 1185 1342 1456 1524 1609
123 1035 1120 1215 1310 1495 1968
1035 318 411 502 1361 1644 1968
1120 152 391 490 867 1472 1583 1644
1215 502 925 1310 1752 1914
1310 129 411 502 608 744 802 867 925 1644 1655
1495 381 1050
1968 318 406 484 1717
684 212 1546 1558
1685 1322 1509 1546
125 634 1097 1263 1363 1588 1814
634 498 724 825 1354 1653 1779
1097 724 1599
1263 327 498 1240 1588
1363 416 777 870 966 1012 1075 1183 1358
1588 159 498 691 788 1814
1814 255 347 724 777 825 909 1617
126 834 1064 1101 1258 1302 1391 1558
834 1322 1391 1862
1064 1038 1250 1391 1558
1101 606 1038 1799
1258 438 1302
1302 566 1046 1308 1862
1391 438
1558 707 883 990 1026
128 204 378 1208
204 242 538 548 1501 1518
378 481 538 1460 1501 1664
1208 665 710 869 1542
129 222 238 692 744 1756
222 732 1050 1150 1756 1956
238 726 744 1644 1655 1943
692 143 308 381
744 1150 1166 1756
1756 753 1956
255 150 1109 1295
683 155 855
891 471 959 965 982 1541
1359 177 982
1608 450 1272 1960
131 476
476 615 1082 1277 1863
438 1509
1038 1377 1509
1322 707 883 990 1593 1843
1595 333 403 430
133 305 330 344 828 1013 1133 1185 1829
305 344 486 708 763 1013 1133 1342 1389 1524 1634 1926
330 700 1456
344 486 545 700 828 1185 1193 1498 1851
828 337 643 708 735 1013
1013 708 1185 1342 1498
1133 486 547 759 815 910 1524 1552
1185 708 1456 1524
1829 1634
609 392 750 793 1130 1500 1593 1700
1270 793 1030 1180 1396 1987
1593 1180
1987 1596
327 691 777 1240 1599 1779
1118 909 1695
168 329 1693
536 329
819 1360
417 818 892 1049 1071 1335 1622 1919 1978
429 556 896 1483 1487 1798 1908
1798 896
138 251 474 1158
251 804 1108 1559
474 1841
1158 195 868 1297 1332
406 410 659 726 1006 1361 1463 1914
524 659 1077 1943
973 266 502 1065 1121 1463
1006 341 563 659 726 1752
1112 492 893 1255 1663 1721
1943 608 925 1644
140 209 318 563 1376
209 659 1065 1859 1914
318 659 1463 1752 1914
563 335 461 507 1171 1746
1376 266 873 1065 1274 1740 1859 1914
1469 626 757 1282
390 793
733 416 584 1047 1831 1866 1879
1105 994 1026
1183 397 764 1580
1866 415 1700 1831
1872 347 1358
143 381 784 802 1644
381 784 1002 1166 1946 1980
784 290 1029 1583 1946
802 290 732
1644 608 1655
144 971 1656 1657
971 894 1460 1689
1656 147 211 629 1316 1428
1657 481
145 1839
1839 953
146 813 1224 1239 1305
813 756 1239 1877 1963
1224 245 1239 1462 1972
1239 151 569
1305 245 1606 1877
147 179 481 629 894 1316 1652
179 1481
481 1253 1460 1973
629 374 1668 1873
894 1428 1460 1529
1316
1652 710 1882
148 288 700 1767 1993
288 409 499 974 1100 1283 1767 1912
700 708 1193 1524 1552
1767 593 1443 1498 1934
1993 961 1589 1673 1770
149 478 642 772 1149 1665 1684
478
642 833 877 1414 1485 1491
772 533 669 877 1309
1149 550 722 833
1665 399 468 669 914 1491 1611
1684 892
150 777 963
777 159 870 1047 1777
963 739
151 328 569 720 962
328
569 277 377 523 1576 1597
720 172 639 831 837 1068 1325 1331 1556 1562
962 1068 1597
152 356 1536 1569 1990
356 303 1116 1187 1347 1983
1536 1347
1569 303 600
1990 437 654 1341 1406
368
456 1719
581 215 591 787 888
1003 157 436 1159 1860
1092 1513
155 855
855 439
175 893 1189 1274 1314 1320 1663 1914
461 893 1086 1231
1077 1740
1583 490 608 925 1152 1472
157 816 1189 1896
816 1370
1189 509 1274 1859
1896 436 827 1314 1860
205 689 1919
892 1309
1335 882
1493 748 1603 1978
1545 877 1261
1978 689 882 1071 1487 1603
159 427 691 1777
427 909 1777
691 724 788 909 1653
1777 966
291 1141 1336 1424 1563 1620 1769 1929
1141 928 1697
1369 319 1697 1769 1788
1769 1021 1540 1697 1802 1817
1788 1198 1579 1875
1817 254
353 182 315 401 774
592 675 1204 1209 1592 1625 1971
1173 233 1167 1329 1971
1204 1209 1486 1625
1640 464 880 1046 1167 1971
341 263 1740
842 1121 1171 1859
1663 659 893 1104 1255 1740 1859
1859
837 987 1972
1597 1190 1278 1515 1651 1925
1972 529
164 854 1312
854 282
1312 229 420 865
165 349 362 938 1216 1405 1479
349 636 670 1481 1789
362 534 1471 1873
938 1182 1333 1405
1216 747 1333
1405 690 747 1090
1479 866 1333 1692
166 1832
1832 564 900 1580
167 235
235 317 1200 1505 1744 1982
329 776 1079 1290
1693
913 206
1399 1919 1931
170 866 1484 1692
866
1484 210 395 422 1024 1182 1518 1579 1692 1969
1692 395 517 613 621 1590
171 1175
1175 346 805 1053
172 487 597 806 1068 1293 1427 1941
487 620 1562
597 227 1259 1299
806 1259 1325 1338 1345 1427 1704 1823 1941
1068 620 798 1331 1889
1293 277 728 1011 1325 1556
1427 433 798 1011 1325 1338
1941 1338 1725
173 239 515 578 876
239 603 1102 1340 1448 1900
515 706 853 1181 1448
578 399 1181
876 1847
827 1288
1162 226 1159 1211
1719 252 1621 1793
1816 226
893 1255
1274 203 1314 1621
1314 252 263 1621 1740
1320 263 1513 1621
1914 391 659 1717
176 195 1254 1660 1924
195 215 1729
1254 868 1924
1660
1924 888
177 281 662
281 360 924
662 246 360 924 1237 1295
178 998 1844
998 249 279 1018 1178 1521 1887
1844 294 548 690 1024
1481 243 673 825
180 1507 1998
1507 386 615 658
1998 306
665 269 418 1106 1387 1856 1927
676 710 1196
734 499 1292 1387
961 605 1630 1820
970 1266 1283 1589 1826
1139 259 503 751
1196 1820 1833
182 919 988 1308
919 742 796 943 1062 1308
988 233 401 844 1247 1826
1308 774 937
183 193 361 398 930 1169 1386 1422 1453
193 419 444 648 655 1429
361 619 890 915 986 1296
398 769 1091 1296 1543
930 1299
1169 419 812 1091 1132
1386 207 444 1091
1422 812
1453 661 723 729 1146 1299
184 294 690 1471 1633
294 1168 1471
690
1471 534 1090
1633 976 1081 1480 1974
1833
186 1283 1292 1851
1283 371 500 751 974 1100 1285 1524
1292 241 418 595 1106 1387
1851 371 708 1552
187 600 654 1002 1464 1472
600 1002 1340 1341 1464 1512
654 550 853 1406 1561 1601
1002 1029
1464 439 457 1225
1472 290 867 1672
188 1378 1482
1378 194 671 995 1142 1482 1856 1913
1482 194 421 1154
189 242 954 1492 1527
242 214 923 1732
954 214 1032 1750
1492 1392 1944
1527 414 790 1032 1392 1518 1732 1804
504 312 815 955 1186 1505 1703
887 317
1342 1417 1442
742 233 503 678 1324
1046 233 1266 1971
1418 937 1630 1702
1630 579 774 937 1266 1666 1834
1230
419 367 610 681 1334 1355
444 207 227 648 1243
648 231 289 661 1243 1256 1280 1823
655 999 1429 1543
1429 207 289 812 1073 1474
194 783 995 1412
783 780 839 1252 1538
995 671
1412 1661
215
1729 752 787 868 1297
196 365 451 1417 1602
365 1568
451 1417 1731
1417 1568 1927
1602 908 1836
534 747 1016 1333 1807
1887 1018 1461
198 507 573 1567
507 335 573 1001 1699 1792
573 843 1477
1567 1001 1075 1148 1313
199 593 1581
593 1052 1443 1609 1934 1988
1581 218 400 1247 1388
200 509 906
509 1621
906 363 727 1008 1621
1578 1191 1355 1543
202 501 771 925 927 982 1541 1717
501 410 652 861 927 1541 1906
771 1313 1440 1541
925 373 502 726 873 1752 1906
927
982 426 491 1541
1541 391 471 491 1313 1906
1717 1065 1113
203 263 1008 1740
263 1008 1621 1793
1008 824 1513 1895
1740 404
538 1501 1827
548
1501 374 1664
1518 307 781 923 1818
689 818 1071 1654
1919 1049
206
207 968 1256
968 216 653 778 1243
1256 316 1243
1011 326 1235 1325 1331 1556 1823
659 410
1065 391 1463 1752
210 621 1540 1579 1802 1920
621
1540 1040
1579 1040 1920
1802 781 1920
1920 517 960
211 430 1207 1329 1942
430 333 1666
1207 788 1354
1329 1942
1942 994 1354 1759
212
1078 1000 1262 1394
1669 351 808 1027 1910
214 884 1032 1804
884 1276 1455
1032 453 668 1019 1455 1732
1804 453 1019 1182 1750
216 801 1434
801 615 1434 1562
1434 313 615
217
218 544 561 1061 1400 1443 1498 1589 1869
544 561 1589 1711
561 1247 1443 1592
1061 675 1209 1711
1400 678 751 1052 1589 1770 1988
1443 1710 1869 1871
1498 449 1456
1589 1934
1869 605 616 675 1787 1871
219 1726
1726 1140 1251 1421 1960
220 465 818 1362 1690
465 1362 1626
818 967 1049 1071 1708 1875
1362 567 863 1049 1145 1473
1690 791 1087 1330 1532 1825 1875 1908
221 357 934 1191 1954
357 289 454 723 895 1265 1584 1810 1846
934 296 794 915 1146 1206
1191 297 619 1275 1760
1954 915 1246 1742
732 404
1050 1956
1150 363
1956
1931
671 345 945
839 1142 1928
1160 666 710 780 1928
1387 421 503 780 943 1928
225
226 1288
1288 1211
227 231 1259 1823
231
1259
1823 346 736 1235 1556
228 589 1029 1712
589 1116 1225
1029 1225 1512
1712 1085
229 282
282 773 1586 1639
1513 1621
232 1713 1962
1713 1053 1725
1962 612 1299
233 774 1266 1324 1710
774
1266 1710
1324 1253 1423 1702 1710
1710 1423 1592 1826 1988
234 306
306 658
317 1186 1982
1200 590
1505 856
1744 312 1805
1982 856 955 1186
636 785
1018 249 1099 1178
1279 747 1461
1861 785
787 520 795
726 302 1231 1752
1655 867 1980
603 493 1102
1102 853 1611
1340 1555
1448 853 1022
1900 550 722 833 1022 1433 1485 1874
240 1079
1079 1388
241 500 503 605
500 807 974 1106
503 259 869 1706
605 423 1912
923 1024 1750 1827
1732 1750 1944
243 673 768
673 441 1461
768 1873
245 1176 1462 1877
1176 572 627 1496
1462 572
1877 310 1606
246 360
360 450 693 965 1237
1186 815 955
749 432 1475
249 670 1446 1807
670 836 1938
1446 441
1807 320
804 701 1005 1319 1438
1108 752 1559
1559 1678
252 428
428
253
254 789 1563
789 663 1294 1407 1473
1563 817 1021 1921
1109
1295
653 367 1091 1194 1334
1091 367 1161 1543
1194 610 1115
257 380
380 1648
259 666 1886 1973
666 267 710 1435 1497 1542
1886
1973 514 562 943 1351 1428
1268
1280 999 1948
1623
1716 917 1466
540 1262 1290 1754 1835
985 455 1147 1486 1707
1128 1059
1262 455 808 1290 1754
1394
1707 579
366 445 668 928 1883
567 270 1245
663
1195 1407 1424
1198 977 1087 1145 1294 1626
1929 1145 1404 1407 1424
1999 485 1145 1294
1621
1793 824 1895
264 290 472 1225 1672
290 373 490 1512 1672 1946
472 1225
1225 308 1847 1980
1672 484
1124 279 1517 1873
1517 1905
1905
266
267 780 1252
780 345
1252 345 1142 1542
279 1521 1873
1818 1664 1907
269 371 418 758 1106 1856 1927
371 535
418 595 758 1106 1538 1703 1836
758 345 595
1106 1435
1856 421 845 1142 1508 1913
1927 499 595 807 869
270 1458
1458 977 1806
302 404 664
391 410 411
490 608 867
502 373
1752 1361
1157 1171
1171 384 1121 1440
1440 1113 1463 1746
1721 492 1086 1255
1746 1463 1791
1784
1860
439 1960
1628 1341 1764
1983 1015 1116 1347
384 1001 1791
1104
1911 902 1645
277 1357
1357 620 736 907 1957
1285 1673 1912
1521 709 1168 1873
1873
1161 386 1132 1277 1605
1648 711 745 1036 1367
924 450 1272 1764
773 1586
1586 865
1639 367 681 769
283 1938
1938
284 1245 1626
1245 379
1626 882
285 564 739 764 1075 1228 1420
564 377 764 846 1218 1298 1500 1957
739 584 1232 1936
764 1127 1298 1571
1075 1047 1127 1228 1936
1228 584 1936
1420 415 750
616
675 400 1397 1711
1787 1247
409 449 945 1456 1609
499 807 945 1673
974 449 535 1100
1100 423
1912 1673
289 612 729 1073 1584 1953
612 805
729 895 1474
1073 915 1017 1299 1474 1516
1584 632 1246 1474 1760
1953 812 1355 1474
373 308 867 1152 1946
1512 1555
1946 867 1166
1336 1021 1074 1921
1424 797 1074 1618
1620 863
441 1282
760 836
836 1653
1695 724 825 1257
1168 747
785 1461
296 1246
1246 1017 1146 1800 1846 1917
297 394 619 1146 1757
394 1275 1296 1760
619 890 986 1275
1146 794 1286
1757 1549 1846 1897
1012 554 598 1870
301 808
1372 711
300 485 1145
485 1087 1783
1145 1407
808 455 1059
404 608 664 1242
664 1231
303 1980
1980 484 1152 1166
304
486 337 545 735 1193 1389 1524 1848
708 1193 1456 1552 1934
763 337 1848
1389 337 547 910 1890
1524 337 547 1193
1634 369 1052
1926 1510 1805
658 1605
307 607 668 1590
607 359 1480 1616 1838
668 551 646 976
1590 1333
308 1847
1847
310 557 1496
557 520
1496 1332
311 769 1550 1594 1631 1822
769 674 681 944
1550 1264 1631 1884
1594 1937
1631 446 1605 1904
1822 1119 1264 1398
312 908
908 885 1154 1568
313 367 778 1115 1884
367 446 610 1939
778 1371
1115 1904
1884 559
400
1247
315 1031
1031 937
316 326
326 355 1515
1463
319
320 747 1333
747
1333 395 494
321 416 965
416 402 584
965 426 491 959 1585 1878
322 355 1659 1935
355 1659 1970
1659 846 1190 1278 1658 1970
1935 907 1277 1534
446 1904
1687
1515 1651
1240 724 1354 1599 1653 1779
1599 788 1354 1653 1779
1779
776 604 1565
1290 1454 1754
1456 1762
863
1330 546 791 1908
1007 1343
1343 1349
1367 711 1000
333 724 994 1180 1617 1653
724 788 825 1617
994 826 1188
1180 715 1130 1250
1617 825
1653 788 1354
786 412 450 1272
1272 412
335 902 1001 1792
902 1088 1922 1991
1001
1792 491 1699 1791
337
861 549
1906 410 549
347 1188 1358
1354 909 1358
1789
1153 591 953 1670
484 549
545 1552
1193 547 1848
345 1043 1928
1043 595 807
1928 514 1435
346 1543
1543 610 1243
1188 1831
1358 1753
1253 1668
1664 374 1460
351 1027
1027 1119
401 566 1547
354 493 1251 1485 1686
493 695 853 1066 1401 1433 1611 1705
1251 457 833 914 1483 1485
1485 722 1366
1686 469 862 1025 1401 1491
1970 907 958 1218
1116 1015
1187
1347 1177
454
723 661 999 1265 1474 1810 1897
895 1017 1265 1299 1375 1474 1810
1265 1474 1800
1810
1846 1441 1516 1800
1243
359 551 1019 1447
551 445 646 976
1019 1081 1616 1977
1447 976 1616 1838
450 1096
693 757
1237
890 1897
915 986 1441
986
1296 1334
363 753 824
753
824
1113
1645 1313 1319
1568
445 1883
928 1883
1883 976
610 944 1334 1897
1939 1277 1522 1843 1981
369 1890
1890 1551
1407 546 1969
1783 817
535 1785
867 1152
1152 608
374 1460 1907
1460 1882
1907 1974
1087 379 1532 1875
1622 556 748 791 1071 1137 1908
420 458 865
674 681
377 1287 1557 1828
1287 1957
1557 846 1127
1828 795 1991
379 898 1238 1350 1404
898 977 1238 1825
1238 1350 1404
1350
1404 977
1166
1178
533 877 914 1366 1414 1483
877 669 748 914 1483 1654
1071 556 1049 1487 1654 1708
1309 399 1261
1487 468 1483 1908
1791 1585
386 1132 1277 1522 1863
1132 1522
1277 958
1522 1396 1794 1904
1863
1045 678 1820 1826
1062 514 709
793 750 826
410
411 1361
392 750 1534 1831
750 715
1534 715 849 1072 1250
1831 397 1047 1700
1015 549
1275 1742 1760
1760
395 517 613 1016
517 630
613 630
1016
812
1355
397 1232
1232 966 1936
399 722 1261
722 706 853 1022 1433
1261 1366 1483
566 880 1885
1547 464 880
402 554 584
554 1047 1054
584
403 1047 1879
1047 1054 1410 1753
1879 1410 1700
608
1242 1121
1361
470 757 1289 1761 1964
1491 833 1414
1964 473 841 1761
449 1609
945 1673
1609 1397 1762 1934
412
414 453 1455
453 1455 1480 1838
1455 790 1944
415 907 1130 1794
907 849 1381
1130 715 1250 1500
1794 958 1381 1562 1704 1889
1049 882 1654
595 845 916 1538
1538 845 885 1154 1703
1703 1442 1785
1836 1731
681
1334
458 483 1918 1937
865 483
421
422 630 1809
630 781 1090
1809
423 1052
1052 1934
1099 1461
426 598 1585 1870 1878
598 1585 1878
1585 471 1878
1870 1878
1878 471 959
909 825
556 748
896 468 696
1483 669
1908 862
1666 937
437 1181 1406
1555 706
432 1086
1086 746
433
434 1502
1502
579 1209
1592 1423
1967 929 1971
1971 929 1423 1702
436
1181 706
1406 1561
1509 707
1960 1085 1421
440 639
639 728 987 1331
1282 626
1904 944 1605
448 1140
1140 1202
1096
1731 916
661 1474 1948
1441
1891 1375
1480 976 1024 1974
1838 1081
455 1486
1486 1799
457 1022 1066 1433 1611
1022 833 1383 1433
1066 1383 1433 1445 1561
1433 1202
1611 1202
483 1598 1937
1918 1119
1937
1231
464
615 1381
1371
468 770 862 1366 1414 1654
770 833 862 914
862
1366 1654
1414 914 1401 1705
1654 748
469 874 967
874
967 1089
757
1289 841 1761
1761 1025 1089 1649
471
473 841
841 1947
1841
1082 1396 1857 1981
477 910
910 1397
1332 1297 1723
1598 1119 1244
549
735
1848
620 798 849 1768
1562 1374 1768 1981
1897
1917 1742 1800
1675 826 1026
491 959 1313
959 1494
1313
492 1121
1121 1255
695 1797
853 1705
1401 833
1705 1085 1383
494
1889 1374 1381
1383 1445
498
807
1673 1552
652
869 514 562 1706
1706 1351
815 856 1730
955 643 856 1217
1699 1477 1504 1850
510
1963
513 657 1725
657 1326
1725 917
514 562 710 796 943 1689
562 710 943 1351
710
796
943
1689 1661
706
1341
1421
1601
519 1923
1923
520 591
591 701 1678
817 1969
523 1576 1651
1576 1190 1925
1651 1190 1278 1658 1925
529 627
627
914
1785
1053 651 805 979
1827 1750
539
1754 1835
1835 1360 1910
1026
1500
1711 1988
1552
546 791
791 1089
547
550 1445
1445 1202
646
976 1081 1616
1901 1005 1028 1241 1504 1922
1991 843 1337 1775
1054 1410
748 1708
728 911 1331 1704 1768
756 1364
1325 736 1556
559 944
944 649
560 889 1088
889 701 1028
1088 644 843 1477 1922
1351
846 1298
1218 1857
1298 1571
1957 1571
880 1377
1885 937 1694
1894
572
843 1477 1624
1477 644 1005
574 1694
1694 1377 1722
694
1041 1850
1209
580
888 953 1319
626
1210
586
678 1423
590 1037
1037
701 1438 1670 1678
1678
1625 606 635 1147 1799
1934
1988
845
916
1299 632 999 1017 1948
1297 1723
604 1119 1910
1119 1565
1910 1454 1565
606 1147
1147 1854
1616 1977
1700
805
960 1182
1024
1381 1396
798 849 987 1331 1768
849 911 1556 1704 1768 1857
1768 911 1396 1704 1857
1025
1668
781
1090
632 1516
1516
1871
825
635
1504 795 1005 1624 1922
1370
987 1338 1556
1331 911 958
1895
833
643 1510
1510
644
1753 870
727
873
649
651 1466
1466 979
1561 1874
999
1326
1605
1474 794 1017
1948 979
1435 1542
1497 1508
1542 1142 1913
667
669
1461
1397 1388
1423 929 1826
1546
788
1797 1649
696
1172
1438
1670
707
709 1882
1882 1428 1529
711
1780
715 1857
1857
953
1174
719
831 736 1235 1345
1556 1235
911 1704
1704 1374
736 1235
1235 1925
1936 1127
1137 1532 1875
1730 1217
745 881 1030
881 1030 1843
1030 1843
746
1708
1475
751
752 795 860 1610
795 860 1319 1610
860 1020 1610
1610 1020 1775
1271
1574
1977
1364
759
1127 1850
1571
1036
1565
870 966
1294
1473
790
1089
826 1248
794 1017
1017
1319 1005
797 1074 1618
1074 977 1921
1618
1661
1005 868
1338 1345
1345
1059 1799
1257
929
856 851
1969 1921
1875 1532
1360
1388 1095
882
1373
1974
1248
1862
1182
1142 1913
1947
1624 1775
844 1702
1702
1202
1428
851
1020 1337
864 1723
1723
868
966
1095
1635
1442
1799 1854
1377 1722
1843 1072 1374
883 1135
1135 1250
1276
885 1154
1154
1028
1255
1529
1375 1286 1742
1750
977
1825
900 1069 1580 1865
1069 1580
1580 1241
1865 1747
1454 1349
1922
1649
917
1764 1177
1206 1549
937
1637
952
1217
958
1494 1747
1820
1762
1826
1081
979
990
1834
1000
1159
1014
1337
1021 1921 1932
1921 1932
1932
1040
1850
1410
1250
1072
1854
1396
1981 1374
1085 1874
1874
1532
1244
1211
1697
1913
1286
1148
1805
1167
1177
1190 1278
1278 1658
1549
1525
1925
1241
1800
1264
1742
1658
1606 1650
1349
1806
1374
1722
1551
1392
1398
1770
1944
1759
1603
1747
1508
1596
1650
1775
1683
