0 484 513 654 668 1335 1399 1428 1746 1859 1865 1954
484 182 430 461 546 1206 1271 1399 1553 1677
513 311 654 705 761 1206 1399 1428
654 455 547 652 705 969 973 1150 1219 1527 1671
668 182 693 1399 1677 1954
1335 235 267 546 1399 1553 1767
1399 182 192 929 1150 1562 1677 1680 1954
1428 23 178 547 705 737 955 1708 1787
1746 461 1150 1186 1553 1767 1954
1859 178 180 235 546 973 1219 1553
1865 220 634 718 761 1257 1516 1562 1729 1954
1954 23 121 220 1172
1 216 271 487 813 898 1034 1288 1490 1563
216 631 666 728 867 898 1182 1445 1529 1563 1653 1688 1853
271 345 474 867 935 1193 1633
487 195 609 682 1231 1337 1446 1596
813 349 505 512 597 603 771 819 898 1288 1749 1918 1995
898 32 47 231 394 442 512 666 1026 1094 1302 1445
1034 394 512 597 950 1918 1952
1288 32 238 306 512 597 819 1094 1302 1392 1886 1892 1952
1490 273 345 471 632 666 1001 1193 1243 1376 1952
1563 47 268 463 867 869 1182 1688
2 152 236 775 814 1240 1674
152 292 351 754 768 1674
236 25 71 161 300 671 775 952 1183 1211 1367 1441 1536 1884
775 25 431 1211 1240 1374 1809
814 292 527 972 1240 1720 1724 1928
1240 58 265 292 626 633 671 709 900 1043 1158 1374 1386 1724
1674 338 437 900 1173 1211 1468 1760 1821
3 134 166 245 318 497 1190 1319 1393 1757 1790 1831
134 19 318 623 1022 1190 1319 1791
166 19 390 559 561 606 748 762 884 1313 1718
245 746 966 1325 1513 1566 1699
318 107 396 707 777 873 939 1153 1405 1472
497 885 1108 1791 1900
1190 561 762 873 1319 1393 1791 1910
1319 1393 1900
1393 1153 1405 1757
1757 396 723 1831
1790 19 179 749 1982
1831 396 1299 1709
4 404 485 582 857 977 1509 1730
404 304 382 1197 1875
485 62 133 333 362 954 1379 1466 1486 1714 1824 1914
582 451 890 974 1000 1148 1574 1713
857 333 488 593 619 712 772 1180 1429 1486 1824 1914
977 188 283 526 1124 1207 1301
1509 244 382 433 521 528 562 619 792 1124 1197 1259 1314 1360 1541 1676
1730 35 244 593 619 792 1235 1263 1301 1429 1577
5 331 467 517 963 1291 1417 1675 1764 1807
331 274 469 812 827 917 1242 1551 1681 1734 1744
467 99 212 901 1092 1125 1499 1583 1807 1908
517 21 319 580 1703
963 176 580 739 1347 1703 1986
1291 317 398 421 978 1489 1802 1908 1930
1417 176 1778
1675 22 1092 1165 1194 1387 1903 1975
1764 386 440 716 901 1683 1801 1930
1807 274 594 871 1194 1703
6 137 232 356 681 685 721 773 1634
137 356 374 681 1668 1882 1941
232 199 300 502 647 1173 1272 1328
356 77 82 92 721
681 77 82 86 399 566 721 1343 1422 1455 1941
685 671 741 1230 1272 1601 1613 1957
721 1343 1545 1941
773 43 82 92 194 288 507 644 688 1397 1552 1560 1668
1634 130 672 810 889 1342 1350 1850 1955
7 160 305 605 781 838 876 1225 1662 1976
160 68 341 448 514 601 610 620 758 948 1273 1281 1989
305 638 807 1379 1454 1640 1759
605 150 687 781 796 1225 1307 1314 1454 1470 1544 1660
781 687 838 1021 1225 1314 1470 1575 1662
838 169 758 794 796 1086 1225 1329 1379 1606 1640 1662 1666 1759
876 163 366 599 696 851 1157 1202 1420 1655 1755 1929
1225 261 607 780 1086 1304 1314 1575 1620 1640 1732 1759
1662 62 68 276 601 625 687 1021 1069 1307 1314 1365 1420 1454
1976 326 601 620 641 948 1293 1547 1768 1989
8 826 827 1551 1582 1712 1753 1778
826 90 211 378 849 877 1584
827 21 319 548 871 1047 1341 1425
1551 90 211 453 849 863 1011 1582 1584 1691 1744 1795
1582 89 211 319 704 1691 1744 1751
1712 739 849 967 1436 1795
1753 453 736 739 742 1209 1401 1696
1778 275 739 871 1177 1436 1696
9 115 506 679 1072 1515 1602 1610 1835
115 223 470 506 553 576 650 679 896 991 1179 1364 1565 1610
506 74 223 650 679 744 1364 1595 1939 1940
679 199 564 650 1284 1364
1072 199 233 397 470 583 647 650
1515 856 1261 1419 1430 1451 1602
1602 75 156 234 958 1079 1874 1909
1610 28 131 698 991 1565 1752 1947
1835 470 613 765
10 551 877 1174 1816
551 253 378 405 523 714 1130
877 90 211 266 327 453 1122 1198 1425 1751 1795
1174 523 1049 1269 1880 1967
1816 378 449 1130 1590
11 525 542 696 823 852 860 897 1655 1690 1743 1854
525 33 248 360 542 694 745 1039 1121 1157 1290 1579 1667 1690
542 478 521 1025 1068 1121 1241 1408 1507 1655
696 18 360 424 854 905 993 1009 1157 1798 1890
823 33 510 539 586 801 1420
852 60 272 339 999 1162 1478 1776 1898 1917 1925
860 119 219 529 1384 1410 1716 1953 1956
897 24 694 1162 1202 1277 1290 1420 1589 1655 1690 1755
1655 163 694 787 1277 1420 1589 1684 1798
1690 510 1008 1039 1157 1743 1755 1890 1956
1743 163 369 657 993 1162 1233 1241 1365 1388 1667 1854 1890 1917
1854 18 248 426 478 639 895 1008 1039 1121 1658
12 168 215 496 1082 1236
168 379 496 649 658 786 908 935 1170 1189 1191 1511 1626 1701 1999
215 20 45 120 228 325 511 556 661 839 1087
496 20 106 159 200 316 511 651 661 839 1082 1087 1185 1323 1366 1999
1082 401 573 1185 1503
1236 293 482 572 1318 1503
13 79 446 1213 1361 1641 1825 1843 1847
79 67 544 587 711 795 1073 1075 1175 1237 1326 1485 1493 1825
446 614 636 729 805 928 1406
1213 14 203 928
1361 170 252 611 616 805 1073 1256 1294 1843
1641 40 475 530 595 598 1070 1100 1294 1358 1421 1434 1522 1858
1825 911 1102 1128 1175 1256 1592 1950
1843 170 569 711 729 1256 1326 1950
1847 303 549 611 1073
14 170 203 729 1725
170 53 175 359 465 648 1406
203 441 729 961 1131 1421 1725 1834
729 359 587 1051 1456
1725 465 1102 1128 1741
15 494 499 557 643 783 1057 1088 1147 1234 1512 1518 1593 1614 1979
494 393 457 1090
499 165 206 365 429 560 726 1119 1234 1274 1340 1448 1477 1518 1580 1593 1682
557 60 173 299 315 833 1119 1309 1492 1500 1588 1785
643 147 190 384 457 747 750 998 1147
783 143 272 697 1120 1162 1172 1557 1614 1625 1849 1917
1057 147 157 365 454 726 1088 1512 1593 1979
1088 190 400 456 833 875 998 1147 1151 1593
1147 321 750 1234 1512 1580 1779 1979
1234 299 522 1144 1492 1614
1512 173 280 393 998 1580 1723 1779 1979
1518 302 456 1354 1448 1500
1593 642 1010 1779
1614 162 165 456 504 875 1012 1151
1979 173 280 302 1010 1448 1500
16 40 530 598 648 1136 1294 1530 1571 1834 1858
40 38 52 359 530 1013 1051 1136 1268 1294 1834 1896
530 52 72 648 1168 1896
598 44 648 1168 1268 1294 1530 1571 1604 1834 1896
648 1051 1268 1421 1474 1530 1834 1896
1136 38 44 63 104 347 359 1081 1168 1504 1571
1294 44 72 301 475 1268 1571 1694 1858 1896
1530 44 52 104 359 441 1051 1168 1268 1421 1834 1896
1571 44 347 352 415 614 675 1100 1632 1694 1736
1834 38 52 352 1168 1632 1858
1858 63 475 1081 1100 1168 1268 1506 1736
17 389 461 574 693 715 1004 1267 1543 1783 1911 1946
389 88 272 693 697 802 824 1012 1120 1625 1664 1717 1849 1946
461 121 125 180 220 277 1004
574 125 321 432 949 1280 1543 1750 1783 1849
693 125 143 380 1226 1357 1534 1664
715 34 48 180 380 747 881 949 1164 1573 1650
1004 121 143 697 1012 1226 1645 1917
1267 60 125 747 916 1588
1543 88 125 143 833 955 1144 1645 1717 1946
1783 761 833 955 1003 1120 1408 1516 1625 1684
1911 143 272 277 697 1003 1012 1120 1625 1645 1664 1876
1946 88 802 1534 1849
18 725 731 734 1008 1039 1478 1923 1929
725 33 731 895 1009 1731
731 424 677 727 1579 1686 1747 1956
734 136 377 424 426 539 895 1157 1411 1579 1686 1798 1876 1923
1008 426 516 539 629 1039 1247 1667 1684 1956
1039 360 424 426 510 539 894 895 905 1210 1923
1478 248 272 657 999 1012 1120 1664 1789
1923 360 426 510 639 1035 1068 1121 1157 1961
1929 163 1068 1259 1516 1684 1708
19 371 390 559 791 1377 1806
371 235 423 606 673 723 884 939 1299 1553 1806
390 762 791 873 884 1377 1685
559 723 748 762 884 1718
791 762 1709
1377 179 723 884 1591 1910
1806 762 1793
20 45 106 581 1394 1475 1788
45 482 1087 1318 1511 1788
106 200 401 1223 1293 1503 1902 1931
581 120 332 573 822 908 1212 1223 1281 1322 1817
1394 81 105 120 159 417 482 511 1028 1281 1293 1323 1788
1475 293 325 434 660 682 844 1296 1446 1523 1629 1788
1788 332 401 448 482 839 1093 1212 1318 1523 1626 1629
21 274 317 863 1113 1249 1425 1734
274 408 449 849 871 1047 1165 1201 1744
317 89 580 1092 1703 1903
863 408 449 704 1011 1229 1269 1439 1691 1696 1744
1113 308 319 555 917
1249 308 410 589 812 1165 1167
1425 871 946 1473
1734 275 449 469 1457 1584 1681 1944
22 94 122 201 841 978 1583 1647 1683 1813 1921 1992
94 78 1066 1479 1647
122 440 717 1066 1473 1647 1786 1903 1930
201 964 1019 1062 1479 1801 1851 1855
841 391 407 464 621 991 1015 1099 1826 1836 1921 1966 1977 1992
978 440 444 1499 1855 1903 1908 1930 1975 1985 1992
1583 89 812 975 1165 1194 1473 1489
1647 28 386 1062 1066 1479 1703 1913
1683 421 440 1015 1473 1801 1930
1813 901 975 1769 1802 1840 1930
1921 751 1133 1327 1801 1826 1855 1966 1992
1992 391 624 1133 1303 1316 1801 1826 1977
23 182 634 955 1140 1280 1540 1546 1562 1787
182 277 368 455 1206 1214 1540 1546 1677 1680
634 761 953 969 1188 1408 1645
955 143 339 999 1012 1516 1898
1140 423 436 455 1053 1214 1407 1435 1671 1687 1803 1837
1280 125 143 432 833 1052 1068 1120 1717 1785 1898
1540 220 339 1357 1680
1546 121 802 1003
1562 1172 1219 1645
1787 368 547 929 1206 1796
24 39 343 450 776 847 905 1021 1095 1470 1507 1544 1953 1960
39 62 343 639 1117 1514 1567 1814 1960
343 164 209 450 452 629 931 1077 1204 1304 1330 1589 1814 1912
450 339 687 847 905 1095 1204 1277 1384 1507 1732 1755
776 261 341 366 1117 1290 1293 1507 1567 1814
847 905 1037 1095 1277 1292 1304
905 426 516 851 927 1037 1330 1605
1021 62 209 261 276 1470 1544 1567 1589 1732
1095 164 694 1277 1732 1960
1470 62 276 625 629 694 999 1055 1544 1575 1942
1507 164 411 1055 1292 1814 1960
1544 244 433 521 787 1055 1360 1454 1755
1953 204 585 615 730 894 1018 1069 1187 1293 1410 1452 1899 1987 1997
1960 150 639 787 809 1116 1304 1314 1567 1660 1814
25 1097 1155 1367 1829
1097 132 637 926 1253 1382 1526 1624
1155 36 508 744 1180 1375 1419 1968
1367 952 1211 1483 1637 1720
1829 71 563 785 1211 1253 1711
26 622
622 193 202 466 1255 1608
27 185 293 387 434 572 573 1006 1031 1117 1438 1497 1523 1868
185 968 1016 1222 1438 1458 1517 1932
293 172 364 388 412 482 682 1311 1438 1458 1501 1523 1629
387 51 172
434 172 207 316 325 381 388 572 682 1629
572 51 401 682 1006 1093 1193 1517 1629 1654 1886
573 401 682 1087 1093 1318 1446
1006 51 340 1311 1804
1031 66 552 641 758 1322 1768 1931
1117 150 341 411 832 1894
1438 129 764 842 1334 1501 1654
1497 37 189 195 273 482 1063 1311
1523 207 316 839 968 1353 1446
1868 568 660 683 764 1353 1371 1561 1969
28 78 621 1115 1836 1963 1974 1977
78 337 720 836 1245 1316 1661 1855 1938 1963
621 698 951 994 1015 1019 1432
1115 42 91 95 128 554 589 968 1469 1792 1851 1983 1984
1836 324 624 1015 1245 1327 1672 1855 1977 1978
1963 42 95 112 205 337 554 842 964 1316 1561 1587 1607 1616
1974 128 716 751 812 964 1480 1855 1872 1938
1977 128 367 391 1017 1432 1966
29 537 549 1027 1181 1649
537 66 110 439 1187 1366
549 41 154 200 363 409 491 756 1134 1138 1866
1027 109 864 1069 1116 1366 1452 1885 1935
1181 226 282 445 861 1029 1054 1218 1663 1701 1766
1649 41 98 117 516 579 769 1075 1089 1511 1626 1866
30 386 474 835 842 1016 1137 1208 1238 1804 1897
386 416 812 1092 1341 1431 1479 1801
474 55 662 880 1016 1060 1318 1334 1596 1897 1990
835 268 902 1137 1519 1654 1932
842 37 129 172 568 902 1060 1458 1501 1519 1770
1016 340 880 1020 1123 1596 1654 1932 1990
1137 225 268 1208 1231 1519 1521 1749 1805 1904
1208 37 268 855 880 1519 1596 1897
1238 112 205 555 589 1060 1312 1371 1661 1770 1983
1804 195 273 1932 1990
1897 1020 1521 1642 1749 1770 1932
31 144 162 365 372 400 429 596 1052 1309 1411 1664 1849
144 102 114 147 372 1012 1588 1625 1658 1682 1849
162 114 116 400 429 538 726
365 114 116 280 384 678 793 1119 1151 1274 1673
372 147 429 824 833 942 1010 1705
400 206 280 454 457 1697
429 538 596 927 960 1309 1849
596 102 272 1309 1849 1876 1890
1052 519 590 942 960 989 1411 1695 1747
1309 960 1143
1411 102 942
1664 315 642 657 802 833 1557 1625
1849 102 114 657 993 1697
32 47 238 349 597 656 692 819 1029 1054 1182 1663 1701 1891
47 1243 1376 1853
238 505 879 1738 1892 1995
349 345 597 603 819 1892 1995
597 505 771 819 879 1599
656 171 226 512 940 950 1054 1218 1995
692 226 445 861 1054
819 306 1302 1445 1892 1995
1029 171 861 940 950 1599
1054 379 861 1701
1182 632 666 867 1041 1653
1663 171
1701 80 379 684 1505 1891
1891 649 658 786 940 1237
33 801 1686 1747
801 183 366 539 629 1686
1686 539 1199 1961
1747 424 854 960 1035 1603 1667 1961 1972
34 748 966 1462 1774
748 561 606 673 887 1299 1313 1718 1793
966 396 498 750 755 932 1164 1325 1362 1462 1774
1462 297 738 755 1472
1774 93 396 746 1014 1566 1719 1784
35 333 792 1368 1375 1391 1819 1970
333 403 593 780 846 1426 1486 1555 1726 1824
792 133 244 362 619 627 670 1124 1368 1391 1824
1368 153 488 619 670 1426 1466 1556 1574
1375 46 403 495 566 640 958 1101 1315 1419 1909 1968
1391 509 1207 1395 1555
1819 732 983 1297 1389 1915
1970 468 488 495 508 915 954 1771
36 640 1074 1079 1101 1260 1556 1968
640 46 355 744 1079 1142 1180 1260 1385 1419 1556 1824 1968
1074 155 536 670 956 1059 1180 1556
1079 355 495 536 821 1419
1101 46 915 1315 1419
1260 74 234 362 650 664 1385 1429 1556 1797
1556 536 956 1429 1466 1541
1968 75 536 650 1385
37 129 340 388 1060 1458 1501 1932 1984
129 388 1060 1458 1888 1969
340 968 1060 1193 1654 1661 1738 1990
388 771 855 902 1458
1060 609 844 1519
1458 902 1749
1501 1654
1932 273 589 880 1320 1334 1510 1519 1990
1984 568 589 683 751 1149 1371 1383 1561 1770 1792
38 675 805
675 52 882 1051
805 544 611 830 1073 1237 1406 1481 1493 1592 1950
62 625 687 779 1055 1086 1420 1755
639 66 209 586 1037 1290 1304 1605 1611 1814 1920 1956
1514 109 186 332 448 818 822 980 1146 1899
1567 164 341 694 948 1322
1814 164 894 1277 1292 1307
52 63 1268
359 1051 1073 1168 1736
1013 1075 1406 1481 1950
1051 44 347 352 358
1268 352 475 490 584 614 1823
1896 44 475 866 1081 1168 1421
41 154 230 409 491 908 1192 1370 1945 1950
154 59 363 774 1134 1170 1192 1262 1866 1945 1951
230 200 409 811 928 1138 1189 1370 1866
409 363 774 1134 1189 1191
491 312 636 658 986 1028 1075 1134 1192 1485 1820 1902 1951
908 174 651 811 957 1189 1511 1999
1192 117 200 774 811 986 1134 1138 1262 1370 1902
1370 141 334 957 1089 1138 1763 1863 1951
1945 200 545 636 928 1999
1950 711 1493 1504 1592 1820 1863
42 91 96 337 554 568 1480 1607 1661 1842 1861
91 95 337 381 427 492 554 589 751 825 1480 1587 1607 1616 1733 1861 1913
96 836 1250 1826 1913 1938 1988
337 205 683 825 938 1316 1383 1469 1480 1607 1616 1733 1762
554 205 427 653 660 683 713 758 844 848 855 968 1278 1733 1842 1888 1969
568 855 1383 1661 1792
1480 618 836 938 1587 1913
1607 618 757 825 1383 1616 1842 1855 1861
1661 492 848 1629 1654 1805 1983
1842 205 492 638 653 706 1383 1484 1616
1861 205 492 713 764 836 1762
43 77 92 194 288 644 874 922 1332 1350 1397 1402 1617
77 82 583 644 1166 1295 1539 1617 1941
92 374 804
194 438 996 1275 1332 1528 1560
288 113 507 688 1560 1636
644 86 113 1166
874 1342 1397 1560 1882 1941
922 199 397 414 507 1169 1350 1455 1794 1877
1332 438 896 1560 1617
1350 113 397 507 1295 1881
1397 82 113 438 804 896
1402 58 672 1173 1328 1957
1617 86 113 399 507 688 1560 1636 1706
44 303 543 1504
303 98 1100 1168
543 347 531 1048 1159 1336 1415 1506 1693 1740 1924
1504 104 123 347 531 760 1081 1604 1632 1694
482 207 325 412 682 1212
1087 316 379 1123 1222 1318 1392
1318 511 676 1817
1511 87 676 822 1185 1222
46 495 1878
495 468 563 930 1059 1105 1315 1692 1771
1878 153 468 971 1597
1243 632 1302 1376 1503 1653 1853 1870
1376 631 919 1302
1853 306 1252 1302
48 97 264 755 1164 1362
97 107 642 707 932 1228 1685 1772
264 107 932
755 254 309 738 746 1046 1588
1164 108 180 393 567 623 1228 1362 1424
1362 287 321 498 750 1186
49 125 255 339 1271 1357 1838
125 833 1144 1717
255 433 761 779 1271 1776 1815
339 999 1271 1357 1408 1516 1684 1917
1271 851 1516 1898
1357 143 802 1645 1898
1838 163 478 599 1259 1776 1956
50 778 831 1145 1298 1615 1700
778 263 289 290 419 691 910 1145 1200 1857
831 127 571 630 910 1298 1700 1761
1145 263 289 290 462 1689
1298 419
1615 419 462 926 1689 1907
1700 868 1949
51 273 1311
273 195 935 1870 1886 1937 1990
1311 935 1063 1886 1937
63 104 251 352 531 759 961 990 1100 1632 1693
53 490 608 702 797 830 870 1823 1893
490 702
608 441 541 584 702 797 829 961 1548
702 578 584 797 870 990 1406 1456 1715
797 870 1024 1118
830 175 578 1098 1715 1741 1893
870 795 1044 1102 1175 1893
1823 237 759 1549
1893 328 541 1024 1098 1118
54 879 1467 1652 1727 1766
879 70 221 226 323 1023 1270 1766
1467 1126 1665 1766
1652 224 252 323 392 923 1237 1572
1727 323 445 756 861 1126 1502 1594
1766 861 1594 1665
55 229 344 548 1033 1096 1196 1521 1596
229 268 344 408 880 1196 1320 1416 1749
344 342 666 912 1252 1521
548 327 330 408 449 469 704 1049 1084 1457
1033 90 327 728 865 906 1085 1252 1433 1751
1096 342 663 844 1020 1320 1416 1476 1519 1521
1196 231 327 342 1252 1476 1707 1751 1967
1521 225 327 342 880 1063 1122 1252 1707 1904
1596 880 1396 1904
56 735 962 1040 1254 1453 1833 1922
735 69 118 198 1558 1631 1895
962 988 1308 1444 1630 1737 1922 1926
1040 198 1161 1254 1265 1537 1833 1915
1254 198 1631
1453 69 296 909 1265
1833 872 1308 1403 1533 1860
1922 198 1030 1459 1980
57 310 375 423 436 458 540 837 988 1803 1971
310 375 436 1352 1407 1630 1803 1837 1980
375 724 890 1520 1630
423 235 262 606 1313 1709 1718
436 64 540 606 888 1214 1407 1837
458 888 1032 1239 1980
540 652 1403 1803
837 64 142 737 997 1437 1444 1533 1926
988 118 515 534 737 982 1251 1403 1630 1737
1803 142 1352 1980
1971 322 515 1216 1310 1403 1407 1630
58 292 431 709 789 808 1043 1158 1183 1374 1760
292 289 338 645 1374 1639 1760 1777 1948 1949 1965
431 754 785 789 878 900 1158 1374 1441 1745
709 193 300 633 1043 1386 1720 1724 1760
789 527 754 803 816 1183 1386 1536 1724 1818 1832
808 227 265 690 806 816 972 1488 1538 1657 1949
1043 633 1173 1374 1608 1702 1720 1760
1158 338 785 1374 1536 1724 1777 1818
1183 71 265 691 910 1200 1809
1374 265 626 633
1760 633 1338 1639 1777 1832
59 98 117 200 579 636 1089 1134 1264 1863
98 769 986 1089 1763 1820 1951
117 87 312 928 1064 1485 1863
200 87 587 774 925 1064 1134 1264 1763 1866 1902
579 439 651 957 1358 1782
636 334 611 811 1542 1820 1863
1089 822 1358 1820 1951
1134 141 774 786 1902 1999
1264 141 439 925 1270 1481
1863 811 928 1885
60 299 321 454 498 949 1378 1424 1492 1500 1573
299 321 1151 1340 1779
321 393 750 949 1144 1492 1500 1573 1723 1785 1996
454 88 116 147 165 206 272 456 590 833 1010 1274
498 406 522 642 750 1228 1424
949 406 504 567 747 1450 1779
1378 1005 1046 1996
1424 346 932
1492 88 406 522 1447 1534 1785 1996
1500 114 147 750 833 1144 1151 1573
1573 456 522 642 1144 1450 1785
61 943 1083 1576 1765
943 444 717 975 991 996 1083 1765 1939 1985
1083 414 416 464 1380 1576 1769
1576 460 646 975 1670 1769 1840
1765 391 407 479 1414 1559 1808 1846 1864
625 687 1086 1277 1454
687 261 276 521 1055 1314 1454
779 1259 1277 1429 1454 1464 1575 1920
1055 276 521 719 1202 1379 1454 1660
1086 261 667 1329 1660 1726 1759
1420 66 694 1365 1589 1839
1755 521 1025 1388 1942
104 1474 1531 1604 1736
251 352 531 614 866 959 1007 1644 1693 1694
352 614 866 1070 1100 1434 1549 1632 1644
531 72 1048 1070 1415 1693 1924
759 435 1071 1178 1205 1434
961 139 541 1168
990 139 578 1065 1163 1522
1100 347 493 882 959 1159 1176 1632 1694
1632 347 475 760 866 1549
1693 72 126 1081 1159 1434 1549
64 588 680 737 909 918 1104 1248 1289 1390 1729
588 84 124 279 311 322 604 680 1248 1721 1728 1998
680 737 953 982 984 997 1289 1621 1721
737 322 918 1251 1444 1737 1926 1934
909 534 872 945 1111 1112 1266 1533 1713 1860 1915
918 279 890 984 1078 1248 1251 1533 1737
1104 724 953 1998
1248 279 322 575 982 984 997 1390 1708 1901 1998
1289 84 724 1078 1390
1390 279 322 336 652 892 1078 1148 1837
1729 84 311 604 892 1078 1677 1687
65 618 653 706 1129 1333 1666 1805 1991
618 217 427 683 1484 1587 1991
653 427 526 589 695 706 938 1244 1329 1587 1927 1991
706 101 528 1244 1381 1991
1129 169 1244 1333 1346 1381 1484 1606 1988 1991
1333 1244 1346 1381 1484
1666 68 135 620 1278 1329 1894
1805 535 902 1359 1638 1642
1991 1484 1587 1595 1606 1988
66 186 1204 1277 1384 1605 1611
186 164 291 452 894 1077 1204 1307 1366 1611 1912
1204 291 452 651 727 1077 1116 1121 1278 1293 1867
1277 163 276 366 629 787 1202
1384 516 539 931 1069 1210 1247 1491 1912
1605 209 242 510 539 1491 1612 1716 1899
1611 818 822 1058 1187 1330 1564 1735
67 224 392 569 711 911 1246 1465
224 328 911 1739 1879
392 80 85 1505 1554 1665 1741
569 711 756 1175 1256 1465
711 1256 1741
911 795 1102 1128 1256 1456 1496 1739
1246 222 616 1317 1496 1906
1465 616 858 1128 1256 1741
68 601 638 968 1278 1869 1927
601 448 832 891 948 1330
638 135 341 891 968 1640 1894 1927
968 364 855
1278 135 169 610 620 1106
1869 325 364 514 552 757 764 1103 1629 1768
1927 101 313 610 641
69 296
296 198 1161 1412
70 684 1218 1505 1554 1594 1820
684 221 445 1270 1594 1665
1218 80 171 1918
1505 323 1023 1554
1554 252 1126 1237 1270 1592
1594 314
1820 544 925 1404 1542 1592 1763
71 1526 1907
1526 351 376 437 637 1624 1711 1761
1907 926 1215 1283 1382 1619
72 665 1048 1070 1081 1159 1531 1736
665 435 602 1070 1203 1434 1627 1924
1048 766 1080 1415 1506 1644
1070 591 1007 1159
1081 475 882 1604 1740
1159 1007 1531 1644 1773
1531 578 1604
1736 149 475 493 760 866 1080 1644
73 391 477 565 624 886 1133
391 713 994 1099 1133 1786 1978
477 131 565 613 624 765 1221 1316 1482 1672 1840
565 213 1826 1966
624 151 324 479 577 1221 1287 1672 1978
886 131 744 991 1179 1881 1947
1133 128 1015 1099 1287 1327 1786 1938 1978
74 217 247 695 1038
217 486 807 1595 1988
247 526 695 1038 1595 1874 1881 1914 1947
695 1038 1595
1038 807 1142 1595
75 196 361 397 700 1261 1482 1780 1852 1957
196 233 397 480 507 566 1585 1780 1830
361 374 741 1169 1324 1455 1585 1706 1794 1884
397 199 414 570 583 700 1455 1706 1752 1862 1877
700 156 181 821 845 1451 1545 1794 1852 1862
1261 741 958 1152 1169 1324 1419 1754
1482 570 703 804 1545 1780 1794 1852 1877 1887
1780 414 564 1706 1752 1830 1877
1852 799 947 958 1651 1862 1887
1957 100 470 947 1169 1230 1324 1451 1455 1578
76 413 926 1857
413 127 285 376 691 926 1161 1398
926 127 740 1215 1398 1468 1619 1781
1857 256 376 1105 1112 1331 1389 1711 1781
82 113 374 688 1002 1414 1560
583 86 199 570 1295 1451 1455 1524 1535 1706 1794
1166 804 1422 1560
1295 1668 1752 1794
1539 111 145 810 1272 1328 1422 1706 1844 1928
1941 145 399 566 1343 1678 1955
720 128 751 938 1245 1938
836 1762 1855 1913
1245 964 1099 1872
1316 95 1015 1250 1469 1913 1938 1947
1855 95 716 751 1019 1242 1371 1469 1851 1938
1938 128 205 964 1099 1287 1469 1851
544 334 611 928
587 1175 1262 1326 1481 1485
795 1075 1102 1175 1256 1456
1073 334 1406 1481
1075 334 1168 1175 1481 1485
1175 756 1237 1256 1404 1485 1502
1237 138 252 756 1572 1592
1326 1189 1406
1485 611 1406 1493
1493 282 465 611 1406 1481
80
81 105 120 159 332 669 1187 1366 1564 1997
105 120 332 669 818 1058 1212 1292 1323 1442 1899
120 511 669 822 1058 1116 1212 1223 1322 1323 1564 1626 1782
159 379 1223 1626 1999
332 822 970 1116 1212 1564 1867
669 326 556 629 641 1058 1281 1322 1817
1187 109 119 291 769 980 1114 1176 1564 1997
1366 138 439 1028 1867 1935
1564 298 818 1116 1293 1323 1912
1997 109 894 1199 1410
113 570 804
374 1328 1342 1422 1545 1745
688 1002 1559 1560
1002 111 1356 1461
1414 269 903 1413 1864 1939
1560 1356 1528
83 241 532 1044 1098 1102 1715
241 328 815 1258 1618
532 655 815 965 1369 1618 1715
1044 829 1232 1369 1496 1550 1715
1098 1024 1232 1258 1799
1102 628 1456 1799
1715 628 829 1232
84 279 335 336 724 888 982 997 1721
279 336 892 953 1520
335 984 1251 1437 1671 1687
336 283 370 969 1348 1355 1708 1721 1728 1860
724 322 515 888 892 1266 1407 1520 1671 1926
888 652 1435
982 124 892 953 1078 1708 1721 1860
997 368 969 984 1708
1721 124 283 892 969 1107 1648 1708 1713 1822
85 222 320 358 616 1061 1502
222 240 358 655 1061 1879
320 240 518 1317 1906
358 420 858 1811
616 240 1741 1811
1061 240 655 1502 1811 1906
1502 465 1741
86 904 1552 1636 1936
904 151 470 883 995
1552 438 804 1356
1636 570 1356 1808
1936 269 270 767 896 995 1056 1356 1461 1559 1864 1994
87 141 363 649 774 786 925 1138 1262 1902
141 774 811 925 1064 1373 1404 1542 1866
363 676 774 1138 1170 1373 1404 1902 1999
649 252 294 986 1222 1659
774 252 658 925 940 957 1170 1185 1542 1782
786 228 314 1191 1373
925 986 1542 1763
1138 986 1189 1782 1902 1935
1262 1270 1572 1659
1902 171 439 661 811 986 1170 1373 1503 1626 1659 1999
88 114 456 824 942 1010 1119 1143 1351 1447
114 147 384 504 875 1010 1035 1151 1705 1750
456 147 384 824 1090 1143 1151 1354 1588
824 1534 1717
942 538 960 989 1010 1344 1695 1779
1010 116 165 384 1695 1697
1119 678 726 1151 1580 1697
1143 136 538 960 989 1035 1233 1345
1351 190 635 941 1532 1682
1447 833 1705
89 266 812 820 946 1681 1703 1943
266 728 849 1049 1130 1198 1691 1751 1967
812 410 871 1669
820 286 410 535 1066 1431 1944
946 286 410 1047 1125 1431 1986
1681 286 1149 1387 1944
1703 580 901 1341 1431 1986
1943 981 1347 1696
90 770 859 1011 1049 1198 1584 1744 1751
770 736 1011 1122 1198 1440 1584 1710 1751 1795
859 728 865 869 919 921 1085 1476 1529 1707
1011 211 449 453 849 967 1047 1431 1691 1744
1049 211 378 865 1269 1433 1439 1440 1457 1795
1198 211 327 704 1209 1269 1751 1795
1584 211 742 849 1269 1433
1744 449 1439
1751 449 704 1590 1646 1795 1967
95 128 492 1229 1561
381 620 660 683 758 1285 1296 1748 1969
427 683 764 844 848 1748 1792 1851
492 205 844 1383 1913
589 1312 1371 1561
751 1851
825 128 367 1762
1587 503 938 1484 1762
1616 128
1733 205 683 855 1983
1913 1312 1484 1762 1966
804 507
93 147 309 1723
147 165 384 726 1151
309 287 504 750 1046 1144
1723 998 1785 1996
1066 1019 1801 1872
1479 212 410 1062 1242
128 286 367 1019 1469
1229 286 535 1160 1642 1749
1561 205 1371
1250 367 1017 1244 1762
1826 883 1966 1978 1981
1988 1595
107 914 1325 1566 1699
642 287 406 881
707 143 254 567 1685
932 1228 1709
1228 180 881 1186 1282 1534
1685 180 260 346 567 914 937 939 973 1299 1650
1772 673 881 1325 1650 1699
769 119 615 933 1622 1704
986 658 661 957
1763
1951 110 928 957 1866
99 398 421 981
398 646
421 840 975 1489 1499 1802
981
100 300 1230 1324 1418 1422 1455 1877
300 502 810 1173 1328 1441 1536 1720 1928 1955
1230 507 741 1585
1324 741 1169 1455 1545 1706
1418 468 768 930 947 958 1419 1535 1578
1422 145 399 672 1132 1272 1328 1545
1455 145 741 1430 1535 1585 1613 1794 1844
1877 570 1752 1830 1881
101 526 719 1135 1346 1379 1454 1640
526 528 1135 1486
719 304 382 1307 1360 1379 1454 1525 1620 1640 1759 1914
1135 772 1620 1660 1714 1759
1346 807
1379 528 712 1660
1454 244 276 304 521 780 1307 1575
1640 486 610 1660
102 272 1233 1625 1750
272 657 1012 1120 1282 1557 1917
1233 478 1121 1645 1684 1798
1625 377 657 1557 1658
1750 833 1588
103 270 414 566 1524 1846
270 416 438 480 995 1461 1672
414 480 767 883
566 199 438 480 845 1524 1794 1862
1524 703 883 1578 1887
1846 324 444 464 992 994 1321 1672 1808
1474 745 985 1065 1300
1604 614 1522 1694 1740
818 417 452 651 822 1116 1323
1058 552 651 1028
1212 109 417 822 839 1273 1323 1626 1735 1973
1292 164 291 1202 1307 1589
1323 298 341 822 1293
1442 298 341 417 822 1116 1281 1547 1742 1856 1973
1899 109 138 183 1704 1885
401 228 314 1063 1093 1123 1185
1223 174 511 661 682 957 1123 1404 1626
1293 341 439 822 1116 1146 1973
1503 294 661 753 1191 1222 1999
1931 325 1103 1463
914 887 1032 1108 1313 1325
1325 315 937 1699
1566 447 746
1699 262 623 887 937 1153 1785
108 208 747 1005
208
747 180 287 380 384 916
1005 1090 1673 1996
109 291 439 585 893 1935
291 183 204 411 931 1210 1885
439 1247 1410 1935
585 183 204 864 894 931 1612
893 209 586 931 1114 1217
1935 110 730 1885
110 1782
1782 957 1028 1185
111 399 473 1173 1200 1272 1449 1601 1613
399 1328
473 265 289 972 1639 1724 1883
1173 181 502 1042 1328
1200 161 290 637 1624 1777
1272 145 1328
1449 145 527 672 1386 1678 1777 1965
1601 671 900 1483 1844
1613 671 1328 1343
112 1167 1359 1638 1851
1167 410 1062 1457 1944
1359 410 1334 1638 1669 1983
1638 660 790 1020 1160
1851 1371 1469
570 199 507 564 1706 1752 1794 1830
384 280 875 1785
504 315 476 697 833 875 1534
875 522 998 1151 1695 1705 1779
1035 377 481 895 1009 1157 1603
1151 432 590
1705 833 1673 1717
223 470 703 744 1284 1364 1570 1722 1887 1947
470 992 1179 1284 1535 1940 1962
553 817
576 650 698 799 958 1881
650 1909 1919
896 1461
991 703
1179 269 613 1947
1364 213 744 1722 1947
1565 131 994 1017 1947
116 425 590 1274 1354 1827
425 459 519 989 1344
590 165 726 1695 1827
1274 206 385 726 763 793 1354 1682
1354 190 206 280 916 998 1580 1697
1827 136 635 793 1340 1460 1972
312 239 545 615 1622
928 957
1064 611
118 1030 1227 1389 1412 1631
1030 604 872 945 1412 1537 1631 1713 1737
1227 472 1331 1483 1692 1761 1771 1828
1389 674 945 1437 1558 1628 1713
1412 489 674 1279 1382 1600
1631 1537
119 138 864 1069 1410 1452
138 183 730 894 980 1612
864 411 615 1018 1065 1199 1217 1410 1612 1704 1956
1069 183 204 219 1018 1114 1363 1491 1716
1410 219 701 894 1018 1579 1987
1452 341 586 615 866 1018 1987
511 839
822 1841
1116 183 452 809 1077
1322 891 1146 1547 1817
1626 676 811 980 1028 1146
121 143 277 1680
143 368 1003 1557 1645
277 380 916 1680 1709 1717
1680 1219
440 646 1769 1786 1802 1903 1930
717 903 1327 1432 1908 1985
1473 871
1786 212 975
1903 212 319 901 1165 1930
1930 212 444 1092 1499 1975
123 184 760 985 1065 1217 1358 1400 1993
184 249 481 985
760 1549 1603 1694
985 545 882 1007 1176 1210 1358 1549
1065 493 934 957
1217 219 426 933 970 1247 1300 1345 1716 1993
1358 866 933 1023 1199 1300
1400 148 243 348 443 481 1080 1127 1184 1349
1993 219 1141 1363
124 311 322 547 953 1621 1708 1860
311 546 575 652 1078 1251 1339 1520
322 890 969 1860 1934
547 220 267 652 705 1219 1553
953 892 974 976 984 1898
1621 974 984 1708 1822 1901
1708 295 370 969 984 1257
1860 283 872 890 1266 1533 1934 1998
833 315 432 697 916 1121 1534
1144 315 393 406 522 881 1996
1717 1557
126 602 1071 1168 1336 1506 1627
602 395 1109 1178 1336 1498 1773 1810
1071 395 592 1205 1224 1434 1498 1758
1168 1421
1336 1627
1506 766 1773
1627 1163 1415 1810
127 256 422 1171 1331 1398 1781
256 1105 1215
422 285 1306
1171 1331 1468
1331 987 1105
1398 1382 1828
1781 329 376 1619
286 917 1870
367 713 938 1017 1327 1484
1019 1062 1242 1872
1469 964 1017 1062 1381 1383
1888 135 712 855 1381 1748
1969 660 1285 1296 1748 1770
130 672 878 1132 1342 1668
672 527 889 1745 1818
878 502 889 1850
1132 527 1635 1668 1882
1342 1050 1745 1882 1965
1668 145 1745 1850 1882
131 713 1947
713 975 1221 1947 1978
1947 213 1017
132 722 971 1586
722 191 788 1111 1586 1692 1848
971 472 509 1111
1586 191 468 915 1692 1761 1771
133 258 593 686 846 1486 1541 1726 1914
258 664 667 956 1429 1486 1541 1714 1919
593 153 607 619 772 1235 1429 1797 1824
686 607 619 846 1429 1541 1962
846 362 488 627 1466 1919
1486 486 607 667 1429 1541 1824
1541 667 712 796 1570 1714 1919 1962
1726 150 261 1235 1570 1676 1797
1914 234 670 772 1466
623 723 873 937 1709
1022 873 1709
1791 777 1472 1873
135 326 448 514 552 620 757 809 1768 1989
326 620 641 757 809 948 1103 1106
448 514 660 948
514 486 552 620 757 758 809 1106 1989
552 325 757 1106 1463
620 610 1381 1894
757 758 1748 1768
809 556 1281 1463 1735 1841 1856 1973
1768 556 610 641 660 948 1285 1463
1989 298 610 641 727 1329 1841
136 242 459 538 854 989 1080
242 538 1080 1184 1345 1961
459 418 481 989 1184 1344 1933
538 443 854 895 960 1603 1933 1961
854 148 443 677 1141 1876 1961
989 148 1080
1080 149 249 301 481 1344
1882 1343 1745 1850
183 894 1009 1077 1114 1202 1867
730 933 970 1018 1885
894 204 586 1867
980 1146
1612 931 1363 1742
139 441
441 595 1224
140 246 1209
246
1209 523 714 736 1401
811 294 1189 1373 1659
1373 676 1170 1659
1404 379 1222
1542
1866 611 756 1270
142 515 1216 1980
515 1444
1216 1308 1310 1403 1520 1926
1980 483 1053 1352 1407 1427 1527
368 1186 1796
1003 999 1012 1172 1917
1557 657 802 881 1534
1645 697 1012 1162
1012 430 697 1226 1789
1588 432 476
1658 927
1682 157 281 353 560 1532
145 1328 1343 1545 1745 1955
1328 507
1343 1585
1545 803 1965
1745 803 889 1678 1955 1965
1955 1678 1965
146 563 799 915 1761 1809
563 153 155 930 1059 1111 1761 1771 1828
799 744 1284 1466 1535 1909 1940
915 741 788 845
1761 155 403 798 821 1111 1698 1828
1809 161 351 524 900 1483 1624
165 1697
726 560 1580
148 418 443 481 708 1345
418 348 677 708 1067 1184 1349 1644 1933 1972
443 301 348 1773 1933
481 1184 1340 1933
708 149 301 766 1203 1340 1349 1933
1345 385 1127 1344 1349
149 677 907 934 1007 1349
677 249 933 1349 1731
907 1139 1598
934 924 1415
1007 219 493 1176 1305 1644
1349 301 348 766 1305
150 1575
1575 787 1259 1314 1365 1732
151 213 480 765 951 994 1672 1994
213 480 613 703 817 992 1830
480 577 951 1275 1432 1985 1994
765 444 698 883 994 1099 1221 1672
951 613 817 994 1287 1380 1872
994 613 698 883 992 1380 1981
1672 577 698 817 1221 1380
1994 407 416 479 1380 1471 1559 1939
351 329 419 437 1105 1382
754 803 900 1536 1678 1720 1724 1844
768 524 671 1483 1754 1794
153 488 670 954 1426 1429 1466 1577 1962
488 667 712
670 218 1577 1958
954 451 1597
1426 780 1263 1577 1676
1429 607 619 772 947 1919
1466 234 1919 1942 1962
1577 619 627 1301 1824
1962 156 355 509 856 1919
1170 294 658 1123 1191 1999
155 930 974 1419 1508 1692 1754 1848
930 856 1059 1111 1508 1771
974 890 1000 1197 1348 1395 1915
1419 958
1508 181 191 468 508 821 1315 1828
1692 451 472 1848
1754 845 947 1042 1152 1430 1451 1637 1657
1848 191 462 1111 1771 1828
156 845 856 1385 1909
845 564 1862
856
1385 536 664 1909
1909 355 536 1916
157 190 206 302 560
190 385 1460 1580
206 1580
302 173 406 1673
560 635 793
158 607 667 712 772 796 1570 1759
607 667 712 772 796
667 528 712 780 1620 1714 1797 1919
712 772 780 1525 1570 1797 1824 1919
772 307 619 780 796 1365 1620 1919
796 780 1360 1525 1714 1824
1570 304 1525 1824
1759 1307 1329
379 174 294 676 753 1189 1222
1999 228 294 1222
341 1077 1281 1330 1742 1748
610 641 948
758 1106
948 298 641 1273 1463
1273 556 1077 1247 1330 1742 1856 1973
1281 661 1547 1817 1856
161 1624
1624 437 910 1711
163 248 521 629 657 1290 1776
248 366 478 710 895 1157 1667
521 1365 1839
629 694 1037 1202 1589 1867
657 678 697 1917 1925
1290 510 694 710 993
1776 1388 1516 1815 1839 1898
164 411 1018 1304
411 832 1894 1973
1018 529 933 1114 1199 1885
1304 699 1912
1697 1477
561 262 887 1108 1214 1313
606 617 1313 1650 1718
762 873
884 1299
1313 262 402 673 887 1186
1718 262 558 673 887 939
167 451 890 1355
451 1574 1934
890 1395 1895 1915
1355 218 283 295 370 659 1279 1395 1648 1728
658 174 294 314 1222
935 345 471 1063 1193 1392 1517 1937 1995
1189 676
1191 174 294
169 486 528 848 1595
486 891 1525
528 562 780 1595 1620 1651
848 1381 1383
1595 1606
175 655
465 1456
1406 611 882 1421
171 445 861 940 1599
445 221 1023
861 282 1126
940 784 1222
1599 950
172 364 1296 1629
364 764 1296 1748
1296 205 660 764 1446 1629
1629 1353
173 457 750 998 1090 1580
457 280 385 393 998 1580
750 287
998 1673 1785 1996
1090 1673
1580 1448 1972
174 294 651 1185
294 676 753
651 1028
1185 228 661 676 753 1817
655 214 240 858 1496 1550 1811
176 1177
1177 739 1195 1436
177 740 987 1600
740 329 987 1112 1283 1558 1600 1628
987 329 1558
1600
178 380 546 567 1671
380 673 881 1150 1450
546 567 939 1650 1677 1767
567 1186
1671 705 1214 1219 1427 1435
179 483 749 1527 1910
483 749 1239 1403 1527 1623 1910
749 1032 1910
1527 198 455 1214 1339 1520 1623 1982
1910 402 1032 1214
180 406 476 881 1186 1282 1450
406 1282 1785
476 916 1534 1785
881 432 929 1172
1186 447 1282
1282 1553 1996
1450
181 958 1169 1430 1706
958 743 947 1180
1169 199 741 1042 1152 1430 1928
1430 647 671 741 1211 1844 1928
1706 647 1862
455 1214 1219 1339 1837
1206 192 220 705 761 1516 1815 1822
1214 220 887 1591
1677 929 1150
1009 895 1114
1077 556 1547 1973
1114 204 539 701 1247 1363
1202 510
1867 452 727 1912
249 1933
1222 189
1517 512 784
452 298 694 1330 1856 1912 1973
1307 276 832 1525 1912
1912 727 1667 1885 1973
187 433 1025 1197
433 599 851 899 1259 1388
1025 710 851 899 1235 1365 1388 1464
1197 619 1124 1207 1263 1314 1597 1942
188 501 1259 1301 1875
501 1000 1301 1408 1775
1259 1464 1920
1301 283 1107 1124 1263 1597 1648
1875 718 1107 1348
189 733 771 784 1123 1918
733 771 1633
771
784 1392 1937
1123 306
1918 306 1392 1892
385 281 353 782 941 1495 1532
1460 763 924 1203 1800 1972
191 472 798 1771
472 798 1771
798 956
1771 821 1059 1698
192 718 1257 1767
718 761 1068 1188
1257 220 652 761 976 1395
1767 267 939 1650
193 816 834 1338 1372 1948
816 633 834 972 1338 1372 1488 1639 1657 1679
834 257 1338 1488 1657 1948
1338 202 338 1488 1608 1724
1372 633 972 1608
1948 265 633 972
438 995 1356 1461 1528 1808
996 577 767 903 1528 1559 1864
1275 269 407 767 903 1327 1471
1528 479 995
195 609 1063 1886
609 471 663 1510 1654 1886 1937
1063 533 839
1886 632 1026 1193 1633 1654
233 703 1752
507 199
1585 199 647 1887
1830 199 883 992
197 225 869 921 1036 1091 1252 1653 1707
225 268 631 663 1122 1707 1904
869 752 919 1036 1084 1085 1091 1320 1653
921 862 906 919 936 1036 1590 1643 1904
1036 253 533 662 850 919 1084 1252 1396 1529
1091 471 662 728 912 919 944 1231 1320 1529
1252 533 862 1122 1433 1707 1870 1904 1967
1653 442 471 600 666 1302 1445 1688 1937 1995
1707 253 912 944 1904
198 534 945 1308 1533
534 1308
945 575 983 1266 1437
1308 1161 1459
1533 732 1713 1737 1926
199 1752 1794
1752 817
1794 1042 1451 1887
964 716 1242 1371 1872
1062 1387 1975
1801 212 716 901
202 571 806 1608 1657
571 690 785 868 910 1949
806 227 1538 1657
1608 626 1255
1657 626 1443 1756
1131 1258 1812
1421
204 516 727 970 1199 1210 1716
516 377 586 1199 1210 1917
727 694 1956
970 1987
1199 219 933
1210 745 1363 1491
1716 209 931 1300
205 1383 1792
1383 683 855 1353 1792
1792 1371 1983
207 682 839 1446 1735 1817
682 1160 1446
839 1735
1446 316 412 1103 1463 1735
1735 412 1510 1738 1817 1841
1817 325
209 417 780 1037
417 298 1330 1742 1973
780 1124 1360 1797
1037 931 1589
210 689 777 885 1286 1871 1873
689 354 913 1405 1472 1873
777 1286 1472
885 354 853 1513
1286 500 853 1900
1871 1405 1873
1873 354 853
211 330 736 739 1045 1439 1669 1691
330 259 408 449 906 1568 1691 1710 1880 1967
736 714 1195
739 275 1436 1696
1045 728 1691 1795
1439 373 704 1085 1880
1669 259 917 1581
1691 408 453 849 1269
212 308 901 1092 1125 1387
308 449 1092 1194 1387
901 460 1125 1975
1092 1154 1165 1387 1975 1986
1125 594 840 1802
1387 1431
613 698 703 817 992 1221
703 1284
817 698 992 1221
992 698 1303
214 328 518 829 1456 1811
328 628 965 1232 1369 1550 1799
518 1317 1811
829 420 1232 1550
1456 858 1256 1739 1811 1879
1811 240 420 1906
228 676 1093
325
556 891 1547
661 1028
631 533 666 919 1337
666 632 867 1445
728 503 850 1122 1880 1967
867 632 1041 1337 1445 1688
1445 442 471 1001 1084 1302 1688
1529 550 752 850 919
1688
807 1762
218 659 1279 1555
659 283 370 383
1279 370 575 1000 1263 1574 1822
1555 295 1934
219 529 933 1141 1247 1704
529 933
933 377
1141 701 745
1247 586 1363 1491
1704 545 615
220 705 1796 1901
705 267 761 1553 1796
1796 1107 1435
1901 976
221 1126 1592
1126
1592 252 756 800
240 858 1496 1739
1879 756 1423 1739
744 564 1142 1284 1881 1940
1284 1535
1722
1887 1862
1739 858 1741
268 880 912 1020 1193 1334 1416 1654
663 912 1231 1433
1122 327 865 906 1201 1433 1870
1904 790 906 1193 1396
226 512
512 306 463 603 950 1094 1892
227 920 1756
920 1443 1488
1756 868
676 753
1093
408 469 1149 1457 1581 1967
880 259 790 1020 1371 1416 1519 1749
1320 503 535 1581 1654 1749 1870
1416 373 912 1020 1519 1870 1983 1990
1749 535 1020 1160 1334 1581 1590
231 533 1231 1337 1870
533 632 912 1231 1337
1231 632
1337 632
1870 342 1084
502 524 952
647 1042 1152
234 355 362 664 1180 1714 1916
355 536 664 947 1180
362 664 743
664 619 1180 1874 1916
1180
1714 1919
1916 1874
235 262 887
262 673 887 937 973 1650
887 1150 1982
671 952 1042
952 1483 1883
1211 626 900 1483
1441 810 900 972 1536 1850
1536 803
1884 403 1042 1637
237 1110
1110 1224
505 1392 1892 1995
1738
1892 394
1995
239 1622 1987
1622 1491
1987
858 420 1118 1317 1906
1496 314 420 1317
815 1258
1258
1618 965 1812
1184 301 1344 1800
1961 1603
243 519 520 843 1127 1494
519 281 353 1203 1494
520 353 1800 1924
843
1127 782 1905 1924
1494 782 1905 1924
244 383 1124 1235
383 370 892
1124 261 599 619 1226 1676
1235 562 699 1464 1839 1920
746 297 1014 1405 1513 1964
1513 354 738 1472
1874 509 1651
1881 564 1535
366 710 1589 1684
478 261 993 1241 1667 1684
710 1121 1241
895 377 424 1157 1579 1667
1157 360 377 426 1579 1667 1876
1667 377 1121 1579 1876
1933 766 1067 1972
250 1844 1883 1928 1965
1844 810 1042 1637
1883 263 289 290 785 1818
1928 637 900 910
1965 1050
614 347 545 866
866 347 493 1305 1694
959 493 591 615 1176 1305
1644
1694
252 756 1023 1409
756 1481
1023 282
1409 314 923 1270
253 752 850 919 944 1590 1643
752 350 373 850 906 1880
850 1590
919 550 906 944 1084
944 1084
1590 1156 1643 1710
1643 862 936 1084 1845
254 558 723 1153 1299
558 402 1982
723 1153 1709
1153 260 402 447 1709
1299 937 1108 1709
761 1188
1815 999 1408 1898
1105 1215 1656
1215 285 1283
257 1443
1443 265 868 972 1382 1538
956 509
1919 562 1958
259 912
912 535 906 1396
260 873 1709
873
1709
261 382 1314 1525 1660
382 562
1314 304 1329 1525
1525 1660 1676
1660 304
673 402 1427
937 267 939 973 1108 1650
973 939 1339
1650 939 1108
263 290
290 419 1253 1639 1949
265 338 645 1639 1949
338 626 633 645 785 910 972 1777 1818
645 462 691 810 1382 1538
1639 289
1949 289 868
849 453 1269 1880 1967
1130 373 1433 1581
1967 862 1440 1795 1880
267 1219 1553
1219
1553 1150 1172
1020 503 1990
1193 1433 1510
1334 790 1440 1510
1654 1510 1519 1990
269 416 464 577 903 1380 1432 1461 1939
416 444 767 903 1380 1471 1559 1808 1864 1939
464 698 1099 1380 1840
577 444 479 1413 1432 1471
903 407 767
1380 407 1321
1432 407 444 698 1939
1461 479 1808 1864
1939
995 767 1559
345 306 471 1392 1937
1633 306 471 1302
1120 369 1789
1917 697 1162 1732 1789
1937 1510
1990 1519
449 327 453 535 871 1201 1269
871 319 1047 1160 1269
1047 535 1269
1165 580 1194 1341
1201 373 862 1085 1433
275 319 453 967 1436 1696 1889
319 428 967
453
967 1195
1436 428 580
1696 1347 1431
1889 714 742 1195 1401 1646
276
916
278 1388
1388 1068 1684 1775 1839 1920
892 969 984
1520 1251 1687
280 1448
1448 281 635 782 1477
281 635 1477 1532
635 828 1532
1477 353
1532 353 1340
282 1665 1741
1665 1423
1741 628
283 295 1648
295 979 1207
1648 370 1076 1822
284 1178 1609
1178 578 1205 1434 1609 1740
1609 592
285
917 1149 1581 1944
287 522 1964
522
1964
289 462 910 1818
462 419 630 1253 1382 1468 1619
910 437 868
1818
419 376 1468
1253 1382 1711
931 539 586 1363
1885 615
1777 626 972 1050
412 316 660 1103
753
979 370 627 1207 1263 1775
1207 1263 1676 1775
1161
297 1719
1719 1014
298 1856
1856 1742
1340 782 793
1779 1673
810 889 1042
1720 691 900 1538 1724
301 1203
1203 1800
1673
304 794
794 1797 1839 1958
306 1302
1302 442 1001
307
1194
1046
1352
1407 1459 1623 1793
1630 1053 1435 1437 1444
1837 1435 1591
575 1395 1728
652 1078
1078 1687
1251 872 1107 1444 1915
1339
545 615 766
615 1270
313 1244 1606
1244
1606 1381
314
315 1534
1534
316
580
396 447 913 1472
939 1108
1405
1472 1014 1108
428 1195 1646
1317 420 965
1906
393
1785 1996
1996
969 1822
1934 872 1395 1713 1895 1915
323
324 1327 1978
1327 1287 1303 1985
1978 1303 1981
641 764
1103
1106 660
327 865 1440
865 503 906 1085 1476
1440 1795
628 1550
965 1550
1232 1799
1369 1550
1550 1799
1799
329 1283 1306 1698
1283 1112 1619
1306 1558 1628
1698
906 342 1433
1568 378 714
1710 350 378 405
1880
469 410 555 1149 1276 1457 1581
1242 1872
403 508 788 821 1637
1824 619 627 1958
334
984 1395
1437 1265 1459 1737 1895
1687 1427 1435
370 1574
1348 1822
1728 1076
683 855 1353 1983
938
1762 1966
626 633 1468
633
785 972
972 1386
999
1408 1188 1516
1516 1188
1684 1241
1330
1742 1973
1748 1353 1894
342 1085 1476
1085 373 1433 1476 1519
1476 373 1433
1589 699 1241
471
1392 1041 1094
346
347 493
493 701 766 1176 1305
348 1773 1905
1773 1415
1905 1139 1758 1924
603 1094 1952
350 405
405 936
437 630
1382 1821
1434 1205 1740
1549 591 1305
353 782 941
782 763 793 941
941 1495
354 500 913
500
913 447
536 1315
947 743 1578
357 489 732 1828
489 604
732 674 872 1895
1828
420
360 377 993 1363 1579
377 510 539 960 1579 1876
993 539 678 927 1798 1890
1363 430
1579 424 510 701 1798 1890
741
743 1578
764 660 844
678 927 1603
793 1972
1017 1940
1484 1381 1981
369 1068 1121 1162 1798
1068 1789
1121 424 539 1890
1162 430 1890
1798 424 787 1890 1898
1574 1000 1148 1597
373 862 1269 1845
862
1269
1845 662 936
376 691 1689 1821
691 630 1468
1689
1821 630 1468
510 539 1491
539 586 1491
960
1876 430 1890
378 523 742 1569
523 1156 1401 1959
742 1156 1195 1646
1569
1150
660 1285
1285
562 1958
1495 1972
1341
1431
855
902
697 430 802 1925
802 430 1898
1099 698 1015
394 600 1001 1041
600 1001 1041 1952
1001
1041
395
447
1862 1451
646 1670 1840 1908
402 617 1032 1623 1793
617 929 1793
1032 1427 1623
1623 1444
1793 1239 1427
508 468
788 821 1315
821 468 1059
1637 524 1042
936
407 479 767 1056 1413 1864 1985
479 767 1559
767 1356
1056 1864 1985
1413 1670
1864 1559 1802
1985 1221 1321 1559
1149 1276 1581
1457 1581
1581 1160
410 503
503 1396
832
1894
1973 891 1463
883 698 1802
415 475 578 584 1163 1522
475 1522 1740
578 584
584 1118 1548
1163 435 541 1205 1522
1522
444
1471 1559
1559
1808
1067 1344 1758
1972 763 828 1344 1800
1468 1619
840 1489 1499 1908
975 460 1489
1489 1499
1499 460 1802
1802 594 1154 1908
424
1344 1800
426 1491 1956
1491 694
1956
844
1195 714
1646
927
430 1188 1695
1188
1695
900 1679 1724
432
599 851 899
851 899
899 1464 1839
435 1224
1224
630 1711
1356
1769 460 1670 1840
595 541 1024
442 463
463
535
1732 699 1839
694
1239
460 1670
1670 1840 1975
1619
698 1221
1840
466 1724
1724 1386
1908
468 1059
1059 1315
555 1160 1312
1276
1535
1940
662 550
1740 592 1415
1221 1303 1981
1241
1403 1310 1982
891 1463
604 1915
1028 957
701 586 1731
766 591
1176 1305
1305 591
1315
1108
1900
1000 1395 1915
1775 1107 1263
524 637
1396 550 1433
509 1597
1597
950
1094
1444 1310
586
1800 828
1924 1109 1415 1758 1810
1365
1839 699
1156
1401 1347
1959 714
637 1483 1711
745
527 1220
1220 803 1255 1635 1679 1702
1620
1651
1415 591 1810
632
1603 1731 1890
541 1548
1548 1118
611 1572
704 1795
1084
550
714
1463
1160 1642
1312
1547
1982 1053 1435
1958 627 1920
1111
564
1966 1981
1256 1128
690 1538
868
1395 1076
957
1148
1713 983
1451 1483
1118
1481
1998
1371 1770
591
592
619 627 1360 1920
1797 1360
594
1024
1890
1952
1109 924
1498 924
1810 924
1915 1297
1510
1572
612 674 1297
674 983 1537
1297 1076 1265
1270 800
929
627
1360
1920 787
1381
1015 1287 1981
1255
1287 1872
1711
828
1483
1142
1538
1042
1152
1659
1329
1925
1433
889 1386 1679 1850
1427
983
1537 1558
882
1731
1353
1983
1226
699
1795
1386
716
1266 1265
1926
872
1895 1076
1558 1112 1265
1737 1459
738 1014
1014
1112 1628
1628
1578
803
1678
1205
763 1598
1598 924 1139
1464
1172
787
1832 1635 1679
790 1642
1642
800 923
923
1898
1488
1841
1679 1702
1944
1519
1770
853
1850 1050
1435
1026
1975
1139
1128
924
1986
1872
976
1347
1822 1107
1263 1942
1146
1303
1981
1789
1265
1702
1050
1053
1758
1076
1154
1656
1107
1676
1812
1635
1942
1591
1310
1300
1459
1321
1423
1487 1784
1784
