0 49 56 225 385 388 494 803 961 994 1337 1343 1476 1780 1783 1806 1863
49 1123 1528 1915 1935 1983
56 44 208 225 232 333 494 636 828 1337 1442 1860 1863
225 21 247 494 745 1072 1442 1444 1476 1768 1863 1915 1983
385 63 324 567 868 923 951 998 1062 1123 1140 1298 1360 1471 1472 1528 1545 1547 1709 1806 1939 1965 1983
388 264 468 601 803 1312 1337 1444 1523 1915 1935
494 21 42 247 347 363 565 956 1471 1768 1806 1809 1944 1983
803 21 44 553 994 1408 1436 1780 1863
961 42 208 333 363 413 553 741 1275 1283 1476 1725 1819 1833 1918
994 137 333 739 1011 1343 1408 1444 1783 1800 1915
1337 232 552 745 1312 1421 1442 1484 1524 1768 1867 1944
1343 42 44 612 636 1335 1476 1780 1863
1476 208 333 553 565 1039 1335 1421 1524 1691 1741 1800 1863
1780 21 74 436 552 565 578 601 828 1011 1436 1448 1833 1915 1918 1973
1783 317 327 413 468 623 842 874 972 1072 1128 1206 1312 1574 1592 1844 1973
1806 300 333 648 868 923 951 1062 1530 1545 1615 1939
1863 44 208 232 247 553 565 951 1335 1472 1725 1867 1915
1 66 351 574 804 1895 1913 1941
66 233 351 405 542 582 692 804 887 1059 1372 1517 1913
351 175 216 220 542 692 804 1056 1355 1517 1697 1903
574 113 576 692 804 960 973 1613 1711 1812
804 615 1355 1379 1415 1812 1903
1895 220 453 1324 1711 1812
1913 216 685 692 960 1273 1437 1613
1941 582 763 1059
2 96 155 156 274 380 760 902 1080 1203 1305 1369 1470 1560 1890
96 20 286 459 1022 1153 1246 1558 1619 1638 1796 1884 1968
155 198 221 432 503 723 863 902 1068 1203 1213 1218 1288 1301 1356 1598 1714
156 723 953 1022 1029 1203 1305 1388 1626 1884 1986
274 198 277 354 467 499 723 902 1127 1151 1180 1213 1218 1369 1405 1551 1636 1890
380 160 221 227 277 354 702 722 902 1068 1203 1288 1301 1637 1917
760 198 245 277 503 723 751 902 1203 1435 1644 1714 1825 1969
902 160 221 277 354 503 585 702 1022 1068 1156 1203 1288 1305 1391 1470 1637 1714 1787 1882 1914 1932 1972 1976
1080 86 432 499 702 863 1029 1032 1068 1070 1127 1519 1972
1203 15 43 221 354 432 503 723 1213 1288 1474 1560 1650 1914 1917 1972
1305 277 280 991 1022 1369 1470 1560 1598 1853 1890 1914 1953 1986
1369 277 467 499 1001 1151 1218 1470 1644 1670 1882 1890 1922 1953
1470 245 280 286 398 503 637 682 702 1022 1068 1073 1103 1212 1213 1218 1356 1519 1598 1636 1853 1914 1972
1560 406 471 610 646 731 863 1244 1435 1953
1890 86 277 354 536 609 637 770 1213 1391 1405 1551 1598 1626 1636 1914 1922 1986
3 127 483 784 886 984 1004 1065 1204 1230 1367 1546 1680 1703 1847 1901 1950
127 92 283 512 661 675 886 898 1009 1093 1204 1450 1901
483 84 92 283 298 391 647 946 976 1026 1065 1181 1204 1491 1536 1753 1766 1982 1994
784 215 474 624 675 1009 1065 1095 1279 1498 1554 1671 1683 1847
886 92 607 976 1710 1766 1950
984 310 435 466 480 640 669 884 1045 1090 1297 1495 1553
1004 40 100 103 655 843 845 922 929 1256 1572 1581 1583 1950
1065 8 13 84 92 476 512 647 719 876 1401 1546 1753 1766 1823 1847 1861 1950 1987 1994
1204 297 624 630 655 729 744 837 1055 1137 1498 1550 1703 1847
1230 100 391 460 754 918 1296 1513 1573 1680 1746 1828
1367 34 107 283 476 869 1197 1385 1521 1578 1602 1645 1766 1814 1868 1899
1546 92 976 979 1122 1181 1766
1680 33 100 624 873 929 1422 1573 1716 1847 1956
1703 476 675 837 987 1181 1231 1389 1901 1994
1847 8 754 946 976 1122 1137 1181 1716 1766 1950
1901 122 267 391 624 655 1055 1556
1950 92 107 634 655 789 1808
4 16 316 397 424 628 1260 1406 1553 1767 1989
16 28 58 161 596 628 632 877 1260 1486 1840 1864
316 161 189 755 889 1205 1830
397 58 87 596 628 854 1425 1526 1581 1767
424 87 401 596 759 817 827 1057 1205 1260 1425 1458 1553 1767 1840
628 234 482 525 596 688 714 732 755 1205 1260 1381 1553 1767 1864
1260 28 58 401 596 725 732 755 767 854 883 1864 1989
1406 58 87 214 284 505 977 1020 1142 1553 1989
1553 58 161 505 632 685 817 854 981 992 1319 1864 1989
1767 87 161 284 596 755 1043 1319
1989 28 58 161 401 482 712 714 732 755 817 877 1111 1142 1425 1526 1900
5 273 431 514 645 857 867 1193 1434 1441 1468 1535 1549 1646
273 61 337 514 520 656 927 1149 1238 1338 1344 1549 1590 1726 1938 1998
431 501 857 1113 1157 1193 1483
514 101 336 501 645 680 844 1051 1113 1238 1284
645 430 798 1051 1087 1284 1338 1383 1481 1771
857 204 464 502 844 1434 1441 1688 1938
867 450 531 656 742 954 1092 1441 1468 1998
1193 218 507 742 844 1238 1535 1548 1952
1434 680 1113 1958 1998
1441 133 259 336 450 464 1238 1483
1468 158 315 336 337 386 450 611 656 713 844 1087 1092 1292 1518 1938
1535 133 224 1717 1888 1952
1549 70 204 464 680 790 1938 1958
1646 204 464 502 742 1215 1585 1958
6 98 513 518 825 925 1135 1461 1484 1633 1696
98 550 1457 1459 1647 1756
513 105 489 550 802 1457 1461 1609 1756 1803
518 537 925 1234 1366 1587 1629 1678
825 14 50 317 413 605 1357 1484 1528 1597 1875 1962
925 739 1678
1135 50 105 301 314 458 534 605 673 716 848 904 949 1100 1322 1609 1692 1754
1461 550 802 999 1633
1484 50 341 409 521 556 586 842 1352 1493 1622 1792
1633 135 489 534 633 949 1015 1237 1278 1609 1678 1692
1696 193 592 1629 1762 1763 1784
7 296 408 569 891 942 1030 1211 1503 1532 1838 1921
296 30 177 262 282 608 1124 1341 1349 1657 1923
408 30 37 148 177 327 350 569 724 874 934 1214 1311 1341 1382 1532 1625 1910 1957
569 368 415 578 1196 1341 1438 1503 1532
891 376 738 1311 1413 1910 1923
942 30 148 469 663 724 874 1304 1311 1341 1349 1490 1503 1532 1910
1030 82 173 242 247 256 383 738 794 1062 1123 1131 1298 1371 1398 1612 1615 1926 1965
1211 80 350 368 396 916 934 1134 1196 1214 1311 1382 1438 1770 1785 1838 1921
1503 253 369 383 436 681 934 1532 1957
1532 37 82 246 268 934 1018 1129 1382 1657 1926
1838 55 80 383 396 415 567 1075 1173 1196 1221 1298 1770 1923
1921 396 855 1083 1134 1173 1770 1927 1942
8 283 435 512 647 946 1250
283 84 298 476 795 912 918 1181 1342 1666 1753 1994
435 352 474 572 846 946 966 1172 1287 1385 1389 1671
512 624 634 860 929 964 1095 1122 1137 1389 1554 1583 1716 1808 1813
647 92 319 474 607 946 966 1055 1181 1605 1710 1753 1766 1823 1936 1982 1994
946 34 140 171 298 319 675 837 876 1093 1536 1556 1565 1567
1250 92 882 987 1093 1137 1823
9 48 89 130 237 311 360 448 623 1229 1277 1684
48 89 217 777 870 1262 1277 1500 1516 1543 1616 1640 1761
89 130 237 360 1046 1277 1500 1516 1878
130 217 613 971 1229 1426 1500 1543 1589 1596 1640 1962
237 448 1229 1259 1262 1277 1596
311 71 217 613 772 1423 1501 1543 1557 1676 1761 1779 1832
360 1262 1277 1516 1761 1779 1798
448 154 621 772 1077 1104 1259 1277 1570 1660 1779 1832
623 104 148 324 341 413 462 469 586 613 642 1285 1357 1421 1524 1566 1836 1867
1229 14 1262 1500 1589 1660
1277 1660
1684 60 217 521 638 769 777 870 1350 1423 1543 1557 1616 1656
10 79 160 169 183 357 362 371 488 549 573 765 805 970 1082 1309 1402 1428
79 170 191 500 614 650 697 805 809 819 997 1339 1362 1504 1586 1618 1786
160 64 377 765 1082 1141 1145 1156 1315 1953
169 183 328 434 473 500 549 730 807 1082 1648 1694 1775 1776
183 138 186 331 372 443 573 914 1089 1487 1606 1700 1815
357 126 500 573 575 697 698 1216 1327 1699 1776 1849 1883 1889 1984
362 182 418 488 523 568 575 694 697 799 805 930 1308 1342 1402 1606 1699 1889 1931
371 46 123 430 847 958 1109 1149 1380 1606 1620 1776 1801
488 31 573 720 765 1082 1089 1477 1487 1563 1714 1961
549 27 69 157 473 805 1089 1109 1119 1164 1327 1586 1749
573 418 473 710 765 1082 1300 1303 1849 1883
765 31 64 138 720 805 1082 1300 1487 1606 1772 1852 1929 1953
805 46 76 304 364 377 697 751 953 1089 1300 1303 1380
970 11 146 377 434 575 694 751 753 809 997 1002 1168 1348 1515 1842
1082 64 157 473 720 1487 1883 1909
1309 568 620 689 710 1050 1481 1489 1606 1634 1776
1402 124 170 182 377 523 710 890 930 1002 1300 1456 1487 1929
1428 91 186 249 304 443 720 752 1133 1268 1487 1778 1852
11 566 617 735 939 1002 1318 1842 1865 1889 1948
566 417 735 795 880 888 986 988 1561 1617 1880 1899
617 694 730 926 986 1663 1667 1842 1865 1889 1948
735 68 423 880 888 978 1247 1283 1485 1544 1561 1632
939 279 423 506 1042 1348 1362 1449 1579 1605 1865 1936 1948 1961
1002 72 146 157 377 434 506 523 575 697 710 751 814 1339 1618 1699 1760 1931 1948
1318 303 733 826 828 911 1072 1335 1358 1475 1614 1691 1777 1944
1842 146 279 440 529 694 730 753 1515 1563 1931
1865 418 434 506 625 730 749 833 875 1175 1314 1334 1348 1536 1948
1889 65 377 506 650 711 749 751 753 875 930 1168 1175 1452 1829
1948 69 403 506 753 926 1042 1175 1334 1515 1561 1747 1839
12 145 353 591 598 629 649 674 965 1060 1184 1354 1376 1593 1934
145 115 498 1317 1698 1718 1732 1908 1933 1988
353 210 299 591 649 674 1225 1376 1951
591 210 429 865 965 1125 1224 1674
598 649 965 1060 1317 1376 1529
629 299 674 780 905 965 1225 1291 1745 1988
649 117 210 919 965 1225 1529
674 159 410 965 1225 1529 1593
965 159 905 919 1125 1184 1225 1328 1376 1593 1951
1060 780 1291 1410 1732 1908
1184 210 597 905 1169 1225 1328 1718 1988
1354 504 919 967 1058 1171 1427 1672
1376 429 1257 1821 1887
1593 159 429 707 779 905 1721
1934 62 99 535 672 906 1110 1280 1621 1887 1977
13 41 57 107 319 417 529 631 869 876 1235 1342 1618
41 312 795 806 869 888 978 988 995 1044 1189 1202 1401 1422 1452 1561 1578 1607 1617 1899
57 76 107 279 475 627 631 799 869 878 1148 1449 1452 1666 1753 1766
107 34 97 417 475 607 908 912 1026 1170 1179 1208 1578 1617 1669 1834 1982
319 207 290 310 349 634 876 966 1137 1267 1536 1567 1823
417 34 146 305 517 529 577 607 1094 1150 1197 1208 1312 1342 1455 1491 1510 1645 1834 1982
529 34 97 516 517 698 869 1267 1314 1538 1578 1666
631 34 126 272 374 407 595 912 1208 1538 1601 1664 1695 1775 1868
869 76 475 888 908 1026 1055 1106 1504 1664 1861 1868 1873
876 84 229 359 756 966 1055 1450 1510 1567 1814 1823
1235 272 290 359 515 538 698 888 1179 1186 1342 1353 1510 1645 1664 1669 1744 1834
1342 171 229 374 812 1179 1197 1267 1538 1669 1814 1868 1873 1994
1618 27 279 650 694 875 958 1504 1563 1699 1734 1760 1849 1961 1984
14 314 1537 1597 1761 1795
314 50 409 458 550 605 621 1076 1084 1692 1756 1792
1537 348 437 462 489 740 842 993 1104 1259 1357 1597 1622 1658 1795 1832 1874 1962
1597 105 458 462 772 808 831 993 1077 1091 1259 1754 1875
1761 154 404 613 737 772 971 1061 1454 1543 1589
1795 105 409 462 556 802 993 1411 1459 1658
15 83 671 776 833 930 1016 1086 1340 1575 1610 1705 1743 1745 1914
83 144 205 499 524 665 723 762 776 833 835 1032 1086 1286 1340 1575 1624 1644 1670 1818 1943
671 43 128 144 330 427 646 665 683 762 832 941 1032 1040 1118 1409 1575 1663 1745 1818 1924 1943
776 377 403 497 554 585 625 687 814 879 1016 1032 1227 1265 1893 1943
833 406 665 683 849 879 1032 1042 1086 1201 1340 1356 1435 1610 1636 1670 1705 1810 1943
930 95 136 182 434 473 523 753 849 1339 1663 1961
1016 182 205 277 440 497 587 653 799 832 879 1086 1575 1627 1705 1742 1943 1953
1086 43 205 526 653 687 1227 1635 1705 1929 1943 1990
1340 118 285 332 406 440 619 625 646 665 1040 1218 1705 1794 1892 1990
1575 332 390 832 850 1033 1295 1635
1610 205 587 646 665 711 1644 1714 1922
1705 332 406 497 1032 1218 1265 1456 1670 1990
1743 74 344 557 587 646 736 775 835 1007 1033 1040 1139 1663 1733 1747 1818 1821 1893 1924
1745 86 116 227 344 499 536 1598 1735 1794
1914 86 198 280 1022 1151 1301 1853 1922
28 1111 1299 1319 1381 1864
58 87 755 992 1035 1458 1577 1797
161 35 142 291 302 482 522 797 992 1014 1142 1363 1526
596 26 335 482 759 877 1057 1116 1167 1205 1319
632 214 461 830 854 1014 1205 1830
877 35 401 482 688 817
1486 94 167 266 335 542 759 786 1368 1372 1496 1591 1651
1840 17 181 401 615 685 1167 1273 1425 1458 1496 1651 1693 1797
1864 214 817 830 1381 1697 1797
17 258 669 706 871 1297 1331 1464 1683 1912 1930
258 35 167 175 708 1012 1195 1273 1297 1464
669 339 419 564 884 975 1013 1331 1415 1774 1816 1912 1930
706 103 166 195 291 419 551 845 884 990 1323 1774 1912 1930
871 103 172 267 339 393 759 861 884 901 990 1012 1331 1462 1492 1554 1572 1869
1297 106 166 167 266 522 667 838 1126 1256 1464
1331 339 419 525 836 884 898 990 1195 1462 1572 1869 1912
1464 103 339 419 564 727 1012 1021 1043 1323 1415 1912
1683 24 393 474 640 845 846 861 964 1727 1827 1987
1912 339 411 640 714 884 900 1013 1462 1572 1628 1817
1930 106 373 419 881 1005 1012 1013 1195 1581 1774 1855 1869
18 486 685 887 1791 1903
486 168 708 786 973 1056 1372 1591
685 181 269 714 759 827 1057 1425 1437 1496 1591 1693
887 615 622 1056 1355 1903
1791 181 269 542 827 1167 1372 1903 1978
1903 162 269 708 1437
19 114 150 202 393 654 718 758 968 982 989 1025 1027 1085 1188 1240 1394 1750
114 150 241 289 352 548 652 654 989 1025 1027 1107 1176 1177 1240 1264 1385 1440 1514 1668 1881
150 139 152 178 241 654 718 829 882 1136 1316 1359 1507 1582
202 25 139 250 516 858 915 1155 1479 1639 1668 1689 1750
393 166 184 289 453 634 657 1217 1370 1466 1704
654 178 241 352 548 957 1177 1407 1960
718 108 1707 1858
758 734 950 989 1067 1177 1269 1394 1407
968 108 139 152 915 1067 1155 1174 1176 1394 1750
982 39 126 129 272 359 439 516 834 1150 1446 1494 1601 1664 1749 1775 1786 1966
989 626 915 950 1170 1172 1177 1345 1359 1440 1478 1876
1025 349 352 858 882 1027 1172 1185 1240 1345 1394 1407 1414 1440 1443 1643 1981
1027 359 818 882 915 932 1067 1177 1185 1264 1394 1407 1507 1555 1643 1845 1945
1085 255 540 690 1155 1555 1599
1188 39 250 323 381 399 463 487 539 684 1031 1063 1174 1176 1479 1675 1707 1945
1240 207 352 572 1172 1183 1185 1378 1385 1407 1440 1643 1765 1876 1947
1394 139 152 800 858 915 1144 1359 1750 1845
1750 250 381 1176 1269 1499 1507 1788
20 206 263 287 459 618 682 766 841 1068 1079 1153 1638 1980 1996
206 235 395 560 618 766 770 785 866 1088 1388 1427 1619 1674
263 235 682 1105 1158 1427 1529 1558 1672 1789
287 308 345 420 545 668 764 823 1427
459 235 635 1088 1166 1246 1465 1603 1796 1946
618 219 240 395 536 682 766 1036 1088 1166 1388 1603 1796 1996
682 86 235 356 398 766 823 1103 1127 1194 1427 1603 1674 1781 1928
766 240 292 771 1088 1153 1388 1427 1603 1789 1928 1968
841 221 1153 1169 1246 1619 1884 1996
1068 221 286 354 503 1088 1212 1213 1356 1439 1805 1976
1079 116 219 395 416 498 560 609 644 1000 1036 1158 1224 1280 1418 1857 1933
1153 235 239 292 635 1244 1638 1721 1789
1638 235 635 1391 1626 1674 1796 1996
1980 355 395 658 761 771 785 1000 1022 1036 1169 1244 1469 1551 1821 1825 1951
1996 86 235 240 823 1000 1103 1427 1558 1626 1789 1968
21 612 779 1011 1039 1408 1545 1741 1983
612 100 140 238 366 563 606 1162 1281 1740
779 99 179 223 231 410 535 695 709 1069 1191 1241 1302 1404 1410 1702 1715 1723 1785 1908 1963
1011 153 232 342 553 636 1436 1485 1741 1833 1983
1039 42 44 85 425 553 880 1335 1408 1528 1690 1720 1741 1937 1944 1983
1408 252 394 1019 1084 1163 1275 1471 1485 1547 1632 1741 1983
1545 104 303 327 333 363 578 951 1123 1360 1471 1547 1592 1770 1896 1939 1940 1974
1741 85 303 324 493 733 748 896 956 1049 1097 1304 1614 1691 1940 1983
1983 42 394 743 1360 1622 1940
22 162 181 189 284 883 952 977 981 1020 1363 1662 1797
162 94 216 387 692 708 1056 1368 1425 1437 1496
181 147 387 615 667 714 767 786 1458 1611 1711 1846
189 26 196 438 889 1035 1346 1763
284 33 302 527 755 922 1387
883 54 142 426 446 559 677 830 873 947 952 1035 1210 1233 1569
952 54 214 297 527 679 811 854 977 1009 1296 1662 1911 1985
977 54 291 525 981 1035 1210
981 270 505 522 755 854 947 1014 1346 1900 1911
1020 47 712 732 797 817 964 992 1142 1564 1900 1985
1363 26 677 830 1526 1797 1985
1662 47 78 340 830 1035 1577 1751
1797 525 677 767 854 1035 1043 1534 1611 1835 1900
23 194 334 453 903 957 1126 1533 1724 1871
194 178 207 352 652 1185 1492 1533
334 45 289 405 453 763 1013 1126 1217 1462 1495 1497
453 175 184 289 451 903 957 1090 1370 1495 1704 1871
903 184 289 901 957 1090 1370 1682 1855 1987
957 45 178 289 352 1081 1345 1370 1414 1495 1497 1533 1704 1765
1126 310 657 788 901 907 1013 1130 1185 1217 1370 1497 1572 1816 1871
1533 45 451 1005 1081 1365 1414 1520 1682 1799 1855 1902
1724 45 815 936 1497 1871 1979
1871 289 652 700 901 907 1081 1090 1185 1217 1495 1704 1970
24 195 266 661 836 861 990 1195 1279 1287 1462 1581 1664 1737
195 40 373 466 836 861 884 1005 1012 1045 1217 1440 1572 1774 1987
266 40 310 340 474 717 845 1012 1054 1564
661 103 349 373 836 846 964 966 1137 1279 1389 1581 1823 1827 1885
836 172 572 655 846 861 964 1137 1827 1851 1855 1869 1885 1947 1987
861 352 373 670 922 990 1009 1345 1497 1556 1583 1869 1885
990 339 572 884 898 921 1095 1514 1816 1869
1195 166 339 419 466 900 1005 1572 1651 1816 1869
1279 103 267 297 474 845 1608 1738 1827 1855
1287 373 564 572 719 1005 1045 1150 1217 1231 1554 1704
1462 175 339 411 419 466 551 655 714 900 921 1005 1021 1256 1572 1581 1885
1581 40 103 505 634 719 843 921 1012 1054 1583 1659
1664 97 171 359 361 374 538 801 908 912 979 1199 1208 1510 1565 1653 1669 1834 1868 1994
1737 244 572 640 846 1009 1093 1122 1172 1389 1397 1478 1554
25 39 290 374 379 584 1093 1170 1378 1565 1602 1719 1834
39 129 439 539 746 840 878 1251 1443 1446 1512 1594 1719 1870 1981
290 229 374 538 686 756 1055 1199
374 171 359 517 595 1148 1179 1401 1491 1510 1536 1538 1669 1868 1982
379 27 465 528 801 1055 1170 1450 1602
584 487 511 840 1115 1183 1344 1443 1494 1582 1981
1093 298 756 987 1009 1389 1397 1536 1567 1753 1814 1823 1834
1170 171 229 756 908 1137 1183 1389 1602 1753
1378 229 400 528 538 626 950 1397 1443 1602 1719 1744 1981
1565 34 51 349 1055 1208 1389 1397 1450 1536 1814 1823 1868
1602 51 272 359 361 465 800 908 1095 1199 1267 1450
1719 244 465 528 800 950 1067 1172 1183 1219 1269 1443 1446 1594 1601
1834 34 229 298 359 423 577 686 1094 1148 1179 1189 1208 1450 1536 1578 1601 1669
26 214 1830
214 35 196 270 838 854 889 1111 1258 1835 1999
1830 817 1111
27 123 129 203 328 473 627 778 819 997 1150 1245 1268 1339 1648 1699 1734 1760 1786 1849 1894
123 46 141 620 798 807 917 1119 1606 1771 1984
129 192 399 698 734 858 1219 1251 1267 1320 1325 1512 1981
203 191 226 372 500 778 819 847 917 1380 1605 1648 1734 1801
328 192 447 568 856 1268 1303 1563 1734 1801 1849 1931
473 421 428 510 778 807 1109 1449 1677 1734
627 407 475 778 799 856 878 958 997 1150 1268 1303 1339 1504
778 126 146 321 407 500 532 819 917 1150 1226 1251 1303 1511 1563 1734 1891
819 447 568 697 856 1202 1303 1308 1489 1504 1734
997 126 555 568 809 856 958 1150 1339 1489 1563 1694 1786
1150 407 729 1120 1308 1380 1786 1815 1873
1245 441 532 847 1120 1243 1269 1420 1511 1588 1648 1775 1955
1268 146 201 500 568 653 697 699 807 809 856 958 1308 1339 1511 1515 1563 1786
1339 68 229 386 515 694 799 856 958 1202 1348 1420 1504 1734 1801 1873 1931
1648 192 201 441 532 917 1092 1243 1380 1588 1694 1998
1699 76 124 146 170 650 751 890 1314 1334 1515 1538 1749 1849 1873
1734 46 126 272 568 834 958 1034 1119 1303 1308 1455 1504 1563 1694 1786 1849 1894
1760 170 377 406 418 500 575 697 710 751 799 958 1303 1515 1961 1984
1786 809 917 1873
1849 97 124 192 475 500 532 568 575 694 799 834 856 917 958 1308 1563 1801 1883
1894 126 191 272 447 500 532 807 856 917 1334 1744 1801
1111 505 817 1205 1319 1381
1299 180 193 461 559 593 703 1014 1629 1731 1784
1319 755 817 1381
1381 1425
29 200 621 772 848 1124 1206 1350 1501 1641 1708
200 212 472 479 955 1124 1220 1253 1357 1543
621 341 1411 1457 1570 1589 1660 1962
772 121 638 740 1117 1124 1259 1306 1543 1641 1712
848 77 148 745 1084 1128 1206 1282 1357 1622 1971
1124 121 212 472 774 895 1117 1220 1282 1306 1506 1616 1712
1206 341 479 599 999 1285 1306 1622
1350 217 260 726 769 777 870 1253 1274 1341 1393 1501 1557 1713
1501 212 307 870 955 971 1253 1274 1712 1713
1641 479 1117 1506 1874
1708 341 642 740 1084 1282 1493 1692 1836 1973
30 37 188 262 300 436 469 521 608 681 1282 1330 1349 1393 1448 1657 1910 1923 1957
37 363 376 642 681 874 943 1062 1214 1448 1625 1836 1844 1897
188 148 282 341 469 521 663 724 738 868 943 1220 1413 1657 1957
262 176 212 307 469 472 613 895 1061 1330 1349 1393 1490 1566 1657 1798
300 324 436 586 642 943 1220 1282 1311 1493 1522 1793 1836 1843
436 151 468 828 1096 1140 1416 1793 1800 1843 1973
469 212 307 452 468 472 1220 1416 1622
521 148 212 282 663 738 943 1349 1416 1566 1897
608 212 468 724 1018 1310 1341 1349 1416 1490 1566 1910 1957
681 253 268 282 307 561 874 1018 1490 1657
1282 663 724 738 1220 1793
1330 148 268 307 895 972 1214 1341 1413 1423 1490 1566
1349 148 452 724 1612 1657
1393 148 307 479 1253 1566 1798
1448 137 151 253 363 368 578 601 820 972 1062 1416 1460 1528 1568 1709 1844 1896
1657 253 278 282 307 934 1018 1490 1923
1910 148 242 376 874 1018 1173 1311 1490 1844 1926 1957
1923 874 1298 1709 1758
1957 80 148 151 724 943 1129 1311 1341 1490 1612 1793 1926
31 186 249 261 354 421 1145 1200 1218
186 64 69 227 364 372 421 585 914 1099 1145 1314 1435 1772 1917
249 64 304 752 914 933 1089 1141 1145 1164 1327 1848 1859
261 163 221 227 354 443 467 691 702 720 1008 1073 1114 1301 1451 1474 1477 1650 1854
354 198 221 702 1073 1288 1301 1474 1650 1714
421 141 720 1089 1109 1141 1156 1327 1606
1145 64 236 304 377 751 752 796 863 933 1089 1815 1848
1200 91 236 304 414 1152 1294 1315
1218 221 1151 1663 1714 1825 1976
32 279 1026 1353 1401 1455 1579 1605 1617 1695 1997
279 76 517 523 875 995 1042 1197 1455 1579 1667 1822
1026 1181 1208 1510 1536 1666 1823
1353 65 112 305 604 795 806 888 1019 1189 1561 1578 1617
1401 153 305 926 976 978 1189 1607 1645 1777 1861 1982
1455 614 795 875 880 978 1175 1189 1452 1578 1617 1667 1936 1997
1579 124 170 497 523 694 710 995 1202 1348 1605 1667 1677 1775 1801
1605 171 407 475 730 809 1034 1042 1334 1348 1677 1749 1931
1617 112 604 733 753 875 978 1175 1326 1449 1822
1695 51 53 244 361 515 528 538 595 698 801 840 878 913 1199 1208 1267 1443 1601 1814 1955
1997 146 423 577 607 795 1189 1283 1295 1452 1645 1667
33 100 400 630 739 929 1233 1808 1861 1886
100 54 102 122 271 400 402 460 838 881 1035 1054 1181 1210 1233 1236 1508 1746 1886 1956
400 102 103 391 460 630 782 843 918 1108 1550 1886
630 391 491 1044 1146 1236 1608
739 294 696 745 750 757 793 892 1038 1276 1959
929 40 491 634 846 881 1054 1233 1236 1242 1738 1956
1233 102 271 391 559 873 1242 1296 1463 1631 1828 1956
1808 112 391 460 898 922 1122 1181 1242 1498 1508 1573 1716 1766 1813
1861 112 375 1132 1766 1899
1886 754 1162 1508 1550 1569 1631 1746
34 171 359 966 1094 1197 1208 1510 1536 1666 1669 1777 1823 1982
171 51 97 229 359 908 1179 1578 1666 1868
359 361 511 908 1538 1666 1669 1868
966 84 572 1055 1132 1208 1555 1567 1669
1094 51 298 538 912 979 1236 1536 1899 1982
1197 92 476 908 976 1422 1982
1208 795 908 912 1106 1179 1186 1666 1982
1510 72 517 577 614 908 976 995 1521 1563 1666 1814
1536 84 92 298 517 756 1397
1666 577 686 912 1446 1491 1578 1814 1982
1669 51 72 97 517 555 595 650 912 1034 1179 1202 1814 1868 1873
1777 65 305 320 375 789 988 1247 1358 1475 1521 1550
1823 84 756 840 950
1982 92 837 912 1132 1179 1189 1645 1814
35 167 401 482 525 615 712 714 755 767 1043 1142 1458 1900 1919
167 387 615 727 921 1167 1534 1628
401 525 712 732 817 1043 1900
482 335 525 615 688 1458 1693 1919
525 87 667 732 767 797 1697 1919
615 233 714 827 1116 1425 1458 1496 1611 1651 1697
712 47 291 1043 1534 1846 1900
714 168 335 667 688 1057 1496 1611 1693 1846 1919
755 87 688 1142 1167 1205
767 47 291 505 1458 1651 1846 1919
1043 142 234 594 1142 1313 1577 1846 1900
1142 103 505 732 797 817 830 992 1846 1985
1458 147 992 1167 1693 1919 1985
1900 677
1919 106 234 732 1534 1651 1846
36 228 326 414 796 1904 1909
228 313 326 370 443 510 530 715 796 816 944 1052 1141 1266 1294 1417 1447 1904 1909 1995
326 163 530 715 1141 1261 1266 1403 1417 1909 1992
414 370 530 816 933 1403 1447 1925 1995
796 236 944 1417 1706 1992
1904 318 715 1419 1726 1891 1958
1909 331 370 443 510 530 933 1099 1141 1226 1294 1447
363 137 242 247 368 376 396 578 923 1062 1096 1173 1223 1298 1311 1371 1460 1528 1574 1592 1709 1748
376 104 165 415 724 738 1134 1460 1562 1897 1926
642 148 151 212 586 740 802 842 1128 1285 1493 1622 1792 1836
874 1612 1748 1844
943 368 724 839 972 1220 1416 1490 1574 1793 1843
1062 55 104 324 347 415 578 839 923 998 1140 1360 1528 1574 1592 1897
1214 148 415 828 1311 1357 1793 1844 1897 1926
1625 104 327 368 923 951 1134 1196 1298 1413 1568 1748 1927
1836 341 413 468 663 1084 1128 1360 1493 1792
1844 104 567 1416 1436 1897 1926
1897 104 148 839 842 972 1522 1612 1615 1926
38 67 209 378 588 728 1433 1730
67 174 336 544 813 1063 1316 1433 1499 1654 1850 1954 1967
209 325 378 713 773 813 924 959 1006 1433 1685 1730 1739
378 93 288 520 713 728 810 1063 1499 1502 1649 1653 1681 1850
588 108 520 728 813 1063 1499 1675 1954
728 288 309 322 346 1063 1316 1482 1850
1433 450 463 713 1063 1269 1499 1654
1730 93 174 248 315 487 519 773 1006 1023 1190 1384 1431 1473 1499 1654 1739
439 201 465 515 516 538 834 1267 1446 1694
539 399 519 747 1006 1154 1219 1344 1870
746 248 399 544 611 878 1290 1432 1479 1511 1594 1739 1955
840 244 515 800 801 818 950 1031 1443 1744 1757 1955
878 97 272 515 729 834 1303 1380 1450 1601 1955
1251 248 272 447 516 698 847 1050 1092 1120 1269 1420 1775
1443 465 800 801 818 858 950 1479 1757
1446 325 515 800 1183 1267 1359 1432 1450 1654 1757 1868 1870
1512 53 101 454 477 996 1290 1320 1344 1384 1788
1594 53 248 454 532 1325 1344 1494 1531 1541 1739 1788 1870 1955
1870 229 323 407 477 487 515 516 595 834 858 1115 1179 1199 1219 1344 1420 1601 1744 1757 1775
1981 143 152 244 352 800 858 1115 1269 1945
40 103 297 624 675 838 843 987 1513 1554 1738
103 719 1564 1583 1774 1827
297 106 234 1659 1827
624 655 675 717 744 837 1095 1556 1583 1716 1766
675 122 391 572 634 640 987 1009 1095 1231 1554 1556 1827 1987
838 122 271 527 677 719 918 922 1012 1564 1583 1631 1659 1738 1911
843 522 717 881 1231 1716 1738 1987
987 373 607 634 655 717 872 1181 1236 1389 1554 1556
1513 132 232 402 508 509 860 1098 1146 1710 1862
1554 634 845 947 964 1009 1095 1137 1181 1564 1671 1885 1987
1738 491 655 1583 1855 1987
312 68 72 687 926 974 1822 1839
795 72 112 140 305 375 806 888 1122 1198 1452 1561 1899
806 305 614 978 1198 1358 1578
888 72 423 577 1132 1189 1198 1362 1665
978 733 826 880 986 1159 1247 1275 1358 1475 1544 1607
988 92 140 320 391 743 754 1198 1281 1358 1918
995 403 577 1148 1314 1348 1521 1561 1578 1667
1044 102 490 491 639 744 754 860 1122 1539 1550
1189 361 577 743 1283
1202 146 694 799 809 1362 1449 1578 1677 1873
1422 425 607 639 976 1122 1753 1766 1814 1880 1899
1452 72 577 614 1148 1159 1168 1199 1283 1326 1348 1936
1561 305 320 492 1162 1247 1839
1578 423 475 880 908 1521 1645 1677 1899 1994
1607 72 132 320 1159 1198 1249 1539 1710 1899 1944
1899 976 1122 1521 1880
42 580 589 636 1335 1523
580 366 553 750 859 1072 1442 1860
589 85 956 1097 1138 1249 1485 1614 1872 1944
636 44 65 85 366 425 606 826 1049 1249 1335 1436 1472 1690 1820
1335 153 425 1524 1673 1769 1940
1523 422 552 565 586 745 1312 1442 1444 1769 1860 1867 1971
43 95 585 890 1644 1772 1892
95 69 377 585 653 749 1356 1742
585 227 610 711 720 753 826 1882
890 157 182 526 575 587 614 625 1089 1449 1961
1644 285 1953
1772 138 236 600 610 720 849 956 1435 1586 1637 1700 1749 1831
1892 157 182 377 440 497 610 665 711 807 879 1990
44 333 425 880 1436 1833
333 153 425 553 820 1017 1247 1442 1833 1973
425 320 366 553 563 1436 1544 1833
880 65 1198 1326 1645 1665 1769 1822
1436 508 553 1198 1833
1833 563 745 1281 1444 1819
45 405 451 670 975 1021 1514
405 480 670 900
451 257 349 411 466 901 1130 1345 1365 1466 1492 1497 1514 1704 1855
670 339 411 480 657 1013 1130 1222 1774 1817 1855
975 220 788 936 1365 1497 1799
1021 419 551 564 640 788 900 1013 1130 1323 1869
1514 310 640 1081 1130 1704 1970
46 61 372 689 699 1092 1119 1303 1383 1620 1773 1882
61 191 226 337 441 532 611 620 791 1092 1149 1226 1473 1773 1775 1998
372 75 141 331 418 443 752 807 914 1089 1164 1606 1848
689 141 620 1119 1289 1481 1489 1511 1694 1771 1776
699 64 141 182 620 807 847 1089 1489 1776
1092 441 791 1050 1243 1374 1481 1694 1788 1998
1119 447 620 1243 1303 1383 1694 1776 1883
1303 568 620 650 694 710 751 856 1344 1380 1420 1776 1801 1883
1383 313 367 370 412 428 822 1051 1289 1447 1655 1773 1848
1620 443 927 1051 1606 1998
1773 75 265 620 937 1051 1087 1147 1149 1226 1447 1511 1771 1776 1938
1882 280 286 702 1073 1209 1288 1361 1435 1439 1714 1972 1976
47 142 291 797 1628
142 234 339 505 1012 1534 1608 1827
291 667 727 797 1205 1651
797 87 522 667 921 1534 1628
1628 456 688 1355 1651
217 71 613 1274 1616 1779
777 71 317 726 870 971 1411 1423 1543 1557 1713 1856
870 382 404 638 726 769 895 1061 1426 1506 1722 1798
1262 613 1426 1500 1516 1589 1722
1500 613 774 955 1426 1506 1596 1640 1722 1779
1516 971 1046 1595 1779
1543 154 613 971 1046 1117 1274 1306 1589 1596 1878
1616 131 404 726
1640 599 638 1104 1589 1596 1856 1878
1123 137 347 383 462 868 951 1140 1221 1275 1360 1592 1713 1802 1935 1939
1528 137 368 578 648 738 868 923 998 1140 1173 1360 1444 1547 1574 1612 1973
1915 81 552 704 923 1312 1725
1935 347 396 442 578 648 1140 1360 1371 1460 1720 1965 1973
50 105 317 458 470 556 678 724 745 1028 1091 1100 1444 1692 1875
105 409 462 534 605 633 793 993 1322 1756 1803
317 151 556 586 842 1756 1819
458 134 534 593 673 999 1091 1237 1493 1609 1754 1875 1962
470 134 135 633 716 745 842 999 1003 1091 1424 1658 1754 1756 1782 1803
556 151 232 605 673 704 885 904 909 1028 1352 1471 1508 1875
678 90 164 302 496 562 782 885 892 1048 1072 1100 1387 1569
724 148 253 278 541 578 828 1018 1341 1416 1522 1926
745 81 422 552 842 868 1096 1357 1421 1442 1444 1819 1867
1028 77 81 208 232 294 1038 1072 1276 1421 1524 1569 1860 1875
1091 134 409 534 590 673 716 842 1322 1782 1875
1100 134 135 164 302 533 909 920 1763 1782 1803 1862
1444 81 552 704 1084 1096 1421 1522 1609 1725 1819 1867
1692 77 151 740 808 1084 1424 1754 1875
1875 605 673 1017 1084 1352 1609
51 76 97 361 698 1179 1868 1873
76 146 577 1148 1168 1175 1449 1504 1645 1667 1931
97 958
361 407 1179 1267 1550 1744 1873
698 126 447 475 532 729 1179 1348 1744 1931
1179 517 532 801 908 979 1267 1868
1868 595 908 1267 1290
1873 126 170 517 577 1106 1308
52 239 504 597 865 953 1024 1158 1764 1928 1949
239 240 355 609 770 771 1558 1603 1928 1986
504 292 395 420 571 967 1024 1037 1158 1427 1558 1603 1652 1928 1949
597 329 560 865 905 919 962 1024 1280 1721
865 329 358 420 707 1161 1171 1317 1721 1781
953 86 116 280 499 723 770 1001 1391 1405 1714 1976
1024 219 420 571 1171 1224 1721 1781 1928
1158 99 345 395 416 771 866 967 1166 1558 1672 1721 1824
1764 420 658 770 781 1161 1317 1672
1928 420 668 676 762 1386 1427 1603
1949 243 668 676 1037
53 248 1115 1290 1739
248 201 595 611 996 1344 1482 1739 1744
1115 250 555 858 1154 1267 1739 1757 1966
1290 399 515 694 847 864 1216 1432 1494 1531
1739 149 322 399 747 791 940 1031 1050 1154 1390 1541 1571 1642 1788
54 234 271 522 677 947 1009 1035 1577 1985
234 271 505 732 1811
271 340 446 491 522 1534 1608 1811 1911 1985
522 505 846 900 947 1564 1608 1659
677 301 302 446 1035 1210
947 122 391 426 873 1101 1108 1686 1811 1911
1009 717 881 884 964 1054 1137 1498 1556
1035 90 446 811 992 1210 1526 1569 1835 1911
1577 830 854 992 1651 1911
1985 270
55 177 242 567 794 1173 1298 1770
177 165 578 794 1083 1134 1382 1568 1615 1770
242 82 396 567 721 738 868 1047 1131 1310 1398 1568 1615 1748 1758
567 82 173 213 383 396 415 794 828 916 1298 1360 1562 1758 1963
794 80 82 222 383 396 578 602 934 1173 1232 1382 1615 1905 1942 1974
1173 165 213 369 383 839 1129 1298 1382 1568 1612 1748 1785
1298 165 176 415 1131 1221 1311 1568 1926 1942
1770 82 165 383 396 1134 1304 1377 1398 1942
208 81 153 232 563 820 1539 1860
232 81 1038 1072 1276 1360 1412 1421 1442 1539 1587 1725 1971
828 65 578 949 1096 1471 1592 1768 1802
1442 552 553 601 1038 1421 1819 1860 1867 1971
1860 320 422 552 553 601 704 820 1312 1493 1725 1819 1867 1971
475 908 1186
799 146 523 614 958 1314 1362 1449 1749 1931 1936
1148 407 694 809 875 1314 1348 1362 1449 1563 1677
1449 809 1042 1362 1677
1753 298 607 872 1814 1994
1766 976 1122 1567
87 1205 1293 1526
992 270 306 340 527 830 922 1258 1659
59 163 467 530 691 722 1073 1127 1152 1212 1315 1474 1636 1807
163 254 467 603 691 863 899 1301 1706 1807 1854 1925 1932 1969
467 221 245 398 455 691 863 1008 1451 1474 1778 1917
530 370 510 731 816 1133 1141 1266 1315 1403 1447
691 455 478 722 863 1073 1212 1288 1315 1451 1604 1807 1831 1853 1854 1925 1932 1969 1992
722 945 1192 1333 1361 1451 1932 1969
1073 245 731 945 1192 1361
1127 235 280 432 1161 1391 1519 1604 1946
1152 600 603 807 816 969 1417 1509 1787
1212 245 277 280 286 432 1112 1288 1474 1598 1650 1714 1778 1932 1972
1315 455 600 603 1141 1266 1294 1399 1706 1859
1474 286 364 969 1008 1288 1301 1637 1972
1636 355 499 557 637 761 762 785 991 1070 1280 1332 1805 1825 1884 1920 1922
1807 503 816 945 1417 1706
60 599 737 740 774 808 1077 1357 1457 1595 1596 1832 1874
599 154 1077 1259 1411 1595 1878
737 437 1570 1595 1755 1832 1962
740 1084 1357 1622
774 212 452 472 638 696 1117
808 409 590 696 831 993 1595
1077 437 550 993 1306 1457 1570 1755
1357 151 422 1084 1285 1622 1725 1792
1457 437 638 663 1015 1104 1570 1595 1658 1755
1595 437 550 716 993 1104 1411 1459 1493 1755 1832 1962
1596 154 726 971 1426 1566
1832 831 1411 1962
1874 590 1259 1285 1306 1506 1962
191 192 201 226 447 544 1087 1120 1216 1243 1380 1511 1588 1694 1726 1998
226 75 430 441 791 1216 1938
337 616 927 1087 1284 1338 1481 1938
441 386 611 812 937 1147 1243 1726
532 201 447 620 847 1267 1420 1511 1588 1775 1966
611 192 616 812 1216 1252 1511 1634 1938 1998
620 407 1481 1771 1776 1975
791 192 501 1216 1482 1588 1998
1149 201 313 581 616 822 1051 1248 1481 1511 1634 1655 1771 1788
1226 75 412 430 500 531 616 1051 1373 1700 1938 1995
1473 149 520 996 1174 1384 1431 1642 1649 1681
1775 192 321 407 447 937 1120 1325 1420
1998 192 430 450 544 1087 1216 1243 1380 1700
62 344 355 701 1110 1280 1364 1621 1702 1723 1893 1933
344 74 128 285 332 406 449 485 683 787 862 1040 1201 1818 1829 1893 1993
355 498 560 658 1169 1171 1332 1469 1627 1718
701 211 330 392 427 672 1118 1280 1302 1621 1804 1887 1951
1110 179 427 449 535 557 894 906 1066 1191 1375 1404 1614 1627 1723 1924
1280 118 498 906 941 1000 1070 1445 1627 1723 1735 1821 1920
1364 179 780 787 852 905 1621 1701
1621 99 111 672 705 906 1066 1070 1241 1723 1804 1951 1993
1702 179 230 343 705 852 1033 1241 1400 1410 1429 1701 1790 1905 1908
1723 74 111 118 179 672 762 1036 1066 1887
1893 120 128 440 449 646 683 775 1375 1551 1624 1818
1933 210 560 672 1225 1715
63 173 493 558 868 956 1047 1078 1310 1382 1472 1547 1562 1896 1965 1974
173 115 165 350 792 1131 1221 1377 1530 1547 1615 1942
493 252 748 1019 1033 1138 1163 1485 1829 1940 1944
558 222 252 565 651 839 868 894 1232 1310 1547 1896 1973
868 247 347 383 721 951 1131 1140 1221 1472 1547 1939 1944 1974
956 256 303 524 651 743 1614 1691 1820 1872
1047 252 896 948 1033 1078 1257 1351 1615 1829 1974
1078 252 394 948 951 1007 1547
1310 648 916 948 1304 1398 1409 1728 1829 1896 1965 1974
1382 80 82 213 383 1129 1134 1304 1398 1562 1748
1472 85 394 484 565 748 768 896 951 1249 1275 1896 1940
1547 85 648 951 1138 1275 1485 1624 1872 1939 1963 1965
1562 115 165 222 350 383 442 721 792 916 1232 1257 1630 1709 1942 1963 1965
1896 394 648 736 1398 1905 1944 1965 1974
1965 104 165 350 484 733 768 839 951 963 1304 1371 1398 1530 1568 1942
1974 80 137 452 648 1163 1371 1413
64 182 227 304 1099 1439 1831 1859 1929 1972
182 523 697 710 720 814 1156 1300 1489 1749 1984
227 331 600 610 752 969 1435 1477 1586 1637 1749 1787 1929
304 91 138 616 856 914 1327 1453 1815 1831 1995
1099 367 443 914 1109 1327 1403 1453 1606 1815 1848
1439 198 280 1008 1301 1435 1451 1650 1831 1917
1831 138 610 969 1064 1156 1848 1859 1917 1929
1859 69 600 1008 1064 1141 1300 1509 1848
1929 610 863 969 1008 1301 1435 1477 1794 1917 1953
1972 109 187 221 286 432 503 702 1209 1519 1604
65 72 604 733 1247 1673 1940
72 423 492 577 1362 1822
604 391 1162 1247 1312 1475 1691
733 342 553 1247 1584 1673 1769 1937
1247 320 1049 1159 1358 1673 1690 1769 1820 1937
1673 140 859 1162 1544 1769 1937
1940 342 383 394 651 820 1019 1097 1275 1530 1600 1720 1829 1944
233 94 216 542 938 1056 1355 1368 1591 1611 1711
542 94 175 700 759 1143 1256 1273 1437 1591
582 147 220 708 783 893 1222
692 94 175 216 783 786 1059 1143 1323 1711 1877
1059 175
1372 387 973
1517 1057 1273 1437 1711
174 93 101 322 386 487 1006 1384 1649
336 149 259 315 507 656 940 980 1483 1548
544 321 1325 1344 1374 1420 1483 1955
813 325 346 520 641 713 864 940 954 959 1102 1431 1482 1571 1788 1954
1063 93 810 959 1006 1431 1499
1316 101 322 864 996 1147 1431 1559 1654 1675
1499 93 288 322 501 924 1190 1685 1967
1654 108 322 323 381 389 463 810 983 1479 1649 1653 1668 1675 1685
1850 288 924 1967
1954 309 864 1190 1430 1502
1967 199 325 666 1190 1271 1430 1482
68 832 875 926 1576 1742
832 136 144 285 293 693 736 749 775 879 1265 1392 1576
875 614 1326 1677 1936 1961
926 275 826 1175 1272 1295 1665 1936
1576 275 285 332 741 911 1201 1272 1286 1321 1747 1829 1839
1742 136 332 403 406 554 687 814 879 1168 1227 1456 1635 1665 1872 1990
69 364 377 625 814 849 1586 1961
364 434 710 720 1064 1089 1301 1714
377 124 157 418 434 497 575 697 751 849
625 403 440 497 587 687 711 753 814 1156 1917 1990
814 418 526 687 1198 1375
849 91 434 610 1156
1586 138 1089 1156 1300 1356 1487 1637 1787 1961
1961 157 526 575 753 1334
70 119 259 507 656 773 798 844 1238 1390 1717 1952 1958
119 158 201 259 315 1215 1292 1482 1483 1717 1952
259 73 477 656 1041 1952
507 315 581 773 980 1483
656 315 450 844 927 1252 1483
773 295 365 444 450 501 581 641 666 924 954 1252 1390 1571 1642 1681
798 75 367 412 790 1051 1238 1248 1289 1453 1938
844 450 680 1041 1374 1938 1952
1238 204 318 386 1248 1289 1420 1585 1958
1390 149 158 321 940 1541 1571
1717 224 980 1051 1215 1263 1527
1952 309 315 666 1074 1374 1483
1958 158 464 1215 1585
71 769 955 971 1557 1712
769 131 260 404 479 1454 1557 1656
955 278 1253 1274
971 1117 1306 1878
1557 131 260 613 895 1061 1426 1676 1878
1712 154 479 613 1798
423 506 908 1106 1326 1822
492 826 986 1265 1358 1600 1822
577 614 730 1106 1677 1936
1362 1314
1822 606 614 1168 1326 1475 1665
73 158 666 713 940 954 1483 1502 1559 1916
158 315 386 450 520 666 940 1284 1559
666 199 325 581 664 940 1074 1102 1254 1292 1518 1559 1888
713 309 829 1216 1243 1431 1482 1507 1559 1571 1945
940 325 444 501 581 924 1190 1374 1548 1559
954 101 325 346 477 501 1102 1634
1483 315 450 501 1938
1502 444 641 1006 1430
1559 325 346 444 643 1190 1482
1916 133 218 1292 1527 1826
74 115 535 963 1007 1033 1165 1201 1525 1530 1733 1963
115 120 484 524 557 695 736 768 963 1165 1307 1580 1715 1733 1963
535 862 906 1066 1223 1804 1993
963 383 449 775 780 862 1007 1033 1223 1239 1866 1944
1007 120 330 449 736 896 974 1241 1409
1033 251 256 330 350 695 768 787 896 948 1019 1163 1191
1165 330 602 695 705 721 896 948 1257 1336 1351 1377 1398 1480 1963
1201 136 285 449 524 646 775 1138 1207 1286 1302 1661 1747 1944 1951
1525 303 879 974 1138 1321 1809
1530 222 648 896 1134 1257 1304 1398 1729 1866
1733 485 658 695 787 862 1580 1785 1818
1963 251 394 705 721 855 916 948 1223 1228 1398 1630 1661 1758 1907 1991
75 110 412 616 790 1052 1120 1284 1590 1655
110 318 412 822 1114 1261 1338 1373 1419 1726 1975
412 204 502 680 821 1113 1891
616 914 1815
790 204 531 1248 1373 1590 1815
1052 367 443 510 822 1114 1133 1266 1419 1815 1891
1120 124 201 516 694 1050 1325 1538 1634 1776 1801 1966
1284 313 502 1248 1338 1938
1590 1113 1248 1289 1373 1655
1655 367 428 822 1109 1481 1815 1891 1938
146 170 447 568 730 1186 1667 1931
1168 293 403 693 958 1272 1456
1175 124 293 730 753 1042 1265 1334 1348
1504 170 500 650 730 1308
1645 298 517 1521
1667 1326
1931 109 523 575 751 1563 1984
77 1800 1819
1800 324 422 586 1048 1128 1322 1424 1522 1819
1819 885 1312 1352 1421 1524 1725
78 132 197 294 348 426 446 594 703 909 1003 1048 1108 1182 1255 1276 1387 1488 1629 1911
132 90 193 491 508 563 859 860 1539 1740
197 238 276 438 461 491 496 562 782 918 920 1038 1048 1242 1258 1270 1387 1488 1835
294 81 164 264 1017 1296 1862 1959 1964
348 302 920 1187 1234 1258 1387 1587 1803
426 238 264 276 446 509 639 703 750 782 892 1387 1569 1752
446 391 505 750 754 782 1108 1255 1463 1569 1906
594 270 461 830 1048 1178 1396 1835
703 125 301 302 461 496 533 570 592 593 750 811 1101 1178 1752 1762
909 533 570 662 750 920 1210 1234 1276
1003 125 193 276 338 592 633 793 892 999 1015 1101 1182 1387 1396
1048 496 562 750 920 1098 1108 1862
1108 88 270 533 547 559 1210 1255 1258 1387
1182 306 338 438 537 593 1014 1101 1346 1763
1255 238 302 496 509 662 782 1258 1270 1906
1276 1038 1281 1862
1387 90 559 662 725 920 1076 1686 1762 1803
1488 238 547 570 793 1296 1803
1629 125 338 533 592 593 633 1234 1346 1678 1762
1911 276 562 1258 1686
170 523 575 650 694 1801
500 124 650 856 1515 1563 1749 1776 1883
614 1314 1936
650 124 272 418 595 1042 1538 1635
697 293 568 710 812 1749 1984
809 575 1314
80 190 350 648 1131 1223 1232 1336 1377 1568 1729 1758 1802
190 230 231 383 442 709 792 916 1241 1257 1351 1398 1574 1728 1785 1841 1942
350 137 165 222 251 602 855 916 948 1131 1304 1336 1371 1758 1785 1907 1942
648 165 1221 1275 1371 1574 1843
1131 137 222 368 396 839 1612 1615 1720 1748 1785 1942
1223 222 251 415 695 721 780 948 951 1228 1336 1351 1630 1991
1232 82 176 343 1134 1239 1377 1480 1758 1927 1942 1991
1336 231 251 602 894 916 1377 1728
1377 165 230 396 442 824 1304 1480 1732 1748 1907
1568 251 327 383 738 1140 1460
1729 120 303 392 651 736 768 862 894 896 948 1398 1600 1624 1866
1758 165 251 383 709 721 851 1083 1241 1398 1480 1580 1630 1907
1802 81 923 998 1096 1493 1592 1843
81 552 553 885 1084 1128 1312 1421 1524 1867 1962
552 413 1072 1312 1421 1524 1867 1971
553 563 704 859 1097 1485 1539
885 422 704 1522 1959
1084 1017 1352 1493
1128 324 413 578 1424 1843
1312 820 1522 1867
1421 704 1524 1725
1524 422 1720 1725
1867 422 1471 1725 1971
1962 409 462 696 1117 1259 1411 1493 1609 1660 1755
82 165 383 768 839 951 1134 1615 1630 1907 1942
165 222 230 1083 1134 1221 1398 1905
383 176 415 934 1221 1371 1574 1615
768 1134 1257
839 324 347 368 916 998 1140 1221 1371 1574 1615 1709 1793
951 327 565 896 1371 1574 1720 1939
1134 855 1351 1748
1615 1371 1460
1630 721 916 948 1241 1257 1304 1351 1480
1907 442 721 851 916 935 1083 1207 1304 1480 1785 1841 1942 1991
1942 222 916 1129 1360 1471 1927
144 406 619 711 1321 1924
205 293 403 497 1032 1663
499 118 1151 1244 1418 1598 1946 1969 1986
524 683 835 1040 1286 1295 1580 1818
665 390 406 1032 1456 1670 1943
723 86 198 277 280 356 471 1008 1213 1405
762 118 384 619 658 1151 1418 1735 1805
835 128 330 775 862 911 1032 1040 1118 1139 1661 1670 1887
1032 293 587 1635
1286 136 390 485 619 775 879 1139 1207 1321
1624 394 651 1139 1661 1670
1670 332 406 427 1456 1805
1818 285 343 390 449 557 1040 1118 1139 1191 1321 1924
1943 332 427 440 497 523 687 1118 1139
84 607 756 1491
607 756 837 872 912 1132 1172 1242 1567 1828 1994
756 1397 1567 1994
1491 92 517 1567
85 342 651 741 748 896 911 1096 1138 1485 1691
342 153 748 757 896 1049 1072 1275 1866 1872
651 252 256 601 1163 1321 1600 1614 1698 1939
741 293 330 693 1019 1042 1049 1485 1584 1820 1829 1872
748 1249 1485 1747
896 392 442 1239 1257 1698 1748
911 275 303 330 693 1138 1485 1600
1096 324 578 601 1360 1395 1592 1768 1793
1138 256 275 303 601 974 1139 1321 1600 1820 1839 1872 1944
1485 303 1163 1198 1600 1809 1820 1872 1944
1691 1097 1249 1614 1632 1820
86 356 398 785 1022 1169 1288 1391 1405 1598 1821 1922
356 219 536 771 785 1022 1103 1244 1388 1825 1920 1922
398 109 432 1519 1540 1884
785 116 198 240 683 850 1001 1151 1180 1332 1418 1551 1627 1794 1810 1922 1924
1022 280 761 1088 1213 1405 1735 1796 1853 1922 1986
1169 384 395 416 498 761 906 919 991 1000 1036 1066 1070 1088 1288 1469 1951
1288 138 221 277 969 1008 1209 1356 1650 1714
1391 118 198 235 245 280 1405 1650 1853
1405 536 850 1213 1674 1853 1986
1598 198 277 1008 1151 1180 1976 1986
1821 644 702 866 941 1469 1735 1825
1922 536 637 945 991 1151 1418 1735 1805 1887 1986
1205 1697
1293 168 688 1425 1693
1526 725 830 854 1313 1751
88 264 301 496 562 750 892 1412
264 122 238 366 490 782 1270 1569 1956
301 302 461 570 633 662 793 892 920 1178 1587 1752 1803
496 90 276 422 673 750 782 892 920 1270 1296 1424 1752
562 90 164 276 570 782 842 1270 1296 1463 1959 1964
750 90 102 164 782 892 1017 1296 1835 1862 1959
892 276 302 1017 1270 1862
1412 1146 1740
1046 638 1306 1589 1713 1798 1878
1878 1117 1306 1506 1660
90 238 276 302 1270 1424 1569 1752
238 508 547 859 873 1270 1296 1569 1811
276 302 527 547 662 1072 1270 1746 1906
302 134 193 570 593 920 1187 1587 1803 1862 1880
1270 757 873 1146 1296
1424 164 793 1076 1587 1725 1731 1803
1569 164 402 438 509 811 1098 1959
1752 793 889 920 949 1609 1803 1862
91 478 600 720 933 1451 1477 1487
478 370 945 1141 1932 1969
600 138 236 254 331 816 1509 1848 1932
720 710 914 1064 1248 1300 1487
933 455 510 715 752 822 1051 1133 1141 1266 1294 1327 1447 1848 1852 1975
1451 277 455 816 1509 1917
1477 198 331 610 969 1064 1112 1164 1435 1778
1487 807 856 863 1300 1606 1984
92 298 349 639 1106 1521 1567 1987
298 460 744 912 1122
349 215 229 572 1440
639 102 402 490 1098 1550 1710 1828 1880
1106 528 1314 1563 1677
1521 272 305 744 1508
1567 474 686 1055 1183
1987 267 846 964 1172 1498 1573 1816
93 108 288 487 581 652 913 959 1431 1685
108 295 389 487 546 913 1707
288 250 641 913 1006
487 381 626 684 913 1023 1494 1582 1649 1653 1685 1788
581 346 365 501 924 1374 1571
652 184 241 289 540 548 583 882 1185 1370 1679 1682 1902
913 295 463 519 690 983 1176 1431 1649 1675
959 309 322 520 810 1006 1571
1431 101 143 1344 1653 1675 1681
1685 143 295 389 463 511 546 684 983 1006 1174 1384 1642 1649 1675
94 147 456 708 1355 1437 1611
147 168 269 387 456 1056 1355 1368 1496 1613 1651
456 166 175 216 1415 1425 1711
708 387 622 1056 1273 1355 1415 1437
1355 168 387 667 893 1056 1143 1273 1711
1437 168 175 220 640 727 1056 1143 1273 1613
1611 759 907 1057 1368 1496 1613 1651
653 331 390 526 914 1300 1301 1953
749 497 1042 1162 1207 1227 1265 1295 1839
1356 198 687 1435 1650 1917
286 109 610 1509 1604
1246 235 1105 1465 1619 1796
1558 240 292 1603 1652 1672
1619 235 899 1465 1626 1884
1796 235 635 1029 1088 1388 1626 1884 1946
1884 457 635 823 1088 1626 1789
1968 235 771
958 856 1308 1515 1563 1588
550 437 696 1015 1104 1459 1609
1459 437 696 1015 1104 1755
1647 338 570 1234 1751 1762 1763 1784 1999
1756 134 462 534 673 696 1237 1322 1352 1754
99 111 223 660 780 1241 1698 1715 1790 1977
111 118 485 771 894 1302 1804
223 343 709 787 1069 1239 1404 1410 1715
660 179 211 392 894 1191 1404 1580 1715 1841
780 179 343 852 906 1241 1400 1404 1410 1728 1804 1908 1993
1241 230 392 410 705 709 787 1239 1328 1351 1410 1580 1841 1988 1991
1698 484 695 721 736 787 906 998 1161 1239 1257 1351 1409
1715 179 392 410 602 695 1069 1163 1191 1239 1728 1993
1790 179 824 935 1010 1069 1191 1480 1759
1977 118 862 1066 1191 1469 1718 1887 1993
102 402 491 873 1098 1122 1296 1631
122 579 655 1463 1573 1583 1686 1813
402 366 490 1098 1395 1828
460 579 837 873 1181 1508 1573 1631 1811 1813 1956
881 267 634 655 837 1498 1716
1054 373 634 922 1122 1556 1583
1181 490 655 1267 1450 1556 1851
1210 196 811 817 889 1763 1835
1236 789 860 976 1098 1122 1550 1710
1508 140 491 754 789 918 1098 1463 1550 1573 1631 1811 1828
1746 509 789 837 1146 1296 1550 1813 1964
1956 391 491 579 782 1631 1686 1811 1813
101 322 389 864 996 1006 1320 1384 1482
322 250 389 463 864 1023 1479 1945
389 516 1023 1479 1649 1653
864 149 346 501 520 1006 1384 1548
996 495 519 810 829 1006 1653 1675
1006 924 1479 1571 1642 1675
1320 399 520 1154 1219 1344 1384 1432 1582 1955
1384 143 244 399 454 1023 1216 1325 1344 1571 1642 1788
1482 309 346 386 444 1190
491 391 789 1242 1314 1631 1710
873 1296 1583 1686
1098 375 490 789 860 1146 1550 1710 1880
1122 375 476 490 789 837 976 1137 1710 1994
1296 490 547 559
1631 320 391 1095 1573 1811 1828
719 106 419 717 898 1012 1231 1495
1564 270 391 527 634 679 1463 1659
1583 106 267 490 634 922 932 1231 1659 1885
1774 339 884
1827 267 411 845 1012 1885
104 413 601 923 972 1612 1926
413 324 468 479 586 1140 1220 1371 1622 1793 1843
601 565 602 1322 1471 1592
923 247 347 468 1592 1768 1843 1973
972 137 1220 1490 1725 1843
1612 998 1926
1926 137 368 738
409 673 716 831 993 1237 1658 1755
462 134 633 831 1237 1278 1322 1493
534 590 1237 1322 1366 1609 1782 1803
605 151 341 633 842 1278 1322 1493 1784 1964
633 134 461 949 999 1237 1322 1366 1542 1609 1754 1803
793 662 1101 1187 1959
993 437 716 831 1015 1411 1570 1658 1755
1322 134 135 489 842 949 999 1101 1278 1352 1587 1609 1803
1803 1285 1542 1587 1678 1731 1782
106 727 1273 1572
727 257 667 1273 1368 1425 1496
1273 113 759 936 938 1056 1057 1591
1572 166 339 419 900 1256 1869
908 1397
912
295 463 747 1031 1668
546 690 1507 1599 1945
1707
109 245 702 731 1361 1854
245 221 432 471 1029 1194 1519 1603 1650 1976
702 221 277 432 503 1519 1805 1946
731 187 863 945 1361 1604 1706 1925 1969
1361 187 432 899 1192 1604 1969
1854 187 1399 1706 1925 1932 1946 1969
318 313 715 822 1266 1373 1419
822 821 1419
1114 1266 1419 1688 1726
1261 428 944 1141 1419 1726 1891
1338 680 1087 1252 1481
1373 313 370 807 1417 1481 1891
1419 313 370 443 715 944 1133 1141 1992
1726 313 1133 1294
1975 367 510 752 807 1133 1252 1266 1294 1403 1453 1815
118 395 427 557 941 1180 1551
485 128 403 449 775 894 941 1302 1321 1661 1663 1735
771 235 240 416 457 1103 1388 1465 1951
894 128 392 449 775 1069 1139 1257 1302 1404 1410 1580 1810 1887
1302 392 619 1118 1207 1663 1866
1804 211 231 384 410 1718 1887
112 490 860 1132 1159 1283 1710
490 140 757 1539 1550 1710 1828 1880
860 744 789 1550 1828 1994
1132 375 1283
1159 140 1049 1162 1198 1475 1710 1828
1283 140 305 563 743 826 872 1198 1272 1475 1880
1710 140 305 375 757 1395
113 387 973 1379 1591 1613 1812
387 827 1056 1256 1613
973 269 1496 1591 1613 1711 1812 1877
1379 1591 1877
1591 168 1056 1613
1613 269 1877
1812 1071
241 548 690 1144 1176 1264 1345 1370 1385 1765 1960
289 178 640 901 1264 1365 1370 1495 1682 1704 1765
352 172 178 310 901 1185 1466 1492 1498 1671 1851
548 178 690 829 1107 1155 1264 1359 1679 1765 1960
1107 139 255 540 829 1264 1359 1552
1176 139 433 734 1183 1582 1639 1668 1845 1945
1177 511 626 950 979 1067 1269 1359 1876
1264 139 445 481 495 829 1407 1727 1765 1845 1960
1385 215 626 1130 1345 1365 1440 1555 1643 1689 1727 1765
1440 818 915 932 1055 1365 1466 1851 1876
1668 250 381 495 511 684 734 882 1136 1174 1219 1507 1639
1881 152 626 882 1345 1643 1727 1960
120 275 1191 1228 1404 1580 1661
484 222 343 695 705 787 948 1069 1097 1191 1304 1398 1409 1580
557 390 392 554 1040 1139
695 330 705 721 1191 1409 1580
736 948 1019 1257 1304 1409 1993
1307 251 1291 1467 1732 1759 1908 1927 1988
1580 252 330 449 787 1409 1747
116 761 770 991 1001 1161 1735 1825 1920
761 850 906 941 1551 1825 1920
770 211 277 658 866 1103 1166 1244 1332 1418 1469 1674 1986
991 560 1000 1001 1244 1505 1603 1825 1920
1001 390 406 619 775 941 1445 1551
1161 384 644 707 910 919 1244 1990
1735 637 866 962 1332 1445 1469
1825 280 498 658 1418 1551
1920 536 658 941 1000 1418 1551
117 384 429 707 941 967 1125 1224 1505 1529 1721 1810 1988
384 395 658 866 1000 1036 1445
429 358 571 1058 1125 1505
707 159 240 609 935 1125 1224 1329
941 646 781 1118 1180 1244 1627 1663 1805 1810
967 219 281 931 1000 1037 1053 1171 1329 1951
1125 210 299 910 919 1058 1224 1329 1529 1951
1224 1317 1328 1529 1732
1505 1317 1328
1529 159 1180 1328
1721 646 866 1244 1951
1810 646 850 1213 1418
1988 410 905 1225 1291 1993
395 159 240 560 637 658 866 1000 1036 1225 1418 1445 1551 1951
427 285 332 406 646 683 850 1040 1118 1663 1924
1180 1000 1332 1418 1469 1672
1551 211 498 637 1627
201 192 321 447 812 847 1588 1966
315 265 450 464 501 1160 1271 1292 1374 1548 1837
1215 224 1041 1121
1292 218 1263 1837
275 128 693 775 986 1295 1348 1392 1584 1820 1944
1191 392 1404 1759
1228 251 709 1225 1841
1404 251 449 1010 1070 1239 1410
1661 974 1139 1663 1747
121 1117 1506
1117 154 1285 1306 1589
1506 341 1278 1306
579 918 1463 1539
655 782 837 872 1137 1716
1463 391 918 1686 1811
1573 391 1811 1828
1686 559 918 1811 1813
1813 527 1038
141 807 1380 1489 1749 1776
807 914 927 1164 1327 1588
917 126 407 447 694 1034 1243 1308 1563 1771 1776
1606 568 710 1109 1133 1380 1776 1984
1771 265 367 1133 1344 1380 1481 1776
1984 471 523 1164 1300 1563
124 418 523 694 730
418 434 523 575 753 1456 1635
523 434 751 753 1515
694
730 575 753 1334 1348
125 180 438 817 1101 1178 1542 1623 1763
180 193 438 537 592 1076 1623 1751 1763
438 193 1014 1101 1999
817 196 854 1313
1101 193 461 533 593 1346 1396 1623 1762
1178 193 570 1313 1762 1999
1542 134 1076 1237 1678 1731 1782 1999
1623 193 196 306 338 537 592 1346 1763 1782 1784
1763 196 306 338 533 1751 1762 1999
126 272 407 568 595 1034 1272
272 555 1055 1186 1450 1538 1601
407 856 950 1511
568 1034 1489 1511 1563 1694
595 800 818 979 1744
1034 1267 1588
1272 403 497 554 711 826 1049 1227 1635 1872
898 207 845 893 921 1231
1450 516 538 801 834 1716 1876
128 330 449 1207 1321 1887
330 449 862 1163 1257 1321 1360
449 775 1040 1139 1747
1207 198 285 693 1747 1805
1321 440 974 1040 1227 1584 1747
1887 672 906 1066 1291 1908 1993
192 555 847 1216 1511 1531 1588 1601 1966
399 323 444 800 1031 1102 1675 1788
734 244 250 323 433 1174 1344 1675 1689 1945
858 152 684 800 834 915 1155 1183
1219 152 244 321 834 950 1031 1154 1183 1269 1601 1757
1267 515 528 538 800 801 979 1186 1601 1744
1325 149 1023 1174 1432 1571 1653 1788 1938 1955
613 638 1426 1589 1660
1426 472 1779 1856
1589 638 1566 1660
131 404 726 1713 1798
404 726 1454 1713 1722 1856
726 260 638 1253 1274 1566 1676 1713 1722
1713 260 1656 1676
1798 278 307 1061 1274
193 461 593 1751
508 164 320 859 1146 1395 1475 1740 1862
563 1690 1971
859 509 1395 1475 1539 1964
1539 320 366 757 1395 1475 1880
1740 1038 1281 1395
133 1263 1527 1687
1263 224 444 1041 1121 1157 1160 1254 1527
1527 853 1121 1157 1826 1837 1879
1687 199 897 1157 1254 1826 1898
134 422 999 1587
422 590 1072 1352 1725
999 570 696 831 1587 1731
1587 802 1366 1731
135 949 1366
949 716 842 1278
1366 920 1076 1678
136 293 403 497 687 693 879 1227 1265 1635 1663 1990
293 497 1040 1227 1635 1663 1990
403 554 687 986 1392 1635 1990
497 406 440 554 687 1227 1265 1635
687 440 879 1392 1456 1990
693 986 1265 1614 1829
879 406 554 974 1375 1990
1227 554 1265
1265 775 1829
1635 434 1456
1663 646 683 1118
1990 554 751 1392
137 247 368 1140 1574 1709 1939
247 324 347 415 468 578 1097 1460 1471 1592 1720 1843
368 396 415 998 1221 1360 1460 1480 1709
1140 578 998 1221 1460 1709
1574 176 347 578 738 998 1221 1371 1709
1709 324 578 738 998 1221 1371 1460
1939 324 565 998 1720 1768
138 969 1064
969 198 277 432 610 1064 1112
1064 1008 1164 1787
139 829 882 915 1359 1552 1679 1960
829 255 690 1136 1507 1555 1643 1679 1960
882 184 528 1269 1359 1845
915 143 800 932
1359 495 985 1643
1552 481 511 540 583 932 1155 1679 1765
1679 178 481 583 690 983 1799 1970
1960 690 950 1144 1345 1639 1643 1727 1765
140 754 757 976 1550
754 1828
757 320 1395
976 476 744 872 1994
1550 391 1880
1380 428 430 1294 1563 1700 1776
1489 1243 1694
1749 914 1308 1883
1776 1087 1694 1700
339 257 474 717 786 964 1851 1869
505 340 922
1012 419 679 921 1478 1608 1816 1855
1534 634 679 922 1659
1608 340 679 1659
143 323 1023 1494 1531 1582 1736
323 250 381 454 519 1154 1174 1269 1494 1945
1023 309 495 1649 1653 1675 1788
1494 229 1154 1432 1649 1675 1788
1531 149 365 1050 1147 1271 1634 1938
1582 381 433 495 519 1174 1479
1736 810 1174 1479
406 332 390 554 1118 1151 1976
619 646 850 1866 1924
711 440 526
1924 1040 1627 1866
498 211 1000 1070 1244 1469 1627
1317 299 560 644
1718 211 672 850 1445
1732 159 179 1951 1993
1908 672 852 1410
447 454 1243 1420 1588
1186 517 538 834 1314 1538
168 786 1425
269
1056 419
1368 688 786 788 1057 1258 1415 1496 1693
1496 700 759 786
1651 335 786 1425 1846
148 663 1416
663 452 468 543 895 934 1253 1793
1416 452 1018
149 519 810 1154 1541
519 152 454 1031 1432 1649 1653
810 463 1269
1154 1031 1649
1541 454 520 1174 1571 1675 1938 1966
152 516 800 1067 1183 1269 1420 1845
178 310 572 1185 1345 1370 1478 1520 1727
1136 690 1155
1507 433 1479 1858
151 341 673 842 1017 1622 1792
341 468 1237 1306 1725 1792
673 586 1104
842 586 590 1493 1622
1017 164 366 920 1038 1959
1622 324
1792 704 1493
516 244 515 528 555 801
800 465 511 555 818 1269 1643 1727 1757
1067 511 1081 1407 1876
1183 244 511 626 801 818 1479 1639 1744 1876
1269 244 433 511 801 818 950
1420 847 1694
1845 932 1671 1727
153 366 606 743 986 1249 1281 1358 1937
366 509
606 1162 1690 1769 1918
743 1665 1820 1880 1918
986 332 1829
1249 1769 1809 1944
1281 1198 1375 1937
1358 1042 1544 1665
1937 1198 1839
154 472 590 638 1306 1570 1722
472 479 543 1253 1306 1423
590 696 831 1609 1658
638 1306
1306 738
1570 1104
1722 1454 1779 1856
198 277 471 1976
221 1637
432 187 455 899 1194 1388 1946
503 277 280 610 1787 1932
863 254 603 945 1008 1192 1509 1925 1969
1213 280 1156 1805 1853 1976
1301 1008 1509 1650 1714 1787 1946 1995
1714 277 1008 1435 1778 1917
1029 1388 1604 1626 1627
1388 240 536 1103
1626 823 1088 1789
1986 280 1151 1603 1674 1853
157 506 575 751 1042 1334
506 575 1156 1295 1334 1348 1700
575 434 517 751 753
751 434
1042 1334
1334 1308 1314 1515
386 381 450 501 1252 1374 1511 1938
450 531 812 980 1374 1634
520 325 444 641 924 980 1087 1653
159 210 329 919 1328 1445
210 329 358 644 852 905 1291 1328
329 571 644 910 1329 1824 1951
919 211 299 609 910 1951
1328 1445 1951
1445 211 644 866 910 1036 1244 1627 1951
1141 331 944 1266 1447 1848 1992
1156 610 1637 1917 1995
1953 610 1435
1014 889 1751 1784
216 1222 1979
1425 166 335 759 1057 1324
254 187 510 1509 1925 1932
603 455 1333 1509 1706 1925
899 187 1209 1540
1706 944 1399 1932
1925 455 1333 1509 1848 1917 1932 1969
1932 945 1969
1969 945 1209
164 570 782 1072
570
782 547 559 1242
1072 1038 1971
222 1257 1304 1371 1409
230 343 410 442 602 721 1239 1304 1410 1701 1759 1905 1991
1083 792 851 855 1398 1701 1728 1927
1221 327 1471
1398 231 251 602 1304
1905 851 928 935 1701 1927
166 172 700 1256 1323 1979
172 411 564 657 700 717 788 1013 1256 1478 1851
700 175 257 411 564 936 1143 1817
1256 175 411 481 1415 1979
1323 175 564 907 1005 1130 1979
1979 257 763 815 907 1005 1130 1855
921 964
1167 688 827 1324 1693 1697
786 175 688 759 827 1057
434 753 1801
1694 856 1243 1563
1801 1308 1563
229 511 538 572 964 1397 1814
411 257 419 466 551 564 657 717 1005 1013 1217 1497 1855
564 884 1013 1130 1415
657 257 310 466 551 640 1415 1478 1970
717 845 1095 1370 1556
788 622 763 783 1013 1222
1013
1478 207 846 932 964 1045 1081 1389 1466 1498 1816 1851 1947
1851 551 640 884 901 1671
792 721 851 855 1075 1429 1467
1649 255 495 983 1675 1681
175 783
783 893 1143
176 347 396 415 998 1360 1748 1991
347 578 1360 1460
396 213 1371 1460 1480 1748
415 468 738 1371 1748
998 246 578 820 1257 1360 1371 1460 1748
1360 327 578 1460 1471
1748 1785
1991 442 824 1075 1351 1701 1785 1841
578 324 327 468 738 1471 1592 1768 1973
310 184 551 640 1370 1492 1495 1497
572 207 818 932 1137 1466 1671
1185 184 1492 1727
1345 481 583 1045 1217 1370 1671 1902
1370 184 445 1081 1130 1365 1492 1495 1682 1704 1765 1970
1520 815 1090 1217 1495 1799 1855 1970
1727 1407
179 852 1010 1066 1701 1993
852 251 392 1069 1410 1841
1010 1291 1410 1429 1759
1066 906
1701 213 442 659 928 935 1927
1993 1410
537 1258
592 461 593 1346 1731 1762
1076 533 593 1234 1258 1731 1762
1751 196 338
667 759 1846
1711 938
1846
710 587 1883
1300
331 313 752 1417
443 1089 1327 1815 1852
914 1089 1164
1089 752 1164 1700 1852
1700 265 856
1815 313 367 1109 1133 1453
184
185 213 251 343 935 1438 1467
213 824 851 855 1429 1927
251 343 1785
343 231 442 928 948 1069 1410 1438 1728
935 410 824 928 1400 1438 1728 1785
1438 824 855 1467
1467 442 928 1069 1429 1759
1314 1677
1435 1650 1778 1853 1917
1917 1151 1778
187 945 1333
945 1008 1509
1333 1192 1519
282 246 268 1341 1423 1490 1793
738 324 1075 1843 1973
1220 468 1768 1973
1413 1311
196 725 889 1999
889 725 1313 1396
1346 593 1762
231 1239 1410 1728 1759 1785
442 709 721 824 948 1351 1480 1728 1785
709 602 705 787 1069 1351 1841
916 948 1275 1304
1257 705 721 948 1069 1304 1351
1351 392 1239
1728 410 602 659 705 851 928 1785 1841
1785 602 824 851 928 1069 1927
1841 410 948 1225 1759
1087 367 430 1243
1216 1050 1243 1642
1243 1164 1481 1634 1966
1511
1588 477 847 979
555 515 528 834
847 1966
1601 538 834 1538 1757
1966 321 1675
461 338 533 593 1762
593 489 533 1234 1782 1784
207 215 474 626 932 1172 1199 1466 1671
1492 690 1045 1172 1466 1855 1970
373 215 474 686 964 1855
466 845 964 1869
884 1869
1005 1090 1130 1415 1497 1855
1045 640 1556
1217 551 1495 1970
725 1258 1396
1999 306 1762 1784
918 1811 1828
920 559 662
1038 789 1768
1242 391 1095 1231
1258 533
1835 270
277 1151 1194
471 587 1976
1976 1794
199 444 1074 1157 1271 1430 1879
444 641 1102 1190
1074 1518
1157 643 853 1254 1826 1879
1271 365
1430 325 346 641 924 1837
1879 218 325 643 897 1160 1254 1826
212 452 543
479 307 543 895 1253 1285 1793
1253 278 543 895 1061
321 531 927 1634 1681
812 430 1147 1374 1634
250 381 495 1174
1155 1643 1689
1479 381 684 747 1174 1653 1675
1639 381 481 1144 1689
1689 255 381
204 464 680 742 1113 1248
464 502 664 742 1113 1688
680 501 664 1113 1585 1688
742 502 664 927 1113 1289 1347 1688 1888
1113 1585 1938
1248 927 1289
235 308 823 1088 1194 1465
560 211 240 536 644 1000
866 240 416 781 962 1166 1244 1418 1469
1088 280
1427 292 299 308 571
1674 240 292 1103 1469 1603
215 846 932 964 1172 1497 1671
474 846 964 1389 1556
626 244 950 1876
932 257 511 640 846 1172 1704
1172 1389
1199 465 528 686 1055
1466 445 640 1704 1799 1947
1671 686 845 1144 1704 1765
820 394 565 1592 1632
325 501 924 1190 1548
924 346 641 1041 1642
358 910 962
644 416 609 962
905
1291
211 1951
1951 906 1069 1070
452 307 1973
543 278 307 895 1061 1274 1856
824 602
851 855 928 1429 1927
855 369 1129 1927
1429 659 1927
1927 602 1075 1196
270 854 1313 1396
854
846 640 837 964 1389
964 267 1095
1497 257 901 1855
1222 551 1090
1274 1656 1676
1779 1856
218 853 1121 1190 1826
853 1518 1888
1121
1190 477 1102 1174 1681
1826 1254
219 281 420 764 1053 1857
281 676 1037 1053 1058 1781
420 457 545 962
764 243 345 1386 1672
1053 345 676 910 1672 1781
1857 243 345 545 668 676 931 1037 1781
220 893
893 1071 1090 1143
1637 610 1787
1304 862
1371
1409 1239
787 906 948 1239
1069 410 1040 1239 1410
1239 392 705 1410
1410 602
224 309 1518 1548 1888
309 1102 1634 1675
1518 1254 1888
1548 501
1888 1160
1768 324 1471
430 927 1147 1481
1938 927
610 440 1787
752 370 715 1266 1403 1787 1848
1787 1164 1992
313 1447 1891
370 510
510 1266 1447 1453
715
816 236 1266 1992 1995
944 1417 1995
1266 1133 1294 1403 1417
1294 1447 1992
1417 1453 1992
1447 1164 1992
1995 821 1992
511 433 528 950 1407 1945
538 979 1744
1397 801 834 1538 1814
1814
410 1400
602 928 1480
721 705
1759 928
1725 704
1971
938 1693
732
1811 391 1146 1964
308 345 457
823 457 1105
1194 1112 1540 1604 1946
1465 457 545 635
236 1164 1848 1992
1164 1883
1848 1403
1992 1403
1259 831 1015
547 559
240 1166 1418 1627 1824
609 416 962 1036
1603 571 781 962 1103 1166 1672 1824
1166 1103 1105 1789 1824
1418 781 1000 1103
1627 658 1332
1824 1244 1652
690 583 1144 1643
1144 433 1555
1765 445 985
243 676
676 571 931 1386
244 433 465 729 834 1414 1945 1955
433 1031 1945
465 528 801 950
729
834 515
1414 1081 1682 1799
1945 1432 1757
1955 454 1432
1519 1650 1853
1650 1008
246 324 369 934 1075 1129 1196
324 327 1471 1973
369 934 1566
934 1075
1075 1129
1129 1018 1196
1196 1018 1341
468 1843 1973
1097 303 1019 1049 1275 1584 1600
1460
1471
1592 327 565 1522
1720
1843 1522 1793 1973
1344 515 980 1788
1744 515 528 950 1757
1327
381 495 684 950
495 747 985
1174
252 256 1600
256 705 1600
1600 303 1163 1820 1944
253 268 1423 1793
268 1018 1061 1341 1490
1423 260 541 1061
1793 1973
1509 1008
255 540 1555
540 481 1599 1902
1555 583
705 565 862 948
257 845 1498 1817
845 267 1231 1389
1498 267 634 1095 1137 1994
1817 936
477 365 531 1147 1571 1634 1642
1041 365 643
260 278 1454 1656
278 307 1311 1490 1656
1454 382 1856
1656 541
1008 1403 1778
307 541 1490 1566
895 1490
1061 1566
1490 1341
1566
1105 292 345 457 1789
1672 781 962 1058 1386
1789 1652
265 927 937
927 531 937 980 1481
937 980
340 872 922
267 634 679 1095 1556
634 1716
679
1095 1231 1556
1556 872 1137
1018
1341 561 1676
1313 830
1396 559 811
1055 686
1538
1151 280 637
775 646 1118 1139 1866
1295 375 1326 1839
1348
1392 974
1584 303 305 826 1614 1632 1809
1820 1049 1522 1614 1809 1872
1944 303 1019 1632 1809 1872
527 830
662
1906
1311
517
280 1853
1853 536
1037 545 1171
1058 1386
1781 910
476 837
1994
922
285 390 554 1118 1747
390 554 646 683
554 440
1118 646 683 1040
1747 683 862 974 1375
1604 637
345 457
545
668 931
641 897
640 551 1855
901 551 1704 1855 1970
1365 1081 1495
1495 1090
1682 1081 1799
1704
686 1876
292 457 1652
457 1652
1652
1040 646
1862 559
1959 1731
1964 320 509
463 1788
747 983
1031 454 1653 1675
1659 391
744 1137 1475
299
586 1493
1493 802
1522 1918
1187 338 533 1352 1782
1880 391
303 1163 1275 1809 1872
1163 1019 1872
1275
1809 565 1614
1872 1614 1632
856 1563
1453
305
306
541
1102 365 501 1675
1634 346 980 1147 1252 1571 1681
1675 684 1653
551 445 480 1090 1876 1970
1676
974 1632 1829 1866
1839 1326 1829
1891 428 1051 1403
501 365 1147 1642
1160
1374 1252 1788
1837
1137 837 1389
320 1162 1475 1866 1918
1162 1475
1475
1866 906
1918
531 428
1681 365 454 1252 1571
454 684 1432 1788
327 565
1973 948
1403
565
1563 1308
571
910 1329
1329
862
332 440 683 1375 1794
440 1456
683 646
1375 1829
1794
763 936 1090
335 1324
1324 1697
980 1571
1481 1289 1571
338
1869 900
872 1389
1237 716 1278 1678
1049 1614 1690
928
948
1829 1665
346
1234 1782
1697 1693
1225
658 1244 1332 1469
1171
1332 416 672 1000 1469
1469
536 637
1103 416
1244 1070
1883 1308
962 416
1308
365
509 1146
367 428
428 1133
1480
1109
1855 900
375
1653
528 515 801 1757
801 818 950 979
684 1858
950 818 1757
382 1856
1856
1000
1036 1070
1252 1050 1147 1571
827 759 1057 1693
646
391 1231 1828
1231 1885
1828
392
394
637
1540 1112 1209 1946
1788
1395
480 1081
900 1071 1816
716 696 831 1278 1609 1658
831 696 904 1278 1285 1411 1658
1658 1609 1782
1755 437
1400
419 1816
502 664
821 1289 1347
416 781
781
753 526
1456 526
1816
1352 904 1278
1326 1198
759 1057
1057 688
1544
850
1133
1147 1571
455 1192 1399
1946 1209
1389
437 1015 1285 1660
1015 489 1660 1678
1285
1660 1411
515 1432
1852
445 985 1799 1902
985 1858
1799
1902
1104
1139
1130 815 1970
1090 815 1970
1432
1192
1399
1415
1609
1754 904
635
837
533 1762
1762 1782 1784
1278
664 1347 1688
1688
1778
1782 1731
587 526
1677
1571 1050 1642
1642
1081 815
481
688 1978
1693
489 696 802 1678
696
802
1678
789 1198
826 1665
1019 1614 1632
1070
1515
1146
1407 1643
1716
1051
526
830
1757
906 672
979
1599
1143 622 936 960 1071
559
1876
1970
704
904
561
1690
818
576 1978
960
1978
1936
583
1614 1632
1731
1784
1116
1411
1769 1198
622 936
936
897 643
643 1254
1254 1898
659
1885
1347 1289
931
672
1386
1585
1858
1289
1643
1877
1805
811
1632
1665
983
1198
815 907
907
1947
1071
1209 1112
1112
1050
1898
