0 162 210 294 371 441 526 621 959 984 1227 1319 1330 1380 1503 1803 1835 1928 1966 1993 1994
162 107 433 523 600 757 802 859 866 954 966 978 1279 1391 1669 1764 1993
210 167 244 371 404 510 551 606 723 818 826 852 866 906 1011 1024 1135 1154 1299 1319 1494 1503 1766 1803 1994
294 1 133 306 339 378 414 621 849 932 959 975 984 1165 1428 1903
371 167 549 709 818 826 1032 1054 1227 1432 1584 1684 1771 1994
441 241 865 866 902 1011 1227 1235 1330 1494 1794 1803 1861 1994
526 46 510 621 902 1054 1154 1227 1279 1319 1330 1584 1658 1696 1740 1861 1888 1928 1994
621 475 752 849 946 984 1154 1165 1176 1295 1330 1429 1696 1854
959 9 101 392 414 494 540 559 589 608 663 693 733 775 849 1165 1613 1622 1661 1704 1903 1910 1967
984 414 574 775 997 1015 1054 1100 1176 1295 1334 1342 1555 1661 1842
1227 489 551 709 717 723 818 924 1024 1064 1154 1295 1374 1583 1648 1701 1841 1888 1993
1319 164 165 489 551 600 709 803 902 1154 1279 1330 1391 1408 1423 1494 1803 1928
1330 31 464 1024 1100 1154 1261 1429 1584 1658 1669 1861 1928 1994
1380 9 60 244 265 511 608 679 709 915 944 997 1024 1216 1494 1598 1613
1503 91 404 510 852 1032 1179 1234 1236 1454 1684 1727 1771 1889
1803 241 276 440 510 551 754 802 818 865 909 1032 1064 1154 1347 1494 1584 1928
1835 191 378 404 634 717 721 750 799 839 1032 1178 1262 1432 1685 1809
1928 38 165 339 902 932 946 954 1176 1423 1584 1740 1888 1994
1966 454 574 775 1100 1176 1374 1423 1685 1766 1794 1903
1993 94 163 322 378 440 523 551 865 938 948 1091 1391 1429 1701 1766 1861
1994 276 551 794 812 865 932 946 997 1279 1423 1584 1766 1841 1888
1 339 464 483 588 603 722 752 932 953 975 979 997 1091 1176 1253 1428 1583 1768 1773 1854
339 483 574 588 663 953 975 1015 1165 1176 1270 1275 1334 1428 1658 1731 1773
464 159 306 372 475 559 997 1100 1253 1334 1423 1740 1875 1888 1992
483 599 649 673 693 745 923 1622 1704 1722 1963
588 77 104 278 372 670 722 888 943 979 1078 1100 1253 1275 1326 1337 1661 1842 1967
603 584 716 745 807 817 845 880 1080 1327 1352 1763 1767 1828 1848
722 40 188 329 414 631 673 845 885 1129 1352 1369 1704 1722 1906 1963
752 408 574 689 930 932 997 1100 1334 1666 1740 1841 1854
932 574 649 663 943 997 1015 1165 1429 1658 1854
953 365 574 649 849 943 1015 1078 1275 1326 1428 1475 1555 1583 1719 1773 1842 1881
975 278 365 604 663 885 888 930 943 979 997 1015 1100 1176 1279 1428 1546 1704 1719 1854 1967
979 77 392 564 670 943 1015 1270 1326 1428 1475 1488 1658 1875 1963 1967
997 46 475 529 599 849 1207 1428 1555 1594 1719 1773
1091 306 360 559 867 943 951 1334 1720 1780
1176 60 306 392 574 599 663 943 1015 1295 1428 1622 1881
1253 173 420 574 930 1015 1334 1429 1583 1875
1428 66 101 306 574 1015 1100 1207 1719 1740 1854
1583 365 564 663 822 1165 1488 1766
1768 9 265 291 494 511 658 679 944 1054 1290 1454 1604 1622
1773 180 188 278 604 673 867 888 1220 1326 1401 1488 1546 1881 1967
1854 173 663 849 1064 1100 1165 1326 1334 1546 1764 1766 1888 1960
2 51 561 597 674 770 1191 1702
51 79 128 202 233 419 652 711 732 749 846 969 974 1113 1131 1157 1163 1258 1625 1816 1907 1938
561 34 72 225 236 376 425 565 668 850 1038 1069 1501 1777 1804 1905 1940
597 653 850 994 1191 1304 1501 1527 1547 1665 1864 1907
674 135 653 1191 1304 1370 1527 1625 1663
770 34 135 336 630 653 747 1191 1370 1501 1547 1561 1751 1804 1811 1837
1191 4 264 773 994 1547 1573 1663 1837 1990
1702 70 222 264 302 450 1114 1920
3 166 479 821 855 913 934 1004 1137 1504 1578 1606
166 6 53 318 513 640 680 748 1001 1099 1189 1228 1280 1529 1748 1891
479 158 242 594 878 912 1084 1115 1137 1355 1405 1538 1553 1606 1644 1971
821 489 870 912 934 1104 1481 1553
855 242 385 601 766 783 878 1046 1084 1306 1482 1538 1971
913 41 54 611 764 1021 1026 1046 1097 1473 1786 1795
934 52 57 242 748 870 912 958 1001 1182 1184 1411 1421 1529 1578 1748 1817
1004 27 372 869 1126 1366 1460 1490 1729 1762 1846
1137 37 183 594 1145 1256 1372 1592 1641 1921 1974
1504 37 48 242 536 864 1026 1046 1059 1084 1087 1104 1145 1228 1422 1489 1587 1987
1578 112 740 830 1099 1411 1460 1485 1729 1786
1606 52 207 243 582 610 740 1073 1306 1476 1592 1795 1934
4 1038 1573 1625
1038 29 72 149 298 434 460 773 995 1161 1431 1804
1573 336 566 1367 1697 1818 1955 1985
1625 68 79 99 143 206 321 381 630 652 732 850 891 1069 1289 1304 1539 1811 1816 1864 1907
5 84 471 491 503 546 960 1174 1294 1307 1577 1671 1782 1896 1954
84 97 271 332 506 546 1057 1221 1284 1307 1381 1467 1574 1577 1929
471 156 316 353 403 493 686 697 927 957 960 1062 1144 1307 1471 1911 1929 1933
491 247 271 402 503 661 992 1294 1378 1406 1438 1865 1867 1896 1909
503 16 83 94 337 422 465 506 546 585 619 765 1125 1309 1550 1577 1749
546 16 271 326 332 539 579 585 643 1309 1339 1577 1692 1782 1973
960 403 697 704 897 927 1056 1162 1242 1307 1680 1924
1174 61 280 349 499 751 905 982 1156 1329 1414 1560 1929 1998
1294 85 271 358 402 571 619 720 1339 1340 1973
1307 16 528 542 1102 1125 1127 1309 1550 1681 1689
1577 83 190 326 465 496 695 704 1162 1388 1692 1749
1671 49 100 285 331 370 550 579 1121 1197 1277 1329 1406 1896 1909 1946
1782 119 361 421 558 854 1378 1680
1896 247 358 626 955 992 1109 1194 1277 1381 1406 1439 1467 1533 1874 1909 1980
1954 59 97 213 326 358 373 402 496 539 542 579 619 833 1194 1340 1358 1381 1453 1467 1789
6 52 168 243 318 513 570 672 816 985 1130 1182 1405 1422 1437 1498 1551 1765 1891
52 273 570 594 779 941 1087 1239 1280 1362 1371 1405 1421 1481 1498 1553 1748
168 37 63 216 242 249 447 912 1050 1182 1280 1405 1489 1551 1765 1846 1921
243 37 183 513 594 740 1411 1422 1485 1551 1656 1765 1891 1921 1987
318 56 568 912 1001 1067 1099 1498 1529 1538 1817
513 37 40 181 357 570 740 814 977 985 1001 1047 1050 1182 1228 1362 1551 1817 1921
570 112 292 295 335 447 640 753 830 1099 1104 1228 1267 1446 1460 1485 1891 1936 1995
672 48 74 183 207 398 582 617 730 916 999 1002 1073 1145 1387 1551 1592 1812 1834 1921 1945
816 214 740 916 985 1182 1228 1280 1332 1551 1817 1829 1921 1934
985 48 141 242 740 1067 1437 1481 1656 1812 1921 1934
1130 249 328 502 617 1128 1243 1505 1637 1690 1817 1878 1995
1182 48 63 725 740 830 1498 1538 1690
1405 32 37 502 594 784 1001 1073 1128 1170 1371 1420 1482 1500 1553 1656 1971
1422 63 89 137 141 502 1001 1047 1332 1420 1433 1542 1552 1712 1817
1437 37 82 384 646 830 848 1016 1332 1485 1581 1656
1498 48 63 141 601 740 958 1050 1104 1190 1280 1529 1644 1817 1921
1551 63 447 784 1104 1208 1228 1267 1280 1288 1328 1332 1542 1553 1817 1826 1891 1934
1765 56 594 601 740 1097 1306 1362 1371 1421 1482 1641 1748 1971 1995
1891 112 447 509 729 730 784 1104 1138 1362 1371 1481 1644 1995
7 96 304 305 307 669 767 843 1039 1156 1414 1457 1507 1673 1753 1769 1840 1872 1946
96 30 170 468 669 792 1020 1058 1203 1277 1457 1624 1746 1872 1946 1950
304 307 393 455 488 843 898 964 1160 1218 1250 1430 1610 1675 1676 1900
305 144 287 393 455 488 636 669 828 936 982 987 1156 1169 1390 1457 1560 1574 1840 1900
307 30 144 504 756 982 1160 1185 1255 1320 1400 1417 1630 1632 1880
669 144 756 810 898 905 982 1020 1124 1202 1430 1545 1560 1630 1676 1872 1972
767 124 287 445 532 897 1136 1156 1193 1238 1379 1508 1525 1574 1998
843 204 468 800 964 982 1020 1079 1160 1169 1193 1203 1250 1400 1414 1457 1610 1746 1872
1039 30 144 455 481 964 1160 1185 1457 1531 1589 1754 1900 1961 1991
1156 119 504 527 982 1124 1193 1525 1560 1673 1746 1753
1414 20 285 341 468 481 982 1020 1162 1390 1574 1589 1624 1746 1870 1991 1998
1457 174 204 254 455 667 904 964 1079 1596 1630
1507 124 355 456 504 560 800 868 901 926 998 1010 1057 1341 1632 1754
1673 349 499 1162 1381 1509 1574
1753 705 751 756 897 936 1020 1058 1430 1746 1947
1769 87 468 504 705 1010 1020 1057 1292 1293 1545 1574 1624 1946
1840 87 393 488 756 936 982 1020 1079 1095 1193 1203 1430 1508 1610 1746 1863 1998
1872 87 201 204 810 1058 1160 1341 1676 1946
1946 87 124 128 349 705 810 1020 1197 1252 1439 1589 1615 1624 1746 1866 1947
8 490 498 509 696 1196 1215 1288 1526 1743 1883 1893 1902
490 117 237 780 986 1029 1385 1556 1609 1732 1877 1893 1902 1982
498 118 120 176 417 664 834 921 1029 1076 1213 1385 1743 1902
509 112 292 295 447 830 851 986 1050 1073 1285 1288 1384 1433 1552 1952
696 137 182 197 252 253 383 685 785 976 1076 1103 1356 1415 1922
1196 356 664 665 715 882 1225 1288 1337 1384 1385 1466 1468 1526 1562 1609 1852 1877 1893
1215 160 282 354 436 543 576 716 771 880 900 1143 1399 1582 1650 1926
1288 33 45 118 182 344 768 834 903 986 1636 1925 1937 1965
1526 33 64 252 262 292 334 417 615 651 684 884 1187 1192 1462 1556 1695
1743 281 644 881 952 1172 1385 1468 1505 1597 1636 1756 1877 1893
1883 64 368 485 613 666 759 780 834 835 853 976 1140 1192 1204 1412 1458 1715 1723
1893 344 834 884 921 1172 1466 1708 1732
1902 252 281 497 615 644 664 703 780 834 908 921 1556 1877
9 46 76 134 191 265 289 494 511 679 733 944 1178 1272 1347 1598 1794 1799 1885 1903
46 191 414 549 709 733 849 923 1165 1347 1423 1584 1622 1696 1794 1885
76 60 265 289 430 548 592 658 961 1096 1286 1454 1613 1885 1903 1910
134 529 592 679 721 754 915 1454 1598 1903
191 60 93 265 333 430 592 679 721 775 1064 1178 1272 1454 1598 1809 1885 1889 1915
265 60 430 511 608 679 733 826 944 1054 1096 1272 1454 1594 1885 1903 1910
289 10 108 510 733 826 915 1054 1299 1432 1451 1771 1794 1809
494 462 589 1096 1842
511 113 378 430 592 679 902 1272 1296 1432 1613 1799 1903 1910 1912
679 60 414 915 1178 1216 1264 1272 1598 1613 1885 1888
733 414 462 592 709 754 775 1347 1555 1622 1696 1794 1842 1912
944 241 378 437 452 548 549 1054 1064 1272 1374 1454 1701 1809 1912
1178 43 291 378 404 548 915 1235 1264 1901 1915
1272 60 113 291 430 775 1054 1290 1361 1432 1454 1613 1701 1876 1903 1915
1347 291 414 1295 1342 1696 1731 1740 1794 1889 1903
1598 60 108 113 133 592 599 775 1096 1295 1622 1799
1794 414 549 1064 1570 1885
1799 60 529 693 775 1096 1454 1885 1910
1885 108 113 529 592 608 799 1179 1207 1392 1613 1622 1771 1903
1903 462 529 592 754 1096 1454 1555 1622 1661 1910
10 274 404 469 656 717 1032 1299 1336 1424 1612
274 36 208 406 567 706 1025 1262 1365 1388 1645 1716
404 215 606 786 924 1350 1612
469 88 389 924 1424 1727 1783
656 107 215 218 323 547 786 839 906 1055 1077 1727 1744
717 81 215 239 433 478 551 694 723 866 906 1135 1701 1855 1918
1032 167 241 322 786 852 858 866 1234 1612 1685 1771
1299 86 91 215 858 1216 1247 1264 1290 1350 1451 1612 1801 1850 1899
1336 448 567 634 899 1286 1290 1350 1440 1513 1612 1721 1727 1752 1943 1944
1424 215 220 448 459 786 899 914 1077 1234 1286 1451 1540 1612 1855 1859 1968
1612 28 389 606 721 786 1024 1286 1290 1432 1628 1685 1820 1968
11 310 473 536 610 764 1171 1301 1349 1500 1559 1643 1646 1705 1824 1908 1945
310 207 712 1014 1042 1043 1097 1349 1387 1523 1559 1745 1945 1974 1999
473 196 764 1002 1171 1301 1459 1472 1588 1600 1603 1640 1646 1776 1908 1935
536 47 611 712 1248 1349 1476 1559 1603 1745 1795
610 48 207 398 1021 1042 1073 1145 1301 1349 1355 1420 1476 1486 1489 1745 1974
764 149 317 702 774 787 861 920 937 1274 1588 1600 1640 1793 1935 1977
1171 54 74 116 231 1002 1042 1115 1397 1500 1530 1643 1705 1935
1301 54 123 231 390 442 676 774 787 876 1389 1397 1619 1643 1977
1349 129 398 582 766 1067 1145 1559 1974
1500 207 530 582 730 814 999 1145 1581 1600 1602 1646 1824 1945 1999
1559 170 231 321 530 534 676 712 1021 1067 1097 1248 1306 1355 1795 1908 1971 1999
1643 772 916 999 1042 1097 1190 1397 1565 1588 1705 1778 1824 1833 1935 1945
1646 196 384 435 519 788 990 1002 1016 1094 1274 1281 1565 1588 1640 1778 1812 1824
1705 385 398 787 848 1084 1281 1602 1824 1945
1824 129 357 611 1002 1042 1099 1145 1173 1588 1592 1878 1945
1908 171 398 743 819 937 1233 1297 1459 1640 1711 1776 1833 1981
1945 54 999 1485 1935
12 116 460 565 566 732 793 1036 1060 1132 1161 1180 1283 1316 1436 1699
116 177 232 616 793 990 1036 1060 1212 1283 1324 1398 1449 1714 1793
460 29 68 72 225 336 346 407 434 565 566 687 1018 1316 1483 1517 1639 1818 1838 1969
565 29 72 298 434 480 645 1018 1049 1060 1147 1163 1398 1639 1688 1818
566 217 298 480 538 687 995 1060 1180 1755 1818 1838 1985
732 68 348 598 668 1069 1139 1163 1175 1283 1663 1804 1816 1845 1856 1955
793 13 317 382 507 538 668 675 787 937 1164 1281 1324 1431 1449 1640 1711 1714 1793 1939
1036 13 149 507 556 827 1018 1060 1132 1139 1147 1283 1316 1517 1558 1640 1777 1804 1805 1838 1905 1939
1060 29 68 135 410 556 773 995 1517 1539 1664 1793
1132 13 129 424 538 972
1161 99 135 410 424 538 624 668 920 974 1164 1180 1289 1447 1793 1938
1180 177 217 261 317 424 442 624 668 891 1139 1436 1539 1600 1755 1792 1986
1283 67 95 177 232 434 556 1049 1316 1483 1517 1558 1804 1871
1316 29 72 194 346 348 419 773 1139 1175 1409 1483 1517 1639
1436 298 538 668 933 995 1163 1324 1389 1459 1539 1547 1640 1793 1977
1699 95 177 194 225 232 298 346 556 668 675 687 937 1049 1134 1139 1449 1517 1558 1639 1792 1838 1940 1953
13 15 609 1097 1164 1212 1274 1324 1476 1714 1939
15 95 405 476 1019 1070 1082 1090 1094 1558 1586 1626 1790 1858 1879 1969
609 196 227 314 435 990 1037 1153 1477 1581 1710 1778
1097 54 231 398 530 676 824 874 937 1214 1317 1397 1745 1977 1999
1164 424 624 652 668 675 743 749 1131 1324 1449 1561 1755 1776 1845 1977
1212 149 411 476 1324 1547 1792 1793 1997
1274 129 196 443 787 972 990 1002 1324 1586 1939 1978
1324 67 382 432 787 1016 1082 1706 1714 1833 1999
1476 54 582 624 916 939 1021 1042 1067 1145 1173 1248 1420 1592 1641 1974 1999
1714 317 624 668 1082 1449 1939
1939 55 317 390 443 624 937 972 1281 1619 1640 1755 1935
14 379 659 847 1146 1312 1376 1590 1667 1790
379 345 347 612 724 857 1052 1159 1599 1703
659 195 577 612 618 727 825 1003 1090 1426 1563 1590 1599 1667 1687 1806 1807 1956
847 121 397 467 755 1030 1683 1790 1800 1813 1858 1917
1146 223 413 432 620 825 1003 1122 1353 1563 1599 1687 1691
1312 212 825 827 988 1037 1052 1246 1353 1354 1402 1464 1474 1497 1565 1590 1659 1715
1376 169 200 374 413 453 577 1019 1122 1426 1516 1593 1703 1739 1800 1984 1986
1590 121 154 397 988 1003 1017 1030 1395 1516 1659 1941
1667 639 1003 1122 1153 1229 1395 1687 1806
1790 24 69 195 223 245 453 538 1082 1153 1683 1956
95 72 217 298 407 538 787 827 1134 1147 1367 1386 1431 1483 1755 1777 1805
405 67 90 260 453 657 1153 1431 1449 1586 1620 1969 1997
476 67 74 121 258 1070 1153 1543 1586 1626 1688 1739 1879 1969
1019 154 374 413 577 620 657 1229 1426 1543 1593 1620 1739 1805
1070 121 432 1028 1093 1153 1626 1819 1826 1969
1082 217 245 432 616 1426 1626 1800 1879 1969 1984
1090 90 169 200 223 347 374 577 620 657 1006 1030 1201 1222 1246 1375 1402 1426 1623 1800
1094 338 519 725 814 1074 1626 1826 1978
1558 132 149 177 232 300 336 376 507 538 827 1018 1049 1134 1348 1431 1792 1955
1586 147 411 1037 1093 1222 1398 1477 1619 1626 1688
1626 121 411 432 1510 1683 1813 1858 1914
1858 338 347 1028 1093 1153 1222 1683 1710 1879
1879 24 121 968 972 1122 1153 1201 1363 1640 1683 1956
1969 90 177 260 407 675 1281 1819 1984
16 100 286 332 349 422 809 1027 1102 1127 1467 1798
100 320 465 635 1045 1244 1571 1618 1634 1758 1836
286 239 323 433 629 938 1075 1107 1177 1206 1383 1391 1463 1580 1693 1744 1849 1859
332 83 326 358 465 496 1378 1406 1453 1467
349 87 1162 1827 1863 1865
422 83 163 337 358 991 1125 1340 1523 1550 1749
809 465 695 1027 1102 1125 1127 1465 1634 1892 1911
1027 97 190 326 427 695 1102 1125 1127 1194 1528 1550 1863 1892 1929
1102 337 496 1022 1127 1309 1444 1467 1471 1550 1681 1726 1911 1933
1127 17 337 353 506 558 695 1125 1443 1550 1892
1467 47 85 125 496 521 539 542 682 707 812 833 980 1035 1194 1339 1358 1378 1689
1798 59 190 585 682 896 1043 1407 1453 1528 1666 1736
17 156 399 524 643 957 1007 1550 1713 1867 1980
156 316 326 353 927 957 1056 1119 1144 1520 1933 1980
399 558 697 879 957 1056 1144 1461 1866
524 327 929 1357 1499 1608 1942
643 327 423 558 1125 1219 1873
957 316 423 493 558 1119 1144 1461 1796 1980
1007 423 798 929 1033 1465 1618 1942
1550 558 879
1713 18 353 493 635 1033 1056 1062 1162 1309 1382 1672 1836
1867 85 257 466 550 579 720 928 1035 1197 1378 1453 1749 1999
1980 18 326 337 353 558 1119 1162 1242 1315 1520 1672 1892 1929 1933
18 326 353 1390 1532 1692 1892
326 506 542 585 695 1520 1749 1892 1911 1973
353 403 465 493 697 1056 1062 1381 1634 1866 1873
1390 119 445 532 756 890 897 936 987 1124 1193 1430 1471 1508 1509 1560 1574 1610 1676 1998
1532 61 751 982 987 1863
1692 49 59 62 83 131 213 528 866 980 1339 1785 1853 1913
1892 423 558 765 1011 1125 1309
19 42 125 163 165 259 366 451 682 859 894 917 1152 1240 1291 1572 1658 1682 1825
42 115 165 273 387 433 451 559 757 820 978 1401 1948
125 97 175 297 528 579 585 765 871 917 935 965 991 1013 1221 1251 1284 1359 1506
163 80 373 408 802 886 935 940 963 1221 1300 1407 1572 1718 1825 1949
165 164 178 359 454 523 557 750 849 902 978 1110 1240 1261 1429 1456
259 80 523 535 623 871 935 1152 1249 1300 1359 1407
366 359 391 757 812 965 1118 1282 1300 1493 1718
451 59 61 80 173 199 528 551 704 871 940 1152 1206 1249 1284 1359 1419 1572 1726 1744 1853
682 59 213 396 521 928
859 218 322 359 391 750 812 940 1240 1291 1493 1669 1682 1726 1825 1861
894 78 80 131 213 623 833 871 965 980 1152 1251 1419 1479 1528 1652 1669 1825 1949
917 297 373 528 704 798 840 935 1045 1221 1340 1493 1685 1911
1152 80 175 297 523 629 704 871 980 991 1089 1181 1300 1407 1452 1572 1718 1726 1825 1927 1949
1240 115 131 440 600 966 1261 1482 1720 1780
1291 115 131 159 391 523 600 623 757 966 1261 1282 1456 1718 1825 1949
1572 78 80 297 704 812 860 871 935 954 1642 1666 1726 1758
1658 273 306 766 978 1100 1404 1546 1669 1766 1841 1967 1992
1682 83 88 131 535 750 802 803 909 954 1089 1383 1423 1645 1949
1825 78 535 600 779 820 940 963 1118 1261 1419 1443 1479 1669 1718
20 85 271 575 926 1292 1341 1589 1615 1750
85 49 97 358 496 542 579 833 1109 1251 1269 1308 1329 1358 1388 1453 1506 1749 1827 1911 1927
271 331 358 396 402 496 579 720 901 992 1022 1269 1277 1292 1329 1396 1406 1827 1895 1909
575 124 138 280 358 388 508 571 655 661 720 763 873 1345 1455 1533 1750 1869 1950
926 73 285 456 661 868 1632 1870 1950
1292 87 201 810 955 983 1010 1057 1197 1250 1341 1400 1406 1589 1615 1947
1341 138 145 201 321 800 810 1072 1185 1238 1615 1632 1839 1870 1874 1930 1947 1950
1589 868 1615 1624
1615 73 87 138 201 280 355 560 901 1010 1400 1406 1536 1633
1750 61 122 370 763 873 955 1232 1252 1311 1345 1406 1439 1533 1536 1839 1865 1869
21 324 863 904 1160 1255 1694 1989
324 148 270 531 596 667 813 863 1079 1183 1417 1754 1961 1975
863 270 596 667 904 1086 1142 1364 1417 1519 1694 1975
904 270 596 1142 1417 1441 1694 1975
1160 204 455 468 481 936 964 1058 1241 1531 1596 1676 1754
1255 30 144 270 667 893 1079 1148 1218 1596 1675 1880 1961 1991
1694 148 270 667 1142 1417 1961
1989 477 889 907 967 1088 1148 1186 1320 1779
22 217 236 345 407 416 463 537 577 637 701 931 1005 1061 1205 1237 1375 1512 1534 1674 1747 1788
217 194 376 480 887 1018 1049 1134 1398 1818
236 35 325 345 461 463 486 945 1061 1198 1398 1627 1674 1831
345 114 461 537 734 1061 1205 1521 1563 1579 1593 1807
407 325 518 687 1049 1198 1201 1375 1386 1543 1674 1792
416 194 260 374 461 618 1198 1386 1543 1703
463 35 363 376 518 537 544 641 945 1205 1409 1623 1662 1788 1898
537 200 221 461 931 1061 1231 1375 1445 1534 1664 1917 1940
577 152 154 347 411 413 620 1402 1516 1956
637 194 200 413 1005 1098 1205 1322 1543 1579 1593 1623 1627 1664 1805 1986
701 152 169 224 931 1005 1061 1229 1375 1410 1521 1599 1623 1687
931 24 114 152 347 413 825 1092 1122 1223 1543 1806 1917 1951
1005 35 194 544 616 1195 1410 1543 1579 1593 1627 1664 1747 1986
1061 363 374 544 1098 1222 1322 1521 1664 1807 1898 1976
1205 224 461 618 1049 1375 1398 1431 1497 1512 1548 1579 1627 1986
1237 152 224 240 1201 1375 1410 1512 1534 1620 1627 1951
1375 90 152 461 612 827 1092 1098 1159 1229 1426 1445 1497 1512 1521 1563 1593 1623 1734 1788
1512 132 544 1195 1322 1410 1521 1664 1788 1831 1940 1951
1534 325 641 692 773 945 1521 1548 1747 1871 1953 1985
1674 35 1548 1940
1747 200 325 363 518 544 1195 1521 1627 1664 1792 1805 1917
1788 195 303 518 544 734 1410 1426 1435 1579 1700 1734
23 233 531 713 731 994 1772 1787 1919
233 127 128 309 369 474 731 749 873 933 969 1044 1484 1554
531 126 206 562 662 711 846 1311 1787 1919
713 102 264 1276 1442 1665
731 55 128 226 309 330 474 508 550 562 738 782 993 1393 1654 1844
994 136 228 261 661 1065 1276 1536 1665 1706 1920
1772 102 280 309 330 388 655 846 873 983 1051 1072 1114 1254 1360 1633 1787 1930
1787 126 143 206 226 377 388 782 998 1053 1554 1847
1919 267 377 388 456 508 626 760 846 872 1120 1302 1338 1502 1847
24 121 195 338 518 755 1003 1363 1402 1739 1784
121 67 432 988 1028 1037 1074 1105 1153 1333 1561 1710 1941
195 825 883 1402 1510 1679 1700
338 50 158 189 224 234 248 249 482 729 962 1074 1168 1333 1470 1510 1668 1686 1958 1983
518 35 221 240 363 544 641 734 1195 1198 1322 1409 1563 1627 1664 1940 1986
755 223 245 397 480 1003 1363 1398 1703
1003 620 825 1168 1363 1395 1402 1599 1679
1363 69 223 347 620 1260 1386 1426 1563 1691 1703 1956
1402 223 620 844 1030 1599 1659 1806
1739 200 221 223 347 413 827 1006 1229 1800 1807 1956
1784 154 224 618 727 1122 1223 1395 1426 1497 1593 1627 1951
25 188 296 352 458 745 910 996 1143 1226 1265 1268 1318 1343 1369 1828
188 77 372 807 1085 1220 1226 1495 1568
296 44 57 313 352 552 949 996 1369 1756 1823 1906
352 27 66 133 514 515 584 728 789 807 817 845 856 996 1078 1129 1490 1649 1848 1852
458 288 632 807 1083 1143 1268 1369 1791 1814 1821 1906
745 367 484 744 885 1129 1151 1541 1604 1906
910 313 484 515 576 584 587 804 996 1083 1327 1369 1468 1649 1657 1791 1814
996 44 313 354 436 744 880 900 949 981 1143 1313 1434 1657 1733 1848 1852
1143 514 632 716 880 1083 1366 1369 1425 1655 1763 1767 1814 1906
1226 185 329 365 715 845 1112 1129 1313 1366 1495 1546 1963
1265 313 354 367 587 649 817 845 1080 1129 1352 1366 1651 1906
1268 57 356 401 515 568 647 665 718 728 881 1225 1343 1597 1655 1657 1708 1730 1852
1318 160 288 515 632 880 900 1650 1797 1814 1848
1343 44 160 185 728 790 882 1085 1313 1337 1564 1651 1708 1770
1369 77 313 484 744 817 1366 1708 1763 1828
1828 44 771 804 807 845 880 1129 1313 1327 1366 1495 1767 1832
26 139 179 446 547 906 914 1055 1108 1607 1802 1815 1849 1873
139 157 179 323 389 448 706 899 1025 1055 1107 1123 1515 1567 1645 1716 1727 1742 1796 1855
179 208 547 798 911 1456 1645 1648 1815
446 239 406 547 567 698 911 1055 1123 1357 1383 1451 1645 1757 1820
547 629 698 815 914 922 1075 1167 1571 1595 1645 1815 1873
906 81 88 107 220 239 478 694 840 938 1123 1135 1494 1513 1693 1716 1757 1855 1913
914 323 444 459 567 710 750 815 938 954 1025 1055 1123 1167 1234 1365 1444 1463 1513 1742 1801 1820 1836
1055 323 607 698 758 839 899 1025 1107 1123 1899
1108 607 706 922 1025 1135 1357 1444 1802 1849
1607 106 320 427 619 798 815 860 1011 1382 1444 1580 1681 1929
1802 406 439 690 699 911 1107 1820
1815 698 892 1011 1262 1515
1849 150 175 297 551 567 629 686 938 1011 1064 1123 1540 1742 1913
1873 427 860 892 1123 1244 1382 1388 1461 1608 1681
27 180 372 647 736 761 882 888 943 989 1087 1126 1568 1651 1846 1875 1882
180 420 574 689 789 1126 1170 1326 1475 1875 1881 1960
372 77 640 869 888 989 1078 1126 1239 1384 1490 1882
647 160 761 882 1099 1421 1460 1568 1709 1846
736 57 229 356 1192 1384 1385 1707 1741 1995
761 160 185 602 882 989 1047 1133 1267 1285 1762
882 77 266 673 753 881 884 919 1078 1099 1285 1332 1460 1542 1709 1737 1846
888 663 943 1112 1546 1719 1762 1823 1886 1960
943 77 365 367 548 1170 1270 1326 1488 1709 1722 1948 1960 1963
989 266 627 665 728 1126 1239 1490
1087 708 811 864 912 1059 1482 1641 1761 1971 1987
1126 44 185 365 564 670 869 1085 1170 1326 1366 1368 1490 1762 1823 1846 1960
1568 266 514 627 715 744 789 817 1085 1313 1366 1495 1649 1708 1823
1651 160 185 329 568 715 728 900 1078 1239 1337 1490 1562 1708
1846 1184 1368 1421 1709
1875 420 867 869 951 1170 1488 1661 1881
1882 44 160 665 789 856 981 1085 1110 1261 1313 1366 1490 1495 1564 1708
28 88 107 239 440 567 629 954 1340 1452 1585 1918
88 107 239 1077 1580 1685 1918
107 81 323 694 803 924 1492 1669 1685
239 81 694 938 1075 1123 1452 1580 1585 1820 1855 1918
440 78 273 276 902 909 1154 1374 1391 1701 1718
567 459 1077 1177 1391 1513 1693 1716 1742 1757 1820
629 78 459 840 954 1011 1045 1513 1580 1681 1744 1820
954 81 131 391 909 938 1391 1408 1585 1727 1744 1758 1949
1340 59 83 97 213 297 358 421 585 619 704 765 892 918 935 1066 1121 1358 1359 1514 1652 1726 1736 1853
1452 108 501 535 815 909 1075 1177 1580 1913
1585 36 80 218 276 694 803 866 1075 1135 1408 1580 1685 1742
1918 81 709 866 1179 1855 1890
29 72 225 260 298 300 556 581 675 1323 1367 1431 1501 1549 1804 1843 1905
72 232 298 434 581 773 887 1639 1805 1843 1938 1990
225 68 434 850 1018 1139 1367 1639 1838 1843 1955
260 67 149 346 432 1367 1527 1579 1639 1805 1997
298 538 581 974 1134 1139 1367 1483 1818 1843
300 135 228 773 1289 1370 1527 1665 1838
556 232 346 424 507 616 1018 1409 1431 1483 1620 1639 1777
581 194 480 522 1131 1134 1386 1548 1792
675 317 410 424 668 995 1449 1640 1711 1977
1323 194 232 538 1018 1030 1098 1431 1620 1792 1997
1367 645 1134 1804 1843
1431 35 194 232 538 1018 1483 1639 1805 1819 1838 1843 1871 1986
1501 34 425 630 891 1304 1370 1527 1663 1811
1549 132 325 641 945 1134 1147 1198 1348 1818 1905 1953 1990
1804 34 348 522 850 1409 1547 1697 1905
1843 522 1139 1348 1777 1793 1838 1985
1905 34 434 973 1002 1139 1527 1838 1955
30 73 174 201 893 1057 1117 1202 1630 1635
73 124 145 206 370 711 738 792 800 967 993 1072 1238 1293 1400 1484 1635 1870 1930
174 87 254 270 1057 1186 1630
201 331 456 481 792 810 901 1010 1057 1141 1202 1250 1400 1880
893 148 457 596 681 1079 1142 1169 1630 1675 1961 1975
1057 87 355 456 741 982 1010 1400 1839
1117 145 235 573 596 667 741 805 838 1141 1142 1186 1314 1417
1202 277 287 393 488 756 1058 1095 1193 1675 1746 1754 1904 1991
1630 898 1141 1250 1746
1635 148 285 741 778 805 889 907 967 1088 1148 1186 1257 1293 1403 1830 1964
31 40 173 178 273 454 489 802 1401 1421 1493 1720
40 38 164 360 454 542 978 1110 1407 1429 1720 1740 1748 1992
173 38 115 164 273 322 559 820 935 940 951 965 1154 1764
178 115 360 391 454 867 958 963 978 1046 1110 1184 1404 1780
273 38 159 164 414 489 820 867 1729 1888 1890
454 78 164 489 820 886 1014 1404 1429 1780
489 164 965 978 1077 1423 1494 1720 1764
802 78 115 131 523 559 600 623 757 820 909 1089 1391 1456
1401 115 164 591 820 849 862 866 930 978 1110 1443 1720 1948
1421 56 748 870 912 1133 1280 1328 1529 1553 1644
1493 159 557 812 886 940 1084 1251 1358 1666 1718
1720 38 164 218 902 1110 1764
32 482 851 919 1150 1469 1552 1656 1688
482 147 189 203 212 249 395 646 725 791 1009 1172 1209 1321 1686 1712 1958
851 92 219 335 700 729 952 1433 1469 1552 1616 1829 1925 1934 1937
919 92 147 189 249 411 415 554 646 788 977 1209 1217 1446 1474 1485 1690 1712 1813 1862
1150 147 249 252 395 435 617 730 1030 1128 1243 1246 1332 1469 1474 1878 1921
1469 335 395 729 730 952 1128 1209 1267 1552 1686 1829 1878 1934
1552 141 219 295 335 502 729 784 791 830 1128 1208 1280 1371 1636 1829
1656 48 89 141 216 730 999 1073 1921
1688 129 554 646 787 1012 1017 1037 1093 1775 1813 1958 1983
33 45 64 137 219 252 256 334 485 525 700 921 952 1029 1172 1187 1217 1433 1462 1695 1741 1829 1922 1996
45 250 344 426 740 884 1187 1192 1412 1462 1505 1617 1636 1695 1925 1937 1995
64 137 613 651 666 759 768 785 875 1204 1464 1887 1922 1996
137 182 256 334 485 520 651 666 685 768 785 1213 1556 1735 1922 1996
219 334 417 666 908 952 1166 1187 1433 1458 1829 1937 1996
252 256 292 299 334 768 785 830 834 875 1192 1412 1556
256 92 334 335 520 684 785 835 1481 1616 1723 1925
334 176 192 237 292 485 615 640 660 664 666 700 884 908 1172 1412 1829 1925 1937 1982 1996
485 292 520 719 875 908 1192 1462 1922 1925 1959 1965 1982 1996
525 520 572 595 633 666 780 875 1103 1140 1200 1462 1621 1982
700 665 830 908 1128 1217 1285 1937
921 251 290 520 615 684 875 884 1192 1356 1505 1597 1609 1621 1741 1759 1925 1982
952 328 986 1128 1187 1616 1925 1965
1029 120 281 375 495 515 644 671 678 790 835 1158 1225 1564 1609 1621 1732
1172 417 725 884 986 1187 1412 1690
1187 335 986 1047 1192 1511 1556 1647 1695 1922 1952 1965 1996
1217 212 395 1128 1209 1420 1474 1510 1686 1690 1712
1433 295 447 617 753 830 1166 1695
1462 237 628 788 834 1285 1511 1616 1996
1695 295 417 555 665 666 788 986 1267 1466 1636 1965 1982 1996
1741 120 368 677 703 981 1158 1200 1535 1609 1770 1877
1829 176 788 830 986 1047 1166 1686 1775 1925
1922 182 192 292 666 768 835 1192 1723 1996
1996 250 292 520 651 666 768 785 1081 1103 1192 1511 1686 1877 1925
34 348 1018 1069 1483 1527 1663 1811 1907 1955 1990
348 630 850 1018 1134 1289 1547 1777 1837
1018 177 390 443 507 1517 1639 1777
1069 68 432 1163 1527 1697 1811
1483 232 336 346 410 522 538 1049 1134 1517 1627 1639 1777 1792 1838
1527 434 850 876 1163 1289 1663 1856
1663 136 232 264 450 630 653 1163 1304 1547 1654 1898 1957
1811 135 425 653 1163 1289 1547
1907 598 711 749 891 1447 1539
1955 261 1139 1289 1517 1706 1985
1990 1985
35 221 616 641 1195 1198 1627 1940 1957
221 544 1049 1195 1198 1639 1664 1831
616 200 223 245 374 453 538 618 727 1223 1229 1398 1410 1426 1543 1579 1800 1984
641 325 376 692 1543 1548
1195 363 887 1435 1445 1627 1898
1198 411 1134 1386 1398 1543 1579 1800 1805 1871 1985
1627 336 363 1092 1579 1623 1664 1831 1917 1940
1940 240 687 1159 1410 1664 1792 1957
1957 325 376 522 1147 1805
36 406 650 690 758 911 1859 1942
406 607 1230 1859
650 86 157 215 389 428 448 634 706 837 961 1025 1451 1492 1567 1855 1859
690 323 758 858 1167
758 607 698 706 1107 1262
911 607
1859 694 698 837 1451 1513 1515 1684 1716 1916
1942 106 268 327 840 1388 1571 1680 1796
37 74 385 594 708 1073 1084 1387 1641 1987
74 48 63 999 1834 1878
385 314 398 990 1042 1145 1173 1355 1489 1812 1834
594 89 207 426 680 1482 1641 1934 1936 1971
708 48 94 103 242 492 878 1067 1115 1306 1355 1538 1542 1971 1981
1073 63 89 214 740 916 1047 1971 1987
1084 242 766 864 878 1001 1287 1372 1514 1641 1921 1971 1974
1387 56 207 916 1067 1115 1145 1306 1795 1812
1641 216 1115 1362 1372 1482
1987 89 916 1067 1115 1420 1529 1592
38 115 164 820 946 948 1118 1154 1279 1456 1766 1771 1889
115 373 559 820 978 1154 1279 1584 1764
164 360 559 820 930 978 1740 1764
820 241 408 866 978 1059 1261 1408 1456 1584 1726 1740 1841 1949 1992
946 159 510 559 600 754 902 1279 1391 1423
948 276 600 723 865 1154 1391 1584 1701 1890
1118 812 935 1261 1282 1408
1154 559 757 865 938 1279 1374 1584 1701 1841 1948
1279 551 757 1429 1684 1740 1764 1861
1456 131 175 523 600 704 750 757 865 966 1841 1949
1766 378 551 1064 1235 1423 1771
1771 276 1024 1374 1684 1890
1889 378 549 608 721 826 1024 1901 1912
39 642 742 1023 1416 1660 1894
642 251 614 654 950 1271 1724
742 58 431 877 942 1373 1537 1724 1756
1023 251 877 1496 1670
1416 58 161 308 350 541 553 622 644 739 801 950 1200 1271 1450 1478 1518 1537 1770 1988
1660 120 176 284 368 563 572 622 644 660 1008 1140 1200 1621 1923
1894 198 362 877 1303
360 420 680 783 1748 1967
542 97 579 585 593 619 707 765 833 886 1194 1339 1358 1653 1785
978 559 862 1368 1423 1960
1110 387 600 673 862 951 1046 1184 1334 1411 1740
1407 359 704 803 871 1261 1383 1528 1949
1429 693 867 1165 1888
1740 241 306 559 826 902 1100 1235 1684
1748 56 591 748 783 870 912 958 1059 1184 1553 1786 1931 1992
1992 306 559 689 862 1089 1165 1220
41 242 582 766 1145 1355 1372 1473 1592 1927
242 94 766 941 1042 1043 1046 1372 1482 1489 1523 1761 1789
582 183 676 999 1115 1243 1420 1812
766 864 1211 1514 1971
1145 398 730 861 999 1042 1115 1248 1393 1489 1524 1592 1935 1974
1355 398 601 779 878 1046 1067 1115 1306 1372 1473 1524 1530 1795 1974
1372 48 521 748 864 1026 1059 1306 1397 1736 1761 1860
1473 155 231 611 712 1026 1189 1524 1587 1592 1860
1592 183 1115 1446 1524 1542 1602 1927
1927 49 59 94 103 159 199 359 965 991 1261 1524 1587 1652 1653
387 408 591 689 779 867 941 958 1184 1228 1404 1411 1785
433 78 600 704 935 938 1861 1949
559 276 551 1764 1841 1949
757 276 600 812 902 1046 1251 1282 1718 1764
1948 340 748 783 1184 1762
43 215 658 721 858 947 961 1236 1868 1901 1915
215 323 448 459 634 786 837 839 899 1234 1451 1567 1801 1820 1876 1968
658 430 1296 1440 1901
721 86 167 333 472 1111 1216 1247 1286 1440 1868 1901 1915
858 167 590 1440 1570 1727 1752 1915
947 409 428 437 762 970 1116 1199 1262 1350 1448 1605 1738 1801 1850 1916 1943
961 244 333 548 799 852 1111 1216 1236 1264 1432 1727
1236 60 93 108 472 548 775 799 826 1179 1216 1296 1432 1570 1701 1910 1915
1868 108 220 291 333 459 548 799 915 1216 1247 1809 1901 1915
1901 93 244 428 437 452 462 1440 1801 1915
1915 60 244 291 378 1216 1290 1361 1628
44 487 514 515 716 880 881 1040 1434 1848 1852
487 151 229 255 401 543 665 718 790 831 1434 1468 1655 1657 1730 1759
514 255 266 329 665 715 728 856 1085 1366 1427 1490 1495 1707 1823
515 98 807 1468 1737 1791 1852 1884
716 632 718 739 804 1327 1425 1763 1767
880 120 229 436 584 587 744 845 900 949 1767 1797 1814
881 57 255 375 541 587 665 1468 1564 1609 1730 1852
1040 146 255 495 541 671 831 1225 1425 1434 1732 1756 1759
1434 151 255 281 350 356 401 555 638 718 1450 1597 1655 1657 1759 1791
1848 77 263 436 632 744 804 807 829 1080 1399 1767 1814 1906
1852 237 555 638 684 1564 1707 1767
250 158 182 292 335 520 666 759 1081 1192 1204 1511 1925
344 237 356 520 1285 1636 1952 1965
426 417 768 788 884 986 1166 1192 1267 1285 1636 1647 1737 1877 1937 1965 1982
740 48 89 216 1280 1529 1553 1921 1934 1974
884 295 908 986 1192 1965
1192 112 229 417 520 553 719 780 830 835 908 1412 1511 1556 1959 1982
1412 160 192 292 520 615 835 1556 1575 1877
1505 192 292 295 615 671 1556 1609 1636 1982
1617 158 187 211 272 312 418 628 651 844 853 1048 1210 1305 1511 1611 1851 1887 1914
1636 986 1128 1995
1925 176 197 397 685 759 788 875 1332 1616 1707
1937 141 520 830 1460 1965
1995 266 640 753 830 986 1099 1104 1460 1466 1647 1936 1952
414 113 754 775 1295 1622
549 60 291 378 1374 1494 1613 1888 1912
709 818 1165 1295 1374 1423 1809
849 278 818 1555 1696
923 77 365 367 794 845 1342 1475 1541 1722 1731 1963
1165
1423 113 862 1015 1374 1391 1432 1701 1888 1912
1584 852 902 1719 1861
1622 592 608 754 775 818 1427 1696 1912
1696 244 915 1100 1235 1888 1912
47 593 806 873 992 1238 1277 1439 1569 1711 1962
593 110 170 238 247 331 396 512 777 824 1455 1860 1874
806 123 238 315 545 550 777 797 874 939 1184 1189 1252 1256 1378 1486 1569 1860
873 280 285 311 763 810 983 992 1022 1308 1311 1345 1406 1439 1533 1950
992 110 257 285 358 468 550 720 797 854 1197 1252 1269 1308 1329 1406 1808 1827
1238 138 280 377 456 477 560 738 800 868 901 983 1186 1252 1360 1438 1632 1839 1930
1277 110 466 1121 1197 1308 1406 1808 1827 1860 1909
1439 127 512 955 993 998 1252 1345 1438 1576 1808 1950
1569 315 772 824 1287 1378 1860 1909 1962
1711 55 202 317 442 611 920 933 937 1297 1393 1447 1491 1751 1816 1845
1962 87 130 257 361 396 466 550 707 797 1021 1035 1359 1413
48 89 214 216 1184 1529 1542 1921 1974
89 214 335 447 730 1280 1538 1542 1817 1921
214 328 335 417 447 502 640 830 1050 1099 1138 1228 1332 1362 1542 1817 1971
216 112 171 502 1173 1485 1812
1184 408 783 912 1334 1979
1529 56 335 375 627 730 1001 1104 1931 1936
1542 141 328 730 1001 1208 1228 1280 1371 1538 1921 1936
1921 112 1001 1067 1138 1420 1729 1786
1974 183 231 676 939 1115 1530 1745 1778 1833
49 97 534 579 707 918 1035 1194 1269 1358 1378 1396 1506 1860
97 83 361 506 539 558 579 619 980 1109 1194 1339 1453 1749 1973
534 62 361 521 1035 1109 1189 1453 1506 1725 1789
579 496 571 585 707 866 1269 1453 1455 1973
707 257 358 402 466 550 1035 1109 1269 1329 1339 1453 1506 1827 1860
918 123 199 896 956 1109 1181 1506 1514
1035 130 358 466 496 521 896 928 956 991 1109 1211 1221 1396 1652
1194 83 358 833 1287 1357 1359 1453 1853
1269 361 402 539 928 991 1109 1453 1479 1601 1677 1874 1950
1358 80 155 213 358 466 980 1109 1339 1359 1453
1378 550 1125 1329 1601 1725 1827 1973
1396 512 521 1181 1211 1506 1653 1725 1785 1853
1506 257 361 396 833 928 1021 1544 1725
1860 110 130 155 492 874 1031 1256 1287 1603 1810
50 189 203 258 397 415 1105 1155 1209 1333 1474 1510 1690 1760 1941
189 203 212 295 301 415 791 962 977 1009 1149 1155 1321
203 209 301 435 735 791 1155 1168 1209 1321 1668 1690 1822 1862
258 411 735 844 1030 1052 1074 1153 1333 1958 1983
397 154 186 245 467 1028 1122 1333 1353 1941
415 147 182 193 342 646 791 1168 1209 1321 1346 1668 1862
1105 147 186 187 193 223 335 467 554 1009 1030 1074 1155 1474 1510 1775 1813 1826 1958
1155 82 357 435 578 735 977 1074 1209 1474 1668 1686 1735 1826 1862
1209 212 578 646 791 962 1168 1321 1333 1511 1668 1813
1333 248 467 848 857 1012 1321 1510 1637 1958
1474 109 193 467 639 725 857 1009 1017 1149 1321 1510 1686 1760 1958
1510 962 1012 1017 1210 1958
1690 147 395 646 977 1190 1686 1712 1958 1983
1760 109 186 193 857 1346 1822 1851 1970
1941 109 186 351 467 962 988 1017 1354 1470 1485 1591
79 55 261 749 876 1163 1276 1289 1706 1856 1864
128 206 280 283 381 508 969 1120 1544
202 143 369 381 470 772 1114 1157 1256 1258 1297 1491 1856
419 136 153 261 711 749 760 891 1131 1175 1539 1755 1856 1864 1938
652 55 143 261 442 683 819 933 1044 1297 1389 1447 1539 1561 1640 1816 1833 1938
711 55 143 228 386 470 474 749 1113 1131 1175 1447 1697 1781 1816 1856
749 55 143 170 261 309 891 1131 1816 1844
846 126 226 280 309 311 343 377 381 782 955 1053 1438 1654 1870
969 143 343 377 386 474 655 819 876 891 920 1044 1113 1472 1491 1844 1856
974 99 424 1113 1131 1175 1447 1459 1654 1856
1113 127 442 648 655 688 795 819 1256 1389 1536 1751
1131 668 937 1002 1157 1163 1175 1348 1393 1447 1547 1856
1157 55 136 226 386 655 993 1120 1258 1442 1554 1816
1163 68 687 1547 1793
1258 55 283 377 648 688 1065
1816 143 226 309 876 1654 1751 1856
1938 68 668 814 1297 1561 1977
779 181 340 591 870 1059 1780
941 591 811 878 958 1780 1931 1979
1239 53 185 568 789 1490 1564 1737 1963
1280 63 112 141 328 753 1099 1104 1332 1371 1411 1591 1817
1362 266 640 986 1014 1104 1371 1460 1737 1934 1936 1952
1371 112 447 729 1001 1104 1208 1481 1538 1553 1786 1817 1934
1481 729 1001 1050 1104 1538 1591 1817 1934
1553 56 112 912 1001 1786 1878 1931
53 185 266 564 568 602 640 845 1267 1786
185 329 715 789 1085 1112 1490 1823
266 160 356 1133 1337 1384 1562 1737
564 56 670 869 1112 1170 1220 1488 1693 1881 1886
568 255 356 665 728 789 845 1085 1129 1490 1564 1762 1963
602 1709 1960
640 356 502 1337 1384 1644 1737 1786 1952
845 367 436 484 552 587 649 663 789 1399 1823
1267 447 748 753 1099 1644 1737
1786 748 1099 1328 1644 1936
54 683 746 774 861 1002 1042 1397 1588
683 382 530 746 797 874 1214 1297 1393 1600 1845
746 246 382 443 530 676 702 774 1317 1394 1491 1603
774 231 246 743 861 937 1021 1394 1776 1981
861 171 743 920 1016 1298 1600 1603 1935 1977
1002 129 171 317 382 688 920 1420 1472 1588 1600 1603 1751 1812 1935 1977
1042 231 319 916 1067 1489 1588 1745 1999
1397 231 1297 1317 1600
1588 390 410 492 507 933 937 1603 1981
55 122 143 369 377 386 626 738 876 1298 1751
122 127 153 315 369 512 772 1044 1256 1389 1554 1654 1844 1845
143 283 386 508 688 797 1459
369 127 442 648 655 688 782 1044 1345 1554 1576 1844
377 126 222 226 381 625 810 1041 1065 1072 1442
386 410 424 819 933 1389 1393 1472 1856 1981
626 110 153 311 661 738 998 1072 1442 1486 1576 1844 1895 1950
738 127 138 145 153 309 311 330 341 343 782 792 973 993 998 1072 1311 1438 1633
876 442 1065 1175 1561 1654 1751
1298 127 170 315 702 1021 1233 1248 1297 1394 1486 1491 1776 1845
1751 442 668 1248 1297 1364 1459
56 748 870 1104 1460
748 181 811 912 1104 1644
870 103 181 340 680 783 1287 1328 1979
1104 112 1228 1538
1460 112 1099 1644 1647
57 229 375 555 671 790 981 1225 1337 1644 1759
229 281 356 981 1225 1385 1399 1468 1597 1647 1877
375 281 350 497 543 553 638 714 726 831 1225 1535
555 665 1337 1384 1385 1466 1562
671 284 495 541 622 644 654 664 834 981 1225 1562 1597 1609 1698 1730 1759
790 118 120 161 255 281 284 497 877 1225 1468 1707 1877
981 77 237 255 401 986 1313 1337 1466 1468
1225 118 120 638 703 718 831 1597
1337 237 356 1133 1384 1385 1468 1562 1597 1877
1644 237 278 447 1228 1313 1328 1562
1759 120 151 284 288 401 541 678 1582 1657 1770 1791
58 75 380 497 553 726 903 950 1158 1373 1537
75 197 505 563 572 1356 1415 1678
380 198 877 1418 1496
497 192 237 660 664 831 1158 1415 1535 1556 1756 1791 1926
553 161 678 796 1303 1351 1373 1478 1575 1988
726 263 362 644 1450 1832 1923 1988
903 253 262 505 572 595 622 633 654 660 1325 1377 1518
950 251 299 350 654 739 831 877 1271 1303 1418 1537 1791
1158 118 120 284 368 495 595 644 684 785 801 1609 1657 1732
1373 198 533 796 1478 1724
1537 263 595 614 796 877 1303 1566
59 373 528 871 935 963 980 991 1045 1181 1359 1652 1653 1666 1853
373 359 623 963 1211 1251 1300 1339 1359 1479 1528 1652 1666
528 172 421 506 750 765 840 871 980 1109 1221 1479 1749 1911 1913
871 94 175 1300 1514 1528 1642 1652 1726 1744 1853
935 80 150 523 704 1066 1221 1652 1749 1758 1890
963 78 359 539 623 704 965 1059 1251 1528 1666 1853
980 83 337 585 619 704 765 896 1359 1718 1726 1853
991 521 539 833 965 1479 1528 1853 1897
1045 106 172 175 501 840 1244 1365 1388 1681 1897 1911
1181 62 71 521 925 928 1021 1109 1479
1359 619 765 896 965 1066 1251 1652 1718 1726 1785 1827 1973
1652 359 765 1046 1251 1528 1736
1653 94 199 1014 1251 1524
1666 80 359 523 623 812 1249 1443 1528 1718
1853 213 359 539 765 1109 1789
60 775 799 852 1024 1216 1432 1454 1809 1910
775 113 754 852 1454 1684 1701 1963
799 93 108 244 291 548 1111 1296 1440
852 167 472 551 826 1024 1179 1391 1684 1809
1024 459 1216 1684 1742 1783
1216 108 1432 1783
1432
1454 529 1054 1286
1809 167 333 826 915 924 1570 1613 1783
1910 113 592 754
61 393 402 499 705 751 810 1058 1121 1162 1863
393 119 532 897 936 1136 1193 1430 1508 1525 1866
402 465 496 720 833 1413 1725 1973
499 277 705 810 905 1058 1148 1193 1950
705 247 370 751 1121 1162 1197 1508 1865 1869 1947
751 87 119 1242 1311 1508 1749 1808
810 87 341 370 456 468 872 982 1232 1400 1624 1746 1865
1058 144 897 905 982 987 1020 1193 1545 1560 1991
1121 127 247 361 396 925 1022 1329 1381 1406 1453 1973
1162 905 1259 1863 1998
1863 355 465 686 1022
62 103 155 247 361 562 720 772 896 925 1043 1059 1211 1587 1789
103 886 1014 1443 1785
155 123 492 702 772 925 956 1021 1189 1413 1514 1810 1895
247 285 331 370 396 550 854 1197 1601 1677 1973
361 238 257 466 550 777 854 925 1381 1601
562 124 285 330 343 868 955 1141 1197 1345 1533 1536 1844 1869 1895
720 571 925 1329 1601 1789
772 110 170 545 824 925 1031 1413 1619 1725 1810 1895
896 213 257 358 619
925 110 213 466 545 928 1109 1189 1248 1785
1043 199 878 956 1046 1306 1514 1789
1059 94 601 864 886 940 1282 1419 1443 1479
1211 123 500 680 874 928 956 1287 1523 1587 1795 1827
1587 500 611 712 886 956 1514 1725
1789 199 500 550 1109 1251 1282 1300 1725 1736
63 384 447 729 1014 1099 1712 1834 1934
384 357 848 1602 1822 1826 1862 1878
447 92 112 237 328 753 830 1228 1971
729 328 335 830 986 1208 1243 1616
1014 94 199 420 591 601 864 1287 1523 1785
1099 753 1709 1737 1931
1712 92 147 395 435 646 725 791 977 1074 1446 1565
1834 82 878 916 990 1420 1446 1530 1581 1591
1934 591 916 1001
613 182 272 299 666 759 768 785 1208
651 105 182 209 272 628 759 1009 1048 1103 1458 1511 1611 1735
666 182 301 628 785 835 1081 1210 1511
759 92 182 583 791 1048 1305 1611 1728
768 182 292 368 383 520 785 834 875 1140 1556 1611 1732
785 182 563 615 685 835 1081 1213 1511 1678
875 197 292 685 719 780 832 835 976 1213 1458 1723 1982
1204 290 312 1511 1728
1464 186 580 639 883 1048 1266 1629 1914 1970
1887 65 182 312 418 628 639 781 1210 1266 1305 1522 1728
65 187 209 211 272 312 418 517 1071 1305 1728
187 140 279 583 1081 1168 1200 1511 1728
209 105 193 212 301 578 583 1009 1273 1332 1723 1728
211 418 628
272 193 212 312 628 1076 1210 1305 1511
312 140 147 182 583 781 832 1511 1775
418 182 279 583 791 832 1048 1166 1305 1611
517 109 193 351 628 1048 1071 1266 1511 1914
1071 140 186 193 883 1273 1611 1629 1715 1970
1305 197 580 583 628 1048 1081 1470 1723
1728 105 109 140 234 279 1048 1266 1346 1377 1470 1659 1822
66 101 392 475 794 1392 1427 1557 1604 1842 1857
101 104 475 663 885 1342 1427 1555 1557 1594 1704 1857
392 475 552 589 631 649 673 693 776 794 836 885 1151 1342 1392 1427 1557 1594 1604 1722 1857
475 133 484 649 776 1342 1427 1594 1704 1842 1963
794 133 807 822 1427 1475 1733 1823
1392 462 693 776 1427 1719 1733 1821 1842
1427 104 776 1342 1594 1604 1704
1557 133 631 776 836 1151 1604 1704 1733
1604 117 133 484 631 649 693 836 1078 1151 1842 1857
1842 462 693 754 776 1661 1731
1857 133 836 1151 1342 1541 1719
67 519 827 1229 1710 1755 1777 1997
519 147 149 411 725 990 1016 1281 1978
827 132 232 1134 1398 1683 1777 1792 1805 1986 1997
1229 154 224 347 461 1006 1222 1223 1497 1623 1664 1806 1831 1917 1951
1710 129 227 554 1037 1281 1449 1819 1983
1755 149 177 232 410 434 624 1600 1603
1777 149 177 194 232 374 538 1517 1792 1838
1997 232 336 346
68 135 933 1175 1539 1864
135 1114 1276 1547 1561 1665
933 246 443 1297 1389 1438 1447 1459 1776
1175 228 474 1539 1856
1539 302 425 891 1547
1864 99 127 136 261 264 625 1409 1697 1856
69 154 1679 1806
154 620 727 988 1122 1159 1223 1703 1956
1679 516 612 724 825 883 968
1806 114 486 1006 1159 1223 1563 1593 1599 1687 1914
70 206 267 370 625 778 1051 1502 1847
206 153 226 283 309 330 381 625 648 782 891 1293 1438
267 235 573 586 681 737 838 872 889 1051 1254 1781 1830
370 127 285 330 763 800 833 868 955 967 998 1141 1169 1533 1869
625 145 569 662 760 967 1041 1072 1148 1847
778 111 293 569 573 1320 1364 1403 1779
1051 477 586 681 1257 1302 1314 1338 1781 1870 1964
1502 102 429 450 470 973 1053 1120 1717
1847 126 381 662 782 1148 1302 1717
71 110 130 396 539 550 928 956 1031 1394 1725 1736 1827
110 315 545 824 1021 1026 1031 1413 1895
130 777 1031 1453 1874 1895
396 512 550 702 763 777 1536 1576 1808 1895
539 465 1066 1339 1725 1911
550 285 456 466 998 1189 1197 1329 1524 1533 1950
928 123 521
956 94 500 1026 1287 1524
1031 170 545 824 874 939 1021 1189 1413 1524 1895
1394 530 763 1317 1486 1530 1776 1810 1844 1895
1725 123 257 466 939 955 1795 1895
1736 80 521 886 940 1419 1479
1827 571 1124 1308 1329 1339 1453 1455 1909
232 177 434 480 507 538 687
434
773 424 630 653 995 1134 1289 1370 1837
887 336 1548 1985
1639 194 522 1134 1139 1838 1953
1805 132 687 1386 1398 1543 1620 1818 1984
124 102 145 355 800 901 1186 1232 1308 1869 1930 1950
145 87 355 838 868 889 901 1360 1484 1632 1633
792 138 153 226 343 474 655 661 800 967 998 1186 1293 1360 1438 1484 1895 1930
800 355 560 868 901 1141 1950 1961
967 126 293 573 907 1010 1088 1186 1224 1632 1975
993 343 702 1109 1338 1438 1484 1633 1808 1869
1072 126 235 280 283 311 388 681 782 868 889 1302 1438 1484 1632 1950
1293 388 560 586 661 889 1041 1302 1360 1633
1400 87 341 456 481 661 756 797 983 1010 1632
1484 153 343 655 741 1360 1633 1870 1950
1870 280 341 394 456 560 868 889 1088 1186 1257 1302 1533 1560 1631 1632 1839
1930 138 868 955 1095 1232 1536 1950
999 314 1420 1602 1817 1878
1878 82 147 730 1173 1243 1565 1637 1686 1958
197 290 299 563 685 703 832 1213 1458 1480 1609
505 368 563 572 595 633 976 1140 1418 1678
563 176 299 719 808 976 1415 1458 1522 1575 1678 1959
572 192 253 262 368 622 633 664 1200 1575 1678
1356 368 808 853 976 1140 1480 1556 1678
1415 299 400 677 684 808 853 1351 1678
1678 253 644 654 677 832 1140 1732
430 529 1054
548 108 244 1111 1290
592 113 462 915 1096 1112
1096 113 462 540 589 608 1207 1555
1286 91 437 438 786 837 1025 1068 1247 1440 1451 1628 1738 1752 1757
1613 108 1888
77 329 367 649 673 728 869 1129 1220 1327 1475 1495 1733 1881 1967
329 151 237 649 715 744 807 869 1078 1313 1352 1733 1767 1823 1906
367 354 649 673 885 1475 1488 1719 1722 1886 1906
649 278 673 1295 1594
673 365 885 1270 1546 1722
728 356 665 789 856 951 1313 1384 1490 1562 1708
869 1170 1220 1270 1275 1708 1733 1881 1886
1129 541 604 744 807 856 885 1495 1733 1823 1886 1906
1220 885 1270 1275 1475 1488 1546 1886 1960 1967
1327 589 807 817 885 1000 1763 1767 1823 1886
1475 306 604 867 885 1078 1719 1886
1495 665 789 856 1085 1313 1352 1366 1490 1823
1733 484 552 1541 1763 1963
1881 365 604 670 856 951 1170 1270 1488 1963
1967 867 1015 1170 1270 1275 1326 1546
78 131 218 523 535 600 803 1075 1089 1408 1642 1669 1744 1890
131 322 391 966 1089 1235 1282 1383 1861 1949
218 81 86 535 909 922 1492 1669 1693 1855
523 803 1075 1089 1235 1282 1300 1685 1744
535 167 623 840 909 1077 1440 1642 1949
600 359 966 1261 1300 1391 1669 1949
803 909 1075 1089 1167 1261 1408 1861 1890
1075 459 786 1177 1383 1580
1089 478 723 750 902 909 938 966 1100 1300 1391 1944
1408 391 694 1179 1718 1949
1642 150 175 1249 1463 1693 1718 1744 1758
1669 80 865 966 1300 1780
1744 172 694 840 938 1013 1249 1282 1383 1580 1693
1890 276 359 723 750 818 1064 1235 1861
261 136 382 973 1114 1276 1665 1706 1844
1276 891 1304
1289 132 850
1706 136 228 302 598 653 850 1114 1697
1856 1389 1447 1554 1561
80 704 938 940 1077 1221 1249 1261 1726 1758
704 199 337 444 694 840 1300
938 150 175 297 478 694 840 1177 1221 1453 1580
940 391 812 965 1443 1764 1785
1077 694 839 1135 1234 1451 1513 1727
1221 444 619 765 1282 1300 1726
1249 172 190 297 444 1013 1300
1261 444 966 1404 1443
1726 297 619 623 1718
1758 623 812 833 840 1206 1528 1689 1820
81 167 444 478 634 694 723 1135 1179 1494 1513 1820 1855
167 172 208 606 826 902 1054 1123 1374 1727
444 1540 1571 1689 1897
478 91 459 698 839 899 924 1614 1685 1757 1783
634 91 220 389 438 448 1101 1199 1234
694 322 866 1383 1580 1742 1855
723 241 551 865 866 1234 1701 1783
1135 306 437 1179 1685 1855
1179 208 510 551 866 909 924 1374 1451 1492 1685 1693 1783
1494 241 391 510 551 1064 1235 1684
1513 208 459 606 706 924 1123 1230 1721 1757
1820 459 815 1107 1123 1177 1199 1365 1515 1742 1757
1855 175 606 1949
82 249 319 395 617 730 1243 1420 1485 1591
249 335 395 502 554 784 1001 1446
319 141 357 502 730 1591
395 158 646 990 1128 1168 1321 1686
617 141 328 784 1050 1128
730 141 435 502 1173 1420 1538 1591 1862
1243 105 141 196 342 784 1128 1446 1565 1591
1420 183 207 398 502 1538
1485 435 502 646 1637 1812
1591 646 848 916 990 1173 1285 1826
83 297 506 619 833 1013 1897 1911
297 1013 1463 1897 1911
506 465 765 1689 1749
619 150 1066 1251 1749
833 213 359 571 695 1251 1339 1479 1949
1013 172 337 710 892 1066 1465 1638 1689 1924
1897 150 585 695 765 892 1066 1471 1911
1911 172 190 315 421 623 695 1066 1461 1571 1689
1284 172 337 421 501 710 879 1219 1244 1382 1461 1571 1634
1381 213 571 854 879 1329 1749 1924
1574 144 403 445 532 823 897 905 1124 1193 1203 1242 1379 1525 1545 1610 1998
1929 421 423 635 892 1056
358 213 359 571 1066
496 87 571 1056 1197 1545 1973
1109 521 1514
1251 591
1308 512 763 777 1197 1252 1533 1624 1808
1329 331 797 854 1533 1909
1388 268 427 439 686 710 892 1011 1499 1608 1681 1796 1913
1453 172 465 532 1125 1339 1973
1749 585
86 91 157 389 448 839 866 899 1025 1605 1648 1721
91 389 437 606 839 1025 1235 1451 1727 1757 1783
157 142 323 409 459 706 837 1025 1116 1614 1716 1899 1968
389 220 448 459 839 899 1101 1234 1247 1757
448 220 459 706 826 1230 1234 1350 1757 1801 1968
839 220 1025 1234 1451 1968
866 1492 1685 1727 1783
899 142 452 606 706 837 1230 1440
1025 323 327 1262
1605 275 438 706 1101 1290 1448 1876 1916
1648 428 590 1199 1614 1645 1738 1752 1916 1944
1721 220 428 837 1199 1262
87 144 355 797 983 1250 1406 1624 1869 1947
144 204 287 527 756 964 982 1119 1169 1525 1676 1746
355 456 468 661 868 901 1010 1022 1950
797 777 824 1345 1576 1677 1808 1909
983 138 560 868 1010 1185 1218 1241 1830
1250 468 504 596 1142 1169 1947
1406 331 337 571 661 1533 1536 1950
1624 341 343 468 905 964 1020 1533 1675 1746 1865
1869 341 763 1186 1536 1874
1947 119 331 488 854 1232 1632 1950
1580 175 698 710 798 815 892 909 1463 1492 1571
1685 459 786 826 1234 1331 1492 1684 1727 1783
335 328 784 986 1128 1166 1208 1952
1538 908 1228 1737 1936
1817 328 977 1001 1047 1050 1208 1332 1936
90 223 453 657 1049 1153 1201 1223 1398 1620 1800 1819 1984
223 639 1030 1153 1246 1691 1792 1813
453 200 347 374 413 432 657 1006 1153 1497 1800 1984
657 169 245 347 374 1006 1223 1956 1984
1049 194 480 522 538 687 1134 1543 1818 1831
1153 432 1006 1030 1122 1715
1201 169 618 1222 1426 1497 1620 1800 1984
1223 224 1231 1410 1445 1497 1521 1831 1984 1986
1398 132 194 645 687 1006 1134 1477 1593 1683 1800 1871
1620 132 245 411 1222 1348 1517 1792 1800
1800 200 374 413 1222 1703
1819 411 432 1093 1477
1984 132 227 374 618 1386 1521
437 438 472 1111 1247 1296 1331 1628 1738 1850 1876 1899
606 208 459 786 1783
1235 172 241 750
1451 220 1123 1234 1628 1716 1727 1757
1727 333 459 786 865 1374 1684
1757 1177 1234 1645
1783 915 924 1230 1262 1440 1570
92 182 212 279 342 1128
182 105 140 158 290 520 628 791 1081 1346 1511 1611
212 301 962 1168 1321 1862
279 342 844 1266 1346 1611 1970
342 109 295 578 583 1009 1470
1128 295 328 725 784 830 1208 1446
93 1111 1361 1801
1111 452 1361 1850 1899
1361 452 472 1296 1899
1801 837 970 1230 1440 1738 1943 1944
94 557 601 864 1287 1523 1718
557 159 492 1404 1523
601 864 1046 1287 1514 1523 1785
864 878 1046 1523
1287 466 874 886 1026 1514
1523 680 878 886 965 1404 1443
1718 391 812 902 1282 1528
538 194 346 507 1517 1833
787 196 937 990 1093 1281 1477 1637 1978
1134 194 325 1517 1561
1147 522 1098 1348 1409 1953
1386 194 467 480 687 1579 1593 1792 1871
170 238 315 512 676 702 1256 1413 1576
468 1020 1169 1545 1746 1991
1020 119 445 905 1545 1746
1203 532 756 828 936 1095 1193 1508 1509 1610 1972
1746 596 756 1545 1676 1991
1950 238 285 330 341 481 661 955 1232 1360
558 268 493 1219 1461 1465 1796
1339 465 521
1973
98 354 632 829 900 942 1050 1399 1535 1814
354 288 632 739 829 900 1083 1399 1566 1582 1650 1698 1791 1926
632 288 313 436 552 771 804 829 900 1797 1814 1926
829 288 350 552 718 900 949 1188 1310 1399 1650 1926
900 288 436 543 576 804 1080 1926
942 118 146 282 308 362 543 638 718 739 1008 1310 1418 1450 1535 1582 1832
1050 328 1047 1332 1637
1399 282 576 714 801 804 949 1000 1351 1352 1535 1582 1650 1756
1535 350 543 714 718 739 895 1188 1310 1566 1582 1923
1814 117 288 587 1425
99 136 228 246 410 1304 1442
136 228 264 598 973 1065 1114 1839
228 264 598
246 171 382 743 937 1248 1455 1459 1776
410 317 507 624 668 1472 1561
1304
1442 1654
320 106 710 815 922 1206 1244 1913
465 854 1062 1524
635 190 879 1144 1471 1520 1933
1244 106 172 327 427 501 892 1206 1595 1608 1681 1796 1913
1571 172 427 686 892 1357 1382 1465 1499 1796 1836 1913
1618 697 1144 1499 1836
1634 172 268 423 427 798 879 1638
1836 190 427 710 929 1335 1357 1465 1499 1638
104 133 776 817 1078 1342 1594
663 1295 1719 1861
885 113 278 604 1564
1342 365 589 604 631 776 1541 1594 1704 1722 1821
1555 540 589 693 1295 1594 1661 1963
1594 365 822 1015 1541 1661 1731 1762 1821 1963
1704 133 278 836
102 586 681 1053 1338 1717 1964
586 235 388 662 1120 1254 1302
681 477 569 737 805 838 907 1224 1257 1364 1830
1053 302 1041
1338 760 838 1254
1717 222 302 1120
1964 450 470 1781
886 199 359 812 965 1419 1443 1479
1443 965 1479
1785 199 391 812 965 1419 1479 1524 1528
133 631 822 836 1151
776 540 589 631 693 822 836 1207 1334
817 744 1078 1080 1352 1763 1823 1886
1078 278 789 1085 1270 1708 1960
105 578 791 1321 1470 1511 1611
578 301 1470 1851 1862
791 301 646 1228 1321 1470 1668 1826
1321 435 735 857 962 1093 1470 1686 1775 1970
1470 1273 1611
1511 1735
1611 193 1012 1735 1822
106 172 175 427 695 710 765 798 892 929 1681 1689 1796 1913
172 150 423 427 798 922 1125 1206 1219 1681
175 150 421 1206 1383 1693 1742
427 501 686 699 892 1461 1608 1638
695 268 316 501 585 1125 1689
710 337 439 501 892 1796
765 213 879 1540
798 501 686 860 892 1011 1357 1444 1681 1693 1913
892 327 501 585 686 699 1144 1465 1608 1638 1796
929 190 268 323 327 337 699 1461
1681 268 501 1011 1206 1335 1383 1499 1949
1689 150 190 421
1796 421 501 686 1011 1382 1465
1913 439 698 922 1365 1382 1463 1608
323 607 860 1262 1567 1614
924 241 1234
1492 750 1684 1701
108 291 599 1264 1570
291 244 915 1264 1912
599 540 589 754 1207 1661 1731
1264 333 510 1628 1899
1570 915 1440 1684
109 186 193 628 844 857 1149 1273 1346 1822
186 140 234 620 724 735 971 1017 1273 1629 1686 1715 1970
193 968 1017 1266 1822
628 583 685 781 1210 1458 1723 1735
844 147 248 1017 1273 1354 1715 1914 1970
857 248 1028 1246
1149 1168 1260 1266 1273 1354 1629 1914
1273 516 580 724 971 1260 1266 1629 1715 1851 1958 1970
1346 639 1017 1048 1266 1715
1822 158 351 583 788 1009 1017 1168 1353 1715
315 321 648 1248 1256 1486 1576 1776 1844
545 238 492 655 712 777 874 1021 1419
824 311 712 955 1021 1115 1189 1413 1455 1482 1810
1021 238 492 702 712 939 1189 1413 1601 1810
1026 712 1115 1233 1514 1524 1795 1971
1413 123 238 874 939 1233 1248 1256 1486 1576
1895 874 1214 1795 1909
111 270 457 667 813 907 1106 1142 1344 1519
270 596 667 1441 1596 1991
457 205 254 1106 1183 1441 1519 1900 1975
667 148 293 805 907 1596 1754 1830 1900 1961
813 1441 1519 1880 1904
907 838 1141 1142 1257 1320
1106 636 1086 1519 1596
1142 1417 1519 1531 1631
1344 449 1241 1904
1519 1086 1441 1900 1975
112 328 753 830
328 502 646 784 1047
753 118 417 1228 1952
830 301 1166 1208
113 608 754 1054
608 589
754 378 1295 1661
1054 1064 1247
114 224 411 612 1092 1159 1263 1395 1623 1691 1807
224 152 734 1092 1159 1322 1563 1691
411 1006 1037 1074 1602 1778 1807 1983
612 234 516 580 639 883 971 1030 1260 1353 1435 1516 1659
1092 152 1159 1231 1322
1159 152 169 486 1563
1263 303 486 544 734 1222 1322 1435 1445 1734
1395 620 724 825 1623 1659
1623 200 461 618 1222 1426 1593 1664 1831 1917
1691 152 727 1322 1426 1563 1687
1807 169 363 413 727 1006 1231 1322 1426
1764 862 951 1404 1888 1949
177 149 1477
990 196 227 314 814 977 1281 1477 1565 1581 1935
1449 129 317 382 424 1317 1561 1977
1793 317 390 507 1139 1640 1792 1977
117 484 1151 1541 1767
484 552 1080 1906
1151 822 836 1963
1541 365 836
1767 313 436 552 584 587 771 1352 1763
118 120 255 284 576 664 801 841 1384 1466 1730 1756
120 281 436 495 801 1008 1303 1450 1657 1698 1732 1756
255 401 831 1310 1468 1649 1791
284 151 644 789 801 841 1303 1770 1791
576 350 436 543 678 714 718 949 1000 1188 1418 1582 1698
664 192 368 808 841 1556 1609 1707 1770 1931 1965
801 161 350 739 1609 1756 1791 1926
841 543 638 714 718 739 1188 1310 1566 1832
1384 237 292 627 831 1366 1385 1556 1597
1466 237 356 401 644 1468 1647
1730 151 401 949 1468 1923
1756 281 401 638 703 831 1188 1271 1582 1884 1923 1988
119 532 897 987 1124 1193
532 277 823 897 1022 1508 1509 1560 1675 1932
897 527 823 1136 1193 1508 1509 1525 1560 1998
987 823 1063 1124 1379 1560 1972 1998
1124 527 927 1315 1379 1508 1509 1520 1560 1866 1998
1193 445 488 527 1430 1525 1610 1675 1924 1998
281 356 808 834 1188 1647 1988
436 288 313 587 1418 1582 1698
495 401 660 703 831 1450 1732
1008 633 684 703 739 1732 1770 1791 1988
1303 533 638 654 703 1450 1518 1923
1450 146 161 263 400 541 638 644 703 1271 1310 1478 1724 1832
1657 146 251 368 400 541 703 831 1621 1832
1698 282 308 313 350 543 714 1188 1724 1832
1732 595 644 1271 1468 1518 1575 1621
432 972 1009 1281 1619 1914
988 467 639 735 1353 1354 1659 1715
1028 971 1006 1246 1775 1958
1037 346 435 1983
1074 147 814 1686 1775 1778 1813 1826 1958
1561 390 668 1447
127 226 238 321 688 702 874 1256 1393 1544 1844
153 311 330 702 1311 1438
512 321 777 1544 1576 1677
1044 321 688 819 1254 1393 1554 1633
1256 123 492 688 939 1486 1554 1745 1776 1844
1389 1640
1554 280 688 1041 1576 1633
1654 973 1114 1697
1844 688 1345 1393 1576
1845 317 424 442 624 795 1459 1576 1640 1778
123 492 1189 1524 1677 1795
492 712 874 939 1189 1810
1189 611 874 1455 1524 1795
1524 1419 1761 1795
1677 763 1536 1544 1808
1795 874 1306 1999
901 138 560 741 868 955 1185 1252 1536 1632 1830
1186 560 662 741 889 1141 1185 1232 1311 1314 1320 1360
1232 1536 1924
585 439 1066
965 199 359 623 1479
126 204 343 569 662 782 998 1302
204 254 293 1169 1218 1241 1545
343 264 474 508 782 1360 1438 1839
569 235 838 889 1148 1320
662 235 388 1041 1254 1302
782 330 381 474 508 998 1065 1632
998 280 311 330 508 573 661 1438 1839 1909
1302 477 838 889 1148 1314
226 763 891 973 1360
238 777 1233 1514 1874
321 474 508 1345 1544
688 283 330 874 1233
702 530 676 795 874 1248 1999
874 916 1810
1393 1345 1491 1603
1544 1455 1576 1874
280 222 235 341 868 1360 1633 1839
283 381 474 648 655 1041 1920
381 309 311 330 508 891
508 309 330 854
1120 222 311 450 470 573 598 1781
129 382 390 443 668 795 1640 1833
382 171 390 424 648 795 920 1459 1472 1600 1619
390 171 443 624 1447 1472 1603 1977
443 196 317 1603 1619 1833 1935
668
795 171 624 743 920 1248 1459 1472 1826 1981
1640 317 743 972 1297 1600 1833 1977
1833 171 317 920 937 1214 1603 1619
777 257 1455 1776
1874 763 939 1311 1345
322 391 750 966
391 150 1300 1404 1780 1949
966 159
1282 812 1100 1404 1419 1528
1383 699 1011 1177 1742
1861 865 909 1391
1949 812 1300
132 194 687 1098 1222 1322 1435 1579 1831 1985
194 200 480 687 1792
687 945 1792 1871
1098 152 200 374 1006 1122 1222 1410 1426 1497 1579 1593
1222 152 200 413 480 618 1122 1445
1322 363 486 1410 1734
1435 303 461 486 734 1278 1734 1898 1951
1579 152 200 544 1426 1521 1543 1734 1792 1831 1956 1986
1831 200 363 376 945 1348 1409 1543 1734
1985 336 1447 1563 1697 1818
631 836
822 552 1963
836 365 1821
529 1295 1296
915 1290 1440 1912
1114 470 598 747 891 1904 1920
1547 425 850 1838
1665 264 302 1065 1837
264 450 747 1065
598 819 1920
973 222 388 1041 1065 1781 1920
1065 1697
1839 138 456 854 868 1311
520 633 684 834 835 1166 1522 1556 1723 1877 1982
685 368 615 976 1076 1103 1609 1723
1213 976 1458 1575
1556 595 835 908 976 1735 1959 1982
1735 290 383 1076 1103 1210 1723 1958
138 868 1254 1632
868 456 1141 1185 1197 1314
1254 573 741 760 1781
1632 481 1141 1633
706 208 428 459 815 837 1167 1230 1262 1645 1716 1943
1107 607 1463
1123 208 1167 1230 1234 1567 1716 1742
1515 269 607 1167 1716
1567 208 698 1262 1716 1742
1645 698 1101 1234 1365 1638 1716
1716 1365
1742 459 1693
140
141 295
295 502 908 1047 1208 1952
142 428 590 970 1331 1614 1943 1968
428 837 1199 1943
590 472 769 837 1350 1448 1614 1850 1944
970 762 769 842 1068 1101 1116 1199 1448 1628 1876 1916 1944
1331 438 459 1247 1614 1752 1850 1916
1614 1738
1943 409 1116 1199 1448 1738 1916 1944
1968 220 1230 1234 1262 1752 1876
1459 937 972 1297 1472 1603 1619
287 277 455 823 828 1095 1136 1676 1972
527 445 823 1242 1379 1430 1509 1520 1924
756 964 1095 1169 1430 1880 1998
964 254 455 481 936 982 1010 1079 1169 1185 1508 1531 1596 1754 1900
982 1169 1309 1430 1520 1545 1560
1119 1144 1315 1471 1866
1169 148 254 277 504 1545 1675 1676
1525 1430 1508 1972
1676 898 1675 1932 1991
838 235 456 560 741 1148
889 456 1141 1545
1360 285 1631 1633
1633 560 648 805 1314
146 251 263 282 350 533 638 654 703 718 739
251 350 595 614 622 877 1271 1478 1988
263 638 1418 1797
282 541 654 804 1188 1564 1582 1832
350 362 638 644 739 1923
533 368 400 595 614 660 678 796 1200 1325 1351 1670 1923
638 362 877 1325 1884
654 796 1188 1770 1923
703 161 401 719 1200 1271 1770 1988
718 543 739 1310 1582 1884
739 308 895 1310 1582 1791
147 357 1017 1958
357 314 977 1047 1446 1826
1017 467 735 1012 1168 1353 1862 1958
1958 962 1813
148 254 596 1417 1441 1596 1900 1975
254 1417 1596 1900 1961 1991
596 936 1183 1364 1880 1900 1975
1417 1086 1320 1991
1441 205 573 636 805 1079 1218
1596 1183 1430 1531 1754 1880 1900 1991
1900 1183 1218
1975 1224 1991
149 507
507 346 1139
150 840 1206 1540
840 459 1206 1463
1206 439 1066 1382 1540
1540 439 922
151 541 1188 1310 1468 1564 1582
541 401 1655 1959
1188 543 714 949 1310 1418 1797 1884
1310 362 543 1884
1468 237 356 834 1366 1597
1564 160 417 1729
1582 288 362 543 1649 1926
152 245 727 1426 1563 1687 1951
245 169 413 1122 1426 1956
727 169 825 1122 1563 1599 1687
1426 169 1231 1593 1956
1563 347 1599
1687 825 883 1122 1659
1951 734 1122 1410 1521 1543 1593
311 661 763 905 1010 1314 1438
330 474 655 1311 1491 1576
1311 655 1197 1252 1438
1438 648 661 955 1536 1909
620 347 1497 1703 1970
1122 200
1703 467 1543 1683
1956 413 1516 1521
1514 500
1810 611 1486
316 697 927 1056 1259 1672 1680
927 403 697 1033 1056 1471 1487 1508 1560 1610
1056 403 493 691 1033 1245 1315 1471 1520 1545 1680 1933
1144 691 697 1245 1382 1471 1672
1520 1062 1309 1315 1471 1487 1680
1933 493 691 1315
409 364 762 1101 1116 1199 1448 1738 1899 1916
459 208 786
837 1116 1944
1116 269 275 769 1101 1738 1876 1916 1944
1899 269 1247 1262 1440 1752 1850
158 583 788 835
583 735 1048 1715
788 908 1166 1616
835 176 292 1081 1200
159 1391 1419
1391 551 826 1528 1701
1419 213 359 812 1479 1528
160 665 789 1366 1562 1708 1737 1823
665 627 715 789 1085 1562
789 856 1085 1313 1562
1366 313 1085 1200 1708 1823
1562 1133 1707 1708
1708 313 856 1085
1737 1647 1729 1952
1823 1313
161 1518
1518 400 796 1271 1325 1351 1923
408 811 878 958 1133 1761
1300 623
930 670 862 1841
359 199 750 1528
750 551 865 1064 1479
902 510
680 181 340 878 1411 1979
1001 1208 1228 1332 1936
1228 1931 1936
208
826 378 818
1374 241 818 1064 1841 1888
912 811 1332 1411 1931
1489 207 398 442 1581 1619 1745 1999
169 200 1006 1445 1516 1683
200 374 544 1986
1006 347 413 1543 1986
1445 303 363 486 734 1410 1516 1521 1664 1898 1917 1986
1516 413 1593
1683 1093 1446 1978
676 398 937 1067 1214 1745
1576
171 196 920 937 1317 1472 1619 1745 1778
196 314 317 1016 1477 1603 1978
920 1472 1600 1603 1619
937 1776
1317 474 1214 1248 1297 1477 1776 1977
1472 424 425 624 743 1214
1619 972 1600 1603 1981
1745 611 743 1214 1248 1486
1778 314 611 972 1600 1977
423 501 879 1062 1461
922 698 815 1011 1357 1444
1125 337 501 1461
1219 439 493 686 1499
951 420 604 689 867 1100 1270 1334 1780 1886 1888
421 1866
1693 1177 1365
176 684 908 1166 1965
684 292 615 622 633 808 1609 1982
908 417 735 1166
1166 417
1965 986 1686
1477 227 1016 1093 1978 1983
867 420 670 689 811 1326 1334 1490
958 574 1275 1411 1780
1046 183 878
1404 1780
1780
420 181 591 1368
574 1100 1170
689 783 1368 1528 1709 1722
1170 1270 1326 1334 1488
1326 365 1368 1488
1960 237 278 627 1270 1488 1546 1886
181 340 591 783 1411 1709 1761 1979
340 878 1931 1979
591 811 1368 1411
783 1368 1411 1971
1411 878 1368 1979
1709 670 1133 1479 1931
1761 878 1979
1979 811 878 1138
290 781 832 1377 1575
1081 383 1723 1959
183 207 1173 1190
207 1067 1115 1812
1173 725 814 1686 1983
1190 398 972 1602 1813
184 1068 1247
1068 275 769 1944
1247 244 1350 1628 1876
715 365 1085 1313 1886
1085 313 856 1080 1313 1490
1112 670 1270 1488
1490 1313
234 351 580 971 1052 1629 1715 1851
724 351 735 1052 1715 1851
735
971 248 351 639 1030 1260 1354 1659 1715 1851 1914 1970
1629 351 580 639 1260 1715 1851
1686 435 784 1668
1715 639 1260 1970
1970 1030 1260 1266 1354
1168 301 962
1200 299 368 595 622 834 853 1351 1458 1575 1621 1982
807 552 744 1083 1906
301 977 1009 1016 1668 1862
962 554
977 435 646 725 814 1012 1775
1009 1668 1862
190 337 501
337 327 501 1066 1382 1638 1924
501 439 686 1335 1382 1461 1463
333 1876
1064 241 1015 1295
192 615 834 1877
615 292 633 677 780 834 976 1621 1982
834 1458 1877
1877 237 1133
968 435 467 516 639 1354
1266 1210 1354 1458 1575 1914
480 1348 1409 1953
1792 336 522 1664 1838
825 848 883 1917
883 1353 1354 1659
1700 230 605 1278 1662 1976
314 227 467 972 1016 1581 1826 1978
317 1314 1603 1977
1016 725 1281 1581 1978
1603 1600 1977
1978 227 1115 1281 1581
299 253 368 383 677 1458 1480 1522 1723
832 1076 1103 1522
1458 1140
1480 1140 1377 1522
1609 595 678 1621
198 1496 1724 1832
1496 431 1271
1724 796 877 1418 1478
1832 288 308 543 804 1083 1797
199
374 413 1497 1521
544 461 692 734 1593
1986 618 1543
331 257 285 571 1022 1601 1909
456 341 481 504 1185 1754
481 1010 1079 1141 1675
1010 504 1252 1257
1141 477 741 1257 1779 1830
1880 1079 1320 1754 1961
470 429 1920
1297 442 624 819 1600
1491 648 1233 1447
435
1668 248 1446 1862
1862 646 1246
293 477 872 1320 1403 1631
1218 449 828 1063 1430 1531 1961
1241 455 890 1079 1086 1754
1545 936 1430 1610 1972 1998
205 1034 1774 1904 1961
1034 449 636
1774 277 488 823 828 898 936 1063 1754
1904 636
1961 805 898 1224 1754 1991
309 442 474 648 655 1447
648 655 747
891 1041 1697
1067 398 916 1115 1530
1115 1306
1812 916 1602
1332 1047 1826
1723 780 1522
244 472
510 276 865 909 1701
551 276 865
818 241
1011 327 860 1444
213 466 879
466 257
879 697 1461 1465
417
502 1246
1138 1762
1971 1482 1936
786 220 1234 1440
1234 220 269 815
1876 438 762 769 1101 1752 1916 1944
376 325 522 1409
1818 522 1838 1953
909 865 1701
220 1262 1440
1262
1440 1290 1350 1628 1752
1664 336 347 461 522 618
222 1781
1781
639 516 1052 1353 1354 1659 1914
1030 467 1048
1246
1813 554 1281 1775
734 303 1278 1410 1662 1734
850 425 995
1139 1581
1838 645 1517
763 285 521 1536
227 1093 1981
1093 554 1281
1981 424 743 1776
356 237 831 1133 1385 1647 1707
1385 237 401 1285 1647
1597 368 401 644
1647 633
230 486 605 1278 1976
486 240 303 1231 1497 1662
605 1278
1278
1976 1662
231 1306 1935 1999
1306 1214 1999
1935 972 1581 1600 1602 1977
1999 500 712 1530
474
351 580 1353 1851
580 1260
1052 1599
1851 1260 1354
235 388 805 1148 1257 1364 1779 1920
388 573 760 1041
805 1086 1088
1148 477 560 1257 1631
1257 477 872 1088 1224 1403 1779
1364 872 1403 1631
1779 573 741 872 1320 1631
1920 1041
325 522 645 692 1409
461 363 1410 1898
945 336 522
237 1133 1285 1707
1133 627 1936
1285 986 1729 1931
1707 831
1233 1214 1776
240 303
303 1410 1734 1917
241 865
865
1482 811 878
472 1628 1752
413 347 1497 1599 1659
743
1248 398 530 819 1214 1486
1455 661 1533
1776 398 624 939 1486
285 854 1533 1808
854 571 1601 1909
1197 1533 1909
1601 571 1533 1808 1909
248 467
467 1983
554 725 1281 1775 1983
784 1047 1446
1446 646 1047
292 1621
595 400 660 808 1351 1988
614 400 678 1575 1923
622 253 262 368 400 660 677 719 808 1271 1325 1351
877 1478
1271 362 1478
1478 1988
1988 368 400
253 262 1103 1140
262 633 644 677 1377
1103 719
1140 808 1351 1959
1991 455 636 936 1063
401 796
831 362 644 660 1770
1649 288 362 1080 1655 1926
1791 644 1000 1655
1616
257
1983 1012 1281
623 1528
346 972
633 368 400 677 678 719 808 1575 1959
644 660 1770
677 719 780 853 1377 1621 1959
1377 853 1522 1959
1418 1923
1797 288 1000 1566 1650 1884
450
747 653
573 429 477 737 872 1088
737 302 429 760
872 429 477 1088 1631
1830 477 560
268 1382 1499 1595 1608 1638
1382 327 686 1335 1357
1499 1465
1595 699 1167
1608 327 686 1335 1465
1638 439 686
269 412 762 1101 1738 1916
412 275 1448 1628
762 275 1101 1448 1850 1916
1101 769 1916 1944
1738 769 1448 1916 1944
1916
1022 571
1909 571 1533 1808
1076 383 781 1522 1621
1210
1729 1368 1931
1888 378 462 1295 1684 1912
1365 815
275 769 842 1628
769 364 438 842 1448
842 364
1628 438 452 1850
276
277 394 1095 1430 1675
394 890
1095 488 828 1675
1430 936 1379 1560 1610
1675 898 936 1531 1972
278 365 1275 1488 1546 1719 1722
365 1821
1275 811 1015 1488 1546 1719 1886
1488 670 1015 1270 1722
1546 670 1719
1719 604 1886
1722 604
341 661 1252
808 368 853 1575 1670 1959
804 313 949 1083 1425 1650 1655
655 1977
1041
1770 1351 1923
1533 955 1808
1808 500
1177 815
1463 860
455 449 898 1183 1531 1754
823 828 1379 1509 1610 1680 1924
828 488 1508 1998
1136 898 1379 1508 1509 1610 1866 1972 1998
1972 890 1531 1610 1924
288 1425 1566 1650 1926
1425 584 587 1083
1566 308 714 895 949 1000
1650 949
1926 543 856 1000 1884
781 383
1575 368 400 853 1351 1621
1912 378 1295
1621 719 780 1351 1522 1959
477 1088 1320 1631
1320 1403
1403 1631
1631 741
306 1015 1100
378
1047 1208 1936
1208 1328
1952
313 744 1763
552 584 587 1080 1352
949 1352
1906
368 1522 1670 1959
383
1522 719
1370 1697 1837
302 1837
1837 630 653
1410 1662
1734 1898
1917 1521 1593
488 936 1531
898 936 1531
1610 1508 1924
636 890
936 1063 1183
1560 905 1033 1242 1471 1508
1015
1100 1701
504 741 1185
1185
308 543 895
543 714 895 1884
895 362 587
442 760 1252
1447
712 611
661
905 1242 1866
1314 560 741
1775 646 1012
744 584 1352 1763
1763 771 1080 1352
972 624
1581 814 1565
1826 848 1565 1637
1486
697 493 1033 1259 1315 1680
1259 691 1033 1245 1680
1672 571 1509
1680 691 1033 1471 1487 1932
1977 624
815
1345 1536
607 1167
860 698 1357 1444
1079 1063 1183
1183
1754 1224
522 363 645 1348 1543
645 336 1409 1548 1953
692 363 1543
1409 1348 1871 1953
327 686 1465
686 439 1335 1465
1465 493 1335 1461
646 725
1313
1352 1083
571
660 1325 1351
1982
986
336 1348 1953
1348
1953
1066
1924 1245 1508 1932
1270
1334 862
1731 462 540
878
1931 1936
1252
1521 1599
1593 618 1497
347 1599
1599 1231
630
1865 955
362
1923 796
1353
584 1080
856
403 1245 1315 1866
493 1062 1315 1471
1062 1315
1866 1033 1242 1508
1083 771
1528
363 1662
1662
364 1448
1448 1199
1821 693 1207
812
1886 604
1670 1325
1959 853
955
1684
1479
1497 618 1543
714
424 624 1214
1600
848 725 916 1565
1602 398
398
819
760
624
589
693 540
1508 445
890 1531
1536
1461 1309 1335
400 678
678 796
796
1245 1033 1315 1932
1315 1033 1471 1487
1350 1752 1850
1230
1543
811
1199 438
1659
1295 462 1207 1661
618
1048
1368
1214
425 995
995 1697
699 1444
429 1088
1088
431
1281 1565
1914 1354
587 1000
438 452
1296
1850 452 1752
452
439
1701
445 1379
1379 1509
698 1335
1357
449 1086
1086
1531
1517
1898
462 540
540 1661
1471 1033 1487
1752
1963
725
1080
719 853 976
1231
1655
780 976
939 1530
500
1335 1444
1309 1932
741
976
814 1637
1884 1000
516
521
1242 1033
1509 1033
530 1530
1530 611
1932 1033
1325
1351
611
1661
1167
1290
1841
560
670 1762
1762 1328
1936 1328
1000
1260
1548
1944
653
1207
604
627
771
1354
916
853
1224
1871
691
1033 1998
1444
1697
1998
1637 1565
1565
862
1328
1487
1063
1012
