0 5 22 92 132 149 169 194 221 270 387 425 473 486 494 496 499
5 65 147 169 326
22 43 57 65 103 109 148 177 234 266 289 300 305 332 367 368 378 395 404 477
92 105 149 216 221 265 379 416
132 2 79 169 216 265 279 287 306 406 416 438 467
149 15 87 216 265 270 287 306 387 404 416 425
169 102 108 162 216 221 265 387 416
194 7 24 35 98 105 261 265 338 395 420 425 451 467 494
221 43 108 162 203 264 279 306 313 317 322 443 454 471 496 499
270 2 51 59 102 162 216 222 228 264 265 413 416 454 480
387 79 105 108 162 203 416
425 64 105 216 228 294 322 385
473 11 57 63 77 81 103 115 121 157 204 250 251 289 300 348 399 443 462
486 2 24 64 82 154 189 241 244 294 309 480
494 2 3 13 28 60 98 102 108 125 212 228 296 322 375 379 384 396 427 496
496 35 260 287 297 317 413 416 422 438
499 23 62 71 77 180 203 279 424 471
1 8 181 227 236 419 452 464
8 45 53 93 145 196 242 257 399 419 433 457 464 466 481 488
181 78 85 119 143 145 235 247 272 283 310 312 470 476 490
227 11 12 29 89 135 136 148 157 188 211 212 222 226 292 361 479
236 45 99 145 248 257 330 337 352 382 419 460
419 93 145 248 304 347 410 457 464 481 488
452 158 275 391 399 405 457 464 466 481
464 93 95 137 142 145 192 257 399 457 460 488
2 7 15 165 228 265 287 313 406 416 422 427
7 15 165 216 294 322 415 420 443 463 480
15 88 102 108 144 203 216 265 317 336 406 427 454 462
165 13 24 102 105 108 170 216 293 322 416 454
228 13 37 62 108 115 216 340 379 404
265 35 43 60 108 162 178 212 216 264 287 374 416 427 471
287 43 108 203 216 317 336 438 471
313 60 62 71 79 109 162 177 203 279 306
406 24 98 108 178 244 294 322 415 467 480
416 24 80 88 108 147 203 216 322
422 20 89 90 120 176 195 202 239 317 329 332 413 427 437
427 23 28 43 81 109 212 246 296 344 349 372 413 431 462
3 28 57 75 81 105 109 127 157 214 218 294 331 340 344 373 380 397 429 477
28 11 39 51 54 57 77 81 121 127 140 177 214 243 246 314 332 344 372 378 384 462
57 12 54 171 184 202 218 292 344 360 384 479
75 4 115 142 148 157 197 222 260 296 308 372 373 409 418 429 440 465
81 4 11 97 124 140 296 353 379 413 437
105 76 77 88 294 309 379 420 454 463 480
109 51 77 157 177 212 216 243 250 260 274 329 373 396 404
127 11 23 40 76 77 100 113 140 212 240 331 340 349 365 375 409 443 453 472
157 12 51 66 97 116 142 158 184 247 281 288 296 316 355 382 397 465 479 483 497
214 41 52 59 64 76 116 123 183 185 197 241 308 338 431 434 449 453 498
218 4 35 67 83 113 121 184 239 246 316 349 373 429 472 479
294 24 76 84 108 178 189 215 232 243 309 322 336 415 446 454 463
331 23 83 89 102 171 184 202 204 226 232 246 288 346 349 355 409 418 453 462
340 23 43 67 97 171 212 281 289 296 300 316 335 344 349 437 465
344 52 77 97 243 289 296 349 462 497
373 11 12 40 77 83 97 99 188 212 226 232 276 349 384 397 456 468 479
380 16 26 29 32 91 100 118 143 146 163 167 191 193 211 255 280 361 396 432 439
397 9 12 67 100 134 168 171 204 226 274 282 316 319 333 355 377 411 418 432 465 483 497
429 12 40 83 171 183 188 210 232 308 323 355 440 453 490
477 20 51 108 115 118 120 131 148 190 193 225 256 266 325 329 357 358 359 368 396 407 445
4 51 135 190 246 315 336 372 375 379 384 404 472
51 11 54 77 97 113 250 290 296 332 338 396 483 485
135 54 67 89 103 115 121 122 205 226 239 268 292 330 377 465 479 497
190 115 131 141 163 182 211 238 239 266 332 357 385 396
246 39 77 82 83 97 124 133 277 308 338 341 365 375 431 440 453 485
315 52 59 64 76 82 123 124 179 183 197 261 298 309 467
336 24 88 386 390 415 480 485
372 54 124 177 204 225 349 382 413 417 453 456 497
375 23 77 102 103 211 225 379 420 480
379 23 64 66 77 83 113 140 170 188 202 243 268 296 365 428 485
384 35 80 87 121 226 300 357 378 437 443 454
404 13 20 103 108 144 234 274 314 359 395 396 443 493
472 9 49 55 64 106 130 183 185 188 232 240 241 285 341 436 449 453 498
65 60 62 79 359 407 424 426
147 60 180 306 426
326 69 180
6 68 86 95 134 158 166 192 213 269 391 433 487 495
68 9 17 41 86 93 95 101 122 133 134 166 223 276 281 288 290 391 447 495
86 31 133 134 207 222 334 391 491
95 12 48 104 133 134 150 222 276 319 333 414 447 487
134 17 48 104 185 210 284 308 323 334 335 341 430 431 441 487 495
158 17 53 114 155 223 281 284 319 324 334 430 441 487 495
166 50 99 137 284 302 324 330 391 466 482 491
192 32 42 133 207 247 292 316 358 383 418 460 492
213 27 31 41 100 101 150 196 207 254 257 267 276 291 302 304 316 433 459 460 483 492
269 106 114 155 241 285 335 441
391 17 31 48 114 133 137 150 185 257 267 284 291 324 334 433 441 447 495
433 17 99 101 137 142 196 222 257 268 291 302 319 358 447
487 27 35 41 104 106 155 219 290 333 334 377 430 441
495 17 114 142 150 155 222 276 284 324 410 430 441
216 88 108 189 212 454 471
322 79 88 178 189 454 480
415 82 178 189 215 261 309 451 463
420 43 49 55 83 140 170 250 296 374 395 451 462 480
443 76 131 177 289 298 317 359 396 413
463 44 47 82 98 113 154 197 215 244 261 323 467 480 485
480 23 24 39 40 43 49 55 64 77 83 113 241 243 244 296 413 440 454 462
45 32 36 145 208 352 405 457 466 476 488
53 17 138 153 254 342 356 481
93 70 99 122 138 196 248 254 267 342 405 457 459 460 481 488
145 11 46 99 223 235 242 257 383 399 405 457 466
196 27 31 48 100 152 155 168 242 248 276 302 319 334 337 342 399 418 460 465
242 32 46 100 152 156 205 208 229 235 248 281 324 337 358 383 399 405 459
257 153 156 233 248 275 291 304 353 456 457 466 478 481
399 29 46 48 99 100 101 142 152 235 302 342 355 456 457 469
457 31 32 36 142 150 161 302 304 352 460 481 488
466 27 101 137 153 161 291 316 383 405 481 488 491
481 138 153 161 172 319 488
488 70 205 229 248 255 347 447
9 52 59 82 116 123 170 183 185 188 285 290 409 431 460
52 47 59 64 76 82 104 123 124 140 197 309 346 386 408 421 446 451 455 485
59 47 64 76 82 116 123 197 243 261 408 413 451
82 61 83 84 97 113 183 210 215 309 378 412 431 442
116 30 47 76 104 130 185 188 259 285 298 333 338 341 377 440
123 55 76 84 183 197 206 241 298 308 323 431 436 442
170 23 49 83 140 183 244 349 365 449 451
183 61 76 107 122 210 241 276 285 323 338 421 431 442 446 449 453 455
185 104 106 133 150 219 323 341 418 430 447 449 498
188 31 39 40 64 104 114 117 189 232 240 308 440 447 451 453 467
285 30 47 55 117 124 179 232 241 338 446 447 449
290 47 50 106 117 205 219 341 421 446 449
409 12 17 39 107 140 150 197 240 338 365 436 449 453 498
431 23 30 76 107 124 175 179 241 243 298 323 333 341 408 446 451 485 498
460 31 32 223 319 334 356 459 491
10 14 18 199 321 366 367 423 484
14 18 33 112 129 139 141 159 220 273 280 299 311 351 360 364 367 401 403 444
18 33 38 56 94 112 136 159 176 193 200 201 256 311 321 360 364 367 393 401 403 444
199 21 209 278 310 312 354
321 34 56 159 255 271 278 299 363 364 366 370 376 388 394 423 444 450 484
366 42 286 299 311 362 370 376 444 450
367 33 94 110 136 139 220 256 299 303 311 351 357 360 370
423 91 112 118 129 139 141 159 187 200 201 255 262 311 318 360 362 363 376 394 402 475
484 21 38 56 209 230 286 295 311 318 327 337 360 363 417 444 450
11 23 40 61 97 113 117 210 223 365 437 440 447 479
23 40 97 113 140 171 215 243 244 338 346 365 451
40 31 39 121 124 174 202 204 232 240 361 418 440 479 498
61 30 55 64 76 77 179 197 298 309 346 442 451 485
97 124 243 289 296 349 365 378 395 462
113 24 43 49 64 76 77 98 197 244 276 323 365 378
117 126 130 323 335
210 47 64 341 440 449
223 27 100 101 161 276 304 319 341 405
365 17 39 49 77 83 197 215 335 436
437 54 139 168 212 289 296 306 316 329 413 465 479
440 35 39 50 64 172 232 240 355 377 418 479 497
447 17 31 41 50 64 205 240 288 333 497 498
479 12 29 67 89 171 226 288 319 339 355 411 497
12 100 202 226 316 339 350 355 414 497
100 66 142 222 229 267 268 281 288 316 319 324 432 441
202 54 115 184 204 211 329 332 349 353 374 396 497
226 54 67 171 186 205 239 260 288 339 348 355 414
316 29 67 122 150 171 276 333 342 355 414 451 465 497
339 19 32 70 156 168 172 184 205 245 247 260 267 307 330 337 358 382 392 459 476
350 67 120 168 205 233 283 410 456 468 483 490 492
355 54 64 121 205 267 281 306 319 333 358 414 418 465
414 85 131 171 184 205 211 239 268 281 348 377 456 468 476 497
497 238 465 490
13 77 79 94 195 279 349 359 374 396 413
77 24 43 243 296 349
79 43 60 62 144 162 177 279 328 343 438 493
94 90 151 176 273 303 351 407 435
195 58 69 71 136 174 212 305 314 359 407 438
279 60 62 69 162 180 212 306 359 424
349 121 212 378
359 20 35 71 103 234 297 314 328 424 493
374 35 60 90 212 274 451
396 43 103 160 174 234 238 274 289 320 332 407 413
413 121 296 300
33 21 56 139 201 220 280 286 295 345 360 370
112 32 56 87 91 136 139 173 187 201 220 252 280 286 311 332
129 29 85 139 146 200 201 251 255 258 260 301 310 318 361 432 448
139 90 91 159 160 174 182 201 220 239 280 286 295 299 318 345 348 370 385 393 394
141 16 37 91 96 110 143 167 220 224 230 249 266 301 310 312 376 388 432 439 448 489
159 60 110 119 151 160 200 230 251 263 305 311 351 362 401 489
220 151 160 173 182 186 191 200 286 295 311 325 388 398 444
273 90 103 136 148 151 160 176 182 274 280 293 303 318 351 364 407 435 445
280 56 151 182 193 234 262 299 311 318 345 357 376 401
299 143 151 173 176 209 231 263 266 295 303 311 318 358 364 381 394 401 402
311 91 173 231 256 345 362 435
351 151 251 286 343 345 364 417 445 489
360 56 252 256 272 363 394 402
364 63 90 136 151 182 286 325 332 345 348 370 417 445 489
401 37 136 160 176 182 200 201 238 252 256 263 286 300 314 318 325 329 368 393 417 439
403 56 187 231 263 327 363 370 394 450
444 56 201 211 231 258 271 286 345 370 371 383 393 394 450
88 24 108 154 178 454
102 108 177 317 438 462
108 35
144 20 35 54 63 174 177 186 212 234 250 274 289 305 317 329 343 348 368 445
203 24 162 264
317 125 264 297 306 424 438
454 261 378
462 71 167 289 309
16 34 91 143 173 187 191 193 224 230 272 295 301 310 312 337 361 371 388 392 398 432 439 489
34 96 191 198 209 224 249 256 262 271 272 286 318 354 381 392 394 448 470 475
91 163 173 187 225 271 301 318 325 362 376 432
143 19 29 72 85 96 111 191 208 224 245 301 307 312 371 376 385 398 411 448 469 492
173 118 148 200 225 292 293 318 325 475 489
187 29 87 128 164 198 200 211 274 292 325 369 385 392 394 398 445 489
191 85 156 193 198 200 205 209 255 260 310 361 382 385 394 398 402 417 432
193 26 42 103 120 151 163 167 201 304 357 368 385 398 411 475
224 38 111 146 163 200 231 247 268 272 278 301 318 362 371 388 402 432
230 73 85 119 163 217 235 237 245 249 262 268 371 388 394 398 448 470 475
272 36 72 85 96 209 217 237 271 278 283 312
295 87 160 200 354 389 393 450
301 78 119 146 163 198 200 201 217 235 251 312 371 398 475
310 46 66 85 146 198 292 320 357 361 371 392 398 411 439 459 475 476
312 19 21 56 70 72 85 110 119 237 249 262 371 388 402 448
337 19 152 171 172 208 211 231 235 258 282 304 410 476
361 29 46 103 163 184 198 245 255 258 300 376 393 398 417 432
371 78 237 239 245 318 347 432 439 448
388 21 111 119 146 271 362 376 381 432 475
392 29 54 89 148 163 198 245 247 283 302 307 348 370 381 398 432 439
398 29 37 110 115 146 163 200 201 271 292 318 362 389 394 402 448 475
432 26 29 78 87 110 146 167 171 198 255 368 370 483 489 490
439 26 85 89 118 120 163 168 239 252 255 318 348 357 370 385
489 20 36 119 200 201 262 266 348 357 362 402
17 31 41 114 275 284 291 319
31 99 138 275 276 291 319 459 483 491
41 32 204 267 302 319 410 418
114 142 284 324
275 161 233 342 482 491
284 137 155 207 324 334 441 474 491
291 142 204 207 233 482 491
319 48 66 121 122 137 150 205 267 418 441 465
38 209 271 286 327 354
56 164 263 286 345 394
136 37 58 118 128 151 225 250 293 303 306 320 343 368 393 435 445 450 483
176 20 58 63 252 266 303 345
200 96 119 201 217 251 286
201 238 325 357 393 394 469
256 21 72 118 255 286 362 376 385 475
393 182 262 286 303 320 325 370
19 163 172 208 217 235 245 282 283 347 383 448 469 476
163 26 85 118 119 146 167 211 255 271 274 307 411
172 36 99 156 235 307 461 492
208 72 282 307 325 347 382 383 410 476 490
217 72 78 110 247 249 258 262 263 282 283 470
235 21 36 73 96 111 249 307 382 469 476 478
245 26 29 72 85 160 184 198 211 307 347 377 435 461
282 111 237 249 258 263 448 469
283 36 198 258 382 389 461 478
347 85 137 152 198 205 459 469
383 32 46 70 205 304 330 352 461 468
448 21 78 96 111 167 198 249 307 402 476
469 46 78 85 152 156 198 247 307 410 411 459 461 490
476 29 70 85 96 198 262 307 330 353 358 382 410 468 490
20 60 63 87 103 131 148 234 252 305 314 320 328 343 345 471
60 62 67 80 125 174 328 385 424 426 471 493
63 54 148 174 186 234 289 293 305 320 329 343 370 435 445
87 89 103 118 148 174 177 234 238 274 289 293 314 325 329 332 368 370 385 395
103 29 131 174 238 243 289 300 368
131 26 54 89 186 260 266 288 328 368 378 492
148 37 42 67 89 160 182 274 289 300 329 363 368 395 417
234 58 69 80 151 164 274 305 329
252 128 151 186 255 274 303 329 345 389 445
305 58 177 274 314 368 400 407
314 62 174 177 250 293 328 329 369 400 407 424
320 85 160 225 231 251 274 293 318 368 407
328 121 125 250 274 329 395 493
343 37 151 164 186 293 368 370 395 400 417 435
345 58 151 182 211 303 370 417 435
471 289 297 306 426
21 209 231 262 271 278
209 255 278 354 381 450 475
231 160 263 278 318 354 362 376 385
262 36 119 237 278 376 402 435 475
271 96 119 237 278 470 475
278 119 263 450 470 475
43 76 288
177 35 250 289 303 329 332 395 407
266 37 211 225 300 395
289 250 300 378 445
300 37 54 260 274 292 325
332 174 225 251 274 329 368 435
368 42 89 167 225 238 260 370 378 395
378
395 37 62 128 174 239 250
140 49 124 197
171 54 67 85 89 184 205 248 411 445 456 465 483
215 98 124 154 178 179 197 253 261 309 390 485
243 49 64 296 338 449 485
244 55 64 98 189 309 338
338 24 25 55 83 98 124 197 222 309 346 451 453
346 47 49 64 76 124 130 241 412 498
451 55 83 124 241 309 335 408 498
24 189
189 178 261 467
25 44 47 206 298 386 412 428 442 458
44 107 175 277 446 455 458
47 30 55 76 84 197 206 386 442 446 498
206 30 39 55 84 175 277 298 428 446 455 458
298 84 197 277 386 421 442 446 458
386 55 421
412 30 175 277 428 455
428 106 107 124 130 175
442 64 84 175 179 197 241 261 277 323 390 446 498
458 30 175 241 277 309 408 455
26 37 85 118 120 204 205 255 274 292 303 318 348 385 470
37 115 118 186 225 238 251 255 263 274 286 293 325 352 357 402 445
85 29 258 260 389
118 42 54 115 182 286 293 318 348
120 78 89 211 248 302 330 411 456 492
204 67 73 225 281 288 302 342 405 459 483 492
205 222 352 353 382 456 461 468 490 492
255 67 73 96 119 238 318 381 385 394 402 435 475
274 35 67 125 164 174 225 250
292 42 211 238 260 402 475
303 58 110 151 160 286 370 417 435 450
318 238 286 325 376 385
348 36 167 174 182 239 325 357 370 445
385 67 115 260 325
470 36 42 72 78 96 101 110 146 168 198 249 258 389 475
27 48 133 138 229 233 276 324 342 441
48 137 333 342 434 441
133 55 99 138 207 276 281 302 324 334 418 441
138 142 233 248 268 330 342 482
229 46 99 101 137 142 152 247 248 330 342 352 358 459 465
233 356
276 32 150 334 382
324 153 161 323 334 441
342 142 152 198 302 304 459 492
441 101 104 137 155 491
39 49 76 150 232 240 241 407 434 449
54 83 89 115 239 260
121 110
29 96 151 260 382 411 478
96 72 78 110 198 237 249 286 402 417 478 490
151 58 160 435 445
260 115 225 325
382 42 46 66 70 152 239 247 267 268 352 411 459 461 468 483
411 42 111 115 211 268 307 353 410 418 461 483
478 78 99 249 258 358 492
30 55 130 175 408 421 434 446
55 76 107 197 323
130 107 126 408 421 434 455
175 277 446 449 455
408 49 107 168 241 341 446
421 84 107 253 446 455
434 101 106 155 240 253 308 341 436
446 179 241
99 32 248 304 352 358 492
459 32 42 46 70 152 281 302 330 410
483 66 67 89 101 142 152 167 211 268 281 288 353 402 405 410 456 461 468
491 207 334 418 482
32 46 73 288 307 330 358 490
46 101 142 152 247 268 288 302 330 358 389 410
73 152 198 307 389 461 475
288 62 66 70 211 281 465
307 168 198 247 358 461 468 490
330 70 152 247 410 456 490
358 66 70 142 152 247 267 268 304 410 465
490 78 119 137 156 168 247 410 461
286 152 167 182 325 363 376 394
370 325 377 417 435
198 36 184 237 249 304 461
249 36 78 111
354 263 376
381 119 362 389
394 182 263 325 376
475 72 225 237 258 376 410
35 264 296 306 325
264 297
296 465
306 58 250 297
325 42 182 186 225 329 376 417 468
36 258 474
258 111 237 239 389 461
474 74 153 161 254 356
115 357
186 128 293 445
225 184 238 250
238 329 402 417 435
251 164 182 212 293 357 445
263 327 376 389 450
293 58 90 160 174 369 407 445
352 302 405
357 42 167 239 353 377 402 461
402 72 78 362 417 450
445 160 329
327 450
49 124 154
76 122 124 309 323 453 455
150 168 222 268 281 302 377 418 430
232 66 142 333 436 449 453
240 50 267 453
241 50 124 253 259 341 498
407 71 329 369 493
449 323 453 498
124 64 84 323 467 485 498
174 212 239
418 66 89 142 184 267 268 281 377
498 222 268 323
267 66 247 248 268 308 353 468 492
302 66 101 142 268 304 410
410 66 461 492
42 67 89 146 184 456
67 66 70 89 182 211 212 468
89 167 211 239 353 465
146 72 182 389
184 70 167 239 456
456 66 237 268 468 492
107 455
277 455
455 453
405 161 248 334
101 66 78 142 268
142 161
152 78 156
247 167 207 268
268 70 211 304 353 377 492
389 72 119 237 362
84 179 222 467
197 98 106 179 323
137
333 126 222 308 341 436
154 98 179 261 309 467
50 155 335
155 104 222 334 341 436
335 126 219 341 430
250 424
485 64 309 390
64 323 436
104 222 334 453
309
153 74 161 254 356 430
254 74 492
356 74 161
83 453 467
239 167 168 353
323 259 341 377
164 58 400
58 128
128 90 329
261
62 162 424 426 493
80 71 438 493
125 69 71 369 400 424 426 438
424 69 438 493
426 71 162 180 329 493
493 69 297 400
179 390
162
329 400
435 90
436 308 453
66 281 377 468
281 211 377 465
377 122 222 465
468 182 492
70
182
211 122 168 353
212 400
122 222
69 71 180 369 438
71 438
180
369 90 400
438
72 119 237 362
119 237 362
237 110 111
362 450
461 168
74 161 207
161
207
222 308
308 106 341
465
453 106
78
353 492
467 98
334
178 98
167
90
376 450
248
110 160
417 160
98 390
390
304
492 168
106 126 219 341
126 259
219 341
341 259
160
111
259
400
430
450
482
363
168
156
253
297
