0 133 138 153 170 186 213 238 245 274 287 327 344 356 376 384 386 404 419 435 467
133 20 36 41 82 87 153 170 173 177 185 211 220 252 267 308 350 376 394 403
138 27 65 96 113 139 183 185 238 245 275 294 311 330 386 399 404 435 446 467 471 484
153 94 131 160 162 249 275 287 318 348 356 417 431 467 474
170 25 45 66 185 220 221 223 235 243 270 330 350 352 364 370 376 393 400 423 435 456 481
186 12 89 99 152 173 177 185 284 294 305 330 350 376 446 456
213 44 49 67 72 160 168 174 225 235 254 303 311 331 371 399
238 17 68 69 183 221 245 275 311 340 344 356 386 423 424 453 499
245 11 57 96 158 225 240 294 303 311 340 356 359 379 384 419 498
274 64 66 86 174 193 201 225 435
287 44 82 188 207 335 359 373 379 384 443 456
327 5 11 61 84 103 119 180 265 283 322 437 452 453 465 484
344 44 49 67 83 84 94 232 254 272 295 303 311 340 399 424 428 474 498
356 17 45 67 83 88 139 311 331 353 399 423 435 446 484 498 499
376 96 105 159 168 205 220 221 223 235 252 271 277 286 294 311 330 340 379 404 456 470 471 484
384 174 207 234 252 260 275 330 335 386 424 443 498
386 27 45 96 139 183 195 235 260 271 272 275 286 330 340 363 367 380 420 446 474 498
404 34 46 88 140 159 221 235 239 283 323 330 353 358 379 380 423 484 489 499
419 26 65 88 140 209 256 290 292 311 355 379 402 467
435 34 74 96 139 140 145 159 164 183 204 239 275 294 340 371 383 393 471 498
467 65 66 88 94 139 140 168 205 225 340 355 360 499
1 37 92 123 131 203 210 269
37 52 73 151 210 251 258 291 385 417 431 442 461 482
92 35 62 123 150 151 191 203 316
123 3 73 75 207 234 288 417 478
131 82 122 174 188 250 293 389 488
203 19 35 85 130 151 191 269 480
210 3 29 100 130 150 188 190 191 233 258 288 385 428 477
269 130 151 191 197 233 385 478
2 19 36 130 332 385 461
19 3 36 264 332 385 431
36 3 6 130 439
130 3 100 288 385
332 171
385 3 52 229
461 33 102 110 190 242 251 258 266 317 341 388 395 480 482
3 85
85 29 30 73 229 291 315 339 341 398 474 480
4 24 60 106 147 158 166 174 175 409 443 451 486
24 29 52 110 318 339 341 390 395 398 474 475
60 43 174 199 247 268 273 336 366 476 486
106 9 30 48 53 97 161 247 292 339 398 479 480 491
147 23 42 93 178 179 199 228 263 268 318 324 345 382 434 466
158 69 160 174 207 254 272 300 318 335 370 389 400 443
166 52 97 102 125 190 251 266 288 317 475 497
174 69 94 232 294 318 339 340 424 485
175 97 162 202 278 440 479
409 10 162 196 268 313 324 334 336 392 491
443 69 183 254 272 286 395 485
451 53 102 266 273 354 388 479 486
486 10 23 68 70 165 179 237 313 324 336 346 366 374 457 485 494
5 31 47 84 90 108 132 143 159 244 246 295 311 453 458
31 22 120 154 161 181 230 285 307 382 410 412 458
47 26 38 40 58 80 90 156 244 257 259 279 314 322 372 437 444
84 8 39 57 61 105 180 338 372 438
90 40 132 172 246 295 338 361 438 453 458
108 55 146 189 214 231 262 349 378 408 427 436
132 28 40 156 180 198 201 244 295 429 452 472
143 8 94 103 209 283 355 372 476
159 25 27 45 72 129 144 145 168 211 221 239 261 283 286 305 318 330 400 446 471 496 498
244 38 338 360 437 444
246 114 189 214 426 473
295 21 117 119 156 217 240 257 338 349 426 429 444 452
311 67 139 217 254 260 275 318 340 361 399
453 39 65 283 292 355 402 438 471
458 180 325 338 437 465
6 77 111 139 171 200 282 316 414 439
77 12 41 96 144 145 152 211 217 220 221 267 277 284 308 355 380 401 456
111 107 115 168 206 222 250 298 394 405 418 490
139 44 65 69 303 320 331 340 355 399 424 452 498
171 91 182 242 316 373 415
200 87 122 182 308 373 403 439 490
282 12 188 204 234 373 417 424 480
316 177 373 415
414 41 99 192 255 308 350 431
439 87 122 373 411
7 266 278 354 381 388 445 459 497
266 9 52 71 97 98 251 292 317 440 460 477 497
278 10 43 71 102 273 460
354 10 71 102 163 169 248 273 334 392 416 431 460 479 497
381 10 199 333 336 366 369 416
388 18 23 136 148 273 280 329 367 392 445 460 491
445 134 136 162 169 181 329 392 459
459 71 101 162 169 199 329 346 392 449
497 35 288 299 306 395 477 480 482
8 42 119 156 257 292 304 325 444
42 16 39 78 105 124 156 160 178 218 307 340 430 444
119 57 61 63 64 243 338 348 429 452
156 39 61 64 183 257 310 338 379 469
257 21 61 64 198 322 338 438 444 452
292 63 83 165 241 289 300 336 359 428 466
304 78 154 314 325 382 410 432 465
325 39 54 63 149 155 285
444 57 105 155 180 187 355 372 410 430 465
9 33 35 52 97 102 125 306 317 339 395 417 440 475
33 43 62 71 196 440
35 62 291 482
52 125 190 315 477
97 43 237 248 317 398 477 479
102 98 125 196 248 317 341 440 460 479
125 53 202 237 475 477 488
306 151 222 251 291 317
317 79 98 202 237 299 341 440 475
339 160 199 254 299 315 318 341 390 480
395 29 73 188 190 229 251 291 341 392 398 480 482
417 30 188 234 237 291
440 79 98 242 416 475 477 480 482
475 43 53 71 202 313 460 479
10 48 68 70 101 199 230 328 329 334 366 425 466 476 494
48 22 28 101 135 165 313 367 416 434 460 494
68 28 70 83 135 162 165 199 318 326 329 334 336 359 367 410 457 466 476 494
70 43 101 121 179 196 247 248 313 336 341 366 434 491
101 127 135 136 162 163 165 169 196 273 324 329 334 336 366 367 425 432 466 491
199 22 63 71 135 228 280 324 328 347 374 434 457 469
230 81 120 127 161 178 265 268 410 430 457
328 127 148 194 346 416 428 487
329 163 196 248 313 324 336 366 367 392 491 494
334 44 53 228 313 324 425 479
366 43 163 196 280 324 392 491
425 28 103 124 179 247 272 313 336 416 457
466 28 67 83 154 165 178 218 300 336 428 469 476
476 28 124 228 285 314 326 345 362 367
494 160 163 190 196 247 248 268 273 313 416
11 69 180 209 225 235 259 283 436 438 452
69 67 232 249 254 260 275 303 318 320 331 399 428 456
180 38 64 78 88 103 254 283 355 362 429 430 452
209 165 183 241 290 322 336 424 428 469
225 193 283 308 320 471
235 26 221 239 320 355 359 379 423 446 464 498 499
259 117 161 349 437
283 40 105 221 240 272 314 399 432 498
436 21 118 217 236 349 357 378 426 455 462
438 64 189 215 310 338 421 426
452 26 193 240 421 465
12 25 89 99 144 152 168 173 185 206 220 223 267 277 294 308 350 353 358 399 488
25 89 128 183 195 220 221 271 277 281 286 330 370 397 464
89 107 128 152 211 223 239 267 271 277 301 308 350 370
99 13 87 96 152 211 222 284 350 375 383 394 401 403 418 450 454 463 490 492
144 222 261 305 399 401 471
152 13 34 41 46 74 82 173 177 195 206 277 284 305 321 350 351 394 401 490
168 193 211 220 232 252 260 267 277 286 294 330 370 379 401 456 484 499
173 41 252 284 358 401 418 468 499
185 45 74 220 223 239 260 271 276 294 305 370 379 399 401 471 481 484
206 76 95 115 195 270 375 420 468
220 27 177 211 271 277 361 375 380 420
223 41 74 211 270 271 277 286 340 358 370 401 423
267 41 66 82 87 182 192 363 370 401 450
277 27 126 140 211 252 275 284 286 294 308 383 403 423 495
294 17 27 66 183 239 252 260 261 286 330 358 423 446 484
308 195 275 298 305 337 380 403 492
350 27 41 271 305 463 474
353 46 51 56 66 95 126 164 226 239 261 281 330 358 370 393 397 400 489 492 499
358 34 45 56 74 128 145 284 370 393 401 423 481 489 492
399 34 67 128 160 183 260 272 275 331 340 355 379 383 446 485
488 122 182 188 232 234 303 330 335 373 441
13 95 164 183 261 297 321 365 393 418 454 463 489 492
95 50 59 76 129 224 297 301 337 365 464
164 46 126 301 352 360 365 368 396 420 423 447 464
183 17 27 56 86 188 211 239 260 275 286 340 371 423 446 456
261 50 74 128 195 249 284 351 375 405 413 423 468 492 495
297 59 74 301 337 364 365 396 454
321 51 59 145 271 276 365 446 450 454 489 495
365 46 59 76 205 301 368 470 495 496
393 17 65 74 87 380 400 423 481 484 489
418 115 208 250 298 363 394 405
454 50 145 224 301 420 450 463
463 50 115 250 375 413 456 468 483 490 492
489 66 76 126 128 129 195 211 226 324 368 396 400 481 484 495
492 41 115 195 224 284 394 470 483 484
14 54 127 154 161 179 194 216 218 263 347 382 387 412
54 109 127 142 161 181 227 307 347
127 28 93 109 161 169 188 268 307 387
154 120 121 161 345 347
161 81 116 120 136 141 218 387 432 437
179 104 134 135 268 280 307 313 346 457
194 43 93 104 148 169 176 181 216 218 263 296 307 312 333 342 345 369 374
216 15 23 136 142 218 237 263 280 296 312 333
218 116 141 142 212 263 289 307 412 457
263 22 109 141 142 212 289 345 382 433
347 16 63 120 141 212 227 345 367 372
382 15 289 412 433
387 81 93 116 141 265 302 307 345 433
412 16 103 141 187 285 433
15 18 22 104 280 289 296 312 333 342 369 374 487
18 109 181 212 302 307 312 314 369
22 23 104 169 212 289 342 487
104 280 289 342 369 374
280 93 121 148 212 307 312 314 487
289 93 109 148 181 268 296 307 312 342
296 109 142 149 302 307 312 333 369 374
312 149 369 374 433 449
333 109 134 142 169 342 392 487
342 149 169 374
369 109 169 181 302 374
374 136 149 169 302
487 23 93 142 169 307 313
16 78 103 176 285 346 410 430 432
78 116 120 309 410
103 63 72 105 124 178 265 322 372 469
176 23 149 212 302 319
285 39 57 121 178 243
346 61 71 136 148 181 307
410 32 124 141 324 345 430 432
430 39 63 243 314
432 65 120 124 178 319 322 433
17 221 260 330 340 383 401 446 456
221 27 50 65 66 96 205 281 320 331 359 370 397 446 456 471 498
260 27 87 88 96 211 239 361 379 423 431 446 456 471 484
330 27 45 72 96 239 252 375 383 446 481 484 496 498
340 67 140 320 331 446 484
383 34 66 193 320 352 397 420 423 470 495 496
401 192 204 252 284 373 403
446 49 239 275 286 318 415 481 484
456 27 88 96 177 361 370 380 484
109 116 141 148 149 212
181 81 116 148
212 141 268 302 307 345 367 434
302 120 142 169 345
307 23 63 93 116 142 227 345
314 81 121 178 243 253 265 336 359 372
264 373 411 441
431 43 110 237 291 424
20 107 115 208 222 250 276 405 490
107 41 115 192 195 208 222 250 351 363 403 405 415
115 41 208 222 250 363 405 490
208 91 192 222 250 284 380
222 192 219 224 255 363 394 490
250 87 363 490
276 195 224 255 413 490
405 413 490
490 363 394 413
21 26 265 343
26 193 201 205 279 349 378
265 63 121 124 178 241 268 326
343 38 57 64 198 362 448
23 93 116 135 136 169 336
169 137 449
93 142 434 449
116 141
135 28 134 136 142 178 228 247 268 324 367 416 428 491
136 449
336 196 324 359 449 457 491
29 190 202 248 341 390 480
110 75 100 122 229 239 249 293 398
318 30 160 232 300 303 389 424 474 485
341 94 202 229 299 390 441
390 196 398 477
398 30
474 72 207 237 254 303 424
128 56 76 192 211 281 370 380 400 471
195 59 298 351 375 484
271 74 87 204 298 495
281 51 56 145 205 226 323 377 397 420 423 464 470 483 495
286 45 96 193 211 284 320 400 481 498
370 27 45 74 126 211 226 335 379 471 481
397 34 45 74 126 140 226 380 400 484
464 66 86 145 226 368 420 470 496
193 64 66 88 113 320 331 349 355 471 498 499
201 40 58 146 167 215 240 279 338 377 421 429
205 34 51 320 331 379 423 470 481 496
279 51 86 240 256 360 421 426 429 496 499
349 94 172 215
378 114 189 462 472
27 96 211 239 252 254 301 305 400 471 498
96 45 72 226 240 241 305 368 484
211 50 56 74 113 239 348 400
239 140 375 423 471 499
252 74 305 335 380 471 481 496
254 44 49 83 94 232 234 272 303 359 496
301 74 413 450 483
305 50 87 177 379 380 442
400 34 126 145 323 360 379 380 470 481 484
471 45 284 335 379 380 484
498 67 74 331 355 359 421
28 63 94 149 165 324 491
63 81 124 241 362 491
94 44 72 83 160 232 272 303 331 359 485
149
165 44 83 290 359 491
324 83 178 228 243 268 273
491 43 71 202 313 367
190 234 291 299 477 480 482
202 43 53 196 207 247 479
248 43 53 79 241 479
480 79 196 229 242
30 229 233 288
229 91 150 162 233 258 288 291 482
233 151 191 242 249 288 291
288 100 258 477
120 134 141 142 178 187
32 61 81 121 178 241 290 372 457
61 39 57 124 240 338 424 429 469
81 124 178 243 362
121 228 326 392
178 124 228 268 372
241 72 83 290 300 367 402 469
290 57 65 83 322 355 362 402
372 72 105
457 124 228 268 326 434
43 53 71 162 196 299 416
62 150 478
71 134 148 162 273
196 142 162 163 247 272 273 313 326
34 59 74 129 270 379 423 470 481
59 46 56 145 364 368 450 483 495
74 56 76 145 284 375 379 484
129 396
270 46 126 145 226 351 364 420 423 447
379 83 88 126 140 391 423 481 484
423 45 56 331 364 481 484
470 51 320 447 495 496
481 126 284 496
291 197 251
482 242 251 479
73 100 293
151 150 191 197 478
251 79 150 237 242 477
258 100 242 249 315 477
442 207 389
38 80 309 310 448
80 117 348 429 472
309 155 187 465
310 64 86 114 117 172 189 472 473
448 57 157 172 198
39 105 243 319 465
105 83 243 322 429
243 198
319 187 253
465 40 155
40 157 172 198 240 338 362 429
157 155 172 198
172 58 117 437
198 256 360 437
240 55 57 65 86 113 215 256 355 429
338 49 217 359
362 57 124 300 303 322
429 58 64 184 217 256 355 421
41 50 468
50 368 375 468
468 51 255 364 375 394 413
124 57 322
160 232 272 299 303 335 361 424 485
53 237 273 479
162 479
299
416 142 148 326 392 434
44 272 424 428
272 83 300 303 424
424 67 76 275 485
428 72
45 56 140 320 407
56 46 126 226 368 450
140 66 86 113 320 499
320 66 275 322 352 355 499
407 323 337 352
46 126 224 298 337 364 368 396 420 450 483
126 76 145 226 352
224 337 351 450 499
298 219 363 406 413
337 76 396 420 495
364 184 352 450
368 76 145 352 420 499
396 51 357 450 483 496
420 82 226 496
450 226 331
483 51 447 493 495
58 112 215 421
322 469
437 117 215
313 98 479
367 268 361
434 142 148 479
460
49 72 86 247 303
72 83 359 389 413
86 51 88 331 348 377 421
247 249
303 67 275 300 359 469
375 495
51 226 422
226 66 88 145 352 360 496 499
422 66
315 75
477 191 242
237 100 273
273 134 142 163 392
479 163
142 141 268 345
227 141 433
55 114 117 146 236 262
114 189 214 236
117 214 472
146 112 231 236
236 189 231 262 462
262 112 184 426 455 473
57
112 256 357 421 462
215 64 189 421 462 472
421 64 118 256 357 426 473
145 76 284 495 496 499
495 76
268 228 345
469 402
150 197 478
478 100
64 348 408 426 462
348 113 360
408 189 473
426 231 357
462 231
65 88 355 485
88 323 499
355 275
485 232 249 331 496
66 499
499 275 380
67 275 331
275 232 249 441 484 496
331
83 232 300 402
326 300
359 232 402
232 389
249 207 335 361
134 392
148 207 253 433
389 188
413 255 351
100 197
293 188
76 380 496
284 82
484 380
75
380 335
496 167 352 360
217 113 371 377
79 98
98
472 473
82
300
402
377 371 447
87 403 415
403 182 204 361 441
415 122 361 373
323 371 447
361 188 335
91 411
411 441
191 197
449
394 192 363
197
163
192 204 219
351
363
189 214
214 256 473
231
427 113 455
141 228
122 182 204 207 234 441
256 371 493
357
113 447 493
447 184
493
118 391
391 167
187 155 433
228
392
182 177 234
204 177
207 188
234
441 188
352
188
177 335
137
345
253 433
433
155
335
360 371
167 184
184 371
242
373
371
219
473
255
455
406
