0 20 31 62 68 97 102 107 124 130 131 140 183 191 247 295 301 343 369 390 409 433 448
20 102 130 196 240 266 275 291 316 329 343 414 433 456
31 62 96 97 102 130 131 140 266 291 295 400 414 486
62 9 52 97 103 144 148 169 174 215 250 266 291 295 301 305 307 316 369 409 492
68 1 19 39 73 104 140 144 206 215 328 391 407 488 492
97 30 52 80 107 174 196 247 259 266 285 291 369 397 413 414 418 486
102 8 15 275 295 301 369 406 409 493
107 29 124 130 131 140 144 169 191 221 223 316 417
124 104 113 125 130 131 169 183 192 218 223 456
130 8 30 113 146 149 169 223 301 316 413 433
131 17 42 125 140 144 169 191 192 196 247 275 287 291 295 307 352 433 456 463 486
140 52 58 100 104 106 176 191 223 247 301 316 329 388 397 414 439 456 486
183 58 113 125 223 245 253 291 301 329 339 391 433 456 486
191 58 113 156 169 192 212 221 238 245 305 343 344 357
247 25 29 30 42 76 113 116 169 187 203 248 266 275 291 301 305 414 466 493
295 29 125 291 316 486
301 52 176 192 221 316 343 344 345 369 433 456 493 496
343 52 54 58 74 100 123 169 206 221 240 285 374 413 433
369 30 42 52 125 181 240 266 291 329 414 463 486
390 10 39 52 174 206 216 245 285 371 397 407 480 481
409 8 9 30 42 174 196 259 329 388 396 418 439 455 472
433 100 156 169 192 194 221 223 248 266 275 291 307 406 456 463 486
448 6 74 94 116 123 174 210 268 381 400 424 439 468 496
1 17 39 40 45 73 138 194 195 238 270 284 303 304 337 347 494
17 22 36 39 40 61 81 84 86 99 101 111 117 128 147 179 188 194 243 261 279 280 284 303 330 347 357 453 454 470 496
39 12 25 80 104 146 184 213 279 287 306 339 371 440 480 481 488
40 49 81 84 117 147 194 220 264 333 404 410 425 432 470 489 495
45 5 12 15 54 82 120 166 171 184 252 265 311 317 337 362 367 432 457
73 49 81 90 104 128 213 285 320 357 436 454 467
138 22 49 72 101 154 232 249 261 296 328 371 374 467
194 25 65 71 76 86 89 174 195 206 228 238 243 258 287 306 320 328 347 360 371 374 453 454 481
195 12 22 54 61 84 101 128 147 157 184 206 232 239 260 284 303 304 362 374 428 440 467
238 49 61 71 72 90 111 123 128 171 273 300 303 339 374 376 385 436 459 466 467
270 89 184 199 210 233 243 278 306 317 337 342 362 367 402 453 457 458 496
284 36 59 65 111 117 147 278 279 300 304 317 337 347 366 410 446 468 470 494
303 33 61 84 86 111 179 184 208 235 278 300 304 337 347 367 374 376 436 470 485
304 12 26 71 86 99 111 128 147 171 184 243 251 260 306 337 366 410 416 470
337 13 65 77 82 84 99 151 168 233 251 252 317 362 422 449 458 490
347 12 19 74 81 111 135 157 199 209 243 279 328 360 376 410 428 436 446 494
494 15 22 33 61 65 84 117 228 255 261 264 333 376 399 401 426 453 454 470 485 495
2 18 53 111 165 239 274 289 297 378 400 438 465
18 7 27 69 96 150 166 189 204 210 289 327 370 394 412 497
53 6 47 57 121 165 190 201 235 239 267 278 282 286 367 378 408 421 443 474 490
111 22 33 65 72 81 84 117 147 179 208 228 243 261 306 317 379 401 410 453 470 481 485
165 6 79 137 201 257 274 277 323 363 408 410 449 461 468
239 6 12 21 25 56 58 71 82 129 147 151 157 227 292 311 363 389 394 432 460 461
274 54 67 76 150 181 186 200 203 225 277 352 381 388 402 445 471
289 46 93 96 105 438 443
297 13 35 65 70 152 178 258 290 334 342 366 408 420 425 446 449 470 489
378 46 47 59 112 121 137 175 199 201 235 292 308 367 408 421 443 466 474 482
400 14 83 129 148 171 181 186 226 250 259 268 322 345 389 393 417 445 498
438 14 47 105 166 189 327 332 348 408
465 23 46 47 64 69 92 118 122 158 211 382 402 427 461 484 491
3 32 78 207 224 298 356 370 397 464 471 476
32 37 78 166 204 207 241 254 298 352 431 455 471 476
78 34 127 207 241 254 345 352 358 359 418 464 476
207 83 241 246 254 283 417 464
224 29 44 48 96 200 259 345 348 359 381
298 34 66 127 196 254 256 293 396 464 471
356 7 27 37 142 200 241 254 283 293 313 332 355 358 370 380 402 419 427 452 460 464 471 498
370 38 47 48 85 142 155 214 283 359 361 380 427 497
397 9 29 44 76 106 149 204 250 294 305 351 381 393 402 424 493
464 34 66 75 85 103 166 234 241 256 283 345 358 380 441
471 9 48 66 85 129 241 345 417 434 460
476 23 34 92 142 214 241 355 359 412 441
4 91 93 172 197 403 434 447 484
91 11 50 56 112 115 121 145 158 172 202 225 242 271
93 43 50 56 60 64 87 133 271 372 377 484
172 11 56 145 161 231 236 271 309 403
197 51 108 133 145 193 219 236 272 319 321 340 353 372 405 447
403 57 141 161 190 242 263 335 387 447 469 478
434 63 151 201 235 271 286 308 311 334 402 408 443 446 457 468 490
447 51 112 145 229 231 236 271 288 319 350 377 477
484 16 43 46 56 115 327 373
5 28 63 82 121 160 219 236 237 282 354 367 373 437 443 449 482
28 26 136 198 237 324 326 420 435
63 6 47 48 99 109 118 122 133 199 302 323 332 348 373 408 491
82 94 148 150 151 163 171 186 203 210 252 267 273 278 292 310 312 379 468 490
121 41 59 225 267 286 317 326 405 408 411 422 490
160 59 60 109 119 152 182 201 218 225 231 242 350 421 443 474 477 491
219 11 112 141 145 236 281 319 324 377 478
236 11 43 50 87 108 112 115 202 271 288 411
237 110 136 159 286 320 324 325 326 368 379 411 420 442 446 450
282 60 99 152 199 230 281 299 318 323 333 346 354 367 372 387 405 422 457 490
354 51 57 108 112 133 167 271 299 350 367 377 394 405 478
367 26 36 41 70 94 118 163 182 251 278 309 311 342 363 379 432 449
373 16 118 202
437 38 48 69 142 199 234 269 292 302 327 361 382 460
443 43 189 199 308 323 334 408 422 425 474 491
449 151 152 233 235 251 257 258 267 342 362 408 432 446 450 468
482 60 87 109 110 133 135 152 167 231 308 353 363 372 377 411
6 47 67 99 134 137 151 158 163 182 186 199 273 278 310 311 317 332 379 468
47 11 46 60 137 167 182 199 308 348 491
67 21 23 59 151 157 163 210 212 220 252 278 312 333 360 363 379 468
99 13 59 65 70 110 132 178 205 243 258 267 342 362 399 422 450 489
134 110 335 386 395 469 487
137 46 60 129 150 234 286 315 423 445 491
151 36 94 152 166 252 257 258 273 311 320 333 349 468 473
158 16 21 27 87 109 118 122 189 234 327 360 491
163 54 116 147 152 171 184 199 210 212 252 278 310 317 458 468 473
182 41 43 94 96 108 120 139 167 218 225 231 235 420 421
186 21 96 200 241 245 265 273 294 322 381 394 441 445
199 51 202 218 227 235 292 348 363 382 421
273 15 21 71 117 171 203 210 220 259 277 292 310 312 379 394 399 466
278 89 135 220 233 310 368 379 461 468 481
310 14 15 21 59 89 129 209 210 252 257 267 292 305 315 360 376 379 422 429 458 468
311 15 54 59 94 116 135 171 235 267 292 294 363 379 383 422 468
317 65 135 171 227 233 292 362
332 48 69 129 189 204 222 227 241 277 315 388 392 402 441 445
379 12 21 59 148 150 152 201 203 210 220 252 292 315 320 363 468 474
468 60 94 210 257 421 427 459 490
7 38 69 83 200 222 241 269 327 359 460 498
38 23 64 142 200 269 283 293 359 380 392 412 419 427 460 483 497
69 27 48 83 96 211 214 222 265 302 381 382 415 427
83 48 75 103 166 189 211 222 256 322 358 423 427 452 460 498
200 44 105 129 174 204 227 246 327 388 389 402 452
222 37 60 76 96 150 204 240 241 302 327 360 361 461
241 27 34 37 66 254 359 427 441
269 23 46 48 64 92 94 118 142 189 204 302 308 327 415
327 27 60 66 204 218 259 294 302 348 460
359 27 75 85 254 283 361 380 427 460
460 44 48 92 96 142 431 452
498 34 46 166 254 256 345 417 419 427 452 479
8 125 266 456
125 100 169 192 223 275 285 291 316 456 486
266 30 156 187 212 253 291 307 456 486
456 52 76 100 192 209 223 253 307 473 486
9 71 76 89 106 116 143 174 187 250 329 424 461 493
71 15 54 59 84 89 116 123 185 221 306 312 315 391 416 446 458 466 492
76 42 52 103 149 181 187 226 246 250 268 305 388 396 414 417 455 463 472 493
89 12 13 65 74 120 135 157 209 228 233 342 376 410 446 458
106 96 116 250 268 329 393 493
116 14 29 44 127 157 181 226 227 351 358 445 463 496
143 104 123 181 209 226 240 265 291 306 416 439 466 473
174 149 187 215 253 291 305 416 417 439 466
187 14 30 44 103 181 246 250 254 265 352 388 393 402 417 439 452 455 479 493
250 29 149 196 246 253 329 406 413 463 493
329 30 42 52 149 196 221 240 259 268 291 316 351 406 414 458 463 480 496
424 184 226 305 381 439 445 472
461 59 150 166 204 252 351 413 445
493 14 23 29 52 144 268 381 388 393 463 472
10 12 52 58 104 113 123 156 162 176 215 255 336 339 406 467 480 488
12 15 36 59 94 212 233 294 306 333 360 450 481
52 30 44 58 203 221 253 381 391 473 480 481 492
58 25 30 113 156 169 215 221 248 305 344
104 19 25 215 221 268 307 479 481 488 492
113 30 162 169 223 307 344 406 414
123 15 44 54 90 209 221 320 391 428 473
156 49 162 176 206 213 245 292 336 406 413 488
162 15 25 80 176 245 285 339 407 413
176 406 407 413 488
215 42 144 146 209 216 221 285 328 391 394 413 414 440 481
255 19 33 81 90 101 128 154 249 261 296 360 374 375 444 485
336 19 74 80 90 146 285 287 339 371 407 429 440 466
339 25 74 221 245 248 285 371 385 428 481 488
406 192 245 248 307 344 416
467 81 128 208 296 357 371 436
480 25 146 192 221 245 248 253 328 374 389 391 416 481 496
488 146 149 245 248 285 344 481
11 57 133 350 372 420
57 41 94 120 139 141 170 175 180 267 286 326 350 422 477
133 87 145 318 323 372 377 415
350 50 139 145 167 180 193 267 271 335 387 478
372 50 56 115 118 145 193 225 231 271 272
420 70 135 136 152 178 198 276 299 318 326 334 368 395 457 477 487
15 54 157 171 184 209 292 294 306 360 466 473 489
36 13 94 117 179 208 233 243 264 333 399 470 489
59 220 233 252 267 306 360 416 458 466 496
94 70 150 251 252 346 408 416 474 490
212 54 72 157 306 312 328 492
233 132 147 150 171 203 252 306 362
294 29 96 129 150 203 204 220 226 227 277 320 322 389
306 54 65 150 184 203 206 243 312 333 366 416 466 481 485
333 80 153 243 261 398 410 429 459 470 485 495
360 54 147 171 184 208 243 252 312 453 458 489
450 22 26 81 114 136 258 299 321 326 425 435 446 489
481 33 74 86 128 144 216 248 287 320 410 428 436 492
13 35 77 95 243 258 267 342 357 446
35 65 77 84 98 153 168 243 261 321 330 404 410 425 462
77 24 55 95 188 264 321 383 399 404 444
95 33 61 110 117 126 179 257 260 261 280 321 366 401 404 410 426 453 459
243 61 65 70 86 117 126 147 178 258 362 365 470 485 489
258 70 110 120 135 147 185 193 208 228 299 342 435 470
267 135 136 152 245 279 324 346 362 432 475
342 65 135 178 260 470
357 19 72 86 90 146 228 249 264 296 320 328 371 374 376 436
446 147 178 185 299 309 321 326 346 384 423 425 442
14 66 181 220 351 389 393 417 455 463 496
66 34 48 214 254 313 345 427 497
181 44 148 149 226 259 351 388 439 445 463 496
220 184 203 209 210 291 292 312 351 371 389 495 496
351 44 103 120 148 292 361 388 389 423 458
389 148 157 203 210 216 345 358 363 407 445 485 496
393 42 149 226 417 427 439 455 463 472 479
417 44 103 148 196 226 246 259 322 381 402 452
455 196 226 246 254 352 358 388 396 441
463 34 44 127 149 196 259 352 361 381 388 391 396
496 144 196 240 279 312
54 157 171 248 279 292 458 466 473
157 33 61 74 90 128 252 292 328 371 381 458
171 65 152 188 252 323 362 402 474
184 86 148 179 252 312 328 371 473 495
209 148 203 305 308 391 458 466 473
292 21 132 150 210 252 285 315 363 423 445
466 74 84 148 305 312 458 473 492
473 25 74 117 127 374 388 391 413 428
489 24 61 65 84 135 147 159 264 426 432 457
16 43 92 293 314
43 51 56 87 115 118 231 271 382 415 421
92 23 46 122 314 323 394
293 23 79 211 314
314 23 27 170 234 308 361 431
22 33 72 84 86 101 164 249 328 401 485 495
61 81 179 279 326 399 453 454 459 462 485 495
81 55 65 72 84 98 101 179 213 249 261 328 374 376 410 470 485
84 72 179 228 249 261 300 374 376 407 453 485
86 72 117 128 179 249 285 410
101 33 49 72 164 179 228 296 300 374 376 416 453 470
117 24 33 65 70 147 164 228 264 374 401 410 453
128 49 90 217 240 328 371 436 459 492
147 65 110 120 235 279 366 435 453 495
179 33 72 90 132 208 261 279 290 321 453 454 459 462 485 495
188 24 120 126 228 264 280 296 346 365 366 404 426 442 470
261 65 120 154 208 328 374 376 429 470 485 495
279 74 213 232 328 385 413 436 492
280 55 88 153 164 173 177 499
330 55 153 173 177 217 385 398 426 429 454 462
453 33 228 251 296 328 374 376 410 458 470 485 495
454 228 260 331 385 401
470 33 185 208 231 366 404 410
27 48 50 85 105 142 214 283 348 361 381 392 396 431 452
96 189 204 256 259 313 322 345 394 497
150 21 210 252 363
166 34 37 256 259 322 358 402 412 423 452
189 23 46 64 122 211 218 225 302 421 491
204 214 246 256 259 302 345 355 358 427
210 21 42 148 252 413
394 21 226 227 302 315 423
412 26 48 122 211 229 361 380 382 483 497
497 34 214 254 302 392 419 483
19 49 213 216 328 407 428 440
49 33 90 232 287 296 300 436 458
213 74 206 216 221 253 328 371 416 440 485
216 80 146 192 285
328 65 74 206 249 371 385 429
407 72 80 344 391 492
428 146 206 221 315 416 436 440 492
440 80 90 248 287 320 416
196 30 42 127 148 149 226 240 265 291 352 388 414 418 439
240 30 144 169 245 253 305 391 413 439
275 100 217 245 265 307 416
291 42 144 149 169 363 414 439 486
316 30 169 418
414 42 246 416 418
21 105 206 227 334 363 381 432
105 37 60 103 109 129 302 362 380 423
206 25 248 287 320
227 277 315 402 423 427 458 474
334 26 110 120 136 242 346 383 387 399
363 252 315 416
381 103 127 148 169 203 226 439
432 70 110 251 299
33 217 228 249 287 300 371 376 436 459
72 296 374 410
164 24 65 88 177 290 366 398 401 426 459 499
249 177 248 285 287 300 374 385 436 492 495
401 88 132 300 376 426 436
485 132 178 228 376 442 444 495
495 153 154 185
23 48 60 64 170
48 75 302 313 345 382 402
60 41 50 139 180 225
64 34 109 122 142 201 234 302
170 202 234 355 431
24 26 177 264 331 366 399 404 426 442 459
26 120 136 141 185 190 235 299 326 384 422 425 457 477
177 98 173 217 290 398 429 444 459 462 499
264 65 132 168 321 366 398 404 425 459 462
331 55 365 444 462
366 132 159 178 228 384 399 404 425 426 459
399 98 132 168 442
404 126 193 244 260 290 299 346 425 429 435 462
426 126 168 260 290 365 384
442 198 290 321
459 55 88 153 217
25 74 248 253 344 371 388 413
74 287 371 436 490
248 30 253 285 287 320 344 371 416
253 90 221 320 413 435
344 144 169 223 245 307
371 312 320 376 458
388 42 149 226 265 352 396
413 29 203 305 416
120 70 114 119 152 257 299 368 387 457
136 70 110 178 257 299 383 408 425 435
141 139 167 202 230 335 341 353 364 387 411 430 469 478
185 65 135 159 251 257 260 425 435
190 108 175 272 288 324 335 353 383 386 387 451 469 478
235 139 152 230 251 323 408 421 474
299 110 132 159 198 205 257 309 326 346 368 422 425 457
326 175 205 262 364 368 477 487
384 70 132 168 178 205 368 425
422 41 70 230 346 349 395 457 474
425 178 383 408
457 198 257 349 475 477
477 180 198 262 309 349 405 411
50 56 87 115 202 231 271 272 281 415 451 491
85 214 283 313 419
142 259 358 392 483
214 75 313 355 392
283 313 380
348 34 46 109 382 427
361 79 483
392 79 313 323
396 37 103 127 246 345 352
431 46 79 122 229 315 355 483
452 103 256 345 358 380 427
198 119 168 205 230 262 338 383
324 242 309 340 364 430 469
435 132 159 168 365
29 149 265 277 416 439
149 30 103 127 246 259 268 352 416 439 472
265 103 268 352 445
277 37 148 203 315 391 402 423
416 144 221 312
439 42 221 268 285 305 315 391 472 479
30 307 472
307 80 192
472 144 259
486
37 46 254 358 402 441
254 75 322 427
352 226 479
217 98 228 410 429 444
228 65 88 300 376
287 90 192 232 296 385
300 88 208 232 296 374 376 385
376 208 232
436 232 320
34 75 302 345
75 211 380 483
302 46 122 218 234
345 256 322 355
65 168 410
98 398 444
153 55 88 154 173 375 398 499
168 88 114 260 276 321
321 110 159 244 260
410 70 492
462 126 290 365
208 90 178 257 374
46 122 268 380
358 103 256 355 427 445
402 308 322 423 474 479
441 355 380 427
380 79 211 313
419 313 483
427 155 226 229 313
483 79
80 296 492
146
41 51 87 408 421
51 87 122 145 167 272 286 386 405 415
87 180 193 202 242 262 271 272 281 318 408 415
408 167 180 201 251 491
421 201 234 308 349
42 418
418 127
56 115 145 231 271 272 281 491
115 161 201 225 231 281 286 415
118 109 323
231 139 167 202 234 242 263 272 281 319 377 469
271 112 175 193 202 234 325 386 415
382 415 423
415 139 202 263
44 226 315
226 103 203 259 268 305 322 445
315 103 144 203 211 312 423 445
252 257 259
362 135 251 257 492
122 211 423
268 103 259
167 103 112 175 218 318 430
308 109 201 218 323 353
491 218 323 325
313
90 296
232 154 285 320 444
296 320 391
458 244 312
202 109 281 323 377
272 112 281 319 377 395 478
281 112 175 193 323 469 478
451 340 341 469
145 108 161 193 263 377 478
286 108 180 474 490
386 119 152 175 309 335 475 487
405 139 251 368 475 487
203 129 148 312
221 192
391 144 245
492 423
201 180 225 242 251 323
474 309
490 132 152 251 411
55 290 375 499
290 244 365
375 126 260
499 154 173 398 429
139 110 175 180 230 325 353 475 487
175 161 325 341 395 411 430 469 475
180 318 323 325 346 478
169 192 223
305 148 259
225 323 377 475
103
144 148
148 129 256
109
323 234 318
234
312
211
70 132 178 257
132 159 205 346
178 110 251
257 110 251 374 475
374
285 192 245 320
320
246 127 259 355
383 114 230 309 387 411
444 88 173 260 398
127
79 155 218 377
155 229
218
377
256
322
423 129
193 161 242 288 319 325 335 338 478
242 112 263 319 335 478
262 114 205 309 368 395
318 325 349
88 126 429
126 260 365
429
135
112 263 319 341
251 161 244
346 119
110
260
259 129 479
398 173
205 276
100
479
129
223 192
108 325 340 341 364
325 114 119 349 387 475
340 161 364
341 263 319 335 338 353 478
364 319 335 353 395 478 487
263 288 319 335 338 353 411 475 478
319 288 338 353 478
114 276
276
161 335 338 387 395 469 475 478
445
119 387 475 487
387 395
475 309 430
487 230 309 430 478
152 230 368 411
368 335 349
411 230 309 430
192 245
365
159 244
335 288 338 430 469 478
395 469
469
154
230
353 288 338 478
430 309
478 349
349 309
173
229
245
244
338
355
309
288
385
