0 17 20 65 77 84 102 114 171 221 224 231 238 253 295 304 321 332 416 417 440 455 464 478
17 2 52 54 114 121 124 139 143 175 179 202 224 238 239 245 304 310 332 386 462 465 475
20 22 56 78 88 109 129 140 223 229 240 247 259 285 291 300 305 323 458 459 460
65 3 50 68 83 108 118 132 166 212 230 253 256 278 296 304 308 362 397 460
77 31 59 102 118 139 143 152 171 202 238 302 385 429 462
84 29 59 97 114 139 202 230 231 287 293 326 379 430 475
102 23 64 112 115 126 188 261 274 301 308 383 395 397 421 463
114 3 59 83 88 139 149 179 202 224 238 245 251 253 257 287 332 369 374 386 414 426 429 455 456 462
171 4 85 200 228 234 325 329 385 387 430
221 43 57 64 68 128 132 143 157 279 296 316 327 376 415 425 457
224 25 59 88 96 238 239 245 248 275 310 317 362 386 390 413 414 424 426 429 462 470 478 496
231 3 83 108 112 118 133 136 207 251 278 304 306 310 385 478
238 31 80 85 139 143 275 287 302 313 332 362 368 385 386 414 429 462 464 496
253 82 101 121 135 149 204 255 257 287 293 302 306 315 347 413 429 439 440 446 462 464 483 487
295 2 14 27 42 54 58 116 172 183 202 207 242 248 286 292 303 341 346 349 369 374 450 460 462 490
304 14 15 52 88 99 101 133 136 143 188 202 219 227 245 251 278 306 310 321 385 386 429 453
321 31 44 95 101 124 153 167 168 198 257 264 270 293 330 343 355 462 470 487 489
332 38 81 85 88 112 130 202 216 245 251 269 275 306 341 362 371 414 421 429 439 462 478
416 25 92 112 133 139 155 182 204 208 247 257 287 313 371 379 386 439 440 463 478
417 22 35 40 58 109 140 151 173 174 175 303 315 369 396 452 490 499
440 64 73 83 108 112 118 136 152 202 239 278 320 385 422 433 438 464 469
455 14 81 96 97 143 185 197 239 348 349 354 396 456 465 472 478 496
464 3 101 121 124 152 167 202 245 269 271 287 302 310 344 371 386 396 408 414 429 430 462 478 483 496 498
478 52 56 58 86 88 99 137 139 202 208 247 251 310 314 344 376 414 460 472
1 46 70 71 93 126 144 145 228 267 284 383 410
46 70 71 92 101 126 136 232 314 360 368 373 436
70 21 38 68 71 92 93 126 200 232 267 284 294 419 436 458 481 486
71 5 64 92 126 188 212 234 270 284 294 301 360 364 395 410 422 433 436 473 486
93 5 8 21 28 112 147 203 228 274 284 373 410 436 494
126 21 64 89 217 268 284 308 314 373 379 423 457 484
144 4 8 141 228 234 267 274 290 360 364 366 370 373 387 406 431 437
145 9 23 57 61 64 134 155 157 212 261 364 449 473
228 23 38 146 192 204 263 290 297 335 387 400 443 473 489
267 21 61 141 186 234 274 314 360 383 410 436
284 21 53 61 108 112 141 274 373 384 406 419 433 438
383 5 108 133 139 147 155 379 395 410
410 8 21 61 64 115 134 200 209 314 364 373 384 386 481
2 40 42 90 97 183 185 191 345 359 374 392 499
40 48 52 90 151 169 240 286 365 447 450 454
42 14 24 45 109 151 162 175 183 251 305 345 392 403 490
90 48 55 143 193 305 345 392 450 485 499
97 14 32 62 101 135 193 275 303 317 322 326 336 345 369 392 396 413 420 465 470
183 29 94 162 172 258 292 305 403 413 497 499
185 27 62 69 222 233 277 282 347 348 354 377 391 396
191 175 193 258 303 305 345 391 475
345 22 45 78 162 229 248 322 349 374 403 499
359 32 151 205 282 292 348 349 377 403
374 45 80 109 140 162 172 175 193 303 322 324 337 341 346 349 362 447 454
392 48 193 240 338 403 475 498 499
499 88 162 292 403 454 485 490
3 57 59 79 101 110 115 118 136 137 157 188 247 251 278 422 496
57 23 68 79 147 157 212 306 363 373 395 422 433 438 473
59 27 49 83 85 113 124 152 153 161 200 287 302 371 385 421 430 463 486
79 52 56 82 98 99 130 162 172 182 229 239 242 243 261 344 395 397 415 431 445 482
101 124 133 139 152 167 202 227 251 302 313 326 362 385 386 414 429 462 463
110 39 50 113 130 132 142 154 160 187 195 232 244 252 309 320 352 369 388 389 406 425 448 449 479
115 21 28 92 294 373 422
118 68 99 136 179 209 230 278 344 364 397 428 429 433 439
136 82 208 210 245 278 301 344 352 422 433 445 462
137 45 76 80 86 88 96 99 140 179 202 287 306 315 323 344 362 415 431 433 460 461 472
157 61 128 147 212 261 268 274 287 296 309 325 379 406 472
188 28 112 268 270 360 363 368 382 395 419 460 472
247 14 27 39 45 56 82 86 91 130 140 179 301 306 368 381 385 431
251 31 121 133 139 153 167 239 270 429 430 439 456 474
278 43 83 108 133 138 230 301 302 344 421 433
422 5 23 88 121 133 212 261 291 395 406
496 24 87 88 121 124 149 167 204 265 269 275 317 330 390 393 408 414 426 429 446 465 474
4 8 21 28 274 296 297 314 356 438 494
8 133 134 256 268 274 419 436 481 494
21 64 92 268 290 296 364 373 406 419 457 481 494
28 38 141 161 203 217 234 236 268 290 314 356 407 418 419 436 489 494
274 92 141 192 290 294 370 387 407 419 436 481 489 494
296 53 128 139 212 261 294 309 364 468
297 186 192 203 236 249 256 290 387 418 437 493 494
314 7 23 92 141 166 203 234 256 294 339
356 141 186 234 236 249 290 384 387 395 418 476 486 493
438 43 68 108 113 123 128 147 214 242 325 360 364 379 384 405 457
494 7 134 234 339 373 419
5 9 43 61 68 308 364 434 481
9 53 112 128 200 212 352 360 431
43 18 23 73 104 113 132 142 147 209 230 241 261 279 320 327 379 458 479
61 53 132 217 268 308 406 481
68 23 105 147 160 182 212 230 232 261 309 379 395 431
308 53 155 325 382 473
364 132 217 373 406 457
434 38 85 152 161 166 192 234 343 371 430 443 488 489 491
481 141 200 294 406 436 473
6 49 85 95 124 156 194 201 220 227 264 302 329 335 355 366 402 432 442 467 483 489
49 10 44 87 103 124 215 326 343 350 358 432 446 467 474 486 488
85 38 87 133 153 166 254 256 268 270 355 400 430 453 463 470 487 493
95 19 36 38 63 87 148 152 201 227 256 257 264 302 326 343 355 372 386 402 442 467 483
124 25 31 121 149 167 265 302 313 326 330 366 386 470 483 487
156 44 216 219 220 372 437 441 442 453
194 15 94 127 143 158 213 233 272 289 361 386 391 395 413 420 424 491
201 103 152 219 257 264 266 343 358 366 442 476 483
220 10 19 44 87 198 254 329 400 441 489
227 10 25 87 164 237 255 265 310 358 402 408 465 470 483 487 488
264 38 87 204 255 257 293 329 366 413 439 453 483 488
302 25 31 88 92 139 148 202 204 213 233 257 265 269 287 408 426 429 456 470 488
329 19 25 44 200 216 219 293 336 400 414 442 489
335 38 89 218 236 256 290 342 387
355 7 25 99 152 167 255 257 313 420 442 453 470
366 219 265 343 441 443
402 44 87 164 168 265 330 350 409 488
432 15 24 30 63 94 164 168 215 272 298 326 330 336 347 351 367 377 393 409 412
442 25 44 353 467 489
467 87 103 216 219 358 412
483 25 94 149 152 199 255 271 330 363 371 462 463 470
489 10 16 37 204 254 343 441 443 488
7 92 161 184 192 234 256 268 342 370 387 443 486 493
92 12 31 141 212 234 236 268 270 360 363 401 406 419 430
161 31 39 152 153 166 186 192 257 270 342 363 370 384
184 11 112 256 290 370 384 387 407 486
192 31 89 112 146 166 203 254 256 290 342 370 430 486
234 67 89 203 270 342 486
256 112 146 153 200 203 218 249 384 387 419 453
268 64 230 271 406 433 436 439
342 38 141 186 360 370 384 387 453 486
370 89 186 203 339 387 400 407 436 453 493
387 141 203 249 290 407 418 419
443 37 186 245 254 266 339 353 400 418 441 453 476
486 44 89 100 166 200 263 407 419 437
493 11 112 218 249 384 407
133 76 83 239 293 344 368 401 460
134 67 373 384 436
419 112 141
436 31 249 294 360 373 395
53 141 217 223 457 480
112 38 64 73 166 232 371 385 395 439
128 147 209 212 217 259 468 480 484
200 19 31 44 146 153 166 198 232 257 263 270 313 371 385 430 453
212 23 50 64 132 147 159 320 379 401 431 482 484
352 13 214 288 318 327 425 449 451 458 480
360 31 141 230 263 344 406
431 64 80 120 147 261 288 325 379 425 433 449
10 37 153 166 219 255 266 343 353
37 19 64 146 166 198 266 353 400
153 38 198 363 412 463
166 38 270 371 476
219 44 215 266 361 372 441 446 487
255 25 44 87 94 199 271 313 396 488
266 19 67 89 203 254 263 353 358
343 25 82 139 164 215 232 257 271 313 372 453 491 495
353 19 186 198 254 263 476
11 12 16 218 263 407
12 186 218 437
16 218 290 384 427
218 186 384 418 476
263 67 198 236 270 395 400 407
407 249 384 437
186 25 67 89 339 379 400 418
437 67 236 249 270
13 35 108 123 280 291 301 306 323 376 397 415 421 423 469 482
35 26 33 78 91 187 241 260 301 306 318 324 333 344 415 423
108 38 56 64 83 152 239 260 301 371 379 381 385 423 433
123 82 109 182 207 208 210 241 285 300 376 421 423 445 459 482
280 26 178 226 333 389 445 451
291 82 99 121 182 210 226 241 260 261 306 327 344 397 406 421 423 460 482
301 82 140 155 208 232 327 395 397
306 27 86 88 104 109 261 293 324 340 362 368 414 426 429 472
323 22 34 45 98 130 165 174 176 207 226 246 269 285 317 328 415 423 461 469
376 56 154 182 208 209 288 397 449 460 469
397 56 82 83 98 99 104 107 113 182 207 210 223 230 285 300 318 320 327 415 421 449
415 29 82 83 88 140 143 175 182 300 346 421 423 460
421 56 82 113 229 239 423 447 469 490
423 52 82 151 174 210 223 241 259 300 320 445 458 482
469 34 50 73 98 104 105 113 132 165 182 195 208 226 320 327 333 381 425 445
482 26 56 86 182 187 210 223 226 229 246 262 269 285 319 346 425
14 24 80 116 135 162 169 172 175 207 242 248 317 322 346 365 368 456
24 62 143 149 207 233 258 271 272 310 354 372 385 386 414 491
80 29 76 109 116 119 143 162 172 175 269 303 317 322 337 341 346 362 369
116 54 105 162 169 248 303 322 341 346 349 357 475
135 30 81 96 106 121 164 167 199 275 287 349 474 491
162 76 286 303 305 365 413
169 48 51 55 66 240 324 331 452 459 471 477 497
172 29 54 55 76 235 242 246 248 303 305 322 337 346 459 475 498
175 22 29 86 94 138 151 207 242 248 337 340 341 357 375 439
207 22 55 72 78 82 86 109 140 179 196 248 269 300 305 324 340 357 362 368 394 498
242 29 72 248 292 293 305 322 337 340 348 365 368 396 459 475 490 498
248 76 143 233 235 337 340 341 490
317 88 96 179 202 208 245 439 472
322 22 32 58 88 140 303 326 337 341 346 349 357 396 456 462 475 490 498
346 22 48 54 58 76 86 303 341 344 408 490
365 48 125 138 173 240 447 454
368 27 56 62 76 86 109 138 179 269 324 341 362 390 398 465
456 27 62 86 119 202 233 239 285 341 362 369 390 401 413 420 460 474 475
15 30 36 69 94 100 121 127 168 213 215 216 265 298 330 336 348 350 367 393 466 474
30 27 74 127 170 213 237 283 289 411 424
36 69 94 96 106 148 158 206 272 298 336 361 367 372 396 408 474
69 63 74 117 127 197 215 272 289 326 367 409 412 495
94 44 63 167 199 206 298 369 393 466 488
100 63 106 127 164 170 206 213 215 289 298 347 487
121 31 88 149 245 269 287 336 361 491
127 44 63 74 81 163 170 289 336 367 372 377 393 435 488
168 32 44 81 164 258 265 271 272 298 347 372 393 466 474
213 75 117 163 170 181 215 289 298 367 466 495
215 74 170 350 351 391 424 446 466
216 25 103 222 257 271 281 293 313 350 446 487
265 74 87 164 204 446 488
298 63 199 315 336 347 361 393
330 25 75 206 232 271 313 350 412 439 487
336 158 272 313 347 372 424 474 487 495
348 32 86 233 235 269 292 354 413 491
350 163 199 275 289 347 351 411 412 446 466 487
367 32 163 206 289 408 474 488 491
393 63 117 143 199 250 411 412 435 466 474 495
466 117 197 239 289 315 409 465
474 63 106 149 163 179 199 206 271 272 347 361 372 408 409 465
290 89 146 249 427
384 249 339 373 418 430
427 146
52 33 113 182 208 209 261 310 394
54 27 76 96 287 292 396 413 465 490 498
139 385 414 470
143 76 86 88 179 202 233 239 245 275 310 362 390 413 414 472 491
179 62 88 239 245 310 315 340 414 475 488
202 152 239 269 310 390 391 414
239 22 76 146 217 245 303 310 362 371 386 454 490
245 82 86 99 310 362 390 414
310 147 229 362 369 371 430
386 25 204 233 269 315 362 408 441 462 463 475
462 31 88 164 204 261 287 324 429 439
465 81 96 119 158 181 235 324 369 398
475 22 27 88 315 324 369 390 413
18 154 217 244 288 309 318 319 333 378 405 406 428 445 449 479
154 47 142 182 195 210 252 276 300 318 327 333 449
217 73 132 147 155 159 208 214 294 457 484
244 39 113 288 309 325 382 405 406 458 480
288 39 50 73 299 425 457 458 479 480
309 47 50 160 209 276 318 378 382 399
318 73 155 160 285
319 279 316 405 448
333 34 39 50 73 120 132 177 187 195 209 214 226 252 260 399 404 448 458 479
378 39 47 160 211 316 404 405 445 448
405 47 142 160 214 320 382 428 457 480
406 182 325 473 484
428 160 276 325 382
445 50 113 130 178 187 195 210 226 285 307 380 448
449 50 83 130 132 155 225 320 325 381 404 425 480
479 39 47 50 73 142 155 177 252 279 299 307 325 480
19 44 198 254 400 441
44 358 363 408 441 446 453 463 487
198 89 167 236 441
254 31 67 87 89 167 339 358 418
400 67 89 270
441 31 488
22 72 73 78 109 138 140 229 243 305 337 375 460 461 492
56 29 86 99 140 165 182 390 490
78 29 45 140 176 229 246 285 303 312 340 459
88 269 327 362 385 444
109 45 60 138 140 246 300 337 340 394 477 485 491
129 60 91 98 107 122 180 196 241 260 262 312 369 388 394
140 72 86 99 300 303 337 362
223 33 60 104 105 120 174 182 195 208 209 210 243 260 307 394 458
229 41 58 98 182 230 241 262 403 490
240 48 51 55 111 305 334 450 497
259 72 91 98 165 226 243 246 300
285 45 58 60 72 98 120 225 241 300 311 375 388 394 460 492
300 72 91 98 104 105 150 187 210 241 243 246 252 327 340 379 394 404 460
305 205 262 450 454 477
458 47 50 130 142 195 299 307 404 448
459 45 120 122 174 178 196 225 311 328 338 357 460 461 492
460 45 72 99 105 151 174 208 257 324 327 340 362
64 182 261 385 480
373 23 83 141 294 457 473
457 73 214 276 468
72 26 29 45 76 210 230 246 324 337 340 362 477 492
73 50 82 104 177 210 214 276 320 380 404 425 480
138 66 76 82 120 243 286 324 357
243 60 150 176 225 226 241 246 262 340 485 490
337 99 275 303 324 362 498
375 48 60 107 225 262 311 312 388 485
461 122 150 174 180 226 262 338 369 388 492
492 29 96 98 105 150 187 196 225 312 328 357 388
23 83 141 232 261 327 379 395 401 468
83 99 209 230 320 344 381 433
141 203 294 463
232 344 385
261 395 448
327 58 104 130 165 174 195 241 307 448 484
379 381
395 147 344 433
401 132 324 344
468 155 159 177 211 276 480
62 81 96 119 235 275 303 315 354 396
149 164 181 293 313 340 363 372 470
233 27 170 315 413 420
258 131 206 222 281 282 313 398 420 429 444
271 152 167 257 293 351 372 430 470 487
272 206 361 391 408 424 487 491
354 27 131 235 281 315 349 377 396 413 420 490 491
372 158 164 347 408 424 426 487 491
385 25 230 287 371 430 439 463
414 230 307 413 429
491 81 96 315 420 424 444 495 498
25 81 204 257 326
81 96 119 250 347 377 403
204 106 167 230 287 293 313 340 408 488
257 31 87 167 363 439 463 470 488
326 87 199 269 293 313 347 412 470
26 91 98 105 122 165 174 225 307 425
91 104 120 174 178 187 225 226 260 307
98 165 174 178 182 187 210 225 320 394
105 34 122 130 180 182 187 195 210 225 226 260
122 34 173 174 180 260 262 312 324 338 388 452
165 120 174 176 178 187 312 380
174 60 120 150 180 262 388
225 29 60 120 150 176 180 210 312 338 388
307 33 187 226 260 389 399 451
425 120 182 209 260 433 480
27 76 96 119 158 193 362 369 396 413 420 426 498
76 86 269 275 349 357 362 369 371 390
96 341 357 391 413
119 48 131 235 303 315 369 408 413 498
158 74 222 277 361 420 444
193 131 151 403 490
362 209 235 324 390 426 433
369 39 324 340 390 413 498
396 117 349
413 106 275 349
420 74 181 277 289 349 408 409
426 170 235 269 315
498 424
38 270 339
203 270 371
236 146 249 339
418 339
29 45 107 235 324 381
45 324 340 341 357 429
107 58 60 196 311 357 388 450 454
235 32 292 331 349 377 403 408
324 58
381 113 130 209 344 433
74 117 170 181 189 250 313 411 495
170 75 237 277 347 351 391 411 495
237 75 189 250 487
283 250 277 409 411 435
289 163 222 277 411
411 181 197 282 409 412 495
424 167 313 315 408 487
31 164 287 371
164 87 199 351 470 487
287 152 230 269 293 313 371 429
371 86 341 453
32 131 286 391 403 409
131 277 292 391 398 444
286 125 205 292 403 444 447 450 454
391 48 222 398 444 463
403 48 125 282 292 341 477
409 197 250
33 130 178 195 226 246 279 399 451
130 34 50 86 104 177 187 208 210 214 260
178 34 187 195 246 260 279 303 320 389 404 448 451 480
195 50 252 380
226 34 142 180 187 279
246 180 388 394 477
279 132 142 160 177 252 260 299 316 380
399 34 177 252 260 316 380 448 451
451 34 120 338 389
34 142 380 389
142 176 252 389 404 448
380 82 177 404
389 187 196
187 41 180 241 273 311
241 60 104 180 208 210
260 82 150 176 177 320 477
344 86 182 209 363 433
106 181 222 347 444
148 63 277 282 361
206 181 197 277 444
361 117 181 199 282
408 199 347 472 488
146 67
270 89 103 430 476
339 67 476
39 159 160 276 320 325 382
159 47 276 325 448
160 47 252 404 448
276 47 50 104 113 214 316 382
320 82
325 214 382
382 211 480
48 51 125 273 331 334 477
151 55
447 51 66 125 173 205 331 334 452 477
450 66 334 398 454 497
454 334
41 51 111 190 273 377 471 485 490 497
51 125 190 205 311 331 452 471 477 485
111 205 331 334 452
190 150 331 334 357 485 497
273 205 331 471
377 269 281 292 349 470
471 205 485
485 196 311 328 331
490 58 315 338 477
497 55 60 66 205 331 334 338 477
104 113 208 316
113 177 209
132
147
209 182 208
230 86 275 433
358 117 446
363 463
446 117 199 412
453 67 89
463
487 103 293 313
340 349
341 60 303
357 205 262
429 86
47 211 299 448
211 316 480
299 50 155 316
448 50 177 404
125 66 173 334
331 55 334 452
334 66 205 452
477 55 58 205
87 103 199 412 488
103 488
488 152 163 313 412 430 470
50 155
155 484
205 173 311
311 388
452 66 173
182
208 99 210
394 60 120 210 312 338
480 214
292
55 58
58
86 269 472
99 338 433
390 275
433 472
473
152 313 439
430 89 439
60 196 262 328 388
196 120 176 328
262 150
328 120 150 338 388
388 150 338
275
303
315 269 282
63 75 189 347 398
75 163 189 250 351 435 495
189 117 163 250 277 435
347 117 199
398 281 349 435 444
66
67
117 197 412
197 277 435 495
412 163 199 470
495 163 277 351
294
210
82
177 252 404
214
404 252
181 199 277 351 435
250
313
163 351
351 435
435 167
269 167 293 349
349
176 120 150 312 338
312
293 167
470 167
472
199
444 222 277 281
89 476
476
120 150
167
338 180
316
180
222 282
252
439
150
173
484
277 281 282
282 281
281
249
