0 36 190 246 262 338 584 664 929 1018 1126 1911 1931 1938
36 10 98 258 266 320 446 533 581 646 814 927 975 1089 1206 1408 1626 1796
190 141 217 285 363 592 771 812 1005 1015 1168 1277 1483 1502 1511 1751 1926
246 262 266 270 294 483 522 527 529 600 729 779 932 941 1043 1082 1231 1604 1804 1841 1996
262 156 270 297 310 446 575 898 905 1005 1016 1023 1089 1604 1796 1804
338 144 202 204 270 297 417 550 567 609 679 898 905 932 1005 1231 1405 1539 1665 1719 1837
584 102 114 310 600 616 905 975 1043 1064 1089 1440 1841
664 285 297 451 529 600 753 771 813 887 932 1384 1405 1494 1728 1909 1926 1953
929 22 156 417 691 723 771 814 898 965 1018 1168 1483 1555 1783 1804 1860 1869
1018 49 64 148 188 202 451 609 898 1005 1126 1405 1751 1804 1865 1926 1954
1126 156 451 490 581 592 600 679 898 965 1405 1751 1783 1909 1926
1911 35 102 117 321 471 581 759 989 994 996 1064 1277 1313 1340 1424 1580 1585 1603 1782 1783 1904
1931 94 266 354 362 412 432 449 522 775 850 898 941 954 986 1345 1406 1462 1717 1836 1837 1866 1886 1978
1938 117 275 340 354 575 616 685 696 729 846 1082 1841 1996
1 301 305 339 383 430 573 619 627 631 758 845 900 956 1034 1119 1189 1211 1415 1567 1693 1711 1775 1794 1838 1898 1900 1908 1940
301 12 81 97 178 181 311 343 383 907 998 1034 1083 1179 1207 1226 1303 1397 1473 1581 1592 1620 1636 1721 1784 1898 1968
305 19 58 523 627 641 669 845 1083 1119 1137 1211 1226 1397 1566 1582 1739 1784 1831 1838 1879
339 12 19 151 430 431 657 806 833 885 900 1211 1284 1473 1488 1521 1535 1666 1775 1831 1848
383 21 181 431 627 907 934 953 957 1029 1083 1137 1179 1211 1335 1479 1581 1596 1609 1705 1775 1787 1838 1899
430 21 150 216 306 311 479 657 1034 1098 1303 1343 1488 1515 1535 1566 1838 1848 1913
573 21 50 181 388 426 480 510 619 641 738 845 972 1519 1521 1535 1581 1614
619 19 290 306 395 431 738 1034 1137 1139 1237 1245 1335 1342 1343 1404 1435 1473 1479 1515 1519 1535 1566 1581 1631 1705 1739 1775 1913 1940 1975
627 58 127 181 311 499 510 953 1034 1083 1119 1179 1211 1303 1397 1535 1711 1831 1842 1857 1879 1968
631 343 356 398 604 657 738 907 1029 1098 1135 1226 1343 1465 1582 1609 1721 1842 1878 1897 1898 1908 1998
758 43 58 302 327 647 669 926 998 1179 1237 1957
845 58 934 956 1034 1137 1397 1519 1592 1838 1848 1879 1913 1981
900 12 43 150 395 419 420 594 1029 1119 1135 1211 1327 1609 1666 1755 1831 1842 1898
956 19 419 510 704 726 907 1029 1083 1119 1137 1189 1207 1237 1533 1711 1787 1838 1848 1879 1899 1975
1034 21 58 311 343 395 665 738 750 907 1083 1137 1211 1415 1581 1620 1831 1838 1968 1992
1119 181 1083 1137 1179 1226 1303 1327 1343 1535 1625 1666 1711 1748 1755 1794 1831 1898
1189 181 726 738 942 977 1226 1304 1721 1831 1879
1211 48 343 510 726 738 907 1083 1157 1179 1233 1397 1473 1596 1775 1838 1848 1898 1908
1415 19 21 278 479 554 606 1157 1281 1284 1305 1315 1488 1515 1648 1711 1981
1567 178 205 961 983 1615 1843 1989
1693 178 199 208 243 419 706 707 784 1112 1135 1207 1223 1233 1512 1788 1908 1968 1976
1711 158 327 388 1137 1179 1245 1303 1397
1775 21 214 510 806 1515 1535 1566 1666 1739 1794
1794 21 127 151 311 510 654 657 1179 1479 1566 1666 1706 1831
1838 12 388 641 657 872 947 957 1083 1137 1304 1519 1581 1596 1842 1879
1898 12 58 367 419 942 1083 1226 1256 1581 1596 1784 1831 1842 1848 1899 1968
1900 151 303 480 499 718 801 833 1284 1343 1435 1456 1479 1505 1533 1589 1648 1787
1908 12 343 395 448 752 1033 1226 1465 1609 1816 1842 1899
1940 40 163 178 426 638 750 872 876 897 942 1212 1917
2 83 408 452 561 1186 1377 1707 1795 1881 1912
83 323 452 465 558 737 1176 1186 1375 1707 1795 1881 1894
408 27 46 88 168 361 385 423 443 452 602 909 931 1007 1273 1707 1766 1795 1894 1912
452 27 52 107 299 361 427 737 858 909 1185 1598 1611 1730 1761 1795 1912
561 27 90 95 220 299 423 602 972 1190 1273 1283 1659 1759 1761 1912
1186 220 361 385 602 719 809 1351 1600 1611 1733 1791 1795 1832 1912
1377 250 251 410 508 517 541 558 602 827 1071 1184 1795
1707 62 88 95 136 260 443 618 793 988 1310 1457 1611 1659 1696 1795 1832 1894 1912
1795 95 107 251 613 618 660 793 830 831 1007 1176 1190 1266 1273 1802 1881 1894
1881 95 260 558 576 644 830 1176 1196 1279 1426 1730 1743 1815 1819 1827 1973
1912 27 251 299 304 323 410 650 744 793 866 883 1185 1190 1273 1601 1659 1730 1759
3 8 55 164 785 1059 1129 1142 1584 1608 1632 1658 1689 1691 1738 1930
8 162 164 286 418 639 772 802 1059 1103 1339 1517 1662 1672 1738 1888 1923 1930
55 16 240 492 513 525 767 847 896 1032 1107 1198 1243 1324 1328 1424 1510 1661 1672 1738 1930 1952
164 353 444 493 614 671 717 745 807 903 1130 1218 1411 1557 1632 1736 1943 1961
785 347 525 559 614 1032 1142 1510 1593 1662 1691 1738 1952 1979
1059 328 387 666 847 1129 1142 1328 1336 1390 1525 1557 1676 1810 1929 1952
1129 16 141 240 247 318 328 350 491 639 896 1142 1198 1199 1241 1313 1470 1517 1661 1689 1698 1738
1142 16 162 493 563 629 643 767 924 1017 1032 1103 1198 1517 1616 1632 1658 1662 1943
1584 100 313 387 500 516 629 639 642 651 796 892 903 1333 1623 1658 1676 1738
1608 76 85 183 369 403 671 740 880 924 969 1019 1287 1302 1321 1346 1888 1959
1632 347 350 559 578 643 673 767 781 1163 1168 1170 1199 1286 1336 1413 1427 1554 1662
1658 115 162 378 444 578 857 1103 1459 1501 1662 1691 1994
1689 162 184 240 313 493 563 673 767 781 1676 1736 1738 1786 1936 1952 1987 1994
1691 191 225 247 350 514 651 896 946 1161 1328 1333 1470 1517 1563 1593 1672 1676 1697 1724 1923 1987
1738 328 357 578 920 1024 1170 1275 1324 1333 1470 1493 1593 1672 1676 1703 1724 1930 1959
1930 35 162 240 328 516 578 920 921 1334 1470 1661 1672 1676 1736 1751 1799 1855 1952 1965
4 199 208 283 356 367 379 407 420 582 594 706 784 841 1078 1128 1214 1278 1573 1679 1769
199 134 208 228 407 536 706 998 1057 1105 1207 1214 1636 1769 1861 1976
208 343 407 536 712 1083 1097 1105 1135 1151 1207 1248 1393 1488 1562 1831 1896
283 13 118 134 281 367 379 536 538 707 712 1035 1105 1166 1422 1454 1620 1675 1769 1772 1788
356 243 317 419 420 433 436 697 728 784 977 1137 1233 1256 1512 1516 1570 1609 1620 1645 1772 1878 1970
367 29 707 712 1255 1513 1570 1673 1772
379 419 536 582 852 1128 1136 1214 1416 1469 1516 1739 1769 1788 1879
407 13 57 134 281 324 707 842 1078 1214 1227 1393 1421 1673 1769 1772 1842 1861 1889
420 228 317 325 523 645 706 1207 1214 1223 1256 1335 1451 1512 1570 1573 1645 1692
582 134 325 658 712 1214 1393 1407 1421 1516 1527 1675 1769 1788 1889
594 415 439 585 645 695 852 863 899 998 1105 1207 1303 1381 1520 1550 1739 1788 1861
706 281 415 852 1078 1221 1329 1573 1727 1769 1842
784 336 395 712 907 1068 1098 1112 1135 1207 1381 1546 1573 1679 1769
841 75 124 271 281 322 502 547 597 829 976 981 1326 1422 1500 1562 1772 1853
1078 13 118 317 325 466 1135 1146 1214 1227 1498 1573 1582 1679 1853 1896 1976 1988 1990
1128 57 538 658 707 852 1570 1879 1896
1214 466 523 562 842 1105 1407 1516 1520 1673 1861 1878 1889
1278 105 128 231 325 345 377 605 786 1097 1135 1166 1252 1422 1498 1506 1524 1536 1546 1801
1573 13 118 712 899 1207 1221 1233 1454 1520 1546 1889 1968
1679 13 29 57 118 324 536 712 1112 1227 1255 1407 1636 1645 1772 1976
1769 13 57 538 899 998 1112 1135 1329 1673 1861 1988
5 505 542 565 591 628 828 1131 1134 1355 1478 1503 1577 1621 1644 1972 1977
505 458 565 628 720 938 1131 1144 1175 1355 1577 1906
542 56 330 512 521 530 628 828 840 1040 1355 1419 1503 1551 1568 1766 1830 1906
565 80 160 170 263 330 402 458 530 543 938 1013 1110 1355 1482 1503 1522 1577 1745 1973
591 720 744 861 864 871 938 1355 1375 1568 1972
628 60 160 404 467 720 744 999 1040 1084 1131 1178 1280 1355 1560 1568 1745 1935 1972 1977
828 248 476 512 744 1084 1134 1419 1478 1621 1678
1131 120 248 263 330 543 730 1084 1355 1482 1503 1577 1745 1771 1972
1134 521 999 1040 1178 1811
1355 248 393 458 744 938 1312 1419 1568 1577 1830
1478 56 71 160 205 263 280 330 495 543 791 1070 1110 1568 1644 1657 1745 1771 1872 1906 1972 1977
1503 56 160 201 250 555 840 864 934 959 1386 1745 1771 1906
1577 160 330 458 495 555 840 938 955 999 1615 1621 1771 1811 1825 1924
1621 555 1040 1419 1872 1977
1644 720 840 1040 1551 1568 1815 1830 1924 1972
1972 404 720 840 1419 1560 1568
1977 56 80 458 495 512 555 999 1178 1568
6 35 102 188 297 347 471 729 812 915 1064 1089 1096 1193 1308 1423 1511 1555 1603 1765 1786 1996
35 49 492 673 723 782 965 1096 1193 1555 1574 1671 1702 1786 1921 1926
102 156 188 202 297 321 363 471 496 822 846 891 915 932 996 1168 1191 1480 1555 1580 1783 1869 1953 1954
188 202 297 321 347 381 616 723 729 753 894 1220 1480 1494 1558 1841 1860 1904 1909 1921 1953 1996
297 49 140 381 451 496 609 679 723 771 1005 1092 1511 1633 1751 1824 1954
347 49 184 363 451 509 551 574 691 723 745 1043 1308 1313 1483 1525 1702 1751 1764 1786
471 61 202 685 753 1243 1308 1440 1555 1580 1603 1734 1783
729 61 114 399 575 685 822 1064 1318 1345 1574 1580 1603 1904 1946 1996
812 31 156 211 217 226 382 496 608 691 987 1286 1295 1483 1616 1628 1783
915 130 156 179 184 202 472 529 685 989 1154 1177 1308 1313 1480 1494 1517 1531 1558 1786 1841
1064 94 156 310 362 417 529 600 898 989 1043 1318 1345 1405 1494 1511 1558 1574 1580 1996
1089 284 310 472 600 989 1043 1191 1424 1440 1480 1860 1869
1096 130 179 374 679 688 989 1193 1313 1460 1480 1558 1672 1702 1786
1193 493 525 559 574 673 679 688 753 789 946 1308 1336 1413 1441 1671 1724 1728 1764 1869
1308 37 688 887 1199 1313 1413 1423 1434 1480 1603 1702 1786
1423 179 285 357 525 789 968 1163 1413 1517 1558 1786 1807 1855
1511 37 140 141 217 363 451 527 533 688 1005 1441 1460 1494 1517 1555 1702 1764 1783 1936 1954
1555 296 321 575 679 691 753 965 989 996 1092 1220 1286 1480 1494 1728 1783 1841
1603 114 321 475 575 600 723 1043 1082 1191 1231 1318 1580 1783 1804 1996
1765 202 357 514 518 693 889 971 994 1050 1225 1438 1695 1807
1786 37 49 328 492 509 574 643 673 1336 1413 1424 1441 1502 1921 1987
1996 202 241 310 472 696 822 1082 1231 1441 1494 1569 1640 1783 1814 1909
7 82 145 302 375 515 520 588 593 617 630 710 877 1000 1288 1319 1550 1694 1847 1893 1947
82 302 335 567 630 669 877 911 922 933 950 1031 1036 1063 1201 1319 1352 1381 1526 1528 1617 1668 1694 1958
145 302 370 630 703 877 928 1062 1651 1847 1893 1962 1985
302 242 329 335 585 588 647 911 922 933 1031 1201 1253 1270 1288 1319 1343 1352
375 329 335 358 391 593 612 636 694 704 739 814 928 970 1000 1023 1036 1148 1347 1506 1526 1617 1677 1847
515 242 257 335 504 540 588 611 926 970 984 1003 1014 1036 1063 1288 1323 1651 1949
520 63 98 461 593 703 774 813 928 1005 1010 1016 1031 1062 1267 1298 1349 1425 1486 1539 1700 1778 1909 1933 1950
588 158 180 195 237 329 335 499 617 669 739 1063 1068 1201 1431 1550 1651 1778 1883 1962 1969 1992
593 370 382 630 646 710 780 1031 1062 1063 1270 1281 1293 1319 1349 1486 1617 1847 1883 1962
617 158 195 335 439 585 630 710 1031 1062 1063 1132 1270 1288 1486 1651 1818 1893
630 329 722 926 970 1015 1253 1257 1319 1526 1532 1550 1847 1962
710 142 204 258 567 674 694 877 1132 1171 1617 1749 1798 1847 1928 1962
877 294 674 678 703 732 1016 1063 1158 1288 1491 1686 1749 1778 1883 1893 1958
1000 255 377 459 611 653 741 848 1148 1201 1253 1323 1591 1947 1983
1288 101 209 370 678 970 1023 1036 1063 1270 1677 1700 1723 1798 1969
1319 9 209 612 669 774 970 1031 1036 1253 1370 1617 1651 1893 1947 1962
1550 329 358 585 647 704 928 933 950 1140 1201 1270 1379 1381 1431 1450 1529 1651 1847 1992
1694 224 335 358 504 581 621 911 912 933 1014 1025 1353 1617 1649 1674 1677 1847 1885 1932 1949
1847 370 678 860 1062 1159 1253 1270 1323 1491 1617 1650 1700 1778 1818 1857 1893 1949 1962
1893 98 370 922 933 1014 1031 1231 1270 1612 1649 1651 1927 1958 1962 1969
1947 216 333 358 439 459 469 498 612 636 647 739 848 928 950 1201 1253 1323 1365 1412 1414 1562 1727 1822 1857
162 350 651 857 1019 1302 1328 1487 1627 1929 1952
286 23 450 787 895 1138 1254 1276 1388 1685 1851
418 261 438 450 516 545 629 639 920 1024 1155 1165 1358 1540 1548 1565 1576 1627 1944
639 130 225 261 350 438 516 847 896 920 921 1107 1459 1576 1810 1944 1955
772 183 350 444 500 513 614 629 666 764 857 868 924 1024 1198 1328 1487 1518 1623 1944 1952
802 125 169 215 326 394 403 411 623 773 1077 1262 1341 1382 1509 1701 1800
1103 184 328 643 671 781 1130 1243 1328 1339 1459 1501 1510 1662 1672 1952 1994
1339 25 191 247 328 438 525 578 826 882 963 1334 1390 1434 1444 1563 1873 1955
1517 130 247 514 578 826 896 946 1107 1198 1324 1424 1470 1540 1661 1671 1676 1873 1923 1955 1987
1662 115 509 514 563 767 997 1107 1198 1328 1510 1576 1627 1754 1921 1952 1994
1672 328 491 578 673 782 920 1032 1241 1333 1424 1525 1576 1593 1643 1661 1724
1888 85 369 463 760 832 880 919 974 1346 1448 1701 1713 1806 1808 1871 1929
1923 25 225 599 896 1390 1398 1487 1557 1642 1676 1731 1965
9 86 113 333 469 739 926 928 1253 1257 1292 1381 1412 1414 1854 1875
86 271 288 390 557 667 1030 1035 1252 1289 1416 1421 1564 1654 1822
113 75 108 110 124 242 621 683 684 912 1028 1052 1508 1654 1822
333 43 97 231 327 345 377 439 669 739 926 1097 1257 1414 1469 1853 1875
469 43 281 327 377 415 636 926 1028 1068 1292 1739 1875 1992
739 97 195 377 612 636 669 683 1031 1140 1352 1370 1526 1857 1875 1941
926 43 97 124 439 786 976 1140 1292 1381 1414 1706 1857 1875
928 209 329 377 459 612 912 922 950 1270 1291 1352 1414 1431
1253 329 335 358 504 567 585 1023 1148 1201 1267 1617 1650 1928 1962
1257 327 612 636 669 1068 1344 1365 1412 1414 1875
1292 43 97 415 973 1365 1414 1788 1875
1381 459 612 950 1121 1201 1347 1498
1412 108 127 345 358 377 398 439 636 950 990 1240 1513 1520 1788
1414 78 377 636 1085 1367 1875
1854 105 185 336 391 537 603 713 875 916 1085 1145 1182 1200 1360 1890 1983
1875 97 110 439 612 1068 1370 1532
10 101 156 175 294 529 581 646 686 1036 1373 1406 1504 1617 1665 1792 1796 1869 1910
101 51 73 209 364 416 581 780 860 949 1014 1038 1158 1458 1528 1532 1674 1723 1792 1933
156 144 270 320 381 451 581 592 771 814 898 932 1005 1468 1804 1860 1882
175 42 204 206 209 449 470 780 1338 1468 1528 1604 1626 1669 1719 1740 1796 1849 1856 1910
294 34 204 224 417 451 483 540 686 1206 1406 1460 1529 1604 1634 1674 1700 1856
529 114 202 310 814 965 1043 1082 1460 1841
581 239 266 424 446 470 483 609 902 1023 1206 1338 1367 1460 1558 1604 1719 1749 1950 1969
646 266 446 470 483 592 905 1015 1043 1062 1206 1406 1460 1626 1665 1668 1719 1792 1796 1928
686 51 94 320 370 567 678 905 1063 1367 1440 1458 1700 1796 1798 1928
1036 206 224 258 266 416 611 703 732 741 860 912 1020 1038 1229 1486 1677 1818 1933
1373 64 449 632 687 860 1011 1072 1158 1489 1496 1669 1746 1846 1866 1969
1406 34 64 239 284 362 414 483 687 814 975 1462 1626 1719 1740 1792 1837 1849 1910 1914
1504 132 275 279 284 434 1061 1106 1127 1216 1813 1918 1960
1617 365 370 703 778 912 984 1031 1267 1270 1599 1604 1651 1849
1665 266 417 592 674 732 822 905 912 1014 1440 1486 1491 1539 1719 1798
1792 365 434 775 1011 1338 1717 1790 1856
1796 241 370 540 992 1389 1604 1740 1856 1928
1869 270 381 451 691 732 905 1005 1010 1286 1460 1728 1824 1860 1953
1910 131 239 266 417 567 609 611 1079 1229 1369 1599 1634 1700 1740 1837
11 295 440 535 537 684 1760 1890
295 105 122 200 391 468 537 672 875 993 995 1052 1182 1200 1449 1506 1536 1595 1664 1680 1834 1890
440 154 166 271 622 906 1028 1498 1524 1587
535 473 537 648 684 701 1009 1125 1149 1166 1200 1246 1536 1712 1741
537 33 473 484 648 672 804 893 1246 1536 1654 1712 1890 1915
684 116 154 159 166 196 231 468 482 713 893 906 1080 1523 1543 1564 1664
1760 33 67 122 200 255 391 406 748 804 888 964 1052 1125 1145 1200 1244 1360 1506 1513 1741 1822 1850 1890 1932 1941
1890 33 67 105 196 473 557 661 701 875 995 1009 1125 1244 1246 1265 1741 1801 1834
12 150 311 398 726 1029 1098 1335 1465 1625 1705 1787 1842 1899 1968
150 178 331 419 448 453 752 876 953 1212 1226 1335 1581 1636 1705 1784 1843 1874 1879 1897 1899
311 388 526 663 738 902 1083 1213 1284 1456 1515 1535 1592 1609 1787 1848 1913 1968
398 30 343 372 395 448 726 876 1029 1179 1212 1255 1451 1465 1582 1816
726 181 343 395 431 466 977 1135 1233 1451 1484 1596 1636 1748 1784 1816 1842 1879 1897 1968
1029 40 181 228 368 676 705 752 839 953 977 1083 1233 1335 1512 1755 1816 1897 1899 1968
1098 419 439 538 738 1028 1223 1226 1233 1248 1326 1620
1335 30 40 178 181 314 395 436 750 977 1212 1233 1519 1705 1784 1816 1842 1879 1897 1899 1998
1465 293 448 697 839 1027 1484 1620 1636 1721 1874
1625 293 325 419 433 523 697 1223 1249 1256 1329 1512 1516 1620 1739 1988
1705 181 317 359 395 431 436 448 453 480 568 641 752 907 953 1116 1212 1256 1396 1484 1581 1687 1968
1787 278 282 431 615 657 1157 1245 1259 1284 1456 1479 1533 1566 1581 1913
1842 317 419 497 738 752 1083 1137 1226 1256 1397 1596 1816 1874 1897 1899 1998
1899 40 43 48 50 81 343 395 402 453 536 750 806 1233 1304 1596 1666 1784 1879
1968 343 372 510 738 1083 1136 1137 1226 1303 1397 1512 1582 1879
13 128 707 786 1123 1135 1221 1516 1520 1739 1916 1990
128 108 110 124 159 683 778 1149 1252 1416 1469 1498 1508 1654 1915
707 281 466 1068 1105 1255 1524 1527 1889
786 415 636 645 1028 1068 1105 1112 1360 1469
1123 428 1512 1645 1675
1135 243 536 1223 1407
1221 281 293 324 547 899 981 1028 1112 1469 1520 1788
1516 325 466 842 863 1393 1647 1675 1777
1520 75 281 288 415 502 916 981 1028 1068 1097 1527
1739 99 127 216 281 998 1083 1136 1207 1223 1596 1645
1916 118 658 1227 1454 1692 1777 1990
1990 466 658 1326 1422 1527 1675 1692
14 267 566 925 1002 1210 1341 1607 1637
267 403 640 838 1111 1167 1383
566 92 207 425 773 865 1102 1122 1210 1374 1395 1607 1613
925 169 207 249 394 702 1251 1392 1667 1922
1002 640 838 982 1102 1282 1362 1368 1607 1613 1817
1210 79 425 967 1637 1922
1341 172 725 1362 1368 1387 1607 1619 1701 1974
1607 79 92 590 640 865 1102 1368 1613
1637 79 579 640 1100 1102 1307 1362 1509 1619
15 19 76 80 137 168 244 373 384 392 477 552 607 714 746 763 827 837 910 1180 1234 1236 1263 1315 1428 1442 1588 1602 1868 1871
19 21 127 214 439 657 853 902 1136 1157 1226 1284 1343 1535 1566 1581 1592 1609 1666 1848 1913
76 93 138 140 307 351 369 463 513 549 820 832 974 1113 1141 1164 1217 1261 1287 1330 1366 1411 1448 1598 1602 1660
80 56 71 119 120 205 272 359 659 861 938 1144 1482 1522 1755 1973
137 69 168 349 457 571 624 634 1192 1217 1287 1311 1330 1699 1713 1806 1901
168 26 183 308 316 571 652 714 1109 1192 1222 1236 1282 1287 1311 1320 1575 1699 1979
244 77 90 488 544 552 607 763 890 910 1046 1086 1311 1316 1320 1756 1901
373 90 306 526 570 606 801 849 853 866 872 958 991 1033 1065 1194 1203 1242 1315 1435 1515 1533 1588 1901 1903 1980
384 26 304 307 855 890 903 1180 1263 1598 1763 1808 1868 1871
392 307 385 544 607 624 1234 1263 1311 1316 1545 1791 1806
477 27 90 220 323 385 423 443 519 756 809 979 1109 1122 1600 1611 1699 1852
552 272 349 526 532 652 820 843 890 931 1046 1194 1217 1448 1571 1770 1871 1980
607 837 910 1104 1250 1261 1366 1488 1589 1756 1871 1901
714 220 307 323 544 549 624 1086 1104 1109 1192 1263 1269 1311 1316 1586 1598 1602 1699 1763 1806
746 220 282 349 410 426 539 615 831 883 1269 1380 1471 1684 1696 1907
763 77 123 299 827 837 902 969 1046 1217 1316 1428 1571 1638 1756
827 90 849 910 931 1041 1228 1234 1428 1602 1638 1684 1709 1756 1761 1780
837 77 123 606 910 931 1046 1051 1086 1180 1263 1331 1343 1471 1571 1588 1684 1901 1980
910 123 220 544 800 931 1041 1169 1192 1217 1571 1575 1871
1180 26 278 304 488 499 526 539 554 833 890 931 958 960 1041 1046 1065 1194 1250 1263 1348 1485 1571 1588 1602
1234 272 306 410 479 544 866 931 938 960 1046 1236 1269 1351 1380 1614 1684 1696 1759 1808
1236 32 87 316 349 410 506 604 872 931 1296 1316 1351 1485 1598 1793 1852
1263 26 90 633 682 1042 1295 1311 1485 1638 1756 1763 1839 1871
1315 167 303 359 526 544 801 853 917 958 1046 1194 1331 1366 1505 1571 1901
1428 52 90 303 426 917 931 960 979 1215 1217 1259 1485 1756 1852 1975 1980
1442 303 479 488 539 801 855 957 1242 1250 1380 1456 1505 1521 1684 1756 1901 1975
1588 123 223 431 539 608 657 801 855 917 1169 1213 1435 1505 1515 1571 1614
1602 52 90 192 410 423 544 624 931 1086 1215 1282 1296 1485 1756
1868 24 69 194 443 546 756 865 1215 1714 1925
1871 544 624 818 890 1109 1173 1296 1321 1330 1331 1485 1561 1589 1600 1716 1806 1845
16 357 551 574 688 932 980 996 1161 1163 1187 1243 1430 1441 1470 1525 1558 1643 1833
357 37 179 374 501 782 789 882 1161 1163 1187 1199 1243 1336 1418 1540 1624 1698 1768 1855
551 179 184 233 491 492 501 525 574 789 896 1163 1199 1243 1286 1436 1480 1643 1661 1698 1799 1855
574 117 374 455 685 913 1037 1075 1231 1313 1410 1438 1480 1558 1698
688 130 491 492 496 679 932 996 1163 1243 1313 1336 1459 1702 1728 1731 1764 1954
932 49 117 381 679 723 753 851 1082 1336 1783 1804 1841 1921
980 247 599 690 847 882 921 963 1430 1444 1540 1731
996 141 310 679 771 826 891 1177 1436 1553 1558 1661 1734 1966
1161 37 328 690 759 782 826 1170 1199 1413 1430 1470 1540 1593 1833 1855 1987
1163 492 679 789 1094 1177 1243 1313 1424 1525 1540 1661 1702 1833 1955
1187 37 233 846 887 891 963 1199 1243 1441 1724 1807 1955
1243 492 578 643 767 782 896 971 1005 1313 1336 1424 1441 1553 1558 1563 1643 1724 1921 1956
1430 514 587 599 690 1235 1390 1436 1563 1624 1698 1965
1441 184 296 723 887 896 1170 1188 1336 1502 1525 1764 1804 1979
1470 25 130 233 240 313 478 514 792 826 847 882 894 920 946 1107 1199 1241 1563 1661 1676 1921 1987
1525 184 501 514 525 643 782 789 887 1075 1199 1286 1424 1563 1643 1671 1728
1558 117 399 799 914 1220 1313 1494 1578 1580 1751
1643 179 492 715 774 822 891 1075 1286 1336 1436 1563 1724 1734
1833 25 240 321 514 525 578 826 882 1107 1199 1424 1534 1563 1593 1731 1873 1987
17 173 223 278 334 479 554 564 606 633 670 734 801 1157 1213 1281 1348 1372 1545 1633 1980
173 109 177 308 493 532 570 633 734 855 879 1057 1118 1164 1203 1237 1242 1250 1287 1295 1296 1366 1545 1648 1839
223 526 532 564 699 794 833 853 885 902 1157 1159 1213 1258 1372
278 461 564 633 670 734 800 806 851 885 902 1054 1203 1281 1903 1980
334 31 63 72 217 226 257 435 533 633 987 1016 1118 1372 1408 1628 1708 1770 1778
479 167 499 570 606 670 718 803 1157 1284 1343 1350 1479 1488 1537 1648 1831 1981 1992
554 31 527 532 564 734 879 1141 1213 1271 1359 1708 1926
564 526 533 657 670 885 902 918 1057 1118 1169 1242 1267 1281 1350 1372 1379 1435 1903
606 123 167 699 794 833 853 958 1157 1169 1295 1435 1479 1515 1614 1901 1903 1917
633 109 115 155 174 308 353 382 609 849 991 1118 1213 1242 1250 1271 1488 1545 1631 1716 1901
670 123 461 570 699 853 885 902 1054 1169 1281 1350 1366 1372 1448 1529 1824
734 382 429 718 800 962 1118 1132 1379 1648
801 77 123 526 539 570 652 991 1250 1295 1533 1901
1157 127 151 499 902 973 1169 1237 1284 1350 1352 1515 1521 1566 1666
1213 167 307 488 532 539 855 958 991 1010 1113 1169 1192 1194 1242 1245 1250 1284 1343 1456 1708
1281 570 885 918 1054 1095 1118 1137 1169 1250 1350 1372 1628 1700 1903
1348 115 135 155 351 532 699 800 849 879 1046 1113 1203 1242 1250 1305 1331 1366 1448 1575
1372 174 382 429 774 1006 1010 1095 1349 1359 1628 1824 1903
1545 140 167 800 987 1141 1242 1321 1366 1663 1770
1633 204 217 274 478 691 747 851 885 890 1141 1359 1408 1926
1980 109 351 382 526 794 890 960 991 1041 1113 1192 1217 1295 1331 1630 1808
18 476 730 943 1004 1093 1115 1150 1312 1560 1735 1811 1924 1935
476 60 95 143 152 160 721 730 736 999 1040 1150 1312 1560 1704 1811 1924 1942
730 136 143 245 330 465 506 825 943 1117 1120 1196 1285 1301 1426 1457 1622 1726 1805
943 60 999 1150 1560 1704 1924 1935
1004 66 95 245 393 736 795 1117 1196 1279 1301 1805
1093 60 143 152 245 736 1301 1805
1115 404 467 795 1280 1312
1150 60 103 245 720 795 1560 1568 1704 1805 1811
1312 720 721 840 999 1040 1175 1560 1811 1942
1560 60 393 689 825 1238 1301 1419 1572 1805
1735 71 96 120 659 831 861 938 960 1070 1174 1433 1439 1615 1766 1872 1906 1982
1811 245 467 721 840 955 999 1045 1090 1280 1568 1639 1924 1935 1942
1924 467 521 720 840 1110 1280 1551 1568 1830
1935 143 245 795 840 1551 1572 1805
21 151 214 282 372 426 510 718 803 953 1137 1456 1535 1666 1913
127 327 950 1179 1239 1566 1831 1848
214 97 528 645 654 674 1121 1350 1566 1957
439 185 636 1068 1249 1469 1524 1546
657 461 612 973 1179 1488 1535 1566
853 167 794 991 1057 1169 1284 1435 1479 1901
902 63 148 174 216 528 699 771 991 1132 1159 1169 1242 1686 1883 1950
1136 195 510 1666 1706
1226 752 1304 1581 1582 1596 1609 1879 1897 1998
1284 426 431 480 499 570 774 1435 1515 1592
1343 151 647 718 806 1237 1566 1592 1666
1535 341 448 480 738 806 1083 1245 1303 1456 1512 1566 1592 1666 1848
1566 510 806 957 973 1450 1592 1848
1581 81 388 431 448 539 738 872 1137 1212 1396 1519 1975
1592 510 528 738 1179 1303 1435 1822
1609 448 453 752 1304 1329 1397 1596 1825 1831 1879
1666 216 272 303 388 510 806 1065 1083 1137 1237 1456 1533 1537 1831
1848 388 431 738 752 806 1137 1179 1533 1998
1913 306 410 957 958 1259 1456 1614 1975
20 105 231 235 468 482 622 648 667 701 776 804 1149 1564 1902
105 110 159 312 468 648 661 672 713 804 888 1149 1543 1564 1822 1829 1915
231 33 355 468 482 701 888 893 1080 1149 1200 1265 1712
235 166 355 482 811 1035 1195 1543 1564 1587
468 116 166 238 473 482 713 906 1080 1289 1446 1524 1564 1902
482 116 390 557 776 874 875 888 993 1265 1416 1543 1564 1587
622 29 312 560 667 1289 1422 1727 1774
648 159 196 391 473 661 713 804 875 1246 1265 1543 1741 1834
667 118 154 336 466 502 557 605 906 976 1255 1326 1416
701 67 116 672 778 804 1523
776 75 166 276 390 473 498 557 605 713 754 1080 1151 1195 1446 1541 1564 1587
804 33 67 196 242 672 683 1265
1149 116 196 355 603 713 888 1151 1166 1195 1265 1543 1564 1772 1915
1564 166 603 893 1022 1543
1902 798 1523 1541
151 167 718 806 1237 1245 1250 1370 1435 1488 1533 1631
282 106 303 306 426 638 641 1245 1259 1456 1471 1515 1519 1521 1631 1742 1784 1785 1907
372 99 395 448 604 676 705 803 839 953 1212 1239 1304 1445 1748 1755 1784 1897
426 50 163 181 615 638 641 858 897 979 1071 1258 1259 1342 1404 1473 1631 1917 1973
510 907 1083 1137 1179 1397 1831
718 167 431 480 931 991 1295 1515 1614 1975
803 119 201 250 263 290 663 856 1070 1183 1356 1417 1615 1618 1785 1973
953 40 163 178 314 395 419 448 897 947 1212 1552 1755 1784 1897 1998
1137 58 431 676 806 1065 1083 1112 1204 1212 1397 1831 1874
1456 48 50 303 306 341 864 957 979 1083 1245 1259 1396 1533 1631 1917 1975
22 285 451 524 905 1616 1628 1882
285 49 112 144 211 217 417 429 478 527 691 747 1094 1411 1413 1483 1860 1926
451 202 496 679 753 1005 1043 1092 1468 1728 1751 1764 1783 1860
524 39 318 387 500 792 903 921 946 1493 1548 1554 1563 1593 1655 1697 1799 1965
905 204 239 370 461 609 951 1006 1062 1206 1384 1405 1425 1468 1539 1668
1616 109 140 274 363 493 643 813 1094 1168 1483 1494 1728 1751 1926
1628 63 174 226 274 461 533 589 962 978 1118 1271 1359 1384 1411 1824 1865
1882 49 144 226 424 609 732 814 1005 1171 1405 1408 1440 1468 1539 1865 1903
23 39 450 629 675 787 944 1275 1276 1297 1507 1820 1840
39 313 389 397 481 826 963 1275 1358 1481 1493 1534 1554 1557 1697 1858 1943
450 300 464 805 884 944 1138 1358 1401 1565 1685 1971
629 313 319 389 438 500 595 596 892 1058 1075 1275 1493 1554 1652 1703
675 182 400 454 481 487 569 662 805 944 1111 1138 1274 1276 1290 1364 1437 1474 1507 1565 1590
787 291 464 486 790 895 944 1474 1629 1685
944 319 884 895 1652 1884
1275 319 438 481 596 625 651 826 892 963 1055 1481 1493 1548 1557 1655 1697 1810 1820 1840 1944
1276 261 400 464 884 1124 1358 1388 1629
1297 500 1232 1474 1652
1507 70 232 261 300 464 500 595 769 1048 1138 1155 1324 1461 1590 1652 1851 1955 1971
1820 481 596 625 1138 1481 1554 1840 1858
1840 319 363 389 438 514 596 651 1554 1810
24 95 443 506 519 733 909 988 1611 1802 1827 1887
95 66 737 1266 1273 1285 1426 1726 1730 1743 1761 1982
443 41 548 618 809 1109 1283 1802
506 147 192 194 304 361 385 519 716 809 966 1780 1852 1925
519 220 634 650 660 793 809 909 1086 1283 1600 1699
733 52 111 427 843 988 1733
909 111 220 227 260 299 809 1205 1730 1827 1832
988 252 304 315 427 534 579 618 626 809 821 867 1597 1757 1802 1925
1611 136 385 457 793 1205 1571 1894
1802 41 59 227 251 260 737 821 1007 1597 1827
1827 62 88 107 260 352 737 821 1205 1283 1467 1597 1657 1743
1887 227 590 610 770 966 1307 1613 1747
25 130 599 921 1198 1241 1390 1661 1731 1987
130 141 184 328 514 578 643 878 887 891 894 896 1191 1427 1642 1661
599 233 690 759 826 894 1172 1390 1731
921 225 350 826 847 894 920 1155 1241 1324 1390 1444 1481 1534 1557 1576 1593 1642 1661 1676 1799 1955
1198 387 514 559 826 896 946 1058 1241 1324 1402 1557 1576 1593 1955 1965
1241 191 247 318 759 882 891 1075 1107 1324 1334 1510 1540 1548 1593 1676 1697 1965
1390 225 525 625 690 945 1075 1107 1172 1324 1334 1534 1799 1855 1965
1661 37 49 184 578 643 759 781 826 847 882 896 920 946 963 1199 1334 1336 1410 1563 1642 1676 1695 1724 1799 1873 1955 1965
1731 191 514 587 759 847 945 1160 1172 1334 1418 1563 1799
1987 501 514 525 587 690 767 882 891 946 963 1107 1152 1398 1418 1540 1593 1642 1698 1955 1956
26 32 77 316 571 817 818 865 1109 1147 1296 1320 1322 1330 1714 1729 1763 1793
32 252 544 901 1086 1261 1282 1296 1320 1330 1729 1789
77 90 306 526 1505 1571 1742 1753 1839
316 133 344 534 548 626 677 777 843 854 865 867 1100 1215 1224 1261 1273 1429 1699 1729 1757 1767 1995
571 138 817 1021 1104 1109 1224 1282 1320 1322 1330 1575 1714
817 92 539 624 740 818 1086 1296 1307 1320 1330 1443 1575 1699 1729 1767 1789 1806 1929
818 138 602 610 919 1147 1282 1296 1575 1699 1714 1806
865 44 260 579 677 702 716 777 1060 1222 1224 1497 1561 1995
1109 90 121 349 534 652 901 1010 1316 1322 1330 1713 1759 1806 1852 1995
1147 90 121 534 626 740 783 1021 1122 1222 1224 1690 1701 1767
1296 155 307 410 624 890 923 1330 1713 1718 1806
1320 1086 1104 1173 1222 1282 1330 1718 1806
1322 133 186 369 1104 1164 1307 1346 1690 1701 1793
1330 52 90 121 186 259 624 677 832 1086 1215 1282 1316 1690 1699 1729 1763 1806
1714 344 349 1086 1104 1215 1222 1224 1282 1561 1690 1699 1729 1767 1791
1729 186 194 307 349 361 378 544 624 634 677 843 1021 1282 1307 1429 1575 1690
1763 121 186 544 931 1282 1638 1756 1767
1793 133 138 186 259 360 463 740 820 901 1021 1088 1100 1224 1261 1443 1586 1630 1690 1718 1737 1789
27 192 299 304 323 457 541 793 1176 1185 1273 1659
192 457 544 602 682 939 985 1174 1184 1190 1659 1756 1759 1761 1997
299 87 349 410 457 541 663 761 866 883 1086 1174 1228 1759 1879 1894
304 90 349 361 410 517 866 883 979 1046 1060 1228 1269 1273 1690 1696 1761 1791 1877
323 220 361 385 423 541 883 1185 1598 1659 1780 1852
457 194 361 385 604 793 1215 1217 1273 1600 1659 1759 1761 1780 1906
541 46 136 230 251 576 602 613 618 883 1007 1086 1269 1351 1439 1730 1759 1791
793 227 361 809 1184 1266 1600 1659 1747 1791 1815
1176 41 88 352 660 830 866 1090 1766 1805 1819 1832 1920 1993
1185 62 88 120 410 517 613 644 650 689 770 1273 1759 1894 1993
1273 46 385 410 423 1659 1696 1742 1753 1780
1659 88 111 352 410 423 650 1100 1269 1589 1761 1832 1894 1993
28 38 92 579 590 610 626 640 777 838 930 982 1008 1100 1368 1395 1443 1757 1817 1986
38 172 346 511 702 930 940 1060 1209 1262 1309 1325 1337 1443 1509 1812 1929
92 79 425 677 940 1102 1395 1747 1757 1817
579 44 315 546 618 756 867 1100 1102 1122 1374 1395 1619 1817 1974 1986 1995
590 44 344 511 1251 1374 1395 1443 1817
610 172 215 716 725 783 1100 1224 1556 1747 1757 1817
626 194 634 677 756 867 966 1021 1374 1429 1684 1690 1747 1767 1817 1925 1986 1995
640 133 425 1368 1817 1986
777 138 259 344 725 740 783 901 930 940 982 1088 1262 1325 1387 1429 1443 1701 1937 1986 1995
838 207 409 1362 1556 1800
930 133 138 172 253 309 344 1122 1167 1262 1307 1325 1337 1429 1443 1701
982 133 172 259 326 360 511 757 940 1088 1104 1222 1387 1429 1443 1586 1660 1701 1737
1008 52 186 215 253 315 378 757 901 1060 1088 1122 1429 1509 1561 1747 1757
1100 427 546 773 901 1224 1307 1395 1497 1561 1974 1986
1368 111 371 425
1395 44 215 315 618 677 966 1102 1167 1817
1443 147 186 259 344 378 553 740 940 1261 1325 1420 1429 1699 1737
1757 44 186 315 326 843 940 1060 1173 1806 1817 1974
1817 172 315 534 546 1209 1362 1974
1986 44 677 716 867 1205
29 57 324 562 842 1030 1151 1255 1527
57 118 466 658 842 1105 1248 1421 1524 1527 1673 1675
324 118 288 325 336 466 536 562 863 976 1105 1416 1673 1889
562 502 754 1030 1151 1421 1422 1446 1500 1562 1647 1727
842 312 322 332 536 547 976 1246 1255 1727 1976
1030 154 281 288 502 547 597 829 863 906 981 1255 1454 1524 1675 1772
1151 154 271 332 603 754 1166 1200 1774 1889
1255 134 288 322 336 981 1097 1326 1421 1422 1546 1654 1772 1853 1889
1527 134 281 345 911 976 981 1068 1105 1252 1524 1853
30 153 163 705 1212 1239 1451
153 290 402 839 934 947 1099 1239 1445 1473 1484 1495 1519 1596 1687 1755 1781 1825 1843 1878 1897 1989
163 50 106 359 388 448 692 738 750 752 858 872 897 942 977 1071 1342 1356 1396 1404 1877 1998
705 99 178 750 856 897 934 947 977 1239 1552 1722 1843
1212 40 178 395 448 453 876 897 934 1258 1304 1552 1721 1722 1755 1998
1239 40 99 314 395 453 744 752 876 934 947 1099 1204 1484 1485 1495 1687 1781 1843 1989
1451 40 50 178 433 1329 1512 1636
31 216 461 647 654 800 833 918 1095 1350 1379 1486 1529
216 158 195 647 1121 1347 1349 1350 1370 1450 1725
461 180 674 834 918 1006 1010 1159 1267 1379 1468 1612 1648 1778 1950
647 377 704 1349 1352 1491 1857
654 158 274 382 636 834 1270 1293 1350 1352 1425 1431 1515 1985
800 109 307 308 351 353 488 526 652 794 820 879 890 991 1057 1113 1164 1242 1295 1366 1571 1808
833 303 490 570 1054 1250 1359 1435
918 148 174 226 274 429 1006 1095 1132 1242 1347 1686 1770 1824
1095 148 180 834 1132 1237 1350 1379 1425 1529 1778 1804 1985
1350 499 570 885 958 1074 1537 1648 1903
1379 63 180 257 435 528 973 1006 1121 1359 1370 1529 1651 1686 1883
1486 63 180 567 674 678 732 774 779 813 1006 1062 1298 1367 1425 1491 1668 1950 1962
1529 158 329 499 678 834 1267 1293 1420 1648 1883 1903 1985
252 59 770 821 1283
544 349 526 624 807 1086 1311 1589 1742 1917
901 138 186 253 315 378 773 783 1019 1088 1262 1307 1561 1737 1895
1086 307 349 624 1222 1311 1316 1485 1806 1845
1261 47 54 85 183 740 880 974 1173 1420 1586 1701 1937
1282 121 194 634 756 1316 1699 1718 1806
1789 93 369 463 740 760 832 880 1021 1088 1173 1307 1346 1448 1575 1660 1713 1718
33 78 122 159 672 875 964 993 1125 1200 1246 1265 1360 1508 1654 1712 1741
78 108 605 683 1140 1145 1240
122 110 185 264 391 661 694 916 984 993 995 1022 1182 1244 1360 1449 1498 1506 1508
159 97 185 391 502 557 603 683 875 888 1182 1252 1513 1822 1915 1983
672 157 893 1125 1200 1712 1741
875 67 196 603 653 888 1022 1085 1265 1498 1506 1712 1741 1822
964 200 234 255 292 621 653 694 722 949 990 993 1108 1145 1463 1526 1538 1595 1822 1862 1885 1983 1991
993 91 234 255 292 406 484 653 694 748 1009 1014 1025 1052 1125 1166 1200 1240 1244 1360 1463 1506 1532 1536 1595 1829 1850 1941 1991
1125 473 621 748 1009 1052 1182 1265 1291 1294 1360 1712 1829
1200 473 748 893 916 1009 1049 1182 1244 1360 1508 1536 1712 1834
1246 67 473 661 1543 1915
1265 603 713 893 916 995 1085 1244 1344 1360 1416 1449 1741 1853
1360 67 391 484 683 748 1009 1049 1052 1506 1536 1715 1850
1508 345 391 748 916 995 1108 1182 1449 1506 1513 1801
1654 110 661 683 713 916 995 1022 1085 1182 1244 1449 1523 1834
1712 196 473 1506 1741
1741 196 888 1009 1513 1664 1834
34 698 771 822 975 1626 1634 1836 1849
698 94 320 412 413 483 696 775 941 986 1345 1574 1813 1841
771 61 381 600 609 779 814 965 1082 1494 1574 1749 1751 1860
822 117 321 374 442 685 1037 1340 1580 1734 1783 1904
975 114 241 284 310 483 941 1231 1440 1604 1886
1626 42 320 446 483 779 1127 1539 1612 1669 1837 1984
1634 63 98 257 266 417 685 813 970 1015 1016 1270 1384 1468 1491 1749 1950
1836 42 131 132 139 287 775 869 954 1389 1462 1547 1681 1886
1849 266 320 483 814 1012 1462 1604 1649 1740 1969
49 363 475 496 509 679 691 723 887 1094 1168 1286 1480 1502 1764 1954
492 141 376 559 767 887 891 1037 1170 1286 1336 1702 1724 1954
673 179 496 509 563 781 1130 1334 1502 1728 1936
723 117 363 691 745 753 1092 1510 1702 1724 1728 1841 1954
782 179 509 514 715 789 882 1334 1413 1444 1563 1698 1768 1873 1956
965 211 217 522 898 1082 1231 1267 1462 1740 1841 1909
1574 144 321 575 696 779 898 1006 1043 1082 1340 1671 1814
1671 117 491 509 559 887 1005 1286 1855 1955
1702 117 578 679 898 1480 1502 1728 1751 1953 1956
1921 184 363 491 887 1170 1199 1286 1336 1424 1427 1510 1724
1926 174 211 217 381 435 478 483 496 691 747 851 1005 1016 1037 1405 1483 1798 1860
98 63 176 204 496 609 779 813 1132 1171 1298 1425 1599 1798 1865 1962
258 42 274 370 474 504 780 860 927 1133 1158 1353 1431 1649 1651 1818 1928 1969
266 176 239 270 320 470 679 1267 1338 1425 1604
320 68 241 270 483 592 1604 1740
446 270 275 600 814 1082 1206 1460 1599 1604 1612 1719 1778
533 424 513 589 898 1359 1770
814 114 270 417 951 1460 1604
927 91 209 416 583 860 936 949 1020 1056 1067 1076 1229 1458 1669 1813 1856
1206 144 176 270 483 951 1015 1168 1229 1231 1298 1458 1460 1686
1408 63 176 211 429 435 691 1168 1298 1425 1468 1491 1708 1770 1824
37 225 475 501 596 789 847 1873 1956
225 191 247 318 387 438 878 892 945 1334 1799 1851 1858 1955
475 296 374 441 455 715 846 914 971 1199 1272 1299 1466 1553 1578 1768 1904 1966
501 374 455 514 559 896 971 1075 1277 1334 1438 1642 1724 1855
596 319 387 438 481 500 595 1055 1623 1652 1944
789 179 240 846 891 1578 1585 1698
847 328 350 387 481 491 625 920 1333 1418 1493 1565 1593 1676
1873 247 525 559 578 690 887 896 946 1177 1199 1418 1424 1534 1642 1965
1956 233 374 514 715 759 887 894 1107 1152 1235 1334 1418 1438 1540 1576 1855
172 133 773 940 1060 1737 1750
346 186 711 1021 1024 1262 1309 1387 1565 1586 1737 1812 1937 1945 1964
511 309 326 553 702 940 1060 1077 1104 1262 1309 1477 1509
702 326 411 553 880 1262 1509 1701 1737 1812 1945 1964
940 198 773 783 1111 1209 1325 1509
1060 186 215 773 1077 1104 1325 1337 1701 1937 1945
1209 394 403 405 411 623 1167 1208 1290 1556
1262 259 326 378 553 725 740 757 783 1048 1077 1325 1509 1754 1945
1309 70 125 595 623 788 1357 1378 1382 1385 1477 1556 1773 1863
1325 133 215 253 259 309 378 757 773 1122 1222 1307 1362 1476 1509 1619 1660 1812
1337 147 198 400 403 445 487 623 757 924 1477 1594 1754 1812 1944 1964 1971
1509 54 138 215 309 344 634 1701 1737 1945
1812 259 309 326 553 623 624 757 1224 1387 1737 1880 1945 1964
1929 309 1051 1476 1490 1501 1754 1999
313 387 516 578 651 764 1548 1627 1697 1851 1943 1999
389 300 360 481 500 578 642 1024 1058 1388 1493 1548 1554 1593 1652 1732
397 318 878 896 1534 1554 1593 1655 1858 1955 1965
481 387 438 516 625 1055 1138 1334 1358 1493 1548 1810
826 247 525 578 587 759 882 896 1055 1199 1334 1481 1642 1768 1953
963 179 247 319 514 690 1075 1107 1170 1388 1402 1563 1698
1358 191 790 892 1388 1565 1629 1652 1685
1481 438 625 878 892 1055 1493 1534 1548 1799 1810
1493 319 438 516 625 642 892 920 1055 1058 1247 1548 1652 1810
1534 318 878 1444 1548 1554 1557 1697 1858
1554 261 328 625 892 1055 1058 1334 1557
1557 438 878 1055 1058 1655
1697 233 878 1075 1799 1858
1858 625 945 1548 1799
1943 211 493 578 614 668 671 767 781 868 1130 1302 1346 1630 1776 1952 1994
40 293 314 665 676 977 1047 1099 1445 1620 1784 1878 1970 1989
293 228 436 536 1223 1256 1596 1721 1816 1970
314 395 402 433 448 453 531 536 665 791 977 1047 1099 1258 1552 1615 1755 1781 1825 1874 1989 1998
665 118 368 428 433 1256 1445 1542 1748 1755 1843 1874 1970
676 343 448 1027 1110 1484 1512 1620 1636 1748 1816 1864 1874 1989
977 448 973 1033 1144 1258 1636 1721 1784 1785 1897 1998
1047 402 839 934 1445 1484 1722
1099 290 368 497 839 1070 1204 1484 1816 1825 1843
1445 839 1070 1204 1495 1748
1620 317 433 523 1233 1484 1512 1636 1816 1861 1874 1879
1784 395 448 497 738 752 1223
1878 134 325 433 436 523 531 538 752 1027 1303
1970 325 428 448 538 697 998 1027 1512 1582
1989 99 368 402 419 453 497 531 1233 1342 1542 1552 1721 1755 1785 1816 1825 1897 1981
41 260 1117 1380 1467 1766 1815 1832
260 62 644 737 985 1467 1894 1997
1117 143 393 721 724 795 825 959 1120 1196 1310 1426 1639 1819 1942 1993
1380 87 272 876 883 979 1071 1174 1259 1505 1601 1742 1877 1907
1467 423 821 1205 1815
1766 66 96 230 508 644 659 719 731 840 861 955 1238 1279 1285 1622 1726 1730 1815 1942
1815 465 576 660 724 825 830 1238 1376 1639 1832 1920 1942
1832 517 719 1376 1743 1993
42 68 414 432 540 936 1020 1038 1108 1669 1677 1837 1856 1984
68 165 189 401 449 494 598 680 780 984 1079 1153 1332 1458 1717 1790 1846 1918
414 64 483 522 687 709 823 1011 1014 1079 1354 1462 1837 1866 1886 1914
432 132 284 362 850 951 986 1153 1361 1514 1813 1886 1933 1978
540 53 180 206 365 416 583 632 656 735 751 819 824 860 1011 1020 1056 1076 1158 1447 1489 1528 1591 1958
936 165 213 237 364 449 586 632 687 751 1011 1020 1056 1072 1076 1079 1158 1264 1300 1447 1489 1496 1649 1818
1020 142 165 189 206 237 632 735 780 1056 1323 1472 1528 1604 1669 1682
1038 365 470 583 780 860 1056 1158 1458 1528 1677
1108 73 157 189 200 484 621 694 722 748 949 990 1294 1323 1463 1595 1850 1941
1669 73 165 237 364 437 632 687 751 775 1003 1011 1056 1072 1158 1216 1264 1458 1489 1496 1790 1856
1677 53 224 489 611 632 722 911 1003 1270 1458 1591 1949
1837 139 279 522 823 1076 1389 1462 1494 1813 1866 1914 1948 1984
1856 583 687 751 911 912 1079
1984 129 131 279 434 632 819 823 869 1012 1264 1453 1813 1918
43 108 415 645 998 1028 1068 1097 1352
108 336 888 1179 1344 1801 1822
415 195 645 852 981 1085 1112 1140 1207 1252 1365 1523 1546 1992
645 97 327 345 377 829 852 998 1068 1112 1121 1421
998 97 327 712 899 1112 1227 1365
1028 336 377 1097 1252 1327 1857
1068 97 712 1450 1469 1706 1957
1097 134 154 345 377 950 976 1240 1252 1344 1393 1469 1546 1772
1352 97 195 547 669 911 950 981 1121 1270 1344 1370 1450 1546 1706 1725
44 546 677 716 966 1374 1429 1597 1747
546 59 427 618 1374 1733
677 69 194 253 624 783 966 1173 1497 1561 1747 1767 1974 1995
716 253 315 634 770 867 1497 1561 1586 1747 1995
966 427 534 618 854 1224 1730
1374 79 427 634 773 1224
1429 93 121 138 253 315 773 832 843 880 1224 1561 1747 1937 1945 1974
1597 59 111 227 427 783 1102
1747 138 315 634 854 867 1122 1224 1925
45 441 518 637 715 755 799 891 913 968 971 1225 1299 1475 1530 1635 1828
441 146 202 296 374 889 914 968 994 1050 1191 1220 1438 1466 1480 1593 1734
518 442 693 715 1172 1277 1398 1402 1410 1549 1563 1695 1807
637 447 472 715 797 1202 1299 1475 1530 1549 1828 1904 1963
715 374 690 1160 1402 1434 1436 1624
755 65 146 413 797 913 914 971 1277 1306 1313 1340 1400 1828 1919 1963 1966
799 117 1091 1299 1553 1624 1768 1828 1939
891 247 666 846 1172 1277 1698 1734 1855
913 296 374 455 797 1026 1091 1220 1340 1410 1466 1751 1814 1821 1904 1919
968 455 693 797 971 1091 1225 1272 1277 1299 1410 1475 1549 1624 1807 1828 1939 1963
971 296 374 587 693 1091 1235 1402 1410 1438 1549 1553 1695 1807 1939
1225 587 1531 1828
1299 442 455 587 1340 1466 1624 1752 1919
1475 61 396 472 616 889 1202 1306 1585 1821
1530 221 472 1091 1101 1177 1466 1635
1635 221 808 889 1106 1197 1400 1466 1641 1905
1828 904 989 1101 1306 1782 1939
46 106 423 613 866 1071 1184 1376 1605 1907
106 50 641 858 917 972 1074 1230 1259 1386 1404 1601 1605 1614 1917 1981
423 52 69 194 227 361 602 960 1266 1600 1759
613 251 517 558 602 689 831 861 1007 1184 1351 1376 1426
866 87 858 1042 1228 1269 1351 1684 1716 1761 1839
1071 388 453 638 858 872 917 979 1033 1042 1074 1259 1342 1533 1601 1605 1687 1709 1742 1761 1877 1906
1184 87 136 272 352 644 689 864 959 985 1219 1433 1780
1376 96 251 558 719 939 985 1007 1190 1622 1730 1997
1605 615 638 692 858 883 897 972 1066 1139 1230 1342 1356 1386 1404 1601 1614 1622 1646 1761 1917
1907 272 615 638 1074 1259 1646 1684 1742 1753 1901 1981
47 54 85 155 309 378 740 880 1019 1088 1104 1420 1586 1660 1713
54 493 768 807 969 1217 1448 1490 1501 1937
85 269 608 668 768 807 832 969 974 1088 1188 1287 1448 1660
155 112 177 210 308 351 558 807 849 879 1113 1305 1411 1448 1845 1903
309 133 147 169 289 326 394 400 545 725 805 1077 1556
378 253 259 344 534 756 773 1104 1217 1222 1224 1690 1701 1754 1767
740 832 1021 1192 1222 1311 1701 1718
880 135 369 463 513 768 807 832 868 969 1051 1346 1586 1660 1713 1718 1845 1952
1019 183 444 623 651 760 764 768 1156 1880 1944 1945
1088 369 411 623 668 773 1586 1660 1964
1104 121 133 198 608 832 1173 1222 1307 1321 1387 1638 1660 1699 1713
1420 425 549 725 924 1586
1586 259 832 1683 1718
1660 463 768 832 974 1173 1683 1701 1713
1713 969 1021 1173 1311 1448 1683 1701 1718
48 71 568 615 750 934 942 1033 1386 1396 1404 1877
71 96 250 263 280 659 689 876 983 1482 1522 1906 1973 1982
568 193 272 380 604 615 660 830 858 939 972 1033 1066 1139 1342 1396 1471 1753
615 410 638 883 897 979 1074 1230 1404 1471 1601 1646 1877 1917
750 50 448 453 761 942 972 1386 1396
934 50 331 402 816 947 1258 1583 1722
942 81 641 692 897 1342 1396 1759 1825
1033 193 306 359 503 604 692 761 858 872 897 979 1045 1074 1342 1386 1615 1709 1742
1386 50 306 604 692 761 816 856 858 897 1013 1073 1230 1396 1780
1396 99 359 480 638 692 816 872 972 1781
1404 87 178 359 641 897 1230 1259 1304 1473 1533 1601 1709 1753 1917 1981
1877 87 453 872 972 1074 1230 1342 1917 1975
363 74 140 509 679 747 1005 1092 1094 1168 1231 1440 1502 1728
496 211 217 509 679 691 745 851 1094 1728 1865 1954
509 270 600 679 1168 1440 1728 1764 1804 1954 1961
679 140 141 274 350 609 753 1168 1286 1313 1728 1909 1936 1953
691 141 184 210 217 478 1005 1483 1630 1865 1950 1954
887 184 559 578 725 896 945 1336 1424 1540 1698
1094 114 527 962 1005 1032 1168 1220 1413 1424 1460 1483 1502 1804 1936 1954
1168 93 140 141 211 527 923 1483 1728 1751
1286 559 578 1199 1313 1413 1728
1480 117 179 296 753 989 1177 1277 1413 1483 1502 1783
1502 140 559 717 732 857 1170 1313 1336 1413 1936 1954
1764 140 141 559 1413 1736 1783 1860 1865
1954 217 527 753 1092 1751 1936
50 81 178 359 1304 1473
81 431 453 480 641 659 979 1519
178 181 388 431 453 659 738 907 947 1304 1781
359 303 453 761 816 876 1174 1258 1259 1755 1917
1304 181 395 448 1519 1542 1755 1975
1473 306 341 431 641 738 883 897 1533 1600 1897 1981
51 206 234 279 365 583 586 735 741 1001 1003 1014 1076 1158 1526 1649 1674 1746 1991
206 53 237 365 416 437 583 611 735 949 970 1003 1056 1076 1323 1447 1458 1472 1674 1928 1933 1949
234 142 255 292 484 621 949 1133 1244 1409 1463 1682 1715 1746 1862 1991
279 129 362 412 460 823 1361 1813 1867
365 73 209 416 459 580 583 598 741 860 912 970 990 1056 1158 1229 1332 1399 1462 1489 1528 1688 1862
583 189 209 213 416 632 735 819 860 912 990 1001 1011 1014 1076 1171 1432 1447 1489 1496 1688
586 157 165 255 735 741 1001 1056 1067 1072 1076 1447 1458 1651 1715 1958
735 189 416 656 1158 1229 1403 1723 1746 1933
741 73 189 209 237 416 722 860 912 949 1003 1056 1076 1158 1291 1338 1399 1489 1674 1818 1885
1001 53 189 242 292 860 949 1003 1067 1294 1432 1682 1715
1003 73 91 229 292 437 611 656 694 819 860 970 984 1076 1447 1591 1688 1715 1885 1969
1014 255 655 824 860 912 984 995 1182 1291 1323 1447 1526 1606 1674 1688 1962
1076 53 91 213 264 437 470 1056 1394 1528 1688 1746
1158 53 189 416 611 922 992 1458 1528 1668 1928 1950 1969
1526 292 504 612 653 778 922 933 970 1201 1323 1353 1649 1857 1885 1932 1941
1649 213 459 970 1023 1062 1063 1384 1528 1591 1798 1818 1928 1969
1674 53 91 292 860 912 922 970 990 1056 1294 1432 1536 1885
1746 73 142 819 1056 1079 1264 1332 1403 1409 1595 1606 1949
1991 53 142 157 255 264 292 406 653 661 949 1049 1399 1595 1715
52 69 194 618 682 1497 1600 1696 1733
69 194 1767 1806 1852
194 410 427 548 756 854 1051 1995
618 111 548 770 843 1995
682 410 917 1190 1269 1742 1780 1852
1497 534 624 854 867 1224 1307 1690 1945
1600 133 220 349 361 1215 1598 1925
1696 87 349 352 453 558 1139 1342 1684
1733 59 227 821 1205
53 142 484 580 598 824 860 1056 1133 1291 1294 1399 1538 1715 1862
142 200 255 358 694 824 990 1049 1133 1291 1538 1595 1682
484 91 200 1145 1680 1715 1850 1885 1941
580 189 229 416 437 656 1394 1538 1809
598 229 621 1067 1538
824 255 264 292 437 459 498 778 949 1294 1323 1344 1463 1532 1595 1723 1862 1885 1941 1949
860 185 335 605 678 722 819 911 1148 1458 1496 1532 1595 1606 1969
1056 237 494 751 819 1067 1353 1409 1528 1682 1723 1933
1133 655 1053 1067 1394 1409 1447 1458 1463 1682 1809
1291 67 200 229 264 655 656 661 694 1294 1399 1463 1680 1682 1862
1294 91 255 437 694 748 778 819 912 950 1399 1432 1682 1715 1941
1399 91 264 437 984 1332 1447 1463 1595 1682 1715 1862 1885 1941
1538 165 437 751 819 1216 1264 1394 1409 1489 1528 1606 1715 1809
1715 91 189 242 1463 1472 1595 1862
1862 189 213 498 621 1472 1682
493 376 513 671 745 868 903 997 1141 1302 1490 1518 1959
768 183 760 919 923 969 1188 1501 1999
807 183 369 463 549 614 832 919 974 1021 1130 1490 1979
969 360 369 463 717 760 1328 1346 1490 1501 1683 1754 1776 1994
1217 112 307 353 463 513 549 668 849 1051 1222 1316 1448 1575 1845
1448 369 652 717 1051 1173 1321 1770 1845
1490 614 757 919 1307 1382 1387 1427 1459 1501 1754 1937 1999
1501 183 463 868 1222 1287 1307 1716 1964
1937 253 259 919 924 1387 1556 1880
240 376 578 892 1032 1427 1724 1955 1965
513 177 203 463 608 855 919 974 1164 1287 1302 1756 1845
525 247 759 882 920 1075 1107 1172 1324 1334 1424 1434 1578 1724 1799 1965
767 764 1170 1336 1424 1642 1724 1936
896 184 191 578 690 920 946 997 1199 1424 1855
1032 328 563 578 614 671 764 892 1107 1328 1334 1459 1510 1627 1676
1107 247 328 387 514 878 894 1075 1328 1334 1459 1563 1593 1955 1965
1324 191 514 1334 1548 1593 1642 1799 1810 1955
1328 491 614 668 671 1130 1427 1459 1487 1510
1424 337 490 514 559 578 666 846 1313 1724 1728 1965
1510 210 328 491 559 563 614 643 919 1170 1427 1724 1776 1994
1952 350 369 614 671 764 923 1382 1459 1627 1630 1737 1776
56 160 205 248 250 263 290 495 659 856 1116 1745 1906
160 205 250 263 458 938 1175 1183 1745 1771 1973
205 170 503 543 961 1144 1417 1482 1615 1687 1973
248 330 458 543 938 1144 1419 1568 1745
250 119 201 856 1070 1110 1116 1615 1687 1745 1771 1785 1982
263 495 530 689 736 1175 1687 1745 1771 1906
290 254 280 331 692 939 947 1183 1204 1417 1583 1687 1843
495 458 959 961 1552 1745
659 280 330 380 503 689 761 816 831 861 983 1175 1219 1439 1522 1785 1973 1982
856 119 170 503 791 938 947 1045 1073 1116 1183 1204 1417 1618 1771
1116 119 170 201 331 458 663 761 1204 1471 1482 1615 1618 1687 1785
1745 280 543 1013
1906 87 254 280 331 543 663 861 938 1013 1110 1174 1175 1417 1482 1522 1843 1982
118 281 325 863 1166 1227 1303 1393 1407 1421 1454 1673 1675 1976
466 428 981 1227 1393 1407 1675 1988
658 271 325 1647
1105 336 863 1562 1675 1777
1248 228 428 1407 1692 1721 1896 1988
1421 75 116 288 863 888 1422 1562 1772 1988
1524 124 242 1166 1240 1822
1673 1407 1469 1675
1675 697 712 1454 1861 1976
58 419 738 973 1179 1223 1879
419 281 1721
738 907 1245 1596
973 1121 1347 1648 1650 1725 1927
1179 181 1083 1327 1631 1725
1223 436 536 852 1256 1327 1537 1721
1879 181 752 1327 1519 1636 1998
59 111 1754
111 543 602 737 756 1307 1894
1754 757 1138 1382 1461 1476 1880
60 103 720 999 1439 1568
103 393 955 959 1196 1572 1704 1726 1805
720 530 840 959 999 1280
999 143 404 721 961 1426 1830
1439 120 558 660 864 1174 1433 1973 1982
1568 404 458 530 555 744 840 871 1045
61 354 575 577 685 709 989 1318 1361 1462 1963
354 114 413 575 685 766 815 889 986 1154 1272 1318 1783 1807 1814 1904
575 321 1043 1050 1231 1440 1553 1585 1841
577 161 187 222 413 421 507 935 1069 1106 1143 1268 1569 1653 1797 1876 1886
685 114 460 709 1177 1318 1361 1466
709 221 296 348 386 396 616 708 815 904 1101 1153 1162 1361 1681 1886
989 321 442 1026 1037 1695 1841 1904 1919
1318 321 808 846 1544 1547 1814 1891 1904
1361 413 460 550 708 815 914 1162 1317 1681 1946 1978
1462 64 284 362 489 522 687 696 775 1011 1272 1345 1640
1963 146 187 472 485 616 1069 1154 1191 1272 1306 1531 1814 1919 1966
62 88 821 1205 1791 1894
88 107 227 602 650 660 737 809 861 1743 1830
821 133 1426
1205 107 227 427 770 795 843 1283 1310 1589
1791 121 220 634 756 809 1113 1311 1598 1638
1894 107 393 558 809 1417 1457 1925
63 148 204 674 779 813 1006 1132 1267 1384 1425 1468 1612 1668
148 257 429 1010 1132 1365 1384 1440 1663 1950 1958
204 567 589 592 609 674 774 1384 1599 1612 1668 1824 1860 1950
674 158 195 585 834 911 951 1293 1367 1612 1651 1663 1749 1818 1962
779 144 176 567 609 774 813 1016 1491 1599 1751 1950
813 144 176 567 589 962 1062 1132 1425 1468 1663 1668 1778
1006 174 176 226 429 435 490 589 1298 1367 1405 1663 1778 1824 1927
1132 180 274 429 589 885 1267 1384 1425 1491 1663 1686
1267 174 180 329 370 382 834 1054 1118 1293 1686 1749 1903
1384 592 732 1015 1171 1491 1539 1599 1650 1668 1723 1740 1749 1865
1425 158 176 274 589 678 1366 1367 1491 1668 1778 1883 1950 1969
1468 217 226 429 478 504 732 747 774 951 1016 1037 1367 1405 1612 1668 1700 1778 1824 1865
1612 224 335 1063 1270 1298 1367 1532 1604 1668 1749 1798
1668 93 176 470 478 589 774 851 951 1016 1491 1539 1778 1865 1950
64 275 284 362 522 823 1494 1579 1823
275 84 287 340 348 556 869 886 986 1153 1268 1300 1317 1369 1514 1579 1640 1656 1886
284 139 362 775 941 1317 1369 1453 1865
362 94 139 270 556 823 850 986 1127 1886
522 139 460 494 766 775 823 1640 1740 1841 1867
823 84 94 114 687 775 869 992 1011 1317 1353 1452 1528 1744 1866 1886
1494 117 202 808 1177 1580 1585 1783 1807
1579 340 396 616 948 954 1153 1162 1369 1547 1681 1823 1946
1823 89 146 197 556 844 954 1081 1391 1569 1978
65 146 342 447 1143 1782 1891 1966
146 161 187 348 396 413 447 472 485 835 862 889 904 1026 1069 1197 1466 1531 1569 1752 1821 1876 1905
342 472 485 743 815 835 862 1026 1101 1531 1758 1803 1814 1891
447 161 221 396 808 862 889 1162 1306 1466 1531 1641 1821 1891 1966
1143 222 386 485 507 616 649 835 889 1400 1531 1758 1821 1876 1905 1966
1782 374 649 797 846 1050 1436 1695 1752 1779 1939
1891 161 218 221 287 396 399 413 472 708 743 835 862 889 904 954 1466 1531 1544 1814 1821 1919
1966 268 396 472 743 844 889 1191 1585 1670 1752 1821 1905
66 230 251 265 576 644 660 1196 1238 1622 1730 1743 1982 1993
230 576 660 719 731 1007 1657 1726 1819
251 136 352 558 644 719 830 831 871 1007 1426
265 352 512 721 731 744 861 938 1045 1279 1375 1726 1830
576 107 393 508 644 660 795 1726 1730
644 136 201 352 660 689 724 831 871 1279 1310 1426 1433
660 96 508 517 719 731 830 1007 1266 1301 1730 1743 1942 1982
1196 245 393 721 825 840 985 1084 1120 1266 1301 1657 1726 1730 1743 1805 1942
1238 170 272 330 721 731 825 871 938 959 1007 1084 1519
1622 558 795 840 871 1120 1219 1279 1285 1375 1704 1726 1743 1942
1730 385 689 830 1007 1090 1285 1657 1759 1819 1920
1743 465 795 825 1375 1639 1761 1819 1920
1982 280 558 1013 1174 1175 1482
1993 724 795 1426 1819 1920
67 391 406 653 748 949 995 1009 1049 1052 1323 1449 1506 1885 1915
391 157 406 661 888 995 1145 1449 1506 1680 1983
406 990 1049 1182 1323 1353 1606 1680 1850
653 200 255 292 459 694 748 1052 1182 1506 1941
748 91 200 213 292 1182 1513 1834 1850 1983
949 91 292 621 655 694 722 912 933 1680 1932
995 124 473 603 661 683 916 1067 1182 1244 1506 1513 1523 1850 1983
1009 655 990 1085 1447 1506 1536 1543 1829 1850
1049 157 255 1463 1941
1052 557 621 694 1025 1085 1513 1680 1850 1983
1323 200 498 611 722 780 911 984 990 1025 1148 1353 1885 1932 1941
1449 1022 1067 1240 1513 1801 1915
1506 621 661 1244 1536 1850
1885 200 498 661 694 722 922 990 1025 1053 1148 1432 1532
1915 292 683 829 1182 1289 1416 1498 1513
165 213 229 237 601 656 687 819 1023 1394 1409 1432 1489 1606 1790
189 213 229 237 656 751 1264 1394 1447 1599 1606 1688
401 129 236 364 680 1012 1453 1656 1717 1918 1948 1960
449 139 687 1011 1044 1079 1354 1682 1866
494 131 489 635 1011 1332 1496 1688 1790
680 129 434 687 742 1012 1044 1514 1656 1717 1744 1790 1918 1948 1960
780 224 358 970 1025 1595 1928 1933 1958
984 358 621 694 911 990 1148 1201 1353 1532 1651 1818 1932 1949
1079 229 364 632 1011 1072 1264 1332 1403 1489 1606 1846
1153 256 321 399 766 850 954 1317 1369 1640 1886 1978
1332 213 229 416 819 1216 1403 1492 1514 1606 1948
1458 213 416 611 656 1216 1229 1264 1528 1688 1723 1846 1914 1969
1717 129 131 434 886 1012 1127 1452 1453 1492 1514 1656 1762 1813 1960
1790 129 434 632 687 1011 1072 1489 1867
1846 94 131 687 881 1011 1012 1216 1229 1914
1918 84 131 287 412 434 1012 1127 1300 1354 1389 1452 1640 1813 1867 1946
1767 121 186 361 854 1215 1699 1901
1806 123 351 624 699 1021 1192 1194 1311 1699
1852 90 349 410 608 809 1228 1485 1571 1684 1780
70 198 289 411 445 487 625 711 757 765 1048 1077 1111 1124 1155 1385 1437 1732 1863
198 147 207 219 403 462 553 595 623 757 796 1290 1357 1378 1382 1392 1477 1880 1895 1945 1971
289 400 445 454 662 952 1048 1461 1476 1594 1863
411 147 169 171 219 371 409 487 757 1077 1314 1357 1362 1559 1826
445 182 291 405 595 711 796 1048 1124 1208 1274 1461 1594 1629 1884 1945 1971
487 100 147 259 595 757 1051 1124 1156 1173 1382 1387 1474
625 651 790 1055 1160 1576 1655 1810
711 147 405 662 769 796 1017 1077 1111 1165 1357 1594 1851 1944 1971
757 147 403 405 462 553 614 725 760 1058 1385 1461 1701 1773 1863 1964
765 104 232 277 456 486 895 1039 1208 1401 1559 1835 1951
1048 400 405 454 595 790 796 1165 1392 1461 1565 1652 1971
1077 147 215 273 725 1124 1208 1619
1111 277 400 405 569 662 700 796 805 1165 1260 1364 1382 1610 1703 1971
1124 400 405 422 545 662 790 792 1039 1155 1165 1232 1385 1594 1851
1155 100 360 454 500 662 792 857 1247 1476 1548 1703 1732 1944
1385 147 219 291 400 405 464 662 952 1260 1357 1378 1477 1703 1835 1859 1895
1437 422 1290 1314 1363 1499 1610 1859 1951
1732 100 147 360 500 569 857 1156 1703 1773 1863
1863 462 662 671 796 805 1017 1165 1290 1382 1388 1476 1594
96 861 1040 1285 1375 1657
280 119 201 663 864 1175 1219 1618 1872 1973
689 352 508 517 719 744 831 864 939 959 1045 1279
876 193 431 872 897 907 1045 1183 1258 1356 1722
983 254 531 555 663 1771 1830
1482 170 744 864 938 985 1139 1183 1615 1973
1522 119 380 731 959 1070 1258 1433 1618 1785 1973
1973 119 201 508 638 897 1139 1219 1471
72 135 174 351 353 429 490 879 923 962 987 1141 1961
135 112 115 307 308 353 376 608 868 1141 1188 1259 1311 1366 1708 1994
174 115 435 527 987 1010 1250 1359
351 93 210 307 308 337 794 836 849 855 879 919 978 1169 1287 1295 1305 1366 1411 1505 1716 1845
353 112 115 177 203 337 745 978 1141 1164 1305 1845 1961
429 180 226 337 478 747 962 1010 1021 1118 1159 1411 1431
490 74 93 109 112 337 745 855 978 1092 1141 1164 1194 1411 1575 1770
879 184 382 488 1057 1118 1192 1295 1321 1359 1411 1488 1716
923 93 115 177 307 308 760 962 978 987 1141 1271
962 74 527 614 1770
987 115 144 1010 1141 1271 1708 1865
1141 74 93 177 203 308 488 855 1295 1302 1305 1961
1961 74 141 337 527 978 1287 1459 1936 1979
73 209 213 264 416 722 1023 1496 1532 1688 1723 1933
209 364 483 611 912 1528 1688 1958 1969
213 229 237 437 632 819 1216 1229 1264 1394 1403 1409 1688
264 91 157 255 292 990 1145 1229 1682
416 237 364 470 1688 1723 1933 1949
722 195 498 621 669 778 933 990 1353 1367 1432 1532 1941
1023 370 504 585 911 1015 1082 1171 1591 1749 1798 1818
1496 237 601 656 819 1216 1409 1688 1723
1532 224 335 358 470 611 655 911 933 1025 1148 1353 1432
1688 224 364 656 819 1264 1489 1933
1723 237 358 912 1229 1338 1403 1489 1528 1798
1933 470 1229 1338 1353 1432 1491 1528 1682 1969
74 112 115 376 974 1271 1716 1903
112 109 115 177 203 337 652 820 991 1051 1295 1305 1359 1411 1630 1716
115 177 745 794 903 1164 1901 1979
376 745 1411 1719 1936
974 177 369 463 548 549 608 832 1305 1808 1845 1959
1271 176 435 747 1242 1295 1331 1515 1708 1979
1716 93 307 608 849 855 1065 1113 1118 1305 1321 1959
1903 478 589 699 820 1054 1118 1250 1359 1405
75 110 281 345 502 547 605 829 899 981 1166 1252 1416
110 116 124 621 1022 1035 1080 1252 1326 1469 1498 1562 1772 1822
281 288 325 345 502 829 1772 1889
345 547 605 712 829 981 1166 1326 1422 1469 1772 1801
502 154 547 636 712 976 981 1166 1416 1853
547 124 605 829 899 981 1365
605 154 336 829 976 1166 1252 1326 1498 1546 1562 1853 1889
829 97 154 863 906 976 981 1035 1498 1500 1853 1889
899 1227 1370
981 712 863 1035 1326 1772 1853
1166 124 557 976 1085 1326 1416 1772
1252 288 636 683 852 1344 1788
1416 271 390 597 683 906 976 1498 1822 1983
93 183 203 308 337 549 836 1051 1188 1321 1575 1718
138 133 253 315 534 832 1683 1974
140 559 671 1313 1936
307 549 608 652 890 1192 1242 1311 1321 1331 1638
369 668 919 1222 1979
463 109 183 832 849 991 1021 1164 1287 1718 1845 1999
549 1164 1305 1346 1845 1959
820 121 349 794 849 1113 1222 1228 1331 1366 1756 1901
832 794 1051 1346 1718
1113 109 167 488 526 532 794 836 849 1051 1057 1164 1194 1203 1250 1295 1366
1164 211 745 836 855 978 1188 1203 1302 1321 1411 1630 1770 1845
1287 919 1188 1346 1411 1483 1699 1776
1366 203 532 794 836 855 1295 1708 1808
1411 643 668 849 1630 1736 1959 1979 1999
1598 90 220 361 534 624 1224
90 220 385 917 1203 1228 1351 1485 1589 1742
306 341 480 526 692 1042 1259 1269 1351 1515 1521 1533 1614 1631 1755 1839 1975
526 123 488 539 794 890 958 1250 1901
1505 303 883 957 958 1042 1065 1488 1521 1839 1901
1571 699 756 890 931 991
1742 193 272 761 883 1139 1269 1601 1709 1839
1753 272 341 604 917 1139 1230 1521 1601 1646 1839
1839 303 341 431 972 1042 1245 1250 1259 1471 1519 1589 1631
683 124 1546
1140 612 636 669 778 1148 1344 1857
1145 185 200 242 437 459 778 1025 1182 1240 1680 1932 1941 1983
1240 778 848 950 1201 1822
79 273 425 1974
273 171 394 810 1251 1357
425 215 1102
1974 253 344 783
119 201 961 1070 1073 1110 1144 1356 1417 1615
120 330 380 719 731 858 864 985 1066 1139 1174 1433 1709
272 87 136 883 897 939 1190 1589
861 193 393 508 731 830 938 1007 1084 1219 1726
938 201 404 947 959 1045 1615
1144 170 555 961 1073 1433 1618 1771
1755 243 388 395 663 752 907 1110 1258 1484 1583 1781 1825 1843
431 341 939 1245 1259 1521 1533 1631 1917 1975 1981
453 201 448 1258 1721 1785 1843
480 181 388 638 897 1230 1245 1435 1596 1981
641 388 638 907 1245
979 341 604 638 858 864 872 972 1074 1228 1237 1342 1351 1601 1618 1684 1761 1917
1519 395 752 907 1471
335 703 1201 1298 1651 1818 1969
567 483 951 1148 1298 1599 1604
669 195 329 636 976 990 1370 1706 1857
911 370 912 933 1031 1053 1148 1365 1595
922 358 459 498 704 933 1651 1818
933 459 504 703 1053 1932
950 185 612 1370
1031 257 329 612 1270 1706 1749 1957 1962
1063 239 358 370 970 1015 1171 1270 1463 1491 1651 1749 1798
1201 257 459 612 1121 1365 1650
1528 1969
1958 239 257 1171 1491 1798 1818 1928 1969
465 724 795 1007 1310 1726 1819 1920 1997
558 136 352 385 508 830 831 939 959 1219 1433
737 830 1310 1457 1997
1375 721 731 795 955 959 985 1090 1301 1639 1657
84 89 348 412 474 556 681 727 869 886 948 1012 1744
89 197 287 727 869 992 1403 1514 1544
348 287 556 572 620 681 762 881 948 1127 1300 1744 1946
412 131 132 139 197 287 775 992 1012 1127 1345 1354 1369 1452 1466 1514 1640 1656 1886
474 236 572 727 742 762 873 881 954 1127 1300 1978
556 129 197 236 396 727 881 886 948 992 1044 1300 1492 1514 1653 1803 1867
681 197 434 727 749 881 886 992 1044 1300 1744 1960
727 197 873 881 886 948 992 1127 1514 1744 1870
869 132 139 340 749 886 1127 1317 1354 1369 1452 1813
886 287 434 1044 1300 1452 1514 1744 1960
948 197 620 870 1300 1867 1946
1012 131 1044 1317 1640 1762 1860 1866 1867 1948
1744 129 197 287 434 687 742 992 1044 1492 1547 1656 1914
269 277 400 790 805 952 1247 1357 1364 1378 1477 1556 1895 1934
608 855 1051 1808
668 183 308 849 978 997 1021 1130 1302 1346
1188 532 1311 1321 1630
271 154 390 874 976 1022 1454
288 154 196 336 906 976 1326 1772 1889
390 196 332 355 557 597 603 1035 1446 1562 1801
557 154 597 893 906 1289 1498 1834
1035 124 754 888 912 1326 1447 1513
1289 154 355 1326 1393 1853
1822 292 906 916 1326 1513 1932
87 410 517 602 650 816 883 1269 1471 1485 1601 1684 1759 1761
410 917 1041 1269 1756 1780
517 136 352 380 508 719 831 1007 1190 1219 1351 1901
602 352 1269 1351 1699 1759 1761
650 830 1190 1759
816 193 692 761 872 1066 1356 1601
883 385 1175 1269 1471 1485 1684 1709
1269 917 958 960 1485 1684
1471 806 972 1074 1174 1316 1351 1601 1917
1485 352 931 1215 1228 1589 1638 1646 1756
1601 539 806 897 939 1139 1684 1975
1684 303 917 1074 1761
1759 939 1228 1351 1780
1761 303 352 385 960 1139
107 361 385 427 724 1007
227 1920
809 121 1215
1830 380 467 1419 1678
197 399 762 873 1547 1656
287 132 340 687 850 1345 1452 1514 1813 1946 1978
992 742 881 1072 1762
1403 504 751 819 1394 1472 1656 1866
1514 132 460 850 873 1081 1101 1867
1544 485 616 708 743 753 1026 1154 1191 1272 1455 1580 1779
220 624 756 854 1228 1351
385 624 719 1780 1925
917 341 361 960
1203 167 303 699 794 991 1057 1194 1242 1295 1331 1749
1228 121 1316 1589 1756
1351 638 960 1065 1074 1190 1780
1589 349 931 960 1112 1250 1515 1638 1756 1780
91 1344 1432 1463 1539 1595
1344 195 1536
1432 200 498 611 990 1025 1353 1949
1463 200 1409 1447 1680
1539 239 417 478 609 747 898 951 1405 1599 1719 1783
1595 255 358 990 1409
1102 215 1167 1619
183 337 623 1305 1346 1683
203 699 1218
308 382 836 849 855 1305 1331 1690 1808 1845
337 184 210 424 849 890 903 978 1305 1321 1736 1770 1959 1979
836 382 717 978 1305 1321 1630 1708 1808
1051 849 890 1305 1316 1321 1331 1575 1975
1321 717 849 919 1307 1845 1959
1575 121 186
1718 121 1222 1845
94 241 775 850 941 986 1813 1886
241 114 374 550 616 696 753 775 941 1345 1841
775 434 696 850 986 1345 1460 1640
850 766 1317 1345 1354 1369 1453 1640 1681 1946
941 139 340 550 600 678 696
986 399 696 1191 1345 1369
1813 131 139 202 742 1369 1452 1656 1867 1914
1886 270 340 399 1317 1452 1569 1640 1948 1978
1266 393 795 825 1426 1657
1285 143 393 736 825 1120 1279 1301 1639 1657 1942
1426 1090 1120 1310 1920
1726 136 393 744 830 840 871 1007 1657
1040 330 404 736 1572
1657 393 404 724 1007 1433
97 195 327 852 1112 1407
195 257 704 732 852 1053 1207 1370 1431
327 1397 1725 1957
852 124 1112 1207 1834
1112 134 636 863 1207 1329 1469 1788
1407 312 322 325 428 1562 1889 1976
176 435 499 589 774 951 1118 1663 1778 1950 1962
609 211 732 951 1010 1405 1719 1778 1860 1865
1171 370 678 1491 1798
1298 180 257 951 1349 1778
1599 678 732 1015 1367 1491
1798 585 678 1015 1148 1818 1928
1865 144 210 226 417 703 732 1016 1118 1349 1405 1491 1580 1950
1962 180 585 678 951 1270 1293 1431 1460 1651 1686 1706 1927 1969
99 368 1825
368 497 531 791 1542 1583 1618 1710 1825
1825 839 1073 1204 1552 1722 1843
100 319 360 500 595 651 792 1024 1623 1627 1703
319 300 642 651 892 1024 1548 1652 1810
360 623 1024 1156 1476 1627 1683 1750
500 792 924 1024 1388 1487 1623
595 300 464 569 769 1138 1254 1274 1474 1565 1629 1851
651 318 455 614 642 894 1024 1548 1576 1652
792 300 350 1382 1476 1487 1652 1773 1944
1024 569 642 666 997 1017 1058 1388 1518 1652 1703
1623 666 764 857 1487 1518 1944 1994 1999
1627 444 857 919 1676 1880 1999
1703 462 796 1247 1476
364 131 489 1216 1229 1338 1591
202 321 424 696 747 753 1580 1728 1779 1904
321 114 442 1050 1340 1369 1580 1734 1904
846 117 296 374 455 797 1277 1580 1624 1855
1191 179 708 753 994 1026 1162 1340 1466
1580 187 442 945 1043 1340 1585 1814 1953
1783 310 381 753 1043 1082 1359 1681 1953
1953 211 270 592 600 1082 1749 1841
393 143 508 724 731 795 825 955 1090 1301 1704 1819
955 731 871 1084
959 458 543 719 1013 1090 1872
1572 530 871 1704
1704 245 404 1280
1805 245 1301
104 149 486 769 967 1499 1559
149 147 219 249 394 788 810 1167 1208 1383 1800 1934
486 700 788 967 1039 1314 1392 1565 1750 1951
769 232 291 700 895 1087 1260 1314 1363 1401 1559 1610 1629 1667 1835 1951 1971
967 464 788 810 937 1039 1314 1610
1499 422 1087 1254 1401 1629 1951
1559 277 788 884 1039 1363 1610 1667 1835 1951
312 874 1446 1727 1774 1889
661 1244 1536 1983
713 603 888 916 1498 1543 1850
888 166 1244 1834
1543 332 597 1022 1801 1834
1829 157 1447 1472
858 193 604 638 864 897 1230 1356 1631 1897
972 1230 1259 1917 1975
1074 652 1042 1118 1230 1258 1342 1533 1975
1230 330 638 1259
1259 341 638 830 1917
1614 167 341 424 806 1065 1245 1631 1917
1917 181 303 388 638 1342 1646 1975
1981 341 388 761 1065 1245 1521 1631 1975
361 890
427 548 770 854
724 795 825 1090 1310 1819 1920
1007 245 508 830 1310
336 116 863 916 976 1772 1889 1988
1801 124 603 695 893 1022 1085
109 488 794 855 978 1242 1295 1305 1331
488 699 991 1118 1194 1250 1295 1648 1808
794 532 958 991 1041 1057 1215 1295 1808
855 958 991 1192 1194 1305
978 177 903 1305 1959 1979
1242 226 532 570 652 991 1057 1169 1295 1808
1295 1057 1237 1250 1708
1305 177 1808
1331 652 1041 1192 1215 1808 1845
116 124 1664
124 863 906 1022 1422 1853 1889
621 242 255 358 694 778 1053 1472 1983
1022 154 778 893 1498 1853
1080 166 332 355 597 603 874 1422 1587 1727 1774
1326 874 976 1422 1500 1562 1853
1469 377 612 636 1365 1889 1983
1498 154 355 906 916 1195 1562 1834 1853
1562 597 695 863 976 1500 1853
1772 695 863 1454
543 503 663 961 1073 1175 1183 1618
756 548 843 1925
1307 121 133 186 534 624 1224 1690
177 210 1130 1708
652 532 890 1192 1250 1808
991 349 699 958 1057 1118 1169
1359 382 478 699 1959
1630 614 903 919 1215 1311 1333 1346 1979
242 255 655 778 990 1025 1053 1591 1941 1983
912 498 504 611 1353 1447 1928
114 413 600 616 649 954 1154 1162 1681 1814 1919
413 421 766 815 954 1127 1300 1904 1978
600 270 310 381 616 1005 1043 1231 1345 1405 1440 1841
616 117 218 222 550 766 1026 1101 1154 1181 1317 1547 1640
649 161 187 268 472 485 572 835 844 862 904 1181 1670 1758 1779 1797 1844 1876 1905 1919
954 256 399 696 708 862 1061 1162 1369 1640
1154 815 1026 1306 1585
1162 161 396 460 743 862 1069 1354 1681 1797 1905
1681 132 507 766 1101 1272 1354 1606 1758 1978
1814 117 472 766 862 904 1026 1272 1585 1904 1905 1919
1919 442 455 708 808 1340 1553 1585 1855
745 1302 1804 1979
903 184 671 717 919 997 1302
1901 123 303 539 957 1042 1046 1065 1194 1250 1479
1979 671 919 1346 1483 1724
1664 276 798 1523
117 179 296 898 1398 1553 1724
179 1037 1177 1199 1313 1955
296 455 693 797 1202 1220 1553 1578 1807
898 274 417 478 732 747 1005 1405 1440 1483 1728 1751 1804 1936
1398 693 1160 1402 1436 1553 1624
1553 221 455 693 797 1050 1091 1197 1202 1220 1277 1410 1438 1466 1549 1734 1768
1724 211 514 563 643 753 1075 1170 1302 1751 1804
325 538 1227 1329 1645 1896
863 185 976 1227 1546
1227 1256 1393
1303 1327
1393 1027 1146 1256 1329 1454 1988
1454 754 976 1647
1976 322 1422 1777
201 503 663 1433 1785 1872
961 1070 1219 1615 1618 1771
1070 170 380 503 831 947 1183 1615 1618 1687 1722 1785
1073 170 402 531 663 947 1417 1771
1110 458 897 1013 1183 1417 1843
1356 331 380 604 1417 1615
1417 170 331 503 663 947 1552 1615 1722 1781 1785
1615 170 402 503 692 1183 1618 1722 1785 1843
330 458
380 193 1139
719 352 458 508
731 136 721 871 1045 1433 1872
864 692 985 1045 1174 1219 1433
985 136 508 871 1139 1219 1433
1066 193 402 761 872 1618 1998
1139 193 604 638 831 939 1174 1433 1709
1174 508 692 831 939
1433 872 939 1219
1709
121 548 1021 1173 1224 1561 1925
548 534 760 854 867 1224 1283
1021 259 532 760 1122 1173 1311 1701
1173 344 1122 1311 1387 1690 1845
1224 215 534 854 1122 1316 1561
1561 1156
1925 344
185 848 1148 1182 1513
694 255 473 1025 1053 1072 1182 1353 1850
916 1085 1513 1834
1182 200 1085 1244 1409 1983
1244
123 532 539 957 958 1046 1118 1194 1927
532 499 699 885 1054 1057 1250 1638 1648
539 167 570 890 957 958 1065 1169 1975
957 181 1065 1435 1479 1533 1975
958 303 699 1169 1479
1046 699 897 1041 1042 1756 1975
1118 1016 1483 1663 1736 1959
1194 699 890 1169 1250 1770
1927 180 257 678 703 885 1010 1159 1293 1349 1686
906 154 377 560 597 695
1422 597 754 1500
1853 134 154 1889
1889 1647
125 219 810 1383 1800 1851 1922
219 249 291 545 662 788 810 1039 1208 1357 1610 1667 1750
810 126 277 371 1208
1383 207 405 1800 1922
1800 394 1274
1851 1138 1247 1274 1388 1971
1922 409 462 1167 1364 1378 1401
126 249 1477 1667
249 169 171 232 700 908 1167 1934
1477 171 207 400 405 462 796 1290 1378 1826 1895 1951
1667 182 788 952 1208 1750 1934 1951
1831 181 697 1327 1397
778 377 848 1025 1053 1706 1932 1941
129 601 1044 1072 1452 1453 1492 1656 1946 1948
601 139 1011 1762
1044 762 1300 1369 1492 1946 1960
1072 751 1011 1264 1354
1452 139 620 687 1317 1369 1978
1453 131 434 762 1389 1656 1762 1948
1492 434 1300 1762 1948
1656 434 1762 1960
1946 187 1011 1300 1354
1948 489 742 1389 1867 1960
141 1005 1413 1768 1936
184 781 1199 1302 1427 1736
328 491 516 578 1170 1955 1994
514 247 374 759 1199 1235 1436 1444 1540 1698 1768 1855 1955
578 233 563 946 1170 1333 1334 1402 1427 1593 1642 1698
643 559 781 1130 1313 1427 1518 1736
878 690 894 920 945 1334 1593 1799 1965
894 191 318 387 516 690 946
1427 491 559 781 1728 1994
1642 247 1334 1548
131 1011 1866
1011 132 687
1866 1127 1231 1914
132 687 1354 1369 1389
687 224 237 1216 1338
1354 139 236 460 1345 1960 1978
1369 139 460 1317 1345 1640 1978
1389 237 1762 1867
133 186 344 553 867 1387
186 253 444 854 1222 1690 1995
344 253 867 1122 1461 1690
553 326 725 773 1594 1737 1773
867 315 854 1690
1387 259 773 1701 1737 1945
134 728
728 428 538 839 1027 1146 1570 1692
868 444 666 1232 1487 1880 1999
1311 259 1646
1708 210 424 1016 1057 1770
1994 444 614 671 1336 1378 1776
136 352 508 638 1920
352 831 1190 1279
508 1219 1639
638 341
1920 721 795 1090 1457 1819
349 1215 1316 1638 1699 1845
624 843 854 1122 1215 1316 1699
634 854 1215 1995
1192 890 1042 1808
1699 764 1316
253 1122 1382 1701 1995
315 783
534 854 1222 1995
1683 1880 1964
139 222
222 743 766 844 1101 1569 1758 1803 1867
559 491 1413 1436
671 614 1218
1313 1177 1436 1540 1855
1936 1413 1770
1005 211 270 417 851 1082 1751 1804 1909
1413 1218 1459
1768 1037 1075 1152 1277 1402 1410 1418 1436 1438
200 157 1536
255 292 655 1680 1941 1969
358 498 970 990 1025 1353 1809 1983
990 498 1472 1749
1682 1270 1680 1850
143 245 604 1639 1942
245 721 830 831 1301 1639
604 692 872 897 1781
1639 512 736 825 1120 1279 1301
1942 736 795 825 1090 1120
144 210 417 747 1016 1405 1740
210 851
417 226 381 592 753 951 1405 1547 1778 1860
747 270 274 435 851 885 1054
1016 274 435 478 732 774 951 1405 1824
1405 226 424 732 1092 1719 1950
1740 381 1062 1604 1914
370 224 504 678 703 970 1015 1591 1651 1818 1928
703 224 732 1264 1431 1949
1062 592 678 1015 1367 1431 1591 1651 1749 1778
1651 329 970 1367
1985 1083 1237 1293
161 187 221 366 386 396 485 808 904 1069 1106 1455 1758 1803 1876
187 268 366 485 835 904 1371 1641 1670 1758 1821 1844
396 221 808 815 1101 1272 1306 1905
472 743 844 889 994 1026 1197 1202 1400 1797
485 366 808 889 904 1455 1569 1641 1670 1758 1803 1876
835 268 743 808 1026 1197 1371 1400 1531 1641 1670 1758 1821 1844 1876
862 221 268 386 815 889 1197 1400 1531 1758 1803
889 218 221 340 690 815 1531 1641 1670 1779 1821
904 507 1306 1371 1547 1653 1779 1844
1026 442 460 708 1547 1585
1069 310 366 386 421 507 815 1114 1181 1197 1641 1653 1844 1876
1197 1641 1758 1821
1466 455 1050 1306 1531 1624 1734 1807
1531 268 507 708 743 844 1101 1803 1905 1967
1569 268 399 844 1101 1670 1758 1870
1752 914 1050 1202 1272 1277
1821 268 507 808 1272 1641 1758 1905
1876 221 256 268 386 507 844 1106 1306 1803 1870
1905 221 268 808 1091 1101 1758 1779 1803
147 400 403 405 623 725 796 924 1251 1290 1362 1378 1461 1556 1594 1701 1750 1895
400 462 662 796 1165 1274 1357 1392 1594
403 169 1017 1378 1880 1895
405 182 462 623 1165 1247 1260 1357 1461 1590 1594
623 169 326 725 1382 1565 1690 1737 1895
725 326 773 1461 1826
796 291 462 662 1156 1392 1556 1594 1629 1895
924 300 444 764 1461 1594
1251 169 371 394 409 462 1167 1362 1382 1750
1290 371 462 662 1165 1357 1378 1750
1362 371 773 1039 1964
1378 169 326 394 1167 1750 1826
1461 569 662 1594 1934
1556 169 1167 1629 1964
1594 169 261 952 1017 1165 1357 1474 1629 1737 1964
1701 843 1690
1750 700 952 1039 1260 1835 1934 1951
1895 182 462 662 1138 1357 1652
257 329 435 570 834 885 1010 1159 1270 1293 1367 1431 1663 1883
1010 274 435 1159 1663
1365 377 459 636 655 1025 1686
1440 270 483 550 592 1082 1345 1969
1663 274 774 851 1367
1950 226 274 435 678 732 774 1237 1491 1749 1778
394 207 371 790 1260 1364 1826 1951
788 1039 1274
1167 1826
1208 171 207
1934 182 232 291 462 545 662 805 1039 1260 1314 1357 1392 1474 1565 1951 1971
331 402 947 1204 1342 1618 1710 1785
448 343 388 402 752 907 1816 1897
752 181 907 1249 1596 1748 1897
1636 761 1233 1245 1512 1816
1843 343 531 1204 1495 1552 1583 1748 1771 1781 1897
1874 433 436 1233 1397 1484 1748
1897 343 395 907 1342 1722 1781 1998
167 180 570 1479 1515
806 395 1631
1237 528 704 1083 1207 1488 1515 1596 1646
1245 1521 1533 1631
1250 699 1041
1370 704 1121 1347 1706
1435 570
1488 1537
1533 341 1065
1631 341 885 1065 1521 1975
152 530 721
530 404 1178
721 1280 1301
402 1183 1552 1687 1722 1781
839 497 1204 1495 1748
947 254 503 663 1013 1710
1484 1645 1721
1495 503 531 1204 1722 1864
1596 343 1582 1998
1687 1204 1552 1710 1785
1781 531 692 1710 1722 1785 1998
154 636 976 1195 1541
636 377 459 874 1725
976
1195 298 355 603 798 811 1523 1541 1774
1541 212 238 332 355 798 1500
849 1808 1845
1845 760 890 1346 1638
270 470 483 1015 1231 1345
381 435 1751 1860 1909
592 483 1909
1804 211 217 1719 1728 1751 1841
1860 211 435 550 1719 1751
157 1680 1941 1983
1680 224 292 1472 1850
1941 292 377 1053 1148 1949 1983
1983 498 1053 1513 1536 1850 1932
158 329 585 1349 1537 1686
329 1650
585 274 528 1270 1431 1650
1349 180 704 1293 1537 1883
1537 528 834 1686 1857
1686 1015 1159 1293 1725 1824 1883
603 166 560 1834
1513 377 473 1085
458 791
1175 404 831 871 1013
1183 170 663 1552 1618 1710
1771 170 744
221 218 708 743 815 1272 1641
366 256 421 620 870 935 1106 1114 1653 1720 1797 1870
386 236 507 620 844 1106 1181 1464 1720
808 460 743 766 1345
1106 268 844 1391 1720
1455 256 762 844 870 1061 1300
1758 1181 1400 1670 1797 1844
1803 572 743 1061 1181 1371 1797 1967
350 760 781 1302 1459 1487
857 563 614 666 764 920 1333 1776
1302 563 764 882 997 1737 1770 1776 1999
1487 444 563 666 1017 1333
388 181 697 1521
692 193 761 872 1646 1785
872 897 1397
897 1013
1342 193
1998 1721 1864
444 717 760 1156 1476 1518 1776 1959
614 717 1156 1459 1776
717 854 1218
1130 527 946 1736
1218 563 851 919 997 1959
1736 1776
229 1067 1447 1472 1606 1809
237 632 656 751 819 1489
656 751 819 1394 1606
819 632 635 751 1216 1394 1809
1394 751 1216 1229 1472 1489 1809
1409 751 1067
1489 632 1067 1547 1867
1606 635 751 1216 1447 1809
166 238 298 1523 1774
238 276 811 893 1446
298 798 1446 1587
1523 893 1587
1774 560 597 811 1727
180 1159 1650 1824 1883
570 890 1054 1479 1515
1479 1065 1515 1648
1515 499 1808
1222 890 919 1041 1690
169 182 790 1945 1964
182 291 454 462 908 1260 1357 1364 1388 1392 1474 1590 1951
790 884 895 1232 1247 1474
1945 215 259 1737 1773
1964 1364 1737
170 1618
1618 663 1120 1204
171 409
409 662
773 1880
1737 908
1057 834
1648 1258
435 274 478 589 774 851 1483 1824
527 274 1092 1199 1483
470 1229
1338 224 1229 1591 1928
1604 483 732 1015 1719
1719 483 1015
499 834 1054
589 274 424 774 885 1043 1159 1778 1824
774 678 1015 1293 1749 1778
951 226 478 1460 1491 1909
1778 274 1367 1909
181 343 395 907
907 395 1207 1397
1037 218 374 1177 1438 1483 1549 1624 1734
1177 374 1202 1277 1410 1734
1199 247 1334 1548 1676
1955 247 438 882 892 920 946 1333 1655
1159 1270 1293 1431
1650 459 1015 1591 1857 1949
1824 226 274
1883 834 1293
343 395 791 1582 1722
395
291 422 454 545 700 805 952 1165 1232 1357 1364 1392
454 464 908 1232 1565 1773 1859
462 662 1382
908 232 456 1314 1392 1951
1260 207 422 700 805 895 1357 1392 1590 1610
1357 371 805 1363 1364 1629
1364 662 805 1165 1382 1474 1590 1773 1971
1388 569 642 1058 1474 1629 1652 1685
1392 1165 1401 1474
1474 545 895 1629
1590 805 952 1039 1565 1971
1951 422 456 1039 1232 1363 1835
1346 1156 1476 1808 1959
781
848 459 1085 1148
1148 459 498 1818 1949
854 843 1316 1613 1995
1690 1995
1995 783 1756
268 218 442 844 935 1653
1371 421 572 1547 1844 1892
1641 743 1340 1670 1779
1670 421 507 844 1653
1844 507
753 1855 1909
1220 442 994 1091 1202 1438 1578 1939
1841 310 550 994 1043 1728
1904 442 696 1050
1909 310 478 1751
751 635 1216
1264 1969
1447 970
217 211 226 1483 1751 1770
1015 239 1491 1700
1277 455 693 1402 1436 1438 1549 1698 1807 1939
1483 424
1751 211 382 1092
191 247 945 1593 1810
247 690 882 920 946 1050 1563 1593 1676 1965
945 587 1444 1810 1965
1593 892 1334 1734 1799
1810 438 516 642 892
939 1190 1646
1190 830
1756 931 960 1041 1638
1997 1090 1301 1457
193
704 1121 1347 1706 1725 1992
732 274 310 1700
1053 292 459 498 893 1025 1932
1207 536 1083 1397
1431 834
196 473 1085 1536
473
1085 1834
1536 292
399 340 1272 1978
762 236 873 881 1300 1967
873 340 620 859 1061 1081 1268 1391 1967
1547 310 460 766 1653
207
1382 569 1165 1476
1880 326
1971 464 662 884 952 1138 1274 1565 1629
228 243 433 436 497 523 1542 1582 1864
536 712 1256 1861
1861 1256 1329 1692
503
663 1785
1785 531 761
1872
424 226 478
696 550 994 1306 1640
1728
1779 1624
699 1054 1169 1808
437 1067 1472 1809
611 224 1591 1949 1969
970 274 504 678 1591 1818 1928 1969
1472
1928 224 239 1229 1367 1591 1700 1749 1818
1949 1932
712 1546
1083
1896 523 1146 1582 1988
483 1231
1969 224
851 478
211
212 798
798 276 1446
632 1067 1216
1216 1067
1229
528 834 1121
1121 1054 1169 1347 1725 1857 1957
1957 612 1347 1450 1992
215
1347 612 1450 1460 1725
1450 1725 1857
1725 1749 1992
226 274 478
1770 382
218 708 766
708 1272
766 310 460 844 1345 1978
545 232 700 805 952 1314 1629 1859
662 805 1165 1232 1629 1835
1039 805 1274 1610 1835 1859
1610 232 277 422 456 1254 1274 1314 1363 1835 1884
743 1340 1400
815 844 1640
1272 1306 1340 1585
844 236 256 421 1797
1101
1867 434 635
885 478 1169
1258
224 678 1591 1700
678 478 1749
1591 1353 1818
1700 504
318 387 438 516 892 920 1548 1965
387 882 1965
438 516 1058 1138 1576
892 516 920 1548 1576 1655
1334 587 946 1676 1965
1799 920 1055 1965
274
478 1170
243 428 433 1027 1570 1692 1721 1988
433 436 697 1027 1146 1256 1570 1864
436 1397 1582
497 1710 1722 1748 1816 1864
523 1256 1552 1816
1542 1748
1582 1027 1146 1233 1249 1256 1570 1645 1816
1864 1721 1748
1067 489
1809 489 635
1819 1310 1457
355 597 874 1446
893 332
232 277 422 1232 1254 1274 1363 1835
277 422 464 895 1254 1314 1629 1859 1884
422 456 700 805 1254 1274 1314
1232 569 895 1138 1274 1629
1254 700 895 1884
1274 895 1859
1363 805
1835 805
233 690 1160 1402 1434 1436 1549
690 587 1160 1172 1434 1444
1160 759 1075 1418 1436 1438 1540 1624 1698 1855
1402 374 759 914 1170 1235 1410 1418 1436 1965
1434 587 666 1152 1410 1418 1676
1436 759 1152 1418 1540
1549 1235 1695
292 498 655 1932
811 332 560 1446
1587
236 256 572 620 749 870 1081 1127 1268 1720
256 340 572 749 870 1061 1268 1967
572 870 1061 1720
620 749 870 1268 1391 1653 1967
749 1081 1720 1892
870 1061 1081 1268 1391 1967
1081 1268 1720 1967
1127 434 489 881
1268 1391 1464 1720 1797 1967
1720 1061 1967
276 1446 1834
1446 332 874
239 1231 1818
1231 1043
1818 1367
1965 1075 1676
374 442 455 914 1336
550
1345 1340
655 1353
1025 459
428 538 697 1146 1329 1570 1645 1692 1988
1027 317 697 1146 1329 1512
1570 1249 1645 1692 1788
1692 697 1249 1329 1645
1721 1722
1988 317 538 697 1146 1249 1256 1329 1645
890 1041
1316 1638
830 736 1279 1310
831 1279
1301 744 795 825 871
1043 1082 1092
1082 442
882 587 759 1172 1540 1563
920 642 1336
946 1676
1050 1202 1585 1855
1563 563 1075 1540 1698 1855
1676 1698
1419 512 1084 1678
700 1314
871 744
770
1283
1122 259 783
254 791
791 531 1583 1748
340 1960 1978
1061 1464 1797 1870 1967
1967 1391 1464
834 1065
1270
1293
1367 1749
504 1353
1353
259
261 300 569 642 1138 1826
300 1138 1565 1652
569 1247 1565 1652 1859
642 1017 1058 1333 1652 1944
1138 1565
1826 952 1773
310 442
736 795 1120
512 555 1678
744 1280
1045 1279
1279
442 1734
935 1870 1892
1653 421 1181
805 1685
952
1247 1017 1165 1518 1652
874 322 332 560 597
1300 434 742 881 1870
1317 1460 1960 1978
1640
1834
464
895 884
1314 456 1859
1629 884
1859 1884
1884 884
1054 1169
460
1219
303 341 1521
1521 341 1065 1975
538 1146 1329
1788 1233
1685 1055
1978 1340
1476 1518 1652 1999
1204 531 1552 1583 1710 1748 1816
1583 531
1165 1017
498
1932
1256 697 1146
1816
1460
455 797 914 1578
693 994 1091 1235 1624 1695 1807 1939
797 1202 1578 1807
1202 914 994 1410 1578 1939
1578 1091 1410 1438 1695 1807
1807 1091 1418 1695
1092
761
1565 884 1518
1652
1397
341 1975
1042 960 1646
1975 960
1638 960 1041
382 931
1808 919
326 371
1727 1500
516
764 666 1156 1333 1959
1548
1999
531 555
1552 1722 1748
783
843
1215 960
317 697
697 1146 1249
1340 1585 1734
1734 914 1418
322 1647
1647 695 754 1500
1780
1329 1146 1249 1645
1645
371
491 563 666
1170 1336
1710 1678
332 560 597
560 695
597 754
377
1959 919 997
1960 742 1762
1722
881
760 1333
1459
919 997 1776
1169
1233
1512
1336
1418 759 1152 1410 1444
1540 587 759 1075 1152 1235 1698
1624 1152 1235
1698 759 1075 1855
1855 759 1152
1156 1017 1776
489 635 1762
459 612
421 507 1114 1181 1400 1870
1114 859 1464
1797 507 1181 1892
1870
1748
1065
914
612 1706 1857 1992
931 960
507 1181 1464
1181
1464
1058 1055
795 1120 1310
825
1090 1310
1306 1400 1410
1655
1017
404 521 1280
521 467
1280
1850
1041
1914
1546
1992
1576 1333
1944
1400
456 1087 1401
960 1646
1146
434
1249
994 1091
1438 1152 1695
1518
1776
884
1401 1087
1773
1087
1310 1120 1457
467 1084 1551
1084 1178 1551 1678
1551
742
1055
635
1762
563 1333
666 587
997
1075 759
555 1678
1678 1178
759
1235 1410
1444 1172
1172
1410 1091 1695
1695 1091 1939
1178
840
695
754
1500
1333
1013
1613 1619
1585
1619
1749
587 1152
1152 1091
1706 1857
1857
1646
1391
1491
1091 1939
1939
1120 1457
1457
1892 859
859
1327
937
1777
