0 41 42 198 216 222 254 355 378 573 675 698 740 803 813 841 932 961
41 404 553 673 698 793 814
42 142 219 222 355 491 503 511 673 675 740 793 803 814 856 866 961
198 37 216 251 355 491 527 716 722 740 813 814 932 961
216 37 222 242 251 300 573 657 740 803 813 866 932
222 254 256 497 527 573 740 745 803 813 961
254 243 309 310 313 330 382 491 511 527 641 645 735 791
355 37 503 573 701 841 961
378 2 22 34 162 242 268 310 363 377 382 396 433 514 657 675 701 767 846 888
573 37 286 497 675 722 740 793 813 932
675 491 503 698 740 793 841 961
698 404 527 553 793 803 932 993
740 219 316 382 645 673 735 803 813 961
803 219 527 684 866 961
813 123 145 286 363 536 673 841 961
841 527 722 866
932 37 427 497 722 735 961
961 330 497 866
1 7 60 66 115 134 182 269 317 391 410 516 546 548 646 654 671 699 721 750 751 763 776 850 868 889 966 996
7 82 110 133 439 495 562 583 665 671 685 687 692 711 827 845 850 870 899
60 102 117 201 295 362 389 443 474 502 595 646 650 653 687 700 843 849 864
66 4 19 44 389 445 478 521 582 653 707 825 843 872 949
115 182 217 373 394 460 463 468 508 516 522 558 562 575 624 655 671 751 800 817 838 939 948
134 28 29 82 303 373 399 407 430 460 646 666 817 907 939 966
182 56 63 82 135 186 303 348 410 468 508 558 559 561 655 666 670 671 751 858 870 907 939 948
269 69 96 212 258 266 280 297 299 376 454 578 619 640 672 727 790 854 933 967
317 96 167 217 294 299 311 470 481 504 524 567 578 585 639 655 663 678 696 727 764 780 868 879
391 61 63 110 122 138 213 245 261 335 454 507 516 546 548 562 620 670 759 786 810 875 889 913 919 965 966 990
410 110 295 366 375 430 457 460 522 596 655 666 671 797 843 844 872 892
516 121 138 186 213 444 651 655 670 751 800 844 917 965
546 245 328 335 463 468 687 699 823 838 870 889 903 943
548 24 105 138 167 217 284 294 400 468 470 478 523 620 655 665 730 759 782 913 917 976
646 82 135 178 285 295 338 375 399 460 507 552 595 596 666 669 844 849 948
654 122 186 204 460 474 532 543 595 596 804 830 843 934 955 985
671 63 82 138 319 349 399 519 522 552 685 797 800 817 844 862 959
699 213 266 301 311 328 620 624 663 665 676 736 850 875 917
721 16 39 127 143 194 253 308 390 445 642 737 825 894 935 974 980
750 11 89 93 135 272 283 450 453 584 692 723 747 817 948 982 983 987
751 110 245 285 335 345 494 562 655 672 709 759 763 843 939 966
763 16 122 159 366 390 394 507 650 804 843 958 974 985
776 13 68 249 257 368 406 416 465 712 725 978
850 121 190 238 348 561 619 706 736 759 875 883 902 923
868 122 252 434 447 493 522 523 532 533 635 670 802 889 894 958 991
889 61 121 213 301 463 464 522 523 567 620 655 759 854 883 917
966 11 110 245 287 301 303 328 558 759 812 815 907 952 987
996 186 285 301 394 522 533 595 670 759 797 804 823 844 939 948 985
2 48 120 126 140 282 363 408 437 455 467 510 528 611 641 694 770 778 798
48 59 270 425 478 528 572 609 642 662 739 795 846 909
120 47 50 81 166 194 231 241 321 420 683 693
126 59 64 116 127 195 221 235 357 384 388 421 458 471 514 571 734 737 816 835 878 882 969
140 24 116 149 231 247 248 313 363 392 455 458 480 611 739 770 884 942 969 999
282 21 27 123 180 247 292 313 336 363 452 535 589 594 770 969
363 18 27 71 180 292 336 467 590 770 778 791 792 829 884 942
408 21 30 163 172 241 252 398 420 447 464 529 565 605 610 693 967
437 73 256 314 499 511 528 590 645 657 741 765 856 953
455 21 27 71 247 309 313 336 594 770 781 796 798 884 914 927 942 969
467 12 27 144 247 270 433 681 694 778 781 791
510 6 101 116 247 268 292 589 611 641 645 657 694 767 770 778 829 846 969
528 176 314 425 427 511 536 645 657 662 741 765 795 888
611 24 27 92 231 241 264 371 401 428 440 473 475 511 517 578 605 628 632 770 774 798 833
641 101 243 248 256 268 290 292 309 314 433 452 594 681 796 846 969
694 71 123 242 247 313 419 433 683 722 745 769 770 799 829 852 940 969
770 12 24 144 336 339 401 589 739 773 778 942
778 4 27 92 101 107 247 290 313 330 392 433 594 701 739 829 884 927
798 108 177 458 542 589 594 693 790 882 884
3 87 93 98 170 185 199 250 318 386 416 555 581 638 647 689 692 712 837 838 845 860 899 903 923 954
87 13 28 45 93 185 236 249 272 360 369 386 416 453 460 508 555 638 692 711 923
93 45 51 109 223 228 238 257 342 416 501 597 725 744 837 845 859 883 899 903
98 68 109 249 250 257 333 342 360 415 424 450 621 840 845 903 923 978
170 133 448 450 624 651 665 685 706 899 903
185 13 109 214 249 333 416 453 539 600 695 711 736 744 837 845 883 903 923 944 954 959
199 68 109 227 249 360 386 539 555 575 647 676 711 712 744 834 837 840 954
250 51 109 223 228 328 348 359 453 719 725 771 837 845 903 960
318 100 117 272 283 369 397 416 450 539 603 647 685 692 834 840 860 862 881 923 982 983
386 13 228 368 406 416 501 539 555 597 638 656 712 837 840 845 859 862
416 11 35 109 125 151 333 375 381 501 512 539 811 840 911 924 954
555 368 450 486 539 568 600 616 637 689 706 923 944 954
581 13 28 51 109 178 228 335 360 368 501 597 638 725 837 859 899 903
638 94 214 228 257 333 342 415 602 689 744 811 840
647 193 360 453 539 600 634 651 686 689 837 881 899 903 911 954 972 987
689 214 236 342 486 616 725 811 837 845 954
692 11 234 283 360 685 723 881 924 959
712 28 227 228 249 368 381 406 626 637 838 844 899 903 943
837 94 109 333 360 512 539 744 840 845 859 923 954
838 11 51 223 228 415 439 450 501 539 583 584 591 608 624 665 860 883 903
845 13 63 68 109 342 368 424 439 441 453 539 563 600 626 634 719 824 972
860 11 82 228 272 283 347 360 439 453 468 584 686 736 834 859 881 972
899 109 190 228 245 249 359 381 450 468 651 674 686 725 736 883 903 943 978 987
903 56 109 228 335 360 368 501 624 626 676 733 859 911
923 45 109 249 368 406 424 600 840 859 978
954 13 333 347 415 597 634 840 978
4 16 225 388 394 492 543 552 582 670 804 864 894 913 917 947 973 974
16 62 159 253 271 373 444 532 543 552 635 730 786 792 825 839 843 949 958 973 974 984
225 10 95 113 128 212 237 297 348 517 578 629 693 708 727 871 891 991 992
388 24 105 221 235 321 352 529 533 571 734 957 973
394 122 301 366 434 457 474 492 552 653 700 786 802 843 872 934 958 995
492 84 143 373 434 466 521 529 544 623 677 700 730 783 839 872 887 931
543 167 200 252 271 308 390 434 457 478 532 635 636 786 800 935 973 974
552 127 285 373 445 575 635 737 786 792 894 958 985
582 44 122 169 230 271 390 434 445 457 521 648 660 832 839 931 963 964 974 995
670 61 77 213 245 285 319 366 373 445 457 460 463 507 561 635 709 759 800 843 894 913 947 965 987
804 122 271 366 389 434 445 474 493 618 653 700 800 843 958 976
864 83 100 205 302 389 426 502 531 703 726 785 812 858 955
894 30 39 194 271 285 310 390 395 444 445 493 529 532 588 635 802 819 913 947 958 998
913 159 294 296 319 395 463 493 504 522 529 635 672 730 737 786 921 929
917 138 159 167 190 213 217 285 299 441 454 463 481 504 523 591 620 672 759 800 965 976 990
947 143 153 287 301 310 366 434 466 478 494 522 533 737 825 882 949 963 980 985
973 34 39 127 143 194 287 308 466 648 700 730 786 822 848 878 949 967 974 980
974 34 194 201 253 287 308 366 466 529 532 544 567 786 825 909 931 935 949
5 35 249 359 608 719
35 223 227 495 563 591 624 676 720 725 736 764 787 950 960 986
249 13 68 368 424 453 468 568 624 626 656 685 686 881 978
359 13 223 227 228 381 439 597 603 656 719 863 943
608 227 228 501 626 764 950 972
719 223 381 424 583 656 863 950 978
6 73 99 129 142 145 229 324 346 530 772 795 888 953 963
73 36 38 62 123 273 274 421 425 511 530 549 648 657 662 677 688 772 795 888 953
99 34 36 142 145 208 211 274 765 772 801
129 229 476 579 717 772 801 905 984
142 145 211 274 324 346 372 503 801 993
145 251 324 491 722 793
229 38 58 123 161 208 230 315 325 356 496 714 772 856 878
324 9 38 161 256 346 367 404 772 878 888
346 274 316 325 384 756 772 905
530 53 62 219 298 316 377 499 536 566 579 625 639 642 717 856 949 953 984
772 58 274 314 372 421 443 714 765 768 801 876
795 38 58 62 144 421 469 609 662 825 888 935
888 62 64 78 116 307 382 425 491 511 549 590 688 741 749 765 876 878 909 935
953 62 64 256 314 325 338 377 425 466 499 511 579 662 741 749 765 957
963 44 46 169 174 201 220 341 351 413 541 544 564 623 707 872 964
82 110 133 135 192 197 272 295 439 504 650 655 687 823 844 862 948 955
110 11 61 221 328 335 441 508 562 759 800 818 843 972 990
133 11 213 266 303 453 583 656 706 733 736 823 919
439 196 369 468 501 583 591 663 870 883
495 96 121 148 190 299 328 348 554 619 640 663 764
562 46 135 297 303 335 460 463 524 561 624 640 810 862 870 990
583 11 190 272 303 337 468 569 651 723 736 883
665 11 121 190 227 297 348 561 591 603 624 854
685 11 151 262 272 575 669 815 823 907 911 987
687 63 117 178 204 234 295 348 375 397 430 508 519 524 558 575 669 762 817 844 862 907 916
711 28 109 228 283 333 347 360 450 501 537 539 584 597 634 723 744 881 911
827 28 86 137 263 407 526 554 580 591 612 663 727 736 842 897 933
870 63 196 217 238 335 345 569 575 651
8 31 80 83 117 146 205 281 302 303 385 399 432 461 537 601 703 858 946 989
31 171 215 289 436 482 509 601 613 650 703 766 849 885 886
80 74 83 88 102 146 200 205 281 385 389 426 556 601 606 650 703 762 818 849 872 885 892 925 989
83 74 204 215 375 399 429 461 502 559 650 710 762 797 805 812 887 890 892 908 983
117 29 100 135 205 502 595 666 800 812 857 858 939
146 43 100 130 132 156 165 187 334 426 429 435 489 505 531 667 830 885 887 918
205 88 197 295 397 442 461 519 666 869 916 925
281 74 302 312 426 432 435 442 601 818 844 890 925 946 982
302 15 173 312 349 442 559 691 869 890 989
303 63 328 397 460 508 519 561 596 810 881
385 197 288 337 344 426 644 857 989
399 56 102 135 197 295 375 468 502 508 519 666 817 823 832
432 28 56 63 197 288 426 442 601 613 858 890 912 925 939
461 100 186 276 435 442 556 613 703 723 762 812 823 849 887 925
537 88 262 397 508 723 869 982
601 74 88 173 215 556 613 762 818 858 908 946 962
703 85 178 276 380 429 442 556 604 606 613 667 762 805 849 885 946
858 276 635 650 666 705 709 785 812 939 958 959
946 43 74 556 669 762 908 916 925 962
989 43 88 173 262 337 397 426 442 644 812 869 916 983
9 169 315 325 341 496 541 560 625 636 697 700 758 760 821
169 39 44 53 287 341 351 445 541 544 636 648 660 697 786 794
315 112 273 402 587 714 717 768 856 988
325 274 496 579 609 688 697 714 717 765 988
341 25 201 351 390 413 444 521 609 660 865 995
496 53 210 307 476 541 544 625 636 697 714 717 856 909
541 44 152 203 268 338 443 544 572 579 625 636 754 856 865 935 955 964 981
560 52 307 358 372 402 757 794 981 988
625 38 58 293 298 384 499 506 579 677 688 784 856
636 44 152 161 220 230 351 521 538 572 579 586 609 697 758 760 865 988
697 53 152 161 210 230 273 384 714 717 757 794 807 909
700 19 84 178 200 201 265 345 362 525 595 653 785 797 812 934 955 964
758 162 203 273 293 326 343 384 506 688
760 53 152 194 202 384 449 536 586 754
821 39 44 57 59 203 220 273 343 361 370 445 660 839 964
10 69 131 155 280 487 517 520 554 612 629 678 680 727 733 755 854 873 928
69 95 131 155 266 487 526 554 626 629 663 704 873 910 933
131 55 96 111 128 155 261 306 383 523 526 629 780 992
155 75 113 128 184 188 189 258 383 407 520 629 732 787 880 928 933 991
280 20 77 91 108 206 212 306 339 374 479 500 615 628 704 779 788 836 851 867 945
487 26 55 75 118 128 175 183 237 255 267 305 438 472 585 680 696 704 732 779 853 897 910 991 992 998
517 26 50 206 398 464 585 605 612 732 761 780 788 853 971 991
520 340 383 488 607 627 649 690 731 732 933 986 992
554 299 311 328 400 407 441 454 523 580 591 619 676 733 853 937
612 30 114 296 374 395 447 542 603 659 661 704 761 853 910 951 991 998
629 86 113 266 323 526 563 630 663 733 873
678 111 190 212 463 523 578 663 704 743 854 921 937 941 965 991
680 55 128 212 237 255 263 526 557 627 658 696 732 782 787 851 891 928 956 992
727 49 86 113 441 524 526 672 706 854 873 910 943
733 261 266 448 569 599 624 659 661 676 720 736 787 824 937 950
755 217 255 526 696 761 779 891 937 991 998
854 51 183 212 376 524 779 891 941 971 986
873 86 96 297 400 488 494 526 567 569 658 663 720 842 891 928
928 14 233 237 383 488 498 630 682 696 732 871 979 991
11 342 347 368 450 468 575 634 823 862 863 907 972
342 45 109 124 125 275 333 453 634 695 725
347 147 333 360 414 450 501 575 686 723
368 28 626 686 725 840 881 883 991
450 28 63 283 333 360 512 584 597 602 695 744 815 824 881 883 982 987
468 63 272 360 507 512 575 723 817 907 939
575 56 335 430 512 561 987
634 94 124 125 333 373 486 563 626 674 806 912
823 89 102 178 186 558 559 815 817 959 987
862 236 238 262 360 369 558 669 830 907 987
863 51 56 223 257 381 465 656 978
907 63 89 100 178 234 272 375 441 501 561 666 669 817 911
972 63 228 236 337 360 397 924
12 81 105 172 264 401 458 577 594 628 684 781 914
81 47 166 292 313 420 577 589 769 927
105 30 75 153 217 294 296 398 444 464 470 471 526 659 661 672 759 761 780 967 971
172 21 49 76 114 118 177 264 339 419 610 790 822 951 967
264 50 107 226 231 321 332 396 401 418 464 535 628 748 774
401 18 62 107 231 241 296 332 418 420 632 633 753 774 884 927
458 21 22 27 101 314 357 396 514 668 767 896 957 969 993 999
577 18 77 92 419 753 914
594 22 65 71 101 292 371 452 589 632 657 681 745 796 835
628 50 91 240 320 327 332 418 540 565 576 589 605 615 661 704 748 773 828 999
684 163 180 387 475 479 490 535 661 999
781 47 71 336 357 668 942
914 18 162 180 278 387 668 969
13 28 68 227 406 424 626 859
28 124 262 283 360 584 603 744 881 983
68 448 477
227 51 258 297 563 624 656 736 764 815 824 842 943 950
406 228 257 333 626 674 859
424 111 381 736 943
626 223 600 637 656 674 764 834 881
859 45 539 656 725 960 978
14 33 168 261 400 441 580 764 842 880
33 32 106 175 218 279 405 438
168 55 95 266 279 383 488 526 720
261 96 258 400 407 526 580 619 720 736 777 787 943
400 111 137 148 456 488 526 855 880
441 61 121 138 148 190 263 285 348 522 523 563 567 640 658 759 875 939 943 991
580 96 111 121 137 179 279 306 456 488 640 663 676 706 787 875 880
764 109 223 448 513 591 686 883 912 950
842 95 179 263 331 405 407 720 787 826 855 891
880 137 448 603 978
15 262 337 369 559 857 959
262 89 173 312 414 442 559 602 616 747 857 869 912
337 89 426 512 616 723 817 883 944
369 147 193 512 539 744 811 911 912 924
559 276 312 349 426 442 650 723 869
857 414 982 983
959 63 135 272 349 524 669 815 987
62 64 176 256 273 286 298 316 469 511 549 734 741 876
159 297 373 466 478 493 522 571 588 609 786 802 819 958
253 127 153 271 419 444 470 529 648 737 935 949 958 976
271 310 390 532 533 596 635 639 660 783 786 800 802 832 839 848 958
373 319 390 434 493 522 839 895 939
444 108 127 301 395 529 532 533 659 737 792 935 967 976 980
532 34 143 217 285 493 523 635 819 825 843 958
635 201 466 547 935 958 965
730 127 217 252 294 310 466 474 493 533 759 802 819 976
786 127 143 284 301 310 434 445 466 478 578 839 930 931 949 958 985
792 64 235 357 367 639 734 852 878 931 935 957 984
825 39 64 122 194 308 352 434 474 533 648 807 819 839 949
839 59 143 161 204 287 506 653 931 964
843 217 366 390 457 463 466 478 934 985
949 34 39 287 308 310 367 377 413 466 494 515 653 784 934 935 957
958 434 463 466 533 800 930
984 34 59 194 235 270 294 338 361 395 443 466 586 648 662 807 878 895 909
17 67 119 157 291 323 393 438 459 484 690 752 956
67 175 183 260 267 277 291 323 411 438 475 484 652 731
119 32 106 128 164 184 207 218 422 459 484 526 576 607 652 682 731 732 956 986
157 54 164 393 405 498 607 614 652 752 926
291 97 154 175 224 260 267 277 322 329 409 411 500 576 593 615 748 851 956 968
323 75 95 154 175 183 224 226 232 340 350 422 464 488 498 557 576 649 732 851
393 164 260 322 405 459 500 652 731 752 956
438 106 154 260 267 411 422 484 500 576 598 652 664 696 831 920
459 54 106 209 340 405 409 411 498 593 598 614 731 926
484 106 277 279 322 409 422 500 598 731 926
690 183 184 207 209 322 411 498 526 607 732 879 956
752 106 209 218 472 614 731 902
956 106 175 188 207 260 322 376 422 498 565 593 598 649 731 851 853 871 945 992
18 92 149 241 332 428 748 774 833 884
92 97 149 231 387 475 540 693 746 748 773 774
149 21 339 371 418 428 440 535 540 664
241 91 352 480 589 679 774 884
332 24 50 177 231 296 473 507 565 589 615 822 831 833
428 50 226 278 371 418 518 535 788 833
748 97 107 141 150 166 177 418 540 664 753 773 828 836 848 867 884 902
774 166 206 231 535 542 833 927 951
833 49 97 114 166 177 183 231 232 278 339 409 418 589 610 664 753 773 788
884 50 71 101 247 248 589 645 668 836 848
19 143 201 434 623 783 785 872 955 964 995
143 287 434 478 521 533 623 639 648 784 895
201 84 171 200 365 389 390 474 545 547 550 587 588 623 639 666 766 797 985
434 39 194 390 466 474 478 493 588 623 655 759 785 872 931
623 100 366 390 588 653 660 785 832 929 934 964 995
783 122 135 191 192 220 351 356 365 389 547 653 829 893 995 997
785 100 122 334 366 429 525 534 595 644 906 925 929 955 975 982
872 366 389 390 457 521 522 618 666 707 929 964 995
955 84 122 186 217 366 389 457 588 595
964 220 521 572 707 995
995 39 44 84 121 220 367 413 550 587 707 934
20 26 76 118 141 163 166 206 212 226 327 339 419 440 542 593 704 746 753 836 867
26 86 107 128 183 224 322 374 446 494 593 659 661 742 759 853 897 998
76 75 113 141 320 471 542 565 605 610 679 753 780 790 819
118 49 77 153 163 206 226 231 320 339 418 419 475 542 605 742 753 761 828 897 951
141 49 97 107 108 226 232 278 409 418 440 479 540 633 746 788 867 968 971
163 114 154 166 206 374 447 585 659 704 708 742 779 782 853 920 951 998
166 77 226 231 292 306 440 471 475 610 632 664 753 773 829 945
206 77 97 107 128 232 306 387 472 610 633 704 779 836 945 951 971
212 167 217 237 267 374 398 419 524 578 585 672 743 848 910 921 937 986 991 998
226 77 97 107 150 232 322 327 518 535 633 664 742 788 836 867 977 998
327 77 150 278 339 518 746 788 867
339 107 154 267 320 420 440 557 598 605 779 836 937 951
419 77 86 177 447 479 659 779 782 788 879 971
440 107 471 542 593 605 610 664 761 828 836 967
542 50 177 231 320 471
593 40 128 154 184 207 260 267 277 322 340 418 479 518 557 615 742 828 831 874 968
704 49 77 91 95 154 183 266 320 329 447 524 605 607 708 853 879 945 951
746 75 97 232 306 422 475 518 557 576 633 789 836 992
753 50 77 256 320 490 540 664 828 836 867
836 49 91 114 232 306 515 518 615 664 773 867 945
867 40 49 97 107 232 418 490 540 605 615 664 788 828 853
21 24 195 767 799 852 882
24 395 420
195 248 396 433 693 852 930
767 352 384 433 452 679 822 829
799 108 116 162 235 471 515 835 852 895 940
852 59 64 235 447 515 549 572 579 639 648 734 737 835 878 900 909
882 59 127 235 296 357 433 681 802 878
22 65 123 221 256 268 290 314 330 382 396 421 536 590 645 741 745 791 793 816 846 896
65 116 180 452 668 681 683 722 739 791
123 144 162 219 242 268 309 330 716 745 876 940
221 34 38 308 310 357 586 930
256 162 176 290 367 421 590 645 673 734 816 896 940
268 38 59 162 243 290 314 511 745 769 957
290 27 36 248 309 536 681 739 765 769 896 969
314 298 421 469 645 749 878 896
330 38 144 243 427 452 645 739 791 896 940
382 37 219 427 511 536 590 657 745 791 940 993
396 50 433 514 769 909 957
421 47 176 499 511 536 572 586 590 642 645 657 835 846
536 36 38 219 242 286 298 491 662 673 846 876
590 162 367 469 549 645 741 807 816 846 896
645 309 940 999
741 36 59 161 162 287 298 367 443 511 549 642 662 677 865 876
745 242 243 247 286 452 553 657 681 735 896 940
791 144 180 701 796
793 219 251 286 298 300 503 553 673 716 765 814 866
816 59 352 514 632 807 935
846 59 219 235 242 876 900
896 243 298 443 469 491 716 749 829 957
23 158 191 304 403 412 449 545 729
158 191 210 304 326 403 412 592 768 922 936 938
191 136 160 370 403 462 534 574 808 898 918 994
304 46 136 139 160 403 449 702 718 726 775 898
403 72 136 202 289 370 551 728 729 754 775 893 938
412 160 246 538 545 574 622 775 847 918
449 104 293 506 538 547 592 724 756 865 904
545 103 136 139 534 551 592 715 726 918 922
729 25 46 244 370 462 474 551 728 809 994
395 30 153 252 296 398 420 515 529 610 737 921 930 980
420 108 240 248 473 515 632 790 822 848 927 967
25 181 202 230 244 326 370 417 505 525 592 622 726 728 893 970
181 46 202 203 370 506 617 644 738 794 832 893 938
202 112 203 326 370 509 525 587 604 618 705
230 161 384 476 609 642 660 688 714
244 112 156 334 364 370 379 808 893 904
326 46 112 192 210 358 370 506 550 588 728 936
370 46 72 112 356 534 551 592 622 705 738 877 893 904
417 132 165 334 380 423 482 483 574 604 705 738 820 847 886 898 915 918
505 356 364 423 429 451 485 509 570 618 631 644 705 938
525 171 192 220 631 709 830 901 906 997
592 622 938
622 72 617 726 775 809
726 72 132 139 160 705 775 922
728 203 356 489 808 809 820
893 112 165 246 293 354 356 445 451 509 521 547 587 705 877 938
970 85 90 132 165 246 334 379 485 489 604 691 766 809 820 877 886 887 915 975
86 113 196 263 266 488 651 672 779 780 810 824 910 943 991
107 97 175 320 471 565 615 664 693 853 971
128 77 95 224 258 607 696 851 952 992
183 75 95 175 255 260 305 340 479 507 658 661 696 708 968
224 75 232 263 329 598 682 732 851 945 986
322 54 154 277 405 409 488 831 891 926 945 968
374 95 306 409 447 470 479 708 742 779 879 951
446 40 77 79 150 188 329 431 475 789 920 986
494 121 138 167 299 481 504 507 567 585 659 672 780 810
659 30 114 153 299 447 464 565 620 743
661 284 526 708 732 851 853 879 910 921 951
742 55 75 95 305 320 472 479 557 773 851 879 910 986
759 61 138 153 217 284 285 297 319 328 463 567 779 802 965 976 990
853 184 255 708 761 779 780 945 951 991 998
897 95 184 266 299 305 383 488 607 658 696 732 761 891 933 991 992
998 167 255 464 479 504 658 779 790 992
27 292 336 392 739 796 829
292 144 231 668 739 829 969
336 71 247 313 480 668 683 942 969
392 247 796
739 47 162 313 433 668 942 999
796 452 683 942
829 71 162 243 313 357 433 549 681 734 957
124 45 275 333 415 486 568 600 621
283 151 501 512 695 815 912 983
360 109 512 597 695 924
584 109 125 453 501 597 744 881
603 111 448 624 736 771 824
744 151 272 674 695 834 924 944
881 228 501 563 883 933
983 56 173 193 319 349 501 602 723 747 815 890 912 924
29 84 100 122 204 334 389 519 762 844
84 186 215 365 653 691 709 849 929 965
100 186 265 365 547 550 800 849
122 366 389 457 595 596 709 797 934 939
204 375 389 460 558 561 934 939
334 102 130 265 276 356 364 485 509 564 604 644 877 885 901
389 200 474 550 666 892
519 88 89 102 135 186 295 375 460 485 502 556 558 596 606 666 709 962
762 215 234 429 556 650 830 849 885 890 962
844 561 596 669 797 948
30 235 252 352 466 578 737 743 761 780 819 971 980
235 39 116 240 242 298 321 357 679 835 900
252 127 217 398 565 619 737 822 919 976 980
352 127 194 240 308 310 361 366 478 533 865 930 967
466 64 194 240 308 478 533 895
578 108 153 167 237 481 523 524 585 672 720 761 790 921 976
737 114 366 470 515 565 934 976
743 113 153 237 284 464 504 761 819 910 921 971
761 49 75 153 296 398 464 470 471 481 523 565 605 708 780 790 910 921 991
780 153 255 297 398 470 610 672 779 790 921 937 952
819 61 190 294 310 493 507 508 533 567
971 49 108 167 217 231 398 464 565 569 921
980 108 240 472 515 529 533 610 679 930
171 85 354 365 550 570 644 691 709 929 985
215 130 165 187 380 489 667 766 805 877 885 890 908 938
289 74 139 156 187 362 379 380 451 574 643 644 667 805 915 997
436 90 156 165 379 380 429 485 489 534 564 574 631 643 691 718 738 766 877 887 901 915
482 239 259 715
509 103 354 402 451 457 550 574 832 877 901 906 929
613 502 550 564 805 818 892 916
650 89 276 295 375 502 595 666 667 812 849 892 908 939 962
766 85 265 691 805 886 887 975
849 130 451 556 738 805 885 887 892
885 43 130 239 380 531 570 606 644 691 877 886 901 975
886 130 132 156 379 423 489 564 604 631 643 805 887
32 279 305 405 498 652 682 732 986
279 189 233 340 376 607 630 682 696 851
305 55 113 383 498 607 696 732 782 851 879 891 933 990 991
405 106 209 267 398 652 682 731 910 926 986
498 184 340 350 383 607 682 696 891 910 933
652 54 164 175 411 598 731 926
682 175 207 340 598 731 992
732 55 260 383 607 649 696 891 986
986 55 184 233 340 383 479 526 649 851 891
106 54 831
175 40 95 209 260 411 598 731
218 209 500 607 731 777 902
34 248 310 377 425 499 566 769 878 895 967
248 50 321 589 927 951
310 64 127 240 321 529 822 930 935 976
377 270 273 338 361 443 544 566 586 618 648 734 769 807 865
425 308 413 572 579 639 749 807 865 909
499 38 59 64 298 316 372 476 511 549 579 586 642 677 909
566 153 174 273 287 307 572 579 609 717 878 909
769 162 243 427 469 571 940
878 44 64 152 270 443 544 586 639 749 784 807 909
895 174 200 287 293 308 390 648 807
967 50 240 308 565 909
223 228 453 637 771 950
563 61 96 148 228 297 311 448 591 651 706 736 771 824 943 960
591 258 297 311 328 348 569 599 619 706 736 771 824 943
624 138 179 311 651 736 771 787
676 109 121 196 297 348 448 488 706 713 787 960
720 137 190 196 348 407 448 488 599 640 787 826 979
725 109 111 196 228 619 686 924
736 137 245 348 454 771 824 826
787 179 255 263 407 696 871
950 228 263 335 381 599 686 771 810 960
960 109 137 190 448 686
36 38 78 116 219 316 469 662 765 940
38 58 298 469 511 572 677 765 801 876 905 909 988
78 211 905
116 59 240 357 469 835 900 940
219 286 316 491 503 553 657 681 993
316 298 300 372 469 765
469 101 176 286 404 765 905
662 58 717 835 909 993
765 58 298 511 553 642 734 905 940 957
940 242 309 657 722 735
37 242 497
242 101 176 427 452 722
497 251 427 527 722 735
58 152 161 194 270 273 443 549 572 579 688 749 807 865
298 273 511 639 677 993
511 549 856 900
572 152 286 443 544 579 609 642 688 856
677 208 384 476 549 579 639 768 876
801 476 876 905
876 372 586
905 211 274 372 717
909 53 270 274 361 609 642 648 856
988 208 307 714 717 756 757
39 194 287 308 544 586 707 931
194 338 445 571 931
287 44 152 308 390 445 586
308 127 138 321 338 571 639 708
544 174 351 506 579 648 865
586 59 64 270 609 642 717 734 807 835 900 935
707 104 390 445 595 653 790
931 44 174 285 351 361 366 413 445 464 474 653
40 79 150 154 164 188 267 277 329 431 500
79 91 150 260 278 329 518 540 615 831 920
150 188 409 902
154 50 137 207 267 472 557 789 831 851 945 951 968
164 431 472 557 614 926
188 95 306 350 851 902
267 49 55 184 207 277 350 557 598 615 627 779
277 209 306 329 409 422 777 874
329 431 479 576
431 260 278 472 475 540 633 788 920 977
500 209 260 607 968
404 251 300 491 716 866
553 251 300
673 251 274 491 503 993
814 452 716 866
491 251
503 309 427 993
856 53 152 208 210 307 384 476 688 714 717 794 981
866 176 657 993
43 74 130 197 288 380 426 429 435 556 669 830
74 435 606 812 890 908 948 962
130 156 187 362 435 574 643 805 830 901
197 349 669 869
288 312 489 556 606 818 890 908 916 925
380 187 246 265 379 429 521 564 570 644 667 929
426 88 312 349 435 442 602 644 892 962
429 276 485 531 570 631 644 812 830 887 915
435 187 430 564 691 830 892 908
556 90 276 531 550 830 890
669 178 272 397 430 442 651 815 982
830 156 354 451 570 667 818 901
44 53 273 338 351 413 445 521
53 52 57 152 161 174 203 210 273 338 343 367 384 717 794
273 152 161 293 358 361 384 587 981
338 152 174 270 443 445 653 714 784 865 957
351 174 217 413 445 660 768 784
413 220 587 865
445 366 457 588 595 618 639 653
521 52 186 220 293 906
45 94 275 415 477 840
94 214 275 415 486 539 568 600 621 674
275 214 486 600 616 621
415 214 477 486 840 978
477 214 513 621
840 125 193 257 381 465 674 811
46 104 112 353 506
104 343 904 936 997
112 343 534 644 929
353 293 538 754 904 981
506 57 203 210 293 343 476 609 756
47 71 480 693 969 999
71 144 480 681 927 999
480 97 313 722 942 999
693 321 357 398 571 589 610 822 930
969 589 609 668 681 683 735
999 387 589 927 942
59 361 679 734 822 835 865
270 296 443 639 734 749
478 127 463 474 522 784 935 985
609 64 161 293 361 443
642 174 384 443 639 807 835
49 77 97 231 232 260 306 320 490 615 773 945 951
77 55 61 75 207 232 306 418 422 479 557 610 615 874 891 937 945
97 232 278 475 479 518 535 633 788
231 177 321 447 535 610
232 278 490 615 828
260 306 411 422 479 696 831 879 926 968
306 472 615 879
320 114 180 296 398 418 471 605 610 615 951
490 177 518 535 540 557
615 75 422 479 664
773 207 418 475 664 927
945 50 255 278 479 951
951 177 207 605 649
50 177 464 473 610 788
177 418 471 473 518
464 108 114 296 398 679 708
473 114 296 418 514 515 679 822 848
610 91 108 470 471 605 828 848 957
788 91 278 418 447 518 633 664 831
51 109 228 508 539
109 381 656
228 597 637 883 987
508 121 213 234 335 375 460 558 596 939
539 333 453 924 978
52 57 152 208 307 361 402 714 756 757 794
57 307
152 161 220 688 768
208 384 476 768
307 358 384 402 688 714 756 981
361 174 688 714 794
402 210 358 538 757 794
714 161 384 476 768
756 293 757 981
757 981
794 161 293 717 768
161 587 639 717
174 274 384 443 784 807
203 343 660 985
210 343 384
343 372
367 64 514 579 734 835 935
384 717
717 768
54 472 777 789
472 55 75 411 614
777 598 607
789 209 902
55 75 708 879 891 910 992
75 114 196 557 790 879 933
708 113 237 294 447 470 605 663 779 910
879 95 340 409 471 605 663
891 184 207 383 488 649 658 731 871 968 991
910 297 407 470 479 526 658 672 937 941 991
992 255 331 383 607 649 851 933
56 89 151 193 349 397 512 723 747 982
89 88 102 178 295 375 430 442 502 797 912
151 193 344 512 806 924
193 272 414 460 512 558 602 723 747 834 982
349 102 312 335 397 430 442 666 908 916 925
397 102 234 272 502 723 810 817 892 916
512 125 147 234 333 414 695 747 815 924 982
723 238 272 558 806 815 925 982
747 234 414 430 602 911 912 982 987
982 173 442 695
443 357 784
549 300 507
579 688
688 372
749 357
807 357 481 734
865
679 240 296 471 822 848
734 64 835
822 240
835 514
102 178 301 375 430 502 596 709 817 916 934
295 88 135 178 375 502 561 595 596 812 908 948
362 186 192 276 550 570 653
474 213 366 390 460 524 569 570 595 653 802 929 934
502 186 276 666 812 908 911
595 192 200 365 423 457 709 800 802
653 192 390 457 588
61 196 523 524 655 779 810 919 965 976 990
196 96 167 190 299 311 348 524 619 640 810 875 937
523 138 148 245 284 311 454 507 567 619 810 875 948 952
524 121 454 504 507 672 782 875 941
655 96 138 213 301 335 463 567 663 810 875 919 952 965 976 990
779 95 184 237 255 855
810 121 138 167 190 245 299 319 335 463 522 800 919 990
919 96 284 299 319 454 463 481 501 522 533 567 569 800 952
965 138 190 213 328 463 481 507 533 620 941 990
976 153 213 294 507 529 533 596 782 790
990 213 245 285 407 463 507 620
64 162 321 571 639
176 286 716 993
286 716 993
63 238 335
238 311
335 297 328 558 640
162 243 639 957
321 240 782 790
571 515 522 529 935
639 127 648 784
180 101 313 668 683 701 942
452 144 243 309 527 681 701 957
668 144 247 313 683
681 101 243 309 387
683 309 313
722 247 735
411 184 422 851
475 91 278 387 418 518 540 664
731 207 263 696 831
448 348 381
95 184 255 422 696 851
266 113 153 297 407 488 526 663
526 113 258 263 488 607 696 968
663 296 407 456 941
933 376 383 630 649 696 943 979
70 103 136 259 483 702
103 259 483 617 631 643 702 715 847 898 918
136 72 160 423 534 808 994
259 160 239 364 483 574 705 738 820 847 918 929
483 356 365 574 604 710 918 922 994
702 534 710 715 898 918 922 994
144 243
927 515
72 160 462 534 574 617 710 775 820 898 938
160 139 631 775 918
462 239 246 423 534 574 617 691 718 820 918 922 994
534 239 631 724 918 922
574 564 631 805 918 994
617 187 710 724 847 938
710 132 139 239 604 775 809 877 938
775 139 265 705 724 738 938 994
820 85 246 485 631 643 691 847 887 898 915 918
898 901
938 365 423 724 808 922 994
274
648 985
657 309 716
606 312 818 869 916 925 962 975
812 451 667 892 906 916
890 165 631 805 818 962
908 265 430 818 962
948 213 345 375 430 561 802 925
962 312 667 818 869
114 284 296 565 605 672 790
557 184 479 614 633 968
790 108 447 585 632
113 108 237 299 619 658
471 398 479 481 605 851
565 296 930
605 398 447 454 930
207 184 383 447 598 607 658 968
418 371 540 633 672
422 91 184 409 479 633 831 851 968
479 607 696 828 968
874 831 968
937 237 284 294 585
211 372
91 518 977
278 409 664 831 902
518 920 977
540 828 920 977
831 576 598 851 920
920 576 633
88 430 442 558 817
200 186 187 220 265 430 570 588 596 875 887 901
818 916
892 165 915 916
925 430 442 489
313 247 387
589 247
135 178 375 430 666 797
192 365 550 551 705 832
272 414 987
504 240 294 470 481 493 533 620 672 952
375 178 213 558 596 939
797 345 379 460 463 596 666 709 800
805 85 165 246 379 485 631 667 691 718 887 975
887 156 379 451 489 877
186 178 457 906 985
365 165 547 551 564 643 705 877 929
691 165 246 354 485 489 631 643 847
709 596
929 187 547 564 570 618 832 906
85 451 564 604 643 809 901 915 975
451 165 178 246 265 354 531 570 667 738 877 901 915
564 187 379 457 485 531 644 738 877
604 90 132 246 364 379 643 738 809 877 915 994
643 90 246 379 631
809 364 808 901 922
901 132 156 165 246 364 379 485 618 631 738 877
915 379 489 644 718 847 877 975
975 156 246 379 667 877
263 233 237 258 340
488 137 190 348 713 941
651 148 255 771 991
672 153 167 233 240 921 941
824 245 501 640 706
943 111 569 597 599 706
991 237 311 470 481 569 941
236 125 147 414 806 911 944
453 597 602
460 178 276 414 558 561 596 800
430 190 561 666 875
442 616 869
558 178 561 869
817 561 616 934
178 522 832 869 939 952
912 147 344 561 674 695 834
90 156 631 715 847
156 379 423 457 644 877
631 246 485 489 718 877
715 165 364 718 918 994
847 239 246 485 718 738
977 387
387
257 465 486 568
501 486 883 911
597 148 695 800 802 883
883 686 695
214 513
486 381 568 621 674 695 978
568 621 674
600 333 621 911
621 465 513 978
674 465 944 978
184 630 649 851
255 383 696
696 383 649 828 851
851 297 630 649 926
96 121 190 299 640 706
121 190 875
190 454 522 619 620 875
299 297 311 454 619 620 640 802 875 952
640 138 179 213 297 328 569
706 599
535 576
633
333 513
978
265 529 550 570 644
547 364 423 832 997
550 390 618 906
800 319 345 596 802
101 243 433 514 716
243 309 427 433
433 309
514 957
716 309
301 138 217 245 285 319 493 522 533
596 285 345 666 939
916
934 345 390 522
918 738 994
904 358
936 139 220 356 551 724 808 861 906 994
997 423 906
153 167 217 507 585 921 941 952
217 285 294 481 529 619 620 782
294 138 567 585
296 108 167 366 398 515 782
398 108 138 470 782
470 167 585 921
664
108 240 447 632 782
240 782 848 930
447 979
632
782 802 921
381 179 686
656 179 637 686
328 245
111 148 297 599 686
148 826
297 569 619 826
599 407 855 875
686 771
644 531 618 705 877
237 258 921 941
619 138 569 875
658 649
284 213 319 507 522 585 802 900
463 138 213 245 567 620 771 875
522 245 319 457 493 561 666 802
939 345
357 127 515
900 957
666 125
828
576 409 968
607 376 598 649
875 245 319 348 569
366 390
457 985
309 427 993
125 344 616 811 834 944
344 414 465 602 616 806 834 987
616 806 834 924
811 513 695 834
834 695
944
127 138 345 529 533 921 935
138 507
345 285 561
529 493
533 515 802
921 481
935 930
258 331 627 713
952 167 454 815
476 768
187 570 877
383 189 376
132 239 246 354 485 489 718 724
239 489
246 165 379 485 489
354 220 356 423 724 738
485 165 618 877
489 356 379 877
718 165
724 139 364 551 994
213 507
407
423 705 877 994
808 364 570 738
994 139 922
137
507 620
139
247 701
942
409 598 968
968
372 300
993
784 293 587
251
165 877
531 906
667
147 602 695 806 911
602 869
695 234 911
806 414
911 173
826 179 331
371
902
924 414 815
220 587 660 802
768 981
167 567
585 481 515
941 567
189 340
379
877
614 209 350
926 209 340
922
493
588 245
802 319 567
587 358 754
957
567
660 832
570
985
173 414
414 311
209
598 649
832 705
869 312
179
701
738 551
348
561
340 630
630 233 456 627 855
649 627
906 705
350
454 620
620
551
705
930 515 848
311 771
527 735
390
618
848 515
513
300
285 245 319
481
637
771
871 979
815
987
356 754
233 627
627 331 855
234
427
364
245
735
465
331 713 979
713 456 855
312
376 979
293
358
981 861
276
319
515
569
979
538 754 861
754 861
456
855
861
