0 282 414 588 751 752
282 88 121 353 914 1088 1094 1180
414 88 194 355 359 751 948 1180
588 267 914 960 1247 1469
751 10 123 194 267 470 831 872 960
752 151 353 498
1 266 502 558 625 725 959 979 1299 1336
266 504 710 725 1172 1299 1442
502 55 310 519 538 737 942 1037 1371 1389 1442
558 50 348 430 504 625 725 1299 1454
625 50 301 348 725 779 792 1205 1264
725 32 55 511 959 979
959 618 1251 1353 1427
979 409 504 1137 1205 1226
1299 120 511 716
1336 240 310 488 701 835 1199 1298 1318 1353
2 19 438 932 1244 1415
19 1415
438 208 481 718 857 903 932 1443
932 347 353 697 863 1303 1354 1433
1244 697 801
1415 863 1303 1354
3 479 877 1111 1128 1227 1410 1479
479 45 107 1254 1266 1296
877 87 204 244 1397 1439
1111 113 204 501 1005 1076 1254 1479
1128 21 204 402 802
1227 45 56 87 107 389 391 1410
1410 113 182 492 1168 1296
1479 160 391 709 802 956 1154
4 234 484 772 788 817 917 1376 1466
234 507 623 639 1002 1298
484 678 772 1014 1344
772 103 448 572 783 1344
788 195 211 488 507 963 1344 1371
817 312 572 931 1123 1376 1466
917 178 190 211 1030
1376 275 623 737 1002 1116
1466 623 783
5 316 318 748 1302
316 372 442 748 901 1302 1444
318 155 850 901
748 138 232 442 750 1141 1302
1302 442 463 506 1141
6 247 309 717 776 786 964 1345
247 557
309 653
717 362 393 786 930 964 1152 1159 1345
776 589 930 1152 1203 1204 1221
786 23 362 743 1046 1159 1345
964 100 189 466 589 694 735 767 930 1152 1159
1345 1046 1412
7 250 326 620
250 326 505 785
326
620 514 679 1020 1193
8 105 510 1001 1167
105 261 510 722 923 1167
510 334 965 1001 1481
1001 421 1050 1297 1330
1167 261 427
9 171 298 482 602 743 1077 1419
171 482 570 1145 1370
298 130 812 875 1078 1145 1383
482 100 709 1271 1475
602 544 694 812 874
743 280 466 671 735 875
1077 279 389 402 812 1450
1419 63 862 1078 1370 1475
10 359 1059 1444
359 219 355 831
1059 166 612
1444 228 254 509 670 850 1488
11 95 660 954 1040
95 238 307 323 424 660 878
660 880 1252 1379
954 880 1243 1355 1379
1040 14 53 196 238 354 1000 1140 1174 1494
12 343 388 866 974 1272
343 212 684 739 897 906 1029
388 469 658 739 782 897 927 950 974 1029
866 315 367 579 916 939
974 579 734 927 1089
1272 64 183 315 483 906 1139 1487
13 50 140 218 716
50 301 716 789 871 981 1205
140 714 871
218 301 655 714 716 789 1205 1264 1356 1455
716 301 981 1205 1226 1264 1454
14 127 196 608 1127 1174 1477
127 59 423 500 1290 1482
196 485 1000 1477 1482
608 17 468 878
1127 53 193 296 485 574 627 972 1000
1174 296 1000 1140 1379
1477 66 80 193 198 867 1053
15 121 814 815 944 1338
121 669 872 914 1094 1338 1469
814 267 308 836 914 1094 1186 1338 1469
815 372 1003 1216
944 129 233 308 593 1165
1338 308 795 914 1125
16 856 1164 1348
856 523 551 1083 1164 1348
1164 407 446 459 726 1083 1307 1457
1348
17 483 691 950 1113
483 290 354 684 897 927 1089 1093 1242
691 238 453 468 734 839 927 1242 1312 1337
950 66 184 295 305 367 664 849 927 1029 1409
1113 68 770 775 1290 1312 1362 1482
18 514 740 957 1020
514 81 297 505 1191 1497
740 27 81 398 553 665 679 777 967 1426
957 398 661 754 1020 1095
1020 176 541 838 1110 1193
20 249 396 811 1185
249 285 334 396 606 705 778 781 837 995 1026 1185 1297
396 621 824 995 1072 1352 1464
811 35 472 971 995 1374
1185 334 606 824 910 996 1142
21 181 182 495 501 862 1076
181 22 492 507 657 1076 1144 1411
182 204 1005 1076 1254 1411
495 386 518 693 976 1066
501 614 802 977 1197
862 224 381 389 1198 1271
1076 187 204 693 1254 1448
22 614 977 1054
614 174 503 607 709 769
977 255 1054 1116
1054 436 512 607 634 1429
23 42 273 596 685 828 1476
42 828 1476
273 179 587 598 1476
596 362 522 828 1315
685 45 828 840 1324
828 340 362 393 598 1265 1351
1476 568 587 659 1159 1364 1470
24 416 433 728 968 1092 1241 1297
416 158 390 552 793 999 1012 1170 1369 1375
433 122 585 1241 1311
728 405 591 968
968 1092 1121
1092 272 573 1050
1241 272 733 1050 1311
1297 122 531 708 876 898 1050 1155 1314 1327
25 210 512 860 1022 1136 1187
210 360 397 832 1022 1136 1187 1231
512 342 441 499 1015 1273 1471
860 131 526 637 645 1052
1022 245 264 360 368 464 626 1490
1136 192 935 1187 1394 1458
1187 192 351 368 1052 1211
26 100 221 338 428 544 762 1058 1129 1441 1451
100 141 313 426 1117
221 141 313 544 864 1134 1475
338 325 332 570 713 1058 1207 1335 1343
428 325 839 1135 1306
544 313 630 1145 1475
762 313 713 1078 1221 1331 1441
1058 742 760 1027 1221 1357 1378
1129 277 653 947 1221
1441 84 141 456 713 1051 1357 1474
1451 62 144 350 425 601 653 1027 1206 1357 1378
27 83 516 647 777 913 1130 1191 1328
83 603 784 929 1280
516 48 128 406 1143
647 764 777 966 1328
777 754 966 1373
913 71 371 399 1438
1130 106 955 1368
1191 399 665 754 973 1426 1497
1328 242 458 754 785 1420
28 111 628 887 1052 1098
111 164 270 427 628 928 952 1082
628 491 547 727 731 887 1082 1421
887 322 727 1394 1463
1052 192 245 351 368
1098 73 186 192 392 431 491 757 1115 1289 1369
29 201 378 559 646 670 999 1009 1183 1236
201 155 378 452 705 842 1009 1170 1375
378 49 72 1236 1283 1367
559 293 454 1009 1283 1349
646 155 638 800 846 960 1236
670 254 509 948 1349
999 390 855 945 1082 1097 1369 1432
1009 72 239 454 1156
1183 49 978 985 1216 1323
1236 158 306 509 681
30 157 1220 1235 1326 1480
157 178 268 524 806 911 1215 1235 1259 1278 1346 1371
1220 243 263 467 538 827 891 1109
1235 229 420 1031 1090 1173 1480
1326 225 243 263 1480
1480 57 147 229 268 496 535 565 848 1173 1215 1278 1434 1437
31 755 984
755 346 841 858 984 1401 1428
984 778
32 301 714 771 789 1414
301 449 504 789 1028 1264 1356 1414
714 578 871 1287 1460
771 125 578 674
789 190 257 283 859 981 1205 1414 1455
1414 341 449 504 575 859 981 1356 1454
33 68 567 580 1312 1494
68 500 775
567 64 1104
580 432 500
1312 184 682 988 1392 1494
1494 988 1242
34 202 335 632 831 836 1049 1103 1347 1396
202 626 720 836 1049 1293 1347 1396
335 199 1103 1325 1396
632 795 1049 1293 1366
831 228 822 1180 1433
836 129 444 536 1165 1286
1049 444 536 629 680 1286 1325 1396 1446
1103 382 943 1347
1347 151 233 593 680 941 1165 1325
1396 94 536 1042
35 205 330 361 672 704 881 997 1178 1401
205 314 403 609 826 1035 1087 1156 1372
330 126 168 361 403 672 778 826 881 997 1039 1401
361 126 156 403 672 881 1277
672 75 881 1277
704 89 403 826 1372
881 126 841 997 1237 1277 1372 1447
997 404 1035 1039 1201 1209 1277
1178 39 778 910 1039 1201 1237 1401
1401 841 1035 1277
36 97 142 390 843 1101 1369
97 843 945 1012 1035 1440
142 390 638 843 945 1097 1339 1375
390 434 609 889 925 945 1035 1323 1416
843 38 235 322 616 925 945 1361
1101 239 427 681 945 1097 1216
1369 227 235 239 705 855 945 1375 1459
37 61 365 374 473 683 1149 1246 1292
61 101 116 473 526 683 1181 1274
365 566 1118 1380
374 436 637 900 1118 1177 1266 1274 1380 1407
473 187 271 1292
683 441 1260 1380 1404
1149 187 437 756 1208
1246 304 336 513 992 1198
1292 630 643 1198 1321 1381
38 427 616 744 996 1196 1386
427 169 744 800 928 1472
616 552 1012 1283 1408
744 230 793 837 1386 1408 1423
996 472 705 781 826 1156
1196 230 369 477 705 912 1423 1464
1386 293 369 472 708 1423
39 135 258 902 971
135 583 662 1026
258 78 230 285 369 733
902 334 377 621 1234
971 75 168 1201
40 412 886
412 307 325 332 839 886 937 1207
886 1134
41 63 537 1148 1255 1343 1409 1450
63 336 570 1300 1343
537 305 471 490 549 611 706 970 1062 1177 1255 1301 1380
1148 260 332 336 729 839 1126 1430
1255 549 611 700 706 992 1219 1285 1390
1343 260 336 394 566 723 970 1177 1430
1409 325 706 926 1430
1450 224 443 570 874 1266 1370
43 67 191 368 645 949
67 286 397 626 845
191 319 594 731 920 940 1366 1490
368 177 215 271 645 832 1192
645 245 431 1211
949 252 1484
44 759 852 1151 1319
759 763 1043 1151 1189 1498
852 692 830 879 1151 1194 1368 1420 1498
1151 603 724 1099 1368
1319 745 1131
45 391 1254 1324
391 56 87 160 402 956
1254 1168
1324 478 568 1358
46 319 560 1132 1175 1382 1435
319
560 1004 1131 1382 1403
1132 1388 1489
1175 251 1131 1138 1402
1382 251 753 951 1024 1131 1403
1435 132 444 626 711 825 1222 1225 1395
47 133 163 207 447 555 622 1310 1421
133 104 200 410 447 476 664 782 787 905
163 76 259 1060 1239
207 197 686 861 1240
447 104 287 410 476 1213 1214
555 491 577 624
622 287 380 1421
1310 200 969 990 1147 1240
1421 51 380 451 491 1082 1279
48 139 1114 1291
139 406
1114 542 1449
1291 406 561 665 675 784 838 883
49 901 978 1003 1216
901 232 808 1070 1462 1488
978 288 638 781
1003 985 1268
1216 194 306 509 960 1097 1367
871 674 980 1284
981 1073
1205 283 779 1073
51 70 150 380
70 156 609 1160 1176
150 380 569 1082 1160 1279 1372
380 206 475 686 1160 1176 1279 1406
52 107 149 436 640 821
107 244 389 402 651 956 1168 1197 1296
149 605 619 900
436 113 709 1431 1471
640 113 437 528 805 1062 1471
821 152 192 528 1490
53 98 115 253 299 485 627 1000
98 253 299 354 515 627 1223 1290
115 80 328 574 888 1053 1290 1493
253 59 1000 1053
299 296 1000 1379
485 80 296 627 1482
627 80 198
1000 193 296 867 884
54 524 535 1215 1434
524 143 268 401 1031 1215 1304 1437
535 99 147 268 496 576
1215 99 229 401 1044 1199 1278 1427 1434 1437
1434 494 1437
55 339 511 519 779 1002 1318 1442
339 118 175 931 1417
511 240 409 519 571 1318 1442
519 655 1002 1013 1037 1199 1251 1298 1318 1377
779
1002 118 488 737 1013 1030 1063 1100 1298
1318 409 1264 1442
1442 310 639 1251
56 69 179 440 478 568 875 1263 1294 1358
69 82 130 393 568 589 694 812
179 236 522 598 659 790 840 1360 1470
440 231 279 598 617 663 1358
478 82 278 676 907 1184 1465
568 1146 1470
875 812 1034 1046
1263 278 393 1358
1294 402 617
1358 160 278 797 840 1146
57 99 508 639 1400 1436 1437
99 225 467 494
508 178 268 701 827
639 618 715 1199 1251 1298 1377 1424
1400 409 494 507 701 1041 1259 1304
1436 178 225 263 494 690 701
1437 229 565 1278 1305 1424
58 465 1204
465 1203 1351 1452
1204 930 947 1152 1203 1221 1412
59 423 878 884 1223 1453 1482
423
878 238 424 527 1242 1392
884 214 354 723
1223 515 1482 1493
1453 1482 1493
1482 134 159 515 775
60 534 539 590 713 1224 1335
534 460 590 595 761
539 62 167 590 653 713 760 864 1027 1357
590 601 648 809 1134 1224
713 742 760 937 1474
1224 456 648 760 1112 1134 1188 1206 1221 1335 1342 1378 1379
1335 84 294 648 1135
101 116 180 643 1153 1269 1380
116 344 563 566 854 1213 1365 1380
526 344 566 689 1082 1463
1181 212 543 569 664 787 1239
1274 271 513 528 643
62 425 604 1027 1331 1478
425 601 760 1135 1188 1221 1331 1357 1378 1478
604 85 144 350 653 1027 1478
1027 144 480 653 760 1206 1221 1331 1478
1331 84 85 167 350 601 1112 1478
1478 460 648 653 760 1221
336 280 304 570 706 864 1177 1370 1381 1390
570 280 305 549 1271 1370
1300 471 525 1269
64 773 938 1104
773 474 584 682 939 1081 1104 1428
938 376 853 1428
1104 474 597 682 770 939
65 148 153 274 680
148 153 530 680 804 1171 1247
153 680 998 1086 1413
274 1023
680 94 795 908 989 1007 1042 1165
66 184 734
184 723 1288
734 1093
286 215 292 464 1289 1425
397 146 302 360 832 936 1004 1329 1395 1489 1490
626 146 411 464
845 464 1366 1489
500 134 682 775 1322 1392
775 489 682 1362
82 576 617 1465
130 466 589 1203 1383
393 1034
589 466 735 812 930 1152 1203
694 362 1034
812 930 1017
156 270 403 472 491 1201
609 89 314 1447 1468
1160 569 1147 1176 1212 1406
1176 164 270 314 356 403
71 213 257 419 486 578 784 967 1045 1280 1287 1438
213 125 1064
257 399 603 929 1496
419 137 371 973
486 137 561 1045
578 929 1075
784 371
967 493 1038
1045 112 128 137 561
1280 128 137 371 561 675 1426
1287 1038 1438
1438 125 674 1038 1075 1250
72 158 239 472 793 1012 1408
158 288 293 452 1170 1283
239 793 1170 1408
472 705 826 837 1087 1156 1468
793 855 1170 1408
1012 452 1323 1408
1408
73 451 556 1289
451 186 217 235 322 547 1115
556 410 686 844
1289 217 252 322 411 431 731 757 889 1018 1115 1361 1484
74 275 618 690 827 1137
275 1427
618 310 690 701 835 1119
690 430 835 1037 1137 1248 1353
827 701 891 1119 1137
1137 1248 1251
75 206 1237 1295
206 1237 1295 1372
1237 1295
1295 841 1270 1372
76 93 1060 1106 1239 1428
93 172 346 1065 1486
1060 346 787 1106 1486
1106 183 376 545 739 906
1239 259 1019 1079 1334
1428 668 695 991
77 297 364 644 758 765 903 1245 1456
297 320 529 548 1245
364 418 661 697 765 1245 1456
644 688 1086 1171 1443
758 796
765 284 320 541 721 915 1262
903 418 688 807 1354
1245 242 529 697 908 1084 1086
1456 697 801 807 851 857
78 272 281 285 606 1011 1142 1341
272 405 591 1311 1327
281 303 521 722 823 834 923 1011 1072
285 169 261 824 868 1352 1423
606 303 334 457 824 1352 1418 1468
1011 708 823 923 1352
1142 564 1072 1352 1472
1341 169 303 334 1026
79 197 1380
197 104 566 1147 1213 1256 1495
1380 394 566 624 689 1118
80 1313
1313 328 574 972
81 541 679 883
541 176 242 542 1202 1262
679 1202 1426 1497
883 137
576 178 663 911 942 986
617 173 1184 1266
1465 173 279 663 676 797
603 398 493 929 1025 1250 1373 1483
929 493 962 1038 1064 1317
84 864 1112 1306
864 141 313 874 1117 1271
1112 456 595 648 1080 1134 1135 1188 1342
1306 1051 1117
85 947 1046 1357
947 144 456 648 767 1010 1412
1046 294 426 1010 1203 1315 1383
1357 167 456 595 1188 1320
86 806 1422
806 236 958 994 1105 1265 1360
1422 407 455 554 712 726 907 1405
87 389 402
389 956
402 204 520 1120
88 445 593 1125 1186
445 370 943 960 989 1125
593 267 308 872 1361
1125 1446
1186 267
89 403 824 1212
403 1212
824 778 781 837 1072 1087 1418
1212 200 314 569 577 945 1447
90 166 872 934 1349
166 219 506 612 846 934 1163
872 228 641 669 918 948 1210 1349
934 612 1107
1349 155 254 372 442 463 509 850
91 124 797 892 1016 1258
124 173 663
797 329 892 958 1166
892 231 375 446 599 656 736 1090
1016 562 699 1249
1258 110 599 1031 1173 1424
92 152 448 753
152 248 251 417 946
448 174 255 607 667 1273 1344
753 832 865
172 214 597 695 702
346 435 487 858 969 1055 1065
1065 475 652 990 1267 1270
1486 652 858 1270
94 199 233 530 629 703 720 1165 1286 1293
199 1042 1102 1165 1282 1293 1325 1340 1363
233 1165
530 703 795 1340
629 129 444 536 746 1042 1102 1222 1363
703 746 863 1282
720 129 387 536 795 804 825 1293 1363 1387
1165 498 1325 1413
1286 129 444 536
1293 129 444 536 746 795 804 1042 1094 1363
238 300 354 527
307 809 1355
323 223 468 809 1252
424 480 809 1080 1206 1342
96 262 507 676 963 1249 1397
262 383 693 699 1144 1249
507 1063
676 173 279 1346
963 220 379 386 942 976 1384
1249 220 383 1066
1397 204 1154
945 235 254 477 1097
1035 126 227 457 552 705 826 855
1440 186 226 292 731 1115 1339
354
515 1322
1290 161 328 489
225 942 1259 1304 1384
467 747 885 1217 1229 1278
494 701 747 1259 1353 1371
141 224 269 294 648 1078 1117 1271 1383 1475
313 1051 1203
426 1117
1117 304 1145
180 794 854 1219 1495
643 490 1271
1153 471 476 566 774 794 1213 1219 1269 1399
1269 317 766 782 1399
102 223 761
223 873 1243 1252
761 1135
103 195 623 634 678 1096 1123
195 255 312 678 715 783 1123 1169 1385
623 783 1116 1200
634 255 503 607 799 1096 1429
678 1100
1096 342 607 799 829 1189 1273
1123 312 1014
104 624 1495
624 844 854 1406 1463
1495 766 782 1219
261 635 733 870 1233
722 334 521 823 923 1398
923 564 1072
106 373 692 730 816 865 955 1122
373 879
692 108 769 865 955 1498
730 764 1122 1138 1189 1492
816 162 408 417 1008 1225 1492
865 791 1225 1385
955 246 1043 1317
1122 408 763 1008 1498
244 956
651 114 381 956 1120 1124 1154 1257
956 114 381 1124 1154 1266
1168 847
1197 312 1116 1429
1296 492
108 791 1048 1417
791 145 162 246 248 417 488 769 1008 1048 1385
1048 667 1008 1344 1385
1417 120 162 710
109 120 175 575 666
120 655 1041
175 190 488 931
575 331 666 1172 1385
666 331 572 909 961 1161 1172 1454
110 276 540 1305
276 599 736 1044 1090 1105
540 375 420 1090 1173 1278 1424
1305 357 656 736 1346 1424
164 235 356
270 314 1087 1416 1447
928 169 705 781
952 689 1365 1394 1463
1082 491
112 128 363
128 137 371 1202 1308
363 561 1308
113 437 528 709 802 1407
437 520 802 1471
528 619 1404
709 756 1208 1471
802 756 1005 1439
1407
114 189 324 1120 1154 1257
189 160
324 381 1120
1120 190 381 443 466 671 1257
1154 381 443 1266 1383
1257 630 1439
328 161 296 489 1309
574
888 159 198 1053
1053 161 1379
1493 161 489 867
344
563 245 619 1211
566 637 1219 1399
854 766 844 1463
1213 337 525 1219 1256
1365 619 686 689
117 208 654 1071
208 707 796 857 1074 1354
654 1071 1074 1193 1449
1071 256 320 1190
118 518 1030
518 383 657
1030 211 810 911 1005 1448
119 251 1138 1222 1366
251 951 1138 1403
1138 1015 1189 1225
1222 132 358 536 1395
1366 464 889 1484
655 504 1037
1041 931
669 355 719 893 987 1133
914 228 1088 1180
1094 308
1469 719 1088 1180
122 898 1150 1314
898 869 1150 1261 1327
1150 415 983
1314 422 636 818 1155 1330 1481
123 232 918 985
232 170 442 750 1107 1163
918 194 355
985 382 943 1247
173
663 504 699 976
125 331 449 533 924 1064 1445
331 763 859 961 1161 1172 1496
449 973 1025 1064 1073 1253 1496
533 165 493 924 1317 1368 1483
924 165 493 1038 1064 1172 1250
1064 341 1038
1445 674 1161 1250 1253
126 1468
1468 457 687 781 1459
137 371 1308
371 561 1238 1368
1202 256 406 675 1497
1308 675
129 358 746 795 825
358 746 795 804 825
746 302 825 940
795 132 804 825 1042 1102 1340 1363 1387
825 132 1042 1102 1363
466 362 874 1034 1383
1203 294 1152 1383
1383 1078
131 757 982
757 186 292 731 889 953 1018 1323
982 215 727 1361 1484
132 1363 1387 1402
1363 327 444 1042 1387
1387 698 711 804 1395 1402
1402 711 804 1131
200 569 861 990
410 317 794
476 212 766 782 1256
664 787 916
782 212 259 394 649 1214 1256
787 212 469 649 739 916 1019 1334
905 332 839 970 1047 1126
134 193 1322
193
1322
583 778 1039 1374
662 334 621 823 1026 1072 1233
1026 334 1374
136 295 658 927 992 1029
295 260 290 579 613 649 658 1029
658 435 649 739 927 1029
927 260 579 897 1029 1068
992 549 611 700 833 896 1062 1177 1219 1381
1029 579 739
138 442 550 780 820 869 882 1261
442 612 1462 1467
550 876
780 820 868
820
869 1157 1327 1462
882 415 808
1261 422 531 800 808 868
406 1316
224 1271
269 260 395 738 833 970 1047 1089 1126
294 350 1010
648 167 456 595 601 1221
1078 1145
1271 1145
1475 930 1010
638
1097 1432
1339 1323
1375
143 699 986 1184 1473
699 401 976 1144
986 375 599 911 1346
1184 1166 1473
1473 357 383 446 598 599 1105 1457
144
145 408 769 1036 1225 1385
408 1008 1492
769 572 667 909 1100 1169
1036 248 951 1014 1385
1225 162 417 1008
1385 1200
146 711 940 1329 1388
711 1131 1158 1395
940 444 1042 1325
1329 302 936 946 951 1403
1388 264 360 497 642 921 1024 1211 1266
147 798 1195 1276 1461
798 554 726 848 993
1195 420 562 1031 1109
1276 229 1006 1217
1461 420 848 1031
804 308 536 1340 1395
1171
1247 308 943
605 499 1005
619 177 264 271 450 637 832
900 271 360 1231 1260
569 969
1279 287 491 577
1372 168 778 910 1277
151 741 987 989
741 498
987 366 1303
989 188 366 1303
248 946 1008 1116
417 246 1179 1200
946 768
998 1023 1282
1086 796 851 857
1413 498 863 1023 1325 1433
154 554 994 1405
554 329 459 712 1166 1405
994 329 958 1067 1218
1405 656 904
155 254 372 1488
254 170 306 372 454 531 1268 1488
372 170 454 681 850 1488
1488 306 750 842 850 1070
491 356 1406
1201 1087 1406
178 1031 1173 1278 1346
268 1278 1424
911 420 599 736 848 1090
1259 263 942
1278 229 375 439 496 891 1424
1346 401 446
1371 1248 1377 1427
288 636
293 452 454 850 1283
452 531 677 1283
1170 352 708
1283 454 1432
159 988 1362
988 214 432 584 770
1362 770 939
160 520
520 271 513
161
162 572 667
572 667 783 1014 1200
667 246 1025
259 212 1139
235 855
356
165 399 413 493 1250 1368
399
413 754 1161 1194 1420
493
1250 673 962 1075 1253 1284 1496
1368 1194 1317
219 850
506 170 355 846
612 846 850 1107 1141
846 1467
1163 509
167 277 350 653 767
277 767 1010 1221 1412
350 653 760
653 760 1221
767 595 1010
168 841 1039 1270
841 858 1039 1277
1039 778 1277
1270 813
169 1464
1464 1275 1423
170 306 808 850
306 808 1070
808 750 1070 1462
850
1145 1370 1439
1370
214 432
597 668 695 853 991 1081
695 853 1055
702 853 1057 1332
174 255
255 503 607 1429
190 546 710 1013 1298 1448
488 341 546
931 715 1298 1304 1384 1448
176 542 721 1110 1262
542 838 1193
721 284 1110 1190
1110 256 320 505 838 915
1262
177 411 832
411 1458 1484
832 302 829 936 1024
1031 1044 1144
1173 736 1090 1424
236 241 357 517 633 899 904 1218 1364
522 278 329 598 659 790 840 899
598 840 899 1360
659 587 1056
790 1470
840 278 696 907 1360 1470
1360 383 1146 1351 1364 1470
1470 278 1034 1105
794 525 766
1219 337 471 490 611 1021
492
657 386 1063
1144 656
1411 1066
204
1005
183 376 545 684 1288 1487 1491
376 315 682 939 1491
545 349 684 853 1079 1334 1487
684 345 349 469 1487
1288
1487 349 939 1491
1491 315 345 349 906
723 897 1047
185 521 823 837 965 1398
521 369 834 1398
823 1233 1352
837 581 708 1156
965 635 834 1155 1233 1398 1472
1398 1233
186 322 731 889 925 953 1018 1323
322 217 731 925 1018 1115
731 727 1018 1115
889 215 252 1361
925 227 230
953 392 1018
1018 215 464
1323 842
187 443 803 1208
443 630 756
803 450 642 829 936 1403
1208 441 497 805 1260
188 347 718 1023 1303
347 688 1359
718 863 1162
1023
1303 366
546 1013
710 1013 1172 1455
1013 737 1384
1298 715
1448 1066 1304
594 920
920 387 536 1484
1490 360 1024
192 351
351 245 935
194 677 1210
677 477
1210 308
312 1063 1169 1273
715 496 610 1063
783
1169
1147 289 813 990
1256
198 1309
1309
1042 387
1102 444 879 1325
1282 327 1340 1395
1325
1340 209 444 536
861
990 813 1069
705 457 826 1087 1459
842
203 582 1228 1230
582 848 1424
1228 237 455
1230 237
314
826 1087 1416
1087
1156
686
1240 766 969 1019
707 385 548 600 908 922 1095
796 1443 1499
857 851
1074 807 851 922
1354 1162 1443
209 749 830
749 398 830 908 1359
830 745 908 1420
360 245 1458
1231 689 1381
211 610 1063
610 220 429 976
1063
212 395 435 525 1214 1399
395 260 579 1047 1177
435 349 469 906 1021 1334
525 337 471 1021 1198
1214 543 766
1399
432 1392
215
216 983 1327
983 462 876
1327 415 422 585 818
217 1394 1425
1394 727 1115 1425
1425 1391
1264 283 341 504 1179 1356 1454
1356 341 504 1454 1455
1455 246 1454
220 976 1044
976 1066
1044 599
1134
222 230 369 687
230 477 635 912 1423
369 1423 1472
687
873 1080
1243 300 809
1252 880 1355
942 429 1384
1304 810
1384 263 379 429 810 1199
226 681
681 370 750
227 1416
1416
228
229 263 496 885 1424
263 496 701
496 446
885 565 993 1006
1424 231 375 420 565 848 891 1090
477 708 1423
635 352 591 870 912
912 708 800
1423 1472
231 1166
1166 357
750 868 1070 1091 1462
1107 948
855
241 633 1105 1333 1364
357 904
517 633 696
633 696 1333
899 329 958 1265
904 329 1105 1218
1218 407
1364 696 1265 1333
237 1393
1393 523
300 468 880
527 468 631
240 1037 1251
1037 538 1377
1251 538 571 747 1119 1248
1105 407 696
1333 587 696 726
242 1095
1095 385 819
243
245 1211 1458
1211 637 1404
1458 1024 1391
246 1200
1200 1014
557 1152 1452
1008
1116 1429
334 778 1072 1234 1275 1352 1418
778
781 1459
995 377 621 1085
505 321 785 1193
785 1193
951 1158
1403 464
252 431
431
454 1091 1367
531 415 800 870 1155
1268 370 960
503 642
607
1429 497 799
256 320 1193
320 284 1190 1449
1193 321 915
1496 1179
733 591 1050 1233
1139 543 579 739 906
260
870
1233 564 591
383 386
693
701 891
264 689
689 844
265 421 1121
421 581 636 876 1033 1157
1121 1033
504
1172 961 1161 1179
267 355 960
355 291 470 895 948
960 509
738 839 1068 1207
833 280 611 706 1177 1285 1301 1390
970 367 490 611 613 774 839 1430
1047 649
1089 453
1126 332 937 1177 1474
1447 1209
271 1404 1471
1404 637
1471 805
405 573 585 1311
591 564
1311
587 1146 1307
1427 835 1389
599 446
736 446 810
1090
1010 1412
1221 1188
1412
278 1034
1034 1146
279
280 304
304 1439
303
834
1072 621 1275
353 822
1088 943
1180
283 1284
1284 673 1253
284 553
553 1182
868 415 818 876 1467
1352
292
464 1484
287
636 1330
289 813 1069
813 969
1069 916
290 468 579
468 453
579 315 469
291 470 641 895
470
641 895
895 732
613 367 1021 1068
649 766 916
296 867
867
529
548
1379
880 1355
1028 1073 1226
302 936 1489
936 592 921
1489
1439 896
305 317 332 490 700 706 774 926 1068 1321
317 774 1021
332 839
490 471 774 926 1021
700 394 611 1285 1301 1381 1390
706 394 1062 1177 1285 1381
774 1021 1068
926 1021 1068
1068 367 1021
1321 394 1062 1381
1070 415 422 463 1462
809 1207 1337 1355
1355 1093
308
310
311 708
708
1273 592 799 921
1051 742 1135 1152
315 906
906 469
1021
1190 1032 1182
1449 321
321 915 1316
915
1316 675
1115
381 630 1124
325 729 937
729 839 937
937 1135
327 745
745 1281
489
329 712 1457
712 407 455 1083
1457 455
763 1025 1498
859 341 961 1025 1454
961 1161
1161 909
839
333 1377
1377 1199
1234 1085
1275
1418 621
1177 394 549 1301
1381 549 611 1285
1390 549
337
1207
340 933
933
341 1454
1454
342 497 499 805
497 642 829 1015 1024
499 1015 1024
805
739 349
897 1140
345 652
652 404 858
487 650
858
969
1055
688
1359 807
348 792 1226 1248
792 571
1226 571
1248 1119 1389
349
760 595
935
352
822 1133 1433
948
1277
362 671
671
561 665 675 1238
418 1232
661 398 838
697 801 1232
1118 1431
366
367 916
916 469
1192
1472
370
1238 675 962
879 1281
637 1260
1266 394 630
375
682 584 939 1392
939 849
377 1085
1085
1367
379 810
810 401 429
475
1406
630 394 1062 1198
1124 1062
382
386
384 1337
1337 1242
385 458 600 1084 1232
458 1084
600 764
1084
1232 481
387 1158 1446
1158
1446
469
434
392 1361
1361
394 1285 1301
1285 1301
1301
621
1004 799
1395 698 1131
398
400 1141
1141
401 446
446 656
404 991
991 668 853
573
585
407 726 1083
726 459
1083 459
1492 1498
409
1484
754
1194 1373 1420
1420 966 1043
415
552 1459
1179 1253
973 665
420 439 993
439 993 1006 1229
993 848
581 462 1155
876 1330
1033 1157
1157 1330
422
480 460 1320 1342
1080 742
1206
1342 595 1135 1320
601 1188
1135 1320
1188 1378
1378
800
429
430 1389
1389 1119 1353
1392 584
1334 766 1079
1431 471
481 807 851 922
1443
1006 562 565 1109
1229 565 1217
441 799
799 592 829 1485
1462
1467
756
444 536
536
943
656 1067
1344
1025 1253
1073 1460
1253 673
450
547 727 1391
453
1091
455
456
457
459
460
461
462 1481
1481 1155 1330
463
1351
1452
874 1315
747
1217 1109
471
474
766 543
907 958 1146
1320 595
807 922
851 922
922 801
1093
1242
1014
650 584 1081
1353
1066
642 829 1015
829 592 921 1015
1015 592
1024
498 719
719 893 1133
538 835 891
737
509
571
513
1497 1426
1143
696
1199
523 551
551
1198 611 896 1062
1463 1391
631
1155
532 615
615 919 1373
1317
1483 1038
595
549 611 1062
611
1062
835 1119
891
838
543 1019
1019
853 668
1079 668
727
1391
1459
1182
577
844
1152 735
1131
665
675 1426
562 848 1307
848
1307
564
565
1146
1075
1374
584
586 975 1057
975
1057 668 1267 1332
735 930 1159
930
592
1315 1017
668
1081
764 966 1032 1373
1373 1043 1099
919 819 1032
1119
1330
1260
966
1067
1056 1265
909 890
893 1007 1433
1133
673
674 980 1460
980
1460
1426 962
1100
908
1007 863
1498
801 1281
698
1332 1061
863
742
1474
1159
1162
724 1043 1099
1043
1099
1189
732
1050
1281
1032 819
768
770
1499
958
1485 921
1265
1017
818
819
1433
921
847
849
890
894
896
1140
910
1038
962
941
1430
972
1209
1432
1109
1267
1061
1108
1350
