0 1 78 80 216 220 228 271 277 398 399 401 421 441 497
1 13 49 53 113 133 209 216 318 365 401 421 469 479
78 88 106 271 314 353 422 430 441 479
80 106 133 292 302 340 421 441 447
216 41 96 133 134 277 294 318 401 421 447
220 9 30 106 109 113 124 171 221 224 277 300 354 399 402 463 469 497
228 57 209 255 308 342 348 381 471 488
271 66 88 181 209 348 353 365 384 439
277 30 41 102 106 197 224 402 421 470
398 53 92 133 201 209 235 288 324 348 355 364 390 403 435
399 9 41 68 79 102 113 134 171 238 244 272 340 400 469 479
401 66 86 133 135 146 181 261 317 400 421 444
421 41 49 97 102 106 113 133 171 233 472 497
441 66 68 133 294 300 364 422
497 49 148 342 447 456
13 9 21 85 102 106 171 221 272 284 378 402 462 472 490
49 19 133 134 391 400 447 454
53 72 79 241 285 332 342 480
113 21 85 146 171 181 221 272 284 354 400 472 479
133 67 134 135 146 181 294 343
209 88 92 93 145 340 353 364
318 40 99 104 203 255 274 275 341 471
365 86 88 109 214 261 340 435
469 9 21 102 106 134 151 171 261 264 300 343 354
479 109 134 146 221 233 249 272 294 343 400
2 109 181 226 261 414 472
109 86 214 226 261 353 354 390 422 444 472
181 21 55 66 86 201 249 400 422 444 463
226 88 201 214 235 249 261 340 394 422
261 86 93 378 414 422 435 444 472 488
414 55 93 214 453 471
472 66 86 134 146 160 400
3 14 17 136 262 273 368 379 409 413 486 493 496
14 217 230 242 262 303 322 416
17 177 257 273 301 427 493 496
136 40 63 71 81 83 154 188 192 218 247 331 363 368 370 393 496
262 8 177 217 242 257 303 366 437 449 466 493
273 63 103 192 393 416 493 495
368 7 29 103 141 167 170 186 222 270 329 392 393 495
379 36 44 81 170 258 268 331 359
409 28 36 63 81 168 177 178 183 185 230 393 396 495 496
413 81 118 178 256 313
486 63 111 141 161 183 185 282 292 313 331 427 485
493 60 125 143 188 496
496 61 63 71 141 183 193 217 268 280 316 363 370 449
4 18 33 144 184 288 312 360 411 424 487
18 76 128 206 236 411 452
33 32 59 76 132 158 203 234 323 334 489
144 23 245 276 424
184 47 54 69 112 182 237 248 328 340 410 452 458 483
288 69 92 93 149 152 156 239 253 263 348 353 364 375 435
312 77 112 200 237 419 459 483
360 10 46 77 200 232 237 458 492
411 52 74 112 138 153 200 275 319 452 491
424 76 105 110 120 128 204 276 319 452
487 105 152 153 156 276 419
5 22 28 60 90 114 115 125 167 170 252 305 362 412 438 440
22 29 56 125 167 170 346 350 466
28 11 83 107 161 177 196 208 269 325 326 350 438 454
60 83 258 267 269 292 313 329 331 468 495
90 125 174 207 303 350 392 393 412 437 466
114 157 173 176 179 305 361 385 412 420 423
115 100 107 305 412
125 170 225 240 252 280 322
167 7 140 282 296 362 393 468
170 29 157 186 225 252 257 280 311 362 440
252 101 107 174 280 346 362 423 440
305 100 173 179 194 259 320 385
362 7 164 174 270
412 7 48 100 127 172 174 176 177 196 259 309 396 438
438 98 172 192 309 391
440 107 127 186 309 495
6 25 37 75 142 162 190 315 465 478
25 35 37 119 132 250 283 334 374 395 415 426 429 473 476
37 24 89 121 212 246 260 306 315 476 498
75 15 104 108 126 199 223 290 397 428 473 482
142 12 59 121 212 260 369 371 429
162 89 260 306 380
190 24 121 213 278 337 352 377
315 35 89 121 129 132 150 212 227 231 246 260 283 306 426
465 12 24 26 213 371 373 380 415 464
478 59 117 150 154 316 339 347 358 408 428 484 494
7 174 207 225 282 292 350 392 416 466
174 193 208 259 270 296 310
207 83 107 127 159 176 208 279 317 325 326 382
225 257 303 383 466
282 172 242 247 270 310 350 392 393 416 448 495
292 36 83 180 195 208 266 269 296 417 477
350 168 391
392 71 101 103 141 185 257 313 416 448
416 101 143 270 311 366 437
466 8 42 176 185 257 322 495
8 257 366
257 100 164 217 303 316 396 437
366 101 303 484
9 68 224 264 307 343 402 474
68 84 87 96 160 187 197 284 307 425 442 454 462 480
224 19 21 41 70 86 93 102 124 134 146 151 295 307 335 402 462 474
264 21 50 87 160 233 300 307 378 434
307 11 19 21 50 102 151 343 462 474
343 21 50 66 272 394 403
402 21 41 87 354 425 442 444 474
474 20 102 171 221 300 353 425 462
10 27 77 122 200 232 237 458 459
27 46 54 112 145 152 253 263 308 355 430 435 439 481
77 110 112 120 156 200 237 376 459 475 483 492
122 54 145 253 333 405 410 439
200 182 237 459 492
232 23 153 166 201 237 349 355 410 458
237 23 46 69 105 110 112 128 131 349 459 483
458 182 349 452 483
459 23 349 419 452
11 19 20 96 211 238 321 335 420 456
19 20 70 96 196 244 293 295 447 456 480
20 70 79 87 194 197 211 326 335 385 417 442 447 456 480
96 45 50 70 87 123 187 196 244 454 456
211 48 67 179 279 293 325 357 391 447 454
238 79 102 157 187 244 480
321 48 72 123 186 196 391 417 454 456
335 123 157 210 279 442 456 480
420 179 186 320 456 480
456 48 88 159 425 480
12 35 89 121 212 251 306 373 429 476
35 121 132 150 227 231 251 260 395 432 446 489
89 121 191 199 212 260 267 371 377 380 408 429 432 464 498
121 24 132 169 246 260 334 373 426 460 464
212 191 246 260 283 377 429 476 489
251 81 117 143 154 185 188 191 218 283 287 316 337 339 388 408 443 494
306 191 218 231 283 387 395 489
373 24 165 243 246 260 278 304 372 377 380
429 150 283 323 460
476 165 246 327 380 406 443 464 489
21 30 233 272 300 357 425
85 84 102 221 233 249
102 72 106 171 197 284 295 300
106 124 272 357 445 462
171 50 197 221 272 294 300 354 444 447 462
221 66 86 124 249 340 445 490
272 66 86 354 400
284 50 151 160 300 378
378 30 97 187 233 445 470
462 50 87 151 210
490 88 124
217 61 101 242 269 303
230 61 101 168 198 205 461
242 61 71 101 322 383 437
303 311
322 56 383 396
15 266 286 341 433 484
266 281 286 433 451 484
286 51 99 104 130 149 241 285 324
341 116 149 203 255 269 281 451
433 44 73 111 140 254 281 298 301 329 448
484 44 59 98 161 268 298 330
16 31 118 143 155 183 427 443 461 494
31 147 427 461
118 193 247 256 310 337 363
143 63 71 81 168 183 188 192 193 247 310 337
155 63 147 188 247 461
183 63 71 192 198 247 304 363 485
427 101 177
443 59 147 193 218 283 337 347 358 449 494
461 63 81 358 467
494 36 98 117 130 154 243 337 347 388 408 467
177 79 205
301 36 63 111 161 178 185 258 269 298 310 331 370 382
76 328 410 473
128 74 105 120 153 248 276 419
206 405
236 55 58 86 214 314 444
452 52 138 182
70 82 302 326 391 417 454
196 29 48 87 127 157 159 302 454
244 124 300 423 425 442
293 210 391 425
295 50 160 197
447 79 123 294 357 417
480 100 148 317 391 425 454
79 41 87 357
87 197
194 45 82 173 179 320
197 407
326 195 279 317 325 417
385 45 82 173 176 210 259
417 198 279 296 309 451
442 123 160 210 302
30 187 354 470
233 84 91 160 386 434
300 41
357 241 302
425 50 84 151 160 187 361 454
29 107 186 259 309
56 311 383 396
346 270 331
23 131 153 375 410 481
131 47 52 112 182 439
153 110 276 405 419
375 112 152 235 265 403
410 52 69 182 364
481 46 57 112 275 314 336 381
24 26 132 371
26 165 213 278 371 464 498
132 98 150 169 231 254 290 351 397 408 426 428
371 165 213 351
119 38 154 191 329 397 415
250 32 64 108 129 139 227 243 345 473 482 489
283 59 137 150 215 247 260 339 464
334 34 150 163 246 323 374 432 482
374 108 227 323 432
395 129 158 223 290 406 426
415 38 65 215 219 287 297 351 372 377 418
426 150 260 450 498
473 65 129 223 356 404 450 482
165 38 213 372 464
213 352 460 498
278 260 287 304 372 498
464 169 372 498
498 65 191 199 215 339 351
46 52 54 245 387
54 62 235 275
112 52 62 182 204 483
145 57 69 135 308 344 353 471
152 263 403 439
253 201 239 263 265 355 435
263 39 69 92 166 201 239 245 403
308 202 340 342 355 407 446 471 499
355 92 93 182 342 439
430 47 139 175 344 435 455
435 55 69 72 201 214 340 348 364 390 403 422 444 488
439 52 69 92 166 340 364
83 161 195 241 279 431 446 451
107 159 173 186 259 309
161 63 111 140 198 246 267 268 269 279 331 397 448
208 103 180 259 269 279 296 310 325 448 468
269 111 195 258 296 298 310 331 448
325 159 195 279 333
454 45 67 123 210 309 391
186 172 259 309
259 100 320 423
309 302
187 50 91 151 160
354
470 84 91 97 386
147 71 117 188 304 337 358
32 51 138 139 175 234 290 328 405 450
51 64 99 255 332 407 446
138 43 52 62 189 204 328 344 491
139 62 64 129 149 243 274 290 299 323 345 450
175 149 204 234 245 344
234 34 64 108 243 323 328 338 356 482
290 64 129 231 243 339 450 489
328 52 64 203 274 299 345
405 74 108 356
450 104 299 323 345 356 370 482 491
59 108 223 254 268 339
158 43 104 116 129 223 345 356 428 436
203 58 330 356 387 455 477
323 64 108 204 227 243 299
489 137 150 406
34 163 367
163 137 227 367
367 74
150 231 327 369
227 369
231 246 327 331
260 369 428
432 95 137 406
446 149 285 324
36 63 140 141 198 258 268 296 310 316 358 359 363 449 468
63 111 193 198 218 258 267 268 302 313 363 370 382 437
140 141 185 258 267 298 310 313 407 448 455 468
141 111 205 267 313 331 358 370 382 468
198 81 111 247 258 267 268 298 329
258 185 254 267 298 316
268 117 185 254 298 316 329 330 347 363 468 477
296 172 176 192 195
310 180 267 298 391
316 192 247 327 358 359 363 468
358 98 188 191 254 485
359 40 104 254 408
363 71 370
449 81 298
468 101 255 267 298 329
246 64 169 428
38 215 291 297 304 327 352 372 418
215 117 192 218 337 352 418
291 297 304
297 304 372
304 219 287 457
327 98 169 191 218 219 339 372
352 117 130 287 372 418 428
372 199 287 418
418 287 377 457
39 348
348 88 93 99 135 314 344 422
40 44 397 477 485
44 191 329 370 436 477
397 65 154 339 347 351
477 73 126 298 330
485 81 154 188 191 218 247 267 330 370 388 408
41 134 400
134 86 340 400 463
400 97
42 389
389 280 396
43 57 149 202 204 314 471 499
57 47 149 255 381
149 47 99 202 333 499
202 47 52 99 342 436
204 47 52 88 189 381 387 491 499
314 69 235 241 245 390 422 453 471 488
471 47 55 69 93 302 422 488
499 243 302 336 353 381 455
191 71 98 117 130 428
329 267 448
370 168 185 247 339
436 81 255 333 342
45 157 176
157 116 123 127 148 173 176 361 391 423
176 82 127 148 159 173
52 245 387
245 336 381 387
387 275 285 364 381 491
47
48 82 148 159 391
82 148 173 179 391
148 179 240 320 391 423
159 67 279 391 423
391 127 361 382 451
50 160 255
160 151 173 361
255 99 129 285 324 336 407
64 74 243 299 356
99 274 275 407
332 72 195 229 302 317 353 431 451
407 285 330 333 431
72 67 151 235 241
241 135 229 431 455
285 239 333 342
342 93 135
62
235 88 93 239 364 422
275 274 381 453 482
55 58 166 394
58 93 201 214 394
166 239 403
394 201 214 390 403 422 453
311 164 396 437
383 103 396
396 164 437
381 243 274
93 135 390 422
201 214 384
214 384 453
108 137 243 299 345
223 65 104 116 129 130 243
254 98 117 188 199 337
339 154 408
267 111 185 281 313 333
313 172 382 393
331 71 168 185 382 388 451
495 393
61 205 437
205 101
437 101
111 73 126
193 168 178
218 168 337 408 428
302 67 173 195 229 317 422 431
382 298
74 491
243 104 299
299 94 129 189 356 482
356 129 189 482
65 126 404
126
404 116
66 86 124 249
86 124 463
124 91 249 445
249
67 123 317
123 179 240
317 180 229 431
84 97 434
69 265 349 376
265 182
349 248 475
376 189 492
71 81 185
81 192 247
185 192
151
73 180 281 330
180 333
281 330 333 451
330 192 333
491
104 129 274 428
199 377 380 388
428 130 154 388 460
482
110 94 289 475
120 248 289 319
156 475 492
475 182 276 483
483 239 276
492
88 135 364
353
422
340 455
192 247
247 188
173 320 423
179 172
195 279
279 431
431 229
451 324
97
434 91 210 386
463 294 444
135 146
364 146 390 488
377 117
380 406
408 117 188 337 347
393 103 127 361
91 386
386
92 403
403 239 453
390
94 319
319 189 248
95 169 460
169 137 460
460 369
98 117 130 388 467
117 388
130 351
388 154
467 154 337
274 116
100
101
103 172 280 423
172
280 164
423
129
105 248 289
248 289
289 276
445
137 369
345 338
444
182 336
146
361 210
116 344
344 189
256 178 222
337
154 287 347
333
240 320
127
276
419
351
294 229
188
369 406
189
298
448
455
168
320 210
287
347
164
239
270
178
336 488
384
210
453
219 457
457
222
488
229 324
324
338 406
406
