0 674 819 854 1000 1195 1240 1432
674 19 232 553 944 962 1260 1309
819 6 26 43 177 274 389 924 1020 1176 1294 1345
854 169 514 730 945 988 989 1195 1398
1000 50 100 322 443 534 816 1432 1438 1479
1195 156 207 274 293 358 457 988 1134
1240 1 869 992 1020 1176 1179
1432 49 177 475 581 913 924 1020 1222 1398
1 181 277 417 485 704 904 919 927 1092 1121 1149 1346 1408
181 149 157 292 747 936 978 1302 1367
277 310 332 394 532 759 827 830 1084 1092 1139 1294
417 192 394 919 927 1043 1139 1251 1274 1305 1329
485 26 332 374 389 733 830 865 919 992 1043 1121 1179 1274 1294 1305 1360 1408
704 149 240 257 422 459 567 917 927 1001 1075 1247
904 5 128 389 395 528 567 583 835 927 1043 1149 1266 1337
919 26 389 690 747 865 869 1026 1104 1188
927 291 353 567 848 1139 1266 1274 1337 1364 1408 1431 1490
1092 89 279 590 690 748 779 872 1274 1431
1121 389 567 747 759 992 1104 1179 1294 1490
1149 85 89 291 532 747 830 1160 1274 1431
1346 85 198 240 292 374 380 532 917 947 978 1223 1247 1266 1337 1367
1408 6 42 73 353 583 690 833 1043 1188 1294 1329 1431 1490
2 97 115 258 450 520 1114 1163 1242 1278 1316 1338 1344 1471
97 68 115 173 680 695 932 1009 1114 1232 1242 1338
115 41 68 81 557 582 818 932 1067 1278 1316
258 51 78 132 306 368 768 829 1204 1316 1471
450 282 403 464 523 571 607 763 768 774 778 802 1328 1395
520 41 137 313 377 554 585 611 623 1038 1344 1452
1114 41 67 150 221 290 326 338 763 803 829 1067 1099 1242 1278 1316 1338
1163 476 480 557 582 768 932 1067 1242 1338
1242 31 41 507 600 695 1306 1316 1467 1471
1278 67 221 326 742 1316 1338
1316 263 282 290 326 377 557 695 932 1321 1338 1471
1338 173 367 523 818 1009 1038 1471
1344 64 72 159 483 584 600 611 623 695 921 1099 1172 1226
1471 41 151 225 326 338 557 623 680 742 803 932 1009 1067
3 72 180 300 311 348 715 840 1450
72 309 317 372 679 715 840 1094 1154 1450
180 407 618 706 1124 1174 1286 1439
300 36 130 453 488 642 756 1038 1250
311 281 313 554 584 597 600 611 678 1038 1140
348 372 575 706 1019 1220 1228
715 130 168 472 584 831 1094 1228
840 117 679 1019 1235
1450 679 756 1094 1320
4 59 124 249 349 484 512 775 888 1280 1349 1440 1484
59 561 578 593 609 710 795 934 1044 1141 1159 1460
124 249 467 610 735 1280 1349 1460
249 610 681 738 807 914 1207 1245
349 112 162 341 414 445 804 915 1116 1158 1283
484 295 418 795 888 1159 1342 1489
512 296 775 888 982 1280
775 296 616 1013 1245
888 296 446 610 1013 1065 1206 1349
1280 100 226 610 628 631 735 738 805 807 1206 1484
1349 116 214 1024 1065 1111 1116 1484
1440 242 707 710 806 977 1061 1065 1457
1484 593 628 710 885 977 1065 1207 1214 1394 1472
5 107 466 530 572 889 917 1001 1144 1271 1287 1332 1431
107 113 257 320 466 572 890 930 1217
466 113 251 257 312 419 422 896 937 1077 1199 1217 1274
530 46 113 176 251 292 320 397 1001 1027 1075 1079
572 318 422 590 759 896 1247 1332
889 198 318 926 1193 1412 1414
917 198 230 287 590 748 1144 1473
1001 127 251 320 1104 1247 1284 1332 1376
1144 160 375 682 687 998 1193 1323 1364 1406
1271 127 176 240 251 427 890 896 947 1223 1302 1376 1409
1287 53 149 251 361 422 567 1188 1323 1332
1332 53 113 176 422 896 930 1238 1431
1431 85 103 427 500 634 690 725 748 848 1027 1104 1139 1238 1251 1337
6 25 882 1088 1120 1241 1419 1442
25 73 89 128 690 827 851 1256
882 26 301 303 510 813 876
1088 267 287 328 583 634 703 851 872 874 1256 1351 1363 1375 1461
1120 287 328 365 437 500 544 619 646 729 752 1442
1241 163 172 191 192 469 529 636 648 1152 1419
1419 128 163 455 469 529 648 1146 1152 1384
1442 167 192 752 827 1026 1051
7 425 443 475 534 931 948 1383
425 207 226 418 443 447 617 627 645 745 913 916 931 1182 1222 1372 1404
443 49 100 534 802 931 1182 1383
475 50 266 302 529 581 645 647 651 786 861
534 49 100 913 916 1438
931 627 651 867 913 1383
948 250 627 868 1222 1374
1383 447 627 651 732 745 867 913 936
8 504 548 635 683 1048
504 182 382 482 547 594 621 1108 1268 1417
548 74 328 439 619 683 689 739 902 908 1252
635 54 210 217 239 574 857 1005 1103 1164 1301 1397 1446
683 60 201 328 382 574 621 902 1005 1048
1048 66 74 594 712 902 1364 1375 1413
9 114 205 357 406 655 697 875 923 979 995 1082 1311 1340 1343
114 48 229 319 568 692 1356 1361 1456 1492
205 347 383 705 875 886
357 77 106 275 406 421 477 691 996 1035 1082
406 77 271 697 771 995 1029 1311 1485
655 234 275 995 1173
697 47 271 350 653 691 960 1056 1082 1185 1343
875 65 77 993 1311 1340 1437
923 189 305 421 995
979 271 319 356 563 995 1082 1101 1258
995 271 319 390 653 1359 1469
1082 106 275 421 1056 1173 1343
1311 77 106 275 319 421 545 1343
1340 234 305 545 719 1173
1343 77 189 275 421 462 563 613 691 886 1173
10 306 368 497 1357
306 63 132 206 208 325 497 557 1330 1357 1418 1435 1487
368 14 208 367 829 855 915 968 1204 1357 1418 1497
497 83 151 215 838 1106 1357 1399 1422 1462
1357 968 1012 1071 1418 1435 1487
11 392 418 562 802 839 940 1209 1355 1382
392 351 360 940 1116 1191 1283 1374 1382 1400
418 868 1093 1213 1330 1355 1372
562 56 788 802 914 1283 1355 1374 1382
802 83 325 341 351 360 445 1191 1381
839 18 250 598 622 645 741 1007 1032 1206
940 83 215 732 1031 1243 1422
1209 112 671 887 950 1381 1393
1355 116 162 449 631 788 914 1024 1382
1382 112 162 914 915 1065 1142 1143 1470 1472
12 62 220 337 577 583 703 762 822 1058 1086 1169 1255 1310
62 40 139 239 287 537 777 898 1074 1310 1318 1368
220 161 298 602 900 1005 1074 1086 1256 1446
337 375 430 583 626 703 725 762 1027 1058
577 412 537 565 640 685 777 811 1473
583 128 267 602 689 725 820 872 1051 1139 1233 1329 1413
703 161 188 430 725 736 762 872 898 976
762 188 312 430 537 634 976 1051 1210 1413
822 474 689 1058
1058 160 203 312 1233 1238
1086 54 161 247 373 537 872 1103 1164 1255 1293 1350
1169 22 93 104 152 184 474 685 777 938 1171 1354
1255 161 479 537 558 689 874 898 1293 1413
1310 161 217 247 404 509 772 821 1074 1097 1164 1181 1293 1368 1446 1461
13 175 668 892 1029 1184 1192 1369 1443
175 222 693 870 881 952 1025 1128 1192 1244 1396
668 144 190 323 754 933 975 1118 1150 1192 1276
892 145 323 324 367 566 767 774 838 855 965 967 1118
1029 190 194 400 615 784 797 881 1167 1184 1197 1201 1369
1184 69 110 576 852 1369 1488
1192 148 193 194 208 278 309 323 576 643 672 1151 1167 1227 1369 1429 1443 1494 1497
1369 34 145 420 615 769 967 1117 1244 1429 1443
1443 110 272 398 615 797 1025 1098 1105 1132 1201 1244 1270 1429 1488
14 608 649 1002 1012 1017 1071 1151 1399
608 83 99 420 571 1071 1106 1243 1326 1422
649 99 323 615 812 838 968 1017 1326
1002 71 145 241 286 323 672 774 1295 1386
1012 208 324 571 1017 1071 1333 1399 1435
1017 64 151 324 566 769 968 1291 1399
1071 63 99 112 208 324 367 566 829 1106 1333 1399 1435
1151 69 80 99 101 194 278 576 672 1132 1175 1243 1326 1497
1399 63 202 208 678 763 812 855 968 1435
15 152 474 508 758 1171
152 29 456 474 508 685 821 938 1171 1430 1461 1481
474 29 239 315 493 792 821 863 1461 1481
508 22 29 297 315 511 1171 1461
758 22 345 456 1037
1171 22 29 196 565 587 634 685 772 863 1318 1461 1481
16 90 264 334 358 501 546 580 722 786 844 989 1036 1298 1491
90 303 457 470 513 650 760 967 1031 1105 1134 1153 1189 1288 1404
264 70 76 111 191 569 684 1108 1129 1433
334 241 470 647 650 745 1175 1189 1273 1404
358 142 169 219 401 501 518 519 564 730 1036 1211 1288
501 302 580 713 1491
546 514 580 630 954 1134 1331
580 23 101 142 235 519 760 1491
722 43 235 796 1010 1066 1273 1362
786 120 191 302 730 879 906 913 925 955 1059 1125 1345
844 401 487 1059 1436
989 293 519 861 945 1073 1123 1177
1036 120 142 156 700 879 1134 1153 1345 1491
1298 212 369 452 487 713 770 1059 1147 1426
1491 191 487 906 983 1153 1205 1345 1362
17 386 609 982 1119 1405
386 238 343 432 573 676 846 897 1044 1061 1237 1336
609 384 496 559 1119 1170 1380 1486
982 468 724 953 1016 1047 1245 1319 1322
1119 82 199 276 384 724 842 934 1006 1054 1115 1165 1170
1405 559 717 842 956 1324 1460
18 250 396 441 446 486 528 657 992 1131
250 46 441 598 622 741 1032 1263
396 216 441 598 627 681 1007 1032 1111 1131 1263
441 49 301 528 1007 1032 1263
446 486 491 657 681 741 885 1032 1187 1216 1317 1322
486 158 379 491 657 741 749 1459
528 431 491 681 1465
657 157 436 459 491 681 1187 1263
992 274 389 733 814 869 1020 1084 1104 1176
1131 157 491 711 885 1263 1465
19 27 228 260 362 478 638 946 972 1130 1260 1309
27 88 118 154 790 824 962 1236 1313 1341 1407
228 135 448 604 793 860 1095 1260 1304 1428
260 33 371 494 563 613 641 662 1028 1138 1258 1270 1401 1424 1426 1436
362 86 959 1055 1265
478 86 245 284 606 859 907 946 1057 1331 1410
638 33 86 153 245 314 596 606 817 911 972
946 314 410 815 939 944 957 1050 1285 1389 1449
972 212 424 709 712 770 911 1057 1384 1401 1474
1130 135 219 770 1050 1089 1290 1331 1433
1260 336 378 604 864 911 1137 1267 1309 1428
1309 817
20 39 542 1186
39 111 442 542 656 791 1277 1281 1353
542 560 740 1091 1384 1468
1186 490 845 901 942 1453 1466
21 415 1115 1477
415 276 846 934 1044 1061 1237 1312 1336
1115 82 238 276 522 573 694 846 934 956 1044 1237 1336 1373 1477 1493
1477 343 522 934 1054 1061 1122 1312 1373 1493
22 93 104 184 217 565 663 777 792 821 1318 1423 1461
93 79 104 640 663 1318
104 184 196 798 809 863 899 938 1037 1070 1318 1368 1481
184 416 456 565 736 772 792 798 809 903 1070 1074 1181 1318 1354
217 60 298 574 685 736 772 898 1293 1375
565 685 736 809 1037 1135 1318 1354 1430 1461 1481
663 294 345 456 511 731 798 809 863 938 1070 1461
777 412 634 640 685 809 898 1037 1097 1318 1461
792 40 60 239 355 798 809 938 1070 1354 1441
821 318 734
1318 294 456 685 798 809 863 903 1037 1070
1423 79 139 185 345 526 731 1037 1430
1461 29 412 685 938 1327 1368
23 34 120 169 457 519 581 650 730 983 988 1020 1153 1177
34 69 110 286 376 398 513 576 615 672 784 1128 1167 1362 1488
120 156 171 293 924 925 1125 1152 1211
169 191 207 457 513 651 730 866 924 945 988 1123 1288 1372
457 513 672 700 730 1073 1134
519 142 513 650 988 1123 1134 1153 1177 1404 1425
581 26 30 177 733 813 1110
650 101 148 194 286 760 1132 1299
730 142 470 983 1123 1134 1273 1288 1299
983 142 156 266 470 564 684 1123 1134 1177 1222
988 266 293 627 645 648 700 1123 1205
1020 28 179 389 814 869 924
1153 322 513 529 1059 1189 1299
1177 142 470 513 866 1073 1093 1126 1299 1401
24 112 187 344 671 783 804 873 1272 1348 1451
112 341 409 414 445 675 915 950 1065 1142 1161 1230
187 233 671 1142 1307 1348
344 675 801 804 1003 1018 1393 1451
671 37 237 325 541 631
783 31 221 233 341 449 541 805 810 873 880 1003 1246 1381
804 31 409 675 810 1003
873 31 150 307 445 776 805 810 1003 1142 1378
1272 45 525 536 556 1053 1203 1495
1348 35 801 878 1378
1451 810 1307
73 66 87 128 389 759 827 869 1026 1084
89 292 310 332 353 779 835 1139 1168 1266
128 42 167 310 332 619 646 851
690 85 198 373 748 759 1139 1160 1233 1238
827 103 374 747 872 1176 1254 1266 1329 1335
851 267 291 310 316 725 1051 1183 1335
1256 167 267 395 509 725 872 1051 1146
26 308 747 816 865 1110 1179 1222
308 750 830 1179 1377 1465
747 270 312 645 646 848 1077 1084 1168 1179 1251 1266 1294 1490
816 510 567 1179 1337 1465 1490
865 270 830 1043 1111 1179 1216 1263 1266 1294
1110 270 292 389 759 876 936 1043 1176
1179 103 274 353 830 869 978 1266 1294 1490
1222 32 50 266 513 645 913 936
88 76 246 824 859 944 1055 1407
118 723 790 828 957 959 981 1137 1236 1407
154 211 391 462 489 515 673 714 721 823 981 991 1229 1282
790 601 670 824 907 943 959 964 1022 1234 1341
824 165 962 991 1055 1091 1407 1445
962 76 94 391 860 959 1055 1236 1341 1407 1449
1236 828 981 991 1022 1137 1313 1341
1313 153 435 771 860 1055 1137 1265 1341
1341 165 246 1055 1407
1407 58 499 601 823 959 1091 1137 1281
28 42 53 192 302 455 646 833 1351
42 111 267 302 437 500 689 752
53 160 427 590 624 926 998 1027 1193 1335 1364 1406 1473
192 365 394 729 752
302 70 469 906 925 958 1104 1107 1211
455 70 186 469 684 712 1129 1147 1259
646 310 500 752 1305
833 469 500 955 1026
1351 316 509 619 725 872 1051 1360 1363
29 139 161 188 736 1070
139 40 269 294 345 416 526 898 1441
161 526 537 685 736 811 872 976 1074 1375
188 198 230 287 430 685 736
736 298 412 798 1074 1097
1070 297 731 798 809 1354 1368 1481
30 50 266 733 750 876
50 32 177 510 645 867 936 1031 1187 1370 1465
266 32 179 627 645 651 866 867 945 1182
733 622 633 1370
750 46 49 301 510 633 936 1342 1370 1438 1465
876 156 177 389 510 813 874 1093
31 665 801 950 1003 1018 1482
665 360 571 625 805 984 1381
801 233 364 1371
950 341 409 414 675 776 915 1003 1116 1246 1381
1003 445 541 582 675 810
1018 364 402
1482 38 364 414 480 503 543 614 1148 1246 1328
32 179 617 645 651 814 867 913 1205
179 49 774 869 924 1182
617 207 645 866 1123
645 100 598 651 745 913 1438
651 470 514 672 866 913 945 1398
814 270 867
867 745 1182 1372
913 142 951 1182 1372
1205 142 278 428 1243 1273 1425
33 122 171 613 641 1035 1055 1057 1265 1290 1331 1424
122 123 131 662 713 1102 1138 1258 1396
171 630 641 728 1085 1267
613 123 350 796 1035 1138 1155 1401 1410 1424 1469
641 123 174 245 713 796 832 912 1095 1098 1424 1436 1474
1035 440 539 570 662 832 970 1028 1057 1138 1424 1485
1055 86 435 462 527 553 907 957 1137 1304
1057 359 494 539 563 570 895 1089 1410
1265 86 304 359 499 601 860 895 1089
1290 815 832 1331
1331 86 245 553 599 604 606 662 1361
1424 288 304 440 662 970 1258
69 194 235 286 524 797 852
110 148 286 615 852 1117 1396
286 222 235 615 720 784 870 1025 1031 1098 1244 1398 1402 1403 1426 1488
376 123 235 400 524 693 760 784 999 1081 1117 1426
398 71 615 784 797 999 1429
513 401 1105 1299 1429
576 148 278 852 1291 1374 1404 1488
615 99 643 720 784 852 968 1117 1326 1396
672 71 80 148 272 769 1073 1117 1132 1167
784 91 131 552 796 852 968 1128 1132 1155 1185 1197 1201 1291 1429 1456
1128 720 760 780 817 862 1403 1436 1488
1167 80 193 241 643 837 1190 1244 1476
1362 172 487 760 1436
1488 71 235 262 693 852 870 881 1190
35 221 263 403 414 675 810 984 1142 1330 1371 1378
221 57 256 503 543 1246 1395 1462
263 64 159 173 290 623 768 1067 1099
403 414 541 543 1378 1395 1487
414 285 445 915 1142 1283 1378 1381
675 256 285 325 810 984
810 445 1053 1307
984 56 341 351 409 566 625 1307 1378
1142 341 409 677 776 1381
1330 63 132 420 607 880 1418 1487
1371 150 364 1328 1381
1378 166 285 341 541 1307 1381
36 438 472 483 488 708 756 1250
438 168 281 313 483 708 1226 1499
472 168 453 488 756
483 168 281 338 584 597 994
488 756 831 1178 1250
708 195 338 642 756 994
756 377 453 961 1112 1250
1250 994
37 162 423 644 738 1061 1366 1478
162 166 325 351 409 631 914 1116 1283 1379 1400
423 331 735 1133 1143 1472
644 242 676 805 846 1065 1090 1133
738 593 628 806 807 1352 1394
1061 238 242 659 664 707 710 997 1090 1457
1366 237 331 525 677 735 805 897 1013 1472 1478
1478 237 331 805 1470
38 150 364 507 607 763 884 1246 1328
150 57 346 476 503 543 585 607 763 1246 1334
364 78 233 1328
507 57 252 523 607 778
607 206 256 464 503 1246 1334 1395 1467
763 78 256 503 582 778 880 1099 1462 1487
884 57 68 78 307 346 503 1454
1246
1328 285 625 677 743
111 684 958 1345
442 55 183 424 461 791 1224
656 560 1277 1466
791 388 606 709 1257 1365
1277 314 1091 1365 1468
1281 283 424 828 859 901
1353 98 299 340 458 637 688 1269
40 294 345 413 685 858 1087 1293
294 79 269 526 863 899 938 1087 1135 1441
345 60 185 416 526 731 809 903 1135 1181
413 355 1087 1097
685 412 798 1037 1481
858 141 210 248 381 521 587 737 1045 1087 1268 1350
1087 248 969 1103
1293 54 298 737 1301 1397 1441 1446
41 168 326 639 1067 1178 1261
168 281 338 377 639 642 658 764 1038
326 81 140 170 225 639 660 695 742 818
639 81 642 678 803 818 1112 1172 1178
1067 67 159 281 377 584 585 695 831 1145 1148 1261
1178 81 453 591 766 818 1112 1172 1296
1261 225 660 818 1226
267 328 509 544 574 602 634 1026 1183 1335 1417
437 365 648 729 1146
500 303 365 1160 1305
689 316 456 479 682 725 872 900 1254 1363 1413
752 310 394 621 636 1147 1183
43 487 540 1066 1436
487 564 596 728 744 1059 1066 1095
540 693 720 1066 1081 1098 1436
1066 1010 1049 1436
1436 174 268 817
44 419 493 682 937 1033 1223 1247 1284
419 113 127 257 397 493 661 843 980 1314
493 236 661 890 937
682 279 375 624 626 998 1473
937 251 397 890 980 1284 1412
1033 103 240 251 427 808 848 1188 1217 1337 1367
1223 176 200 257 320 1079 1199 1302
1247 176 820 1188
1284 200 890 980 1376 1388
45 434 556 676 1053 1312 1336
434 467 536 664 1373 1495
556 164 242 525 536 659 1495
676 664 694 846 977 1312 1493
1053 449 525 536 710 1203
1312 343 432 694 806 1143 1212 1237 1493
1336 238 426 973 1212
46 459 813 1188 1262 1367 1376 1388
459 157 244 711 1317 1377 1409
813 177 207 514 529 835 1104
1188 176 198 444 748 1217 1376
1262 701 702 834 909 1079 1302 1459
1367 96 103 149 292 808 1075 1377
1376 147 176 257 320 702
1388 157 292 444 532 567 749 1079 1387 1409
47 189 319 1202 1228
189 305 563 993 1023 1162
319 91 106 356 1359
1202 390 618 692 871 877 933 941 970 1124 1420 1437 1439 1494
1228 575 586 603 666 699 853 871 1019 1025 1235 1448
48 288 1156
288 131 350 912 1072 1197 1420
1156 125 471 552 971 1056 1197 1270 1456
49 622 633 1032 1370 1490
622 510 633 885 924
633 510
1032 103 296 631 1342
1370 100 510 1438
1490 291 353 374 567 848 1043 1266 1329
177 274 510 700 830 1104
510 869
936 157 598 978
1031 207 215 272 278 745 1105 1416 1455
1187 108 363 491 711 741 1007 1068 1080 1317 1489
1465 116 741 848
51 64 67 195 611 695 1009 1038 1063 1099 1499
64 67 151 159 584 585 597 623 1099 1226 1276
67 145 195 476 557 585 678 975 1145
195 144 145 223 273 465 754 921 1039 1063 1118 1235 1279 1289
611 132 145 273 465 975 1099
695 63 159 523 623 880 1038 1099 1145 1467
1009 503 825
1038 144 145 377 794 1063 1099 1235 1289 1499
1063 117 190 273 550 794 921 1218 1227 1235 1289 1476
1099 144 151 159 290 1190 1204
1499 290 774 838 1140 1276
52 328 373 380 439 482 551 558 619 958 1254
328 74 87 579 619 739 1329 1360
373 141 381 619 739 874 1083 1268 1375
380 87 439 547 579 637 698 1083
439 547 558 1008 1252
482 521 1347 1466
551 74 231 280 521 558 621 729 958 1008 1108 1252 1259
558 521 547 579 648 1252
619 574 739 900 1083 1103 1254 1274 1446
958 394 648 684 698 729 908 1259
1254 87 167 365 394 509 729 874 1083
160 430 753 1274 1364
427 103 374 395 567 687 725 848 1238 1274
590 75 230 422 624 1077 1385 1473
624 279 375 753 998 1193 1323 1473
926 230 279 287 1077 1473
998 75 230 279 374 375 422 661 734 1193 1414 1473
1027 198 230 422 687 748 1077
1193 75 230 287 318 375 422 687 734 820 896 1414
1335 203 287 312 509 872 1233 1406 1413
1364 198 748 772 808 896 1139 1217
1406 75 149 257 318 1077 1139
1473 203 230 279 835
54 210 239 898 1103 1301 1368 1446
210 247 254 761 798 898 966 1005 1097 1446 1447
239 298 381 602 902 985 1005 1045 1181 1233 1301 1350 1360 1363 1375 1446
898 247 298 772 1074 1181
1103 254 381 408 537 547 772 969 985 1005 1301 1350 1397
1301 60 141 248 521 602 737 1097 1397 1446 1447
1368 269 809
1446 141 254 381 544 737 1005 1447
55 424 492 592 1040 1224 1347 1365
424 336 388 481 942 1096 1365 1458
492 336 410 560 709 954 1269 1339
592 388 698 908 910 922 1050 1390 1458
1040 410 621 1224 1269 1458 1466
1224 204 393 461 560 1365 1390 1468
1347 66 163 186 231 461 579 684 709 712 1108
1365 336 393 560 939 1428
56 166 409 914 915 1191 1283 1400
166 541 915 1116 1283
409 420 449 625 1116 1307
914 360 631 915 1143 1283 1400
915 341 351 1116 1283
1191 83 360 812 1042 1106 1379 1479
1283 788
1400 1206 1379
57 173 307 346 503 582 680 696 829 1148
173 225 764 818 932 1232
307 61 78 370 445 503 614 768 778 1148 1334
346 78 523 696 776 789 855
503 78 718 1454
582 523 768 932 1204 1454
680 370 480 764 932 1109 1112 1454
696 252 718 743
829 256 367 855 1204 1395
1148 61 370 614 1060
58 253 781 918 986
253 121 197 714 721 800 986 1034 1225 1445
781 261 435 662 986 1229 1411
918 261 535 986 1225 1239
986 94 261 785 1225 1239
561 342 432 468 795 1006 1013 1245 1493
578 468 856 1016 1352 1489
593 788 977 1013 1065 1090 1394 1493
710 522 538 573 973 1090 1213 1393 1457
795 199 694 856 894 1006 1394 1460 1486
934 82 238 496 1044 1165 1493
1044 460 467 522 694 724 846 1013 1015 1373
1141 109 224 289 321 363 495 555 751 757 847 1166 1180 1200
1159 295 616 628 894 953 1245
1460 842 1165 1493
60 247 416 456 1097 1181 1481
247 456 1327 1430
416 355 526 731 863 1354
456 185 526 772 798 1037 1481
1097 526 772 809 1135 1354 1375
1181 772 966 1045
1481 526 809 863 1037 1354
61 614
614 252 370 480 1454
287 230 430 549 872 1160 1210 1385 1413
537 203 900 1233 1413
1074 811 1397
63 144 202 464 774 838 855 965 1333 1435
144 774 1204 1218 1235
202 145 273 447 554 855 965 1276 1333 1435
464 256 855 880 1204 1395 1462 1487
774 190 273 965 967 1039 1276 1422
838 566 965 968 1039 1467
855 145 965 1039 1276 1418 1435
965 145 241 754 881 952 1039 1276
1333 190 367 447 754 767 1150 1204 1235 1402
1435 880 1094 1106
151 145 262 282 921 1145 1204 1218
159 584 597 600 623 1145
584 309 313 338 585 597 803 1226
585 433 597 623 679 932 1030 1145
597 338 377 1140
623 367 517 600 678 921
1226 317 377 433 517 658 766 803 932 1172
1276 367 967 1039 1145
65 77 305 1023 1136 1498
77 234 265 271 275 719 886
305 691 993 1434 1498
1023 993 1434 1469 1498
1136 515 714 785 800 990 1225 1325
1498 383 527 1064
66 204 521 547 698 908 910 1083 1096 1252 1259 1444
204 98 182 388 461 553 698 761 1008 1083 1257
521 739 874 920 1259
547 231 299 902 1252 1269
698 172 490 518 636 1259
908 183 186 280 310 560 648 729 1108 1257 1259 1390
910 70 156 518 564 1107 1339 1433
1083 74 381 394 574 739 1360
1096 98 393 490 1474
1252 231 594 1008 1026
1259 461 518 579 1008 1108 1390
1444 183 191 709 864 922 954 1147 1257 1428
145 208 323
476 78 241 282 523 557 1060 1334 1395
557 290 523 543 768 778 921 1145 1467
678 794 921 967 1145 1204
975 282 367 1060 1204 1467
1145 290
68 285 1232 1321
285 402 778
1232 170 1306
1321 480
194 80 852 1244 1326 1386 1429
235 131 720 862 999 1095 1102
524 278 632 720 999 1049 1072 1155 1267 1270 1297 1426
797 268 400 632 693 1218 1227 1244
852 241 278 647 1105 1155
70 84 156 163 579 648 684 712 864 955 963 1107 1339 1433
84 452 1384 1474
156 142 213 700 879 925
163 172 389 469 518 569 684 700 712 906 954 1125 1345
579 518 648 712
648 172 410 729 906 922 954 963 1147 1211
684 378 518 1125 1129 1147 1152 1390 1466
712 74 186 191 369 452 864 1211 1390
864 369 410 481 1129 1339 1433 1474
955 191 369 452 469 728 954 1107 1345 1433
963 167 274 303 369 469
1107 186 191 293 369 879 906 1125 1315
1339 212 410 954 1129 1389 1433
1433 172 564 636 879
71 208 272 323 643 769 870 1140 1227 1402 1429 1497
208 193 273 566 968
272 80 99 193 643 870 1105 1175 1326
323 643 870 1227 1386
643 80 193 218 241 268 952 1150 1227 1429 1476
769 80 99 278 428 1326 1422
870 767 1117 1244 1386 1396 1429
1140 281 309 313 338 600 1019
1227 241 268 1117 1289 1295 1386 1402
1402 767 881 921 1105 1189 1244 1279 1295 1386
1429 80 693 879 1244
1497 80 99 193 278
309 338 679 1019 1039 1172 1292
317 130 575 1320
372 407
679 465 554 586 794 1320
1094 313 407
1154 102 117 407 586 603 669 773 1220 1320
87 594 874 1375
389 270 274 830 1183 1266 1294 1329
759 230 529 830 1315
869 274 293 924 1104 1146 1266
1026 167 906 1315 1390
1084 274 303 332 1183 1305
74
75 230 279 626 1414
230 1238
279 375 549 734 1323 1414
626 661 820
1414 318 826 930 1323 1358
76 246 388 393 560 770
246 283 448
388 183 336 393 481 560 942
393 481 490 740 1091
560 314 336 939
770 212 410 815
234 136 197 209 387 527 535 686 746 1064 1127 1162
265 229 275 1081 1356
271 356 421 960 970
275 106 131 691 1258
719 284 304 462 494 599 612 993
886 350 1485
78 256 402 550 718 743
256 880 1462 1487
402
550 138 742 789 1454
718 233 743
743 233
79 297 1441
297 863 1327
1441 355 526 731 863 938 1430
80 99 193 1189 1326
99 91 647 1132
193 278 1295
1189 101 322 647 745 866 1126 1404
1326 278 428 1117 1126 1175 1230 1404
81 600 660 764 766 1112
600 281 290 313 338 575 803 1467
660 281 591 803
764 170 517 766 932 1172
766 517 1296 1306 1392
1112 517 591 658 1296 1480
82 522 1054 1380
522 573 694 1165 1394
1054 432 460 842 1015 1493
1380 460 496 782 1170 1253 1324
83 215 360 420 445 805 1042 1422
215 360 420 1374
360 420 1042 1418
420 647 951 968 1206 1374 1455
445 1381
805 429 536 664 735 897 1065 1214 1393 1457 1472
1042 429
1422 101 732 1230 1243
452 1010 1050 1059 1474
1384 153 336 596 911 1108 1474
1474 135 911 939 1389
85 149 291 332 1139 1183 1274
149 532 1052 1217
291 835 1139 1210
332 167 479 725 779 835 1315 1360
1139 395 532 749 835 1251 1263 1337
1183 569 835 1176 1251 1294
1274 374 395 532 779 978 1251 1337
86 304 793 907 1137
304 670 860 1028 1089
793 245 494 563 601 746 895 1028 1089 1102 1137 1196
907 165 347 435 670 728 860 959 1137 1304 1449
1137 284 499 653 723 860 957 991 1304
594 201 381 621 761 857 985 1447
874 365 544
1375 509 621 634 920 1164 1397
859 499 563 599 799 823
944 135 911 954
292 96 103 301 830 1168
310 394 636 1211 1305
353 830 924 1043
779 312 394 395 544 1337
835 312 872
1168 301 1216 1238
1266 830 1104 1294
303 213 636 879 924 1288 1315
470 207 219 514 1105 1126 1299 1416
760 1010 1201
967 273 465 1019 1118 1218 1279
1105 142 1175 1404 1416
1134 861
1288 101 293 514 1081
1404 278 1106 1372
91 174 1396 1403 1476
174 197 1072 1095 1102 1267
1396 102 400 632 767 1025 1049 1201 1291 1297 1420
1403 796 862 1098 1190 1197
1476 190 227 241 273 588 754 794 881 1039 1118 1289
92 143 178 363 379 847 1076 1219 1319 1464 1496
143 333 411 893 905 1157 1249
178 147 352 379 385 701 850 909 974 1052 1215 1391 1463 1483
363 289 1076 1157
379 516 905 1215 1483 1496
847 105 905 1052 1231 1483
1076 126 259 289 909 1180 1215 1219
1219 224 244 255 259 289 757 1157 1180 1391
1319 244 333 495 757 953 1221 1308 1322
1464 133 333 411 909 974 1264 1391
1496 701 757 1068 1194 1221 1322 1459 1489
640 196 315 511 1430
94 383 667 686 714 981 1064 1196 1275 1415
383 136 209 359 771 1064 1162 1415 1434
667 136 153 197 462 527 595 599 673 686 746 771 1089 1275 1325
686 165 209 211 823 1229 1415
714 284 489 673 1064 1229
981 723 959 991 1449
1064 136 197 209 535 653 746 771 1127 1415
1196 284 515 599 1101 1138 1275
1275 347 387 391 462 494 515 589 599 612 728 895 1325 1449
1415 136 197 209 589 595 957 1239 1300 1325
95 140 339 531 818 1480
140 225 339 354
339 405 531 629 652 935 1480
531 170 354 405 1030
818 225 742 1204 1480
1480 405 517 620
96 103 240 374 947 1007 1075
103 240 270
240 251 374 808 1217 1251 1337 1377 1385 1412
374 395 422 532 567 848 947 1337 1377
947 1052 1199
1007 216 610 741 885 1111 1206 1342
1075 127 200 216 397 702 893 930 1249
932 523 1334
98 458 845 920
458 243 299 849 920 949 1417
845 280 299 454 849
920 201 849 928 985 1008
647 101 447 945 1126 1273
1132 278 720 1073 1098 1244 1386
100 1438
1438
101 322 720 1175 1230 1416
322 273 428 951
720 999 1010 1049 1095
1175 148 767 968 1425
1230 324 1024 1073 1372
1416 278 514 1073 1106 1273
102 218 327 498 699 853 871 1124
218 222 223 227 262 463 618 699 773 971 1062 1155 1279 1420
327 223 498 632 716 941 1046 1286 1439 1494
498 117 223 329 390 465 699 1113 1248 1439 1492
699 129 329 603 853 933 1174 1235 1359 1456 1492 1494
853 716 1046 1452
871 329 390 477 1062 1124 1286 1437 1439 1492
1124 129 329 390 1420 1456
270 1043 1216
196 315 734
798 863 938 1354
809 772 863 1354
863 185 254 269 899 1327
899 1354
938 731 811 1327
1037 903 1354
105 352 1068 1157 1302 1308 1459
352 216 333 411 495 516 538 711 757 1100 1157 1194 1463
1068 436 516 757 836 1100 1157 1231 1317 1489
1157 244 757 974 1100 1198 1221 1308 1459
1302 147 236 320 431 701 726 896 1052 1079 1199 1314
1308 244 411 495 516 1180 1231
1459 244 411 431 555 757 834 893 905 974 1391
106 229 421 545
229 1356 1437
421 589 1056 1356
545 350 359 705 1028 1469
113 251 257
257 127 661 701 826 1412
320 200 251
890 200 361 397 726 843 1409 1412
930 661 1077
1217 127 198 203 734 896 1413
108 158 1080 1198 1387
158 176 216 749 834 1078 1198
1080 711 1198 1387
1198 289 749 1377 1387
1387 157 411 431 749 974 1317 1377
109 384 559 987 1004 1015 1069 1324 1486
384 1004 1486
559 335 460 496 987 1021 1069 1170 1486
987 538 654 727 1021 1170 1208 1253 1324 1421 1486
1004 495 724 765 806 1486
1015 335 496 654 727 1122 1170 1493
1069 335 717 782 1253 1421
1324 883 1170
1486 199 276 335 460 496 727 751 765 1170
148 278 1117
1117 399 773 1073
1345 469 700 879 906 925 1125
341 807 1307 1393
1065 331 628 755 1133
1161 164 426 536 659 846 973 1495
251 127 848 1079 1323 1337
568 796 832 912 1102 1270 1426
692 390 941 1286 1437 1439 1456
1356 350 960
1361 123 359 799 1095 1102
1456 841 970 1056 1190 1270
1492 129 329 390 477 941 1286
116 226 885
226 598 732 1011 1427
885 681 741 1104 1111 1216 1263 1342 1427
117 313 407 463 586 933 1046 1292 1452
313 338 554 994
407 586 716 1046 1062 1289 1320 1452
463 155 223 632 669 933 1046 1113 1190
586 227 575 666 716 1174 1220 1320 1452
933 137 155 262 603 618 881 971 1046 1279
1046 125 223 227 262 465 603 773 877 1174 1494
1292 225 1296
1452 716 754 1025 1062 1439 1448
723 489 595 601 670 673 860 957 1449
828 391 1091
957 165 435 589 599 746 942 959
959
119 126 505 727 1208 1253
126 1016
505 1208
727 335 1170
1208 782 1421
1253 516
293 700 924 925 1098 1211 1389
924 514 1211
925 636 879 906 1059 1125 1211
1125 213 700 817 1152
1152 172 186 369 636
1211 529 861
121 211 391 800 1034
211 721 800 1282
391 595 799 990 1034 1225 1229 1445
800 261 1225 1239
1034 823 1022 1282
123 662 912 1028 1258
131 268 539 796 1056 1197 1426
662 539 713 964 996 1410
713 630 1095 1098 1102 1267
1102 912 1085 1197 1258 1401
1138 284 539 570 1028 1049
1258 771 912 1056 1401
912 245 440 570 630 832 862 1085 1098 1270
1028 563 1270
467 238
610 598 628 1013 1457
735 331 351 806 1158 1472
125 222 350 400 570 1056 1185 1197 1426 1485 1494
222 137 223 632 773 1025 1150 1291
350 245 539 705 1085 1485
400 693 881 1025 1201 1297
570 440 653 705 996 1072
1056
1185 440 1085
1197 268 705 881 1190 1426 1469
1426 223 390 780 841 1270 1420
1485 539 691 771 996
1494 223 390 471 603 618 1062 1113 1297
1016 224 244 321 468 751 834 953 956 1322
127 980 1323
980 826
1323 318 753 893 1077
167 365 479 739
129 477 877 941 1174 1286
477 329 390 1437
877 390 618 970 1113 1286
941 390 603 1286 1437 1439
1174 1248 1420 1439
1286 1439
130 281 994
281 377 642 803
994 642 1386
268 693 841 1118 1201 1297
539 284 553 563
796 862 999 1010 1049
132 206 367 768 1418 1487
206 282 768 921
367 290 921 1204
768 1106 1487
1418
1487 1462
133 834 909 1264 1391
834 216 893 905
909 321 1215 1391 1483
1264 749 1052 1079 1409
1391 385 1215
134 664 1006 1165
664 238 242 707 897 1212 1237 1457
1006 616 717 1352
1165 432 694 806 1047 1493
135 815 1050 1147 1389
815 186 212 518 596 604 911 1091 1147 1389 1390
1050 596 728 817 911
1147 191 410 518 596 709
1389 481 596 911 939 1267
136 197 209 359 746 1162
197 746 1162
209 435 506 515 746 771 1300 1303 1445
359 356 563 612 653 960 1101
746 535 1300 1325
1162 494 595 1300 1434
137 155 465 588 632 952 1025 1190
155 223 618 773 837 1062 1155 1201 1220
465 227 669 837 1019
588 706 716 780 952 1062
632 471 773 881 1291
952 669 773 881 1150 1220 1279 1386
1025 693 780 881 1190 1291
1190 241 390 693 773 780 971 1072 1155 1270 1295 1297
138 252 825 1109 1306
252
825 170
1109 523
1306
269 526 731 1135 1354
526 185 731 1164 1397
225 1172
354 405 620
141 254 381 949 969 1045 1135
254 587 602 637 737 811 969 1005
381 587 1447
949 637 761 985 1041 1045 1350 1447
969 248 340 408 587 737 1045
1045 201 248 587 737 772 857 1350
1135 185 731 966
142 399 564 1073 1425
399
564
1073 401
1425 207 533 866 1273 1372
333 321 502 538 953 1352
411 244 473 1215 1249
893 361 473 701 836 1078 1180 1199 1249
905 974 1463 1483
1249 176 473 974
1204 778 921 1467
1218 754 1019 1118 1467
1235 554 1279
146 366 883 1021 1122 1170
366 335 496 1421
883 654 1122
1021 502 654 891 953 1200
1122 335 460 496 1170
1170 335
147 236 661 757 1052
236 361 726 1409
661 198 397 687
757 216 244 495 1013 1231
1052 1079 1409 1463
278
532 198 395 549 567 1251 1337
543 1395 1454
1334 325 880
262 223 329 618 837 881 1062
282 290 523 794 921 1467
921 273
1430 1327
153 165 462 499 527 599 604 606 670 1225
165 347 860 964
462 284 347 356 494 527 563 589 595 599 612 673 1101
499 527 1304
527 494 991 1303 1401 1445
599 601 670 771
604 371 553 595 606 670 740 1304 1449
606 553 787 1091 1449
670 589 595 601 1101 1449
1225 535 673 990 1239 1282 1303
489 506 673 1127 1229
515 347 435 494 771 1300
673 494 589
721 823 1229 1282 1445
823 1282 1445
991 435 595 799 943
1229 771
1282 595 785
223 603 773 1201 1220 1244 1291
618 471 552 1113
773 693 881 1062 1291
837 1039 1448
1062 669 881 1291 1437 1448
1155 971 1270 1297 1420
1201 693 780 1072 1297
1220 1118 1248
213 529 700 1176
700 469
879 369 636 906 1146
157 1078
1078 701 702
176 444 1377
216 224 289 1231 1483
749 395 444 711
430 549 602 1210
753 549
811 203 1360 1413
872 725 1160 1233 1413
976 602 737
325 351 571 1395
351 1106
631 868 1472
1116 776 1307 1381
1379 429 732 1133 1455 1479
172 469 954 1129
469 219 518
518 922
569 906 1146 1315
906 191 636
954 709
164 536 707 1203
536 997 1495
707 242 343 426 573 897 973 1013 1133 1457
1203 887 997
347 371 387 435 494 595 1300 1469
860 595 787 1449
964 283 595 943
541 677 1381
365 509
479 201 316 574 634 902 1164
739 382 902
338 377 642 658 803 1172
377 453 523 658 1118
642 453
658 803 961
191 378 1129
207 447 861 866
866 1126
945 514 1398
1123 1398
1372 447 533 627 1093
170
630 728
728 744
1085 832 1095 1270 1386
1267 817
1129 186 394 410 709 1108
1072 440 841 999 1049 1098 1270
1095
693 471 780 970
881 471 1113 1244 1279
1244 780
444 1294
1377 567 1079
274
830 301 1104
1104 1294 1329
385 361 850 953 974
701 361 1079 1199 1314 1409
850 431 726
974 836 1483
1215 1463
1463 555 1483
1483 473
1182 745 861 1093
706 390
1439 329
978 567 1043
182 299 1453
299 280 340 454 688 849 1417
1453 461 490 942 1257 1458 1466 1475
183 336 709
336 481 1269
709 410 922 1390
772 1363
903 1327
1354
185 355 966
355
966 248
186 369 378
369 636
378 922
233 789
1307 677 887 1381
198 200 748 896 1077
563 553 612 691 705 771 1089 1401
993
190 273 794 1279 1289 1295
273 1289 1467
794 554
1279 227 1113
1289 1118 1386
1295 1019
394 509 544 1160
729
1386 447 767
754 1118
1039 566
1118
315 511
734
200 896 1079 1409 1412
748 422 687
896 422 687
1077
199 255 806 1493
255 224 321 468 717 724 765
806 296 343 897 1373 1493
1493 846 897
1079 431 702
1409 726 1314
1412 726 826
201 243 382 408 451 857 928 1041 1417
243 404 637 688 857 902 1268
382 231 404 637 857
408 451 637 737 761 985 1268 1447
451 231 280 637 761 1041 1268 1417
857 761 849
928 330 637 761 849 1041 1417
1041 280 404 637 688 1268
1417 340 637 849 902 1005 1008
447 533 732
554 453 1019
203 318 1160 1251 1385
318 1210
1160 725 849
1251 395 1337
1385 725 1210
461 212 340 621 1008
553 232 245 895
761
1008 231 280 1390
1257 490 942 1269
705 245 691 996
861 1398
566 324
968 324
435 799 943 1304 1434
506 261 1300
771 284 387 589 612 653 1089 1469
1300 387 589 1303 1325 1445
1303 535 785
1445 261 785 1234 1411
1005 900 1397
1447 587 985 1350 1397
212 219 744
219 401 1059
744 1059
529
1176 1146
214 1011 1427 1470
1011 807 951 1427 1470
1427 429 755 1090 1455
1470 1143 1214 1472
1374 429 812 951 1479
224 321 555 751 1166
289 244 538
1231 244 495 555 836 1100
298 412 602 634
574
227
971 390 471 603 780 1113
1420 329 471 552
401 245 1059
1059
602 634 1210 1413
900 985
1395 480 778 880
1462 625 880
1150 970
1291 471 780
603 329 1448
321 502 953
555 538 856 1342
751 538 846 1166
1166 259 342 654 724 1245
1172 517 803
598 627 868
732 951 1093 1455
448 740 1022 1468
1304
1428 481 1458
1437 390 1248 1359
1238
231 330 404
330 1390
404 621 688 1268
232 787 817
787 943
817 1081
789 480 1454
387 494 589 1410
535 990 1239 1325
1127
862 832 1049 1098
999 832 1049 1297
361 397 820
726 843
237 677 807 887 997 1221 1393
677 776 878 1158
807 628 1207 1214
887 973
997 449 659 1158 1495
1221 295 296 468 724 929 956 1489
1393 449 878 1213
238 343 426 573 846
343 659 897
426 659 973 1014 1495
573 659 1090 1212 1373
846 842 1212 1394
902 985 1397
985
1233 1210
1350 737
1360 509 544 1051
1363 725
808 848
1337 395
241 428
428 571 1243
242 755 977 1207 1212 1213
755 812 1133 1206 1342
977 331 694 897 1090 1214 1457 1472
1207 856 1133
1212 296 659 1090
1213 331 1014 1472
637 1268 1475
688 454
1268
244 259 495 836
259
495 295 836
836
245 612 1081
612 1098 1101 1469
1081 1049
283 1022 1234
1327
248 587
587
681 468 491 711 1111
1245 296 468 538 616 856 956 1047 1194
741 1263 1342
1263 1111 1342
848
737
468 436 538 616 894 956
717 276 538 856 956
724 616 956
765 335
880 523 571
826 843
371 284 1089
494 284 589 895 1089
1270 440 1049 1410
1401 589
261 785 990 1239
785
990 1239
1239
329 390 1448
290 1467
1108 596
627 429 533
509 375 544 634 725 1051
544 316 725
634 1413
841 552 1297
1297 440 552 780 1049
731
1043
1216 916
356 1101
960 1173
970 471
1467
691
276 694
694 891 973 1237 1373
1294 1329
375 549
549 1210
280 340 454
340 1466 1475
454
803 961
523 1060
1022
1234 1468
284 589 653
589 595 1449
653
778 1060
1098 1049
1398 745
1210 1413
1413
538 502 516 605 654 856 956 1047 1322
301
295 894 1322 1489
894 516 929 1194 1322 1489
1322 616 856 956 1100
1489 616 856 953 1047 1133 1317 1352
296 628 929 1013 1194 1352
628 929 1352
929 342 1206 1352
1013 1394
1194 616
1352 429 856 1100 1133
412
849
453
636 1305
1315
1089
1434
370 1454
1019 669 831
1305
312
314 481 740 939
481
740
939 596
511
316 725 1051
725
1051
575 831
1320 831
1359
502 605 654
953 516 1047 1100
951
324 571
571 1106
742 620 961
716 666 1248
1329
390
1448
1390
331
745
1273
335 782
782 891
1269
405 620 629 935 1296
629 620 1392
652
935 1030
1466 1468
1475 942
342 616
616 956 1047
659
897 956 1090 1373 1457
776 449
595 1449
1469 996
1158 449
1106 916 1243
516 956
711
1100 1206 1317
620 1030
1101 895
996
397
820 1358
496
1421
1454
395
422 687
567
922
432 1237
1237 1373
1410
942 490 1458
799 601
490 901 1468
1091
1111
621
1296 517
449 878 1495
625
410
473
1381
868 788 1133
1093
843
1314 702
1206
1455
687
1133 1495
1143 1472
1472 1214
1458
916
973 1495
1014 1090
1495
1243
429 788
788
431 702
702
433 517 1392
517
1392 591
1373
943 895
436 1047
1047 605 956
1146
440 832
832 1049
491 1342
1317
533
1468
878
1010
460
669
1113
1199
956 1200
514
1126 1299
1299
471
1060
1164 1397
480
1342
596
831
901
895
1248 666
605 654 1180
654 1200
1394
1049
525 1214 1479
1214
1479
1397
1030
1325
856
552
1090 1457
666
780
1449
591
601
1180
1457
911
812
1200 891
1173
961
891
767
1411
1358
842
1285
1024
