0 259 266 310 462 493 548 726 769 1015 1386 1494 1499
259 51 90 239 592 596 725 834 881 989 1150 1289
266 71 122 751 1375 1432 1499
310 599 873 939 1129 1352 1364 1494
462 51 443 512 520 548 812 1015
493 505 795 1129 1297
548 78 122 443 515 557 599 726 1077 1375
726 51 78 332 535 592 599 979 1077 1150 1165 1494
769 46 228 386 466 768 834 1021
1015 157 529 592 812 947 1212 1340 1375 1494
1386 229 515 592 843 1494
1494 78 323 515 557 881 1150 1375
1499 213 634 800 913 1077
1 300 525 693 714 999 1305
300 623 1086
525 281 498
693 246 457 714 1305
714 373
999 352 623
1305 89 246 659 1086
2 273 302 680 692 739 1037 1282 1304
273 739 1210 1304 1469
302 206 237 533 665 952 1037 1210
680 295
692 713 1064 1488
739 237 289 304
1037 289 583 632 1210
1282 702
1304 295 580 1210
3 27 395 938
27 64 125 498 551 602 766 976 1319
395 117 264 498 657 766 789
938 48 174 277 282 321 487 616 1107 1218 1434 1438
4 225 405 552 666 805 888 1056 1423
225 33 70 537 656 805
405 19 261 358 436 1056 1423 1449
552 329 467 805 888 1154 1370
666 460
805 171 549 927 956 1370
888 11 502 1056 1423
1056 74 181 199 1204 1205 1423
1423 19 74 91 199 436 774 1205 1433 1449
5 247 695 864 1096 1156 1301 1387
247 428 562 794 1346
695 13 139 179 428 1298
864 139 464 689 859
1096 691 718 771 960 1298 1301
1156 510 639 691 1158 1267 1301
1301 689 1285
1387 48 321 1033 1094 1127
6 45 113 275 316 334 1186 1242
45 66 275 821 1146 1348
113 95 107 229 361 371 449 1062 1191 1288 1354
275 775 977
316 84 203 681 729 764 934 1109 1284
334 764 860 1174 1378
1186 41 1062 1242
1242 66 229 348 449 681 752 821
7 682 694 891 905 1343
682 238 600 759 798 882 1219 1343
694 8 212 226 891 1053 1153
891 164 305 797 890 993
905 190 212 214 365 762 825 1051 1115 1339
1343 149 238 268 271 432 542 1006 1207
8 221 780 1295 1302 1388
221 26 433 497 683 854 951 953 993 1183 1388
780 615 635 901 1099 1451
1295 26 146 226 892 951 993 1388 1427
1302 240 882 1183 1493
1388 416 497 892 1419
9 131 408 555 685 745 842
131 31 180 778 857 1039 1123 1217 1232 1276 1401 1456
408 1276 1379
555 160 180 394 527 857 973 1075 1100 1277 1456
685 18 731 1046 1232 1288
745 1264
842 180 843 1010 1290
10 356 396 411 482 749 924 1330
356 68 437 1018 1142 1330 1443
396 218 490 1381
411 428 499 904 965 1159 1261
482 139 360 428 957 1139 1316 1443
749 47 168 216 425 971
924 68 1142 1330 1443
1330 1443
11 199 436 870
199 74 91 919 1205 1449
436 358
870 675 871 1082 1188 1293
12 69
69 211 467 909 1162
13 16 510 574 639 1094
16 491 639
510 112 771 1298 1438
574 338 655 1185 1195 1452
639 293 430 562 691 1000 1033
1094 965 1168 1218 1436
14 753 865 1485
753 154 177 672 996 1406
865 177 868 880 996 1371
1485 56 269 1225 1253 1256 1268 1421
15 73 375 563 896 932 1065 1112 1114 1357 1498
73 276 484 833 896 1038 1180
375 484 712 811 932 1065 1112 1332 1462
563 66 479 633 821 1288
896 182 184 470 932 1038 1091 1182
932 184 484 601 867 1114 1332 1361 1437 1463
1065 182 184 484 1112
1112 50 182 184 420 448 1167 1332 1437
1114 132 420 712 862 1038 1167 1182 1327 1462
1357 182 340 420 508 1167 1332 1437
1498 58 124 159 1130 1180 1259 1306
491 207 347 562 572 716 1000 1236
17 232 777 943 1001
232 87 89 104 246 351 943
777 1349
943 246 306 623 1384
1001 92 104 278 1461
18 160 180 303 496 1035 1046 1232 1277
160 731 962 973 1035 1039 1216 1217 1277 1401 1456 1472
180 303 496 1035 1080 1100 1315 1395 1401
303 195 569 773 1288 1290 1334
496 1035 1232 1395 1477
1035 364 979 1010 1100 1123 1134 1216 1477
1046 95 527 883 962 1216 1277
1232 95 750 1216 1456 1477
1277 480 1075
19 33 392 410 656
33 70 152 392 532 648 723 738 801 1154
392 261 362 410 537 1176 1389
410 70 135 156 170 399 532 1047 1329 1413
656 152 774 1154 1365 1454
20 208 669 803 831 981 1273
208 831 1383
669 142 914 1201 1273
803 92 349 456 457 914 981
831 414 683 1273 1292 1383
981 278 336 721
1273 367 414 853 914
21 286 946 951 1140 1419
286 309 635 728 946 1099
946 308 309 746 853 1042 1201 1263
951 433 497 1183
1140 308 353 652 1099 1451
1419 706 786 892
22 30 37 52 716 844 1160
30 37 52 227 545 1160 1366
37 139 492 991 1366 1374 1486
52 844 1017 1160 1171 1298 1366
716 338 1337
844 1346 1479
1160 691
23 962 1477
962 41 95 107 210 394 474 480 556 731 750 973
1477 95 697 812 1123
24 83 103 136 166 348 427 688 713 1064 1317 1470
83 236 366 686 973
103 128 236 348 357 458 556 637 713 750 758 820 1007 1317 1335
136 236 427 480 582 688 820 1488
166 348 480 527 660 688 1335 1470 1472
348 95 458 573 688 1007 1191 1217 1464
427 366 480 556 582 627 713 758 1317 1487
688 394 480 627 632 713 838 915 1470
713 153 236
1064 237 289 627 758 1214 1428 1470
1317 128 458 474 556 758 1488
1470 128 449 660 1487
25 579 687 765 824 906 929 1172 1382
579 233 518 1196
687 28 167 380 589 1307
765 169 344 1172
824 941
906 189 516 518 558 589 1055 1197 1333
929 29 61 216 699 878 1132
1172 189 288 363 589 622 849 1481
1382 730 910 1358 1392
26 77 353 488 652 1161 1296
77 488 901 1099 1161 1183
353 244 1383
488 570 1451
652 308 309 746 1099
1161 1152 1451
1296 240 553 953 1403 1484 1490
64 179 551 1092 1107
125 48 93 201 204 625 1283
498 115 306 487 766 965 1319
551 117 130 1260
602 130 657 766
766 117 320 976
976 193 246 352
1319 117 352 560 657 789 1384
28 509 589 701 1197 1344 1410 1455
509 55 141 148 380 516 550 859 957 1108 1272 1333
589 380 701 1257 1392
701 189 363 380 516 756 1333
1197 189 194 288 518 1333 1336
1344 296 617 1192 1278 1307
1410 116 296 1171 1353
1455 179 487 541 668 903 1168 1266 1267
29 47 60 68 216 727 748 848 878 1262
47 248 425 727 878 1081 1132
60 385 440 722 757 792 893 1149
68 294 437 982 1018 1426
216 489 727 848 990 1367
727 61 757 1081 1338 1367
748 141 168 489 565 737 819 961 1132
848 878 990 1222
878 819 1230 1262
1262 81 451 587 620 781 1081
227 530 545 1190
545 319 530 1017
1366 319 492 1228 1353
31 366
366 1100
32 118 708 1265 1450
118 173 1095
708 536 572 662
1265 390 519 546 572 1184 1422 1480
1450 93 207 546 625 630 767 847 1417
70 98 100 532 735 995 1176 1445
152 397
532 912 1090 1133 1445
648 98 171 249 253 444 920 1083 1323 1489
723 74 397 740 774 1090 1449
738 99 663 861
801 397 481 537 740 1154 1176
1154 1389
34 168 586 941 982
168 425 1081 1132 1198
586 428 490 987 1045 1260 1476
941 126 294 363 966 1149 1385
982 954 1097 1443 1481
35 121 397 590 740
121 75 485 885 1454
397 379 740 1413 1454
590 151 885
740 287 362 379 485 1068
36 816 874 1322 1424 1426
816 327 610 1424
874 213 377 409 949 1227
1322 88 198 213 280 323 469 634 720 779 830 1063
1424 76 928 989 1227
1426 591 620 1243
139 169 794 1171 1468
492 1374
991 935 1017 1171 1479
1374 319 1337 1486
1486 158 338 1337
38 312 530 550 1004 1028 1097 1468
312 40 756 855 994 1026 1070 1221 1358
530 1353 1355
550 369 794 1004 1108
1004 296 918 1307 1355
1028 242 290 558 948 1026 1036 1108 1145 1307 1314 1336
1097 464 689 904 1298
1468 148 169 296 1108 1346
39 98 156 191 219 298 641 1025 1141
98 253 318 604 719 920
156 298 324 1113 1141
191 62 188 202 445 912 1093 1113 1329 1459
219 171 205 253 461 645 1083
298 62 431 826 940 1128 1169 1229 1323
641 205 431 872
1025 251 872 895 1105
1141 370 940 1162 1169 1320 1362
40 690 1026 1131 1192 1278 1336
690 895 902 1192 1358
1026 412 855 1036 1131
1131 380 516 617 895 1078 1108 1278
1192 189 290 516 622 937 1355
1278 895 1314 1336 1363
1336 242 290 554 855 1145
41 107 229 1372
107 361 371 1067
229 127 140 697 770 775 1414
1372 133 480 883 955 1010 1233
42 424 833 860 967 985 1126 1208
424 504 601 833 985 1032 1126
833 241 1101 1180 1361
860 355 472 664 908 1235 1378 1458
967 335 664 985 1101 1126
985 472 501 643 1126 1208 1235 1478
1126 650 664 711 1208
1208 228 504 1407
43 162 640
162 670 1058 1291
640 203 1291
44 85 226 571 880 916 922 969 1137 1359 1371
85 145 381 922
226 146 292 401 514 953 1053 1484
571 145 244 442 672 916 1137 1345
880 145 916 996 1253 1406
916 1166 1371
922 418 1137
969 418 743 1137
1137 119 418 1345 1371
1359 119 177 187 359 591 673 1405 1440
1371 145 743 868
66 681 764 821 1080
821 472 628 764 1058 1170 1409
1146 217 386 404 479 856 1430 1458
1348 82 101 343 420 588 671 677 942 1109 1179 1391
46 71 217 404 1220 1430
71 575
217 51 386 881 1129 1271 1375
404 977 1244 1471
1220 770 773 843 1458
1430 80 466 664 768 856 1211 1235 1471
248 376 385 1257
425 126 161 376 792 818 1143 1257
1081 61 737 782 1367
1132 440 494 792 966 1016 1230 1243
48 252 274 454 1434
252 110 264 368 625 718 1158 1436
274 112 138 454 771 1033 1218 1283 1434
454 134 176 264 534 1089 1417 1442
1434 176 293 407 616 742 1089 1442
49 178 597 787 950 1102 1289
178 243 440 787 819 835 1222 1393
597 506 575 1222 1252 1393
787 230 699 829 936 988
950 653 782 830
1102 76 384 494 565 1377
1289 90 737 837 1129 1211 1252 1416
50 276 422 1167 1247 1327 1467
276 270 322 354 526 538 601 811 1038 1239 1332 1437 1463
422 101 712 862 863 899 908 1179 1391
1167 175 301 601 972
1247 241 335 1180 1245 1259
1327 470 832 1120 1437 1439
1467 241 538 867 900 1130 1180 1259
51 614 773 843 1394
614 479 596 633 856 1458
773 364 593 596 717 843 1134 1334
843 90 127 535 593 979 1334 1375
1394 90 593 599 725 856
1017 158 1228
1171 794 1070
1298 691 1185
53 186 899 934 1109 1174
186 504 603 628 1024 1119
899 1024 1174 1391
934 339 603 764 1059 1174 1313
1109 942 1291
1174 472 764 1059 1119
54 528 607 626 1048 1239 1251
528 526 564 832 1188 1239 1293 1399
607 413 502 733 919 1204
626 132 566 577 618 698
1048 611 719 920 1052 1237
1239 444 564 719 733 1251
1251 1135
55 369 859 910 1108
369 189 223 311 1108
859 148 167 1139
910 541 1333 1392
1108 194
56 594 930 1269 1421
594 378 715 854 1152
930 88 147 382 779 800 913 1268 1347
1269 198 280 382 800 873 1225 1268
1421 72 272 529 873 1340
57 67 461 566 790 866 897 1023 1078 1136 1385
67 566 624 651 866 1009 1023 1027 1117 1362 1483
461 452 645 866 940 1196 1350
566 170 1078
790 624 866 948 963 1055 1481 1483
866 345 651 826 1009 1027 1320
897 818 966 1385 1435
1023 345 611 1078 1128 1136 1320
1078 59 1009 1027 1169 1483
1136 205 644 1128 1320
1385 59 966 1143
58 124 132 618 1130
124 531 650
132 650 1188
618 355 419 531 538 650 900
1130 159 585 1180 1306
59 807 818 961 1257
807 315 431 622 1036 1069
818 804 849 904 1435
961 141 161 1257 1435
1257 141 376 722 849 948 1435 1474 1481
385 126 161 439 1143 1481
440 835 936 1248 1373
722 126 792 963 1111
757 936
792 161 507 966 1111
893 126 223 730
1149 183 819 971 1338
61 737 923 1222 1367
737 699 1121 1165 1203
923 143 684 1129 1165 1222 1393
1222 505 795 829 1030 1252 1393
1367 384 565
62 171 251 763 1105 1162 1459
171 211 450 909
251 188 205 234 598 763 1489
763 1342
1105 263 1324 1358
1162 202 927 1329
1459 188 234 598 604 912 927 1229
63 413 444 604 851 1360 1457
413 481 851 995 1457
444 249 370 421 644 698 719
604 421 452 1237 1323
851 235 447 1052 1360 1457
1360 329 481 526 1052 1082 1237 1293 1457
1457 447 995 1254
179 487 499 887 1079
1092 92 106 285 337 678 975 1294
1107 176 277 1060 1118 1274 1312
65 898
898
681 82 140 446 977 1409
764 84 417 501 504 908 1024 1029 1378
1080 210 458 466 633 750 770 986 1100 1191 1290
624 439 826 992 1009 1128 1147 1320
651 315 345 439 1009 1027 1055 1147 1320
1009 1169 1320
1027
1117 429 577
1362 233 253 644 940 1483
1483 518
294 167 970 1040 1139 1142 1266 1443
437 111 218 869 1018 1240
1018 620
211 100 884 1413 1445 1489
467 100 135
909 537 1329
100 549 719 1445
735 75 254 549 598 606 1246 1445
995 253 447 470 481 1052 1370
1176 75 99 537 549 1413 1489
1445 75 1133 1389 1413
575 122 143 684 795 1129 1393
72 382 479 529 732 734 1432
382 155 313 1225 1256
479 90 466 711 856 1129 1414
529 634 710 800
732 1212 1340 1432
734 157 569 1213 1339 1396
1432 78 122 599 631 634 710 812 1077
484 1091
1038 270 601 811 1361 1437
1180 643 867 1021 1245
74 1090 1205 1433
1090
1205 91 1433 1449
1433 91 839
75 135
135 202 1047
76 387 620 1243
387 137 441 490 591 987 1240
620 81 808 1240 1377
1243 81 111 359 808 1270
901 240 793 953 1042 1148 1325 1403 1490
1099 309 570 741 1152
1183 953 1152 1325
78 592 599 1375
592 634 856 881 989 1375
599 442 779 1077 1340
1375 332 557 751 834
79 231 279 468 512 850
231 1309
279 736 850 964 1315
468 133 850 876 964 968 983 1244
512 406 1200 1250 1334 1340 1466
850 364 736 1019 1200 1233 1315
80 501 717
501 712 1059 1101 1119 1361 1409
717 185 515 596 1134
81 565 808 949 1098 1121 1198 1377
565 393 1098
808 1240
949 267 1270
1098 1198 1377
1121 990
1198 230 782 1377
1377
82 1020 1170
1020 257 260 471 752 978 1214 1224 1335
1170 257 1420
236 153 729 1214 1464
686 153 480 1456
973 210 394 527 778 1075 1231 1276 1472
84 446 711
446 504 1119 1284
711 775 1235 1458
145 244 868
381 743
86 94 441 954
94 265 389 391 789 1177 1412
441 668 836 1142 1240
954 970 1008 1014 1142 1230 1266
87 456 457 721 827 1234
456 373 817
457 278 721 796 1057 1234
721 659 1292
827 96 104 265 591 1177 1178 1181
1234 96 104 106 349 646
88 323 520 667 710 720 751 830 913 939
323 198 280 511 720
520 667 837 1077
667 147 267 524 559 1225 1347 1406
710 779
720 122 213 451
751 332 442 557 610 779 806 913
830 469 511 928 1227
913 198 442 679 1225 1256 1268
939 157 825 875 1124 1213
89 115 130 265 306 351
115 306 351 352 657
130 1412
265 285 389 646 657 1177 1178 1181
306 567 700
351 285 917
90 388 834 881 977 1134
388 834 1123
834 185 535 785 1212 1252
881 535 557
977 1458
1134 224 596 633 955 1019 1334
91 358 839
358
839 181 235 1199 1275
92 150 336 1349 1412
150 621 1345 1405
336 104 1178 1461
1349
1412 668 678 789
93 204 630 847 1184 1226 1417
204 108 325 390 519 630 852 1422
630 331 390 609 707 1104 1480
847 654 852 1311 1480 1496
1184 108 536 1104
1226 1422
1417 108 207 374 609 625 654
389 96 391 657 678 1177
391 285 350 965 1177 1181 1260
789 117 285 560 657
1177 1041 1181 1461 1476
95 195 480 1039 1231 1472
195 133 364 1010 1123 1288 1402 1456
480 394 474 556 627 660 731 758 1472
1039 731 1216 1217
1231 128 394 474
1472 474 813
96 111 200 291 823 1260 1405
111 1240
200 629 987
291 313 475 743 1110 1465
823 1013
1260 117 314 1045 1266
1405 337 359 591 1013 1110 1381 1465
97 174 264 277 352 368 616 1356
174 453 771 960 1033
264 176 282 368 616
277
352 678 917 1178 1294 1381
368 282 616 625
616 282 984 1274
1356 1194
253 421 1083 1323
318 452 581 1043
719 329 956
920 249 421 611
99 151 202 287 362 606 861 998 1031 1047 1246
151 333 423 485 885 1223 1365
202 283 998 1133 1473
287 333 606 1223 1411
362 379 1068 1454
606
861 254 663 1031 1246
998 254 283 568 598 704
1031 254 1047 1411
1047 379 927
1246 188 1133 1229 1473
549 1329
101 471 671 1024
471 674 1076 1291
671 504 588 1400
1024 420 677 863 942 1235 1284
102 533 676 978 1420 1425
533 915 952 978 1214
676 237 357 573 729 758 820 1428 1464
978 1428
1420 1155 1224 1425
1425 372 1007 1224
128 153 573 582 758 820
357 153 237 729 915 1007
458 210 371 449 1062 1191 1290 1335
556 527
637 449 838 1007 1380
750
758 527 660 1007 1335 1464 1488
820 206 237 747 915 1007 1214 1354 1428
1007 210 729 1335 1380
1335 304
104 349 646 1057 1178
349 106 1461
646 1181 1461
1057 350 658
1178 278 1461
105 407 578 742
407 109 176 654 1054 1311
578 134 453 707 742 1104
742 201 1118 1158 1442
106 350
350 743 1345
361 371 729 915
371 449 474 697
1067 1290
108 390 519 767 828
390 325 519 536 546 572
519 546 879 1104
767 207 707 1281
828 134 402 609 1281 1311
109 320 625 975 1033 1187
320 625 1187 1311
625 426 846 975 1281 1311 1312
975 478 1054
1033 112 138 282 595 718 1000 1118 1127
1187 402 707 1281 1303 1310 1311
110 430 562 997 1415
430 293 718 1158 1228 1415
562 718 984
997 129 1452
1415 158 1158
1240 137 490 653 836
112 321 541 654 1012
321 282 960 984 1127 1218
541 689 718 1447
654 201 374 609 1442
1012 1118 1159 1218 1438
449 153 1402
1062 1191 1216
1191 210 1402
1288 127 593 986 1010 1402
1354 729
114 814
814 281 1303
657 1294
116 242 380 518 622 772 895 1145
242 290 744 772 895 1196
380 189 288 290 622 756 794 1307 1333
518 772 895 1069 1145 1392
622 516 756 1069 1145
772 363 849 1069 1363
895 902 1314
1145 288 344 363 516 756 1280
117
173 129 144 207
1095 1422
119 154 244 524 610 672 743
154 147 559
244 672 743 868
524 187 409 475 1110 1440
610 327 679
672 996
743 418 1345
120 212 272 299 799 1173 1213 1364
212 215 365 500
272 269 307 649
299 292 406 875 1157
799 406 584 875 1364
1173 258 317 539 584 1213 1396
1213 190 196 584 825 875 1396
1364 292 406 1124 1233
485 379
885 776 1068 1365
1454 1411
122 1150
1150 795 837 979 989 1233
123 341 882 1122 1219
341 209 245 513 1061 1238 1241 1397
882 240 1061 1238 1482
1122 486 845 1072
1219 255 328 759 1050 1085 1328
531 959
650 322 354 900
201 426 1312 1442
1283 282 534 700
126 1481
1481 849 1258
127 140 383 1010 1290
140 210 633 697 760 986 1010 1414
383 857 1010 1456
1010 697 1290 1334 1402
1290 133 838 955 1401 1402
153 747 1464
573 729 747 1380 1464
582 1276 1487 1488
129 134 144
134 176 207 325 453 707
144 879
778 1276 1401
857 945
1123 133 596 785 1100 1216
1217 945
1276 813
1401 210 964 1334 1395
1456 210 1402
1188 675 1082 1084 1293 1439
133 596 725 760 955
596 515 593 736 785
725 185 364 760 955
760 185 633 955 986 1334
955 364 697 770 1402
176 293 852
207 453 609 707 1104
325 426 662 984 1442
453 282 534 609
707 426 1442
1488 1487
137 836 1476
836 465 629 1476
1476
138 487 1000 1118 1168
487 960 1300
1000 689 771
1118 282 1218
1168 1218
169 167 194 311 1346
794 194 691
210 474 813
633 986
697 986
986 1414
1414 770 775
141 363
363 516
142 367 914
367 473 659 703
914
143 1165 1252
1165 684 989 1271 1393
1252 557 795 837 1271
879
868 854 928 1253
146 416 543 892
416 433 1166 1491
543 401 433 706 797 993 1053 1427
892 1255
147 187 213 451 638 1225 1256 1347 1406
187 359
213 198 469 679 928
451 469 928
638 469 649
1225 800 1256
1256 155 267 800
1347 198 442 559
1406 155 267 442 559
148 1014
1014 957 1139
149 268 798 933 1431
268 214 215 401 642 933 1053 1193
798 209 553 993 1006 1085 1325
933 497 542 953 993 1006 1148 1403 1427
1431 305 455 605 797 1125 1148
621 418 1013
1345 337 987 1465
333
423 776
1223
1365 974
747 729
1464
559 612 928 1268
155 1268
1268 280 511
324 233 872 948
1113 1083
157 463 647 907 1368 1495
463 1189
647 403 709 968
907 584
1368 190 709 788 877 1071 1341
1495 196 317 1497
158 1337
1337
159 335 643 988 1306 1321
335 643 1101 1321
643 677 867 1091 1245
988 243 724 1005 1030 1297 1390 1393 1407
1306 183 1021 1462
1321 355 1248
731 1216
1216 813
161 376 849 1143 1258 1338
376 1258
849 288 344 1474
1143 804 1111
1258
1338 230 384 507 1373
670 1224 1299
1058 260
1291 222 257 674 752 1155
163 1264
1264
164 401 415 486 810 1453
401 542 1006 1087 1125 1148
415 172 400 514 517 605 1189
486 165 214 215 500 523 605
810 605 1404
1453 165 258 797 1255
165 215 258 305 500 705 1051 1153 1255
215 214 258 500 797 889
258 214 673 858
305 705 845 1072 1087
500 214 269 705 858 1051 1193 1339
705 214 540 1193
1051 307 858
1153 292 642 715 786 1279 1484
1255 612 642 889
527 813 1075
660 1428
167 223 464 1272
223 1074 1285
464 290 730 1285 1443
1272 220 689 1074 1300
194 1333
311
1346
170 421 452 1418
421 249 447 450
452 931 1237 1254
1418 1088 1350 1390
450 1052
172 544 783 886
544 403 886 1189 1492
783 197
886 403 517 1044
771 689 718 1079
960 314 689 1438
175 340 1332 1408
340 184 448 1287
1332 184 508
1408 270 958 1448
293 1436
852 1496
177 996
996 198 649
243 230 419 835 971 1005 1390
819 183 585 971
835 183 489 581 585 936 1390
1393 228 1151
499 925 1079 1300
887 314 894 1266 1447
1079 1261 1266 1447
1100 224 736 883 1402
1315 224 406 736 1212
1395 883 1402
181 235 1199
235 774 871 1275
1199 1275
182 184 448 862
184 339 420 495 761 1073
448 495 712 761 784 1073 1116
862 712 761 1179 1284 1444
183 507 936 1474
507 489 936 971 1230
936 230 384 489
1474
339 761 784 942 972 1029
420 270 1331 1448
495 262 301 1073
761 908 1444
1073
185 593
593 435 785 1250
504 588 603
603 628 1259 1351
628 472 664 1029 1059 1378 1409
1119 1284 1409
359 1041 1110
188 445 568 598 884 912 1093 1229 1342
445 234 704 1229 1473
568 283 481 1133
598 483 884 1229 1323
884 483
912 1229 1342 1473
1093 234 1229 1473
1229 234 399
1342 234 1329 1473
189 288 290 516 1435
288 315 516 756 1333
290 1314
516 296 315 744 756
1435 971
190 398 584 858 889 1339 1492
398 762 1396 1497
584 539 762 1492
858 196 307 317 889
889 214 514 762 797 1193 1484
1339 709 762
1492 326 523 1341
1329 399
192 517 540 605 1044
517 540 1072 1206
540 297 1044 1115 1206
605 326 523
1044 297 403 455
193 374 846 1281
374 846 1281
846 1303
1281
1333 1392
364 812 1019 1212 1244 1334
1402
196 1369
1369 788 1341
197 365
365 619
198 634 1063
634 469 800 1077
1063 782 806 928 990 1416
919 256 502 1082
1449 774
629 337 987 1381
987 1045
426 1104 1442
1312 478 534
1442 609
283 1473
1133 254
1473
203 417 752
417
752 1215
1422 331 546
205 940
940 645 1128 1169 1429
206 289 952
289 632
952 1214 1428
609 1496
1104
1383 1292
209 513 1241
513 840 1050
1241 521 661 755 793 1003 1207 1475
474
813 1326
1413 1068 1389 1411
1489 399
469 511 928
679 327
928 511
214 400 514
400
514 455 523 786 797 1193
797 1193
489 230 384 585 804 1390
990
386 466 768
1129 900 989 1211
1271 505 989
218 465 965
465
965 925 1159 1438 1447
645 233 872
1083 1169
220 475 894 1266 1267 1438
475 1440
894 1002
1266 1285 1447
1267 1008 1074
1438 903 925
433 438 706 1053
497 890
683 1484
854 673 1484
953 1148
993 553
222 459 674
459 343 561 588
674 1076 1224 1308
1074 730
1285 428 904 1002 1261
224 883 1233
883 406
1233 947 1352
537 481 1052
292 313 642
1053 378 438
1484
1190 1164 1353 1355
228 699 1409
699 230 829 1297
1409 664
770 515
775
230 384 419 829 1390
384 345 505 1390
419 959 1203 1248 1297
829 505 684 1030 1249 1297 1390
1390 585
1309 346 608 809 825 1379
246 373
233 431 872
431 1209 1429
872 855
234
774 447 460 1204 1370
871 250 256 1082 1204
1275 791
729 915
1214 237 260 583 1155 1428
237
238 1085
1085 328 455
239 557
557 332 684 989 1211
240 328 615 890 1003 1050 1403 1441 1490
328 255 521 615 759 1042 1050
615 553 759 1003 1042 1138 1475
890 553 1003 1325 1403 1490
1003 661 1482
1050 503 759 1238
1403 553 1325 1490
1441 255 759 1138
1490 1006
241 601 1245 1398
601 470 959 1032
1245 564 1462
1398 355 506 538 867 1021 1361
744 617 918 980 1221
1196 815 855 1069 1363
971 1230
1005 505 1030 1203
245 255 271 521 1138 1202 1238 1397
255 477 600 755 1049 1103 1138 1397
271 1397 1475
521 1006 1061 1138 1238 1482
1138 1061 1397 1475 1482
1202 1006 1206
1238 759 1482
1397 759
373 917
428 730 957 1443
249 644 956 959 1323
644 611 1320
956 698
959 354 926
1323 1254
250 675 1286
675 1120 1135 1286 1437 1448
1286 256 460 1135 1448
718 1060
1158 282 655
1436
254 663
663
477 330 503 1049 1103 1475
600 1049 1103
755
1049 1103
1103 330 503
256 791 958 1082
791 1204 1439
958 270
1082 526 564 1293
257 838 1224
838 1380
1224 372 665 915 1022
673
989 332
260 915 1155
915 372
1155
261 329 1370
329 1052
1370 447 481 502
262 270 1120 1331
270 1084 1135
1120 522 1084 1437 1448
1331 447 1437 1439
263 1066 1280 1324 1358
1066 911 1358
1280 937 1221 1358
1324 1036 1069 1358
1358
282 534 595 1127
285 1181
1181
267 313 327
313 1124
327 1416
642
1193 307
269 307 1157
307 438
1157 649 1253
1084
1135 526 832 1399
1475 330 759 1328
649 280 825
1210 632
1469 304 702
1218 903 925 984 1127
322 698 992
354 585 900
526 698 832 1399 1463
538 470 1182
811 677 754 1091
1437 832 1439 1463
1463 900 1284
278 1461
1461
736 809 1019
964
280 442 800
442 1227
800 779 1077
281 402 1384
402 1089 1194
1384
534
595 1060 1127
1127 1060 1274
284 580
580
309 308 570 741 746
635 1152
728 434 473 853 1201 1263
1411 379
315 1392
756
632 304
1314 558
1110 1227 1465
1465 1013
970 1040 1443
1040 957 1142 1230 1316
1139 360 957
1142
1443
295 1299
1299 1022
296 412 617 1307
412 554 576 902 918 980 994
617 855 918
1307 1353
297 1404
1404 326 1061 1072
826 345 948 963 1034 1147
1128 1320
1169 1320
406 539 547 569 822 825 1466
875 539 547 825 1124
623
1086 567 917
301 1287
1287 508
665 1022
569 809 822 876 983 1200 1466
1334 1019 1244
304
845 432 921
1072 455
1087
567 700
700 1310
438
308 746 853
746 342 741 1263
853 473 570
570 1152 1451
741 342 1263
873 1340
1352 631 822
855 937
994 554 902 937 980
1070 918 1164 1355 1479
1221 554 576 937
1124 539 822 1466
314
1392
1284 942 1351 1444
317
581 1016
1043 698 1254
319
1311 1496
984 869
698 481 1254
992 1016
511
948 1055
662
326
1416 806
759 1061
1042 1325
1052 611
330
331 546
546
332 1077 1297
1077 547
1297 505
1378 664 1361
1101 506 867 944
337
338 1452
1452 347 655 1185 1195
784 1116 1175
942 677 1391
972 1116 1444
1029 677 1059 1351
1061 1328
342
343 1175
1175 561
344 1111
1111
345 439 1320
439 429 963 1016 1147
1320 370 931 1055
346 709
709 619 696 809
347 1195
1195 655 1185
917 802
678
1294 668
1381 591
585 804 1151 1248 1249
900 355
355 1407
1407 724
1041
360 730 957 1316
730
957
1316
379
1068
812 443 876
1019 539 1244
1212 1340
1244 1250
619 403
473
659 817
703 658 817 1163
370 611
611
372 476 1215
476
1215
712 1444
1462 754 867 1032 1313
377
378 715
715 612 1279
505 1203
466
768
490
591 1270
536
572
1389 927
393 806
806 795
394
762 825 1189 1497
1396
1497 877 968 1341
399 927
927
542 432 553
1006 553
1125 432
1148
1089
1194
403 696 1115 1189
696 523 1115
1115 968
1189 1318
1471 1458
539 825
547
822
825 1253
1466 876 947 983
1054 1303
1379 1318
409
904 1261
1159
1261
554 902 937 980
576
902
918
980
481 502
414
1166
1491 706 786
418
1203
1248 804
1448 522
447
863
908 1313
1179 472
1391 588
776
1032 1182 1259
627
1487
429 1034 1147
1034 1147
1147 963 1016 1088
1228 691
1209 1036
1429
432
706
434
435 443 785 979
443
785 515
979 515 856
869
963 1350
1016
1373 1230
668
1227
704
1116 1439
931 1254 1350
1237
1254
455
817 658
796
561 1400
588
460
1350 1055 1088
876 631 947
968
983 1250 1341
470 867 1182
867
1182
1076
472 506 1059
506 664
1059
1440 1013
503
478
856
502 1204
483
1091 1361
523
1300 1002
1451 1152
804
1236 1185
795
494
925
1361 1021 1259 1313
1204
664
1230
508
1200 1341
1250 947
1340 947
840 661 1207 1493
786
515 535
535
1206 613
1069 815
837 684
1482
522
832 1293
1399 1293
1075
564
1293
1353 1479
1355 1479
689
1447 1002
553
1427
937 911
684
1211 1458
558 815
815
612 1253
560
1400 1308
809 1071
1152
1380
655 1060
1185 1060
577 733
733
583 702
702
1151 1030
1249
1045
587 782
782
1270
1060
779
1259
1351 1313
608 788
788
1496
1253
613
1458 1235
1274
1013
1480
631
636 841 1292
841
1292
691
677
1055
653
658
1428
661 1207
1207 1328
1022
1201
1308 1446
1310
1163
1235
1444
1279
724 944
944
1263
754
1021
1363
781
1439
966
793
1325
802
1036
1071 877
1326
1303
1030
1493
1479 1164
921
945
947
877 1318
1318 1376
1002
903
1313
911
926
935
1008
974 1011
1011
1341
1478
1328
1164
1088
1106
1144
1446
1376
1460
