0 187 530 768 855 1145 1235 1305
187 114 160 446 455 483 530
530 42 82 483 727 768 869 916 1364
768 273 457 483 748 835 889 916 1364
855 55 797 850 876 889 1130 1153 1361 1382
1145 271 610 797 876 881
1235 273 500 637 1144 1403
1305 42 934 1027 1293
1 277 562 951 1203 1205 1480 1485
277 240 322 562 933 1101 1178 1196 1203 1480
562 126 164 351 425 679 951 1196 1203 1248 1267 1373 1480 1499
951 715 737 1030 1101
1203 339 686 737 1101 1115 1127 1373 1466 1480 1499
1205 71 688 785 887 1149 1274 1296 1346 1435
1480 240 339 425 993 1101
1485 122 365 730 939 1090 1149 1267 1410
2 243 385 748
243 114 383 571 611 693 1034 1139 1225
385 173 307 421 485 495 727 1274 1343 1346 1388 1429 1435
748 5 132 138 231 468 572 576 589 637 962 1348 1359 1364
3 147 237 258 710 773 991 1009 1117 1266 1380
147 56 371 382 579 685 823 885 1007 1160 1188 1370 1381
237 152 375 377 991 1117
258 581 636 710 724 773 924 1040 1211 1315 1332 1412
710 63 377 656 663 839 1160 1266 1301 1315 1341 1412 1455
773 377 473 636 656 735 1385
991 166 395 473 636 1117 1243 1301
1009 1160 1313 1349
1117 63 760 1211
1266 261 343 538 735 839 879 1124 1160 1302 1354 1385 1427 1450
1380 190 343 395 731 824 848 879 1198 1209 1332 1417
4 193 319 449 544
193 85 331 360 444 460 461 676 734 806 1000 1056 1164
319 10 23 95 129 146 186 248 460 482 487 554 682 732 796 829 1496
449 124 144 500 577 897 1140 1309 1317 1326 1336 1384
544 77 422 500 598 780 791 806 945
5 231 312 571 576 594 869
231 120 121 132 404 437 457 468 503 572 589 649 701 870 1272
312 131 256 356 628 672 713 1152 1153 1168
571 383 390 402 421 599 692 893 1023 1155 1190 1248 1311 1419 1452
576 220 404 440 621 779 1364
594 342 350 669 841 932 1268
869 276 323 740 1403 1408
6 81 225 677 980 1093 1167 1239
81 88 206 249 269 380 408 853 1233 1407
225 88 206 315 1024 1093 1167 1283 1414
677 88 263 380 491 613 1129 1233
980 316 321 563 851 1074 1492
1093 45 88 206 268 424 433 966 1029 1046 1363 1492
1167 50 88 206 819 1024 1046 1174 1233 1492
1239 424
7 179 214 318 658 709 723 1032 1424
179 214 294 418 419 822 1244 1352 1406
214 16 75 234 330 450 658 822 1391
318 16 48 75 410 450 822 1081 1459 1461
658 398 707 798 1350 1352 1387 1461
709 53 418 1032 1391 1424
723 450 1189 1244 1310 1459 1494
1032 378 1172 1401 1459
1424 75 200 418 729 1391
8 9 89 216 364 631 956 1104 1116 1147 1220 1232 1453
9 31 39 157 180 384 570 598 956 986 1019 1031 1116
89 117 242 389 397 461 805 1049 1070 1120 1134 1257 1356
216 180 389 420 463 631 986 988 1057 1104 1236 1253 1282
364 356 426 463 631 987 988 1021 1055 1057 1134 1163
631 31 127 157 230 439 463 497 525 766 890 918 1021 1134 1232 1356
956 39 180 306 469 570 660 697 734 752 986 1031 1125 1134 1246 1425
1104 31 210 429 463 516 554 718 830 955 986 1031 1134 1440
1116 210 507 564 585 661 697 830 890 1017 1125 1226 1257 1335 1440 1442
1147 38 116 478 754 807 856 1216 1320
1220 180 417 811 894 898 918 1055 1282 1331
1232 131 389 497 864 881 1057 1221 1282 1303
1453 262 291 314 426 456 489 519 758 772 858 907 988 1021 1119 1347 1454
31 39 180 210 230 660 728 986 1019 1057 1079 1125 1246 1425
39 341 366 585 784 830 928 1141
157 60 133 142 384 463 497 516 805 988 1031 1254
180 463 469 728 873 907 1003 1031 1057 1253
384 72 347 830 864 1130 1254 1389
570 461 516 598 986 1257
598 356 366 497 610 955 1253 1276
986 133 230 516 728 830 890 1031 1057 1246
1019 516 660 661 728 978 1031 1260
1031 133 210 461 463 497 516 697 712 830 890 941 1236 1246 1253
10 17 129 146 186 305 444 487 616 654 682 732 1004 1242 1307 1437
17 19 331 360 453 460 734 743 780 920 1000 1164 1316 1442
129 23 95 186 482 487 616 641 704 806 808 845 896 982 1027 1056 1444
146 95 248 554 682 732 982 1242
186 19 58 95 155 305 422 682 734 929 975
305 19 85 331 482 487 554 616 682 808 975
444 19 163 331 341 487 750 794 799 1316 1389
487 482 780 1389
616 23 30 77 551 578 682 982 1025 1434
654 95 251 255 278 552 560 1434 1437 1451
682 278 358 482 554 577 732 778 868
732 23 248 551 796 829 1336
1004 95 251 460 560 845 868 1025
1242 155 278 521 535 588 808 920 975 982 1027 1451
1307 90 521 757 799 1027 1113
1437 88 249 268 278 578 615 666 882 896 900 1156 1323 1487
11 22 165 185 188 227 409 671 687 792 1395 1450
22 227 325 536 792 938 972 985 1374
165 190 227 261 396 472 640 685 687 731 792 926 1018 1450
185 659 687 792 1374
188 25 150 159 238 324 337 409 706 746 1151 1449
227 56 508 536 685 926 1227
409 100 238 458 792 1051 1378 1428 1470 1490
671 62 110 458 645 706 1449
687 767 792 1351 1474
792 324 926 1173 1470 1490
1395 100 333 1490
1450 64 396 694 1039 1227 1302 1344 1474
12 197 510 736 771 927 998
197 158 431 510 803 1240 1281 1333
510 38 102 203 405 431 591 803 1240 1281 1333
736 40 426 448 661 676 752 928 949 1017 1226
771 625 974 990 1100 1314 1404
927 158 547 878 1006 1285
998 87 203 213 270 405 432 542 553 624 689 1285 1358
13 320 443 605 647 783 820 973 983 1044 1088 1136
320 226 361 392 443 501 983 1035 1044 1103 1377 1398
443 79 288 361 605 1217 1234 1251
605 177 634 1044 1092 1103 1136 1225
647 308 390 402 783 1044 1122
783 178 207 421 753 1122 1190 1228 1248 1292 1388
820 131 137 295 610 852 876 1130 1276 1403
973 383 416 480 611 635 785 1139 1175 1190 1225 1248 1364
983 308 334 657 1136 1217
1044 361 435 501 883 884 1092 1103
1088 73 141 390 635 948 1165
1136 149 332 361 435 883 1103 1122
14 215 218 252 309 323 662 705 1237 1296
215 37 124 196 309 584 705 891 1053 1321
218 252 309 379 981 1083 1178 1231 1296
252 37 229 526 705 774 831 995 1223
309 164 196 322 323 345 425 488 509 526 527 662 850 934 1001 1011 1223 1326
323 351 488 968 1144 1231 1296
662 37 549 1223 1237
705 229 549 577 774 778 912 954 995 1001 1154 1317 1443
1237 228 1178 1223
1296 160 488 509 1178 1223
15 104 122 304 401 501 844 1115 1149 1215 1228 1292
104 52 122 207 365 401 486 692 708 840 1037 1045 1115 1121 1149 1388
122 49 52 643 715 1215 1446
304 401 1037 1149 1228 1435 1446
401 74 105 946 1215
501 79 308 421 582 1072 1092 1094 1103 1234 1292
844 207 486 582 586 1037 1121 1122
1115 46 52 172 452 565 568 886 1187 1446 1463
1149 513 765 804 1037 1045 1090 1196 1267
1215 105 178 470 840 1122 1228 1311 1377 1482
1228 172 178 421 486 586 777 1122 1388
1292 486 582 1410
16 48 57 209 348 450 583 822 1085 1194 1244 1391
48 75 106 167 253 294 410 450 512 729 1081 1387 1494
57 209 348 410 459 583 623 994 1063 1214 1350
209 459 1063 1085 1244 1350 1362 1406
348 707 994 1063 1350 1352 1362
450 253 407 414 569 940 1081 1194 1250 1310
583 106 136 234 257 398 696 742 756 1461
822 75 330 707 1194 1352 1461
1085 707 798 1352 1362 1406 1461
1194 75 253 378 742 917 1081 1244 1350 1352 1362 1461
1244 75 167 294 336 398 418 742 798 1081 1459
1391 1461
19 113 174 248 358 360 552 810 863 920 1000 1185
331 341 366 482 664 704 778 794 799 920 1253 1316 1444
360 77 85 155 174 341 453 460 521 554 1000 1125 1206 1444
453 34 356 564 863 1000 1047 1442
460 77 338 358 482 551 704 712 734 743 810 982 1000 1110 1316
734 34 174 248 338 422 560 664 806 810 876 1000 1276
743 34 174 564 615 799 982 1000 1012 1159 1164 1442
780 137 302 890 1276 1277 1297
920 155 482 808 930 982 1000 1047 1056
1000 34 41 95 174 551 554 664 704 794 810 982 1206 1444
1164 34 130 357 521 799 806 1185 1442
1316 251 341 358 829 863 890 929 975 1206 1442
1442 58 170 338 507 805 810
18 87 168 244 281 371 382 405 432 642 754 775 908 1322 1358
87 33 86 168 244 281 291 376 382 442 663 754 823 906 1003 1112 1302 1322 1347
168 33 291 382 426 432 642 689 690 878 906 978 1003 1216 1260
244 33 246 382 426 553 908 1201 1212 1337
281 69 344 382 642 725 878 879 906 924 1322 1358 1381 1390
371 56 64 725 938 1112 1188 1201 1302 1322 1381 1390
382 405 476 519 543 548 689 754 823 978 1003 1052 1216 1295 1322 1358
405 33 203 542 553 678 689 1212 1314 1337
432 213 344 376 542 642 1322 1381
642 203 213 270 542 689 1186 1322 1324 1483
754 33 56 856 906 908 1003 1313 1322 1358 1483
775 579 725 749 767 1022 1064 1124 1204 1302 1318 1349 1370 1390
908 246 809 858 878 1007 1022 1322 1358 1381 1390
1322 61 203 548 553 906 1112 1415
1358 542 858 1302
113 34 163 338 357 697 757 872 949 1017 1335
174 267 810 890 982 1141 1335
248 50 242 704 778 796 799 829 845 1027 1056 1277
358 77 422 554 778 806
552 210 230 306 366 664 733 810 890 1125 1335
810 34 85 306 366 521 559 564 806
863 77 422 507 778 794 796
1185 34 41 140 448 588 668 799 1012 1050 1279
20 91 119 120 293 310 503 621 639 722 766 857 864 865 880 1108 1110 1120 1182 1210
91 119 120 132 292 293 437 621 701 722 766 918 1210 1294
119 176 292 596 602 811 1110 1111 1182 1202
120 242 310 437 511 572 915 1221 1255 1294
293 117 138 139 292 436 502 596 672 722 864 865 1108 1110 1111 1255
310 121 242 303 350 555 649 691 739 790 857
503 132 220 639 722 766 864 1120 1152 1348 1375
621 132 138 176 242 437 457 779 864 866 1182 1294 1488
639 132 138 141 457 573 766 1108
722 292 461 572 602 766 865 1055 1108 1153 1210 1255
766 72 132 437 596 779 865 1111 1182 1255 1488
857 138 374 606 790 811 1111 1375
864 242 260 457 461 572 866 1076 1294 1348
865 132 260 859 936 1076 1108 1120 1294
880 55 117 260 292 502 596 726 876 1049 1110 1254 1272 1303
1108 132 440 511 701 790 936 1120 1294 1375 1408
1110 171 260 389 397 502 596 718 881 955 1049 1221 1356
1120 80 132 457 468 572 573 602 628 726 874 931 1238 1255 1294
1182 117 259 292 440 936 1365 1471
1210 72 139 242 359 397 881 1221 1270 1282 1331
21 55 72 169 272 347 854 1130 1270
55 271 295 641 770 797 897 935
72 272 789 1221 1254 1270
169 131 137 295 356 428 610 617 740 789 852 875 897 1008 1130
272 256 260 356 420 461 852 1272 1294
347 26 131 220 295 641 789 1270 1276 1303
854 58 292 356 420 437 461 596 697 789 876 1221 1254 1488
1130 28 137 276 302 457 610 797 852 875 1293 1403
1270 356 596 789 1254 1276
325 99 162 250 441 992 1344 1456
536 51 344 567 685 914 1064 1204 1227
938 192 952 1065 1300 1393 1498
972 62 204 441 645 695 943 985 1498
985 70 99 645 914 925 1002 1330 1393
1374 110 685 694 706 1064 1498
23 30 796 1056
30 362 618 651 826 845 882 891 1340 1353 1434
796 551 778 829 896 1056 1309
1056 137 278 551 577 704 829 1434 1443
24 68 274 311 349 604 1195
68 109 143 250 533 604 1195 1219
274 143 150 189 219 250 337 400 492 958 1098 1229 1449
311 44 106 234 294 330 336 496 681 756 1128 1133 1172 1327
349 189 250 324 475 533 937 1077
604 189 475 566 1195
1195 143 441 1058 1413
25 96 100 159 406 537 1010 1199 1378 1422 1428 1449 1470
96 355 622 926 1273
100 190 238 458 1010 1051 1098 1151 1173 1199 1422 1476
159 238 406 537 1051 1199 1422
406 184 396 1010 1173 1394
537 184 238 355 445 656 1173 1470
1010 445 1302 1422 1470
1199 343 396 950 1213
1378 458 508 1018 1151 1428 1470 1476
1422 238 445 1470
1428 54 1102 1198 1209 1341 1394
1449 70 324 337 877 1041 1273 1360
1470 238 445 458 1051
26 28 356 422 641 704 791 875 1168 1276 1389
28 584 610 740 875 1297
356 117 242 420 641 1254
422 77 554 740 794 852 945 1277
641 137 295 302 628 789 791
704 338 578 1444 1451
791 77 137 302 306 482 1276 1496
875 124 131 137 276 302 526 610 1382
1168 77 276 672 797 1276
1276 230 302 876 890 1294
1389 137 420 794 897 1254
27 166 395 1385 1420 1481
166 107 377 473 825
395 235 343 473 1069 1211 1417
1385 581 636 700 1332 1341 1481
1420 465 558 600 760 1192 1432
1481 221 235 581 825 1062 1157 1332
584 196 618 620 826 912 1025 1353 1443
610 131 276 295 852 935 1001 1140 1403
740 131 271 428 981 1140 1317 1496
1297 58 137 295 302 664 935 953
29 62 111 134 280 283 317 333 492 518 744 802 818 1118 1181 1290
62 184 264 300 317 329 333 430 490 539 738 749 996 1002 1181 1229 1256 1413 1472
111 326 340 391 484 531 629 790 841 911 1033 1036 1107 1367
134 317 681 703 720 744 818 1048 1067 1146 1275 1329 1386
280 66 241 317 492 638 957 1048 1177 1298 1468
283 84 279 475 622 877 1142 1219 1256 1344 1456
317 381 545 720 818 859 1048 1146 1181 1275
333 51 101 300 515 695 706 738 751 761 870 1042 1048 1146 1181 1400
492 182 374 490 738 795 958 1097 1111 1150 1184
518 51 92 171 374 381 397 413 556 587 638 667 695 894 957 1126 1137 1247 1312
744 101 329 533 802 1042 1048 1181 1184 1229 1298 1430 1456
802 162 720 749 758 1002 1181 1275
818 399 1118 1275 1329 1430
1118 66 162 520 721 862 1133 1193 1275 1329 1367
1181 264 300 741 749 1146 1184 1229 1273
1290 93 329 638 720 1095 1312 1330 1430
362 37 229 679 1001 1005 1099 1326 1443
618 217 232 255 580 613 1443
651 232 620 759 774 891 1154
826 37 232 774
845 580 781 995 1154 1336 1353 1434
882 50 249 268 380 561 900 982 1323
891 601 774 781 1443
1340 124 170 577 954
1353 251 995 1154 1336
1434 251 560 975 1025 1135 1154 1451
210 676 697 1221 1246
230 133 431 489 516 660 663 733 860 987 1057 1479
660 133 142 344 650 907 1119 1236 1460 1479
728 133 456 472 476 591 661 830 1119
1057 463 469 516 733 987 1021 1052 1134 1236
1079 261 262 758 767 849 925 1080 1158
1125 357 469 564 712 726 830 890 1425
1246 366 489 516 712 941
1425 366 469 507 955 1253 1254 1257
32 98 330 336 481 696 1013 1131 1401 1486
98 35 182 279 386 597 696 862 917 1013 1142 1262 1264 1345 1478
330 419 481 756 838 862 1208 1250 1264
336 35 75 234 430 481 597 795 1208 1218 1264 1288
481 35 112 136 286 652 696 838 1087 1131 1177 1406 1441
696 35 112 1087 1131 1142 1150 1169 1262 1264 1273 1478
1013 35 136 257 398 652 977 1084 1193 1262 1264 1461
1131 652 1087 1264 1405 1478
1401 253 477 729 1193
1486 112 162 430 464 681 905 947 958 1327 1448 1472 1478
33 40 246 291 376 542 553 689 807 906 978 1216 1241 1260 1347 1415 1418
40 41 357 505 585 591 661 676 930 1066 1073 1176 1479
246 69 142 352 376 411 489 519 543 978 1003 1015 1285
291 65 472 690 878 1324 1497
376 663 807 860 906 1003 1112 1260 1347 1464
542 203 270 489 553 1404
553 65 203 270 543 626 807 856 978 1192 1241 1314 1464
689 489 663 807 878 1260
807 116 203 878 906 923 978 1216 1320 1337 1390 1464
906 38 290 474 690 772 823 999 1015 1022 1226 1260 1454 1474
978 213 290 489 524 860 1015 1216 1415 1418
1216 290 663 763 1320 1432
1241 69 426 772 858 873 1070 1134 1454
1260 203 344 524 663 823 1003 1015 1337 1418
1347 116 133 262 314 439 489 543 758 873 1021 1052 1073 1119
1415 352 357 429 476 478 524 663 733 969 1141 1320 1479
1418 262 314 426 429 519 733 772 873 878 1003 1052 1119 1483
34 85 338 341 357 448 585 1488
85 163 341 799 982 1012 1047 1191 1226
338 532 607 872 890 928 1047 1176 1258
341 127 137 302 366 428 507 554 697 794 1254
357 267 448 890 1176 1254 1335 1444
448 135 170 368 564 668 784 872 928 1012 1047 1335
585 564 676 830 928 949 1176 1226 1440
1488 260 428 461 511 789 881 1221 1303
35 557 838 862 1208 1262
557 795 862 1250 1262 1288 1406 1413 1441
838 136 1084 1087 1193 1208 1259 1405
862 167 410 1038 1133 1169 1218 1327 1441
1208 136 496 917 1087 1214
1262 905 937 1150 1169 1172 1264 1360 1478
36 346 403 485 688 708 777 847 959 1175 1435 1436
346 46 513 643 804 834 846 939 1072 1267
403 173 307 421 467 648 688 1121
485 128 308 452 568 765 835 979 1072 1465
688 550 643 673 777 962 979 1045
708 47 285 365 513 1037 1090 1121 1267
777 47 52 635 840 884 1439
847 226 421 670 840 884 946 1439 1482
959 67 289 365 730 846 939
1175 141 480 753 785 1274
1435 173 307 434 452 673 769 979
1436 568 962 979 1155 1439 1452
37 196 526 577 912 995 1223 1231 1309
196 577 892 912 954 995 1005 1336
526 954 1060 1495
577 892 945 953 1025 1053 1277 1384 1496
912 229 770 892 953 954 995 1053 1060 1317 1443
995 236 892 1384
1223 229 379 1053 1321
1231 156 229 488 934 1140 1144 1293 1368 1384 1411
1309 124 637 770 1005 1317 1326 1384
38 524 547 683 856 941 1003 1073 1320 1337 1390 1460
524 624 626 663 1066
547 923 1006 1404 1423
683 151 198 423 559 609 675 782 784 812 815 902 1012 1017 1123 1416
856 61 290 411 974 1337 1479
941 478 987 1206 1226
1003 116 489 543 661 663 1483
1073 411 650 752 930 1460
1320 116 411 489 558 763 969 1464
1337 86 923 1006 1404
1390 56 202 465 725 809 823 1112 1188 1302 1318
1460 198 239 267 476 661 987 1176 1206 1226
366 142 429 463 507 697 890
784 170 191 368 697 930 949 964
830 507 697 955 1236 1254
928 254 564 664 676 712 949 964 1226 1258
1141 352 476 507 676 712 752
41 135 664 803 982 1206
505 198 368 423 591 828 1159 1281 1372
591 411 429 564 763 964 1066
661 267 368 712 763 1119 1176
676 429 564 650 712 949 964 984 1226
930 140 194 415 902 944 949 964 1012 1017 1123 1135 1148 1258 1372 1444
1066 135 158 198 239 290 469 624 803 990 1100 1281
1176 290 712 806 1226 1236 1440
1479 69 133 314 478 543 858 943 955 1236
135 194 254 290 328 335 423 559 607 782 816 949 970 1286
664 137 306 697 890
803 158 194 254 290 970 1281
982 90 94 170 482 799 1050
1206 58 794
42 498 1382 1411
498 462 637 821 1368 1403
1382 223 271 276 637 850 889 935 1144 1293 1361 1368 1411
1411 434 455 462 821 850 1144 1328
43 412 612 633 698 922 940 961 1457
412 369 373 520 788 909 1089 1106
612 181 200 391 698 836 940 1014 1036
633 103 372 438 517 528 684 711 755 800 967 1071 1082 1291 1392
698 367 399 517 745 755 961 1014 1357 1402 1494
922 73 265 438 454 499 680 909 1107 1319 1475
940 211 627 629 632 867 1271 1304 1325 1327 1458 1493
961 286 369 391 627 1014 1084 1218 1230 1402
1457 83 200 327 466 531 627 691 788 836 911 1180 1200
44 106 410 1128 1133 1172 1250 1325 1327
106 286 294 386 410 414 1084 1128 1250 1304
410 370 512 569 756 1081 1128 1172 1250 1271 1387 1491
1128 756 1084 1448
1133 257 282 294 386 795 977 1193 1218 1298 1345 1387 1441
1172 387 414 836 1250 1327 1345 1387 1441
1250 136 167 327 756 1084 1310 1491
1325 327 627 629 1146 1441
1327 112 118 136 652 795 1441 1493
45 212 269 316 491 819 966 1029 1074 1376
212 263 316 433 593 921 1074 1334 1376
269 249 268 408 853 1029
316 76 593 750 1046 1074 1334 1363
491 88 123 593 853 921 966 1024 1046 1074 1363 1492
819 263 424 593 921 966 1046 1074 1162 1376
966 263 593 921 1046 1074 1245 1334
1029 535 646 666 921 1024 1074
1074 563 903 1191 1363 1376 1492
1376 123 563 666 921 1363 1371
46 173 339 452 692 1346 1429
173 207 434 715 765 976 1030 1274 1346 1373
339 164 273 686 715 933 1166 1466
452 421 434 568 643 976 1090 1127 1429 1465
692 52 172 513 673 840 886 1072 1090 1439
1346 495 765 887 976 1072 1196 1343
1429 434 719 1196 1287 1373
47 52 365 421 670 840 886 887 1037 1072 1121 1196
52 105 207 590 840 1121 1383
365 49 568 643 1090 1267 1463 1465
421 49 178 582 840 884 1225
670 79 361 582 1094 1377
840 74 178 565 643 765 946 1161 1439
886 673 1037 1072 1121 1388 1446
887 71 307 480 513 719 1196 1343 1463 1489
1037 74 105 470 565 1388
1072 1388
1121 128 470 568 979 1045 1343 1439
1196 71 434 719 737 765 1090 1465
75 418 512 745 1491
167 253 414 496 512 707 1310 1387
253 294 370 398 512 1081 1084 1177 1310
294 414 418 512 1081 1193 1402 1461 1491
512 418 1084
729 296 1189 1218 1288 1431
1081 756 1014 1084 1406
1387 234 370 387 391 419 569
1494 327 370 407 745 755 813 1014 1291 1357 1431
49 207 565 586 590 702 1122 1377
207 416 883 962 1410 1482
565 172 590 833 834 1446
586 178 470 486 590
590 105 582 702 1439
702 178 1187
1122 486 582 883 1217
1377 361 883 1103 1217 1234
50 249 268 380 615 646 853 960 1135 1156 1233 1407
249 268 278 380 900 1156 1233 1323 1451
268 408 1024 1299
380 263 408 578 615 757 853 1283 1407
615 613 853 1135 1174 1233 1407 1414 1438
646 123 206 315 408 1252
853 88 408 578 896 1299 1407
960 278 613 781 1129
1135 94 1053 1451 1487
1156 560 578 1129 1233 1323
1233 88 408 896 1283
1407 206 408
51 154 493 587 925 957 1158 1355 1447
154 359 751 758 871 914 1026 1059 1312 1447
493 66 303 374 436 602 608 751 790 1028 1095 1114 1275 1329
587 60 92 284 1095 1158 1247 1312 1366 1473
925 99 192 284 871 965 1065 1095 1300 1308
957 192 241 329 381 427 436 545 667 738 751 761 1002 1026 1105 1183 1330 1400 1473
1158 84 99 645 871 907 1105 1355 1447
1355 472 519 546 595 640 659 685 767 999 1080 1447
1447 60 92 99 284 439 859 1059 1065 1080 1163 1312
105 74 285 486 946 1187
1383 172 513 715 804 834 846 1090
53 378
378 296 813 1189
54 63 97 107 202 235 343 474 636 724 839 1301 1412
63 581 636 656 731 950
97 107 465 1069 1211
107 474 548 600 690 724 764 1040 1069
202 396 600 644 656 735 824 924 1039 1160 1213 1301 1315 1354 1412 1417 1469
235 190 221 581 655 825 1020 1062
343 538 656 731 839 1213 1278 1301 1315 1354 1455
474 65 690 724 725 924 1179 1186 1278 1313 1341 1381 1432 1469 1484
636 465 548 762 950 1301 1332 1412
724 153 735 762 899 924 1069 1160 1186 1484
839 538 644 656 1039 1179 1209 1412 1417
1301 581 1315 1332
1412 377 581 656 1020 1157 1209 1315 1417
271 223 617 770 981 1328 1361
295 821 852 935
770 223 617 821 968 1008 1443
797 672 852 876
897 821 1477
935 160 428 852 1008 1328
56 213 472 548 579 725 823 1007 1112 1188
213 61 153 344 558 725 878 1212 1324 1339 1349 1396
472 640 1086 1112 1179
548 690 793 878 924 1007 1318 1339 1349 1497
579 64 203 543 575 725 809 823 885 1112 1124 1295 1339
725 344 762 809 823 824 1112 1295 1302 1339 1381
823 809 1112 1265 1302 1370 1381
1007 344 824 885 1112 1160 1186 1192 1212 1302 1349 1396 1497
1112 546 1160 1201 1204 1207
1188 809 885 1265 1295
459 1263 1350
623 798
994 1406
1063 398 707 1263 1352
1214 742
1350 707 1263 1362 1406
58 420 507 697 890
420 127 397 461 1253
507 428
697 469 763
890 77 137 170 306 469
59 108 265 363 466 691 800 801 888 1071 1078 1143 1200 1269 1445
108 265 373 454 484 574 630 909 1054 1342 1397 1421 1426
265 181 326 477 504 528 680 787 800 909 911 1071 1089 1200 1249 1369 1458
363 531 630 801 841 888 1016 1200 1408
466 477 691 711 788 888 1200
691 78 369 629 630 717 867 888 1036 1078 1107 1319 1392 1458 1468
800 83 369 630 888 1089 1200 1392 1458
801 115 245 788 1049 1397
888 78 145 245 373 393 438 629 904 911 1106 1107 1200 1284 1468
1071 529 531 909 1249 1445 1475
1078 438 680 1107 1200 1269 1421 1458
1143 534 739 832 997 1043 1096 1342 1408
1200 145 245 287 369 711 717 788 904 909 911 989 1392 1421
1269 504 531 534 717 1016 1091 1170 1251 1421
1445 103 125 201 332 506 680 684 919 989 1171 1289
60 871 873 988 1059
871 70 92 99 199 284 439 685 849 907 1059 1095 1163 1257 1312
873 133 314 442 456 489 772 858
988 116 359 540 733 907 1021 1227 1473
1059 92 199 284 439 463 806 999 1163 1247 1312
61 86 153 558 878 885 1313 1324
86 1432
153 65 558 575 690 793 899 924 1324 1432
558 575 1313 1324 1423
878 344 690 793 1211 1324 1349
885 344 600 655 735 762 848 1124 1243 1302 1484
1313 344 690 1040 1212 1324 1469 1484
1324 203 624 690 1186 1192
184 396 656 1018 1157 1209 1213
264 300 479 490 539 674 761 1048 1146
300 150 761 827 1146 1224 1409
329 436 464 720
430 101 112 394 464 539 721 1048 1097 1184 1441
490 93 101 394 479 695 749 827 1146 1360 1413
539 112 533 749 1097 1146 1184 1448
738 93 101 112 394 515 695 749 751 761 1048 1256 1409 1430
749 533 674 741 1097 1146
996 279 533 947 958 1142 1224 1360
1002 84 99 199 204 1042 1163 1330
1229 479 533 746 937 1038 1224 1256 1360 1472
1256 109 337 400 479 515 533 746 877 1344
1413 533 597 721 761 905 958 1169 1184 1218 1224 1448
1472 475 638 1142 1146 1184 1344 1360
581 473 837 1020 1211 1332
656 396 731 824 1207 1209
731 538 644 879 1211 1243
950 1213 1354
64 190 261 567 848 1124 1179 1201 1370
190 824 1427
261 685 1022 1039 1204 1427
567 694 1064 1204
848 396 735 1124 1160 1179 1212 1339
1124 735 1160 1265 1295 1315 1332 1339
1179 396 644 824 1173 1209 1243 1370 1417 1474
1201 694 809 1204 1302 1427
1370 396 508 519 1039 1339 1474
65 152 575 655 690 899 1069 1285 1396
152 465 575 600 619 760 1212 1339
575 375 1278 1469 1484
655 760 764 793 1040 1069 1157
690 344 375 600 924 1192 1212 1423
899 344 375 678 1285 1432 1484
1069 375 377 700 735 825 1040 1211 1332 1423 1469
1285 431 1006 1404
1396 375 1278 1455 1469 1484
66 78 145 555 608 1033 1054 1132 1375
78 241 326 555 574 608 915 1033 1089 1268 1367
145 373 669 1421
555 427 608 867 870 1033 1365
608 241 326 629 836 1033 1268 1367
1033 915 1268 1367 1468
1054 83 484 915 1468
1132 121 606
1375 80 121 292 350 602 1152 1365
67 172 289 451 846 1280
172 289 451 730 804 834 846 884 1439 1465
289 208 643 833 1075 1109 1280
451 307 643 834 1090 1267 1463 1466
846 1109 1280
1280 939 1075 1109 1287 1388
109 143 566 1077
143 250 441 947
250 400 533 622 877 1041
533 205 475 622 937 1219 1360
1219 205 337 1077 1344
69 411 516 663 858 907 1119 1454
411 352 489 860 969 1100
516 595 733 1070 1221 1236
663 352 543 828 1333 1483
858 142 262 849 1393
907 262 359 519 540 546 758 1021 1308 1473
1119 763 809 849 860 1483
1454 442 456 999 1308
70 101 640 827 943 999 1018 1065 1393 1498
101 204 479 515 703 720 952 1498
640 439 1064 1204 1474
827 479 674
943 703 952 992 1065 1456 1498
999 519 546 1086
1018 396 458 1051 1151 1173 1476
1065 645 703 1456
1393 99 685 952 1227 1329
1498 706 761 767 1351
71 345 719
345 240 297 933 1101 1166
719 164 307 495 730 737 979 1030 1465
789 131 417 726
1221 92 502 876 881 1049 1055 1254 1303
1254 256 637
73 288 438 454 499 504 517 528 989 1023 1089 1369 1475
288 233 287 504 528 1319
438 504 531 1249 1458
454 79 499 531 649 942 1043 1091 1096 1342 1397 1408 1421
499 361 603 717 904 1089 1138 1170 1171 1291 1392
504 201 680 841 942 1170 1217 1289 1319 1421 1458
517 118 125 200 211 528 684 919 1357
528 342 680 1458
989 201 653 755 1035 1170 1171
1023 149 361 390 635 861 1139 1190 1251 1452
1089 83 149 369 529 717 904 1107 1249 1369 1426
1369 200 340 711 745 1249 1291 1475
1475 141 506 909 1082 1138 1249
74 285 470 486 1388
285 1446
470 1187
486 308 582 946 1419
1388 1439 1482
418 1352
745 327 391 407 419 755 1014 1402 1431
1491 118 370 407
76 433 1162
433 263 424 563 921
1162 206
77 554 806 829
554 206 778 868 975 1047 1277
806 794 829 1444
829 94 778 868 1027 1277 1361
241 751 1224 1268 1329
326 162 520 1028 1106 1259 1268 1298
574 440 629 790 867 874 909
915 340 369 788 867 1107 1238
1268 373 381 936 1230 1367
1367 629 1271
79 298 919 1035 1234 1248
298 149 332 392 534 634 786 1165 1234 1398
919 353 1399
1035 233 332 506 948
1234 353 361 1165
1248 390 402 416 611 635 832 842 861 884 1103 1190 1311 1482
80 176 284 303 417 440 556 602 1026 1259
176 259 303 440 511 556 602 606 859 1365
284 92 139 374 397 439 859 1134 1247 1312 1366
303 417 556 596 602 606 898 1111 1331 1365
417 127 171 354 437 502 811 898 1473
440 374 1028 1202 1255 1365
556 573 602 606 790 811 1126 1183 1365
602 121 259 292 437 936 1114 1152 1255 1365
1026 117 139 354 859 898 965 1042 1366
1259 299 667 1137 1183 1275 1400
88 206 1245
206 593 666 1024 1047
408 1414
82 126 273 297 447 527 541 713 727 832 889 976 1061
126 322 509 913 1099 1321
273 128 160 455 628 889 916 1083
297 455 648 1083 1101 1466
447 114 455 480 541 611 832
527 679 1083
541 114 128 266 446 455 467 480 835 976
713 128 480
727 128 480 495 611 769 1311
832 114 220 383 446 480 599 611 835 916 1397
889 160 672 866 971 1030 1061 1410
976 114 495 673 835 1217 1261 1274 1343
1061 138 220 1319
83 340 369 373 393 484 529 911 1036 1106 1230
340 369 484 1106 1107 1468
369 201 342 393 841 1107
373 115 393 531 669 788 904 1106
393 669 717 867 1468
484 629 841 1036 1230 1271 1468
529 684 711 967 1431
911 245 669 680 1392
1036 181 407 680 790 836 1014 1402
1106 573 680 1329
1230 370 711 1468
84 92 199 439 667 751 859 1163 1409
92 525 965 1105 1247 1366
199 413 667 741 952 1038 1080 1247
439 442 805 1163 1183 1312
667 192 413 436 638 859 1345
751 381 427 706 870 965 1028 1095 1137 1183 1386 1400
859 171 374 413 502 638 1126 1202 1366 1473
1163 952
1409 93 204 394 515 703 706 746 914 1330
163 191 532 799 1047 1258 1444
799 170 521 532 561 588 872 1050 1444
1012 535 559 1047 1113 1258 1372
1047 123 175 521 747 808 872 929 1017
1191 195 301 609 747 815
1226 267 429 650 763
1432 270 375 619 760 1192 1423 1469
442 262 426 543 595 767 1022
1302 914 1318 1349 1381
1245 750 903 1174
117 242 260 292 397 437 805 876 1076
242 511 726 876 881 1049 1152 1365
389 127 139 461 511 718 955 1049 1070 1257 1303 1356
397 139 805 898 918 1055 1282 1356
461 1257 1303
805 127 139 494 502 525 894 918 1021 1282 1303 1356
1049 502 881 1303 1356
1070 359 463 914 987 1021
1134 262 540 733 987 1021 1105
1257 502 573 1253
1356 497 726 955 1055 1253 1294 1312
90 175 195 588 593 668 747 757 1222 1286 1371
175 155 535 1159 1338
195 815 1252
588 130 151 315 593 675 750 757
593 666
668 148 151 170 267 949 1068
747 275 609 757 782 815 895 1068 1123
757 123 151 275 609 750
1222 194 335 415 471 523 675 963 1286 1416
1286 191 275 368 415 675 782 816 828 963 1123 1338
1371 424 1334
132 115 292 931 1076 1153 1255 1294 1359
292 121 259 457 739 936 1111 1152
437 259 511
701 138 259 457 573 739 874 1255
918 139 350 494 718 881 1282 1294
1294 139 259 342 457 511 726 1076 1255
525 359 494 606 894 1282
965 127 413 494 638 1366 1473
1105 139 494 1055 1114 1126 1331 1366
1247 413 758 849 894 1308 1312
1366 171 1042 1282 1430
93 204 394 475 695 720 746 761 1048 1330 1430
204 99 515 1330
394 413 720 761 1028 1111 1330 1430
475 205 622 746 795 937 958 1142 1360
695 427 545 741 1042 1400 1430
720 622 947 958 1042 1365 1468
746 110 337 992 1058
761 515 1275
1048 182 515 545 703 741 1038 1137 1275
1330 192 1095 1111 1312
1430 898
94 1050 1487
1050 130 929
1487 251 535 560 1174 1438
95 130 251 601 1283
130 561 903 929 1438
251 560 759 774 781 896 1129 1154 1299 1451
601 255 613 1129
1283 896
355 150 219 1098 1476
622 219 377 479 947 1456
926 324 992 1098 1273 1300 1344 1490
1273 324 337
465 793 924 1040 1192
1211 473 600 760
182 597 681 721 901 1067 1177 1298
279 282 937 1058 1097 1264
386 795 937 1087 1142 1169 1264 1478
597 189 1405
917 905
1142 112 479 1038 1224 1306
1264 905 1067 1087 1288 1448
1345 162 905 1084 1304
1478 681 1087 1184
99 479 645 703 952 1227
479 1038 1224 1456
645 992 1344 1456
703 1456
952
1227 413 436 1080 1300
238 458 1098 1102
458
1051 150
1098 396 522 992 1102 1476
1151 219 522 1038
1173 396
1476 110 150
515 659 741 1456
102 984 1006 1100 1314 1379
984 194 328 423 559 607 752 902 963 1338 1372 1467
1006 990 1381
1100 624 828 923
1314 624 626 923 990 1423
1379 247 254 431 625 1015 1281
103 506 603 787 967 1014
506 125 161 1082
603 161 201 680 1082 1180 1249 1289
787 161 372 684 755 1082 1289
967 1082 1291
1014 327 414 755 1177 1431
1045 1267 1463
946 178 1439
1187 568
286 370 391 477 1218
414 370 387 419 569 1310
1084 136 234 496 569 756
1304 118 464 1402 1493
600 375 764 1040 1186
764
1040 760 1192
630 115 669 841 904 997 1016 1319 1421
909 125 211 1249 1289 1291 1392 1458
1342 141 936 942 997 1091 1139 1397 1408 1426
1397 115 141 149 361 392 948 1096 1419
1421 680 932 942 1016 1107 1426
1426 367 942 1043 1091 1096
566 150 496 905 1097
1077 150 205 219 441 1041 1224 1306 1490
110 706 877
706 877 1344 1351
877 1360
391 245 1357
531 717 841 867 904 1107
629 1271 1493
790 181 606 1114 1471
841 115 717 932 1359 1468
1107 680 1016 1138 1392
112 870 1275 1448
870 427 649 1275
1275 545
1448 674 1038 1184 1224 1456 1462
872 521 532 975 1258
949 140 170 239 267 650 1159 1440
1017 140 964 1159
1335 290 429 564
114 128 467 611 785 842 1034 1155
128 467 769 1030 1261 1368
467 455 699 1083 1127
611 160 480 1261 1343
785 434 753 861 962 1030 1343 1419
842 177 383 480 893 1251 1359 1364 1452
1034 416 916
1155 402 416 480 635 893 1190 1251
115 342 669 867 936 1392
342 589 739 1408
669 121 739 932 1319
867 874 1319
936 121 468 573 866 1471
1392 161 200 680 1289
116 543 969 1236 1308
543 352 368 1022 1052 1236 1483
969 763 860
1236 463 733 1483
1308
260 256 276 572 596 1152 1272 1303
876 811 1153
1076 138 256 511 596
118 407 632
407 181 681 1193 1289 1431
632 181 200 245 711 836 977 1431
596 511 1153 1272 1359
811 299 374 898 1111
1111 1137 1152
1202 299 374 413 638 1028 1400 1473
511 428 726
572 138 457 502 672 1272
1255 138 1153 1365
121 350
350 1114 1152
643 568 715 933 1267 1446
715 164 240 730 804 1287
1446 939
123 321 1279
321 750 776 1024
1279 750 851 895 1068 1148
124 144 322 500 617 1053 1326 1384
144 500 1008 1140 1321
322 240 617 648 679 913 1101 1127
500 892 1053 1317 1489 1496
617 821 850 968 981 1008 1293
1053 223 620 953 954 1005 1154 1317 1384
1326 1127
1384 892 968 1005 1027 1443 1496
125
509 156 379 774 910 913 1099
913 224 232 379 648 910 1099 1321
1099 1011 1433
1321 549
127 354 955 1282
354 1055 1282
955 463 494 497 718 1282 1303
1282 463 1028 1114
769 226 388 1489
1030 160 266 455 495
1261 226 266 480 599 1274 1343
1368 462 971 1144
482 1317 1444 1496
808 521 1258
896 560 578 900 1323 1451
1027 778 868 1008 1277
1444
561 315 521 535 564 900 903
903 151 1252
929 532 975 1258
1438 1323
131 628 726 852
628 1359
726 457 1152 1153
852 428 981 1364
931 138 589 779 866 1153 1364
1153 138 256 388 1364
1359 220 388 404 779 866 874 997
133 142 849 987 1086
142
849 595 758 1052 1080 1086
987 262 359 540 718 733 1331
1086 546 659 1160
681 282 652 1169 1177
1067 545 1462
1146 741 795 1038
1329 721 1028
1386 413 427 1042 1095
194 158 198 267 328 423 559 607 675 902 1281 1338
254 158 247 431 476 523 607 625 828 970 1281 1333
290 607
328 191 559 607 752 970 1240 1338 1372 1483
335 415 471 559 675 812 816 1148 1467
423 964
559 247 923 1281 1338
607 247 523 816 1338 1372 1416
782 140 415 609 816 963 1113 1372
816 151 198 415 1068 1113
970 158 650 828
136 234 496
234
496 756
137 945
945 1140 1328
138 220 256 1348
220 404 483
256 1152
1348 739
139 497 894
497 540 718 894
894 494 718 758 1331 1473
140 535 1159
535 315 666
1159 368 650 752
141 149 367 390 997 1043 1091 1284 1319
149 177 367 680
367 361 392 649 1165 1251
390 392 635 861 883 893 1139 1190
997 635 1139 1251 1319 1408
1043 1016 1091 1096 1319
1091 177 1096 1458
1284 416 1096 1225 1319
1319 245 942 1096 1408 1471
441 189
947 937 958
1008 981 1140 1328
1140 1336
685 659 1039 1474 1490
1160 396 508 644 735 1243 1381 1427
1381 809
148 368 964 1281 1372
368 532 1068
964 712 752 902 1068
1281 624 625 678 828 1240
1372 158 191 944 963 1113 1123 1338 1467
177 332 402 635 693 1217 1251
680
150 522
522 445
151 614 776 895 1467
614 895 1252
776 301 851
895
1467 301 609 675 1148
619 375 1404
760 375 793
1212 1497
1339 1186 1349 1497
793 375 1278 1484
924 375 735 1186 1484
359 494 1021
758 494 1331
914 694 767 1052 1080 1318
1312 171 374 1095
155 532 975
532 170 1252 1258
975 900
156 228 379 425 910 934 1101
228 425 910 934 1011
379 425 850 934 1011 1101 1499
425 737 993 1011 1101 1466
910 934 1101
934 1477
1101 993 1127 1466 1499
463 733
158
160 1166 1489
1166 416 648 699 1489
1489 1083
161 372 1171 1249
372 296 813 843 1357
1171 353 653 1180 1289
1249 233
162 721 1177 1462
721 181 652 1298 1462
1177 977 1193 1218 1493
1462 1298 1441
191 902 944 1113 1123
1258 170
164 434 933 993 1178 1373
434 513 765 979
933 513 1178 1274 1287 1463
993 266 648 1011 1178 1373 1499
1178 1499
1373 1465
396 644 1039 1192 1243 1265 1295
377 538 1207 1332
473
825 700
707 1352
1310 370 569
426 314 1052
428 276 302 1293
170 609 963
609 247 675 1252
963 415 812 902 1113
171 374 545 898 1473
374 898
545 464 1042
898 404 1055 1137
1473 381 1126 1331
730 686 804 1267 1465
804 833 1287
834 568 833 962 1267
884 226 307 480 568 753 861 1251 1465
1439 673
1465 979 1463
765 513 979
1274 307 480
267 239 564 1440
1338 415 471 523 944 990 1068 1113 1416
259 299 573 739 1152
606 1114
1365 1028 1114 1468
332 361 592 635 657 1139
402 635 673 893 1139 1419
635 392 1190 1410
693 573 739
1217 361 942 948 1165
1251
178 1161
1161 1092 1094 1398
419 370 755 756
1352
1406 398 742 1362
469 1253
1253 1021 1064
181 901 1271
901 282 399 520
1271 904
1298 977
183 236 831 1060 1433
236 224 620 1060
831 229 620 665 953
1060 968
1433
1157 221 714
1209 824 879 1207 1243 1332 1474
1213 538 644 1207 1243 1417 1474
659 767
446 383 480 483 1238 1364
455 648 971
483 1364
324 992 1360
337 1300 1306 1456
189 937
937 205 1097
824 508 879 1354
1427 508 1039 1265 1497
902 944 1113
944 415 1068 1123
1113 752 812
1123 1068 1148
192 1400
1400 381 1028 1126
198 828
675 301
815 275
1252 275 471 1363 1440
892 953 954 1005 1317 1336 1443
954 821 953 1005 1317 1496
1005 223 224 229 1001 1443
1336
431 247 625
1240 247 678 974 1333
1333 247 625 1404 1464
828 626 990
413 299 427 638 1114 1183
741 427 674
1038 520 1041
1080 546 1055 1300
200 211 836 1291
211 201 477 1291
836 245 257 327 755 1357
1291 1431
201 233 353 1289
233 287 353 634 1138 1139 1170
353 1138 1170
1289 1082
644 538 1207 1315
735 1186 1354
1039 508 1265 1474
1315 814 1062 1417
1354 879 1265 1455
1417 814 1207 1243 1341 1455
1469 1186 1349
203 624
624 270 678 923 974
205 1087
1087
666
1024 750
416 266 361 383 599 753 861 948 962 1190 1311 1410 1452 1482
883 392 534 582 948
962 753 1343
1410 226 861 893 1092 1190 1311
1482 334 786 833 861 1092 1311 1452
208 550 833 1109
550 1075
833 939 1109
1109 939 1075
1362 798
477 684 1197 1357
263 921 1046 1492
921 424 563 1363
1334 750 1363
344
1349 1186
217 580 759 1323
580 232 759 774
759 232 578 774
1323 278 774 1129 1414
981 488 821
1083 971
219 1041 1184
1041 400 1058
1184 958 1097
404 573 589 649 1238 1364
221 762 814
762 1332 1474
814 1341 1455
222 296 313 716 813 1197
296 716 817 843
313 813 1180
716 813
813 1197
1197 843
223 488 821 1144 1477
488 679 821 866
821 850 1144 1293 1477
1144 229 462 971 1293
1477 971
224 549 665 1495
549 1495
665 232 620 781
1495 229
315 275
1414 255
226 673 753 861 1343 1419
673 1343
753 266 599 1090
861 392 1398
1343 266
1419 383 1139 1190 1311 1452
508 879
1011
229
489 1015
733 262
860 352 456
457 1152 1272
468 573 649 1238
589 573 649 1238
649 1238
1272 866
232 620
620 1317
287 534 653 717 786 942 1016
634 534 592 1398
1138 1170 1399
1139 599 893 1225
1170 653 1458
1020 714 1062 1332
1062 1332
375
1102
239 712
712 429 564 626 650 1440
240 351 737 1466
351 648 1127 1499
737 1466
1466
1224 282 958
881 502
1152
383 893 1225 1238
1225 599 1096
245 711 788 1458
711 1082 1431
788
1458
352 1464
519
1015 456 678 1483
247 523 625 990
523 1416
625 974
990 626 974
778 672
1277
278 560 781
900
1451 578 781
400 1058
560 578
774 1154
781
1129
1154 551
1299 613 1025
370 520
398 1461
476 429 478
255
257 1461
1461 742
1332 1341
299 1183
573 779 874
739 779 1096
276
1303 502
1022 546 767 1052 1318
1204 546 767 1490
262 314 772
314 1052
772 546 1052
1046
1492
674
266
564 650
1440
270 1464
1464 1423
1328 1001 1361
1361 1403
916 480 835
958 1097 1360
275
282 1028 1169 1193 1441
1058 992
1097
638 436 1095 1126 1183
1468 874
879
1028 1137
1169 795 905
1193 387 520 627 756 977 1493
1441 795 977
1344 992 1351
1456
1218 464 569 977 1493
534 334 592 657 786 1165 1399
653
717 948 1016
786 361 592 942 948
942 948
1016 1096 1408
1075
1497 923
436 381 427 1300
502
672 388 866
1402 627
817 843
843
648 699 1127 1463
392 361 435 893 1092
1165
1398
1183 427 1042 1095 1126 1137
301 415 471
415
471 812
302
1331
306
307 462
462 971 1001 1293
308 361 582 1311 1399
361 334 435 1103
582 1094
1311 893 1452
1399 592 948
850 637 971
1001 968
756 977
1180
1052 1318
750 1363
1363
381 1137
1459
1496 794
1103
679 968
1127
968
992 595 1351 1490
1360 399
520 464
327 755 1431
755 1431
1431 1357
752
1483
464 1493
794
592
657 435
1042 427
334 948
948
812
1148
795 387 977 1493
1288 1150
1300 1126
1306
686
1408 1238
538 1207
1278 1484
1455 1207
513 1090 1463
939
1267 979 1090 1463
1114
1499
1055 494
494
1021
521
435 1452
1443 953
568
1090 979 1287
1463
429
1068 514
1357
904
1207
1189
578
1137
1295 694 1474
893 1094
1238
495 699 971
387 569 1493
569
1493
388 1403
1403 637
718
1190 599
1092
1192
1243
1265 694 1474
399 977
977 905
1364
678 923
1394 1198
1490
427 1095
599 1452
1452
424 563
563
1095 1126
1293
979
595 809
767 546
445
480
1317 953 1025
1096
971
456
1263
551 1025 1174
699
1186 1474 1484
1341
1484 1423
478
684
652 905
835
866 779
1150
540
637
1094
1082
514
1126
1416
626 974
1064
1404
546
923 974
1423
1318 809
1025
1174
868
650
905
694
779
874 1471
953
809
837
742
763
932
1405
613
798
974
627
1474
1351
700
714
1287
851
1471
1198
