0 498 688
498 67 364 699 1861
688 10 412 493 799 1190 1623 1861
1 43 214 362 431
43 249 297 411 1134 1894
214 494 600 1298
362 192 319 431 485 1588 1855 1886
431 1855
2 13 225 604 1172 1359 1518 1578 1830
13 61 134 607 608 1137 1359 1430 1518 1830 1884
225 505 639 876 930 953 1811
604 291 594 930 1066 1121 1248 1359 1892
1172 115 148 281 748 876 1718 1954
1359 104 682 887 1007 1166 1830 1928
1518 375 823 1137 1604 1884
1578 334 547 876 1007 1779
1830 104 375 899 1146 1166
3 210 227 306 744 814 855 1045
210 41 213 261 298 422 427 855 1398 1554
227 102 345 763 892 1132 1286 1307 1313 1432 1857
306 41 661 855 1747
744 356 1859
814 122 898 1482 1756 1967 1969
855 578 866 970 1094 1324 1747
1045 41 102 422 685 1307 1815 1967
4 75 404 496 788 985 1488 1531 1797
75 496 524 661 788 974 1754
404 243 496 524 730 1531 1797
496 45 255 462 661 730 974 1086 1415 1735
788 243 661 1976
985 99 1754
1488 40 909
1531 422 906 1086
1797 695 730 771 1697
5 83 228 864 1207 1532 1908
83 171 896 1861 1908 1922
228 54 135 232 240 493 752 1484 1502 1606
864 239 794 1261
1207 718 728 923 1114 1532 1545 1908
1532
1908 896 923 1261 1959
6 969 1416
969 587 727 891 1246 1603 1851
1416 506 730 1447
7 477 483 554 623 665 1101 1362 1478 1516
477 370 389 1446 1478
483 104 677 899 1146 1646 1838
554 1111 1446 1838
623 291 323 619 768 877 972 1376 1574 1646 1901
665 22 377 447 522 917 1111 1411 1838
1101 283 677 929 1166 1516 1838
1362 36 185 726 897
1478 86 677 1022 1032 1111 1376 1646 1716 1901
1516 877 931 972 1022 1352
8 149 310 369 1008 1228 1356 1788 1800 1844 1956
149 599 1004 1158 1199 1238 1555
310 560 1008 1158 1167 1379 1512 1767 1917
369 50 292 506 693 695 753 861 1109 1256 1960
1008 977 1153 1167 1199 1211 1325 1426 1522 1992
1228 599 904 1238 1290 1426 1555 1800
1356 540 656 960 1275 1325 1744 1844 1992
1788 196 249 540 560 705 828 1158 1199 1495 1512 1744
1800 839 1238 1439 1844 1972
1844 512 540 1046 1096 1129 1199 1555
1956 586 749 1626 1719 1759 1816
9 100 602 743 912 1006 1060 1249 1490
100 218 593 1725 1853
602 414 743 912 1036
743 593 1060
912 39 1060 1175 1209 1529 1712
1006 90 237 415 503 516 975 1071 1204
1060 1175 1853
1249 206 237 331 415 573 641 692 869 975 1009 1165 1853
1490 39 445 593 755 1529 1918
10 159 432 534 1266 1323 1686
159 179 266 309 792 826 838 1898
432 309 876 922 1035
534 309
1266 123 166 261 463 475 794 1225 1261 1312 1460
1323 1125 1312 1729 1885 1950
1686 922 994 1473 1551 1803 1929
11 153 452 552 1030
153 830
452 297 807 1972
552 939 1000 1144 1633
1030 388 538
12 234 296 798 810 1113 1836
234 694 1113 1310
296 62 193 367 654 798 1078 1310
798 425 1011 1451 1940
810 654 1113 1365 1836
1113 367
1836 62 73 193 386 694 1875
61 389 447 522 607 608 929 1021 1674
134 344 682 823 1007 1674 1729 1765 1884
607 56 154 361 389 1021 1127 1574 1655 1888
608 104 111 335 522 734 929 1021 1621
1137 69 375 592 1143 1166 1567 1904
1430 375 463 614 1126 1155 1166 1674 1888
1884 291 505 1674
14 156 792 1229 1760 1919
156 443 1229 1528 1760 1919 1929
792 179 342 412 838 1364 1528 1752 1777
1229 443 922 1255 1919 1929
1760 247 281 284
1919 443 1586
15 824 962 1047 1442 1815
824 68 365 918 1442 1815 1967
962 68 253 870 1442 1477 1653
1047 275 1702 1815 1860 1896
1442 68 870 1815
1815 253 585 870 1313
16 742 994
742 923 1261 1503
994 123 344 823 1125 1765 1950
17 944 1396 1624 1840 1891
944 21 133 533
1396 1273 1619 1766
1624 1276 1867 1875 1994
1840 499 1465
1891 402 627 725 1619
18 413 903 1265 1366 1464 1849
413 564 671 698 1304 1366 1534 1613 1660 1778
903 822 1524 1845
1265 350 806 828 1315 1325 1687 1705 1778
1366 350 1464 1628 1670 1683 1705 1902
1464 312 806 809 1683
1849 1253 1304 1524 1755
19 511 606 716 868 943 1535
511 875 1730 1741 1913
606 597 716 750 989 1178 1222 1466 1580 1722
716 267 750 1222 1254 1466 1722 1986
868 421 456 775 1424 1655 1721
943 353 740 775 1307
1535 200 740 1026 1889 1926 1932
20 315 563 762 1240 1338 1602 1700 1822 1934
315 280 581 739 1104 1540 1717 1723 1822 1911
563 295 762 1247 1293 1438 1614 1903
762 280 1614 1822
1240 101 280 1293 1338 1487 1602 1700
1338 635 1202 1602 1614 1723 1822 1865
1602 570 829 1104 1202 1487 1614 1680 1700 1717
1700 390 739 1104 1202 1487 1723 1934
1822 739 1614
1934 33 288 829 955 1162 1247 1412 1717 1775
21 313 812 1651 1808 1964
313 1317 1867 1951 1964
812 190 366 1317 1513 1808
1651 133 366 1078 1583 1808
1808 1513 1561 1867 1994
1964 124 386
22 104 594 818 1279 1610
104 734 929 1155 1166 1847
594 63 1237 1243 1347 1587 1782 1923
818 105 164 872 917 1021 1127 1166 1361 1858 1920 1937
1279 273 899 1143 1446
1610 899 915 1248 1446 1519
23 612 900 1180
612 84 93 232 555 557 729 859 893 1161 1629 1695
900 211 1018 1175 1763
1180 211 902 981 1044 1514 1618 1786
24 66 232 286 555 626 1027
66 325 541 859 979 995 1013 1968
232 626 893 1394 1629 1809 1831
286 54 93 541 626 1394 1502 1656 1677
555 937 966 1695
626 107 893 952 1161 1329 1394 1526 1606 1629 1656 1831 1909
1027 54 93 293 893 927 1294 1471 1606 1616 1629 1695 1909
25 57 599 1199 1325 1555 1694 1955
57 47 79 350 698 797 1522 1645 1705 1948
599 609 904 1073 1238 1290 1555 1660 1732 1843
1199 540 683 1158 1325 1769
1325 47 120 312 350 828 1315 1589 1591 1645 1902 1927 1992
1555 113 191 1096 1694
1694 615 1057 1899 1927
1955 424 480 656 1439 1759
26 81 198 254 289 426 655 697 728 758 774 1455 1690 1747 1904 1969 1999
81 123 166 261 403 463 475 530 548 578 728 887 1571 1577 1970 1974
198 289 655 697 758 774 1012 1441 1688 1690 1904
254 345 433 857 946 1709
289 55 187 261 403 426 548 578 758 774 1443 1688 1904 1970
426 55 158 261 403 548 578 655 728 1012 1100 1418 1747 1749 1904
655 166 261 548 578 728 774 1216 1455 1904 1970 1999
697 611 933 1565 1668 1688
728 119 166 403 548 578 774 887 1443 1747 1970
758 243 335 590 1126 1441 1455 1688 1747 1904
774 41 213 261 578 1216 1577 1904
1455 261 314 439 1126 1441 1650 1688 1747
1690 119 422 578 1565 1688 1916
1747 243 298 1441 1709
1904 119 475 530 578 1191 1216 1443 1749 1970
1969 154 213 537 590 848 1216 1443 1709 1974
1999 243 298 422 611 1012 1415
27 215 281 284 844 976 1954
215 281 707 1255 1954
281 976 1954
284 922 1803
844 1182
976 922 1255
1954 264 1813
28 650 707 711 1149 1182 1644
650 48 687 808 1002 1243 1410 1837
707 48 98 551 1237 1262 1598 1813 1837
711 98 808 1002 1038 1182 1353 1456 1662
1149 651
1182 651 1382
1644 514 746 928 1456 1636 1682 1740 1796
29 1666
1666 491 492 502 704
30 308 1295 1376 1427 1887
308 768 897 972 1032
1295 86 447 897 1108 1646 1838
1376 779 1032
1427 250 619 751 768 938 972 1337
1887 164 185 1352 1604
31 88 109 535 1380
88 342 535 591 1380 1497 1548
109 535 1793
535 1221
1380 342 393 1401 1546 1879
32 1098 1305 1399 1560 1755
1098 1746
1305 300 476 680 851 1458 1699 1998
1399 515 1414
1560 484 886 1745
1755 484 1687 1746
33 311 482 570 721 737 1184 1247 1775
311 326 1202 1412
482 301 769 841 1247 1316 1877
570 500 739 773 1162 1202 1412 1487
721 435 1285 1412 1775
737 72 78 127 394 640 1123 1436 1799
1184 152 301 581 829 841 1247 1395 1527 1714 1717
1247 301 481 1285 1326 1877
1775 101 829 1285 1627
34 622 630 670 832
622 412 1003 1671 1704
630 561 670 1575
670 393 1056 1355 1457 1546 1671
832 825 1003 1141 1292 1965
35 479 723 936 1231 1245 1383 1544 1572
479 155 202 209 429 796 874 936 1188 1258 1500 1544
723 150 1383 1409 1544 1869 1963
936 212 1188 1192 1231 1500 1869 1991
1231 722 905 1192 1203 1245 1383 1544 1572 1991
1245 202 212 784 1192 1869
1383 411 1785 1869 1982 1985
1544 202 784 1572 1617 1869 1985
1572 202 804 1785 1869
36 143 474 1489 1594 1689 1839
143 359 474 1048 1252 1734 1807 1995
474 60 1048 1235 1511 1563 1595 1609 1711 1783 1878
1489 185 216 328 584 1689 1727 1783 1863
1594 46 1235
1689 128 328 361 584 736 1001 1254 1283 1510 1609
1839 195 328 346 361 1001 1181 1609 1727 1878
37 317 348 409 1506
317 733 764 942 992 1177 1440 1633
348 1099 1369 1935
409 583 616 648 1054 1061 1110 1194 1369
1506 223 569 624 625 683 1054 1061 1099 1110 1472 1485 1738
38 757 775 1307
757 102 219 1132 1173 1187 1685 1804 1986
775 267 644 750
1307 167 275 892 1286 1313 1860 1986
39 414 523 539 776 1529 1530 1835 1918
414 657 1541 1918
523 445 458 593 840 1118 1496 1691 1941
539 593 696 800 1036
776 206 251 415 503 641 1118 1165 1175 1214 1431 1566 1853 1893 1962 1979
1529 1103 1406 1496 1691 1725 1918
1530 1566 1871
1835 574 883 1403 1713
1918 869 1433 1496
40 1217 1608 1664 1832
1217 224 372 462 646 727 1034 1185 1447 1463
1608 181 272 468 727 843 896 1447 1463
1664 181 372 727 843 1374 1447 1821
1832 372 1106 1392
41 45 433 866 1094 1554
45 92 241 335 433 1100
433 848 857 1100 1554 1650 1794 1980
866 119 427 1361
1094 241 685 946 1554
1554 187 298 335 857 1571
42 400 574 722 878 986 1370 1539 1641 1910
400 878 883 1386 1403
574 588 660 883 1403 1910
722 467 593 732 986 1539 1910
878 466 504 973 1420 1641
986 252 467 588 678 689 784 804 836 905 1641 1869 1910
1370 732 804 1476 1641
1539 71 150 252 466
1641 689
1910 466 467 973
249 830 977 1046 1219 1290 1444 1732
297 199 205 538 577 874 1449 1743 1792 1886
411 209 263 538 796 1188 1311 1792 1886
1134 830 1158 1219 1678 1925
1894 209 577 830 1397 1640 1869
44 68 147
68 870 1275 1477 1967
147 122 450 667 898 1415
92 241 270 1062 1127 1937
241 187 229 613 763 857 1020
335 154 229 857 1074 1100 1398 1980
1100 154 213 439 849 857 1650 1794 1920
46 94 881 901 1235 1511 1542 1737
94 434 488 789 1252 1283 1542
881 346 1563
901 488 1235
1235 434 488 1511
1511 789 1542 1595 1737
1542 488 789 860 1812
1737 359 488 1001 1334 1595 1878 1995
47 120 653 1948 1992
120 564 797 1379 1522 1660 1778 1927 1948
653 785 1004 1512 1522 1581
1948 312 350 785 1282 1705
1992 350 1158 1289 1744
48 808 873 1002 1782
808 98 125 551 687 1410 1456 1740 1796
873 273 746 1682 1716 1837
1002 1410 1456 1682 1740 1837
1782 316 990 1140 1587 1615 1718
49 116 155 205 796 1188 1306
116 971 1192 1311 1505 1617
155 202 429 575 1188 1192 1617 1642 1792
205 59 575 1449
796 209 212 1203 1306 1573 1617 1882 1886
1188 202 1306 1500 1743
1306 209 582 1192
50 122 292 450 753 766 845 909 1055 1256 1445 1558 1976
122 253 292 667 695 766 861 898 1277 1445 1976
292 318 330 1256 1976
450 667 695 861 898 1055 1168 1256
753 667 695 845 898 1218 1960 1976
766 99 231 834 845 1055 1256 1445 1946 1976
845 440 528 695 861 1168 1218 1445 1754
909 113 738 1041 1385 1667
1055 861 1256
1256 113 693 1218 1942
1445 99 667 695 1218 1851
1558 1218 1754
1976 506 771
51 144 715
144 326 500 982
715 643 982 991 1065 1123 1791 1799
52 1557 1806
1557 802
1806 74 138 444 1115
53 202 212 573 598 628 840 1476
202 199 212 1258 1869
212 59 1192 1367 1617
573 662
598 429 455 920 1258 1897
628 696 701 883 926 1409
840 460 926 1192 1618
1476 354 684 854 926 1617 1785 1869
54 135 893 1484 1606
135 76 157 333 493 947 1226 1394 1484 1526 1616
893 93 952 1677
1484 947 1091 1909
1606 557 947 1471 1831 1959
55 119 463 530 590 592 1155 1191 1312 1441
119 473 1688
463 530 1021 1567 1928
530 592 1443 1749 1970 1974
590 1443 1749 1970
592 111 682 823 1007 1125
1155 380 719 1166 1847
1191 314 550 887 1418
1312 158 344 475 505 1007
1441 187 1012
56 872 932 1127 1552 1920 1980
872 380 848 1552 1621 1937
932 105 1254 1574 1756
1127 380 949 1062 1271 1552
1552 302 1872
1920 302 380 537 1021 1361 1847 1980
1980 154 229 230 848 857 1166 1398 1674 1888
79 564 1660 1692 1705
350 698 1379 1589 1660 1705
698 196 669 828 1268 1379 1589 1731
797 705 1004 1495 1512 1988
1522 365 1004 1158
1645 828 1268 1902
1705 828 1589 1591 1854
58 461 795 913 948 1061
461 176 586 913 1040 1095 1131 1288 1738
795 277 668 1131 1177 1508
913 507 627 1040 1375 1620 1766
948 176 616 709 911 1040 1054
1061 385 526 616 624 648 1054
59 645 662 732 1298 1500
645 354 436 684 926 1505
662 354 600 815 1298 1311 1553
732 678 905 973 1592
1298 1333 1505
1500 354 429 1985
60 128 341 453 860 1001 1711
128 359 1048 1711 1807 1895
341 676 1358 1574
453 65 359 1812 1995
860 1595
1001 328 434 1595
1711 174 488 1208 1609
389 164 244 522 1090 1143
447 673 929 1021 1474
522 734
929 370 380 1143 1146 1646
1021 229 322 380 1621
1674 322 375 614 823 1729 1928
62 124 193 996 1078 1160 1579 1632 1707 1930
124 349 366 519 1384
193 73 827 1579 1632 1875
996 279 366 1078 1475 1507 1951
1078 279 386 519 704 1632 1873
1160 386 827 836 1579 1897
1579 519 827 1451 1504 1951 1994
1632 694 1280
1707 519 1183 1753 1951
1930 1343
63 823 888 1066 1811 1914
823 158 344 475 639 930 953 1007 1121 1140 1729 1779 1885 1928 1970
888 69 1559 1820 1914
1066 682 1121 1237 1248 1347 1587 1811 1914
1811 351 547 639 1364 1779 1928
1914 85 398 748 1347
64 368 938 1525
368 86 619 717 768 877 925 1337 1901
938 273 632 1373 1590
1525 1259
65 361 1048 1254
361 489 676 908 1812 1858
1048 989 1297 1812 1872 1895
1254 908 1181 1358 1574 1872
325 82 107 859 978 995 1071 1130 1612
541 184 271 1629 1677
859 184 495 880 995 1736
979 470 858 880 995 1157 1612 1622 1968
995 262 880 1701
1013 268 420 549 1014 1189 1622
1968 107 169 495 1087 1329
67 118 699 782 1789
118 123 256 364
699 1502 1861
782 299 956 1007
1789 217 314 1205 1623 1752
870 497 1653
1275 560 828 960 1289 1342 1512 1767
1477 456 585 1605 1967 1986
1967 497 1153 1653 1860
69 85 1146 1559
85 291 351 639 876 1146 1892
1146 291 1567
1559 115 572 748 1364 1519 1551 1615 1779 1885
70 217 256 299 448 520 767 794 1190 1758
217 179 956 1225 1497
256 799 1225 1758
299 1765 1885
448 412 794 1122 1225
520 767 1190 1225 1856 1931 1959
767 794 1225 1528 1856 1959
794 123
1190 179 342 1225 1278
1758 1278 1623 1922
71 150 233 455 1068 1280 1592 1798 1897 1994
150 455 905 920 1092 1280 1592 1792 1897 1985
233 192 784 836 905 1280 1409 1684 1897
455 304 920 1203 1280
1068 192 1203 1420 1897
1280 387 827 1764 1897
1592 192 1772 1897
1798 1198 1465 1684 1733
1897 836 920 973 1985
1994 387 1276 1873
72 127 326 390 500 640 982 1412
127 203 294 690 1065 1326
326 288 890 1412 1436 1680 1799
390 78 394 490 739 955 1717
500 101 761 1402 1509
640 101 761 1162 1799
982 1412 1791
1412 288 1162 1202
73 1462 1940
1462 405 694 1011 1451 1940
1940 387 504 519 1011 1420 1451
74 138 802 1372 1378 1388 1450 1790 1949
138 478 831 1388 1949
802 509 1935
1372 307 648
1378 307 444 862 1494
1388 817
1450 1935
1790 624 837 1224 1350 1439 1589
1949 478 509
524 695 959 974 1079 1754
661 914 1415
974 99 506 771 1697
1754 771 1079 1697
76 240 392 410 754 947 1226 1526 1656
240 333 1241 1429 1486 1710 1831
392 238 1091 1374 1710
410 84 238 333 561 620 754 1186 1292 1308 1502 1922
754 333 446 486 620 752 1502 1961
947 927 1831 1909
1226 238 1195 1471 1502 1526 1777 1841
1526 629 927 1195 1841
1656 84 93 542 1196 1616
77 107 858 1612 1701 1774 1780
107 880 1241 1616 1701 1774
858 880 978 1232 1296
1612 420 457 470 819 1157 1206 1622
1701 811 1122 1189 1232 1329 1780 1993
1774 184 880 1232 1780
1780 184 262 271 1014 1141 1145 1189 1394
78 643
643 394 490 1065 1536 1714 1799
564 484 708 886 1315 1470 1687 1745
1660 140 924 1073 1470 1687 1854
1692 117 1156 1282 1481 1534
80 531 1293 1680
531 983 1549 1698 1939
1293 401 581 1487 1614 1723
1680 713 739 773 1104
123 160 314
166 475 887 1261 1970
261 243 548 578 611 613 614 1974
403 505 548 578 1443 1749
475 887 1453 1460
548 887 1064 1216 1361 1443 1571 1970
578 963 1970
887 1749
1571 213 243 611 1012 1064 1126 1443
1577 229 848 1126 1361
1970 614 1418
1974 1709
82 93 952 1961
93 542 952 1329 1471 1831
952 262 495 542 978 1639 1695
1961 465 629 927 1081 1408 1537 1616 1943 1953 1965 1978
171 357 646 1227 1957
896 357 923 1186 1486 1841
1861 376 1457
1922 157 1225 1959
84 729 1695 1763
729 937 1122
1695
1763 1044 1234 1330
291 1248 1347
351 111 639 930 1243
639 1567 1779 1892
876 334 572 748 1107 1519 1718
1892 930 1779
86 201 679 1022 1834
201 679 925 1337 1646 1834
679 250 323 768
1022 185 899 1352
1834 1176
87 493 1091 1122 1195 1308
493 333 545 1122 1308 1429 1502 1777
1091 157 238 1270 1502
1122 1114 1308 1401 1457
1195 333 1186 1270 1429
1308 157 1035 1053 1909
342 106 179 956 1035 1278 1401 1473 1528 1546 1879 1898
591 321 1107
1497 1035 1318 1528 1623
1548 106 321 393 1035 1278 1473 1546
89 417 760 889 1017 1081 1201 1421 1663 1993
417 151 1663 1706 1720
760 566 1081 1321 1421 1828
889 596 1059
1017 561 1003 1201 1321 1408 1616 1943 1953 1993
1081 951 1145 1394 1597
1201 465 1145 1321 1597 1616
1421 381 1321 1597 1663 1828
1663 381 566 605 894 1141 1452 1597 1720 1828 1993
1993 486 825 951 1408 1943
90 169 331 397 415 1009 1979
169 276 285 331 415 1133 1809 1864 1962
331 805 1019 1210
397 91 724 1135 1204
415 197 218 285 641 869 1406 1541 1665 1893
1009 237 285 975 1330
1979 197 218 237 293 1204 1333 1786
91 276 416 1118 1665 1848
276 559 724 869 1071 1118 1135 1335 1406 1736 1848
416 121 161 305 384 1214
1118 1076 1214 1320 1335 1433
1665 457 559 1133 1335 1346 1907 1962
1848 559 1346 1907
270 328 352 488 1958
1062 1166 1474 1888
1937 1655
542 927 1039 1145 1329 1471
1329 978 1296
1471 1657 1831 1909
1831 184 495 629 1345 1394 1965
434 339 346 1283 1563
488 1595 1812 1825
789 1595 1878
1252 1807 1812
1283 96 178 195 359 1284
95 428 512 1426
428 191 940 1426 1972
512 839 1129 1350 1426
1426 977 1158 1902
96 584
584 185 328 1181 1734 1863
97 395 720 997 1513 1817 1906
395 177 451 787 1213 1331 1404 1801
720 863 997
997 601 842 1150 1556 1562 1906
1513 501 1147 1327 1708
1817 451 459 1801
1906 177 787 907 1197 1213 1883
98 651 884 1262 1336 1423 1467 1662 1716
651 687 950 1262 1598 1662 1776
884 551 1598
1262 125 248 666 950 1052 1119 1423 1740 1751 1826
1336 248 1119 1423 1662
1423 248 666 1636 1776
1467 666 793
1662 1636
1716 332 514 779 1105 1360 1823
99 226 506 693 1218
226 440 910
506 771 1218 1960
693 113 738 1667
1218 231 497 1167
218 237 637 975 1618
593 804
1725 211 637 805 975 1333 1984
1853 1165 1422 1566 1672 1871 1893
101 581 773 1230
581 301 401 841 1627 1723
773 991 1162 1395 1402 1436 1717 1911
1230 130 921 1387 1448 1568 1570
102 167 1400 1432 1702 1896
167 763 892 1132 1313 1400 1432
1400 1896
1432 892 1313 1482 1650
1702 421 1286 1313 1605 1804 1896 1986
1896 275 1313 1391 1857
103 268 589 756 1033 1206 1973 1990
268 180 371 517 702 1016 1340 1881 1990
589 1390 1728 1748
756 617 1340 1622 1802 1890
1033 371 420 549 1157 1233 1417 1452
1206 207 358 617 658 759 1340
1973 207 338 454 565 658 916 1016 1037 1810 1829 1905
1990 517 617 759 781 1340
734 614 1143 1567
1166 375 1474 1847
1847
105 131 174 558 917 1377 1655
131 558 1271 1655
174 610 1466 1773
558 302 849
917 164 370 726 1443 1858
1377 259 356 908 1655 1859 1958
1655 302 1872
106 321 826 838 961 1025 1528
321 179 247 826 838
826 961 1879
838 799 1025 1784
961 264 1364 1473 1551
1025 799 1473
1528 956 1401 1473 1623 1898
880 271 470 1014 1232 1251
1241 486 566 1710
1616 184 629 1039 1189 1345 1408
108 850 854 971 1170 1463 1600
850 891 1975
854 189 714 971 1128
971 189 1564 1600
1170 487 580 833 1599 1850
1463 355 462 1499 1599
1600 833 1319 1786 1975
1793 1255 1659
110 412 1053 1056
412 956 1318 1623 1879 1898
1053 238 1502 1841
1056 333 486 825 1063 1965
111 158 682 1729
158 505 673 1885 1928
682 1007 1729
1729 505 572 930 1007 1885 1928
112 273 672 835 1373 1823
273 136 768 1360
672 244 928 972 1823
835 269 1259
1373 283 1382 1649
1823 283 323 897 928 1237 1382 1649
113 318 330 738 1015 1946
318 330 1015 1946
330 738 1667 1925 1946
738 568 861 1167 1428
1015 231 1046 1667 1851
1946 1046 1640 1917 1925 1942
114 117 510 571 647 785 1534 1750 1827 1988
117 510 708 785 803 1534 1987 1988
510 235 803 1495 1988
571 644 1236 1581 1827 1988
647 175 235 816 970 1010 1236 1391 1750 1880
785 175 546 816 1156 1482 1495 1842
1534 708 803 851 1481 1581
1750 175 803 856 918 1010 1286 1771
1827 421 924 970
1988 219 365 803 1379 1581
115 1587 1615 1718 1779 1820
1587 148 572 731 779 915 1347 1837 1945
1615 922
1718 148 664 1248 1347 1364 1519 1915
1779 547 930 953 1121
1820 664 1140 1945
1192 429
1311 600 1505
1505 429
1617 429 494 926
708 964 1315 1771 1987
803 1568 1581
1987 546 964 1683 1687 1854
364
473 638 1205 1261 1300
1688 730 906 914 933 1064 1565 1668
1379 312 1495
1778 140 484 806 1683 1745 1902
1927 518 560 710 1268
121 305 384 567 595 1390 1433 1997
305 384 567 1058 1335
384 1058 1239 1390
567 327 454 513 1244 1728 1810
595 161 1244
1390 161 954 1239
1433 516 724 1214 1351
1997 1251 1676 1728
253 1605 1653 1860
667 695 1482 1960
695 861 1168
861 1392
898 1860
1277 1219 1767 1851
160 638 1856
314 550 638 1418 1565
349 133 279 386
366 533 709 1147 1317 1475 1583
519 827 1276 1365 1753 1873 1951
1384
125 269 316 398 990 1309 1456 1682
269 521 1038
316 731 1770
398 332 514 664 687 746 1140 1740 1945
990 514 746 1038 1410 1837
1309 248 1826
1456 731 915 1237 1410
1682 1837
126 992 1164 1434
992 691 939 1000 1067 1766
1164 586 691 741 1223 1440 1633
1434 1273 1620
203 435 490 747 1523
294 435 529 536 690 987 1316 1638
690 278 603 879 1220 1407
1065 1220
1326 278
359 1595 1812 1995
1807 610 750 1661
1895 236 772 875 1178 1825
129 162 355 981 1018 1044 1175 1786
162 777 1044 1196 1611
355 981 1044 1499
981 1018 1234
1018 181 197 211 462 777 1514 1786
1044 714 1345 1611
1175 458 641 1103 1165 1566 1893 1984
1786 211
130 200 235 1771 1846
200 274 740 1026 1889
235 219 1010
1771 168 618 671
1846 532 700 740 983 1026 1154 1741 1805 1889
1271 302 676 857 949 1563 1858
132 577 1185
577 141 815 1185
1185 231 1088
133 263 386 1465 1875
263 485 582 1203 1437
386 279 1276 1437 1475 1583 1764 1873 1875
1465 499 533
1875 1753 1867 1873 1951
344 1007 1121 1928 1931
1007 673 930 1121
1765 505
157
333 1502 1710 1953
1394 184 262 271 495 927 1039 1145 1345 1408 1943
136
137 642 921 1413 1638
642 1097 1136 1448 1638
921 168 260 1024 1582
1413 152 391 401 841 980 1097 1348
1638 536 987 1547 1693 1699
478 1099
831 862
139 977 1000 1224 1972
977 839 1224 1302
1000 1067
1224 710 1057 1073 1350 1952
1972 807 1144 1640
140 806 924 1268 1315 1591 1687
806 618 809 1282 1589 1683
924 964 1568 1634
1268 518 615 828 1057 1731 1902
1315 312 710 1480 1589 1854
1591 518
1687 1470 1613 1745
141 815 910 1088 1109 1139
815 1139 1966
910 1444
1088 494 1139
1109 340 388 1219 1444 1630 1678 1925
1139 224 487 494
142 968 1208 1257 1593
968 576 772 791 1297 1549 1781 1874
1208 188 418 576 712 1257 1549
1257 418 1222 1515 1874
1593 945 1193 1515 1661 1874
1734 363
1995 1595 1868
145 1586
1586 664
146 440 587 959 1392
440 1274 1469
587 1246
959 170 1079 1086 1168
1392 935 1385
1415 933 1064 1697
148 1237 1347 1770
1237 514 779 1140 1243 1347 1837 1923 1945
1347 664 846 1837
1770 779 1140 1649 1740
1004 1512 1589 1767
1158 540 609 1023
1238 960
905 784 1258 1553 1985
920 194 467 533 1092 1198 1409
1092 192 436 1258
1792
1985 784 1258
151 371 605 1354 1483 1947
371 1597 1881 1890
605 381 894 951 1978
1354 566 596 1163 1260
1483 379 1947
1947 1321
152 770 998 1124 1387 1461 1698 1926
770 274 320 856 1926
998 1461 1669 1877
1124 980 1461
1387 1024 1448
1461 633 1454 1698
1698 471 633 980 1865
1926 173 274 343 740 1026 1344 1569 1661 1741 1805
830 388 1630 1678 1966
154 380 848 857 1074 1650 1709
380 719 1074 1621 1888
848 230 719 1621 1709
857 229 230 673 1361 1650
1074 537 1443
1650 187 213 229 230 1709
1709 213 946 1126
429
575 538 600 1169 1966
1642 1743
443 1303 1929
1929 264 1659
505 614 930 1749 1885
673 614
1885 1121 1519
1928 930 1950
179 956 1035 1225 1898
266 393
309
1898 1401 1879
638 1205 1300 1453 1503
1856 1205
161 457 508 559 1204 1251
457 470 954 1251 1492
508 559 1538
559 1076 1658
1204 724 1019 1371
1251
777 966 1234 1330 1611 1639
1196 852 1492 1550 1809 1962
1611 902 966 1599
163 1520
1520 382 445
164 185 370 949 1090 1143 1411
185 1858
370 726 949 1143
949 339 676 1858
1090 363 726 1646
1143 375 377 899 1838
1411 346 363 1120 1863
165 980 983 1454 1627 1865
980 700 983 1454 1661 1903
983 686 1344 1932 1944
1454 633 686 1395 1865
1627 633 686 1585 1805 1865
1865 945
1261 847 1300
763 298 1212 1324 1398
892 908 1020 1187 1212 1398 1756 1860
1132 219 1010 1212 1756
1313
168 260 704 1024
260 1272 1570
704 1746
1024 1316 1582 1761
285 1133 1346 1371
1133 1346
1809 1210 1371 1550
1864 293 557 1130 1161 1629
1962 1371 1566 1629
170 388 399 1444 1667 1851 1966
388 231 464 790 1851 1966
399 340 464 1444
1444 231 464 1851
1667 204 1851 1966
1851
1966
357 468 718 843 1545 1657
646 891 935 937 1294
1227 324 727 843 1447 1821
1957 718 1186
172 579
579 430 706 1332
173 274 801 1112 1154 1173 1669 1889
274 597 1236 1569 1870
801 1569 1944
1112 343 816 1154 1173 1569 1721
1154 597 1173 1236 1932
1173 175 320 816 1236 1569 1648 1870
1669 1944
1889 1424 1932
610 489 1466 1493
1466 1580 1773
1773 353 867 989 1358
175 740 970 1010 1880
740 856 1026 1781
970 816 1721 1804 1986
1010 816 1857
1880 816 1648 1857 1944
176 183 526 583 1054 1287
183 649 1054 1084 1099 1375 1393 1485 1819
526 378 437 583 616 648 725 993 1110 1288
583 616 648 911 1054 1368 1819
1054 1393 1601 1819
1287 402 1328 1491 1533
177 601 1150
601 1269 1357 1556
1150
178 736
736 216 1242
956 1035 1318 1401 1546
1035 393 1318 1401 1879
1225 238
180 379 819 988 1014 1607 1736
379 327 358 819 1016 1339 1340 1607 1635 1981
819 358 1736
988 208 282 513 759 1014 1635
1014 454 1157 1736
1607 634 702 1748
1736
181 843 1486 1499 1821
843 935 1294 1486
1486 272 937 1294 1657
1499 1246 1319
1821 935
182 220 1079 1246 1447 1469
220 487 1768
1079 834 1385
1246 1034 1274 1599 1603
1447 239 727
1469 372 528 580 1034
649 190 402 437 1080 1131 1643
1084 1042 1393 1601 1819
1099 509 1077 1369 1795 1935
1375 627 674 1040 1095 1174 1633
1393 290 616 911 1223 1643
1485 668 1110 1314
1819 437 783 911 1643
184 271 1189 1232
271 1039 1141 1345
1189 629 1345 1965
1232 358 811
1858 302 339 363 377 676
186 246 383 553 652 680
246 515 879 1407
383 529 603 1977 1983
553 394 987 1316
652 536 747 1458
680 476 1414 1699 1761
187 298 1584
298 229 243 946 1324 1584
1584 345 1324 1398
188 1515
1515 1222 1874
189 891 1319 1603
891 833 1603
1319 1768 1850 1975
1603 462 1468 1599
190 501 507 543 958 1561 1766
501 1174 1215 1327 1583
507 863 958 1215 1269 1357 1363 1561 1619
543 765
958 221 441 648 674 1080 1363 1814 1876
1561 1215 1766
1766 627 1177 1215 1273 1619 1876
191 1640
1640 319 1630
192
827 387 694 1873
194 973
973 252 405 442 466 1420
195 346 1334 1783
346 1284 1609 1646 1783
1334 352 1852 1872
1783 1352 1563
196 609 1744
609 518 1289 1744
1744 705 1342
197 211 724 755 1210 1541 1893
211 1975
724 755 1019 1071 1335 1406
755 692 1431 1618
1210 1019 1938
1541 641 1406 1431 1479 1566 1893
1893 641
1012 243
199 209 1886
209 1886
1886
1026 1187
925 250 717 1242 1337 1726
1337 245 1108 1242
1646 877 931
1258 784
1869 684
435 391 481 769 1458 1547
490 706 747 786 1523 1714 1983
747 1523 1536 1693
1523 278 1419 1714
204 407 1049 1599
407 714 1564 1850
1049 224 1768
1599 1768
1449 494 1743
206 251 503 1406 1566
251 869 1135 1431
503 1165 1431
1406 516 1019 1071 1907
1566 1165 1422
207 759 820 1339 1905
759 282 327 634 1748
820 1051 1824
1339 327 470 1016 1810
1905 1037 1802 1824
208 282 702 1087 1452
282 702 1635
702 360 617 1145 1157 1890
1087 420 1157 1417
1452 549 811 1239 1321
213 439 613 1398
422 1443 1668 1697
427 1501
1398 345 644 1324 1621 1756
1975 833
1367 883 1250
439 611 933 946
613 849 1212 1756 1794
494 714 1514
600 538 1630 1785
1255 664 1813
216 1510
1510 1176
237 975 1479 1618
637 805 975 1333 1618
975 1672
1618 692 852
219 585 1605 1648 1685 1857 1860
585 1286 1391 1637 1857
1605 1482
1648 456 1391 1857 1986
1685 1286
1857
1860 1637 1653
487 1428
1768 255 528 580 1274
221 1328
1328 402 765 813 1862
222 242 631 886 1494 1936
242 329 449
631 329 681 1093 1151 1480 1936
886 484 669 735 1253 1264 1470 1902
1494 449 1304 1681
1936 783 1115 1151 1480 1670 1795
223 1314 1833
1314 562 656 1043 1472 1833 1912
1833 258 424 828 837 1023 1843
224 1850
1850 580 882 1564
930
953 547 1121 1915
345 537 1020 1126
1286
752 376 486 620 927 1623 1710 1841
1502 238 1270 1777
229 537 1020 1324 1756 1794
537 230 259 1020 1574
1020 1794
1324 946 1756 1794
1756 1212 1794
1794 849 1361
230 259
259 302 1212 1569
231 834
834
1629 852 1841
784 466 689
836 387 1451 1772
1409 252 1772
1684 1203
694 1183
1310 654 1343 1451
236 875 1549 1852
875 1159 1679 1852
1549 1322 1874
1852 418 1029
1479 805 1128 1135 1550 1553 1984
238 620 1909
620 486 927 1953
1909 495 1710 1953
239 727 1385
727 882
1385
1429 1270
1710 1597
329 472 562 822 1151 1845
449 862 1083
243 611 1565 1697
611
1565 933 1418 1668
1697 1064 1086
244 1138 1259
1138 1259
1259
245
515 1425 1745 1921
879 1407
1407 1220
247 1221 1546
1221 1752
1546 636 1575
248 336 1119 1751 1757 1776
336 1751
1119 666 1052 1757 1776
1751 1742
1757 1052 1353 1776
1776 666 1353 1636 1762
1046 340 1428 1917 1925
1219 1925
1290 1023
1732 749 839
250 659 1176
659 1108
1176
869 1165 1672
1135 516 871 1871
1431 1330 1871
252 466 504 544 1772
466
504 654 1420
544
1772
1653 1168
946
255 324 730 914 1735
324 406 906 923 1106 1916
730 406 941 1041 1735
914 941 1064
1735 906 923 1041 1341 1374 1916
799 1303
257 1480 1670
1480 681 853 1073 1613 1769 1843
1670 396 472 780 1096
258 749 853 942 1350 1626 1843
749 1073 1179 1654 1952
853 656 1151 1843
942 319 586 837 895 1291 1816 1899
1350 656 681 780 1093 1439 1843
1626 1023 1952
1843 396 681 828 1769 1989
302 676 1358 1574
1212 849
1569 1741 1805
1272 469 484 703 1585 1699 1998
1570 735 809 1348 1568
614
262 495
495 1677
485 582 1588
582 1067 1573
1203
1437 1089 1144 1381 1733 1933
264
265 735 1613 1746
735 1921
1613 1470 1746
1746 408 476 1425
393 1752
267 750 1580
750 353 867 1580 1679
1580 532 597
517 360 617 781 934 1417
1016 1802 1829
1340 617 934 1157 1802 1881
1881 360 1417 1802
521 1085
1038 1517
328 1609 1878
352 1958
1958 1111
1039 465 486 951 1965
1141 951 1145
1345 1943
272 937 966
937 718 966 1639
966 468 718 1294
768 877 897 928 972
1360 1590
597 353 791 1805
1236 1842
1870 320 1634
275
1071
1335 1521
277 385 668 1070 1633
385 683 837 895 911 1043 1110
668 837 895 1440 1654 1899
1070 691 1440 1633 1738
1633 764 939
278 394 529
394 301 1527
529
279 1215 1504 1867 1873 1951
1215 1095 1273
1504 1475
1867 1317 1951
1873 1753
1951 1365 1507 1753
280 739 991 1614 1723
739 401 1162 1487
991 288 423 1104 1487 1939
1614
1723 635 1202
1635 358
283 514 632 897 899 1590
514 746
632 919
897 323 877 1105 1901
899 677 1032 1567 1596
1590 332
922 1107 1303 1803
1803 1303 1784
1346 1371 1435 1492
1371 1492
1677 293 1408
287 288 1436 1509 1714 1911
288 1123 1162 1487 1717
1436 890 1123 1791 1799
1509
1714
1911 1123 1202 1402
1123
1162 1202 1487 1717 1983
1487 713 1202 1717
1717 829 841 1202 1395
1443 1300
290 648 1369 1795
648 911
1369 725
1795 1077
1248 547 1596
293 1938
1938 1234
536
987 481 1585 1693
1316 481 1136 1395 1547
295 1104
1104
367
654 1343
538
874 387 1028 1198
1743 464
300 408 1116 1414 1681 1761 1998
408 745
1116 469 476 1699
1414 476 745 1977
1681 492 1459
1761 419 476 703
1998 476 1585 1699
301 481 841 1136 1285 1983
481 769 1136
841 391
1136 391 829 1097 1877
1285 391 1395
1983 1547 1699
676 377
1358 1493 1574
1574 849 1872
303 1029
1029 1159 1222
304
1058 513 1521
307
972 1901
1032 677 1111 1838
560
1167 568 1428 1942 1960
1512 960 1005 1289 1767
1767 1211 1342 1495
1917 1960
1202 955 1395
312 618 1282 1481 1854
618
1282 964 1156 1683
1481 546 1156 1581 1683
1854 1589 1683
1317
550 1418
1418 1205 1460
1540 423 635 1322 1344 1874 1913
731 687 846 915 1837 1923
733 1067
764 939 1440 1508
1177 627 691 993 1040 1110 1620
1440 1508
319
320 999
999
322
323 877 1901
877
1901
406 1114
906 847 923 933 1341
923 1114 1545
1106 1034 1041 1374 1657
1916 1114 1341
978 1148
1130 852 1148
890 769
1799 1536
327 634 658
634 658 1244 1748 1802
658 358 1037
1609 1120 1727
1878 1727
472 396 817 1589 1989
562 1043 1115 1151 1769 1900 1912
822 396 1253 1845
1151 480 656 1073 1093 1900
1845 1253 1524 1628 1989
1925 340
805 1639
1019 516
332 779 793 950
779
793
950
1953 629 927
334
337 451 865 1197 1301
451 842 1152 1787 1801
865 1197
1197 1117 1365
1301 459 1152 1562 1787
338 565 916 1829
565 916 1405
916
1829
339 1181 1563
1181
1563 363 1604
340 464 839 1678
464 790 1397
839 1302
1678 807
1278 1879
1401 1318
1473 1752
1879
343 700 1805
700
1805 686
1121 547
1931 1125 1668
1126
1284
347 489 867 908 1493
489 1159 1872
867
908 1872
1493
1935
1589
1243
353 1178
1178 1222
354 1785
1785 1553
356 1187 1986
1187 1424 1804 1986
1986 456 1424
468 1186 1657
718 847
1545 1114
1657 557
358
1595
1812 1142 1281 1868
360 1233
1233 420 821 934 1706 1720
1588 1089 1733 1933
1855 1144 1933
363 726
726 1120
365 1005 1211
1005 1495 1675
1211
533 1089
709 441 1095 1363 1619
1147 863 1327 1556
1475 1365 1625
1583
619 1108
717 751
1960 1428 1942
1597 381 1321
1890 1145
372 462 1034 1274 1468
462 1468
1034 1468
1274
1468
373
374 871 957 1320 1351
871 957 1435
957 1320 1672
1320 1351 1422 1435
1351 1214 1422 1538 1715
375 1446
1446
376 1063 1777
1063 825
1777 486 545
377
378 616 725
616 1194 1368
725 569
1981 527
719 1621
1621 644
1888 1474
381 566 1003
566
1003 1059 1355 1537 1575 1978
382 1631
1631
603 1220
1977 419 1299
1239
683 624 911 1110 1179
837 895 1291 1719
895 1719 1899
911 569 1042 1077
1043 681 1900
1110 624 1508 1703
1276 499
1764 556 885 1011 1183 1451
387 1183
1183
790 1397
955
391
1374 1064 1341
1752
1527 1877
787 459 1213 1404
1213 778 842
1331 1357 1365
1404 1357 1625 1883
1801 1498 1562
396 681 1304 1524 1731
681 424 669 1769
1304 1628
1524
1731 615 1073 1289
664 1945
687 1796 1837
746 1105 1740
1140 748 915 1596
1740 1796
1945 915 1923
883
1386
1403 460 588
401 1395 1996
1395 769
1996
402 674 1080 1131 1643 1876
674 1363 1814 1862
1080 1533
1131 1738
1643 437 1042
1876 813 1327
1749
405 442 556 885 1420
442 885 1420
556 1420 1451
885
1420 1072
1114
714 1564
1564
745
1194 1042 1491
561 446
1186 847
1292 446 825 894 1537
1318 545
1623
671 851 1568
657 1103
641 1165
1214 1538
1706
1720 951
418 1281 1543 1874
1281 1075 1825
1543
1874 772 1781
419 1349
1349 1299
420 549 1408
549 811
1408
421
1668 1064
423 635 712 772 1193 1438 1661 1903 1939
635 712 1438 1730
712 576 945 1102 1322
772 471 576 1222 1679
1193 1102 1939
1438 713 1730
1661 1322
1903 471 791 945 1730
1939
424 1023 1050 1439 1759 1769 1900
1023 1759
1050 502
1439 1096 1900
1759 1654
1769 615 780
1900 444
425
1501 1482
940 1652
430
769
1458 476
1547 1693
436 692 1333
692
1333
437 1288 1368 1601
1288 627 1491
1368 1620 1816
1601 1042
438
933 1064
441
1303 748 1107
444
445 1712 1941
1712 1165
1941
446
1474
862 1459
1083 1459
1168 771
842 1673 1883
1152 459 778 1562
1787 1082 1724
807
454 965 1728
965 1824
1728 513 1676
456 1424 1804
1424
1804 644
470 1157
954 1076 1171 1244
1492
458 660 696 800 1691
660
696 701 1036
800 1036 1691
1691 1036
459 778 907 1498 1562
778 1562 1724
907
1498 1562 1971
1562
460 926 1553
926
1553
586 1179 1719
1040 1069
1095
1738 691
1567 1604
1397
465 951 1145
951
1145 1417
467 689
689 1250
469 1921
1921 809 1448 1582 1877
1157 1622
471 1102 1730
1102 675 1781
1730
817
1989
1205
1300
1453
1460
476
480 656
656
1877
677 1838
1838 1111 1352
484 1470 1582
1470
1582
486 1978
1978 894 1704
1428
1825
1159 1297 1679
1872
706 1332
786 1419
491
492 502 1200
502 1200
1200
545 927 1965
1514 833
1086 1064 1341
497
499 1144 1753
1144
1753
761
1402
1174 627
1327 1269 1556 1708
1165 1715
771
863 1269 1363 1971
1269 1357 1556 1708
1357 1625
1363
1619 1620
1538
509 1077
1077
1495 1581
1741
1913 1722
1129 1096 1952
513 1244 1676 1748
1244
1676
1748
1425 615 1253
1745
516
617 934
781
934
1417 1943
518 710 828 1057
710 705 1342
828 615
1057 1073
1365
1959 1503
1085
1496
525 1342
1342 960 1942
993
527 1263 1405
1263 1031
1405 1824
528 1267
1267
532
1089
1036
540 904
904
927
765 1708
1965 825
546 964 1156
964 1156 1581 1842
1156 1581
547 572
572 1519 1915
1064
1216
1361
811
551 1636 1762
1636 666 1052 1762
1762 1742 1826
939
1111
1451
557 1234
1234 1294
849
1076
1658 1296
1115
1912 1093 1472
1810 1818
568 1153 1675
1153 1675
1675
569
644
1581
1519
1915 1125
588 1713
1169 1198
576 663 945 1781
663
945
1781
963 1341
1332
580
1067 1991
1573 1198 1733
1863 1120 1727
1391
1637
1179 1302 1899
1719 1302 1952
1713 678
1107 1784
1125 1950
804 684
1923 915
596 894 1537 1828
894 1163 1704 1828
1537 1059 1575 1704
1828 1163 1575
791 675
1073 625 1302 1628
1630
1556
1220
989 1297
1222 1297 1722
1722 1297
1289 705
1161 852
615 780
780 705
1108 919 1726
621 1739
1739 1671
1671 636 1059
1704 1059
624 1042 1291 1703
1042
1291 741
1703
625
627
701 1209
629
1575
1093
919
633 675 686
675 1344
686
1802 1037
636 1389
1389 1355
1503
1097
1448
1536 1419
684 1250
935
1294 1984
816 918
1410 915
1837 915
1598
1343
1103
1037
666 1576
1576 1924
1482
1654
1899 1647 1952
669 1253
1253
1355
1457
851 1568
1568 1683
928 1242
1814
1862 1491
1344
678 1982
1982
1699 703
1250 1963
685
1796
691
1209
703
705 1902
1902 1628
1813
1353 1052 1826
1322 713
713
1791
751
847
1963
1120
882
941 1341
1041
846 1649
915 1649
1242
856 918
741 1816
1816 1647
1859
1105
1693 1585
748 1696
1696
1952 1096 1647
1679
1841 1270
1622
1321
1508
1708
1330
1639
1724
783 1459
1459
1842 918
1419
1364
1882
1011
1944
809 1683
1683
813
918
1051 967
1824 967
821
825
829
833
1784 1551
1302
1673
1883 1866
1649
852
1128
1296
1971 1082
1721
1672 1871
1435
1028 1933 1991
1198
1264
1059
1163
1596
902
1341
1620 1069
1634 1348
1726
931
1991
1652
1171
960
1551
967
1297
1148 1550
1932
984
1585
1950
1507
1943
1352
1933 1733
1031
1517
1069
1052 1826
1826
1521
1072
1628
1075 1868
1868
1533
1082
1270
1096
1117 1866
1866
1871
1142
1550
1223
1715
1942
1984
1382
1491
1273
1260
1299
1472
1422
1348
1625
1381
1907
1733
1727
1604
1924
1647
1659
1742
1818
