0 109 394 502 709 1040 1197 1325 1342 1344 1437
109 169 362 372 680 896 1007 1042 1085 1104 1195 1404 1437
394 271 372 511 709 825 986 1116 1250 1315 1386
502 32 85 155 680 798 1197
709 104 426 658 786 816 825 986 1250 1263 1344 1372 1404 1422
1040 90 169 321 344 411 420 436 684 700 705 816 1049 1167 1182 1195 1248 1312 1430 1468
1197 32 85 786 798 1116 1242 1369
1325 90 466 517 661 748 799 973 1018 1034 1104 1116 1127 1195 1215 1249 1359 1365 1369 1383 1430
1342 32 466 614 710 786 816 1104 1437
1344 85 104 270 426 1093 1116 1372 1386 1419
1437 32 48 85 104 426 786 798 986 1116 1360 1372 1422 1453
1 45 53 256 383 671 913 923 954 990 1188 1403 1464
45 3 22 187 198 283 412 591 641 735 923 1045 1097 1145 1285 1338 1403 1444
53 229 243 248 250 326 337 385 390 496 591 791 1070 1079 1097 1285 1403 1445
256 250 326 385 435 518 571 803 931 1039 1188 1285 1399 1493
383 14 22 134 154 166 248 390 443 923 937 954 990 1188 1285 1301 1403 1415
671 243 245 248 283 410 662 810 941 966 990 1028 1080 1338 1370 1415 1469
913 17 86 111 316 553 578 594 610 629 711 727 774 865 1045 1052 1078 1080 1351 1474
923 17 22 87 99 248 250 284 443 662 791 990 1122 1145 1188 1431 1469
954 133 194 274 284 290 506 662 711 859 903 951 985 987 1009 1188 1431 1493
990 98 187 212 276 326 443 506 536 735 757 859 897 903 1070 1115 1188 1370 1389 1403 1415
1188 42 250 390 435 506 652 865 1009 1285 1403 1415
1403 134 199 250 326 552 591 610 691 903 921 939 1009 1052 1059 1070 1115 1154 1251 1370 1435
1464 154 234 243 245 248 298 376 385 435 467 637 649 791 893 912 987 1163 1176
2 43 75 95 120 236 292 664 739 882 887 960 963 982 983 1206 1234 1366 1376 1429 1485
43 95 129 237 292 338 387 432 787 794 914 983 1318 1366 1428 1447 1485
75 71 168 237 338 346 429 477 504 561 597 882 887 982 1025 1142 1160 1162 1271 1318
95 237 292 346 429 597 794 1218 1226 1268 1318 1366 1376 1428
120 179 310 313 433 493 872 1005 1202 1218 1350 1428
236 123 147 179 181 237 561 736 857 960 1025 1142 1214 1271 1339 1367 1376 1418 1448
292 101 138 253 699 818 882 970 1088 1092 1234 1318 1350 1447
664 108 148 338 817 857 862 983 1050 1226 1240 1429
739 315 335 377 422 465 539 559 616 654 749 759 770 788 806 809 884 988 1013 1170 1177 1179 1191 1243 1245 1295 1352
882 71 181 401 580 597 960 983 1025 1142 1160 1497
887 84 108 123 147 226 338 463 561 857 942 960 1088 1381 1497
960 71 315 346 429 469 597 857 914 982 983 1092 1142 1178 1271 1376
963 251 287 398 401 452 494 569 607 632 792 904 984 1025 1026 1258 1290 1354
982 71 148 391 429 433 596 1146 1428 1463
983 61 71 84 181 287 315 322 338 575 611 817 857 862 1120 1142 1271 1434 1485
1206 83 173 340 391 456 556 657 736 770 904 984 1314 1329 1426 1451 1463 1496
1234 8 51 81 101 138 148 253 463 469 490 818 905 972 1088 1092 1142
1366 101 108 315 346 429 477 596 787 1125 1162 1318
1376 179 237 253 315 338 346 429 795 857 911 1271 1318 1434
1429 54 84 159 329 657 1088 1271 1418 1485
1485 71 237 287 338 346 942 1053 1142 1146 1412 1463 1497
3 42 111 199 225 235 248 330 443 454 459 489 578 776 777 859 921 962 1028 1038 1078 1153 1200 1262 1379 1389 1442
42 134 276 283 459 506 525 735 814 987 1200 1283 1293 1301
111 194 212 283 284 379 496 536 578 629 702 727 803 859 865 903 1016 1052 1059 1070 1145 1275 1283 1442 1474
199 99 234 248 443 512 536 610 641 753 921 931 937 991 1045 1176 1338 1370 1469
225 78 121 216 321 701 705 778 973 1099 1288 1351 1365 1442 1455
235 98 244 454 459 563 610 719 841 902 1028 1078 1200 1283 1298 1389 1436 1459 1474
248 22 99 134 166 435 443 865 881 903 1115 1176 1493
330 121 198 284 338 529 756 775 948 1016 1038 1078 1099 1152 1212 1351 1473
443 35 283 506 518 536 591 735 841 881 991 1115 1176 1338 1445 1474
454 517 521 651 727 776 987 1284 1293 1379 1435
459 17 29 78 250 316 529 563 595 691 702 727 769 902 1262 1389 1442
489 471 553 691 717 1059 1084 1112
578 29 198 244 283 316 325 412 662 865 951 968 1200 1312 1455
776 294 349 553 651 661 705 814 902 973 1018 1049 1416 1455
777 78 98 194 366 379 610 865 987 1028 1080 1301 1383
859 17 121 135 198 244 316 380 399 412 496 501 594 610 702 711 769 865 902 962 1096 1112 1200 1292 1343 1457
921 99 337 735 791 937 1045 1444
962 6 244 399 521 594 711 748 1099 1153 1248 1251 1262 1436 1442
1028 22 187 250 284 485 496 640 847 902 903 937 1078 1262 1285 1301 1343 1370 1415 1469
1038 26 29 78 244 411 499 529 661 700 769 926 948 1004 1153 1200 1227 1256 1298 1351 1416 1436
1078 283 290 379 506 583 769 865 903 964 1045 1052 1080 1200 1301 1459 1474 1484
1153 29 412 499 563 594 644 697 769 837 948 968 987 1004 1099 1185 1212 1416
1200 87 98 583 717 727 902 1154 1256 1262 1382 1416 1442 1459
1262 6 276 283 284 316 506 610 644 691 702 717 727 902 987 1145 1185 1283 1301 1389 1416 1436 1442
1379 216 485 591 661 717 791 912 1045 1284 1435
1389 35 244 283 321 563 591 1080 1099 1145 1283 1358 1435 1459 1469
1442 41 98 216 496 529 594 717 748 902 915 968 1080 1256 1351 1436 1479 1484
4 97 520 562 681 684 697 700 775 807 900 926 1123 1199 1207 1288 1384 1453
97 49 143 210 265 660 787 828 908 916 959 1095 1132 1175 1210 1317
520 49 551 586 680 697 807 1093 1182 1199 1250 1292 1393 1408 1453 1468
562 78 162 411 507 586 681 697 700 836 926 1168
681 49 138 265 521 900 967 1077 1180 1205 1207 1255 1384
684 48 532 551 719 747 764 775 900 1034 1077 1102 1180 1199 1212 1315 1372 1408 1453
697 455 532 586 747 775 816 836 900 986 1192 1199 1207 1242 1249 1362 1404 1430
700 49 142 162 423 529 551 778 900 926 1004 1016 1085 1168 1192 1205 1228 1393 1453 1472
775 49 77 143 344 836 1016 1027 1085 1102 1167 1369 1393 1468
807 138 327 344 407 447 511 532 1002 1123 1267 1450
900 49 210 220 265 344 423 729 747 796 926 967 1027 1168 1205 1212 1472
926 162 332 411 412 707 796 1205 1288 1393 1455 1468
1123 387 729 747 967 1002 1077 1102 1228
1199 49 265 344 407 423 532 586 729 747 778 967 977 1007 1107 1167 1207 1369 1408 1453 1468
1207 49 143 178 265 332 507 644 747 844 1109 1116 1192 1210 1472
1288 49 178 321 344 499 551 586 644 729 816 836 844 948 967 991 1027 1135 1212 1227 1228 1312
1384 61 77 233 426 787 967 977 1077 1210 1267 1408 1462
1453 77 532 747 832 844 1167 1315 1408 1419
5 121 164 188 209 228 363 448 484 501 505 594 826 915 1205 1479 1483
121 216 532 591 644 808 832 948 991 1016 1112 1383 1436 1455
164 6 178 222 255 353 479 484 501 506 648 861 883 1037 1213 1387
188 202 302 479 588 645 721 915 928 936 1037 1067 1223 1330 1412
209 86 162 194 198 255 284 316 366 412 568 594 629 662 762 925 1099 1227 1308 1330 1457 1474 1484
228 135 137 484 507 512 588 595 861 883 1213 1324 1425 1457 1479 1483
363 6 86 211 255 263 353 474 544 665 703 727 1091 1101 1172 1275 1324
448 137 222 344 479 484 507 604 769 861 925 1095 1135 1324 1381
484 41 211 220 445 479 522 540 568 826 861 925 964 1003 1037 1457
501 135 316 411 568 588 594 745 769 774 948 1037 1080 1096 1152 1213 1298 1351 1457 1479
505 116 178 189 220 231 328 353 411 479 577 601 915 959 974 1037 1095 1100 1132 1286
594 198 244 583 702 711 717 902 968 1298 1483
826 202 332 423 588 644 925 968 1037 1096 1416 1479 1483
915 211 231 328 650 703 889 936 946 1037 1096 1286 1479
1205 265 423 499 529 577 586 729 1093 1168 1210 1227 1228 1248
1479 25 135 137 162 198 222 255 588 774 883 946 1213 1483
1483 255 316 507 568 588 721 745 769 774 925 1080 1096 1425 1457
6 17 86 399 567 629 762 800 948 1213 1259
17 194 203 284 290 366 496 583 629 662 711 941 1256 1275 1415 1493
86 412 583 702 711 769 774 803 925 1474
399 249 366 506 567 762 1070 1080 1122 1445 1459 1473 1482
567 41 133 134 290 380 649 803 847 1251 1275 1387 1454
629 198 255 284 316 506 595 610 665 803 902 1091 1387 1493
762 284 316 366 385 609 757 791 941 1052 1213 1251 1275 1343 1484
800 25 60 96 157 238 478 544 604 653 665 679 851 985 1011 1119 1311
948 29 78 717 729 748 756 778 808 832 837 1004 1099 1112 1312 1351 1473
1213 137 234 255 412 570 609 703 746 847 883 1091 1275 1330 1457 1491
1259 9 30 126 177 298 331 451 464 470 858 1246 1265 1285 1300 1440
7 24 40 62 206 223 352 361 392 541 564 582 866 981 1048 1225 1241 1377
24 36 68 125 191 223 392 409 421 530 598 623 638 819 824 1000 1029 1062 1173 1181 1183 1316 1377
40 106 125 191 206 223 247 352 355 392 395 582 638 695 706 831 838 891 952 1000 1019 1063 1368 1394
62 125 205 206 409 533 1062 1173 1241 1316
206 88 205 260 395 526 565 613 623 630 659 772 823 976 1062 1235 1241 1331 1390 1487
223 125 311 355 382 393 441 630 824 838 866 880 894 999 1304 1316 1322 1495
352 247 311 421 695 706 838 1000 1252 1334
361 39 68 191 268 311 409 458 526 534 565 638 750 824 892 950 1113 1222 1233 1241 1304 1405 1427
392 15 125 191 205 207 268 393 400 492 534 638 866 894 1181 1235 1316 1361 1368 1443
541 36 201 441 706 824 880 999 1048 1252 1270 1307 1377 1439
564 11 15 59 93 115 125 406 606 608 1184 1323 1390
582 36 311 638 863 867 952 1113 1130 1222 1233 1241 1281 1320 1377 1405 1439 1443
866 79 88 118 205 207 232 421 606 613 623 669 790 1105 1222 1308 1361 1363 1487
981 106 127 165 205 252 260 355 409 458 462 514 599 638 678 976 1140 1224 1414 1494
1048 125 201 345 695 730 885 1017 1063 1140 1307 1368 1377 1401 1414 1439
1225 232 336 382 576 623 678 686 725 790 906 1322
1241 36 68 191 195 268 311 342 400 417 530 549 565 638 824 1000 1063 1113 1316 1320 1334
1377 34 36 68 207 393 395 565 598 623 763 956 1181 1361 1495
8 16 179 855 872 1218 1240 1350 1400 1447
16 61 129 148 233 319 433 463 550 574 699 787 802 818 855 1022 1428 1434 1436 1447 1450
179 113 148 313 433 1005 1218 1350
855 61 129 204 226 297 319 477 574 677 972 1022 1050 1077 1107 1218 1434 1447 1462
872 129 138 310 313 322 493 677 687 794 972 1005 1202 1350 1400
1218 129 148 313 329 574 626 687 794 1400 1428
1240 145 147 226 429 490 694 862 905 927 942 1074 1088 1132 1202 1291
1350 148 204 493 550 687 1005 1086 1434
1400 310 367 493 687 787 857 972 1024 1050 1088 1109 1202
1447 310 329 493 972 1050 1090 1092 1462
9 67 267 555 573 670 760 845 852 853 995 1008 1058 1061 1353
67 167 301 415 439 548 572 573 670 993 1289 1303 1373 1440
267 66 149 208 266 274 419 476 617 670 692 783 1008 1030 1065 1204 1278 1296 1440
555 112 213 415 419 486 670 692 752 757 781 783 917 995 1058 1061 1278 1285 1300 1353
573 66 153 166 208 266 470 486 612 674 781 845 848 852 989 1440 1454 1476
670 408 415 476 746 815 829 835 940 1058
760 112 114 218 450 500 612 1029 1136 1220 1411 1454 1456
845 150 153 208 519 612 663 781 783 829 848 888 1058 1184 1201
852 112 150 208 301 478 612 619 781 853 989 1030 1058 1440
853 112 153 208 341 408 476 486 674 712 848 1008 1061 1136 1278 1302 1303 1440
995 27 415 475 619 940 989 1440
1008 30 37 128 167 203 408 612 619 663 674 771 1020 1151 1169 1264 1373
1058 153 208 301 341 415 692 781 783 1061 1357 1373 1440
1061 66 112 126 208 266 274 375 449 495 761 781 840 989 1147 1201 1278 1440
1353 19 157 218 221 257 307 308 457 693 773 779 783 871 989 1020 1204 1220 1313 1337 1373 1398 1432 1454
10 21 68 73 82 100 219 414 547 592 600 605 689 713 797 830 901 997 998 1023 1056 1126 1129 1441
21 230 239 350 389 461 503 605 628 713 726 734 830 901 938 998 1129 1305 1461 1481
68 191 207 395 534 565 630 750 867 892 894 901 922 1181 1427
73 171 281 388 590 592 682 766 1108 1170 1177 1238 1245 1340 1364 1392 1396 1477 1498
82 219 295 405 414 643 704 713 737 740 790 854 919 994 1119 1129 1130 1216 1238 1321
100 151 239 295 414 473 579 592 639 666 689 713 740 789 846 901 997 1010 1129 1132 1187 1277 1340 1407 1477
219 33 56 157 215 314 414 473 609 689 713 737 759 811 830 834 846 891 901 919 938 998 1129 1223 1232 1244 1321 1407 1427 1461 1477 1499
414 196 239 405 600 618 643 713 877 901 935 938 969 997 1044 1129 1130 1232
547 20 239 405 460 740 885 919 976 1129 1130 1181 1187 1257 1277
592 44 93 239 258 510 530 600 639 666 782 846 877 891 901 949 998 1056 1222 1392 1427 1477
600 33 117 350 432 481 503 524 628 639 713 749 811 839 927 930 949 994 1010 1232 1321 1340 1407 1461 1477
605 191 405 409 461 714 830 901 919 938 998 1113 1129 1130 1216 1222 1257 1260 1361 1446 1471
689 117 151 205 207 261 295 314 461 545 833 924 997 1129 1320 1321 1406 1461 1499
713 33 207 320 405 461 530 540 834 901 949 950 994 997 998 1130 1257 1260 1409 1498
797 96 222 254 257 259 275 320 323 445 472 609 620 688 994 997 1001 1035 1324 1492
830 39 238 302 417 523 602 643 688 782 919 1216 1281 1398 1441 1471
901 295 373 428 549 740 793 834 839 846 996 998 999 1056 1129 1233 1260 1304 1378
997 171 261 277 405 503 510 545 642 846 971 1010 1031 1170 1407 1441 1478
998 44 207 381 473 510 643 655 740 741 834 846 891 949 1056 1119 1129 1130 1187 1257 1306 1446 1471
1023 12 91 115 117 257 275 295 444 481 570 609 714 811 1198 1272 1333 1461 1481
1056 44 158 417 642 655 740 867 877 930 1031 1144 1149 1170 1320 1477
1126 257 264 282 302 320 389 417 497 726 801 827 994 1011 1035 1069 1305 1311 1471 1480
1129 13 33 44 117 205 473 483 655 673 704 726 846 992 1130 1187 1257 1260 1281 1305 1321 1409 1425 1471
1441 15 31 115 405 417 460 549 602 737 782 1011 1148 1196 1232 1260 1277 1281 1398 1471
11 59 114 214 262 307 371 406 457 624 675 779 863 895 943 1029 1083 1235
59 15 39 238 312 457 460 523 585 602 871 891 907 1119 1133
114 221 279 280 397 450 486 500 622 771 935 993 1236 1247 1337
214 15 93 305 356 472 523 558 613 773 907 957 1094 1184 1277 1280 1308
262 19 47 58 131 221 334 396 675 823 888 1020 1166 1247 1287 1349 1420 1456
307 31 72 107 278 312 369 754 1047 1083 1184 1361 1480
371 60 160 259 282 308 312 369 389 413 673 782 943 944 975 1011 1280 1323
406 203 397 783 870 1029 1083 1277 1337 1349 1380 1492
457 57 72 99 115 238 296 309 369 500 871 1011 1020 1278 1454
624 15 47 79 128 312 396 523 585 598 613 870 932 975 1029 1133 1254 1349 1476
675 19 190 280 334 425 498 515 557 1029 1083 1220 1287 1432 1454 1456
779 72 107 167 203 309 369 829 850 871 943 1030 1065 1196 1204 1278 1346
863 334 374 1297 1356 1380 1420
895 47 203 282 296 356 396 397 413 515 523 585 622 693 773 829 1020 1166 1204 1254 1296 1311 1337 1432 1480
943 37 274 312 369 413 415 523 693 768 829 944 1030 1065 1133 1296 1346 1363 1476
1029 58 131 203 356 557 622 773 871 944 993 1220 1287 1349 1380 1492
1083 19 167 305 498 557 585 888 957 1020 1094 1166 1332 1349 1380 1432
1235 15 39 79 356 425 608 638 669 824 907 976 1361 1363 1390 1394
12 93 116 238 275 306 386 609 621 843 938 980 1003 1010 1198 1232 1481
93 20 56 130 196 238 254 264 274 320 323 389 497 673 737 1035 1311 1313 1398
116 52 159 192 258 540 611 657 854 869 942 946 1159 1164 1217 1272 1417 1458
238 31 215 257 263 264 323 460 497 673 741 754 827 1184 1311 1398
275 52 92 211 386 437 668 789 938 1003 1054 1161 1198 1244 1306 1481 1499
306 52 152 258 381 440 444 645 723 738 788 854 974 1044 1054 1108 1161 1164 1217 1257 1417 1458
386 41 92 151 259 497 621 843 861 869 927 1003 1044 1067 1272 1336
609 33 65 618 682 811 873 994 1273 1277 1311 1321
621 65 142 152 323 437 579 615 738 811 827 854 873 1003 1075 1161
843 180 357 440 927 928 1003 1065 1223 1230 1272 1306 1371 1425
938 33 115 117 215 264 302 320 350 373 446 473 618 655 668 688 737 877 946 950 1010 1044 1232 1272 1273 1321 1407
980 158 184 191 342 400 530 565 590 750 819 834 892 950 969 1190 1222 1276 1305 1320 1461 1498
1003 52 65 91 130 200 437 440 497 579 738 784 1100 1161 1272 1481 1499
1010 33 39 117 239 560 579 618 654 668 869 928 949 994 1273 1277 1461 1478
1198 142 200 437 668 927 930 936 994 1132 1244 1273
1232 33 91 196 257 320 437 473 530 643 714 726 1148 1244 1461
1481 56 65 91 117 151 255 618 643 716 811 869 1216 1244 1272 1273 1321 1458
13 50 358 424 461 642 909 988 1149 1233 1274
50 55 171 185 239 269 404 427 524 545 546 560 715 766 877 1012 1013 1044 1053 1144 1149 1170 1191 1238 1364 1375 1378 1477
358 165 195 400 431 441 480 996 1062 1334 1401 1414 1460
424 140 158 373 416 428 530 531 704 715 819 924 969 996 1149 1190 1270 1340
461 140 146 207 311 405 530 534 655 690 704 740 819 834 846 879 892 919 1113 1233 1409 1427
642 480 690 819 846 877 949 1013 1273 1333 1461 1477
909 241 899 1087
988 51 217 241 286 388 603 715 875 1072 1117 1279 1446 1486
1149 117 215 261 295 373 503 510 560 590 789 875 969 1108 1257 1270 1305 1336 1378 1401 1498
1233 44 146 268 311 342 409 531 618 647 655 704 834 867 924 1031 1098 1181 1187 1304 1334 1407 1427 1443 1498
1274 195 268 630 999 1031 1046 1187 1316 1495
14 22 187 234 245 390 536 591 637 641 753 881 1060 1097 1115 1176 1293
22 99 410 536 610 641 903 931 1415 1431
187 234 276 698 903 937 1045 1097 1115 1145 1176 1358
234 99 283 390 563 735 841 881 1115 1176 1293 1338
245 467 698 813 841 897 912 1079 1082 1114 1293 1358
390 154 385 496 591 822 881 912 940 951 1043 1045 1059 1097 1300
536 243 410 698 841 881 912 1009 1045 1082 1111 1145 1176 1293 1358 1469
591 99 326 496 769 881 941 991 1034 1045 1115 1285 1370 1415
637 87 166 229 250 284 290 298 337 471 554 652 728 940 1154 1357 1399
641 99 276 376 410 467 937 1045 1284 1293 1444
753 99 283 691 902 987 1039 1185 1284 1370 1435 1444 1469 1493
881 134 194 410 471 735 912 1009 1115 1176 1284 1293 1338
1060 746 752 813 931 1043 1079 1082 1114 1338 1391
1097 213 243 633 717 822 912 1338 1358 1415
1115 87 99 243 822 903 937 1045 1185 1338 1444
1176 243 276 841 897 1293 1338
1293 99 276 717 937 1284 1338 1358 1444 1469
15 39 207 585 606 613 690 741 823 1196
39 34 79 207 608 643 741 891 907 952 1031 1130 1139 1196 1216 1257 1277 1336 1409 1471
207 146 203 215 268 311 393 409 534 714 867 952 1222 1260 1281 1323 1439
585 279 280 305 334 356 397 425 613 726 888 1015 1337 1398 1492
606 558 669 673 737 823 864 976 1015 1139 1254 1394 1432 1487
613 389 425 598 623 693 773 1139 1196 1390 1487
690 55 158 171 239 241 427 546 666 750 846 877 969 1144 1196 1406 1446
741 350 409 523 558 598 1139 1166 1196 1280 1316 1492
823 79 125 409 576 623 750 891 976 1015 1181 1297 1323
1196 58 115 389 526 754 864 907 935 1062 1094 1130 1361
61 48 49 63 77 81 174 227 233 253 818 886 911 970 1022 1057 1074 1291 1418 1421
129 77 143 319 367 387 493 680 818 886 972 1050 1088 1109 1318 1362
148 113 433 794 1005 1092
233 226 297 310 650 784 787 828 862 916 959 1055 1074 1077 1089 1291
319 550 574 707 723 1024 1074 1107 1109 1362 1419 1462
433 101 253 322 398 463 597 972 1005 1092 1142 1226
463 63 145 181 242 338 722 911 970 1088 1107 1229 1418
550 77 297 574 586 677 778 802 898 1024 1109 1125 1210 1362 1450 1462
574 81 192 204 253 297 310 387 707 818 1022 1109 1362 1421
699 81 145 226 253 429 794 817 972 1050 1088 1434
787 138 144 297 516 597 601 660 707 818 1074 1107 1291 1421 1468
802 77 174 265 367 447 455 687 778 977 1002 1093 1267 1408
818 63 138 328 367 577 707 794 908 959 1022 1092 1107 1255 1450
1022 204 972 1317
1428 101 310 329 469 626 707 1050
1434 84 297 626 911 1074 1088 1229 1291 1418
1436 29 35 78 98 769 774 814 832 991 1004 1256 1474
1450 81 138 143 144 210 387 660 707 828 925 970 1074 1102 1107 1109 1210 1418
194 133 135 180 212 249 279 284 316 366 474 552 662 746 847 883 929 985 1155 1201 1251 1275 1357 1484
203 278 312 369 397 450 460 771 773 871 888 957 1184 1216 1349 1432 1480
284 290 378 412 610 721 774 985 1009 1059 1070 1152 1251 1301 1351 1482 1484
290 132 653 711 883 1009 1052 1059 1154 1251 1482
366 96 133 135 212 255 376 379 568 662 703 746 1275
496 316 376 379 506 610 662 727 837 941 1052 1080 1301 1351 1484
583 29 244 553 702 832 902 1052 1298
662 220 250 283 506 512 757 902 941 1052 1059 1251 1370
711 198 244 412 702 769 808 1039 1077 1251 1291 1431 1472 1474
941 99 250 316 506 727 728 903 1009 1070 1145 1298 1444 1493
1256 78 244 283 412 778 837 964 968 1168 1283 1298 1360 1383 1416 1484
1275 137 474 702 774 847 865 968 985 1091 1343
1415 250 903 1122 1145 1154 1445
1493 69 133 376 692 803 903 912 1009 1122 1251 1285
18 163 183 241 422 446 545 559 590 749 751 789 793 971 1191 1245 1352 1364 1392 1396
163 80 94 136 183 217 277 285 300 318 360 404 422 468 587 667 820 1402 1496
183 170 324 370 422 453 468 513 539 584 593 607 616 667 749 770 804 809 1013 1055 1138 1170 1177 1219 1329 1367
241 94 140 217 269 365 480 483 546 603 1072 1117 1186 1276 1392 1486 1498
422 102 119 230 317 370 442 513 580 685 765 770 792 999 1138 1179 1219 1352 1426
446 51 54 80 119 246 343 456 468 539 545 732 751 788 806 884 1032 1066 1075 1121 1144 1186 1352 1413 1449 1496
545 185 224 246 404 427 503 559 590 666 715 716 766 806 971 1012 1138 1243 1245 1333 1340 1352 1388 1477
559 269 343 360 373 377 388 524 527 590 749 751 766 884 949 971 1012 1013 1186 1245 1295 1333 1392 1396 1406
590 377 510 524 527 566 593 749 766 789 793 875 949 1012 1121 1144 1170 1191 1305 1333 1364 1396 1451
749 171 261 286 456 503 628 793 1013 1072 1108 1170 1186 1191 1245 1305 1333 1364 1375 1378 1496
751 377 388 427 481 503 527 539 579 715 716 806 1170 1190 1333 1378
789 239 481 607 639 716 875 1245 1340 1478
793 427 480 546 969 996 1187 1191 1260 1276 1378 1388 1446 1477
971 171 350 427 539 546 688 766 930 949 1012 1170 1245 1364 1392 1461
1191 185 388 404 427 524 546 603 806 884 1108 1117 1217 1279 1294 1295 1388
1245 158 269 281 388 759 765 767 788 930 1044 1144 1170 1193 1238 1364 1378 1388 1410 1417
1352 51 80 119 151 168 246 258 579 685 759 945 1013 1032 1108 1121 1134 1179 1193 1314 1347 1449
1364 122 185 465 527 788 1012 1072 1144 1186 1295 1340 1375 1392 1471
1392 55 185 269 295 350 365 373 427 510 546 579 639 715 732 738 819 969 1087 1144 1276 1378
1396 171 224 281 350 388 428 527 1075 1186 1238 1294 1333 1340 1406 1461
19 47 167 221 296 305 309 612 663 693 773 1020 1094 1278 1346
47 58 131 190 515 538 782 1184 1297 1308 1349 1420 1487
167 27 221 305 408 557 663 771 848 944 1020 1454
221 218 278 296 356 451 500 617 622 693 934 989 1278 1296 1476
296 356 396 750 781 871 957 993 1020 1030 1166 1278 1373 1476 1480
305 69 149 266 280 282 396 403 476 548 617 619 1030 1065 1201 1278 1287 1296
309 37 157 160 274 278 308 640 653 761 810 829 1030 1065 1094 1201 1204 1296
612 27 208 438 476 519 538 663 674 781 783 989 1122 1246 1296 1300 1373
663 208 266 419 476 538 771 783 944 1278 1302 1440
693 66 157 356 396 397 523 557 570 773 870 871 1020 1047 1094 1278 1287 1337 1411 1476
773 107 149 208 218 308 312 396 397
1020 131 149 218 301 450 500 617 619 1047 1349 1373 1411 1476
1094 172 312 374 396 397 413 557 763 871 944 1166 1220 1287 1323 1373 1480
1278 37 208 266 279 280 396 500 731 781 783 989 1476
1346 60 72 150 413 771 829 929 1373 1398 1480
20 31 196 264 282 308 389 602 688 737 851 919 936 994 1119 1130 1216 1254 1277 1280 1311 1321 1336 1467
31 190 196 257 264 302 460 472 679 688 726 737 782 870 1119 1141 1187 1244 1273 1280 1398
196 180 254 282 302 314 320 356 389 460 472 474 560 673 688 703 726 737 754 1119 1260 1280 1311
264 302 314 473 503 620 688 919 994 1244
282 91 107 115 342 369 497 526 688 975 994 1054 1222 1296 1311 1398 1440
308 115 259 278 323 369 445 487 581 703 782 801 851 975 1011 1141 1184
389 205 323 417 472 526 598 602 647 737 907 935 1119 1257 1277 1281 1398 1471
602 115 673 754 1133 1222 1280 1398 1471 1492
688 33 302 314 472 498 526 726 737 754 1011 1130 1148 1277 1280 1336
737 312 417 460 581 673 726 754 871 891 1035 1398 1471
851 255 257 263 413 497 634 643 673 782 801 871 975 1011 1141 1281 1308 1361
919 643 714 1148 1216 1257 1471
936 92 197 353 388 437 1001 1330
994 200 254 257 295 314 473 611 1035 1119 1244 1321
1119 107 115 130 158 257 320 323 417 460 636 726 1184 1257 1260 1308 1390 1398
1130 409 428 740 891 1148 1183 1257 1260 1273 1277 1281 1409 1427 1471
1216 115 254 417 425 673 754 1148 1281
1254 58 79 425 514 608 659 907 976 1308 1323 1326 1331 1349 1356 1390 1492
1277 323 417 526 608 618 726 935 944 949 1148 1281 1398
1280 257 397 421 486 558 598 754 910 935 975 1398
1311 69 314 320 323 497 581 673
1321 33 473 510 846 877 1244 1336
1336 33 65 117 130 259 314 320 437 503 558 628 827 1257 1272 1337
1467 60 107 160 254 257 259 312 397 472 640 726 782 1011 1169
230 145 200 224 335 381 539 540 569 639 654 766 806 839 1124 1128 1178 1406 1417 1426
239 151 295 503 546 618 639 846 927 969 1161 1407 1446 1498
350 510 618 639 666 873 949 969 1187 1333 1407
503 123 151 428 510 618 666 668 877 949 1148 1305 1477
628 33 117 200 579 654 716 839 854 928 946 1044 1170 1260 1333 1340 1461
726 115 254 302 314 323 460 497 598 643 782 1184 1244
734 36 140 195 268 342 400 531 824 880 999 1098 1183 1224 1320 1405 1460
1305 217 261 546 560 704 867 1238 1257 1270 1276 1375 1477 1498
1461 33 91 117 151 295 314 393 441 618 655 949 1108 1273
99 506 698 735 903 987 1045 1122 1145 1338 1358 1438 1469
410 563 791 1045 1145 1358 1444
610 283 316 506 563 769 814 902 1096 1251 1301
903 250 283 379 506 727 865 1052 1145 1154
931 134 467 518 728 897 1043 1157
1431 133 134 250 379 403 512 803 1039 1045 1059 1070 1091 1131 1155 1251 1484
23 103 170 251 809 920 978 1026 1177 1335 1347
103 175 289 317 340 418 587 627 755 788 1041 1120 1194 1203 1214 1339 1475
170 175 176 289 468 508 616 770 785 820 856 918 958 1064 1106 1177 1194 1269 1314 1345 1347 1410
251 83 147 482 494 504 556 580 584 657 914 984 1025 1160 1214 1258 1309 1314 1451
809 51 246 339 370 402 453 456 468 482 522 584 770 792 945 1013 1066 1138 1177 1214 1219 1295 1329 1489
920 83 340 589 676 860 876 878 1106 1150
978 289 340 418 724 933 953 958 1036 1194 1203 1211 1355 1475 1490
1026 139 141 289 317 340 504 589 1036 1041 1347 1475 1490
1177 74 343 384 453 456 488 522 860 947 958 979 1106 1294 1335 1347 1449
1335 74 289 317 384 456 468 527 627 632 657 770 820 904 1066 1138 1194 1214 1345 1395 1410
1347 46 176 287 391 488 508 627 820 947 1489
36 268 400 458 549 824 879 1181 1334 1401 1405 1460 1495
125 355 598 733 838 1181
191 311 320 393 405 534 565 638 750 867 950 952 1063 1181 1222 1257
409 205 342 393 565 669 750 754 891 976 1316 1326 1361
421 491 599 678 725 790 842 1000 1019 1140 1316 1332 1397 1495
530 140 158 261 510 534 714 740 824 950 992 996 1446
598 79 935 1139 1148 1390 1492
623 750 772 790 1006 1019 1332 1363
638 393 534 549 714 950 1113 1222
819 158 311 531 655 892 922 924 949 992 996 1073 1187
824 195 268 534 630 647 885 892 924 999 1113 1187 1222 1320 1368 1427 1460
1000 268 576 894 910 922 1173 1253 1322
1062 205 355 534 535 686 750 838 880 1183 1187
1173 355 393 462 535 576 669 891 976 1105 1139 1140 1332
1181 247 342 393 395 400 535 891 1427
1183 342 405 531 565 630 647 879 1017 1257 1270 1304 1368 1443
1316 88 195 201 393 523 669 894
25 107 128 212 274 487 570 604 634 636 768 934 939 951 985 1151 1155 1169 1172 1220 1251
107 72 312 369 636 850 1011 1047 1169
128 57 486 548 572 1302 1303 1476
212 133 154 283 506 552 640 653 679 746 810 847 850 893 929 940 1151 1154 1251 1341 1445 1482
274 72 150 257 413 487 803 939 1169 1204 1341
487 69 157 604 634 679 810 1131 1151 1296
570 37 60 96 445 636 679 1011 1065 1101 1204 1328
604 60 257 413 445 829 1169 1204 1287 1328
634 69 96 157 259 544 636 653 850 1069 1071 1151
636 37 60 96 130 249 263 497 512 827 1071 1201 1281 1313
768 157 160 180 229 376 617 640 653 810 929 934 1033 1131 1151 1169 1328 1399
934 37 69 117 133 149 478 554 746 752 810 929 939 1071 1399
939 149 378 380 512 552 721 752 835 929 1059 1071 1154 1155 1169 1204 1264 1387 1445
951 376 403 467 478 554 692 746 752 966 1079 1131 1204 1474
985 544 640 665 703 1057 1069 1154 1172 1341
1151 37 69 96 149 180 378 640 752 761 829 929 1065 1070 1131 1154 1324 1328
1155 87 157 180 506 512 653 757 810 865 929 1169 1301 1341 1445
1169 96 180 263 380 544 552 653 674 679 801 1039 1071 1091 1141 1313 1387
1172 130 302 474 512 554 568 665 721 847 869 929 1011 1039 1069 1324 1387
1220 408 419 548 783 850 1165 1373 1411 1476
1251 133 521 665 803 989 1052 1059 1070 1154 1445 1482
26 347 1215
347 90 98 169 193 325 499 586 701 710 799 1215 1249 1292 1359 1369 1430 1455
1215 325 349 420 436 529 614 799 1034 1195 1359 1382 1433 1435
27 37 126 149 150 153 419 470 475 476 478 500 538 554 761 1030 1065 1118 1147 1204 1466
37 149 150 180 419 640 653 752 761 810 1492
126 451 471 495 543 712 761 840 858 966 1147 1201 1261 1265 1285 1289 1303 1440 1466
149 115 157 413 419 478 692 761 782 783 810 917 1065 1201 1296 1432
150 69 72 112 160 323 419 476 478 552 617 761 917 1030 1201 1204 1296 1328 1466
153 57 66 208 229 279 341 408 438 509 572 674 957 989 1156 1165 1189 1303
419 157 266 380 476 538 554 622 761 783 801 917 989 1030 1065 1264
470 57 408 438 543 572 696 965 1189 1310 1373 1411 1466
475 240 299 375 495 696 1300 1357 1399 1423
476 112 208 266 450 500 538 544 617 771 781 783 829 897 1030 1136 1201 1302
478 69 157 558 640 652 746 752 761 810 1328
500 160 218 280 301 356 450 486 538 771 1136 1156 1373 1411 1454 1456
538 166 240 486 783 989 1287 1296 1337
554 240 512 752
761 157 375 385 744 803 1204 1328 1357 1373
1030 160 208 240 266 552 617 781 801 1296
1065 30 69 137 160 435 617 829 1141 1296 1357
1118 288 293 633 646 683 805 1111 1114 1157 1209 1374 1391
1147 30 66 375 415 495 692 731 858 1264
1204 69 157 378 523 581 617 810 1047
1466 57 640 649 858 940 965 989 1033 1300 1357
28 298 438 674 840 989 1165 1261 1265 1289 1423
298 30 87 331 376 451 633 696 731 803 822 874 1033 1157 1374
438 57 66 112 177 208 519 619 744 815 1189
674 208 218 279 486 619 712 1189 1201 1289 1302 1440
840 66 528 548 815 965 1246
989 112 208 341 449 450 581 781 783 848 1337 1440
1165 57 341 408 439 548 712 1136 1156 1476
1261 66 177 341 449 495 815 1076 1111 1143 1157 1189 1440
1265 288 451 509 631 731 858 966 1033 1076 1246 1300 1374 1423 1438
1289 177 528 815 874 1423
1423 30 112 177 299 495 509 528 731 805 821 1068 1310
29 78 98 135 276 283 521 553 595 717 814 832 844 865 987 1004 1112 1343 1360 1416 1472
78 380 529 563 691 719 808 837 1099 1103 1185 1228 1343 1416 1459
98 216 244 717 814 987 1112 1152 1301 1474
135 41 294 412 479 521 588 702 769 837 1416 1484
276 250 644 691 937 1045 1283 1343
283 244 379 506 563 727 865 987 1009 1045 1052 1080 1112 1298 1474
521 198 220 588 719 808 1096 1212 1298
553 35 216 294 325 651 661 748 1049 1084 1248 1249 1266 1365 1383 1433
595 244 255 423 588 925 1096 1457
717 349 661 705 778 837 1112 1185 1248 1383 1433 1435
814 90 412 735 832 833 837 865 973 991 1099 1112 1416
832 586 644 748 973 1014 1112 1228 1248 1351 1360 1382 1393 1416 1430
844 178 327 344 551 816 836 1016 1018 1027 1168 1212 1227 1228 1312 1343 1360 1369 1393 1468
865 198 316 412 423 507 702 757 883 1283 1298 1459 1474 1482 1484
987 216 485 517 525 691 808 902 1283 1284 1435
1004 321 412 499 644 719 769 991 1099 1152 1266 1472
1112 216 349 644 1016 1248 1283 1359 1360 1383 1416
1343 529 651 702 756 837 1027 1049 1099 1103 1185 1249 1393 1473
1360 466 499 644 691 991 1016 1034 1049 1168 1227 1248 1455 1472
1416 244 349 702 791 837 991 1049 1084 1099
1472 344 529 563 644 756 808 968 1228 1312 1430
30 451 495 519 731 742 744 858 890 1033 1143 1310 1348
451 76 87 288 552 696 731 813 821 822 874 897 1076 1246 1374 1399
495 112 133 177 240 375 415 449 471 652 822 1033
519 240 449 486 548 815 1303 1440
731 1033 1076 1209 1246 1310 1319 1438
742 70 213 464 543 625 1051 1068 1111 1348
744 87 293 299 518 649 696 813 893 1033 1082 1111
858 154 177 543 890 893 1068 1300 1399
890 70 89 464 625 646 912 1137 1209 1348 1374 1391 1438
1033 87 229 288 528 543 696 698 1143 1157 1302 1310
1143 177 240 449 509 965 1264 1310
1310 132 518 528 848 965 1246
1348 299 331 435 464 543 631 805 813 874 1209 1391 1438
190 79 131 273 304 374 425 659 763 932 1297 1326 1363 1394
257 249 323 497 679 975 1011 1069 1141 1387
302 437 618 703 869 1244 1380
460 115 259 673 782 957 1133 1148 1390
472 96 259 314 320 558 643 949 1035 1148 1184 1272 1281
679 160 180
782 115 278 417 523 558 892 935 975 1035 1133 1141 1390 1398 1480
870 156 395 425 533 608 1390 1487
1141 69 72 320 801 829 850
1187 44 579 714 867 879 892 935 950 1031 1146 1257 1260 1304 1407 1443
1244 117 314 437 440 481 526 738 827 1035 1272 1412 1499
1273 33 56 117 151 215 473 524 716 740 1044 1272 1313 1406
1398 115 254 278 369 397 558 643 935 975 1139
32 85 362 786 798 825 1116 1242 1386
85 155 362 372 798 1116 1386
362 104 193 270 426 614 786 798 1116 1167 1208 1242 1372 1422
786 372 798 896 955 1386
798 270 372 896 1386 1422
825 270 271 364 426 658 967 1125 1180 1315 1424
1116 169 193 1042 1182 1242 1263 1386 1422
1242 104 271 511 658 816 955 1007 1034 1042 1372 1386 1422
1386 104 155 327 511 955 1104 1263 1422 1433
33 285 295 558 869 907 922 1044
285 277 300 318 453 566 593 759 856 1081 1498
295 117 152 388 427 618 839 877 1270 1406
558 79 497 935 975 1133 1139 1184 1281 1341 1492
869 65 130 323 353 437 618 738 811 873 1101 1272 1340
907 88 425 515 599 608 763 1015 1323 1326 1349 1390 1492
922 201 373 400 647 879 1098
1044 151 377 481 560 618 654 811 839 873 950 1124 1217 1407
34 268 311 342 405 416 431 714 740 831 950 1063 1334 1401 1405 1414 1495
268 105 195 441 565 630 879 880 885 894 999 1334 1439 1495
311 146 158 428 534 546 714 750 867 880 892 1113 1222 1320
342 400 531 549 879 880 1307 1401
405 88 140 146 549 1222 1257 1260 1409
416 105 140 647 996 1031 1098 1260 1460
431 201 348 483 531 1190 1304 1401 1405 1495
714 44 526 618 740 834 952 1257 1260 1333 1409
740 146 158 400 428 549 880 924 1031 1073 1427
831 124 205 441 514 842 879 1322 1368 1494 1495
950 140 314 428 560 877 949 1031 1304 1427
1063 127 201 260 458 885 1252 1368 1460
1334 400 630 704 838 885 1140 1327 1405 1443 1495
1401 127 565 730 879 885 1017 1276 1414 1439 1460 1495
1405 272 345 549 996
1414 201 272 345 441 458 534 730 834 885 1017 1252 1307 1494
1495 441 647 733 1087 1307 1460
35 216 485 525 735 991 1014 1049 1084 1103 1249 1382 1383 1473
216 325 349 485 525 705 748 1014 1049 1195 1212 1359 1383 1433 1444 1473
485 661 1014 1084 1433 1435 1455
525 349 651 661 791 837 1014 1034
735 563 661 1045 1145 1474
991 325 702 705 1227 1266 1298
1014 90 651 1084 1249 1266 1365 1383
1049 294 499 517 586 702 705 808 1084 1099 1266 1312 1365 1383 1455 1473
1084 651 661 698 705 1034 1185 1382
1103 349 420 651 1195 1249 1359 1433 1473 1474
1249 325 349 420 517 1145 1266 1365 1433 1473
1382 90 321 372 517 1018 1034 1239 1359 1365 1430
1383 294 349 651 705 973 1227 1266 1473
1473 349 1152 1239 1359 1433 1435
400 195 549 647 867 880 1113 1446
458 127 201 252 345 462 514 630 730 999 1110 1252 1439
549 531 534 565 704 880 892 924 992 1113 1270 1320 1443
879 195 531 565 892 992 1320 1460
1460 647
180 69 133 378 380 512 544 552 653 746 929 1069 1071 1131 1328 1387 1491
640 259 378 380 413 940 1131 1482
653 96 133 356 552 929 1071 1122 1131 1163
752 378 413 552 746 810 829 1357 1399
810 133 378 929
1492 131 497 754 944 1184 1323 1337 1432
38 63 144 145 192 242 381 537 650 784 833 970 1090 1229 1371
63 84 142 145 192 202 226 242 537 650 723 833 908 911 916 970 1021 1057 1412
144 81 226 297 611 650 660 795 817 1074 1090 1107 1210 1318
145 117 142 174 189 192 242 387 537 650 833 905 916 1090 1095 1229 1412
192 142 189 210 231 237 242 469 516 537 611 650 722 743 833 886 959 1021 1090 1095 1132 1381
242 119 432 758 817 911 916 1090 1159 1171 1271 1381
381 52 231 722 1223 1230
537 142 189 227 353 645 660 722 723 833 1057 1132 1164 1171 1286 1381
650 197 202 210 297 432 516 615 889 1021 1132 1178 1229
784 197 231 615 648 716 738 873 927 946 974 1089 1161 1286 1478
833 113 189 220 227 577 648 722 723 738 836 908 1021 1164 1178 1229 1230 1268 1412 1421
970 81 315 329 794 905 959 1088 1092
1090 52 84 189 227 723 959 1037 1107 1229 1268
1229 84 142 189 227 516 1132 1164 1230 1268 1286 1412
1371 115 142 197 244 328 479 577 1054 1089 1132 1223 1230
79 526 864 932 976 1139 1222 1332 1361 1363 1380 1390 1487
608 88 491 772 864 976 1222 1332 1361 1390 1394 1487
643 320 417 474 877 891 1148
891 673 750 928 952 1105 1148 1281 1331 1409 1471
952 417 534 1110 1113 1304 1409 1443 1471
1031 146 428 531 655 834 846 877 949 969 996
1139 374 523 935 1015 1323 1349 1394
1257 215 618 1098 1260 1281 1409 1471
1409 374 1222 1304 1320 1443
1471 91 146 355 417 523 1148 1260
106 127 252 260 514 695 842 1140 1397 1494
247 124 355 395 695 733 1222 1397
355 88 182 252 395 669 725 842 932 1322
395 867 892 894 1368 1397
695 599 706 725 838 842 894 1322 1397
706 124 165 172 252 260 382 599 725 733 838
838 260 462 686 733 894 1322 1368 1443
1019 124 382 491 678 842 910
1368 252 599 715 790 885 1252 1307 1322 1327 1361
1394 88 374 425 576 763 790 932 1015 1326 1332 1361 1363
41 211 231 255 601 738 850 861 1037 1100
211 52 142 353 437 577 720 928 946 1001 1272 1425
231 142 197 200 328 479 645 648 927 1089 1230 1412
255 198 259 328 474 974 1057 1071 1096 1474
601 142 220 227 577 615 720 723 796 828 1057 1381 1412
738 200 440 444 654 668 682 873 1054 1161 1306 1333 1478 1499
850 69 157 160 803 940 1324 1328
861 137 479 577 588 721 925 928 1096 1135 1324 1330
1037 92 220 479 577 925 1021 1054 1317
1100 56 249 445 588 665 721 928 1001 1096 1425
134 133 380 467 803 897 1009 1070 1122 1474
506 379 665 774 897 1052 1070 1091 1469 1474
1283 529 769 837 902 1052 1080 1145 1248 1370 1435
1301 250 563 691 1045 1080 1114 1328 1370 1459
237 84 315 338 346 490 862 942 1318
338 84 315 490 597 611 817 905 972 1092 1160 1271 1470 1497
387 48 162 204 329 367 687 707 1077 1088 1109 1125 1168 1250 1421
432 54 202 360 465 645 648 854 911 1055 1132 1268 1339
794 455
914 71 429 469 477 575 580 596 597 672 817 862 1162
1318 54 84 322 401 490 918 942 972
44 215 510 618 877 1260 1378
215 91 117 388 473 618 639 811 1378 1407 1425 1477
510 261 427 428 560 846 854 949 996 1238 1406 1407 1478
618 151 481 534 811 854 949 1238 1407 1478
877 158 261 427 655 834 949 1276 1407 1427 1446
1260 146 534
1378 269 427 527 546 560 639 868 875 924 1013 1144 1170 1186 1238 1279 1375 1417 1498
198 137 316 412 568 702 774 883 902 973 1474
412 316 571 703 808 902 1135 1154 1474 1484
1045 691 1145 1370
1145 803 1080 1370
1285 132 154 250 376 728 780 1122 1154 1399
1338 243 698 841 1370
1444 937 966 1433
46 289 303 384 556 587 657 676 904 984 1041 1158 1194 1214 1269 1314
289 139 141 175 340 456 676 755 1036 1041 1120 1214 1282
303 175 589 724 933 953 1036 1194 1203
384 74 317 418 468 488 979 984 1066 1194 1214 1269 1329
556 74 83 139 161 217 339 418 453 961 1041 1162 1214 1314 1355
587 74 667 724 755 860 876 878 958 1203 1395 1488 1496
657 168 181 391 482 494 561 575 632 672 736 984 1041 1179 1282 1290 1490 1497
676 74 340 508 632 755 785 876 878 904 933 1036 1041 1120 1194 1395
904 74 168 401 494 635 672 1013 1193 1214 1282 1314 1329 1355
984 108 110 173 287 317 504 635 770 918 1158 1174 1268 1314 1354 1367
1041 139 340 627 785 953 958 1203 1211 1345 1475
1158 123 317 482 575 635 1174 1211 1237 1290
1194 83 175 317 418 468 482 494 627 672 933 1120 1490
1214 80 139 175 391 632 635 958 1066 1106 1413 1496
1269 102 434 453 488 508 522 667 755 792 860 947 1193 1402
1314 123 168 175 181 456 482 490 575 580 736 770 792 884 1066 1490
58 280 334 450 498 1236 1247 1287 1302 1323 1349 1380 1420 1456 1476
131 118 172 334 393 515 659 708 1247 1297 1326 1331 1420
515 273 280 334 450 498 557 763 871 888 993 1247
1184 115 320 369 673 801 975 1011 1047 1443
1297 304 334 450 659 763 1326 1332 1356 1380 1420
1308 273 280 312 396 498 659 708 864 976 1047 1166 1331 1337 1349
1349 304 312 356 397 864 1166 1323 1432 1456 1480
1420 88 334 397 439 622 659 1247 1456
1487 115 864 1332 1390 1397
48 186 407 455 542 967 1202 1362 1462
186 327 351 764 977 1362 1452
407 113 677 687 972 1002 1024 1102 1267 1317 1408
455 113 977 1024 1086 1125 1221 1408
542 354 511 1102 1182
967 143 321 426 658 660 1007 1077 1192 1408 1468
1202 113 310 367 490 493 494 886 1267
1362 77 204 265 322 367 687 1005 1057 1086 1267 1462
1462 77 204 687 942 1086 1255 1267
49 178 499 507 529 532 836 1104 1168 1404
178 244 344 586 710 729 836 973 1002 1027 1168 1228 1468
499 423 507 702 778 968 1099 1135 1152 1393
507 143 265 332 796 889 902 1027 1135 1250 1408 1452
529 332 411 517 586 729 745 1312 1351 1393
532 265 364 586 680 836 986 1077 1085 1086 1192 1267 1404 1465
836 729 764 816 1027 1168 1227 1228 1250 1393 1430
1104 104 426 1042 1208 1263 1468
1168 344 551 796 889 1016 1027 1212 1228 1248 1351 1393
1404 325 327 344 420 517 680 799 1007 1093 1127 1180 1182 1195 1250
55 373 566 666 715 846 899 969 996 1046 1270 1276 1498
171 52 360 365 377 388 654 766 868 875 930 949 1075 1238 1333 1446
185 122 286 291 365 483 715 759 765 1072 1087 1333 1486
269 546 969 996 1134 1281 1477
404 94 158 277 427 481 546 630 645 666 715 732 759 788 806 868 930 1046 1144 1375 1406 1477 1498
427 158 465 483 546 560 759 875 1276 1375 1498
524 246 377 527 546 759 884 961 1032 1170 1186 1243 1295 1333 1406
546 139 277 1117 1144 1270 1486 1498
560 261 428 666 969 1073 1238 1388 1477 1498
715 80 291 483 961 1046 1144 1219 1388 1486
766 224 258 377 388 579 639 654 666 716 930 1108 1121 1179 1333 1340 1406
1012 80 258 388 481 539 716 1217 1333
1013 246 277 335 339 456 468 488 584 732 767 945 1138 1179 1219 1402 1410
1053 123 147 159 181 391 398 442 452 456 561 584 736 758 1146 1179 1290 1448 1497
1144 94 465 539 765 788 1072 1170 1238 1333 1375 1388 1407
1170 94 136 388 444 481 539 759 930 1046 1075 1098 1333 1496
1238 91 388 442 579 603 1134 1186 1340 1477
1375 365 566 765 1134 1186
1477 105 117 428 666 949 969 1276 1498
51 80 110 119 246 277 335 465 468 513 584 732 788 849 868 873 1032 1072 1179 1219 1402 1426 1449 1451 1489
80 94 119 158 168 246 343 360 370 672 788 856 918 1032 1055 1072 1388 1489
110 246 317 324 339 370 452 584 732 736 770 945 961 1231 1413 1426 1451
119 246 300 370 452 465 513 569 716 732 770 788 804 945 1032 1075 1121 1138 1179 1219 1243 1295 1449 1470
246 224 318 513 569 732 767 770 788 945 961 1179 1193 1426
277 318 360 453 483 539 566 732 765 849 884 1064 1066 1072 1179 1243 1294 1295 1402 1448 1489 1496
335 94 360 575 593 716 732 765 788 884 1243 1295
465 388 444 527 632 716 804 884 905 1179 1243 1340 1406 1449
468 74 287 300 318 370 522 569 593 616 632 758 767 804 856 945 947 979 1066 1193 1219 1367 1413
513 52 377 522 539 632 732 930 961 1219 1243 1449
584 123 147 181 287 607 736 759 770 933 961 1066 1108 1226 1290 1367 1426 1451 1470
732 281 300 360 391 452 522 569 767 788 795 804 1066 1179 1193 1290 1295 1449
788 94 300 442 452 453 522 561 767 961 1032 1290 1340 1413 1426 1451 1470
849 74 300 434 508 667 856 875 979 1064 1081
868 217 566 603 765 856 875 1081 1279
873 91 258 440 444 516 927 1054 1108 1124 1179 1217 1230 1499
1032 388 453 522 607 884 1279
1072 74 94 300 343 360 483 522 566 593 603 685 806 875 884 1117 1124 1219 1279 1294 1295 1402 1413
1179 147 159 181 442 616 685 767 770 930 961 1138 1226 1243 1426 1449
1219 360 456 522 616 656 905 918 947 1046 1231 1294
1402 102 136 175 343 453 488 508 593 616 979 1294 1410 1496
1426 123 147 452 539 685 694 736 767 770 795 856 1146 1339 1406 1413
1449 224 281 300 324 360 365 453 527 539 759 767 884 961 1134 1186 1243 1451
1451 94 147 159 224 287 370 398 452 635 656 736 758 767 804 856 857 918 961 1146 1271 1448
1489 300 434 456 488 508 522 566 593 616 758 947 1106 1138 1496
52 54 142 444 615 648 722 839 1124 1159 1272 1412
54 117 181 1164 1178 1230
142 138 143 189 202 227 328 353 444 615 668 1164 1268 1286
444 654 682 974 1217 1272 1499
615 197 645 648 722 946 974 1067 1089 1095 1161 1223 1381 1412
648 197 479 886 946 1230 1406 1412
722 84 152 723 974 1092 1107 1132 1146 1164 1286 1306 1412
839 388 440 481 540 579 639 656 716 930 1121 1124 1217 1258 1417 1498
1124 197 258 540 645 668 682 806 1054 1121 1146 1417 1458
1159 440 516 540 854 1268 1381 1412
1272 117 130 151 377 437 440 668 827 1161 1306 1407 1478
1412 189 645 716 743 774 946 1381
229 87 821 1357
243 132 841 912 1009
250 337 376 467 652 897 1009 1039 1370
326 154 649 728 1009 1122 1469 1484
337 293 376 435 467 471 509 571 649 728 812 1122 1157
385 87 154 518 805 897 1009 1122 1370 1469 1482
791 1365 1435
1070 166 649 692 803 835 1059 1122 1154 1201 1445
1079 213 518 571 649 718 780 812 813 821 822 874 966 1114 1399
1445 133 378 518 552 803 1039 1131 1154 1474
117 639 668 811 846 924
181 159 452 490 607 758 795 857 1231 1271 1418
1164 189 200 540 1107 1178 1268 1381 1458
1178 258 391 429 656 905 1417
1230 202 224 645 668 682 743 927 1088 1268
373 140 158 639 655 924 1073 1190 1276 1446
566 136 217 286 318 343 365 593 632 1128 1496
666 348 388 579 654 969 1046 1304 1498
846 579 655 924 1054
899 105 480 603 1270 1276
969 261 286 428 579 996 1117 1446 1498
996 105 140 348 428 531 867 1073 1190 1281 1388
1046 224 360 365 616 765 1186 1279
1270 105 261 1073 1087 1098 1276
1276 1117
1498 880 1117 1388 1446
56 130 254 259 263 827 1001 1069
130 60 157 323 445 497 620 703 721 1101 1324
254 314 437 445 497 1313 1328
259 60 65 92 263 323 413 445 497 1035 1047 1069 1313
263 210 665 1035 1069 1101 1425
827 320 437 834 1341
1001 92 440 946 1067 1324 1330 1425
1069 96 249 1131 1313 1387
57 208 301 408 450 548 619 1303
208 112 415 486 619 1296 1303 1440
301 66 408 712 1303
408 66 279 415 450 548 617 781 815 1302 1411
450 396 622 721 944 1247 1411
548 218 278 341 396 486 1136 1411
619 341 1189
1303 341 572 712 848 1156 1189 1302
280 273 356 396 557 622 763 957 1236 1247 1287 1302 1454
334 763 957 1326 1380 1456
498 156 157 182 356 396 397 557 622 888 1156 1166 1247
1236 273 374 557 659 772 993 1337 1380 1411
1247 273 523 944 957 1136 1323 1476
1287 273 374 425 557 993 1411 1432
1302 341 572
1323 156 425 557 579 932 944 976 1105 1166 1326 1480
1380 273 439 557 708 993 1356
1456 182 273 439 557 659 1356
1476 66 396 557 622 848 888 957 993 1166
312 278 369 581 871 1047 1337 1480
523 369 526 754 871 935 975 1331
871 266 273 356 888 1166 1201 1373 1454
1133 581 673 754 829 935 975 1011
60 96 328 349 474 721 801 1035 1101 1313 1341
96 69 380 413 665 801 935 1071 1387
328 353 774 883 1080 1330
349 644 651 705 1185
474 249 353 445 544 665 1035 1059 1071 1328 1387 1425 1491
721 92 437 479 703 928 974 1324 1341 1499
801 115 314 445 581 1480
1035 437 445 581 1101 1313
1101 72 249 620 803 1091 1306 1313
1313 115 157 320 417 703 1324
1341 137 703 883 927 1059 1480 1482
77 265 310 447 551 677 898 1086 1210
81 297 916 1050 1092 1095
174 227 645 660 707 889 908 916 1021 1074 1095 1291 1381 1421
227 152 226 516 720 723 828 1021 1057 1095 1135 1171 1175
253 210 857 862 886 942 1050 1088 1092 1146 1152 1418
886 297 516 707 911 1021 1074 1107 1458
911 959 1107 1268 1418
1057 162 222 889 964 968 1021
1074 101 210 226 516 611 959 1381
1291 220 226 297 329 516 707 916 1107 1210 1421
1418 84 159 315 490 905 942 959 1171
1421 204 723 1107 1228
205 172 359 491 894 976 1105 1113 1166 1332 1361 1363
533 156 430 790
84 147 210 324 469 597 758 817 857 1226 1231 1268
202 220 645 946 974 1021 1089 1223 1381
226 138 204 210 297 516 1077 1095 1107 1317
723 516 828 908 927 1132 1286
908 162 210 220 516 645 889 942 959 1095 1317
916 138 197 210 297 516 959 1107 1132 1317
1021 297 577 720 828 974 1286
64 161 340 346 672 1258 1490
161 736 1120 1160 1237 1258 1309 1354 1355
340 141 168 593 635 672 1211 1237 1355 1490
346 71 101 429 477 490 596 597 1162
672 159 287 494 504 580 878 1066 1174 1258
1258 83 370 482 494 504 580 635 736 1174 1237 1290 1329 1339 1354 1355 1463
1490 141 317 876 958 1309 1339
65 320 1161
320 323 497 754 811 1156
1161 91 200 668 946 1067 1406 1499
66 1374
1374 76 288 331 509 571 649 696 1068 1264 1319
415 112 375 403 874 1157
439 182 557 622 1006
572 240 341 449 486 783 1440
993 622 815 1356
1373 279 783 888 940 944 1136
1440 112 486 712 781 1189 1411
534 195 630 750 834 867 892 910 1427 1443
565 195 647 892 924 1304 1427 1443
630 184 730 880 999 1110 1222
750 647 1098 1281 1363 1390 1443
867 669 1113 1222 1443
892 88 124 647 704 834 1098 1110 1222 1281 1320 1443
894 304 1224 1327 1397 1439
1427 924 1098 1304 1320 1443
69 72 160 378 413 829 917 1039 1091 1131
72 157 249 369 829 1201
160 112 115 375 378 413 883 888 1328 1480
378 133 445 544 552 917 929 1043 1071 1154 1399
413 157 829 1328
829 356 1131
917 157 266 835 940 1357
1039 133 316 544 698 803 1009 1154
1091 379 380 883 929
1131 571 746 929 1071 1491
70 293 625 646 874 1438
293 89 543 625 631 696 780 805 813 822 874 1051 1068 1246
625 76 368 631 633 646 805 813 1068 1114
646 631 633 1111 1299
874 89 631 780 805 822 965 966 1068 1438
1438 331 509 1068 1076 1111 1137 1157 1163 1246 1391
71 1025 1138 1162
1025 504 589 597 626 767 817 1174
1138 168 300 318 343 370 388 391 456 522 616 804 1106 1193 1282 1329 1413
1162 108 580 1231 1354
157 266 617 803 835 1328
249 665 703 946 1011 1067
369 771 781 1047 1328
1201 266 746 781 1432
281 94 224 258 527 539 544 1075 1108 1121 1295 1333 1406
388 152 360 527 639 654 716 930 1243 1333 1406
682 91 152 200 442 527 759 854 1067 1108 1217 1306 1499
1108 189 357 377 569 654 743 927 1121 1406 1417
1340 527 639 716 1121 1217 1417 1478
74 141 176 453 589 856 860 958 979 1036 1066 1150 1295 1345 1395
141 933 979 1475
176 159 168 343 508 522 593 616 632 792 1064
453 300 339 434 452 488 593 685 804 856 947 979 1106 1243 1410
589 482 627 724 933 1193 1211 1475
856 318 456 488 593 979 1106 1282 1295 1345 1488
860 102 168 318 370 667 820 878 1064 1410
958 175 456 667 820 876 979 1150
979 175 370 434 508 522 632 667 785 792 820 1064 1150 1193
1036 175 627 724 933 953 1203 1488
1066 123 300 339 360 616 632 792 961
1150 102 667 878 947 953 1106 1193 1395 1475
1295 94 122 360 483 806 1134 1410 1496
1345 122 300 318 488 508 593 616 724 1064 1106 1134 1294
1395 593 755 876 878 1329
168 339 398 494 504 561 593 632 667 694 792 804 1290 1355 1367
429 101 189 469 597 862 1142
477 287 315 442 580 596 597 1160 1309 1497
504 287 494 580 597 1106 1237 1309 1463
561 83 108 324 370 398 469 616 736 1174 1231 1290 1367 1470 1497
597 173 469 596
1142 108 147 315 469 596 942 1339
1160 1237 1354
1271 322 324 398 795 817 857 1075 1470
76 288 368 683 780 822 966
288 471 518 683 718 780 966 1157 1299 1370
368 633 683 718 822 1043 1111 1114 1246
683 464 805 822 893 966 1043 1076 1111 1163
780 132 213 518 571 649 696 812 813 897 1082 1163
822 518 821 841 897 966 1068 1122
966 213 571 633 812 813 897 1043 1082 1111
265 1002 1077 1086 1175 1465
310 210 313 322 329 493 677
447 329 493 687 977 1050 1109 1125 1267
551 436 747 816 973 1085 1182 1192 1212 1227 1250 1255
677 162 1024 1027 1125
898 687 1109 1125
1086 143 351 764 1109 1192 1452
1210 143 297 660 977 1077 1095 1175 1317
380 568 757 1071 1154 1482 1484
563 691 727 968
691
719 344 586 644 1016 1227 1250
808 244 445 756 774 889 964 968 1096 1298
837 316 702 756 902
1099 710 756 1016 1298 1433
1185 316 727 1052 1433
1228 143 586 729 747 1016 1027 1212 1248
1459 316 702 727 746 1080 1484
526 864 1011 1363 1494
864 576 976 1006 1327 1361 1397 1432
932 88 304 396 669 686 976 1105 1361 1363
976 88 417 659 790 1105 1332 1361 1363 1390
1222 146 348 393 733 834 1190 1320 1443 1446
1332 232 336 659 669 772 1105 1331
1361 669 772 1105 1363
1363 88 172 359 576 659 669 1326 1331 1390
1390 88 359 425 708 1105
94 360 765 806 820
158 140 834 949 1190 1320 1446
343 122 136 217 1081 1279 1294 1388 1496
360 300 318 508 804 884 1186 1417
370 593 770 792 945
918 123 159 224 324 442 694 905 961 1055 1146 1231 1268 1282 1290 1448 1470
1055 391 569 656 685 817 889 905 1128 1171 1193 1268
1388 291 603 875
297 660 707 977
1050 322 490 1005 1088 1092 1095
1092 113 322 707 1107
1095 479 828 889 1381
704 428 880 924 992 1307 1320
790 118 124 172 336 659 678 906 1253 1494
854 152 200 607 639 716 1054 1217 1458 1499
83 339 482 494 575 627 635 767 933 1237 1282 1329 1355
339 123 401 456 488 522 632 635 767 770 785 792 961 1174 1448
482 494 575 635 792 1120 1354 1355
494 108 139 635 1174 1237 1290 1329
575 147 300 456 607 632 635 667 736 792 961 1367
627 418 508 724 785 933 1120 1203 1488
635 173 175 317 1174
767 159 377 442 456 539 656 804 857 1146 1226 1231 1448
933 418 724 755 1064 1120
1237 580 1354 1355
1282 287 317 391 442 456 616 1329 1463
1329 317 318 580 1120
1355 452 1309 1354
147 123 324 391 401 452 694 817 1226 1231 1290
210 143 796 828 1107 1268
324 224 401 442 452 694 1339 1367 1470 1497
469 315 490 862
758 123 159 391 401 442 452 685 694 857 1146
817 123 611 656 857 862
857 108 322 795 1255 1470 1497
1226 123 224 377 442 656 685 694 743 804 945 1231
1231 287 398 401 607 736 945 1339 1470
1268 152 189 611 743 961 1054 1121
155 104 270
372 169 325 614 1180 1182 1195 1208 1422
702 244 552 727 883 1484
769 244 568 1457 1484
774 222 925 968 1457
803 552 746 1059 1399 1482
925 222 479 964
1474 316 727 757 847
87 132 403 486 652 821 940 1296
132 571 847 893 1163
403 166 240 652 728 781 1357
486 112 279 1156 1189
652 166 376 435 649 692 940 1357
821 471 518 649 893 897 1052 1157 1163
940 375 471 512 692 1357
1296 266 497 771 781 848 1047 1480
88 304 491 576 669 1105 1331 1432
304 118 182 622 708 772 1006
491 260 382 678 772 842 906 1224 1252 1385
576 156 182 232 260 659
669 232 359 772 1105
1105 172 182 359 374 1006 1331
1331 425 708 957 1015
1432 115 557 673 944 957 1166
89 464 633 805 1051 1068 1209 1319 1391
464 509 631 633 1157 1319 1391
633 543 631 696 698 805 1051 1068 1137 1319
805 331 509 649 696
1051
1068 631 649 696 1082 1157 1246 1319
1209 649 1319
1319 331 1137
1391
90 325 517 614 661 710 1195 1239 1292
325 420 436 517 710 748 799 1018 1167 1195 1292 1359 1365 1369
517 420 710 1018 1195 1266 1365 1468
614 466 701 1127 1250
661 705 1266
710 169 270 294 321 466 701 1034 1093 1127 1195 1208 1263 1292 1369
1195 799 1127 1239 1292 1312 1365 1430
1239 169 420 436 466 705 1034 1127 1430
1292 169 1127 1182 1263 1369 1430
91 811
811 639 1333
92 1324
1324 435 665
323 314 497 620
497 445 665 754 1148
673 581 754 935 1011 1148
765 122 365 603 736 806 875 1134 1186 1243
806 357 593 603 759 875 1186 1243 1407 1413
820 434 508 616 632 736 884 1106 1294 1410
665 137 512 703 975 1491
935 754
1071 445 1491
1387
143 367 490 796 968 977 1077 1135 1175 1317
660 113 577 889 1175 1255
828 516 720 1135 1223
959 490 1107
1132 151 220 516 577 1192
1175 138 889 1267 1317
1317 138 707 889 964 1002 1016 1192
244 137 316 902 1298
1152 644 847 968
698 718 912 1358
1122 154 376 467 728 1154
1358 841
1469 316 467
151 437 834 1054 1330 1478
473 579 927 1067
579 152 668 716 930 1186 1217 1478
639 152 481 924 949
1407 417 1304
101 322 626 942 972
322 313 329 596 626 1005
626 113 329 596 1005 1088
942 315 611 1088 1171 1309
972 113 204 329 889
102 434 456 488 593 667 804 1064 1106 1294
434 1410
456 173 287 607 632 656 792 804 945
488 593 616 878 947 1081 1106 1410
593 136 300 318 667 792 878 961 1294
667 508 522 878 947 1064 1193 1496
804 159 522 607 694 736 945 1478
1064 122 878 947 1410
1106 616 792 947
1294 318 508 862 947 1410
175 878 947 1174
317 398 875 878
418 724 785 1203 1211 1354 1488
755 876 1203 1211
1120 878 1211 1475
1203 139 522 616 785 947 953 1488
1339 123 159 357 391 580 694 862 878 1128 1470
1475 1211
104 270 271 364 1419 1422
270 327 658 1180
271 426 658 680 729 1182 1372 1468
364 193 354 658 986 1102 1125 1180 1315 1408 1452 1465
1419 426 511 1180 1452
1422 426 511 1042 1093 1365 1372
105 140 1110
140 146 348 531 834 924 992 1098 1110 1190 1307 1446
1110 184 480 531 1496
127 345 1140 1252
252 165 260 336 462 492 885 1140 1252 1322
260 333 462 733 1140 1322 1494
514 333 441 730 1224 1252 1327 1439
842 118 462 599 725 733 1224 1253 1385
1140 165 462 492 733 956 1224 1494
1397 772 1320 1322 1326
1494 165 184 333 678 956 1224
1011 581
1047 278 888 975 1166 1337
108 173 1174
173 287 398 452 1174
1174 398 945 1309 1463
169 193 420 896 955 1263 1369
680 426 745 1180 1250 1369 1408 1452 1465
896 799 1093 1208 1263 1266 1369 1430
1007 193 344 586 658 816 955 1093 1182 1208 1408
1042 294 1093 1167 1182 1208 1372
1085 193 586 729 816 1208 1227 1393 1468
452 123 159 224 391 607 736 1290 1470
736 287 391 398 401 792 1413 1448
770 123 685 1290 1413
945 318 391 402 442 632 685 947 1413
961 224 401 442 569 685 759 1413 1470
1413 224 318 391 685 1290
379 316 376 512
727 902 1052 1080
1016 644 778 973 1135 1312 1351 1455
1052 757 1080 1482
1059 1009 1154 1482 1484
112 528 781 783 848
528 166 177 965 1264
781 279 375 617 1300 1411
783 266 375 617
848 449 712
113 313 351 367 493 1221
313 1221
351 687 764 1125 1255
367 1267
493 329 1109
1221 327 764 1024
279 273
397 356 557 944 957 1166
622 557
771 617 712
1337 356 396 557 888 944 1166
115 278 445 557
278 581 1480
445
557 356 1166
159 123 607 685 694 1448
258 152 200 377 442 539 540 654 668 930 1054 1306 1417 1458
540 152 527 654 743 927 1054 1075 1128 1499
611 220 442 490 516 905 1458
946 197 668 927 974 1223 1306
1217 481 654 668 716 743 905 949 1054 1075 1121 1406 1417
1417 200 224 927 1121 1128 1406
1458 743 927 1054 1128 1406
668 200 437 440 481 516 539 654 927 928 1306
924 146 1098
118 156 172 182 359 430 535 686 910 1006 1326
156 172 359 535 686 906 1356
172 232 359 910 1326
182 359 535 708 763 772 1006 1015 1326
359 336 430 535 906 910
430 336 910
535 708 725 910 1006 1253
686
910 232 336 659 708 772
1006 708
1326 232 374 772
300 286 318 522 616
569 442 527 539 1075 1128 1146 1333 1448
716 224 377 481 527 654 1054 1121 1478
1075 377 884 1121
1121 654 1128 1243
1243 224 759 1134
1470 694 1107 1463
1005 329
644 294 756 778 1018 1034 1312 1351 1455
1455 705 778 1027 1248 1351 1359
122 136 402 875 1134
136 217 291 1134 1496
402 217 1410
875 365 1186 1279
1134 286 603 1081 1117 1193
123 287 398 522 539 607 656 685 792 1333
287 694 795 1290 1354
398 357 401 607 1290 1367 1497
522 391 616 685 792 947 1193
539 152 224 442 527
607 401 490 685
656 694 1146
685 442 1290 1448
792 139 759 878 1193
1333 377 759 930 1128 1406 1486
124 599 678 906 956
599 382 1327
678 336 462 1224
906 165 336 725 1322
956 165 462 1224 1322 1385
733
471 812 1082 1163
543 331 965 1076 1264 1299
712 1189
345 1017 1252 1279 1322 1439
1252 428 885 1439
1088 204 490 862 1107 1497
1109 420 986
620 314 928 1425
703 137 353 440 568 847 1425
393 880
659 356 425 1136 1480
708 374 425 772
571 467 518 813 893 1082 1163 1357
847 222 1370 1482
893 649 1111 1157 1163 1299
1163 154 213 467 1082 1399
133 552 692 1009 1154
552 467 746 757 883 929 1009 1154
692 166 746
1009 902 1357 1399
1154 435 746
467 213 376 728 937 1080 1264 1399
897 331 1082
294 344 420 701 705 756 973 1018 1212 1365
479 220 353 423 577
588 756 889 968 1457
1484
217 286 483
291 286 365 483 1190 1279 1486
1496 876 1117
137 568 1330 1457
568 974
1330 222 1425 1457 1491
1457 964
138 516
516 189 1107 1171
139 391 876 1211
391 508 795 1146
876 878
1211
146 834 999 1098 1113 1304 1443
348 184 531 880 992 999 1320
531 647 834 880 992 1017 1098 1190 1307
834 647 1098 1113 1304 1320 1443
992 195 1073 1190 1320
1098 880 1190 1446
1190 480 880 1446
1307 272 730 1439
1446
189 200 645 1146
353 645 1425
1286 1381
490 1497
796 745 1102 1135
968 423 964
977 707 1002 1102 1408 1452 1465
1077 162 1107 1248 1255 1267
1135 411 701 1089
795 694 862 1146 1448
1107
905 1171
999 195 1320
1113 261 1320 1443
1304 1320 1443
1443 195 1320
401 1193 1367
694 152 318 1497
1290 580 785 1367
617 266
1328
437 1054 1306 1499
1054 200 440 1499
1478 152 481 880 1448
152 377 440 1425
377 527 1128 1406 1499
440 197 200 743 927 974
1425 197 1089
341 1411
509 1111 1157
957 356 396 1480
1156 218 240 888 1136
1189 449
154 1299
1299 696 813 841 1111 1114 1157 1246
1356 273
266 435
835 746 1136
949 930 1186
1320 195
1448 357 442 1146
375 1454
883 577 746 928
888 356 396 1454
1480 975
1309 1354
1354
162 411 745 747 816 1255 1298
411 332 1002 1468
745 420 720 816 964 1080
747 707 729 816 1027 1167 1192 1315 1465
816 321 344 420 707 973 1127 1192 1250 1468
1255 707 1002 1227 1468
1298 889 1365
318 365 508 616 947
222
165 462 725
462 382 1224 1327
725 336 772
166
944 581 1015 1166
1454 1411
632
1367 580 1497
193 354 436 955 1102 1182
420 321 1018 1212 1248
955 986 1034 1093 1127 1180 1182 1369 1408
1263 426 799 1093 1182 1208 1250 1369 1430
1369 354 701 986 1034 1167 1430
508 947 1081 1186 1193
616 1193
785 724
1410 878
365 483 1117
654 224
930 442 481 527 1406
232 425 772
645 974 1089
707 204
889 720
1381 200
878
947 1193
177 240 649 1264
240 449
649 812 1082 1357
1264 518 965 1300
344 1018 1167 1312 1430
586 729 1192 1312 1393
729 327 1212 1312 1393
973 321 748 799 1248 1359 1365
1002 327 1424
1027 332 778 1212 1227 1312 1393 1468
1468
512
544 757
746 435 1399
929
1491
763 772
772 336
1015 374 425
184 480
480
286 603 1186
483 1087 1117 1279 1486
759 1406
1087 1486
1486 1117 1186
327 1102 1250
764 986 1315
1452 354 511 986
937 813 1435
928
1067 417 577 974
1223 197 974
200 314 1306 1499
1146 357
273
374 425
425 396
743 974
354 1102 1267 1424 1465
436 466 1034 1127 1359 1430
1102 426 986 1315 1424
1182 1093 1208 1227 1250
316 1482
1357 396 1300
195 647 1439
647 1073
1439 201 333 441 885 1327
314 974
356 1166 1411
754 975
197 974 1089
974
1089 927
902 1080
1370 841 1080
1306 927
1499 927
201 880 1017 1327
880 527
1017 441 885 1327
1327 441 885
220 577 964 1096
204
1166 396 1148
1281 417 1148
1227 701 748 778 964 1248 1312 1359
577
720
1482
213 331 812 912
331 299 631 1246
812 841 1082 1111 1114 1157
912 1399
705 651 1018 1266 1365 1393
748 321 1018 1167 1212 1248 1359 1430
1212 1167 1248 1312
1359 1018 1312
1433 701 799 1018
218
964 423
1096 332
382 336
441 885 1322
1322
224 357 1497
357
1497 580 862
321 756 1266 1284 1312
701 1024 1034 1365
778 1192
1351 1034 1365
1365 1018 1266
1171 862
1128 442 527
1406
927
862 315
841
315
449
603 1081 1279
1117 1279
1186 1279
813 1111 1114
1082 518 718 1043 1114
1114 718
1193
435
376 728 1300 1399
580 1463
336 1253
492 1253
885 730
518
1399
975
442
333
261 655
655 428
396
1465 1180 1424
658 1315 1430
1180 1125
426 511 1372
1372 1424
272
884
581
527
1080
1081
718
1157
1279
631 815
696
1246
756 332 423 1266
1018 799 1127
299
724
953
329
428 481 1073
1024 687
1266
1284 651 1435
1312 1167 1393
596
799 1248
1167 466 1424
728
1250 466
332
1253
1411 1136
1430 466 1034 1393
651
687 1125 1315
1125
1267
1424
1208 1034 1093
986 1408
1315
1408
1043
1111
1073
1300
757
417 1148
511
481
815 965 1076
1148
1488
1248 466
423
466 1034
1034
1127
1076
1435
730
1224
965
1136
1385
1393
1463
1093
1192
1137
