0 76 125 147 150 165 209 250 285 438 482
76 125 150 427
125 250 294
147 79 430 438
150 295 322
165 189 241 378 427
209 85 137 189 241 438
250 79 95 213 285 378 438
285 85 95 188 353 438
438 85 189 213
482 213 241 378
1 116 161 196 204 321 324 351 414
116 182 321 324 406 409
161 61 96 144 204 211 388 409 475
196 288 351 387
204 144 191 262 406 409
321 381
324 184 211 259 288
351 103 211 442 459
414 140
2 47 490
47 55 176 278 313
490 143 207 313
3 279 327 340 433
279 208 214 224 277
327 66 192 214 340 398 417 433
340 32 433
433 301 422 429
4 123 254 274 276 436
123 5 274 465
254 226 360
274 5 224 226 276 311 363
276 135 206 224 373 394 398 465
436 36 174 206 355 462 465 474 475
5 13 44 121 220 264 269 412
13 89 220 226 240 333 468
44 92 121 264 287 297 352
121 80 226 400 462 468
220 311 398
264 89 287 400
269 89 281 400 458
412 181 287 297 307 400
6 7 382
7 208 306 422
382 133 187 306 419
208 268 418 480 485
306 187 201 206 485
422 90 252 280 323 492
8 18 131 178 315 455 471
18 131 178 229 266 299 315
131 82 155 176 320 455
178 26 82 193 299 315 353 455 486
315 85 193 299 303 378 491
455 155 207 266 299 320 378
471 325 386 486
9 88 106 136 230 263
88 112 180 289
106 43 127 258 343 360 363 394
136 145 243 317
230 145 169
263 153 168
10 163 237 420 425 449 463
163 67 81 91 222 496
237 105 111 247 449 454
420 51 59 99 332 454
425 110 261 318 348 375
449 49 99 247 290 452 476
463 51 59 99 105
11 31 338 444 469
31 21 89 336
338 335
444 200 448
469 103 386 390 410 439 491
12 114 115 144 283 330 372 403 445
114 45 61 96 115 330 372 445 459
115 96 117 133 138 374 416 445 472
144 191 221 262 475
283 45 61 96 133 372 387 445 447 489
330 388 403 445 475
372 45 244 262 403 445 472
403 86
445 117 138 374
89 84 151 281 442 458
226 206
240 252 277
333 17 21 151 177 341 442
468 206 265 307
14 37 405
37 63 295
405 139 188 292 293
15 268 328 419
268 301 480 492
328 485
419 133 244 397 475
16 102 460 478
102 93 200 309 385 437
460 22 309 432 437 478
478 22 84 87 149 177 197 467
17 129 281 307 341 400 426
129 46 92 154 259
281 80 198 352 442
307 77 151 224 400
341 154 198 352 368
400 151
426 151 259 442
229 137 193
266 320 399
299 137 353
19 179 228 350
179 81 91 169 483
228
350 314 483
20
21 39 46 130 177 271 336 386
39 46 259 386 404
46 177 200 439
130 120 284 385
177 40 259 329 439 458
271 194 356 407 481
336 442
386 154 259 284
22 84 190 197 437 448
84 216 430 451
190
197 58 87 149 217 319 481
437 58
448 120 212 216 467
23 70 381
70 72 364
381 249 273 291 450 495
24 94 173 242
94 63 293 481
173 370 481
242 50 166 246 335 375
25 210
210 60
26 137 155 170 193
137 284 347 353 486
155 78 126 143 411
170 85 93 284 430 439
193 320 491
27 206 311 398
206 232 311 355 373 442
311 36 174 331 398
398 389 465
28 87 146 216 481
87 217
146 63 356 385
216
481 322 370 432
29 64 258 316
64 252 323 396 408 418
258
316 153 376 383
30 58 432
58 365
432 149
32 192 280
192 280 417
280 195 308 473
33 104 251 282 499
104 48 162 199 349
251 119 188 292 293 344 415 499
282 48 188
499 63 302 344 415 470
34 75 253
75 260 314 483
253
35 83 301 417 493
83 214 301 417
301 66 417 429 493
417 41 239 493
493 202 277 429 473
36 80 265
80 442
265 185 465
63 85 119 295 337
295 85 109 322
38 236 255 384
236
255
384 72 245
259
404 154 359
40
41 252 418
252 195 473
418 323 485
42 74 329 379 392
74 62 111 231 392
329 243
379 175 243 317 392
392 175 243 310 317
43 360 369
360 369
369 67
92 198 232 368
287 77 151
297 151
352 54 232
45 61 138
61 86
138 117 374 416
200 212
439 134 212 347
55 65 167 176
176 167 205 411
278 78 207
313 126 399
48 199 312
199 156
312 128
49 51 218 247 371 452 476
51 118 402 423 487
218 132 160 304 371
247 272 375 391 476
371
452 122 391
476 261 441
50 110 113 149 335
110 98 234 375 424
113 56 69 158 194 335
149 319 365
335 69 158 166 234 407
118 160 305
402 132 423 494
423 272 348 375 494
487 107
52 374 387
374 416 472
387 191 409
53 326
326 100 124 334
54 191 355
191 428
355 447
65 221 267 346 390
167 221 238 347
56 164 194 370
164 98 377
194 158 166
370 319 365
57 215
215
365
59 105
105 99 159 160 171 332 454
60 257
257 342
86
62 317 461
317
461 148 158 217 275 413
85 79 95 134 241 353 486
119 109 427
337 189
323 408
396 90 473
408 90
221 172 390 410
267 68 238 291 453
346 205 298 325
390 262 303 410
66 142
142
67 168 380
168 124 496
380
68 184 406 459
184 211 447
406 262 431 434 442
459 475
69 141 148 166 275
141 407
148 272
166 275 377
275 111 272
72 497
364
71 234 479
234
479
497 273 435 466
73 260 332
260
332 160 494
111 272 413 457
231 169 391
314
483 81 107
427
77 145
145
78 143
143 126 207 411
79
442 151 198
81 91
91 496
82
214 239 429
430
451 134
95 134 212 213 294 378
134 213 294
241 270 378
353 294 303
486
217
112 308 343 376 401 440
180 496
289 343 383 440
151
458
90 473
473 195
496 100 169
198
232 366 393
368 447 462
93 284 347
284 256
347 294 491
293 227 302 488
212 300
213 186
294 349
378
96 474
474 262
97
98 377 424
377 375 424
424 158 290 318
99
100 124 456
124
456 383
101 108 273 464 466
108 245 357 450
273 435 466
464 435
466 395 435
309 120
385
103 434
434 157 262 358 359 431 447
162 225 227 415
349 139 296
159 441
160 304
171 305 318 494
454 305 494
127 343 389
343 183 394
363 394
394
107
245
357 450
450
109 292 322
292
322
375 122 290 318 477
272
413
457 203 310 391
308 183 401
376 153
401 183
440
158 246 318
117 416 472
133 187 235
416 472
472 140
182 249
409
305 339
120 467
467
462
122 441
441 494
465 174 393
126 186
186
389
128 139 156 188 302
139 223
156 344
188
302 223 344 470
154
320
132 339
339 494
187
235 244
135 201
201 185 366 393
243
223 415 488
140
407
207 298
411 303
262 431
475
356 319
319
152 227
227 225 248 415
153 383
383 183
344 415 470
157 172
172 358 447
246 310
318 290 348 477
304
211 238 388
388
225 248 361 415
415
222
189 270
238 421 453
169
494
358 431
447
174
175
205 298 325 399
181
249 435
183 195
195 492
185 393
393
270
428 431
491 325
492
288 453
366
202
203 391
391
298
325
399
373
480
485
300
239 277 429
429 277
219
410
488 362
224
248
361 470
233
244
421 453
453
277
310
435 495
256
342 290
261 348
348
431
291
489
286 397
397
290 477
477
296 362 443
362
443
470
303
331
334
345
354
359
367
495
395
446
484
498
