0 1 2 3 4 5 6 994 995 996 997 998 999
1 2 4 5 6 7 40 259 437 810 823 996 997 999
2 3 5 7 8 57 260 267 479 996 997 998 999
3 4 5 6 7 8 9 290 599 998 999
4 5 7 8 9 10 210 384 394 539 805 999
5 6 7 8 9 10 11 37 374 426 999
6 7 8 9 10 11 12
994 653 988 989 990 991 992 993 995 996 998 999
995 462 585 613 820 989 990 991 993 996 997 998 999
996 118 651 812 990 991 992 993 998 999
997 43 121 489 722 991 992 998 999
998 580 992 993 999
999
7 8 9 10 11 12 13 879
40 34 36 38 39 41 43 44 45 46 50 579
259 203 253 254 255 256 257 258 260 263 265 573
437 431 432 433 434 436 438 439 440 442 443 512 829
810 804 805 806 808 809 811 812 813 814 821
823 370 664 817 818 819 820 821 822 825 826 828 829
8 9 11 13 695 807
57 52 53 54 55 58 59 61 62 63 614 938
260 70 122 254 255 258 261 262 264 265 266
267 178 261 262 263 264 265 269 270 271 272 273 298 713
479 473 474 475 476 477 478 481 482 485 833 877
9 11 12 13 14 15 449
290 284 285 286 287 288 289 291 292 293 294 295 296 426
599 218 593 594 595 596 598 600 603 605 696 818 989
10 11 12 14 15 16 327 389
210 205 207 209 211 212 214 215 216 280 742 791 822
384 234 316 378 380 382 383 385 387 388 389 390
394 388 389 390 391 392 393 395 396 397 399 400
539 69 146 356 533 535 536 537 538 542 543 544 545 587 922
805 31 203 575 799 801 803 806 807 808 809 811
11 12 13 14 15 16 275
37 31 32 33 34 35 38 41 42 43 96 785
374 368 369 370 371 372 373 376 378 379 380 798 966
426 420 422 424 427 428 429 431
12 13 14 15 16 18 858
13 14 15 16 17 18 19 877 892
879 414 637 873 874 875 876 877 878 880 882 883 884 885
695 565 690 691 693 694 696 697 698 700 701 731 743
807 291 592 778 801 802 806 808 809 811 813
14 15 16 17 18 19 20
15 16 17 18 19 20 21
449 444 445 446 447 450 451 453 454 455 575 705
16 17 18 19 20 21 22 277
327 321 323 324 325 326 328 329 330 331 332 333 742
389 383 385 386 387 388 390 391 392 393 395 477
275 270 273 274 276 277 278 279 663 733
18 17 19 20 22 719 836 870
858 117 852 853 855 857 859 860 861 862 863 898
17 20 21 22 296 360
19 20 21 22 23 24 124 737 851
877 307 399 872 873 874 875 876 878 880 881 882 883
892 71 121 514 886 888 891 893 894 895 896 898
20 21 23 24 25 26 287 653 853
21 22 23 24 26 27
22 23 24 25 26 27 28 54
277 271 272 274 279 280 282 283 348
296 291 292 293 294 295 297 298 299 300 301 302 897
360 229 287 354 355 356 357 358 359 361 363 366
719 43 592 713 715 716 717 718 720 721 722 723 725
836 79 831 832 833 835 837 838 839 840 842
870 65 518 647 693 865 866 867 868 869 871 872 873 874
23 25 26 27 28 29 266 412 461
24 25 26 27 28 30 567 660 970
124 118 119 120 121 122 123 125 126 127 128 129 130 215 304
737 321 343 490 517 633 731 732 734 735 736 739 740 742 743
851 845 846 848 849 850 852 853 854 855 856 857
25 26 27 28 30 31 62 842 939
26 27 31 32 359 624
287 100 231 281 282 283 284 286 289 291 293 623
653 647 651 652 654 656 657 659
853 847 849 850 852 854 855 857 859
27 28 29 30 31 32 33 791 792
28 29 30 31 331
54 48 49 50 51 52 53 55 58 59 60 493 571 656
29 31 32 33 34 35 396 783 839
266 261 262 264 265 269 270 271 272 411
412 182 318 406 408 409 413 414 415 416 418 427 622
461 90 154 455 456 458 459 460 462 463 464 465 466 467 735 766 938 942
30 31 33 34 35 284 306 607 825
567 235 561 562 563 564 566 568 570 571 572 573 971
660 367 542 655 657 659 662 663 664 665 926
970 578 771 964 965 969 971 973 974 975 976
31 32 34 420
62 58 59 61 64 65 66 67 68
842 658 837 838 839 841 843 844 845 846 847 848
939 72 861 933 936 937 938 940 941 942 943 944 945
32 33 35 36 38 132
359 353 354 355 356 357 358 361 362 364
624 173 175 618 619 620 621 622 625 626 627 628 915
33 34 36 38 39 456 560 678 811
791 195 272 299 785 786 788 789 792 793 794 797 803
792 114 293 628 786 787 788 789 790 793 794 795 796 797
331 281 325 326 328 332 333 334 335 336 337 626 689 947
34 35 38 39 602 654 788 880
35 36 38 39 41 752 757
396 390 391 392 393 395 397 399 400 561 767
783 777 778 779 780 781 782 784 785 786 787 788 789
839 833 834 837 838 840 841 843 844 845
284 70 278 279 281 282 283 286 288 289 611 882
306 76 300 301 303 304 307 308 309 310 311 547
607 285 602 603 604 606 608 609 611 612 613
825 768 819 821 822 824 826 827 828 829 830 831
420 414 415 416 418 419 422 423 424 425 566
36 38 39 41 42 72 351 566
38 39 41 42 44 346
132 126 127 128 129 130 131 133 135 136 137 463 478 812 832
39 42 44 45 66
456 135 451 452 453 454 455 457 458 459 460 462 915
560 554 555 556 558 559 561 562 563 564 565 566 857
678 170 256 367 672 674 675 676 677 679 680 681 683 684
811 806 808 809 812 813 815 816 817 990
602 206 271 574 596 597 598 600 601 604 605 608
654 77 387 648 649 650 652 656 657 658 659 773
788 226 686 782 785 786 787 789 790 794
880 874 875 876 881 882 883 884 886
41 45 46 47 345 857
752 746 747 748 749 750 753 754 755 756 757 758
757 182 751 753 755 756 758 760 761 763 824
42 43 44 45 46 47 48
72 66 67 68 69 73 74 75 308 723
351 197 345 346 347 348 350 352 353 355 356 419
566 134 403 562 563 564 565 568 569 570 571 945
43 44 46 47 48 49 151
96 90 93 94 97 98 99 100 101 102 160 492 657 662
785 779 780 781 784 786 787 789 899
44 45 46 47 48 49 50 364 818 913
346 340 341 342 344 345 347 348 349 350 352
45 46 48 49 50 51 186
66 60 63 67 69 70 71 380 583 616
46 47 48 49 50 51 52 969
50 48 51 52 53 56 493
579 221 573 574 575 576 577 580 581 582 583 584 585
47 48 52 53 318 376 580 655 705
345 58 223 239 339 340 341 342 344 348 350 481 591 940
857 140 648 724 852 854 855 856 859 860 861 862 863
48 49 51 52 208
49 52 53 55 899
151 146 147 148 149 152 153 155 156 157 161 400 576
364 358 362 363 365 366 367 368 369 370
818 812 813 814 815 817 821 822 824 991
913 188 907 908 910 911 912 914 915 917 918 919
51 52 53 55 56
186 180 182 183 184 185 187 188 679 724 945
52 53 55 56 58 220 270
969 208 963 964 965 967 971 972 973 974
53 55 58 59 274 745
318 140 187 312 314 315 316 317 319 322 323 324 827 954
376 370 371 373 375 377 378 379 380 381 382 459 582
580 83 144 179 574 576 577 578 582 583 584 585
655 311 649 650 652 657 658 659 661 986
705 700 701 702 704 706 707 708 709 711 918
208 202 203 204 205 207 209 211 212 213 214 336 365
55 58 59 60 61 419 481 485
899 135 301 893 894 895 896 897 898 900 902 903 905
56 58 60 61 249 447 700 779 834
493 199 487 488 489 490 491 492 494 495 496 497 499 505
58 59 60 61 64
220 215 217 218 219 221 222 223 225 226 332 488 703
270 185 264 265 269 271 273 274 430 687
59 60 61 63 64 65 711 721 835
274 269 271 272 273 276 278 279 280 650 755
745 739 740 741 743 744 747 748 750 751 789 819 993
60 61 63 64 991
571 565 568 569 570 572 573 575 576 577
656 424 650 652 657 658 659 661 662
61 63 64 65 67 230
419 356 413 414 415 416 417 422 423 424 587
481 475 476 478 480 482 483 484 485 863 914
485 348 480 483 484 486 487 488 489 490 491 960
249 243 244 245 246 247 248 250 251 252 254 255
447 441 442 444 446 448 450 451 452 453
700 407 587 694 698 699 701 702 703 706
779 71 773 774 776 777 780 781 782 784
834 736 828 829 830 831 833 837 840
63 64 65 67 68 69 506 799
614 254 608 609 610 611 613 615 616 618 619 620 772
938 932 934 935 936 937 941 943 944 957
64 65 67 68 69
65 67 68 69 70 178
711 706 708 709 712 713 714 715 716
721 715 717 718 720 722 723 724 725 726 727 804
835 141 343 829 830 832 833 837 840 841
991 244 472 827 985 986 988 989 993
67 68 69 70 71 73
230 182 225 227 228 229 232 233 234 235 504 951 962
68 69 70 71 73 74
69 70 73 74 75
506 500 501 502 503 504 505 507 508 509 511 512 963
799 256 670 793 795 796 800 801 802 803 804
70 71 73 74 75 293
178 172 174 176 177 179 180 181 182 183 184 365 797
71 73 74 75 76 427
380 84 276 375 377 378 381 382 383 385
583 503 577 578 582 584 585 586 587 588 589 883
616 285 450 523 611 613 615 617 618 621 622
73 74 75 76 77 78 79 342 667 671
74 75 76 78 79 80 832
75 76 77 78 80 81 204
293 288 289 291 292 295 297 298 703
76 77 78 79 80 81 82 534
427 421 422 424 425 428 429 430 431 432 433
308 163 302 304 305 307 309 311 312 313 314 612 789
723 717 718 720 722 724 725 726 727 728 729
77 78 80 81 82 83 477
78 79 80 82 83 84 342
79 80 81 82 83 84 85 163 213 693
342 126 337 340 341 344 455 759
667 661 662 664 665 666 668 669 670 671 672 673 917 981
671 135 666 668 669 670 672 673 674 675 677
80 82 83 84 85 86 610
832 797 826 827 828 829 831 833 838
81 82 83 84 85 86 87 271 381
204 198 200 201 202 205 206 207 855 908
82 83 84 86 87 88 145 535
534 528 529 530 531 532 533 535 536 537 538 540
83 85 86 88 706 883
477 85 333 471 472 473 474 475 480 482 483
84 85 86 87 88 89 90
85 86 87 88 89 91 635
163 158 159 161 162 165 167 168 169 195 448 935
213 207 209 211 212 214 216 217 219 603 747
693 171 381 687 688 689 690 691 692 694 696 698
86 87 88 89 90 91 367 491 699
610 604 605 606 608 609 611 612 613 615 809
87 88 89 91 92 93 207
271 103 268 272 273 276
381 246 348 375 378 379 382 383 385 387
88 89 90 91 92 93 94 526 558 576
145 139 140 141 142 143 146 147 148 149 150 489
535 505 529 531 532 533 536 537 540 541 598 640
706 89 701 703 704 708 709 712 795 982
883 597 878 881 882 885 887 888 889
89 91 92 93 94 95 500
90 91 92 93 94 633
91 92 93 94 95 97
635 572 629 630 631 632 634 636 637 638 639 640 641
367 361 362 363 366 368 369 371 372 373
491 486 487 488 489 490 494 495 496 497
699 519 694 696 697 698 701 702 703 704
92 93 94 95 98 160 425 482
93 94 95 97 99 288 530 688 742
207 202 203 205 209 212 231 992
94 97 98 99 100
526 147 152 176 521 522 523 524 525 528 530 531
558 191 552 553 555 556 557 559 561 562 563 564 661
576 325 570 572 573 574 575 577 582 642
95 97 98 99 100 101 553 664 755 967
500 358 385 494 495 497 501 502 504 505 516 920
633 228 373 385 627 631 632 634 636 639 760
97 99 100 101 102 103 435 516
98 99 100 101 102 103 104
160 155 157 158 164 248 338 372
425 237 421 422 424 428 429 430 431 682
482 250 476 478 484 486 487 732
99 101 103 104 105 144
288 233 283 285 286 291 292 531
530 365 492 524 525 527 528 529 532 536
688 494 682 683 684 685 687 689 690 691 692 694
742 368 578 738 741 743 744 746 747 748 895 941
100 101 102 103 105 106 843
101 102 105 106 304
553 547 549 550 551 554 555 556 557 559 572 749
664 658 659 661 662 663 666 668 669
755 478 529 575 749 750 751 754 756 758 759 942
967 325 651 916 961 962 963 964 965 966 968 971 972 973
102 103 104 105 106 107 108 661 953 984
492 486 488 490 495 496 497 498 581 647
657 298 651 652 658 659 663
662 658 661 663 665 666 668 744
103 107 108 109 281 369 895 917
435 429 430 431 432 433 434 436 439 440 441 859 919
516 511 512 513 514 515 517 518 519 520 521 522
104 105 106 107 109 110 311 499 886
105 106 107 108 109 110 111 253
144 113 138 139 141 146 147 149 150 401 694
106 108 109 110 111 112 234 251 758 952 984
843 347 837 838 840 841 844 847 849 949
304 149 298 299 300 302 303 305 307 323 574 992
107 108 109 110 111 113 830
108 109 110 111 112 113 114
661 196 368 663 665 666 766
953 340 666 948 950 952 954 955 956 957 958
984 339 503 925 978 980 981 982 983 986 988 989 990
109 110 111 112 113 115 410 827
281 276 278 279 285 401 414 522
369 363 365 366 368 370 371 373 375 385
895 333 645 889 890 891 893 897 898 900 901
917 521 548 786 914 915 916 918 919 920 921 922 923
110 111 112 113 114 116 165 960
311 202 280 305 309 313 314 316 317
499 494 495 496 497 498 501 502 503 504 505 968
886 341 460 881 884 885 887 889 891
111 112 113 114 115 116 117 126 509 716
253 247 248 250 251 254 255 257 258 393 508 900
112 115 116 117 330 968 975
234 228 229 232 235 236 237 239 240
251 245 247 248 250 252 254 255 256 257 401 686
758 211 753 759 760 761 762 763 764
952 946 947 948 950 951 954 955 956 957
113 115 116 119 228
830 637 824 826 828 831 833 912 949
114 115 117 118 119 120 585 909
115 119 120 121 177 511
410 245 404 405 406 407 409 411 413 414 415 416
827 155 581 821 822 824 826 828 831 908
116 118 119 120 121 122 166 912 963
165 161 162 164 166 168 169 171 282 898
960 821 955 957 958 962 963 964 965 966 982
117 118 119 120 122 123 326 430
126 120 121 122 125 127 128 130 131 465
509 503 504 505 507 508 510 511 512 513 514 515
716 294 710 713 714 715 718 802 815
330 324 325 329 332 335
968 161 777 829 963 964 965 966 971 973
975 310 971 972 973 974 976 977 978 979 980
119 118 120 121 122 123 125
228 222 223 224 225 226 229 231 232 233
118 120 121 122 123 217 362 400 866
120 121 122 123 125 431
585 581 582 584 586 587 588 589 590 591
909 185 295 402 903 904 905 906 908 910 912
121 122 123 125 127 176
177 171 172 174 175 176 179 180 181 182 183 352 649
511 505 507 508 510 512 513 514 515
122 123 127 128 390 551
166 162 167 168 169 171 172 940 966
912 521 796 906 908 915 916
963 495 710 922 957 958 959 961 962 964
123 125 127 128 129
326 320 321 322 324 325 328 329 332 776
430 424 428 429 431 432 434 436 521
217 211 214 215 216 218 219 221 222 223
362 164 286 356 358 363 365 366 368
400 395 399 401 402 403 404 405 406 683
866 245 861 862 864 865 867 868 869 871 872
125 127 128 129 130 131 441 707
431 133 432 433 434 436
127 128 129 131 133
176 172 173 181 182 619 884
128 129 131 133
390 385 387 388 391 392 393 395
551 185 545 546 548 549 550 552 554 555 556 557
129 130 131 133 134 489
130 131 133 134 135 136 438 844 896
215 156 214 216 218 219 221 349 864
131 133 134 136 137
441 436 438 439 440 442 446 595 639
707 701 702 703 704 708 709 710 712 713
465 460 462 463 464 466 467 468 469 470 471
133 135 136 137 138 139 480
134 135 136 137 138 139 730 774
489 483 486 488 490
135 136 137 138 139 156 286 536 906
136 137 138 139 141 142 408
438 433 434 436 439 440 442 443 444 954
844 773 840 841 846 847 848 849 850
896 138 276 890 891 893 894 897 898 900 901 902
137 138 139 140 141 142 143
463 324 457 458 459 460 462 464 466 467 468 569 829
478 294 472 473 474 480 483 484 980
812 155 305 590 809 813 815 817 907
138 139 140 141 143 541
139 140 141 142 143 292
480 452 474 475 476 483 484 582
730 162 724 726 727 729 731 732 733 734 735 736
774 768 769 770 772 773 776 777 778 780 826
156 150 152 153 155 157 158 159 161 162 276 677
286 280 282 285 289 291 292 417 573 582 887
536 423 531 532 533 538 540 541
906 188 876 900 901 902 903 904 905 910 911
141 143 146 147 179 510
142 140 143 146 147 148 911
408 402 403 404 405 407 409 411 413 451 634
140 143 146 195
143 146 147 148 149 796
541 336 538 540 542 544 545 546 547
292 289 291 294 295 297
146 148 149 150 152 202
195 189 190 191 192 193 194 197 198 199 200 201 701
147 148 149 150 152 153
179 173 174 175 180 181
510 256 504 505 507 508 512 513 514 515 724
148 152 154 162
911 357 450 849 905 907 908 914 915 916
149 150 152 153 154 155 893
796 690 790 793 795 797 798 800 801 802
150 152 153 154 622
401 154 256 395 398 399 402 403 404 405 406 407
694 689 690 691 692 696 697 698
152 153 154 155 157 158 600
202 196 198 200 201 205
153 154 155 157 158 159
154 155 158 159 310 488 591
162 159 161 164 167 168 391 588
155 157 159 161 263
893 804 887 888 889 890 891 894 898
622 617 618 620 621 623 626 627 744
157 158 159 629
161 158 164 167 658
158 159 164 780 847
600 248 264 595 597 598 601 603 604 605 718 786
159 164 933
310 276 305 313 314 315 316
488 484 486 487 490 628 652 921
591 587 589 590 592 593 594 595 596 597
263 257 258 262 264 265 268 269 612
276 272 273 279 280 282 589
677 672 673 674 676 680 681 726 862
629 167 309 625 626 627 628 630 631 632 634
164 167 168 169 170
780 521 776 777 778 781 782 784 786
847 353 587 652 841 845 848 849 852
933 927 928 929 930 931 932 934 935 937
248 242 243 244 245 246 247 250 252 531
338 332 334 335 336 337 339 340 341 343 344 392 803
372 366 370 373 375 377 378 573
167 168 169 170 171 172 173
658 652 922
168 169 170 171 173 174
391 348 385 386 387 388 393 395 397
588 584 586 589 592 593 594
169 170 172 173 174 175
448 344 348 418 442 444 445 446 450 451 452 453 454
935 930 931 932 934 936 937 940 941
170 171 173 175 569 663 889
171 172 173 174 233
282 218 278 279 280 283 285 631 735
898 894 897 900 901 902 903 904
172 173 174 175 388
940 619 934 936 937 945 946
966 439 646 961 964 965 971 972
173 175 641
174 175 180 227 838
175 180 181
569 563 564 565 568 570 572 573 574 575
663 403 528 659 665 666 668 669
889 245 884 885 888 890 891 894
233 227 229 231 235 236 237 238 239
388 382 383 385 386 387 392 484
641 519 636 637 638 640 642 643 644 645 646
180 181 182 184 185 205 920
227 221 222 224 225 229 231 232 902
838 749 833 837 840 841 919
181 182 183 184 187 421 876
182 183 184 185 187 188 206 235 464 670
619 613 615 617 618 620 621 623 625 689 947
884 191 484 881 882 885 888 890
183 184 187 188 189 645
352 328 347 348 349 354 357 358
649 280 643 644 645 646 650 651 652 683
184 185 187 743 756
365 361 363 366 368 370 413 423 554 732
797 498 793 795 798 800 801 802 803
185 187 189 190 462 820
205 199 200 201 209 211 445 878
920 914 915 916 918 921 922 923 924 925 926
187 188 189 190 191 192 193 754
421 415 416 417 418 422 424 529
876 871 872 873 875 878 881
188 190 191 192 193 194 915
206 200 201 203 209 211 212 442 518 988
235 229 231 232 238 240 241
464 256 334 458 459 460 462 466 467 468 469 470
670 665 668 669 672 673 676
189 190 191 192 194 625 675 763 784
645 639 640 642 643 644 647 648 650 651 773
743 211 631 738 739 740 744 748 850
756 518 750 753 754 759 760 761 762
190 191 192 193 194 559 861
462 343 457 459 460 466 468
820 708 816 817 821 822 824 826
679 347 578 673 674 676 680 681 682 684 685 918
724 512 615 718 720 722 726 729 974
945 231 942 943 944 946 947 948 951
191 192 193 194 196 197
192 193 196 197 198 265
193 194 196 198 199
754 748 749 750 751 753 759
194 197 199 200 956
915 910 914 916 919
625 620 621 623 626 627 628 630 631
675 529 594 669 672 673 676 680 681
763 632 759 760 761 762 764 767 768
784 573 778 781 782 787 789 790
559 554 555 556 561 562 563 564 565 728 982
861 855 856 859 860 862 863 864 865 936
196 197 198 199 200 201 399 445
197 198 200 203 531 865 907
198 199 200 203 299 712 936
265 261 262 268 269
199 201 203 826
200 201 203
956 229 417 950 951 954 955 957 959 961 962
201 203 833
701 697 698 702 703 704
399 393 397 398 402 403 404 520 529 537
445 231 439 443 446 450 451
203 209
531 357 525 529 532 537
865 254 801 859 860 862 863 864 867 869 871
907 901 902 903 904 905 908 910
299 294 297 298 300 302 303 305 557 777
712 574 708 709 710 714 715 717 718
936 486 930 931 932 934 937 941 942
826 429 563 822 824 828 829
833 828 837
209 212 214 781 850
855 424 849 852 856 859 860
908 902 903 904 914
211 212 214 216 589
878 513 611 815 872 873 874 881 927
212 214 216 218
442 323 436 439 440 443 444 446 639
518 417 513 514 515 517 519 520 522 523 524 542
988 605 982 983 985 987 989 990 992 993
231 225 226 229 236 237 370
992 285 514 731 986 989 990 993
214 216 218 219
336 332 333 334 335 337 341
781 775 776 777 778 782 787 989
850 845 848 849 852 854 856
216 218 221 222 458
280 278 279 283 285
822 250 816 817 819 824 980
589 584 586 587 592 593 594
218 219 222 223 224 871
219 221 224 225 568
603 597 598 601 604 606 608 702
747 741 744 748 749 750 753 900
221 222 223 224 226 317 900
349 294 343 347 348 350 353 354 355
864 860 862 863 867 868 869
222 223 224 225 226 764
458 452 454 455 457 459 460 887
223 224 225 226 229
224 225 226 229 409
871 789 867 872 874 875
225 243
568 562 563 564 565 570
226 229 232 484
332 328 334 335 337 727
703 697 698 702 704 709 872
317 312 313 314 315 316 319 320 322 323
900 894 897 901 902 904 905
764 676 759 760 761 762 765 766 767 769 770
229
409 403 404 405 407 413 415
243 237 239 240 241 242 244 245 246 247
232 237
484 483 486 487 490
902 897 903 904 905
504 498 501 502 503 507 508
951 247 564 946 947 949 950 954 955 957
962 944 957 958 959 964 965 993
236 237 238 240 241 242 254 289 957
237 238 239 240 241 242 928
370 368 371 373 375
238 239 240 241 242 244
239 240 241 242 244 245 804
240 241 242 244 245 246
241 242 244 246
242 244 245 246 247
254 250 252 255 256 257 545 922
289 283 285 294 295 734
957 887 954 955 958 959
928 561 922 923 924 926 927 929 930 931 932 934
244 245 246 250
245 246 247 429 598
804 798 800 801 802 803 809
246 247 250
247 250 252 769
250 252 255 256
429 423 424 428 432 434
598 406 592 593 594 596 604 643 665
252 255 256 258 312 732
769 765 767 768 770 771 773 775
255 256 257 261
256 257 262 334
257 258 261 262 524 546
686 680 681 682 683 684 687 689 690 691 692 795
258 262 264 291 741
312 307 313 314 315 316
732 498 726 727 729 733 734 735 736 738
393 273 387 392 395 398
508 502 503 505 507 512 513 514
545 540 542 543 546 547 548 550
922 736 916 923 924 925 927
261 262 264 498 710 986
262 264 268
334 328 329 333 335 337 340
524 348 521 522 523 527 528 910 924
546 540 542 544 547 549 550 552 770
264 268 848
291 285 294 295 297 357 363 651 831 848
741 305 735 736 738 739 740 744 746
573 570 572 574 575 577 578 708
498 472 494 495 496 497 503
710 704 708 709 713 714 715
986 981 982 985 987 989 990
268 269 272 273
269 272
612 606 608 609 611 613 615 618
848 549 845 846 849 852 854
272 273 386
411 405 406 407 413 414 415 416
273 278 279 501 841 974
298 294 295 297 301 302 303
713 652 687 708 709 714 715 717 718
687 682 683 684 685 689 690 691 692
386 329 382 383 385 387 392 817
278 279 644 676
279 283 285 402
501 495 496 497 502 503 507
841 746 837 845 846
974 520 971 972 973 976 977 978 979
650 455 644 646 647 648 651
733 615 727 728 731 734 735 736 738 739 930
283 285
348 343 350 353 455 973
644 428 638 639 640 642 643 646 647 648
676 672 673 674 680 681 682
285 537
402 397 398 403 405 406 407 532
414 413 415 416 417 418
522 517 520 521 523 527 955
631 627 628 630 632 634 636 637 729
735 729 734 736 739 740
611 554 606 609 613 615 617
882 417 542 762 881 885 887
537 532 533 538 540
417 413 415 416 418 422 423
582 547 578 581 584
887 398 682 746 881 885 888 890 891
623 375 544 618 620 621 626 627 628 801
294 295 297 300 772 989
295 297 300 301 854
734 543 728 731 738 740 980
297 300 301 302 303 831
357 353 355 356 358 363
363 358 361 366 368
651 646 647 648
831 322 829
300 301 302 303 305 355
772 753 766 767 768 771 775 776 778
989 985 987 990 993
301 302 303 305 597 828
854 849 852 856 859 860
302 303 305 307
897 467 891 894 901 903
303 305 307 309
305 307
557 552 554 555 556 561 562 563
777 771 773 775 776 778
355 350 353 354 358 361 696
597 592 593 594 595 596 601
828 803 824 829
307 309 313
309 314 315 605 698
323 319 321 324 325 328 329
574 570 572 575 577 578
547 542 543 544 548 549 550 552 869
313 314 315 319 494 527
314 315 316 319 320
789 786 787 790 793 794
315 316 319 320 321 815
605 601 604 606 608 609
698 692 696 697 702 704
316 319 320 321
319 320 321 322 324 325
494 490 495 496 497 639
527 521 523 525 528 529 532 533 982
320 321 324 325
321 322 324 325 443 760
815 809 813 814 816 821
322 324 325 328 469 715
324 325 329 955
954 905 955 959
325 329
443 440 444 446
760 382 761 762 766
328 329 333
469 466 467 468 470 471 472 473 474 475 903
715 354 444 702 709 714 717 718 720
329 335 460
955 502 949 950 958 959 961
776 771 773 775 778 782
333 335 337 339
335 337 339 340 341
460 454 455 457 466
337 339 340 341
626 486 620 621 627 628 630
689 683 684 685 690 691 692
947 941 942 943 944 946 948 949 950
727 722 725 726 728 729 770
339 340 341 428
340 341 343 344 809
341 343 344 347 575
343 344 347
344 350 761 859 950
392 387 395 397 398
803 800 801 802 806 809
428 422 423 424 432 433 761
809 806 808 813 814
347 350 910
575 577 578 581
455 450 451 452 453 457 459
759 761 762 765
350 354 356 773 904
761 762 765 767 943
859 856 860 862 863
950 944 946 948 949
910 904 905 916
353 354 356 358 630
973 971 972 976 977 978 979
354 358 824
356 358 361
773 768 770 771 775 778
904 901 903 905
358 361
630 439 627 628 632 636
824 561 819 829
361 366 502 672
696 690 691 697
366 368 371
502 496 497 507
672 666 668 669 673
368 373 628
413 407 415 416 418 562
423 418 422 424 490 564
554 548 549 550 552 555 556 634
371 373 375 377
373 375 377 378 379 519 639
628 627 632 846
375 377 378 379
385 379 383 387 406 932
377 378 379 383 949
378 379 382 383 595
379 383
519 513 514 515 517 520 521 770 943
639 495 634 636 637 640 643
798 470 606 793 794 795 800 801 802
382 383 387 517
459 453 454 525 578 648
383 387 685
949 943 944 946 948
595 590 592 594 596 601 979
387 819
517 495 512 513 514 515 520 521 523
685 632 680 681 682 683 690 691
406 404 407 971
932 926 929 931 934 937
817 753 813 814 816 819 821
819 642 813 814 816 821 885
395 397 398
397 398 403
398 403 404
561 556 562 563 564 565
767 762 765 766 768 770 771
403 404 405 407
404 405 407
520 514 521 523 525
529 525 528 532 533
405 948
683 680 681 684 722
407
532 528 533 538
948 837 942
971 965 972 977
451 444 446 450 453 454 457
634 632 636 638 640 862
415 416 418
416 418 422 762
418 422 424 786
562 556 563 564
422 424 794
762 453 765 768
424
786 787
587 581 584 586 590 592 593 840 959
794 793 795 800 806
490 486 487 496
564 563 565 570
682 680 681 684
432 433 434 436
433 434 436 439 941
434 436 440
436 439 440 728
521 515 523
439 440 444 648
941 937 942 943 944 946
440 444 446 483
919 914 916 923 924 925
728 722 725 726
512 507 513 514 515
829
444 446 450
648 642 643 647 652
446 450
483 486 487
450 452 453 454 787
452 454 552
453 454 457 718
454 457 934
787 782 790
457 929
552 548 550 555 556 888 985
718 714 717 720 722
934 684 725 929 930 931
929 923 924 925 926 927 930 931
525 523 528
578 577 581 584
466 467 468 470 471 472
467 468 470 471 472 473
766 751 765 768 770 771
942 937 944 946
468 470 471 472 473 474
470 471 472 473 474 475 476
471 472 473 474 475 476
472 473 476 840
473 474 475 476
474 475 476
475 476 814 965
903 905
476
840 666 837 845
814 808 813 816
965 643 959 961 964
980 976 977 978 979 981 982 983 985
863 860 862 867 868 869
914 916 918
486 487
487 643 702
643 637 638 640 647
702 697 704 708 868
652 647
921 617 916 918 923 924 925 926 927
496 497
495 704
497 503
581 577 584 586
647 642
505 503 982
704 708 709
503 507 771
507 513
771 765 768 770
982 775 976 977 978 979 983 987
513 514 515
514 515
515
523 528
542 538 540 543 544 548 744
770 765 768 775
943 640 736 875 937 944 946
528 533 959
924 918 925 926 927 930
533 538
959 748 958 964
538 543 544
540 543 544
640 636 646
543 544 548 549 601
544 548 549 550
548 549 550 765
744 738 739 740 746 748
549 550 555 604
601 596 604 606
550 555 556
869 867 868 872 873 874
765 768 930
555 556
604 606 608 609 944
556
888 885 890 891 894
985 979 981 983 987 990
572 570 577
749 748 750 751 753
563 565
565 570
570
577
708 709 714
642 636 637 638 646
584 586 590
586 590 592
590 592 594 596
592 593 596
593 594 596 659 926
594 596
596
659 946
926 901 923 925 930 931
979 976 977 978 981 983
665 666 668 669 808
606 608 609
608 609 613 729
609 613 691
944 946
613 615 617 618
729 725 726 731
691 690 692 697
615 617 618 620
617 618 620 621
618 620 621
620 621
621 627
627 632
801 795 800 802 806
632 636 637 638
846 845 849 852
636 637 638
637 638
638
862 860 867 868
646
946
666 668 669
668 669 674 852
669 673 674
808 802 813 987 990
673 674
981 976 977 978 983 987
674 680 806
852 849 856
680 681
806 800 802
681 684
726 720 722 725 731
684
918 916
722 717 720 725 746
690 692
692 697
795 790 800
697 868
731 725 736
868 867 873 874
709 714 993
872 867 873 874 875
714 717 720
993 987 990
717 720
720 725
802 800
725
746 740 748 750 751
736 739 740
738 739 740
739 740
930 925 927 931
740
748 750 751 753
750 751
751 753 964
753
964 958 961
768
775 778
778 782
782
790 793
793
800
813 816
987 983
990
821 816
816
885 881 890 891
837
845 849
849
856 860
860
867 873
873 874 875
874 875
875 881
881
927 925 931
890 891 894
891 894
894
901 905
905
916
923 925
925 931
931 937
937
958 961
961
972 976 977 978
976 977 978
977 978 983
978 983
983
