0 1 2 3 4 5 6 1240 1494 1495 1496 1497 1498
1 2 5 6 7 542 897 1449 1495 1497 1498 1499
2 3 4 5 6 8 960 1496 1498 1499
3 4 5 6 8 9 646 1323 1497 1498 1499
4 5 6 7 8 9 10 131 408 1017 1498
5 7 8 9 10 728 1499
6 7 8 9 10 100 659
1240 353 503 1019 1234 1235 1237 1238 1241 1243 1244 1245 1246
1494 567 1113 1269 1336 1488 1489 1490 1491 1493 1496 1497
1495 361 1413 1489 1490 1491 1492 1493 1496 1497 1498 1499
1496 1191 1383 1455 1491 1492 1493 1499
1497 9 227 612 911 1491 1492 1493 1499
1498 464 786 864 1492 1493 1499
7 8 9 10 11 12 13 489 1101 1277
542 144 537 539 540 541 543 544 546 547 548 909 1002 1232
897 813 892 893 894 895 898 899 900 901 903
1449 1443 1444 1445 1446 1448 1450 1453 1454 1455
1499 23 1402
8 9 10 11 12 14 116 376 1358
960 51 222 292 954 955 956 957 958 961 962 964 965
9 11 13 14 15 350 663 1163
646 641 642 643 644 645 647 648 649 650 651 652 1402
1323 208 1318 1319 1320 1321 1322 1324 1326 1328 1329 1427
10 11 15 376 636
131 125 127 129 130 132 133 134 135 136 137
408 402 403 404 405 406 407 409 411 412 413 414
1017 926 1011 1012 1013 1014 1015 1019 1020 1021 1304
728 167 631 722 723 724 725 726 727 729 730 733 734 1149
100 94 95 96 97 98 102 103 105 106 717 1394
659 653 654 656 657 658 660 661 662 847 1364 1450
11 12 13 14 16 17 29 1111
12 13 14 15 16 18 119
13 14 15 16 17 18 19 397
489 186 348 483 485 488 490 491 492 494 495
1101 97 812 1095 1096 1097 1099 1100 1102 1104 1105 1106 1107 1147
1277 133 212 269 579 663 854 1272 1274 1275 1276 1279 1280 1283
14 15 16 18 19 20 660 722 1007
116 110 111 113 114 115 119 120 121 122 296 896 1159
376 370 372 374 375 377 378 379 380 382 740 1078
1358 329 765 1058 1352 1353 1354 1355 1356 1357 1359 1360 1361
15 16 17 18 19 20 21 1220 1271
350 344 345 346 347 348 349 352 353 354 355 356 977
663 270 303 505 641 658 661 662 665 667 669
1163 33 173 235 521 992 1158 1159 1160 1161 1162 1164 1166 1168 1169
636 248 541 630 631 633 634 635 637 640 642 1331
16 18 19 20 21 22 937 1027
17 18 20 22 23 890
29 23 24 25 26 27 28 30 31 32 33 34 35 175 575 770
1111 275 603 1105 1106 1109 1113 1114 1115 1116 1117
18 19 20 21 22 23 24
119 113 114 117 118 122 123 125 349 910 1394
19 20 21 22 23 24 25 247 995 1483
397 391 392 393 395 398 399 400 402 403 478 884 1276
20 21 24 25 26 817 1179
660 654 655 656 657 658 661 662 664 665 666 730
722 716 717 718 721 723 724 725 727 1279
1007 620 806 1001 1002 1003 1004 1005 1006 1008 1010 1011 1012 1013 1070 1320
21 23 24 25 26 80 261 835 837
1220 1214 1215 1216 1217 1218 1219 1222 1224 1225 1226
1271 1216 1265 1266 1268 1269 1272 1273 1274 1275 1276
22 23 24 25 26 27 81 1018 1088
937 932 933 934 935 936 938 940 941 942 943 1044 1450
1027 269 440 1023 1025 1026 1028 1029 1030 1031 1033 1471
23 24 27 430 908
890 256 884 886 887 888 889 892 893 894 895 896 943 1055 1318 1445
24 25 26 28 30 184
25 26 27 30 31
247 241 242 244 245 248 249 251 253 486 702 971
995 112 126 718 991 992 994 998 999 1000 1001 1343
1483 128 1084 1477 1478 1479 1480 1481 1484 1486 1487 1488 1489
26 27 28 31 1080
817 811 812 813 814 815 816 818 819 821 823 856 1354
1179 118 253 1173 1174 1175 1177 1178 1180 1181 1182 1183 1184 1282 1475
80 74 75 76 77 78 79 81 82 83 84 85 86
261 202 256 257 258 259 260 262 263 265 267 448
835 197 423 829 830 831 832 833 834 836 837 838 839 840
837 54 274 831 832 833 834 836 838 839 840 841 843 947
27 28 30 31 32 33 461
81 75 77 78 79 82 84 85 86 1065
1018 374 1012 1013 1015 1016 1019 1020 1022 1023
1088 190 1082 1083 1084 1085 1087 1089 1090 1091 1094 1200 1223
430 98 424 425 426 427 428 429 431 432 433 434 435 436
908 758 903 904 905 906 907 909 910 911 912 913 914
28 31 32 33 34 96 611 983
30 31 32 33 34 35 36 493 721
184 178 179 180 181 182 183 185 187 607 1041 1131
31 32 33 35 36 37 821
1080 757 900 1074 1075 1076 1077 1078 1079 1081 1082 1083 1084 1085 1086 1278
32 33 34 35 36 37 38 410 1373
33 35 36 229
461 455 456 457 458 459 462 463 464 465 466 467 713
34 35 38 39 40 495 1166
96 90 91 95 97 98 99 101 102 1322 1381
611 68 314 605 606 607 608 609 612 614 615 616 617
983 222 380 977 978 979 980 981 982 984 985 986 988 989 1301
35 36 38 39 40 41 255 1131
175 169 171 172 173 174 176 177 178 179 180 181
575 59 398 569 571 572 573 574 576 578 580 581 1311 1367
770 764 765 766 767 768 769 772 773 774 776
36 37 38 39 41 42 330 442 457 914
493 262 487 488 491 495 498 499 944 994 1031 1084
721 438 625 715 717 718 719 720 723 724 725 726
37 38 39 40 41 42 43 143 323
821 816 818 819 820 822 823 824 825 826 827 1083 1461 1467
38 39 40 41 42 44
410 84 404 405 406 407 411 412 413 415 416 1224 1325
1373 523 1367 1368 1369 1370 1372 1374 1375 1376 1377 1378 1379
229 223 224 225 226 228 230 231 232 233 234 235 483
39 40 42 43 44 45 419 1003 1250
40 41 42 43 44 45 46 1086
495 180 490 494 496 497 498 499 500 501 830 1090
1166 560 1160 1161 1162 1164 1165 1167 1168 1169 1170 1172
41 42 43 44 45 46 47 320 968 1015
255 249 250 251 252 253 254 257 258 259 551 797
1131 516 797 938 1032 1105 1127 1128 1129 1133 1134 1136 1137
42 44 45 47 246 330 1169
330 324 325 327 328 329 332 333 334 335 336 799 1461
442 436 437 438 439 441 443 444 445 446 447 1479
457 451 454 455 456 458 459 462 718 1442
914 909 911 912 913 916 917 918 919 920 929
43 44 45 46 47 49 634 891 1048 1256
143 137 139 140 141 142 146 147 148 149 1070 1152
323 317 319 321 322 324 325 326 329 1274
44 45 46 48 50 849
45 47 50 51 348 632 705 718
419 414 415 416 418 420 421 422 423 424 425 1453
1003 366 997 998 999 1000 1001 1002 1004 1005 1006 1008 1076
1250 235 1173 1245 1246 1247 1248 1249 1251 1252 1253 1254 1255 1482
46 47 49 51 52 145 160 425 1133 1287
1086 379 481 1081 1082 1084 1089 1090 1091 1092
47 49 50 51 52 53 231 1335 1453
320 314 315 316 317 318 319 322 324 326 340
968 445 768 963 964 965 966 969 970 973 974
1015 68 453 1010 1011 1012 1013 1014 1019 1020 1021
246 243 244 248 250 251 252 302 315 928 1352
1169 1165 1168 1171 1172 1173 1174 1263
49 48 51 53 54 326 1142
634 206 522 628 630 631 633 635 637 639 640 765
891 142 145 802 885 887 888 889 892 893 894 896
1048 382 1024 1042 1043 1044 1045 1046 1047 1049 1050 1051 1052 1053 1054
1256 371 729 736 1251 1252 1253 1254 1255 1257 1258 1259 1260 1261 1262 1367
48 50 51 52 53 54 248 590 802
50 51 52 53 54 55 56 125
849 843 845 847 848 850 852 853 854 855 1016 1098
51 52 53 54 55 57 745 1263
348 342 343 344 345 346 347 352 353 354 682 696
632 626 629 630 631 633 635 638 793 1041 1377
705 199 500 503 700 701 702 703 706 707 708 709 710 1026
718 712 713 715 717 719 720
52 53 54 55 56 57 1305 1458
145 74 140 141 144 147 148 151 550 1406
160 155 156 157 161 162 163 164 165
425 420 421 423 424 426 427 428 429 431 449 1379
1133 1127 1128 1129 1130 1134 1135 1136 1137 1138 1139
1287 1195 1281 1282 1284 1285 1286 1288 1290 1292 1293
53 54 55 56 57 58 59 375 812
231 225 226 227 230 232 233 234 235 236 237 414
1335 467 962 1154 1329 1330 1331 1332 1333 1334 1336 1337 1338 1339
1453 435 905 1447 1450 1452 1454 1455 1456 1457 1459
54 55 56 57 58 60 215
248 242 244 245 249 250 251 252 253 254
590 122 217 584 586 587 588 589 591 594 595 596 670
802 796 797 798 799 800 801 803 804 805 806 807 808 1401
326 321 322 324 325 327 329 331 332 1070 1375
1142 1137 1139 1140 1141 1143 1145 1146 1147 1148 1191
55 57 58 59 60 61 364 769 881 1308 1360
56 57 58 60 61 62
125 120 121 123 126 127 128 309 431 507 766 965 1274
57 59 60 62 420 1051 1146
745 224 370 739 740 741 743 744 746 747 748 749 750 751 1150 1213
1263 942 1258 1260 1262 1264 1265 1267 1268 1269 1338
1305 965 1299 1300 1303 1304 1306 1307 1308 1309 1310 1311 1468
1458 342 424 944 952 1292 1452 1454 1455 1456 1457 1460 1461 1462 1463 1464
58 59 61 62 64 101 514
59 61 62 63 64 65 134 351
375 62 369 370 372 373 374 377 379 380 381 383 1448
812 448 487 806 807 809 811 813 815 816 818 1036
60 61 64 65 66 69 1303 1372 1376
215 190 209 210 213 214 216 217 219 221 919 1146
61 62 63 65 67 373 1346
364 359 360 362 363 366 367 368 369
769 763 764 765 766 767 768 773 774 775
881 875 876 877 878 879 880 882 883 885 886 887 1363
1308 200 511 1104 1302 1304 1306 1307 1311 1312 1313 1314 1422
1360 1354 1355 1356 1357 1359 1361 1362 1363 1364 1365 1366
62 64 65 66 68 853
420 162 414 415 416 417 418 421 422 423 424 1096
1051 580 1045 1046 1049 1050 1052 1053 1054 1055 1152
1146 552 823 1141 1144 1145 1147 1148 1149 1150 1151 1152
64 66 67 68 69 70 1344 1350
101 95 97 98 102 103 105 106 107 322
514 414 508 509 510 511 512 513 515 516 517 518 519 520
63 65 66 68 69 661 1062 1121 1197 1416
65 66 68 69 70 71 154 1190
134 128 129 130 133 135 136 138 139 140 778 926
351 346 352 354 356 1152 1289 1446
66 67 68 69 70 71 72 325 610 730 1135
69 67 68 70 71 73 74 75
1303 155 1297 1298 1299 1300 1304 1306 1307 1309
1372 1366 1367 1368 1369 1370 1371 1374 1375 1376 1378
1376 117 1001 1276 1370 1374 1377 1378 1379 1381 1382
67 70 71 72 73 242 436 963
373 367 368 369 370 372 377 378 379 947
1346 485 1340 1341 1342 1343 1345 1347 1349 1350 1351 1352 1471
68 70 71 72 73 74 1194
853 157 187 369 447 848 850 851 852 855 856 859
661 655 656 657 662 664 665 666 667 1008
1062 271 1056 1057 1058 1059 1061 1063 1065 1066 1068 1338
1121 137 150 697 1115 1117 1118 1119 1124 1125 1126 1127 1493
1197 169 280 1191 1192 1193 1194 1198 1199 1200 1201 1202 1203 1291
1416 743 1087 1410 1411 1412 1413 1414 1415 1417 1418 1419 1420 1422
70 71 72 73 74 75 76 228 1338
1344 336 1338 1339 1340 1341 1342 1343 1345 1349 1350
1350 563 1206 1345 1347 1348 1349 1354 1355 1356
71 72 73 75 76 77 1387 1459
154 148 149 150 151 152 153 155 157 158 159 862
1190 730 1184 1186 1188 1189 1191 1192 1193 1194 1195 1349
72 73 74 76 77 78 112 666 847
325 319 321 322 327 328 329 331
610 422 604 605 606 607 609 612 613 614 615 616
730 725 727 732 734 735 736 1205 1318
1135 445 1129 1130 1132 1134 1137 1138 1139 1140 1141
73 74 75 77 78 79
242 236 237 239 240 241 244 245
436 104 192 367 392 431 433 435 437 438 439 440 441 872 1318
963 957 958 959 961 962 966 969 989 1108
74 75 77 78 79 497
1194 1189 1191 1192 1193 1195 1196 1198 1199 1200 1267
75 76 78 79 886 1037
76 77 78 82 164 613 735 836
228 222 223 224 225 226 227 230 232 233 234 1091
1338 955 1333 1336 1337 1339 1340 1342 1343 1398
77 78 82 83 917
1387 342 1187 1381 1382 1384 1385 1386 1388 1389 1390 1391 1392
1459 694 840 1454 1455 1456 1457 1460 1462 1463 1464 1465 1474
78 79 82 83 84
112 106 108 109 110 111 113 114 115 117 118 1071
666 662 664 665 667 668 669 670 671 672
847 221 579 680 841 842 844 845 846 848 851 852
79 83 85 220 657 1113 1120 1215
497 491 492 494 496 498 499 500 502 503 693
886 412 820 880 882 883 885 887 888 889 1090
1037 288 1031 1032 1033 1034 1035 1038 1039 1040 1041 1042 1043
82 83 84 85 86 87 88
164 104 158 159 162 163 165 168 169 170 371 980 1348
613 404 607 608 609 612 614 616 617 618
735 629 729 731 733 734 738 739 740 741
836 155 830 831 832 833 834 838 839 840 841
83 84 85 87 88 89 854 1328
917 913 915 916 918 919 920 921 922 923 1359
84 85 86 88 89 90 394
85 86 87 88 89 269 765 902
220 216 218 219 221 222 223 225 226 704 1180
657 233 651 652 654 655 656 658 662 844
1113 1107 1108 1109 1112 1114 1115 1117 1118 1119
1120 604 655 987 1114 1115 1116 1117 1119 1122 1123 1124 1125 1126
1215 335 1209 1210 1211 1212 1217 1218 1219 1221
86 87 88 89 90 91 92 280 1269
1065 548 1059 1060 1061 1063 1064 1066 1068 1069 1071
87 88 89 90 91 92 692 943 1454
88 89 90 91 92 94 219
89 90 92 94 95 306 615
854 580 741 826 850 855 856 858 859 860 1155 1410
1328 556 559 803 984 1322 1324 1329 1330 1332 1333 1334
90 91 92 93 94 95
394 388 389 390 391 392 395 396 398 400
269 263 264 265 266 267 268 270 271 272 275 567 675 1223
765 308 759 760 761 762 763 766 767 771 922 1103
902 896 898 899 900 901 903 904 906 907
91 92 93 94 95 500 824 1379
92 93 94 95 98 272 281 393
280 127 274 275 277 278 279 281 282 283 284 285 286
1269 144 415 1265 1266 1267 1268 1270 1272 1273 1274 1275
692 686 687 688 689 691 693 696 697 698
943 205 825 938 940 941 944 945 946 947 948
1454 1446 1448 1450 1451 1452 1455 1456 1460
94 93 95 97 98 99 819 1443
219 214 216 217 218 221 222 223 225 1098
95 93 97 98 99
306 153 294 300 302 303 307 308 309 311 984 1322
615 609 612 616 618 620 621
93 97 98 99 137 197 544 608
500 494 496 498 499 502 503 504 505 506 1319
824 818 820 823 825 826 827 828 829 830
1379 750 1374 1375 1377 1380 1381 1382 1383 1384
98 97 102 103 104 249
272 266 270 271 273 274 275 277 278 1177 1258 1315
281 275 276 278 279 282 283 284 285 382
393 387 388 389 390 391 392 395 396 451 1414
97 99 102 103
99 102 103 104 105 275 796 1307
137 133 139 140 141 1225 1451
197 191 193 194 195 199 200 201 202 203 321 696 727
544 538 539 540 543 545 546 548 549 550 1006 1024 1448
608 159 432 446 463 602 603 604 605 607 793 852
819 400 813 814 815 816 818 820 822 823 825
1443 823 1073 1437 1438 1439 1440 1441 1442 1445 1446 1448
102 103 104 106 108 925
1322 1317 1319 1320 1321 1325 1326 1327 1331
1381 380 452 566 1044 1246 1300 1377 1378 1380 1382 1384 1385 1473
103 105 106 107 108 109 402 1056 1147
104 105 107 108 109 110 205
249 243 244 245 251 254 389 594 1489
105 106 107 108 109 110 111 876 1493
275 180 273 274 276 278 282 1109 1170 1207
796 790 791 792 793 795 797 798 799 800 801
1307 1301 1302 1304 1306 1309 1310 1311 1312 1313
106 107 108 109 111 670
717 202 677 711 712 713 715 716 719 720 723
1394 1386 1388 1389 1390 1391 1392 1393 1397 1398 1399 1400
107 108 109 113 1066 1235
322 316 317 318 319 327 328 1026 1136
108 109 110 111 113 114 1369
925 662 920 921 922 923 924 926 927 928 929 930 931
109 110 111 113 114 115
402 396 398 399 400 401 403 405 406 407
1056 1050 1052 1057 1058 1060 1061 1421
1147 113 435 1141 1143 1145 1148 1151 1152
110 114 115 163 204 662 1291
205 199 201 202 203 204 207 208 209 210 211 687
111 115 117 211 1134 1441
876 870 871 873 874 875 879 880 882 1422
1493 561 779 1318 1487 1489 1490 1492
670 664 667 668 669 672 673 674 675 676
113 114 115 118
1066 147 190 1060 1061 1063 1064 1068 1069 1071 1072 1491
1235 268 1229 1230 1231 1232 1234 1236 1237 1238 1239
114 115 117 118 120 930
1369 571 762 1175 1363 1364 1365 1366 1368 1374
115 117 118 121 300 1087
163 158 159 161 162 165 166 167 168 169 580 780 1081
204 198 199 200 201 203 206 208 209 210 471 1033
662 238 656 658 667 668 861 1204 1421
1291 1285 1286 1288 1290 1292 1293 1294 1295 1297 1464
117 118 121 123 357
211 207 209 210 212 214 216 217
1134 1128 1129 1130 1132 1136 1138 1139 1140
1441 324 422 956 1262 1436 1437 1438 1439 1440 1444 1445
118 123 124
1071 473 629 1067 1068 1070 1072 1073 1075 1076 1077
120 122 123 124 126 1437 1444
930 924 926 927 928 929 931 932 933 934 935 1112 1168
121 122 123 124 127 496 751
300 294 296 297 298 299 301 302 304 873 904
1087 253 1081 1082 1083 1084 1085 1089 1090 1091 1092 1093
122 123 124 127 689 1192 1407
296 290 291 292 293 294 295 297 298 299 302
896 203 800 892 895 898 899 900 901
1159 161 1054 1153 1154 1155 1157 1158 1161 1162 1164 1165
123 124 126 127 128 129
357 352 353 354 355 356 358 359 360 361 362 363 473
124 126 128 130 781 1289 1435
349 343 344 346 347 352 353 354 668 978 1176
910 904 905 906 907 909 911 912 913 915 916 1176
126 127 128 129 130 132
1437 404 704 1261 1432 1433 1434 1435 1436 1438 1439 1440 1442
1444 486 747 795 982 1438 1439 1440 1442 1445 1447 1448
127 129 130 132 133 236 1149
496 490 491 492 494 498 499 501 502 658 863 1228
751 746 747 748 750 752 753 754 755 756
689 683 684 685 686 687 688 690 691 693 694 695 1208
1192 697 1186 1187 1188 1189 1191 1195 1198 1276
1407 356 1098 1401 1402 1403 1404 1406 1408 1409 1410 1411 1412
128 129 130 132 133 460 484 784
129 130 132 133 135 844 1174
130 136
781 775 778 779 782 783 784 785 786 787 1182
1289 1284 1285 1288 1290 1292 1295 1318
1435 1430 1432 1434 1438 1439 1440 1468
309 303 305 307 311 313 314 315 605
431 426 427 428 429 432 433 434
507 501 502 504 505 506 508 509 510 511 512 513
766 152 482 688 760 761 762 767 771 772 874
965 244 586 656 693 959 961 962 964 966 969 971 1452
1274 1268 1270 1272 1273 1275 1276 1279 1280
132 133 135 136 213 277 729 1415 1421
133 135 136 138 139 669
236 230 232 233 234 235 237 238 241 447 755
1149 1144 1145 1148 1150 1151 1152 1153 1155 1266
460 206 455 456 458 462 463 464 465 466 1058 1276
484 182 399 478 479 480 481 485 486 487 488 490 520 527 905
784 401 652 778 779 782 783 786 788 789 921 1119
135 136 138 139 140 141 486 612 627 797 892 1094 1233 1374
844 838 839 840 841 843 845 846 848 850
1174 739 1168 1170 1171 1172 1173 1175 1176 1178 1180
136 139 140 142 250 1022
213 207 208 209 210 212 214 216 217 218 224
277 271 273 276 278 279 282 283 686 782 1429
729 150 316 723 724 725 726 727 732 734 946 1446
1415 259 1409 1410 1411 1413 1414 1417 1419 1420 1421
1421 193 1226 1417 1418 1419 1420 1422 1423 1424 1425 1426 1427
138 139 140 141 142 144 391 432 1280
139 140 141 144 1246
669 639 664 665 667 668 671 672 673 674 967 1164 1299
140 141 142 144 146
778 193 774 775 776 777 779 780 782 783 874
926 207 921 923 927 928 929 931 932
141 144 146 147 815 863 1195
486 480 481 482 483 485 491 492 1473
612 606 607 609 614 616 618
627 621 622 624 625 626 629 630 633 949
797 582 791 792 793 794 795 798 799 800 803 966
892 887 889 893 894 895 898
1094 462 1089 1090 1091 1093 1095 1096 1097 1098 1099 1100
1233 958 1227 1228 1229 1230 1232 1234 1236 1237 1238 1239
1374 360 470 653 989 1368 1370 1371 1377 1378 1380
142 146 147 194 760 1262 1420
250 244 251 252 253 254 256 774
1022 177 335 555 1016 1019 1021 1023 1024 1025 1026 1028
1225 1219 1221 1222 1223 1224 1226 1227 1229 1230 1231
1451 523 578 1009 1445 1447 1448 1450 1455 1456
144 146 147 148 149 150 619 1118
391 239 385 386 387 388 389 392 395 396
432 426 428 429 433 434 437 724 1069
1280 151 913 1275 1278 1281 1282 1284 1285 1286
1246 214 538 762 1242 1247 1248 1251 1348
146 148 149 150 152 217 838 1150 1226
147 149 150 151 153 371 630 1482
815 809 811 814 1074 1423
863 372 470 857 859 860 861 862 864 865 866 867 868
1195 1079 1132 1189 1191 1193 1198 1200 1201 1428
194 188 190 191 192 193 195 196 198 199 200 501
760 301 307 319 754 755 756 759 764
1262 1257 1258 1259 1260 1261 1264 1265 1266 1267 1268
1420 543 604 658 828 945 1332 1414 1417 1419 1423 1424 1425 1426
148 150 151 152 153 617 1126 1205
149 150 151 152 153 155 305 809 1412
1070 214 433 1064 1067 1068 1069 1072 1074 1076
1152 1148 1150 1153 1155 1156 1158 1393
150 151 152 153 155 156 1105
619 616 617 618 620 621 622 623 874 958 1002
1118 635 870 1112 1115 1116 1119 1122 1123 1124
151 152 155 156 545
550 341 545 547 551 552 553 554 555 556 695 714
1406 198 1400 1402 1403 1404 1405 1409 1410 1411 1412
152 153 155 157 554 1270
217 212 214 216 221 222 223 1191
838 832 833 834 839 840 841 842 843 1330
1150 1144 1145 1148 1153 1154 1156 1224
1226 520 1222 1223 1224 1227 1228 1229 1230 1231 1232
153 155 156 158 159 967
371 366 369 370 372 377 1161
630 334 555 625 626 628 629 631 771 1207
1482 1258 1476 1477 1478 1479 1480 1481 1485 1487 1488
617 614 616 618 620 621 622 623 998 1325
1126 1068 1122 1123 1124 1125 1127 1128 1130 1132
1205 381 505 827 1034 1199 1200 1201 1202 1204 1206 1208 1210 1211 1422
155 157 158
305 299 301 302 303 304 308 310 1108
809 803 805 806 808 810 811 813 814 1009
1412 1409 1411 1413 1414 1417 1418
156 157 158 159
1105 1100 1102 1103 1104 1106 1107 1109 1110 1384
545 539 540 541 543 547 548 549 551
157 159 161 162 177 230 487 520 604 1136
554 548 552 553 555 556 557 558 559 560
1270 1264 1265 1267 1268 1272 1273 1275
158 161 162 463 713
159 161 162 165 370 452 479
967 962 964 969 970 971 973 1466
862 791 856 857 858 859 860 861 864 865 866 867 868
161 162 165 166 167 263
162 165 166 168 303
177 172 173 174 176 178 179 180 181 183
230 225 226 227 233 234 235 999 1423
487 317 481 482 483 488 490 491 492
520 440 515 516 517 518 519 522 523 524
604 599 602 603 607 609 1102
1136 1130 1132 1137 1138 1141 1288 1317 1319
463 458 459 465 466 467 468 469
713 411 708 709 710 712 714 715 716 719
165 167 168 170 171 1298
370 366 368 372 374 785
452 446 451 453 454 456 458 1251 1486
479 474 475 476 477 478 480 481 483 485 606
166 167 168 169 170 171 172 869 1188 1471 1485
167 168 169 170 171 172 173 594 624
263 259 260 262 264 265 266 267 268 969
168 169 170 171 173 174 316
303 297 298 299 301 302 304 308
169 170 171 172 173 733
580 574 576 577 578 579 582 583 584 586
780 774 775 776 777 783 785 786 1040
1081 404 1075 1076 1077 1078 1079 1083 1085 1399 1463
170 171 172 174 702 991 1377
980 974 975 976 977 981 982 984 985 986
1348 679 1342 1343 1345 1347 1349 1351 1353 1354
171 172 173 174 176 471
1298 1026 1029 1232 1295 1296 1297 1299 1300 1301 1302 1304
172 173 174 176 178
869 864 865 866 868 870 871 873 874 875 1114
1188 1182 1183 1184 1185 1187 1189 1191 1193
1471 1466 1467 1468 1469 1472 1473 1474 1475 1476 1477
1485 697 1157 1355 1479 1480 1484 1487 1490 1491
173 174 178 651
594 588 591 595 596 599 600 752 1092 1139 1392
624 618 620 621 622 623 625 628 629
174 176 178 179 907
316 310 311 314 315 318 319 321 1168 1212
733 727 731 734 737 738 1151
702 696 697 698 699 700 701 704 707 720
991 985 986 987 988 989 992 993 994 996 997
1377 546 990 1375 1380 1382 1466
176 178 180 181 182 334 472 1092 1414
471 465 466 467 468 469 470 472 474 477 813 1176
178 180 181 182 183
651 645 647 649 650 652 653 654 655 656
179 180 181 182 183 427 1282
907 901 903 904 905 909 913 1489
180 181 182 183 185 186 1481
181 183 185 186 1092
182 183 186 187 188 738
334 328 329 331 333 335 336 338 339 340 703
472 466 468 469 470 473 474 475 476 477 1402
1092 1090 1093 1095 1096 1097 1098
1414 1408 1409 1410 1411 1413 1417 1419
183 185 186 187 188 189 1334
427 421 422 423 424 426 428 429 433
1282 1257 1278 1279 1281 1285 1286
185 188 382 563 578 833 981 1026
186 187 188 189 190 191 1125
1481 1475 1476 1477 1478 1479 1480 1484 1487
187 188 189 190 192 193 295 816
188 189 191 192 776 872 1464
738 468 732 736 737 739 741 742 743 744
189 190 191 193 195 347 406
1334 563 772 1319 1332 1333 1336 1337 1340
607 212 601 602 603 606 609
1041 256 1035 1036 1038 1039 1043 1044 1045 1046 1047
382 379 380 381 384 385 386 387 388
563 557 558 559 560 561 562 564 566 568 569
578 573 574 576 579 581 582 583 584 1044 1249
833 827 830 831 832 834 839
981 972 975 976 977 979 982 984 986 987
1026 1020 1023 1024 1025 1029 1030 1031 1032
190 191 193 551 736 997
191 192 193 196
1125 686 875 1119 1122 1123 1124 1127 1128 1129 1130
192 195 196 198 561
193 196 198
295 289 290 291 293 294 298 299 301 458 762 1253
816 810 811 813 814 818 820 822 1108
776 265 553 557 772 774 775 777 779
872 822 866 867 868 870 871 874 875 877 878 1009
1464 559 852 1460 1461 1463 1466 1467 1469 1470
195 196 198 199 200 201 358 1339
347 341 343 344 346 353 368 782
406 400 401 403 404 405 409 412 929 1370
551 503 546 547 548 549 552 553 555 556 557 1457
736 511 731 732 734 737 739 740 741 742 1248
997 606 992 993 994 998 999 1001 1002
196 198 199 200 201 202 282 547 1193
198 199 200 201 202 469
561 556 558 559 560 562 565 566 674 1032
199 200 202 203 311 1116
200 201 202 203 206
501 498 499 502 504 505 506 1384
201 202 203 206 207 224 510
358 352 353 354 355 359 360 362 363 936 1144
1339 990 1336 1340 1342 1343 1345
202 203 206 207 208 1370
282 276 278 279 283 284 285 287 288 498
547 541 543 546 548 549 553
1193 286 453 1187 1191 1196 1199
203 206 207 209 509
321 315 317 319 324 327 956
696 690 691 693 694 695 697 698 699 700 701 871 1109 1130
727 388 723 724 725 726 731 732 1143
469 464 465 466 468 470 473 474 475 665 885 1405
311 206 307 308 310 313 314 315 317 695 804
1116 1110 1112 1114 1117 1119 1440
206 207 208 209 210 212 577 887
207 208 209 1267
224 218 221 222 223 225 226 227
510 504 505 506 508 509 512 513 515 996
208 209 210 212 214 600
1370 1364 1365 1367 1368 1371 1375
209 210 212 214
509 317 503 504 505 508 512 513 515 860
210 212 214 216 900
1033 795 1028 1029 1031 1032 1034 1036 1038
687 681 682 684 685 686 690 691
212 218 701 779
577 571 572 573 574 576 579 581 582
887 882 883 885 888 889 893 1424 1436
1267 1264 1265 1266 1272 1273
214 216 218 823
600 595 596 597 598 599 602 605 606 746 922 999
216 218 222
900 618 895 898 899 901 904 905 906
218 221 222 223 558
701 695 699 703 704 706 707 1244
779 314 598 773 777 782 783 952 1035
823 360 531 818 820 822 825 826 827 828 1128
221 222 223 225 226 227
919 913 915 916 918 920 921 922 923 924 1098 1297
222 225 655
223 225 226 227 1170 1367
1191 621 1185 1186 1189 1408
558 490 552 553 556 557 559 562 564
225 226 227 541 794
1098 285 1093 1095 1096 1099 1100 1104
226 232 1249
704 698 699 703 706 707 708 709 710
1180 867 1175 1176 1177 1178 1181 1182 1183 1184 1185
227 232 233 441 512
655 585 654 1064
1170 1164 1165 1167 1171 1172 1173
1367 440 858 1361 1362 1364 1365 1368
541 535 537 538 539 1260
794 361 788 789 790 791 792 793 798 800 1158
232 233 234 235 237 238
1249 899 916 1243 1244 1245 1247 1251 1254 1255
233 235 238 239 441 527 1275
441 435 437 443 444 445 446 447 1266 1301 1351
512 506 508 511 513 515 517 518 1064
234 237 238 239 240
1091 1085 1089 1090 1093 1095 1096 1097
235 237 238 240
483 477 478 480 481 482 1023
999 993 994 996 998 1000 1001 1002 1004 1005
1423 383 1355 1417 1418 1425 1426 1427 1429
237 238 239 240 243
414 409 411 412 415 417 418 984 1355
238 239 240 241 243 593 1465
239 240 243 244 245 825
527 400 523 524 525 526 528 529 530 1157 1261
1275 1273 1278 1279 1281
240 241 244 245 1216
241 243 245 278 433 1238 1427
447 443 444 445 446 448 449 451 649
755 708 749 752 753 754 758 759 761 1411
243 244 271 830
593 587 588 589 592 595 596 597 599 1039 1186
1465 868 1460 1462 1466 1467 1468 1469 1470
244 807
245 251 1153 1424
825 535 822 826 827 828 829 830
1216 1210 1211 1212 1213 1214 1217 1218 1219 1221 1222
278 273 274 279 283 284 482 680
433 428 429 434 435 437 439 804 1283
1238 1103 1232 1234 1237 1239 1241 1242 1243 1314
1427 1422 1424 1425 1428 1429 1430 1431 1433
271 265 266 267 268 270 273 276 532 947
830 304 826 827 828 829 834
807 801 803 804 805 806 808 810 811 813
251 252 256 257 933 1232
1153 1148 1151 1154 1156 1158
1424 1327 1418 1419 1422 1425 1426 1428 1429 1430
252 254 256 257 258 294 455 714 1470
302 297 298 299 301 304 307 308 506
315 310 312 313 314 317 318 319 633 743 928
928 443 488 922 923 924 927 929 933 934
1352 1347 1349 1351 1353 1355 1357
253 254 256 257 258 259 380
971 585 966 969 970 972 973 975 976 977 1363
254 256 257 259 260
389 259 383 384 385 387 388 390 392 395
1489 1389 1484 1490 1491 1492
256 258 259 262 482
774 771 772 773 775 1219
257 258 259 260 262 603
933 906 927 929 931 934 935 936 938 939
1232 258 1227 1228 1229 1230 1231 1234 1236 1237
258 259 260 262 264 641 785
294 288 290 291 292 293 297 299
455 449 450 451 453 454 458 459 970
714 708 709 710 711 712 715 716 719 720
1470 515 1466 1467 1468 1469 1472 1473 1474 1475 1476
259 260 262 264 265
380 377 378 379 385 386
260 262 264 265 266
262 264 265 266 267 631
482 476 477 478 480 481 485 870
603 298 597 598 599 601 602 609 741
264 265 266 267 268 270
641 638 639 640 642 643 644 645 647
785 573 782 783 786 787 788 789 791
265 266 267 268 270
266 267 268 270
267 268 270 273 880
448 443 444 446 449 450 451 453 454 763
631 384 625 628 633 637 737 1311
268 270 274 1004 1248
969 848 970 972 973 974
270 759 808
273 274 276 279 283
880 874 875 877 878 882 883 884
274 276 279 588 826 1119
1004 893 998 1000 1001 1002 1005 1006 1008 1009 1010
1248 1242 1243 1244 1245 1251 1252 1253
567 562 564 565 566 568 569 570 571 572 573
675 672 673 674 677 679 680 681 1181
1223 1008 1218 1221 1222 1224 1228 1229 1457
759 754 756 757 758 761 762 763 764 929 1326 1403
808 803 804 805 813 814 1052 1368
276 279
532 298 503 530 531 533 534 536 537 569 1029 1108
947 901 941 942 945 948 949 950 951 952 953
1177 1171 1173 1176 1178 1181 1182 1183 1253
1258 658 1252 1253 1255 1257 1259 1260 1261
1315 1309 1310 1311 1312 1314 1316 1317 1318 1319 1320 1321
279 283 285 530 732
283 284 285 287 288 289 459
588 582 583 584 585 586 587 589 591 592
826 820 828 829 831 832
1119 1114 1115 1122 1123 1124 1279
1109 465 1042 1103 1106 1108 1110 1115
1207 426 1102 1187 1202 1203 1204 1206 1208 1211 1212 1436
686 680 681 682 685 688 690 691 1356 1479
782 747 777 787 788 1049
1429 773 810 1425 1428 1430 1431 1432 1433 1434
284 285 286 287 290 560
680 674 677 678 679 681 683 684 685
285 286 287 288 289 290 291 806
530 524 525 526 528 529 531 533 534 535 536
732 354 726 731 734 773
286 287 288 289 290 291 292
287 288 289 290 291 292 293
288 289 290 291 292 293
498 492 494 499 502 503 504 609
289 290 291 292 293
459 453 454 456 458 462 464 465 1175 1293
290 291 292 293 312 1000 1393
560 555 556 557 562 564 565 566 904
291 292 293 297 1024
806 800 801 804 805 811 1021
292 293 297 1228
293 297 298 299 1073
312 307 308 313 314 317 548
1000 915 994 1001 1002 1005
1393 1151 1388 1390 1391 1395 1396 1397 1398 1399
297 301 396
1024 1019 1021 1028
1228 1222 1224 1227 1229 1230 1231 1234
298 299 304 633 855 1244
299 301 304 882
1073 1067 1068 1069 1072 1074 1075 1076 1078 1079
301 304 307 1199 1244 1261
458 453 454 462 464
762 757 758 761 763 764 767
1253 763 895 1247 1251 1252 1254 1255 1257 1259
396 390 392 395 398 399 401 1156
304 307 308 310
633 385 629 635 637 638 639
855 614 850 851 857 858 859 860 861
1244 864 1239 1241 1243 1245 1247
882 415 877 879 883 884 885 888 942 1365
873 867 868 870 874 877 879
904 899 901 903 905 906 909
307 308 310 475 1428 1452
1199 1032 1196 1198 1200 1201 1202 1203
1261 367 1255 1257 1259 1260 1264 1265 1266 1332 1337
308 314 1054
506 502 504 505 508 511
310 313 1096 1284 1293 1333
1108 924 1102 1104 1106 1107 1110 1112 1371
984 828 979 982 985 988 990
475 413 473 474 480 481
1428 1422 1425 1426 1430 1431 1432 1433 1434
1452 811 1272 1448 1450 1455 1456 1457
314 313 317 318
1054 1049 1053 1055 1057 1059 1060 1436
313 317 318 639
605 599 601 602 606 609 1461
1096 678 1090 1093 1095 1097 1100 1102
1284 746 758 1278 1283 1285 1286 1290
1293 1288 1290 1294 1296 1297 1343
1333 332 1038 1327 1329 1331 1332 1336 1488
317 318 1042
695 454 690 693 694 698 699 700
804 798 799 801 803 805 810
548 546 549 552 553 1245
318 319 324 583 1214
639 424 637 638 640 642 644 645 1176
319 324 553 682 922
743 737 739 740 742 744 746 747 748 749 1077
1168 946 1165 1172 1173 1260 1384
1212 1206 1208 1210 1211 1214 1217 1218 1473
1042 592 1038 1039 1040 1043 1045 1046 1047
324 327 328 841 1046
583 438 579 581 582 584 585 586 589 848
1214 1208 1209 1210 1213 1217 1218 1219
553 549 552 556 557 851
682 676 678 681 683 684 685 688
922 916 918 920 921 924 1095
340 335 336 337 338 339 341 342 343 344 345 346
327 328 331 332 333 748 1448
956 454 950 951 952 953 954 957 958 959 961 962
328 329 331 332 333 1030
329 331 332 333 335 421
841 719 840 842 843 845 846
1046 913 948 1040 1043 1044 1045 1047 1049 1050 1052
331 332 333 335 337 764
332 333 335 336 337 338 744
1375 1371 1378
333 335 336 337 338 339 1036
748 606 742 744 746 747 749 750 752 753 754
1448 568 1442 1445 1447 1450
1030 361 568 599 857 1025 1028 1029 1032 1034 1035
335 336 337 339 341
421 415 417 418 424 426 723
336 338 339 341 342
799 793 795 798 800 801 803 805
1461 1439 1456 1460 1462 1463 1467
337 338 339 341 342 343 1057
764 518 758 761 763 767 1268
338 339 341 342 343 344 1492
744 734 740 741 742 746 749 750
339 341 342 343 344 345
1036 367 1031 1034 1035 1039 1040
703 697 698 700 706 707 708 709 932
341 342 343 344 345 346
342 343 344 345 346 1128
343 344 345 409
1057 789 1052 1053 1055 1058 1060 1061 1313
344 345 346 791
1492 1487 1488 1490 1491
345 346 1296
346 352
1128 987 1123 1124 1129 1130
409 403 404 405 407 412 413
791 787 788 789 790 792 793
1296 1290 1292 1294 1295 1297 1299 1300 1302
352 353 354 355 437
353 354 355 356 359 1383
368 362 363 365 367 369 372 374
354 355 356 359 360
668 411 664 665 671 672 673 674
978 972 973 974 975 976 977 979 982 1047
1176 1171 1172 1175 1178 1181 1182
355 356 359 361 476 1103 1268
356 359 361 362 477
977 972 973 974 975 976 979 982
1446 1255 1440 1442 1445
437 423 434 435 438 440 443
359 360 361 363 365 521
1383 381 573 1378 1380 1382 1384 1385 1386 1389
360 362 363 365 366
361 363 365 366 367 601 918 962
476 470 473 474 477 478 480 481 923
1103 941 1097 1099 1100 1102 1104 1106 1107
1268 1264 1265 1272 1273
362 363 365 366 367 515
477 383 473 474 478 480 481 676
363 365 366 367 369
473 467 470 478 1020
936 931 932 934 935 938 939 940 941
1144 411 1138 1139 1140 1141 1143 1145 1148
365 366 367 369 789 1082 1340
521 515 516 517 518 519 522 523 524 525 1219
366 369 372
367 369 372 374
601 596 598 599 602 606 920 1356
918 912 913 920 921 923 924
962 444 958 959 964 966 1330
515 511 513 516 518 519
369 372 374 1132
789 786 787 788 790 792 793 795 1283
1082 970 1076 1077 1078 1079 1083 1084 1085
1340 877 1336 1341 1342 1343 1345
372 374 377 378
374 377 378 379 690
1132 884 1129 1137 1138
377 378 381 383
1161 831 1155 1156 1157 1158 1160 1162 1164 1167
378 381 384 596 1061
379 381 383 384 385 1479
690 684 685 688 691 693 694 1363
381 384 385
383 384 385 387 1044
740 734 737 739 741 746
1078 1072 1074 1075 1076 1079 1083 1084
384 385 386 387 388 884
596 591 592 595 597 598 599 602
1061 1055 1058 1059 1060 1063 1064 1067
385 386 387 388 390
1479 1473 1476 1477 1478 1480 1484
386 387 388 390 392 790 951 1196 1477
387 388 390 392
388 390 932 1397
1044 1038 1039 1043 1045 1047 1050
884 828 878 879 883 885 888 889
390 392 395 945
392 395 398 449
790 621 786 787 788 792 793 795
951 803 945 949 950 952 953 955 957 1487
1196 1198 1200 1201 1202
1477 773 1472 1473 1474 1475 1476 1478 1480
932 852 927 929 934 935 938 1405
1397 1115 1221 1309 1391 1395 1396 1398 1399 1400 1401 1402 1403
395 398 400 401
945 939 941 946 948 949 950
398 399 400 403 404 1290
449 444 445 446 450 453
451 445 446 450 453 454 456 864 1100
400 399 404 405
401 399 403 404 405 407
399 404 1099 1211
1156 584 746 1151 1155 1157 1158 1160 1162 1221
403 404 405 407
478 474 480 481 678
1276 724 982 1272 1273 1278 1279
404 405 407
1290 411 1279 1285 1286 1292 1294 1295
1099 699 1093 1095 1097 1100 1102 1104
1211 1206 1208 1209 1213 1236
405 407 411 1089
407 411 412 413
411 415 416 979
1089 1083 1084 1085 1090 1093 1095
412 415 416 417 418
929 923 924 927 931 1254
413 416 417 418 699 998 1025
415 417 598 709 1294
416 417 418 422
1224 953 1221 1222 1227 1229 1410
1325 777 1320 1321 1324 1326 1327 1329 1330
979 756 973 974 975 985
417 422 423 534 1486
418 422 423 424
699 693 694 697 698 700 879 1487
998 992 993 994 1001 1002
1025 697 1019 1020 1021 1023 1028 1029 1031 1221 1389
1355 488 1349 1351 1353 1354 1356 1357 1361
598 592 595 597 599 602 683 846 993
709 706 707 708 710 711 712 715
1294 1288 1295 1297 1299 1300
422 423 424 426 428
423 426 428
534 528 529 531 533 535 536 537 538 539 878
1486 1185 1484 1487 1488 1490 1491
424 426 428 429 1013
426 428 429
723 719 720 724 725 726
428 429 434
429 434 435 909 964
1013 1008 1009 1010 1011 1012 1014 1016 1433
434 438 439 440 572
435 438 439 440
909 579 903 911 912 1053
964 958 959 961 966 970
724 719 720 725 726
1069 1063 1064 1067 1068 1072 1074 1075 1480
439 438 440 443 444 446
1283 1278 1281 1285 1286 1288
438 440 443 444 916
440 443 444 445 446
572 566 568 569 571 573 574 576 1432
1318 1312 1313 1314 1317 1319 1320 1321 1324
443 444 445 446
444 445 446 450
916 911 912 913 920 921
446
445 450
1266 676 1260 1264 1265 1272
1301 829 924 1297 1299 1300 1302 1304 1306 1467
1351 1345 1347 1349 1353 1354 1356
450 453 456
649 592 644 645 647 648 652 773 1053 1316
453 454 456 954
454 456 546 582 1480
763 757 761 767 768
456 462
864 858 860 861 865 866 867 868 870
1100 1095 1097 1102 1104 1106
1251 1245 1247 1252 1254 1255 1257
954 481 948 950 952 955 957 958 959 1365
546 552 805 961
582 576 579 581 584 585 586 587
1480 970 1474 1475 1476 1484
970 966 972 973 974 975 1182
462 465 466 467 468 935
1442 810 1436 1438 1439 1445 1447
464 466 467 468 470 1185
465 466 467 468 470
1175 539 1173 1178 1181
466 468 470
1058 1052 1053 1055 1059 1060 1063
467 468 470 829
468 470 474
935 931 934 938 939 940 941 1475
470 474
1185 491 1181 1183 1184 1186 1187
829 827 828 831 832 834
474 480
665 664 667 671 810
885 879 883 888 889 1059
1405 1399 1400 1403 1404 1408 1409 1410 1411
813 810 811 814 818
1402 1396 1398 1399 1400 1401 1403 1404
1020 1005 1014 1016 1019 1021 1023
480 481
481 485
923 920 921 924 927 1279
676 671 672 673 674 677 678 679 681 1364
678 672 673 674 677 679 681 683 684 1059
485 488 490 491
606 602 609 1438
870 865 866 867 868 871 874 875 906
1023 1019 1021 1028 1029
488 490 491 492
490 491 492 494 1074
905 899 901 903 906 1217
491 492 494 949 987
492 494 1064 1123
1473 1467 1468 1469 1472 1474 1475
494 499
1074 1068 1072 1075 1077 1079 1319
949 944 946 948 950 953 955
987 609 985 988 989 990 992 993
1064 1059 1060 1063 1067 1068
1123 911 1117 1122 1124 1129
499 502 503 504 505
944 647 939 940 941 942 946
994 988 989 990 992 993
1031 1029 1032 1034 1035 1304
1084 1079 1083 1085 1090
1090 750 1085 1160
502 503 504 505 508
658 652 653 654 664
503 504
693 688 694 697 698
504 505 508 1455
609 614
505 508 511 1426
1319 1313 1314 1316 1317 1320 1321 1324
1384 555 931 1380 1382 1385 1386 1388 1389 1390
508 511 513
1455 1167 1450 1457 1460
511 513 516 517
1426 1425 1430 1431 1432
513 516 517 518 519 1102
860 851 857 858 859 861 866 972
996 990 992 1001 1002
516 517 518 519 522 972
517 518 522 851
518 519 522 524
519 522 523 524 525 1366 1456
1102 1097 1104 1107
522 523 524 525 526 528
972 747 973 975 976
851 543 846 848 850 852 856 857
524 523 525 526 528 529 771
523 525 526 528 529 1127 1430
525 526 531 832
1366 1361 1362 1363 1364 1365 1368
1456 562 1450 1457 1460 1462
1219 1213 1217 1218 1221 1222
526 528 529 531 1302
528 529 531
529 531 533 535 1189 1395
1127 1124 1129 1130 1200 1467
1430 1425 1431 1432 1433 1434
771 650 768 772 773
531 533 535 536 537
832 831 1439
1302 1160 1297 1299 1300 1304
1157 1137 1154 1158 1160 1255 1457
533 535 536 537 538 539 1320
535 536 537 538 539 540 846
1189 1183 1184 1186 1187
1395 889 1390 1391 1392 1396 1398 1399 1400 1401
536 537 538 539 540 861
537 538 539 540 543 856 1365
569 564 565 566 568 570 571 573 574 768
1029 1006 1028 1032 1034 1035
538 539 543
539 540 543
1320 1316 1321 1324 1326
878 793 875 877 883
540 543 756 858
846 840 842 843 845 850 852 1330
861 856 857 858 859 865 866 867
543 549 1286
856 820 850 852 857 858 859
1365 1361 1362 1364 1371
756 750 752 753 754 757 758 761
858 852 857 859 1418
1260 1257 1259 1264
1002 1001 1005 1006 1008
549 552 555
1286 1281 1285 1288 1292
1006 571 1001 1005 1009 1010 1011 1012
552 555 556 1385 1438
805 800 801 810 953
961 772 955 957 958 959 966
1245 1239 1242 1243 1247
555 556 557 559
556 557 562
557 559 562
1457 568 1460 1462 1463
1385 1075 1380 1386 1388 1390 1391
1438 1432 1433 1434 1436 1439 1440
559 562 564 565 647
562 564 565 568
564 565 566 568 570
565 568 570 571
647 642 643 644 645 648 650 653
566 568 570 571 1053 1085
674 671 672 673 677 1145
1032 1028 1034 1035 1038
568 570 571 573 574 1083
570 571 573 574 576 831
571 573 574 576 1060
1053 1047 1049 1052 1059 1155 1431
1085 1079
573 574 576 579
574 576 579
1083 1077 1079
768 716 731 767 772 773
576 579 581
831 827 828
1060 1055 1059 1063
1432 1049 1431 1433 1434
579 581 584 585
581 584 585 586 587
1311 842 1203 1306 1309 1310 1312 1313 1314 1316 1317
584 585 586 589 638
585 586 589 591
586 587 589 591 592 1252 1425
587 589 591 592
589 591 592 595
848 842 843 845 850 1008 1167
638 635 637 640 642 643 644
591 592 595 597
592 595 597 1484
1252 664 1072 1247 1254
1425 1431
595 597 653 1484
597 602 1239
1484 1478 1488 1490
599 602 752 957
1039 1034 1035 1045 1162 1242
1186 1181 1182 1183 1184 1187
752 747 749 750 754 757 758
1139 1137 1138 1140 1141 1143 1145
1392 912 1386 1388 1389 1390 1391 1396 1398
653 648 650 652 654 656
602
1239 635 1234 1236 1237 1241 1243
683 677 679 681 684 685 688
993 988 989 990
957 643 952 953 955 958
746 741 742 750
920 924
1356 1353 1354 1357 1361 1362
741 737 739 742 747 889
793 792 798
852 850 857 1208 1371
614 616 618 620
616 618 620 621 622 877
618 620 621 622 623 1049
620 621 622 623 626
621 623 843
622 623 625 626 628 901
877 871 875 879 883
623 625 626 628 1386
1049 1043 1045 1047 1050 1052 1055
874 868 879
958 952 959
626 625 628 629
843 839 840 842 845
625 628 629 1257
628 629 643 1386
901 895 898 899 903 1063
1386 1380 1382 1388 1389 1390 1391
629 635 895
1257 1255 1259 1336 1433
643 637 640 642 644 645 648
635 637 640 1158
895 889 893 894 899
637 640 642 810 1043
737 731 734 739 742
640 642 644 645 1254
1158 894 915 1160 1162 1164
642 644 645 648
1331 1326 1327 1329 1330 1332 1336 1337
810 811 814
1043 1038 1040 1045 1047
644 645 648 650 1110
645 648 650
1254 1255 1259
648 650 652 654
650 652 654
1110 711 1104 1106 1107 1114 1115 1279
652 654 656
654 656
773 767 772 775 777
1316 1310 1312 1313 1314 1317 1321
656
664 667
1364 1359 1361 1362 1363 1368
1450 1072 1447
667 671 672 673 974
1008 1005 1009 1011 1012 1014
1204 1198 1200 1201 1202 1203 1206 1208 1209 1210
671 672 673 677
672 673 677
673 677 679 827 1217
974 973 975 976
1164 1162 1165 1167
1299 1295 1297 1300 1304
677 679 681 1359
679 684 685
827 822
1217 1213 1222
1145 1140 1141 1148 1151
681 684 685 1206 1488
1181 1178 1183 1184 1187 1329
1359 716 1353 1354 1361 1362 1363
684 685
1059 1063
685 688 691
1206 1200 1201 1202 1203 1208 1209 1210
1488 1487 1490 1491
688 691 694 955
691 694 697
694 697 698 700 868
955 950 952 953 959
1208 1202 1203 1213
1363 1357 1362 1368
697 726
698 700 726
700 706
868 865 866 867 871
871 865 866 867 875
1130 1124 1129
726 720 725 731 1055 1347
879 875 883
1487 1490 1491
706 707 708 710 711 712
707 710 711 712
720 715 716 719 725
708 710 711 712
710 711 712 715 716
711 712 715
712 715 716
715 716 719
716 719
719 725
725 731
1279 1273 1278 1281 1285
731 734
1055 1050 1052
1347 950 1341 1342 1343 1345 1349 1353
1143 1137 1138 1140 1141 1148
734 739
946 940 941 942 948 950 952
1151 1038 1148 1155
739 742
742 747
747 749 750 753
889 883 893 894
749 750 753 754
1077 1072 1075 1076 1107
750 753 754 1362
1213 1209 1210 1218
753 754 757 758
754 757 758
1362 1357 1368
757 758 761 939
758 761 834
761 767
1411 1408 1409 1410 1417
939 934 938 940 941 942
834 820 828 840
1326 1321 1324 1327 1330 1332
1403 1398 1399 1400 1401 1408 1409
767 772
772 775 777 1288 1460
775 777
777 783
1288 1285 1292
1460 1462 1463 1466
783 787 788 1173
952 948 953
1035 1034 1038 1040
786 787 792 1097
1040 1038 1045 1237 1241
787 788
1182 1178 1183 1187
788 792 1255
1173 1167 1171 1172 1178
921 915 924 927
792 795 798
1097 1093 1095
1255 1259
795 800 801
798 800 801 803
800 801 1378
801 803
803 1295
966
1378 1380 1382
1401 1396 1398 1399 1400 1404
1295 1292 1297 1300 1419
953 948 950 959
811 814
1021 1016 1019
814 818 820
1052 1047 1050 1413
1368
1009 1005 1010 1011 1012 1014
818 820 1230
820 822 1050 1463
822 828 1011
1354 1349 1353 1357
1230 1227 1229 1231 1234 1236
1050 1045 1047
1463 1462 1466 1467 1469
1467 1462 1466 1468 1469
828 1281
1011 1005 1010 1012 1014 1016 1413
1281 1278 1285
1439 1433 1434 1436 1440 1445
839 840 842 845
840 845 1184
842 845 1222
1330 1324 1327 1332 1336
845 850
1184 1178 1183 1187
1222 1227 1278
850
1167 888 1162 1165 1172
1016 1010 1012 1014 1019
857 859 1447
1371
859 865
1155 1154
1410 1404 1408 1409 1413
1447 1117 1332
1418 1107 1413 1419 1422
865 866 867
866 867
867
875
1114 1112 1115 1117
906 911 912
1422 1178 1417
883 888
888 893 894
942 938 940 941 948
893 894 898 899 976
1436 1431 1433 1440
894 898 899
1445 1440
898 899 903
899 903
976 973 975 982
903
1063 1067
911 912 913 915
912 913
913 915
915
924 927
1297 1292
927 931
1095 1093
931 934
934 938 940
1112 1106 1107 1117
938 940
940 941
941
1475 1469 1472 1474 1476
948 950
950
959
989 986 988 990 992
973 975
1466 1292 1462 1468 1469 1472
975
982 985 988
1047 1045
985 986 988
986 988 990 992
988 990 992
990 992
992
1001 1005
1343 1337 1341 1342 1345 1349
1005 1010
1076 1075 1079
1010 1012 1014
1012 1014
1014 1019
1413 1408 1409 1417 1419
1433 1431 1434
1019 1160
1304 1306 1310
1160 1154 1162 1165
1028 1034
1221 1218 1227
1389 1388 1390 1391
1034 1038 1398
1038
1398 1138 1396 1399 1404
1045 1472
1162 1138 1165 1468
1242 1236 1237 1241 1243 1247
1237 1231 1234 1236 1241 1243
1241 1236 1243 1247
1472 1468 1469 1474 1478
1431 1434
1313 1309 1310 1312 1314 1317
1067 1068 1072
1068 1247
1072 1075
1491 1490
1247 1243
1075 1079
1079
1107 1104 1106
1278 1273
1399 1396 1400 1404
1093
1200 1198 1201 1202 1203
1104 1106
1106
1115 1117
1117 1122
1440 1434
1122 1124
1124 1129
1129
1137 1138 1140 1141
1138 1140
1140 1141
1141
1317 1312 1314
1148 1154
1154
1165 1171
1468 1462 1469
1171 1172
1172 1178
1178 1183
1183 1187
1187
1329 1327 1332
1349 1345 1353
1408 1404 1409
1198 1201 1202 1203
1201 1202 1321
1202 1203
1203 1209
1321 1324 1327
1209 1210
1210 1265
1265 1259 1264 1357
1236 1231 1234
1218
1227 1229
1229 1231 1234
1231 1234
1234
1243
1314 1309 1310 1312
1259 1264
1336 1332 1341 1342
1264
1332 1327 1337
1337 1341 1342 1400
1357 1353 1361
1272 1273
1273
1285
1292
1300 1306
1419 1417
1306 1310 1312
1309 1310 1312
1310 1312
1312
1324 1327
1327
1341 1342 1345
1342 1345
1400 1396 1404
1345
1353
1361
1380 1382 1409
1382 1388
1409 1404
1388 1390 1391
1390 1391 1396
1391 1396
1396
1404
1417
1434
1462
1474 1469 1476 1478
1469
1476 1478
1478
1490
