0 1 2 3 1997 1999
1 3 4 1998 1999
2 3 4 5 92 1999
3 4 5 6
1997 86 942 1998 1999
1999 1996 1998
4 6 7 1447 1618
1998 1253 1995 1996
5 6 7 8 42
92 89 91 93 94 1308 1810 1832
6 7 9 960
7 8 10 561 659
1447 1444 1446 1448 1450
1618 140 1616 1619 1620
8 9 11 773
42 39 40 43 44 45 1885
9 11 12
960 388 957 958 961 963
10 12 13 1333 1871
561 559 560 562 563 564 1918
659 656 658 660 661 662
11 12 13 14
773 770 771 772 774 776
12 13 14 15
13 14 15 16
1333 1330 1331 1332 1336
1871 447 1229 1868 1870 1873 1874
14 15 16 17
15 16 1661 1970
16 17 18 19 175
17 18 20 351 1715
1661 1659 1660 1662 1663 1664
1970 1958 1967 1968 1972 1973
18 19 20 281
19 20 21 22
175 172 174 176 178 1101
20 21 22 23
351 348 349 352 354 910
1715 1712 1713 1714 1716 1717 1718
281 279 280 282 283 1589
21 22 23 145 244
22 24 25
23 24 25 26 1036 1375 1413
145 142 143 144 146 148 1055 1268
244 241 242 243 245 699
24 25 26 27 568
25 26 27 28 1275
26 27 48 1953
1036 1033 1037 1038 1039 1437
1375 72 1373 1376 1377 1378
1413 1412 1414 1415 1416
27 28 29 30
568 29 565 567 569 570
28 30 31
1275 417 1272 1274 1276 1277 1278
48 45 47 49 51
1953 1950 1951 1954 1955 1956
29 30 31 32 75 148 477 663 1971
30 31 32 33
31 32 33 34
32 33 34 1111
75 72 73 76 77 78 1164
148 146 147 149 150 151
477 474 476 478 479 480 1355 1804
663 660 661 662 664 665 666
1971 1972 1973 1974
33 34 35 36
34 35 37 1720
1111 412 1108 1109 1110 1113 1114
35 36 37
36 37 39 327 1977
37 39 40 221 230
1720 1638 1717 1718 1721 1722 1723
39 38 40 41 121
327 324 328 329 330
1977 204 1974 1978 1979 1980
40 38 41 43 614 754
221 219 220 222 228 1238
230 227 228 229 231 232 233
38 41 125
41 43 44 220
125 122 123 124 126 127 128
121 119 122 123 124
43 44 45 46
614 611 612 613 617
754 228 417 751 752 756 1154
44 45 46 47
220 217 222 767
45 46 512 1348
1885 1067 1265 1827 1883 1884 1886 1887 1888
46 47 49 705 848
47 50
512 510 511 513 514 515
1348 1205 1346 1347 1349 1350 1351 1794
49 50 51 1579 1597
705 702 703 704 706 707 708
848 462 846 847 849 850 851 1082
50 51 52 53 1535
51 52 53 54 1133
1579 901 1577 1578 1580 1581 1582
1597 1594 1595 1596 1598 1599 1600
52 53 54 55 265 416
53 54 55 56 1785
1535 1533 1537 1538
54 55 56 57
1133 797 1130 1131 1135 1136 1238
55 56 57 58 1471
265 263 264 266 267 268 914
416 413 415 417 418 1140
56 57 1246
1785 1783 1786 1788
57 59 1128 1560
58 61 199
1471 496 945 1470 1472 1473 1474
1246 538 1243 1244 1245 1247 1248 1249
59 61 62 615 1100
1128 1125 1127 1129 1130 1131 1484
1560 1066 1396 1557 1558 1559 1562 1563
61 63 64 1843
199 197 198 200 201 202 299 1985
62 60 63 64 65 1931
615 613 616 617 618 1073 1203
1100 1097 1098 1099 1101 1102 1103
60 274 679 950
274 271 272 275 276 277 482 1132
679 234 676 677 678 681 682 1846 1911
950 671 947 948 949 952 953 1842
63 65 66 857 1404
64 65 66 676 699 1855
1843 1065 1841 1844 1845 1846
65 66 67 369 1373 1396
1931 1568 1928 1929 1930 1932 1933 1934
66 67 68 69
857 854 856 858 859 860
1404 1402 1403 1405 1406 1407
676 674 675 677 678
699 696 697 698 700 701 1007 1724
1855 1852 1853 1854 1857 1858
67 68 69 70 577
369 366 370 371 372 832 907
1373 1370 1371 1372 1376
1396 539 1394 1395 1398 1399
68 70 71 1964
69 70 71 72 1571
70 72
577 574 576 578 579 580
71 72 73 74 186 1313
1964 1961 1962 1963 1965 1966 1967
72 73 74
1571 1569 1572 1573 1574
73 74 636 837
74 76 1231
186 183 185 187 188 189
1313 133 379 492 809 1221 1310 1311 1312
636 142 633 635 637 639 1508
837 835 836 838 839 840 1189
76 78 394 1203
1231 1047 1228 1229 1233 1234
77 78 97 914 1001
78 627
1164 1162 1163 1166 1167
394 84 391 392 395 396 397
1203 1041 1200 1201 1202 1204 1205 1206
97 94 96 98 99 840
914 912 915 917 1490
1001 998 1000 1002 1003 1004
627 624 626 628 629 630 1158
79 80 82 1696
80 81 82 83 156 278
82 81 83 85 202 439
1696 817 1693 1694 1697 1698 1699
81 83 84 308 353 1202
83 84 85 86 1276 1353
156 153 154 155 157 158 159 1356 1445 1923
278 275 276 277 279 280 522
84 85 86 1288
308 306 309 310 311
353 176 350 352 355
1202 762 1199 1204 1857
85 86 87 88 922 1286
202 201 203 204 205 811
439 437 438 440 442
86 87 88 89 374 404
1276 190 1273 1274 1277 1279
1353 1350 1351 1352 1354 1355
1288 1285 1286 1287 1289 1290 1291 1354
87 88 89 90 710 911
88 89 90 91 714 1901
922 464 919 920 923 924 925
1286 1284 1285 1287
89 90 91 1044
374 371 373 377
404 402 403 405 406 407 505 1816
90 91 93
710 707 709 712 713 810
911 908 909 910 912 913 1068
91 93 94
714 713 716 717 1082 1497 1525 1639 1683
1901 1898 1899 1902 1903 1904
1044 1042 1043 1046 1047 1892
93 94 95 1213
94 95 96
1308 1305 1306 1307 1309 1310 1311
1810 1808 1809 1811 1812 1813 1905
1832 1311 1829 1830 1831 1833 1834 1835
95 96 98 1182 1549
1213 472 882 1210 1214 1215 1216 1426
96 99
98 99 100 101 778 853
1182 174 1179 1180 1181 1183 1185
1549 1546 1547 1548 1550 1551
99 1210 1412
840 736 838 839 841 842 843
100 101 102 1575
101 102 104
778 775 776 780 781
853 850 851 852 854 856
1210 1209 1211 1212
1412 1409 1410 1411 1414 1415
102 103 104 105 1338
1575 1573 1574 1576 1577 1578
104 103 105 106 545 1047
103 105 106 225 1059
105 106 107 108
1338 1054 1335 1336 1337 1339 1340 1694
106 107 109 1436
225 222 223 224 226 227 228 1208
1059 431 529 982 1056 1057 1058 1061 1062
545 276 543 546 547 548 899 1061 1488
1047 1048 1049 1050 1397
107 108 109 110 1027
108 109 110 111
109 110 112
1436 855 1102 1434 1435 1437 1438
110 111 112 113
1027 1024 1025 1026 1028 1939
111 113 114 1671
112 114 115 258 733 760
113 114 116
114 115 116 723 1755
1671 223 1668 1669 1670 1672 1673 1674
115 116 117 118 958 1093
258 170 255 256 257 260 261 717 1870
733 389 732 734 735 736 1336
760 757 758 759 761 762 763
116 117 118 119
723 678 720 721 722 745
1755 1754 1756 1757 1758
117 118 119 120
118 119 120
958 955 956 957 959 961
1093 1090 1091 1092 1094 1096
119 120 122 1071 1268
120 122 123
122 123 124 336
1071 1068 1070 1074
1268 1266 1267 1269 1270 1271
123 126
124 126 127 1208 1565
336 333 334 335 337 338
126 128 129 151
127 128 129 130 1790
1208 1205 1206 1207 1209 1211
1565 322 793 1562 1563 1566 1567
128 130 131
129 131 1657 1957
151 149 150 153 1839
130 131 132 133 459 920
1790 1788 1791 1792 1793
131 132 133 134 1423
1657 1654 1655 1658
1957 1954 1955 1956 1958 1960 1993
132 134 135 1130
133 135 136 514
459 457 460 461 462 700 1034
920 918 919 921 1589
134 135 137 1405
1423 654 1422 1425 1426 1529
135 136 137 138
1130 1127 1129 1131 1132 1410
136 137 138 139 1935
514 511 513 515 516 517
137 138 139 140
1405 1402 1403 1406 1407 1408
138 139 140 141
139 140 141 142 539
1935 1786 1869 1932 1933 1934 1936
140 141 143 455
141 142 143 144
142 143 144 526 1045 1531
539 285 536 537 540 542
143 144 146 1179
455 452 453 454 456 457
144 146 147 1230 1556
526 523 524 527 529 693
1045 592 1042 1048
1531 1528 1529 1530 1533 1534
146 147 149
1179 1176 1178 1181 1364
147 149 150
1230 785 1227 1228 1232 1233 1551
1556 1553 1554 1555 1557 1559
1055 1052 1053 1054 1056 1058
149 150 152
150 152 153 1858
152 153 155 727
153 154 155
1858 1856 1857 1860 1861
1839 1836 1837 1838 1841 1842
155 154 157 158
727 725 726 728 729 730 1266 1421
154 157 489 1070
157 158 159 160 1737
489 486 487 488 491 492 1807
1070 1067 1068 1069 1072 1161
158 159 160 161
159 161 162 1257
1356 1155 1354 1355 1358
1445 277 348 907 1442 1448 1757
1923 757 1408 1921 1922 1925
160 161 162 163 236
1737 1734 1735 1736 1739
161 163 164
162 163 164 165 1574
1257 1254 1255 1258 1259 1260
163 164 165 166
236 233 234 237 238 239
164 165 166 167 257 1922
165 166 167 168 197
1574 1331 1572 1573 1576 1577
166 167 168 825
167 168 169 170
257 254 256 1896
1922 1920 1921 1924
168 169 170
197 194 195 196 200
825 822 823 824 827 828 938
169 170 171 172 1528
170 171 173 588
171 172 173 174 1224 1722
172 173
1528 1526 1527 1530
173 174 176 682
588 585 586 587 590 591 1150
174 176 177
1224 1221 1222 1223 1225 1226 1227
1722 391 535 1719 1721 1723 1724 1887
176 177 179 1587
682 680 681 683 684
177 178 180
178 179 180 181 662 1439
1101 542 1098 1099 1104 1421
179 182 432 587 730 1095 1667
1587 229 674 891 1584 1585 1590
180 182 183
181 182 183 184 1031 1703
662 661 665
1439 1351 1437 1438 1441 1787
182 184 185 924
432 429 431 433 434 1115
587 584 585 586 589
730 728 729 731 732
1095 1094 1096 1097 1098
1667 1488 1665 1666 1668 1669 1670
183 184 185
184 185 187
1031 1029 1030 1032 1033 1034 1642
1703 1700 1701 1702 1704 1706
185 1411 1679
924 925 926 927 1183
187 188 190
1411 1290 1409 1410 1414 1903
1679 560 1177 1296 1676 1681 1682
188 189 190 1705
189 190 191 192 468 552 1778
190 192 193 1280
1705 871 1011 1702 1704 1707 1708
191 192 193 194 774
192 193 195 410
468 465 466 469 744 1346 1920
552 549 551 553 554 555 794
1778 1611 1775 1776 1777 1779 1780
193 194 196 1023
1280 1277 1279 1281 1282 1283
194 195 196
774 771 775 777
195 196 198 822
410 201 408 411 413 912 1751
196 198
1023 1020 1021 1022 1024 1025 1682
198 200 201
822 819 820 823 824
200 201 203 823 1217
201 203 204
299 296 297 300 302 1334
1985 376 596 863 1982 1983 1984 1986 1988
203 205 206 1406
823 821 824 826 1211
1217 1215 1216 1218 1219 1220
204 205 207 1082 1177
205 206 996
811 808 809 810 812 813
206 207 208 209 794
1406 1403 1409 1431
207 209 210 1205 1243 1550 1833
1082 1079 1085 1482 1483 1623 1693
1177 1174 1175 1176 1178 1180
996 611 993 994 995 998 999
208 209 210 211 1334
209 210 211 579
794 791 793 795 796
210 211 212 213 276 969
1205 1204 1206
1243 1240 1241 1242 1244
1550 252 1551
1833 1034 1491 1831 1834 1835 1836
211 212 213 214
1334 1331 1332 1335 1337
579 576 578 580 581 582 932
212 213 214
213 214 215 776 1451
276 273 277
969 289 660 966 967 971 972 1228 1417
214 215 216
215 216 217 218 984
776 777 779 986
1451 819 1079 1448 1450 1452 1453
216 217 218 219 1300 1693
217 218 219 239
218 219
984 900 981 982 983
219 222 1194
1300 1297 1298 1301
1693 1690 1691 1692 1695
239 237 238 240 275
222 223 224
1194 1191 1192 1195 1196 1197 1656
767 601 764 765 766 768 1415 1573
228 227 231 548 656 1052
1238 1122 1235 1237 1239 1241
223 224 1430
224 226
1430 1076 1427 1428 1429 1431 1433 1932
226 227 698 1760
227 229 893 1577 1617
698 696 697 700 701
1760 1757 1758 1759 1761 1762 1763
229 231 485 569
893 790 890 891 894 895 896
1577 1110 1296 1578
1617 850 1616 1619 1620
231 232 234
548 546 547 550 551 1399 1562 1724
656 505 654 655 657 658 1493
1052 1050 1051 1053 1054 1938 1975
485 482 483 486 488 1127
569 566 567 570 571 572
232 233 234
233 235 943
234 235 237
235 237 238 590 599
943 940 941 942 945 946
237 238 240
238 240 241
590 589 592 593 1768
599 596 598 600 602 1437
240 241 243 1152
241 242 243 908
275 273 277
243 242 245 246 1840
1152 1149 1150 1151 1153 1155 1743
242 245 1776
908 905 906 907 909 910
245 246 247 248 1523
1776 1061 1582 1650 1773 1775 1777 1779
246 247 248 249
1840 858 1016 1838 1841 1983
247 248 249 250 632 1150
248 250 251 1090
1523 375 1215 1520 1521 1524 1526
249 250 251 252 1454
250 251 252 253
632 629 630 631 633 634 635
1150 1147 1149
251 252 253 254
1090 1088 1089 1091 1092
252 253 254
1454 1452 1453 1456 1457 1803
253 254 255 256
254 256 388 456
255 256
256 259
388 389 390 1395
456 453 454 457 458 478
259 260 261 272 423
1896 305 740 1492 1847 1893 1894 1895 1897 1898 1899
260 261 263 916 1682
261 262 263 264 1272 1282 1459
717 532 716 718 719 720
1870 805 1867 1868 1869 1872 1873
272 269 1368
423 420 421 422 424 426
263 262 266 550 869
916 537 581 913 915 917 918
1682 816 1336 1578 1582 1681 1683
262 264 1991
264 266 267
1272 1269 1271 1273 1274
1282 1279 1281 1283 1284 1285
1459 1456 1457 1458 1460 1969
1991 1988 1989 1990 1993 1994
266 267 268 269 1732
550 464 547 549 551 553
869 866 868 870 872
267 268 269 270
268 269 270 271
269 270 271
1732 1729 1731 1733 1735 1884
270 271 273 499
271 273 1022
273 1604
499 496 497 498 500 501 502
1022 944 1020 1021 1024 1025
1368 859 1365 1366 1367 1369 1370 1371
1604 1516 1601 1602 1603 1607
277 279 280
482 479 480 481 483 484
1132 1129 1131 1134 1135
279 280 282
280 282 283 681
522 519 520 521 523 524 525 582
282 283 872 1630
283 284 285 286
681 678 680 683 1024 1638
1589 1586 1588 1590 1592
872 870 874 875 1958
1630 1628 1629 1631 1632 1649
284 285 286 287
285 287 519
286 287 288 289 1707 1784
287 288 289 290 1332
519 516 517 518 520 521 1123
288 289 290 787
289 290 291 292 415
1707 1704 1708 1709
1784 1781 1782 1783 1787
290 292 293
1332 585 1329 1331
787 784 786 788 789 790 889
291 292 294 865
292 294 295
415 412 413 417 418
293 294 295 326 1192 1267
294 295 296
865 862 863 866 868 926 1452
295 296 297 298
326 323 324 325 328 628 1793
1192 390 850 1190 1191 1193 1195
1267 425 1265 1266 1269 1270
296 297 298
297 777 1193
298 300 301 580 1822
777 724 775 779 790 1464
1193 1190 1191 1195 1196
300 301 302 303 1431
301 302 303 304
580 582 583 1996
1822 372 1304 1806 1819 1820 1825
302 303 304 305
303 304 305 306
1431 966 1428 1432 1433 1434 1642
304 305 307 1516
305 306 441
306 307 309 1441 1738
307 310 387 638 1171 1321
1516 1513 1515 1517 1518 1519
441 438 440 442 443 444
309 310 311 312
1441 1438 1440 1442 1443 1444
1738 1736 1739 1740 1741
310 311 312 313 543
387 386 389 390
638 635 639 640 641 815
1171 1169 1170 1172 1173 1174 1465
1321 363 1318 1319 1320 1323 1324 1627
311 312 314 563
312 313 314
313 314 315 316
543 541 542 544 546
314 315 316 317 622
563 560 562 564 565 566
315 316 317 1928
316 317 318 319
317 318 319 320 852
622 619 620 621 623 624
1928 1925 1926 1927 1929 1930
318 319 320 321 1864 1982
319 320 321 322
320 321 323 1264
852 854 855 1019 1312 1772
321 323 324 1809
1864 368 1040 1237 1861 1862 1867
1982 364 1391 1979 1981
322 323 324 325
323 324 325
1264 1261 1262 1265 1266 1355
324 1514
1809 1328 1806 1807 1811
325 328 334 384
1514 866 1265 1511 1512 1513 1517 1689
328 329 330 331 1672 1994
334 331 332 333 335 424
384 381 382 385 386 718 874
628 524 625 626 629 630 631
1793 1706 1791 1792 1794 1796
329 330 331 332
330 331 332 333 1772
331 332 333
1672 972 1670 1673 1675
1994 1993 1995 1996
332 333 335
333 335
1772 1032 1769 1771 1775 1950
335 337 527 1303
424 422 426 427 944
337 338 339 340 1345
527 524 525 528 529 530 611 1893
1303 1301 1302 1304 1305 1306
338 339 340 341
339 340 342
340 341 342 757
1345 1342 1343 1344 1346 1347
341 342 343 344 469 736
342 343 344 345
757 452 755 756 758
343 346 1145 1180
344 346 347 913
469 466 467 470 471 472
736 734 735 737
345 346 347 348
346 347 1349
1145 1142 1143 1144 1146 1147 1148
1180 1178 1181 1183 1583 1996
347 349 350 1588
913 912 915
348 349 1647
1349 1346 1347 1350 1351 1352
349 350 617 1906
350 546 1625 1819
1588 1585 1586 1590
1647 1644 1645 1646 1648 1649 1650
617 616 619 620 1041
1906 1903 1904 1905 1907 1908 1909
546 544 547 549
1625 643 1453 1624 1626 1627 1628
1819 1816 1818 1820
352 354 355 1817
354 356 635 1799 1818
910 907 909 912 1073
355 357 358 1239 1884
1817 1814 1815 1818 1820
356 357 358 359
635 633 637
1799 1002 1797 1798 1800 1801
1818 1500 1815 1816 1820 1821
357 358 359
358 359 360 361
1239 1236 1237 1240 1241 1242
1884 1881 1882 1883 1886 1887
359 360 361 362
360 361 362 1644
361 362 363 364
362 363 365 1089
1644 1641 1642 1643 1646
363 364 365 366
364 365 366 367
365 366 367 368 810
1089 1087 1088 1091 1092
366 367
367 368 370
368 371 520 1034
810 809 812 813 1000 1038
370 371 372 373
371 373 1499
520 517 518 521 523
1034 1032 1035
372 373 375 1507 1678
832 829 830 833 834 1525 1551
907 904 905 906 909 1148 1940
373 376 1895
1499 1497 1500 1502 1965
375 376 377 378 981 1774
1507 1504 1505 1506 1509 1510
1678 809 1426 1675 1677 1681
376 377 378 1689
1895 1892 1893 1898
377 378 379 660
378 379 380 381
981 978 979 980 983
1774 1619 1773 1775 1777
1689 1687 1690 1691 1692 1930
379 380 381 382 1812
660 657 658 661 1327 1734
380 381 382 383
381 735 1653
382 383
1812 1811 1813 1814 1815
383 385 386 802 1326
735 734 737 738 1492
1653 1651 1652 1655 1656
385 386 1306 1371
386 389 1148
802 799 801 803 804 1660
1326 1323 1327 1328 1329 1758
718 715 716 719 720 721
874 683 796 871 875 876 877 1012
1306 1304 1305 1307 1309
1371 725 1369 1370 1372 1374
389 390 392
1148 1146 1151
390 392 393 1849
1395 1393 1394 1397
392 391 393 395 921
393 391 395 396 479
1849 1260 1846 1847 1850 1851 1852
391 1684
1684 1026 1681 1683 1685 1686 1687
395 397 1734
921 918 919 923
396 397 565
479 476 480 481
397 398 399 400
1734 1117 1731 1735 1736
565 562 564 566 567
398 399 400 401
399 400 402 861 1065 1709
400 401 402 403
401 402 403
402 403 405 1117
861 858 859 860 863
1065 1062 1063 1066 1067
1709 1706 1708 1710
403 406
405 406 407 408 1209
1117 1114 1115 1118 1120
406 407 408 409 1092 1743
407 408 409
505 504 506 507
1816 1746 1814 1815
408 409 411
1209 1206 1207 1212
409 411 412 1250
1092 1091 1094
1743 1741 1742 1744 1745 1746
411 412 413 414 673
412 880
1250 1247 1248 1249 1251 1252
413 414
912 909 915
1751 1494 1529 1748 1749 1752 1753 1754
414 1495
673 671 672 674 902 1078
880 877 879 881 882 1493
1495 1492 1493 1494 1496 1497 1498
417 419 420
418 421
1140 1138 1139 1141 1142 1143
419 420 421 422 1648
420 421 422 1903
421 422 1506
422 425
1648 1645 1646 1649 1651
1903 1108 1900 1902 1904
1506 817 1040 1503 1504 1505 1508 1509
425 426 427 428
426 427 428 429
427 428 429 430
944 941 945 946 1154
428 429 430 431
429 430 431 1883
430 431 433 769
431 434
1883 1881 1882 1886
433 435 436 693
769 766 768 770 771 772
434 435 436 437 1293
1115 1113 1114 1116 1118
435 436 437 438 934
436 437 1341 1438
693 691 692 694 695 696
437 438 440
1293 1290 1291 1292 1294 1295 1638
438 440 878
934 447 931 932 933 935 937
1341 1002 1339 1340 1342 1344
1438 1435 1440
440 442 443 753
878 875 876 877 879 881
442 443 444 445
443 444 445 446 1242
753 750 751 752 755 756
444 445 446 447
445 447 448
446 447 448 449 1137
1242 1244 1615 1937
447 448 449 450
448 449 450 451
449 450 451 452
1137 1134 1136 1139 1468 1666 1827
450 451 452 453 1721
451 454 472
452 453 454 933
453 454
1721 1465 1718 1719 1724
454 457
472 470 474 533
933 930 932 971 1569
457 458 460 642
458 460 1627
478 475 476 481
460 461 463
642 641 644 645 1422
1627 1624 1626 1628 1629
461 462 463 464 1409
462 463 464 1029 1304
700 697 701 702 703
463 465
464 465 466 531
1409 1407 1408
1029 1026 1030 1929 1968
1304 1301 1302 1305 1307
465 467
466 467 732 871
531 528 530 532 533 706
467 470 481
732 729 731 734
871 868 873 1592
470 471 715
481 480 484 1072 1767
744 741 742 743 745 746 747
1346 1344 1347 1757
1920 766 1691 1917 1918 1919
471 473 474 947
715 523 712 713
473 474 475 476 1859
474 475 476 1292 1605
947 949 992
533 521 534 535 536
475 476 530
476
1859 1857 1860 1862
1292 954 1289 1294 1295
1605 1602 1606 1607 1608
530 528 529 532
480 483
1355 1352 1354 1357
1804 678 975 1801 1802 1805 1806 1807
483 484 1010
484 487 1831
1072 805 1069 1073 1075
1767 1764 1765 1766 1768 1769 1770
1010 1007 1008 1009 1012
487 488 490
1831 1511 1829 1834
486 1505 1664 1673
488 490 491 1540
1127 1124 1125 1126 1129
1505 1502 1503 1508 1992
1664 1466 1538 1662 1665 1666
1673 1670 1675 1676 1919
490 491 492 493 1984
491 492 493 494 1829
1540 1537 1538 1539 1541 1543
492 494 495
1807 1805 1806 1808
493 494 495
1984 1446 1983 1987
494 496 497 1185
1829 1467 1613 1826 1828
495 496 497 591
496 497 498 1366
497 498 500
1185 1183 1184 1186 1187 1188
591 589 592 593
498 500 501
1366 1363 1364 1367 1369
500 501 1727
501 502 503 504 1714
502 503 504 1151 1830
1727 1724 1725 1726 1729 1730
503 504 506 1458
504 506 507
1714 1711 1712 1716 1717
1151 1153 1154 1590
1830 1827 1828
506 507 508 1259 1706
1458 1455 1456 1457 1460 1461
507 508 510
508 509 510 511 898
1259 1256 1258 1260 1262 1591 1599
1706 1165 1360 1704 1708
510 509 511 513
509 511 1247
511 513
898 895 896 897 901 1586 1746
1247 1087 1244 1245 1248
513 516 1063
515 516 517 518
516 517 731 1401
1063 1060 1061 1062 1064 1066 1987
517 518
518 586
731 728 729
1401 1399 1400 1402 1403
586 583 584 585 589
521 524 1924
1123 1120 1121 1124 1125 1126
523 524 525 1893
524 525
1924 1921 1925 1926 1927
525 528
582 581 583 584 585
1893 1891
528 529
529 532
611 608 610 612 613 667 862
532 534 535 1624
706 703 704 707 708 709
534 536
535 536 538 1973
1624 1519 1621 1622 1623
536 537 538
538 537 540 781
1973 1974 1975 1976
537 540
540 1211 1369
781 779 780 782 783 784 1730
542 541
1211 1212 1214
1369 1367 1372
541 544 1103
544 547 567
1103 1102 1104 1105 1106
547 549
567 564 570 1663
899 896 897 900 901 902
1061 1058 1060 1062
1488 1486 1487 1489 1490
549 551
551 554 798
1399 1397 1398 1400 1402
1562 1561 1564
1724 1723
553 554 555 556
554 555 556 1069
798 795 797 799 800 801 1989
555 556 557 558
556 557 558 559 962
1069 637 789 1030 1067
557 558 559 560
558 560
559 562 836
962 961 963 964 965 1378
560 562
562 564 1102
836 833 834 835 838 839
564 566
1918 1233 1915 1919
1102 1099 1104 1105
566
570 571 572 573
1663 1546 1660 1662 1665 1666
571 572 573 574 1075
572 573 574 575
573 574 575 576
574 575 1198 1723
1075 1074 1076 1077
575 576 578
576 578
1198 1195 1197 1199 1201 1698
1723 1725
578 581 1834
581 583 584 887
1834 1482 1835 1836 1837
932 929 935
583 585 1255 1283
1996 1993 1995
584 585 724 1465
887 672 833 884 885 889 890
585
1255 1252 1253 1254
1283 1281 1285 1782
724 726
1465 1463 1464 1466 1467 1468
589 592 849
592 593 594 595
849 846 847 851 1712
593 594 595 596 1781
1768 1765 1766 1769 1770 1771
594 596 597 1826
595 596 597 598 1951
596 597 598
1781 1568 1779 1780 1782 1783
597 598 600
1826 1825 1827 1828
598 600 601
1951 1948 1949 1950 1952 1987
600 601 602 603 1512
601 602 603 604 610
602 603 604 605
1437 1434 1435 1440
603 604 606 694
1512 1206 1510 1511
604 605 606 607
610 608 612 1726 1966
605 606 607 608
606 607 608 609 1135 1530
694 608 691 695 696 697
607 608 609
608
609 612 1279
1135 1134 1138
1530 1527 1532
612 613
1279 1277 1278 1281
1726 1725 1729
1966 1147 1963 1967 1969
613 616 1554
667 664 665 668 669 1585
862 859 860 863 864 1838
616 618 619 949
1554 688 1551 1552 1555 1557
618 619 620 621 1325
1073 1033 1074 1335
619 620 621 1925
949 946 948 951 952
620 621 623 675
1041 1042 1637
621 624 1981
1325 655 1322 1323 1324 1327
1925 1926 1927
623 624 625 626
675 672 674 678 931 1256
624 625 626
1981 1978 1979 1980 1983
625 626 786 1016
626 629
786 783 784 788 789
1016 1013 1014 1015 1017 1018 1659
629 630 631 1289
630 631 633 639
1158 1155 1157 1159 1160
631 633 634
1289 1287 1291 1299 1792
633
639 637 640 641
634 1946 1968 1969
1946 1943 1944 1945 1947 1948 1949
1968 1486 1736 1965 1967
1969 1967 1972
637 640 683 783
1508 1415 1509 1510 1511
640 641 643 1004
683 680 685 686 1477 1986
783 780 782 784 785
641 644
815 813 814 817 818 967
643 644 645 646
1004 1003 1005 1006
644 646 647
645 646 648
1422 1419 1420 1421 1424 1425
646 647 648
647 648 649 650 1481 1742
648 649 651 816 985 1592 1662
649 650 651 652 1962
650 651 652 653
1481 1078 1479 1480 1482 1483 1484
1742 1014 1739 1740 1744 1745
651 653 654
816 813 814 818 819 896
985 983 987 988 1424
1592 1591 1593 1594 1595 1606
1662 1659 1665
652 653 654 900
1962 1959 1960 1961 1963 1965
653 654 655
654 655 657
900 901 902 903 1083
655 657 658
657 1223 1955
658 661
1493 1043 1490 1492
1223 1220 1221 1222 1225 1226
1955 1952 1954 1956 1958
661 664
1327 1324 1328 1329
664 665 666 842
665 666 668
666 668 765
842 838 839 841 843 844 845
668 669 670 671 1798
765 763 764 766
669 670 671 672
1585 1583 1584 1586
670 671 672
671 672 674
1798 1795 1796 1797 1800
672 674
674 677
902 901 903 905
1078 1076 1077 1079 1080 1081
677 678 680
678 1025
931 928 930
1256 1253 1254 1852
680 1443 1794
1025 1024 1028
1846 1847 1848
1911 1908 1909 1910 1912 1914
1443 1440 1446 1916
1794 1791 1792 1795 1796 1797
1024 1026
1638 1636 1637 1641
684 685 686 687
685 686 687
686 687 689
1477 1474 1476 1478 1479 1480
1986 1054 1983 1988 1989
687 688 689 690
689 688 690 691 692 1153
688 691 1159
690 691 692 995 1685
691 692
1159 1156 1160 1161 1162
692 1851
1153 1154 1155 1156
995 993 994 997 998
1685 1683 1686 1688
1851 1848 1850 1852 1853 1854
695 696 697
696 697
697 1318
1318 1316 1317 1319 1320
701 702 703 704
1007 793 1005 1006 1008
702 703 704
703
704 707 1515
707 708 709
1515 1513 1517 1518
708 709 711
709 711 712
711 712 713
712 713
713 716
716 719 1578
1497 1494 1496 1498
1525 1522 1524 1526 1527
1639 1636 1637 1640 1641
1683 1686
719 720 721 722 1950
1578 1581
720 721 722
721 722
722 725 970 1379
1950 1949 1952
725 726 728 894 963
970 967 968 971 973
1379 770 1376 1377 1378 1381 1382 1681
745 742 743 746 747 748
726 728 729 1252
728 729 1959
894 891 892 897 1287
963 961 964 966
729
1252 1251 1253 1254
1266 1263 1269
1421 1420 1424 1965
1959 1956 1958 1961
734 737 1168
1336 1335 1339
737 738 739 740
1168 1046 1165 1167 1169 1170
738 739 740 741
1492 1489 1490 1494
739 740 741 742 885 1623
740 742 743
741 743 925
742 743
885 882 884 886 888
1623 1620 1621 1622 1961
743 746 1380
925 923 926 927 928
746 747 748 749
1380 1377 1381 1382 1383
747 748 749
748 749 750 751
749 750 751 752 1735
750 751 752 1719
751 752
752 755
1735 1733 1736 1948
1719 1716 1717 1718
755 756 758 1695
756 758 759 1383
1154 1155 1157
758 759 761 936
1695 1692 1697 1698
759 761 762
1383 1381 1382 1385 1386
761 762 763 1782
936 775 935 937 938 939 1564
762 763 764 1711
763 764
1782 1225 1457 1779 1780 1783
764 766
1711 1708 1710 1712 1713
766 768
768 770 771 1354
1415 1414 1416 1417 1418
1573 1387 1570 1576
770 771
771
1354 1351 1352
772 928
928 926 927 929 930
775
779 780 782
986 983 988 989 1704
790 788 789 791 792 793
1464 1461 1462 1463 1466 1467
780 782
782 784 785
784 785
1730 1728 1731 1733
785 788
788 789 1331
789 792
889 886 888 890 891 892
1331 1328 1329 1330
792 791 793 795
791 793
793 795 796
795 797 1688
796 797 799
797 799 800
1688 1686 1687 1690 1691
799 800 1745
800 801 803
801 803 804
1989 930 1988 1990 1992
1745 1249 1744 1747 1748
803 804 806
804 805 806 807
1660 1245 1658 1659
806 805 807 808 809
805 807
807 808 809
808 809
809 812
812 813
813
1000 997 998 999 1002 1003
1038 1035 1037 1039 1040
814 1178 1825
1178 1175 1176 1364
1825 1823 1824 1827 1828
817 819 820
818 819 820 821 1640
967 965 966 968
819 820
896 895
820
821 824 1586
1640 1637 1641 1642 1643
824 826 827
1586 1207 1583 1584 1621
826 827 828
827 828 829 830
828 829 830 831
938 935 937 939 940 941
829 830 968 1902
830 831 833
831 833 1936 1975
968 965 966 971
1902 1899 1900 1904 1905
833 834 835
1936 1933 1934 1937 1938
1975 1408 1972 1974 1976 1978
834 835 1427
1551 1548 1553
835 1074
1427 1424 1425 1428 1429
1074 1077 1191
838 839 841
839 841
1189 1187 1188 1191 1314 1891
841 843 844
843 844 845 846
844 845 846 847
845 846 847
846 1162
847 850 988 1319
1162 1160 1161 1163
850 851
988 987 989 991 1517
1319 1316 1317 1322
851 854 1850
1712 1710 1713
854 855 856
1850 1848 1852 1853
855 856 858 1635 1780
1019 1017 1018 1020 1021
1312 1309 1310 1314 1315 1542
856 859 1002 1547
858 859
1635 1632 1633 1634 1636 1637
1780 1777 1779 1783
859
1002 999 1005 1298
1547 1544 1545 1546 1548 1572
860 863
863 864 866 923
864 866 867 1652
1838 1835 1836 1841
866 867 868
923
867 868 870 1196
1652 1384 1649 1650 1651 1654 1655
868 870
926 927 929
1452 1449 1450 1453 1455
870 873 1945
1196 1195 1199
873 875 876
1945 1942 1943 1944 1947 1948
875 876 877
1958 1960 1961
876 877 1868
877 879
1012 1009 1011 1013 1014 1015 1060
1868 1865 1866 1867 1869
879 881 882 1863
881 882 883 884
882 884
1863 1699 1860 1861 1862 1865 1866
883 884 886 1169 1407
884 886 905
886 888
1169 1166 1167 1170 1172
1407 1050 1408
905 904 906 1856
888 890 891
890 891 892
891 892
892 895 1789
895 897 1043 1398
1789 1311 1786 1787 1788 1791 1792
897
1287 1284 1285 1290 1365
1043 1040 1042 1046 1544
1398 1397 1400 1927
901 903 904
1746 1744 1747 1749 1852
903 904 906
1083 1080 1081 1084 1085 1086
904 906 1771
906 909
1771 1435 1769 1773
1856 1557 1853 1854 1857
909
1940 1938 1939 1941 1942 1943
1068 1066
915 917 918
917 918 919
1490 1487 1489 1491
918 919
919
927 929 930
1183 1181 1184 1186
929 930
930 1692
1692 1691 1694
935 937
971 972 973 974
1569 1566 1567 1570 1572
937 939 940 1299
939 940 941
1564 1563 1566 1567 1733
940 941 942
1299 1296 1297 1298 1301
941 942 1214
942 945
1214 1212 1215
945 946 948
946 948
948 951
992 989 990 991 993 994 999 1949
951 952 953 954 1823
952 953 954 955
953 954 955 956
1842 1841 1844 1845
954 955 956 957
1823 1820 1821 1824
955 956 957
956 957 959
957 959 1553
959 961
1553 1555
961 964 1754
964 965
1754 1753 1756 1757
965 966
1378 1376 1377 1381
966
972 973 974 975
1228 1226 1229
1417 1414 1416 1418 1419 1420
973 974 975
974 975 976 977
975 976 977 978 1064
976 977 978 979 1876
977 978 979 980 1921
978 979 980
1064 1062 1066 1067
979 980 982
1876 1873 1874 1875 1877 1878 1879
980 982 983
1921 1919
982 983 1629
983
1629 1582 1626 1628 1631
987 989 990
1424 1425 1426
989 990 991
1704 1077 1701
990 991 993 1961
991 993 994
1517 1518 1519
993 1086
1961 1932 1960 1963
994 997
999 997 998
1949 1947 1948
1086 1084 1085 1087 1088
997 998
998
1003 1005 1006
1005 1006 1008
1298 1295 1296 1301
1006 1008 1009
1008 1009 1011 1042 1613
1009 1011 1426
1011 1013 1014
1042 1039 1040
1613 1449 1610 1611 1612 1614 1615
1426 1425
1013 1014 1015
1014 1015 1017
1015 1017 1018
1060 1057 1058
1017 1018 1020
1018 1020 1021
1659 1538 1656 1658
1020 1021
1021
1026 1028
1028 1030
1939 1937 1938 1941
1030 1032 1033
1929 1926 1927 1930
1032 1033 1035
1033 1035
1642 1641 1643 1645
1035 1037
1037 1039 1040 1897
1039 1040 1186
1040
1897 1894 1898 1899 1900
1186 1184 1187 1188
1637 1634 1636
1046 1048 1049
1544 1541 1542 1543 1546
1892 1890 1891 1894
1048 1049
1049 1050 1051
1050 1051 1053
1397 1394
1051 1053 1054 1157
1053 1056
1054 1056 1057
1157 1155 1156 1160
1938 1937 1941
1056 1057 1058
1057 1058
1058
1062
1066 1067
1987 1988
1067
1161 1160 1163
1335 1106 1236
1077 1076 1080 1478
1191 1190
1076 1079
1079 1080 1081
1080 1081
1478 1475 1476 1480
1081 1084
1084 1085 1087
1085 1087 1088
1482 1479 1480
1483 1480 1484 1485 1486 1974
1087 1088 1534
1088 1091
1534 1532 1533 1536 1537
1091 1963
1963 1960 1965
1094 1096 1097
1096 1097 1098 1099
1097 1098 1099
1098 1099
1099
1104 1105 1106 1107
1105 1106 1107 1108
1106 1107 1108 1109
1107 1108 1109 1110
1108 1109 1370
1109 1110 1112
1110 1112 1113 1119
1370 1367 1372
1112 1113 1114
1113 1114 1116
1119 1116 1118 1120 1121 1122
1114 1116
1116 1118
1118 1121
1120 1121 1122
1121 1122 1124
1122 1125
1124 1125 1126
1125 1126
1126 1129 1251
1129 1131
1251 1248 1249 1253 1254
1131 1134
1484 1485 1486 1487
1410 1408 1529
1134 1136
1136 1138 1139
1138 1139 1141
1139 1141
1468 1466 1469 1470
1666 1665 1668 1669
1827 1824 1828
1141 1142 1143 1144
1142 1143 1144 1865 1954
1143 1144 1146 1700
1144 1146 1147
1865 1862 1866 1867
1954 1956
1146 1147 1149
1700 1697 1698 1701 1702
1147 1149
1149 1386
1386 1384 1385 1387 1389
1590 1591 1593
1155 1156
1156
1160 1163
1163 1165 1166
1165 1166 1167
1166 1450
1167 1170 1344
1450 1448 1453
1170 1172 1173
1344 1342 1347
1172 1174 1175
1173 1174 1175 1176 1636
1174 1175 1176
1175 1176 1498
1176
1636 1455 1633 1634
1498 1181 1496 1500
1364 1362 1367
1181 1184 1394
1583 1580 1584
1184 1187
1394 1391 1392
1187 1188
1188 1190
1190
1314 1315 1317 1686
1891 1888 1889 1890 1894
1195 1197
1197 1199 1200
1656 1654 1655 1658
1199 1200 1201
1200 1201 1800
1201 1204
1698 1697 1699 1701
1800 1797 1801 1802 1803
1204 1206 1207
1857 1854 1860
1206 1207
1207
1212
1215 1216 1218
1216 1218
1218 1219 1220 1221 1728
1219 1220 1222 1511
1220 1221 1222 1343
1221 1222
1728 1725 1731
1222 1225
1511 1509 1510 1513 1740
1343 1340 1342
1225 1226 1227
1226 1227 1229
1227
1229 1232
1232 1234 1235 1702
1233 1234 1235 1236
1234 1235 1236 1237 1284
1235 1236 1237
1702 1701
1236 1237
1237 1240
1284 1281
1240 1241
1241 1244
1244
1615 1361 1612 1614 1616
1937 1934
1245 1248
1248 1249
1249
1253 1254
1254
1852 1853 1854
1258 1260 1261 1513
1260 1261 1263
1261 1263 1757
1513 1510
1262 1263 1265
1591 1269 1593 1594
1599 1596 1598 1600 1602
1263 1265
1757 1756 1758 1759
1265
1269 1270 1271
1270 1271 1273
1271 1273 1274
1273 1274
1274 1277
1277 1278
1278 1281
1281
1285
1290 1291
1365 1362 1363 1367 1690
1291 1294
1792 1791 1795
1294 1296 1297 1520
1295 1296 1297
1296
1297
1520 1518 1519 1521 1522
1301 1302
1302 1305
1305 1307
1307 1309 1310
1309 1310 1311
1310 1311
1311
1315 1316 1317
1542 1539 1541 1543 1545
1317 1316 1320
1686 1687
1316
1320 1322 1323
1322 1323 1324 1650
1323 1324
1324
1650 1651
1328 1329 1330 1974
1329 1330 1632
1758 1756 1759 1837 1913
1330
1974 1952 1972 1976
1632 1631 1633 1634
1337 1339 1340
1339 1340 1342
1340 1342
1694 1691 1697
1342
1347 1350 1548
1350 1351 1352
1548 1545 1546
1351 1352
1352
1357 1358 1359 1360
1358 1360 1361 1596
1359 1360 1361 1362
1360 1361 1362 1363
1361 1362 1363
1596 1593 1594 1595 1598
1362 1363
1363 1824
1824 1821
1367
1690 1687 1691
1372 1374
1374 1376 1377
1376 1377
1377 1559
1559 1557 1558 1561
1381 1382 1384
1382 1384 1385
1681 1680
1384 1387
1385 1387 1388
1387 1388 1389 1390
1388 1389 1390 1391
1389 1390 1391 1392
1390 1391 1393 1875
1391 1392 1393
1392 1393
1393
1875 1872 1873 1874 1877 1878
1400 1402 1403 1633 1934
1927 1926 1930
1402 1403
1403
1633 1631 1634
1934 1932 1933
1408
1529 1526 1527
1414 1416
1416 1418 1419
1418 1419 1420
1419 1420
1420
1965 1967
1425 1428
1428 1429
1429 1432
1432 1433 1434 1435
1433 1434 1435
1932 1933
1434 1435
1435
1440 1442
1787 1786 1788
1442 1444
1444 1446 1889
1446 1448 1475
1916 1913 1914 1915 1917 1919
1889 1886 1887 1888 1890 1933
1448 1449
1475 1472 1473 1476
1449
1453 1455 1456
1455 1456
1456 1457
1457 1460
1803 1801 1802 1805 1806
1460 1461 1462 1463
1461 1462 1463 1739
1462 1463
1463 1466
1739 1741
1466 1467 1469
1467 1469 1470
1469 1470 1687
1470 1472 1473
1687 1765
1472 1473 1474
1473 1474 1476
1474 1476
1476 1479
1479 1480
1480
1485 1486 1487
1486 1487 1489
1487 1489
1489 1491
1491 1494 1905
1494 1496
1905 1908
1496
1500 1501 1502 1503
1502 1501 1503 1504
1501 1503 1504
1503 1504
1504
1992 1990 1993 1995
1509 1510
1510
1740
1518 1519 1521
1519 1521 1869
1521 1522 1524
1869 1867 1872
1522 1524
1524 1526 1527
1526 1527
1527
1532 1533 1536 1669
1533
1536 1537 1538 1539 1718
1669 1668 1670 1680
1537 1539
1538 1539 1614
1539 1541
1718 1716 1717
1614 1611 1612
1541 1543
1543 1545 1546
1545 1546 1580
1546
1580 1581 1582
1572 1570
1552 1555 1608
1555 1557 1558
1608 1606 1607 1609 1610 1611
1557 1558
1558 1561
1561 1563
1563 1566
1566 1567 1568
1567 1568 1570
1733 1731 1736
1568 1570
1570
1576
1581 1584
1582 1584
1584 1942
1942 1941 1943
1621 1619 1620 1622
1593 1594 1595
1594 1595
1595 1598
1606 1607 1609
1598 1600 1601
1600 1601 1602 1603
1601 1602 1603
1602 1603
1603
1607 1609 1610
1609 1610 1611 1612
1610 1611 1612
1611
1612
1616 1619
1619 1620 1622
1620 1622
1622
1626 1628
1628 1631
1631 1634 1729
1649 1646 1651
1634
1729 1731
1641 1643
1643 1645 1646
1645 1646 1762
1646
1762 1759 1761 1763 1764 1765
1651 1654
1654 1655
1655 1658
1658
1665 1668
1668 1670
1670
1680 1677
1674 1675 1676 1917
1675 1676 1677
1676 1677
1919 1917
1917 1914 1915
1677
1765 1763 1766
1691
1930
1697 1699
1699 1701
1701
1708 1710
1710 1713
1713 1716
1716 1717
1717
1887 1886 1888 1890
1725
1731
1736
1948 1972
1741 1744
1744 1747
1747 1748 1749 1750
1748 1749 1750
1749 1750 1752
1750 1752 1753
1752 1753
1753 1756
1756 1759
1759 1761
1837 1835 1836
1913 1802 1910 1912 1915
1761 1763 1764
1763 1764 1766
1764 1766
1766 1769
1769 1770
1770 1773
1773 1775
1775 1777
1777 1779
1779
1783 1786
1786 1788
1788 1791
1791
1795 1796 1797
1796 1797
1797
1801
1802 1805
1805 1806 1808
1806
1808 1811
1811 1813 1814
1813 1814 1815
1814 1815
1815
1820 1821
1821
1828
1835 1836
1836
1841 1844
1983 1980
1844 1845 1847
1845 1847 1848
1847
1848
1853 1854
1854
1860 1861 1862
1861 1862
1862
1866 1867
1867
1872 1873
1873 1874
1874 1877
1877 1878 1879 1880
1878 1879 1880 1881
1879 1880 1881 1882
1880 1881 1882
1881 1882
1882
1886 1888
1888
1890 1967
1933
1967
1894
1898 1900
1899 1900
1900
1904 1907
1907 1908 1909 1910
1908 1909 1910
1909 1910 1912
1910 1912
1912 1915
1914 1915 1976
1915
1976 1978 1979
1926
1941 1943 1944
1943 1944
1944 1947
1947
1972
1952
1956
1960
1993 1995
1978 1979 1980
1979 1980
1980
1988 1990
1990
1995
