0 1 3 4 5 6 7 8 43 482 1493 1494 1496 1498 1499
1 2 3 4 5 6 8 9 17 140 1493 1494 1495 1496 1497
3 2 4 7 8 10 11 248 665 822 1057 1172 1495 1496 1497 1499
4 2 5 6 7 8 10 11 12 443 1496 1498 1499
5 2 6 7 8 12 226 689 959 1299 1497 1498 1499
6 2 8 9 11 12 13 230 311 725 1281
7 2 8 9 10 11 12 13 14 15 601 1213 1499
8 2 9 10 12 13 14 15 16 977
43 35 36 37 39 40 41 42 44 45 46 47 48 49 50 51 1099 1475
482 239 389 475 476 477 478 479 480 481 483 484 486 487 488 489 490
1493 201 1485 1488 1489 1490 1491 1492 1496 1497 1498
1494 2 1173 1182 1236 1486 1487 1488 1489 1490 1492 1495 1496 1497 1498 1499
1496 158 906 982 1209 1484 1488 1490 1491 1492 1497 1498
1498 2 360 679 1180 1316 1383 1410 1420 1490 1491 1497 1499
1499 2 361 435 522 1045 1048 1481 1491 1492 1495
2 9 364 574 1171 1231 1270 1495 1497
9 10 11 14 15 17 51 256 605 1330 1411
17 10 11 12 13 14 15 16 19 20 21 23 25 33 715
140 132 133 134 135 136 139 142 143 144 145 146 147 1102 1330
1495 195 276 305 1141 1201 1317 1487 1488 1489 1490 1492 1497
1497 40 629 1489 1490 1491
364 356 357 358 359 361 363 365 367 368 370 371 372 495 870
574 567 568 569 570 571 572 573 575 576 577 579 580 581 582 1178 1253
1171 531 1090 1163 1164 1165 1168 1169 1170 1174 1177 1178 1179 1235
1231 37 385 1113 1223 1224 1226 1227 1229 1230 1233 1234 1236 1237 1238 1239
1270 952 1153 1262 1263 1264 1265 1267 1268 1269 1271 1272 1273 1274 1278
10 12 13 14 15 16 18 1119 1404 1415
11 12 14 19 80 115 911 1062
248 240 242 243 244 245 246 251 252 254 256 700 1034 1234
665 243 657 658 660 661 663 664 666 667 668 670 671 672 673 812
822 80 218 333 736 814 816 817 819 820 821 823 824 825 826 829 830
1057 343 476 1051 1052 1053 1054 1055 1056 1059 1060 1061 1062 1063 1064 1298
1172 1165 1166 1168 1169 1170 1173 1174 1175 1176 1177 1178 1179 1180
12 13 14 15 16 19 20 147 184 1079 1345
443 435 436 437 439 440 441 442 444 445 446 447 448 449 798 983 1192
226 218 219 220 222 223 224 225 227 228 229 230 231 234 1115 1369
689 516 682 683 684 686 687 688 690 692 693 696 779 911 978 1237 1239
959 951 952 953 954 955 957 958 960 961 962 963 964 965 966 967 1412
1299 507 1291 1292 1294 1295 1296 1297 1298 1300 1302 1303 1305 1306 1307
13 15 16 18 19 20 64 236 250 715
230 222 223 224 225 227 228 231 233 234 235 236 237 238 448 831 858 1043 1244 1359 1475
311 303 305 307 308 309 310 312 313 314 319 784 1022 1318
725 204 640 717 718 719 720 721 724 728 729 730 731 732 733 764 1433
1281 436 1274 1275 1276 1277 1278 1279 1280 1282 1283 1284 1285 1286 1287 1288 1289 1314 1319
14 15 18 19 21 22 26 130 917
15 16 18 19 20 22 23 329 1318
601 593 595 596 597 599 600 603 604 605 606 607 608 609 664 973 1120
1213 1205 1206 1207 1208 1210 1211 1212 1217 1218 1219 1220
16 18 20 21 771 785 976 1002 1046 1086 1103 1439
977 969 970 971 972 973 974 975 976 978 979 980 981 982 983 984
51 44 46 47 48 49 50 53 54 55 56 57 58 59 785 1068 1167
256 251 253 255 257 258 259 260 261 262 263 264 402 657 1369
605 157 597 598 600 602 604 606 608 609 610 611 612 613 1068 1223
1330 193 258 1322 1323 1324 1325 1326 1327 1328 1329 1332 1333 1334 1335 1337 1338
1411 877 1164 1387 1403 1404 1405 1407 1408 1409 1412 1413 1414 1416 1418 1419
18 19 20 22 23 24 26 341 1327
1119 423 632 697 1112 1113 1115 1116 1117 1118 1120 1121 1122 1123 1124 1125 1126 1127
1404 289 1396 1397 1398 1399 1400 1401 1402 1403 1405 1406 1407 1408 1409 1410 1412
1415 240 511 1117 1407 1408 1409 1410 1412 1414 1417 1418 1419 1421 1422 1423
19 20 21 22 23 25 26 27 219 1228 1451
80 72 74 75 76 77 78 79 81 82 83 84 86 88 635 1176 1257
115 101 108 109 110 111 112 113 116 117 118 121 143 1075 1359
911 609 903 904 906 908 909 910 912 913 914 915 916 917 918 919 1447
1062 639 1054 1055 1056 1058 1059 1060 1061 1064 1065 1066 1067 1068 1069 1070 1325 1402
20 21 22 23 25 26 27 28 199 275 879
147 139 141 142 143 145 146 148 150 151 152 153 154 155 868 1276
184 30 176 177 178 179 180 182 183 185 186 187 188 189 190 191 192 205 419 1207
1079 307 742 915 1071 1073 1074 1075 1076 1077 1078 1080 1081 1083 1084 1085 1086
1345 1337 1338 1339 1340 1341 1342 1343 1344 1346 1347 1348 1351 1353 1475
64 56 57 59 60 61 62 63 65 66 67 68 70 71 72 77 187 419 1082 1313
236 228 229 231 233 234 235 237 238 239 241 242 243 688 1118 1135 1144
250 242 243 244 245 246 247 251 252 254 255 257 258
715 265 562 708 709 710 711 713 714 716 717 719 720 722 723 1110
21 22 23 24 26 27 28 29 155 970 1341
22 23 24 25 26 27 28 29 30 1217
26 23 24 27 28 30 31 32 33 352 542 1099
130 124 125 126 127 128 131 132 133 134 135 136 137 138 772 880 1131 1180
917 909 910 912 913 915 920 922 923 924 925 1358 1390 1471
23 24 27 28 29 30 31 347 366 1151 1228
329 321 322 323 325 326 327 328 330 331 332 333 334 335 336 337 496 524 909 946 1157
1318 1308 1310 1311 1313 1314 1315 1320 1321 1322 1323 1324 1325 1326
771 35 202 543 552 729 763 764 765 766 767 768 769 770 772 776 778 877 1279
785 59 778 780 781 786 787 789 792 938 1287 1327 1456
976 670 702 746 968 969 970 971 972 974 975 978 979 980 981 1004
1002 338 995 996 997 999 1000 1001 1003 1004 1006 1007 1008 1009 1010
1046 72 86 117 956 1038 1039 1041 1042 1047 1048 1049 1051 1052 1053 1054
1086 681 1078 1080 1081 1082 1083 1084 1087 1088 1089 1090 1091 1093 1492
1103 145 711 932 1095 1096 1097 1098 1099 1100 1101 1104 1105 1106 1109 1110 1111
1439 870 1431 1432 1433 1434 1435 1436 1437 1438 1440 1441 1442 1443 1444 1445 1446 1447
25 24 27 28 29 31 32 146 420 602 914 983 1153
33 27 28 29 30 32 34 35 36 37 40 41 599
24 27 28 29 30 31 32 196 1321 1327
341 333 334 336 337 339 342 344 346 347 349 440 941 1060
1327 1264 1319 1320 1321 1322 1323 1324 1325 1328 1329 1332 1333 1334
27 28 29 30 32 34 35 780 970 1465
219 40 152 211 214 216 217 218 220 222 225 227 288 1288
1228 1179 1220 1221 1222 1223 1224 1225 1227 1229 1230 1232 1233 1234 1235 1236
1451 186 863 974 1156 1443 1445 1446 1448 1452 1453 1454 1455 1457 1458
28 29 30 31 32 34 35
199 191 192 193 194 197 200 201 203 204 205 207 758 793 798 830 1076
275 268 270 271 272 274 276 277 278 279 280 282 283 948 1276 1443
879 107 871 872 873 874 876 878 880 881 882 883 884 886 887 1005
29 30 31 32 34 35 36 412 978 1468
155 148 149 152 153 154 156 157 159 160 161 162 163 680
970 31 500 962 963 964 965 966 968 972 974 975
1341 34 152 228 1333 1334 1335 1336 1337 1338 1339 1342 1343 1346 1347 1348
30 32 34 35 37 38 66 421 863 1024
1217 440 1210 1211 1212 1214 1215 1216 1219 1220 1221 1222 1223 1224
31 32 35 36 37 38 44 515 764 1298
347 340 342 343 344 345 346 348 349 350 351 352 353 354 355
366 358 359 361 362 363 365 367 368 369 372 373 374 389 409 718 1210
1151 135 283 639 916 993 1143 1144 1145 1146 1147 1148 1149 1152 1153 1154 1155 1157 1159 1314
32 36 37 38 39 40 425 1445
196 93 188 189 190 192 193 194 195 197 198 200 201 204 223 534 1338
1321 1313 1314 1316 1317 1320 1322 1323 1324 1325 1326 1328 1329
146 128 138 139 144 148 149 150 151 152 153 154 442 1117 1455
420 170 326 330 412 413 414 416 417 418 421 422 423 424 427 1073 1490
602 48 266 594 595 596 598 600 604 606 608 963 1125
914 175 187 906 907 908 909 910 912 913 915 916 918 919 921 922
983 70 865 978 980 981 982 986 987 989 990 991
1153 1145 1147 1148 1149 1150 1152 1154 1155 1156 1157 1158 1159 1160
352 138 215 344 345 346 348 349 350 351 353 356 359 360 494
542 233 534 535 537 539 540 541 543 544 545 546 547 549 550 701 1391
1099 267 330 445 637 650 815 1091 1092 1094 1098 1100 1101 1102 1104 1106
34 35 37 39 41 133 266 777 787 858 1149
35 36 37 39 40 41 470
780 292 685 772 775 777 778 779 782 783 784 786 788 803
1465 1230 1251 1457 1458 1460 1461 1462 1463 1464 1466 1467 1469 1471 1472 1473
36 37 38 39 40 42 44 378 469 941 982 1239
412 404 406 407 408 409 410 411 413 414 415 417 418 518
978 193 471 564 972 973 975 979 980 981 982 984 985 986 1011 1144
1468 545 1312 1394 1460 1463 1464 1466 1469 1470 1471 1472 1473 1476
37 38 39 40 41 42 44 45 712
38 39 40 41 42 44 45 76 291 425 513 565 794 1028
66 39 58 60 61 62 63 65 67 68 70 71 72 177 259 467 722 939 985 1215
421 320 414 415 416 417 418 419 422 423 424 425 426 427 428 429 1300
863 855 856 858 859 860 861 864 865 866 870 929 966
1024 305 356 359 1016 1017 1018 1019 1020 1021 1022 1023 1025 1027 1029 1030 1032 1200
44 39 40 41 42 45 46 47 48 49 50 52 569 659 1088 1467
515 399 426 507 508 509 510 511 513 514 516 518 519 520 521 522 523 935
764 106 119 215 612 756 757 758 759 760 761 766 767 770 772 989 998 1357
1298 457 598 809 1290 1291 1292 1293 1294 1296 1297 1303 1304 1305 1306 1474
39 40 41 42 45 46 47 368
40 41 45 46 47 48 627 1111
425 84 208 342 356 417 418 419 422 423 424 426 427 428 429 430 431 432 433 530 916
1445 187 273 662 1437 1438 1441 1443 1444 1446 1449 1450
41 42 45 46 48 49 795
599 467 591 592 593 594 595 597 598 600 607 648 855 1026 1125 1131 1159 1378
133 88 125 126 128 129 131 134 135 136 137 138 139 141 1101 1316
266 258 259 260 262 263 265 267 268 269 270 271 272 273 274 730
777 233 769 770 773 774 775 778 779 781 783 1348
787 618 779 782 783 786 789 790 793 794 795
858 302 808 850 852 853 854 857 859 860 861 862 864 865 866 1323
1149 223 232 322 1141 1143 1144 1145 1146 1148 1154 1155 1156 1157 1218
470 462 463 464 465 466 467 468 469 471 472 473 474 475 476 477 478 677
42 45 46 47 48 49 50 934
378 370 372 373 374 377 379 380 381 382 383 384 385 386 698 754 974 1188 1247
469 274 461 462 464 466 471 472 473 474 476 477 538 592 767 1464
941 933 935 936 937 939 940 943 944 945 946 947 948 949
982 560 650 839 904 912 974 975 979 980 981 984 986 989 990 1049
1239 1018 1232 1234 1235 1236 1237 1238 1240 1241 1243 1244 1245 1246 1350
45 46 47 48 49 52 53 203
712 100 704 706 707 709 711 713 714 716 717 718 719 720 1078 1175
76 68 70 71 72 73 74 75 77 79 81 82 83 585 1491
291 283 284 285 286 287 289 292 293 294 295 296 297 299 397 1161 1472
513 447 505 506 507 508 510 512 516 517 518 519 520 816 1078 1412 1447
565 320 557 558 559 560 561 562 563 567 568 570 571 572 573 656
794 202 786 789 790 791 792 793 796 797 798 799 800 801 802
1028 702 1020 1021 1022 1023 1025 1026 1027 1029 1031 1032 1033 1034 1035 1036 1137
46 49 50 52 53 54 1204
47 49 50 52 53 54 55 95 161 1254
368 360 361 362 363 365 367 369 370 372 373 374 375 496 629 1180
48 49 50 52 53 54 55 350 1073 1391
627 619 620 621 622 623 624 625 626 628 630 631 632 634 635
1111 355 664 1104 1107 1109 1110 1112 1113 1114 1115 1116 1117 1166
49 50 52 53 54 55 56 57 82 268 435 1054 1094
795 296 628 790 791 792 793 796 797 798 799 801 803 1175
50 52 53 54 55 56 57 58 377 865
934 214 926 927 928 929 930 931 932 933 935 936 937 938 940 942
1475 116 653 1161 1467 1470 1472 1473 1474 1476 1477 1478 1479 1480 1481 1482 1483
52 53 54 55 56 57 58 59 60 209
569 562 563 566 568 570 571 572 573 575 576 577 956
659 126 321 499 651 652 653 654 656 657 658 660 663 666 1060 1463
1088 170 1080 1081 1082 1083 1087 1089 1090 1091 1092 1093 1094 1095 1096 1416
1467 314 487 556 666 1460 1462 1466 1470 1471 1472 1473 1474
53 54 56 57 58 60 61 1304 1371
203 58 195 197 198 200 201 202 204 206 207 208 209 211 740 1264 1402
54 55 56 57 58 59 60 61 62 83 271
1204 65 684 718 1196 1197 1198 1200 1201 1203 1205 1207 1208 1209 1210 1211 1212
55 56 57 58 59 60 62 63 104 169 1382
95 87 88 89 90 91 92 93 94 96 97 98 102 103 832
161 153 154 156 157 162 163 164 165 167 168 169 217 507
1254 309 769 1246 1247 1248 1249 1252 1253 1256 1257 1258 1259 1260 1261 1262 1428 1472
350 342 344 345 346 348 349 353 356 357 537 733 827
1073 1065 1066 1067 1068 1069 1070 1071 1072 1075 1080 1081 1230
1391 1105 1222 1383 1384 1385 1389 1390 1392 1393 1394 1395 1396 1397 1398 1399
56 57 58 59 61 62 63
57 58 59 60 61 63 65
82 74 75 77 79 81 83 84 85 87 88 89 377 510 1301
268 260 261 262 263 264 265 267 269 270 271 273 274 276 556 1479
435 427 428 430 431 432 434 436 437 438 441 877 915 1054
1054 65 137 1047 1048 1049 1050 1051 1053 1055 1060 1061 1408
1094 1087 1089 1090 1091 1092 1093 1095 1096 1097 1098 1100 1101 1102 1165 1242
58 59 60 61 62 63 81 109 1026
377 371 372 373 375 379 380 381 382 383 384 385 683 709 833 1305
865 84 156 550 857 859 860 861 862 864 866 867 869 870 871 872 873 1460 1490
59 60 61 62 63 65 67 788 919
1068 302 919 1049 1060 1061 1063 1064 1065 1066 1067 1070 1074 1075 1076
1167 686 803 855 1159 1160 1161 1162 1163 1164 1165 1168 1169 1170 1173 1174 1175
60 61 62 63 65 67 68 719 876 1219
209 201 202 205 206 207 208 210 211 212 213 214 215 217 385 396 1026 1166
61 62 63 65 67 68 185 356
1304 279 386 520 699 1038 1296 1300 1302 1303 1305 1306 1307 1308 1310 1311 1312
1371 160 975 1363 1364 1365 1366 1367 1368 1369 1370 1372 1373 1375 1376 1377 1378 1379
62 63 65 67 68 69 70 962 1105
83 77 78 79 81 86 87 88 89 91 446 790
271 264 265 267 269 270 274 277 279 817 900 1253
63 65 67 70 411 613 786
104 90 96 97 98 99 100 101 102 103 105 106 108 109 111 877
169 162 164 165 166 167 168 170 171 172 174 175 176 177 264
1382 194 1214 1355 1374 1376 1378 1379 1380 1381 1384 1385 1386 1388 1389 1390
65 67 68 70 71 72 73 233 265 1090 1229 1235 1242
81 73 74 75 77 78 84 86 88 89 506 535
109 101 102 105 106 107 111 112 113 116 1069
1026 655 802 845 1019 1020 1021 1025 1027 1029 1030 1031 1032 1033 1390
67 69 70 71 72 73 74 75 566 579
788 279 778 781 782 784 786 790 791 792 793 796 1288 1347
919 480 913 915 918 920 921 922 923 924 925 926 1081
68 69 70 71 72 73 74 75 334 416 633 1009
719 532 700 711 713 714 717 720 721 722 723 724 726 727 881
876 128 447 868 869 870 872 873 874 875 877 878 880 882 883 884 1418
1219 1214 1215 1216 1218 1220 1221 1223 1224 1225 1226 1227 1350
185 177 178 180 181 182 183 187 188 189 190 192 193 413 1055 1392
356 348 349 353 354 359 360 362 363 690
69 70 73 75 77 354 468 493 1251
70 71 72 74 75 77 78 299
962 680 705 756 954 955 956 957 958 960 963 964 965 966 968 969 1081 1400
1105 213 260 455 948 1097 1100 1102 1104 1106 1107 1108 1110 1112 1113 1447
411 282 403 404 405 406 407 408 409 410 413 414 415 416 417 419
613 607 608 609 610 611 612 615 616 617 618 619 620 1081
786 234 430 554 778 779 781 782 783 789 791 792
71 72 74 75 79 543 1107 1385
72 74 75 77 78 79 1130
77 73 74 78 79 84 85 525 566
187 179 180 181 183 186 188 189 191 194 195 568 734 845 933
419 384 413 414 415 416 418 422 423 424 426 1196
1082 393 1055 1074 1075 1076 1077 1078 1080 1081 1083 1084 1085 1087 1089 1090
1313 241 247 1123 1293 1305 1306 1307 1308 1309 1310 1311 1314 1315 1316 1317 1320 1387 1478
73 74 75 78 79 193 238 1050 1469
233 225 227 228 229 232 237 238 239 240 450 568 772 842
265 258 259 260 261 262 263 264 267 269 473 543 1412 1453
1090 1006 1083 1084 1085 1087 1091 1092 1093 1095 1096 1097 1098 1387
1229 301 572 628 1221 1223 1224 1225 1226 1227 1230 1232 1234 1235 1236
1235 298 442 1227 1232 1233 1234 1237 1238 1240 1241 1242 1243
1242 834 937 1234 1236 1238 1240 1241 1243 1245 1247 1248 1249
177 170 171 172 173 176 178 179 180 181 182 183 486 522 1058
259 252 253 257 258 260 261 262 263 264
467 459 460 461 462 463 468 471 472 473 475 624 1346 1454
722 714 716 717 720 721 723 724 726 727 728 729 730 1037 1135 1193 1286
939 171 931 932 935 936 937 938 943 944 946 1360 1420 1444
985 979 980 981 984 986 987 988 989 991 992 993
1215 1207 1208 1209 1210 1211 1214 1216 1218 1220 1221 1222 1223 1365 1392
74 75 79 176 699 940
75 78 79 402 889
566 558 559 560 562 563 567 570 571 572 573 928
579 571 572 573 575 577 578 580 581 583 584 587
334 151 326 327 330 331 332 333 335 336 338 339 340 342 546 1044
416 408 409 410 413 414 415 417 418 422 423 424
633 625 626 628 629 630 631 632 634 635 636 637 638 639 640 641 809
1009 1001 1003 1004 1006 1008 1010 1012 1013 1014 1016 1037 1049
354 346 348 349 351 353 355 357 358 360 361 362 466
468 460 462 463 464 466 471 472 473 474 475 476 669 1240
493 485 486 487 488 489 491 492 494 495 497 498 499 500 501 886 966
1251 269 1243 1244 1245 1246 1247 1248 1249 1250 1252 1253 1255 1257 1258 1490
78 79 85 324 810
299 293 295 296 298 300 301 302 305 306 307 449 792 1406 1425
79 84 85 86 87 750
543 164 535 537 538 539 540 541 544 546 547 548 549 551 696 746 1196 1431
1107 182 751 810 877 1015 1100 1101 1102 1104 1106 1109 1112 1113
1385 319 1377 1378 1379 1380 1381 1383 1384 1386 1387 1388 1392 1393 1406
1130 567 1122 1123 1125 1126 1127 1129 1131 1132 1133 1135 1136 1137 1168 1433
193 186 188 189 190 192 194 195 197 198 200 201 337 551 818 1312
238 206 231 232 234 237 239 240 241 243 244 245 246 1446
1050 676 1042 1044 1045 1047 1049 1051 1052 1053 1055 1056 1058
1469 150 451 860 1279 1461 1462 1463 1464 1466 1470 1472 1473 1474 1477
176 168 172 173 174 175 178 179 181
699 691 692 693 695 696 697 698 704 705 706 707 759 828 845 905 1350
940 126 933 935 937 938 942 943 944 945 946 947 948 1460
402 394 395 397 398 399 400 401 403 404 405 406 407 408 409 410
889 328 401 881 882 883 884 885 886 888 891 892 893 895 897
585 232 577 578 580 581 582 583 584 586 587 588 589 590 591 1183 1225 1450
1491 737 761 1053 1194 1363 1483 1485 1486 1487 1488 1489 1492
84 85 86 87 91 92 465 1089 1384 1416 1452
85 86 88 89 90 91 92 93 995
525 101 517 518 519 520 522 523 524 526 527 528 529 530 531 532 533 716
324 317 318 319 320 321 322 323 325 326 327 328 330 331 332 357 456
810 91 802 803 804 805 806 807 809 812 813 814 816 817 818
86 87 88 89 91 92 93 94 1416
87 88 89 90 91 93 94 201
750 178 681 742 743 744 745 747 748 749 751 752 753 755 756 757 758 782
88 89 90 91 92 93 94 572
635 629 630 631 634 637 638 639 640 641 642 643 734 1290
1176 272 561 713 1168 1169 1170 1173 1177 1178 1180 1181 1182 1183 1184 1264
1257 422 1250 1252 1255 1258 1259 1260 1261 1262 1263 1264 1265
89 90 91 92 93 96 97
506 498 499 500 501 502 503 504 505 508 509 510 514 1389
535 527 528 529 531 532 533 534 536 537 538 539 540 541
510 308 382 502 503 504 505 507 509 512 514 596
1301 534 622 625 1294 1295 1297 1302 1306 1307 1308 1309 1364
91 90 92 94 98 99 208 530 611 753
446 438 439 444 445 447 449 450 451 452 453 821 1021 1030
790 127 707 782 783 784 789 792 793 796 797 798
92 90 93 94 96 97 98 99 100 1036 1315
465 457 458 459 460 461 463 464 472 473 555 1431
1089 121 261 938 1081 1084 1085 1091 1092 1095 1096 1097
1384 1376 1377 1379 1380 1381 1383 1386 1387 1388 1389 1392
1416 351 612 1203 1409 1410 1412 1413 1414 1417 1420 1421 1422 1423 1424
1452 484 957 1234 1266 1390 1444 1446 1447 1448 1449 1450 1455 1457 1458 1459 1460
90 93 96 98 673 819 1212
93 94 96 98 99 101 399 511 1074
995 763 988 989 990 991 993 994 996 997 998 999 1000 1001 1003 1196
94 96 97 98 99 100 101 102 1283
201 194 195 197 200 202 204 205 206 207 208 339 693 984 1021 1042
572 567 568 570 573 575 578 580
96 98 99 100 101 102 194 270 397 697 1162 1212
97 98 99 100 101 102 103 105 406
98 100 101 102 103 494 918 1237 1253
673 358 603 666 667 668 669 670 671 674 675 676 680 681 812
819 445 812 813 814 815 817 818 820 821 823 824 825 826 1463
1212 384 1205 1206 1207 1210 1211 1214 1218 1220
99 100 101 102 103 105 106 107 232
208 202 206 211 212 213 214 215 216 520 1350 1356 1490
530 287 527 531 532 533 534 536 538 842
611 371 523 604 606 607 608 609 612 614 615 619 757 1410
753 141 745 747 748 749 751 752 754 756 757 758 760 761 850
100 102 103 107 108 781 1127 1139
1036 444 1030 1031 1032 1034 1035 1037 1038 1039 1041 1042 1043 1044
1315 1093 1125 1185 1307 1308 1309 1310 1311 1314 1316 1319 1320 1322 1323
101 102 103 106 107 108 320
399 391 392 393 394 398 400 403 404 405 406 407 620 931 1016 1481
511 289 363 505 507 508 512 514 516 517 519 963
1074 118 394 950 1066 1067 1069 1070 1071 1075 1076 1077 1078 1080 1150
102 103 105 106 107 108 110 1108 1114 1457
1283 314 1051 1141 1275 1276 1277 1278 1279 1280 1282 1284 1285 1286 1288 1290 1291
103 105 106 107 108 110 111
832 437 824 825 827 828 829 830 833 834 835 838 839 840
194 183 186 189 190 191 195 197 198 200 202 516
270 262 263 264 269 272 273 276 278 434 949 1351
397 389 390 391 392 395 396 398 400 403 404 405 501 647 1460
697 105 690 691 692 694 695 698 700 701 873 877
1162 646 845 1154 1155 1156 1157 1158 1159 1160 1161 1163 1164 1168 1170 1174 1271 1357
105 106 108 110 111 112 113
406 131 398 401 403 404 407 408 409 410 413 495 1201
494 486 487 488 489 490 491 492 495 497 498 501 502 1190 1253
918 432 716 910 912 913 915 916 920 921 922 923 924 925
1237 253 349 881 1230 1233 1234 1238 1243 1244 1245
1253 1245 1246 1248 1249 1250 1256 1258 1259 1261
106 107 110 111 112 113 528 1098
107 110 112 114 451 550 1464
232 162 224 225 227 229 234 237 239 604 1148 1424 1490
108 110 111 112 113 114 116
781 195 702 773 774 775 776 778 779 783 784 789 926 1142
1127 505 1120 1121 1122 1123 1124 1125 1126 1128 1129 1131 1132 1133 1134 1135
1139 382 784 886 1131 1132 1133 1134 1136 1137 1138 1140 1141 1143 1144 1145 1146 1161 1305 1374
320 312 313 314 315 316 317 318 321 322 323 325 326 327 328 705
110 111 113 114 116 118 393 459
1108 395 696 1041 1100 1101 1102 1104 1106 1109 1113 1114 1115 1116 1173 1442
1114 1106 1109 1110 1112 1113 1115 1116 1117 1118 1120 1121
1457 129 842 979 1058 1123 1449 1450 1453 1454 1455 1456 1458 1461 1464
111 112 113 117 734 1342
877 545 728 869 870 871 873 875 878 882 883 884 885 1185
112 113 114 116 117 118 120 727 907 1249
113 114 116 117 118 119 120 121
528 498 520 521 522 523 524 526 527 529 531 532 533 536 685
1098 360 804 1091 1093 1096 1097 1100 1101 1102 1104 1241 1420
114 116 117 118 119 120 121 595 845 892 900 996
451 444 445 447 448 449 450 452 453 455 456 457 459 850 900
550 483 544 546 547 548 549 551 552 554 555 557 558 927
1464 1362 1363 1456 1458 1460 1461 1463 1466 1470 1471 1472
116 117 118 119 120 121 122 123 623 953 1035
1069 388 647 878 1061 1063 1064 1065 1066 1067 1070 1071 1072 1075 1076 1077 1112
118 117 119 120 121 122 123 124 125 126 281 374 553
393 386 387 388 389 390 392 394 395 398 400 401
459 452 453 455 457 458 460 461 462 463 466 1380
117 119 120 121 122 125 1025 1399
734 610 726 727 729 731 732 733 735 736 738 739 741 742 1201
1342 1334 1335 1336 1337 1339 1340 1343 1344 1346 1347 1348 1349 1350
120 119 121 122 123 124 126 127 128 282 894
727 624 723 724 726 728 730 731 735 1375 1447
907 205 816 899 901 902 903 904 906 908 909 910 912 913 1097 1178
1249 509 1016 1241 1243 1244 1245 1246 1247 1248 1250 1252 1256
119 121 122 123 124 125 126 127 136 1412
121 123 124 125 126 127 129 340 973
595 587 588 589 590 592 593 594 596 597 598 600 942 1096
845 249 418 747 837 838 841 844 847 850 851 853 957 1122
892 700 885 886 887 888 890 893 894 895 897 898 899 900 1191
900 261 584 652 894 895 896 897 899 901 902 904 905 906 908 1263 1350 1387
996 487 516 662 988 989 991 992 993 994 997 998 1000 1001 1003 1004
143 136 138 139 141 142 144 149 150 151 158 281 409 839
1075 246 367 1067 1070 1071 1076 1077 1078 1080 1081
1359 1351 1352 1353 1354 1355 1356 1357 1358 1360 1362 1363 1364 1365 1366 1367
122 123 124 125 387 813 1373
123 124 126 128 129 131 817 942 1200
623 615 616 617 618 619 620 621 624 625 626 629 630 631 737
953 524 946 947 948 949 951 952 956 957 958 960 961
1035 264 432 1029 1030 1031 1032 1033 1034 1037 1039 1041 1043
125 124 126 128 129 131 132 688 692
1025 666 1018 1019 1020 1021 1022 1023 1027 1029 1030 1031 1032 1033 1187 1264
1399 548 1392 1393 1394 1395 1396 1397 1401 1402 1403 1405 1406 1407
124 126 127 128 131 132 960 1072 1202 1323
126 128 131 132 134 183 273 343 1486
281 276 277 278 279 280 282 285 286 287 288 289 1001 1463
374 367 369 370 371 372 375 376 380 381 382 700 1484
553 498 546 547 549 551 552 554 556 557 559 560 561 708 1455
127 128 129 131 134 135 252 403 490
136 128 129 131 132 134 135 139 141 142 144
1412 850 1203 1407 1408 1409 1414 1418 1419
128 129 131 132 134 135 507 1370
282 274 278 279 280 283 284 285 286 287 288 289 290 336 664 965
894 886 887 888 891 893 895 896 898 899 902 1034
129 131 132 134 135 240 261
340 332 335 337 338 339 342 343 344 345 346 348 805
973 472 965 966 967 968 969 971 972 974 975 979 981
387 305 379 381 383 384 388 390 392 394 395 603 823 1422
813 805 806 807 808 809 811 812 814 815 816 817 818 820 821 862
1373 1129 1296 1311 1365 1366 1367 1368 1369 1375 1376 1377 1378 1379 1380 1381
131 132 135 137 138 139
817 809 811 812 814 815 816 818 820 821 823 824 825
942 170 614 875 937 938 943 944 945 946 947 948 949 950 1063 1109 1290
1200 249 714 793 1194 1195 1197 1198 1199 1201 1202 1203 1205 1206 1207
132 134 135 137 138 139 842
960 952 956 957 958 961 963 964 965 966
1072 724 792 809 875 1065 1066 1070 1071 1076 1077 1078 1080 1433
1202 331 713 724 844 1194 1195 1196 1198 1199 1201 1205 1207 1209 1344
1323 1053 1316 1317 1319 1320 1322 1324 1326 1328 1329 1331
688 359 680 681 684 686 687 690 691 692 693 694 695 696 1133
692 684 686 687 690 691 693 694 695 696 698 700
134 135 137 138 139 141 142 195 1101 1396 1454
183 175 178 179 181 182 186 188 189 190 524 866 955
273 267 269 272 274 276 277 278 279 280
343 335 336 337 338 339 342 344 345 346 348 349 351
1486 1478 1479 1480 1481 1482 1483 1484 1485 1487 1488 1489 1490 1492
135 137 141 142 597
252 244 245 246 247 249 253 254 255 257 258 260
403 395 396 398 404 407 408 409 410 694 1106 1201 1332
490 245 484 485 486 488 489 492 495 496 498 619 874 1100
507 499 500 501 502 503 504 509 514
1370 314 1210 1364 1365 1366 1367 1368 1369 1372 1374 1375 1376 1377 1378
240 234 235 237 239 241 243 244 245 246 247
261 253 254 255 257 260 262 264 267 269 1329
137 138 139 141 144 145 664
138 139 142 144 145 621 855 1060
772 533 766 767 768 769 770 773 774 775 776 821 1241 1480
880 873 874 881 882 883 884 885 886 887 1488
1131 1123 1124 1125 1126 1129 1132 1134 1136 1137 1138
1180 518 997 1174 1177 1181 1184 1185 1186 1187 1248
139 141 142 144 145 564
842 835 836 837 839 840 841 843 844 846 847 848 849 850 981 1479
141 142 144 145 148 149 407 809
1101 301 869 1093 1095 1096 1100 1104 1106 1109
1316 534 1308 1309 1310 1312 1314 1317 1320 1322 1324 1409
142 144 145 148 149 150 1164
195 189 190 191 192 197 198 200 202 593 1145
1396 517 537 1389 1390 1394 1395 1398 1400 1401 1402 1403
1454 279 1446 1447 1448 1449 1453 1455 1456 1458 1459 1460 1461 1462
597 589 590 591 592 593 598 600 603 656 747 1182 1197 1473
144 148 149 151 152 344 751
145 148 149 150 151 152 153 523 747
664 656 657 658 662 663 666 667 669 670 672
621 245 505 615 616 617 618 619 622 624 626 628 1003 1271
855 149 156 848 849 850 851 853 856 859 860 861
1060 264 1052 1053 1055 1056 1059 1061 1063 1064 1065 1066 1067 1160
564 536 556 557 558 559 560 562 563 567 568 570 571 844
1102 922 1096 1097 1100 1104 1106 1109 1110
148 149 150 151 152 153 154 156 315 844
149 150 151 152 153 154 156 456 1085
407 400 401 404 405 408 409 410 698 1005 1012 1120
809 548 802 803 804 805 806 807 808 811 814 816 1142
150 152 153 154 158 936 1142 1420
1164 612 867 1031 1129 1156 1157 1158 1159 1160 1161 1165 1168 1169 1198 1430
151 152 153 154 157 158 159
158 152 154 156 157 160 162 163 164 165 166 323 632 677 1240
409 401 405 410 413 415 417 538 592 805
839 198 590 831 833 834 835 836 838 840 843 844
152 153 154 157 159 160
344 198 336 337 338 339 342 345 346 348 349 351 614 732
751 481 745 746 748 752 754 755 756 757 758 759 864 1221
153 154 156 157 159 726
523 288 516 517 518 519 520 521 522 524 526 527 529 531
747 724 739 740 741 742 743 744 745 746 748 749 752 755 1335
154 157 159 160 162 241 610
442 436 437 438 439 440 441 444 445 448 450
1117 287 580 866 883 1047 1112 1113 1115 1116 1118 1121 1123 1124 1125
1455 1447 1448 1449 1450 1453 1456 1458 1459 1460 1462 1463
868 740 860 862 864 866 867 869 870 871 873 874 875 1386 1485
1276 1268 1269 1271 1272 1273 1274 1275 1277 1278 1279 1282 1284
156 157 159 160 163 164 251 476 501
315 307 308 309 310 312 313 314 316 317 318 319 321 322 323
844 836 837 840 841 843 847 849 850 851 852
456 353 448 449 450 452 453 454 455 457 458 461 463 464 733
1085 885 1077 1078 1080 1081 1083 1084 1087 1091 1092 1093
936 171 730 931 932 933 935 937 938 943 944 972
1142 376 448 1134 1135 1136 1137 1138 1140 1141 1143 1144 1147 1148 1150 1197
1420 353 398 773 1120 1413 1419 1422 1423 1424 1426 1427 1428
157 160 162 163 164 165 244 895
159 160 162 163 164 165 166 167 218
160 162 165 166 167 168 1462
726 718 720 721 723 724 728 730 732 733 1118 1268
162 163 164 165 166 167 168 170 556 1437
241 234 235 239 242 243 244 245 246 247 249 487 1018
610 603 604 606 607 608 609 612 614 615 616 617 618
163 165 166 167 168 170 171 1031 1390
680 672 675 676 677 678 679 683 684 685 686 687 1450
164 165 167 168 170 171 172 968 1450
251 243 245 246 247 249 253 257 258 336 890 1329
476 473 474 475 477 478 480 481 483 484 1285
501 426 495 496 497 498 499 503 505 509 867
165 166 167 168 170 171 173
244 237 245 246 247 249 1245
895 429 887 888 891 893 897 898 899 901 902 1003 1244
166 167 171 172 174 739 1192 1446
323 316 317 318 319 321 322 325 327 328 330 331
632 624 625 626 629 630 631 634 636 637 638 639 640
677 670 674 675 678 681 682 683 684 685 878 1290 1328
1240 575 931 1148 1232 1233 1234 1238 1245 1246 1247 1248 1261
167 168 170 171 172 173 174 1338
218 210 211 213 214 216 217 220 221 222 223 224 225 1193
168 170 171 172 173 174 175 392 1141 1434
1462 1456 1458 1459 1460 1461 1466
217 210 211 212 213 215 216 220 221 222 224 225 330
170 171 173 175 178 841 1221
556 548 549 551 552 555 557 558 559 561 562 563 718
1437 816 1429 1430 1431 1432 1433 1434 1435 1436 1438 1440 1442 1443 1444
171 172 173 174 175 179 567 650
1031 1023 1027 1029 1030 1032 1034 1037 1038 1039
1390 508 661 1383 1388 1389 1392 1393 1394 1395 1397 1398
172 173 174 178 179 330 955 1126 1234
968 961 963 964 965 966 967 971 972 974 975 1461
1450 524 1442 1446 1449 1458
173 174 175 178 179 181 1233
174 175 178 180 181 182 375 386 516 804 898 1388
739 731 732 733 735 738 742 744 745 746 830 1354 1363
1192 658 1019 1185 1186 1187 1188 1189 1191 1194 1195 1196 1198 1199
1446 214 338 1438 1442 1444 1448 1449 1453
1338 363 637 1332 1333 1334 1335 1336 1337 1340 1343
175 178 180 181 182 836
392 385 388 389 390 391 394 395 396 398 400
1141 560 765 1033 1133 1134 1135 1136 1137 1140 1143 1145 1146 1147 1148
1434 678 827 1271 1426 1427 1428 1429 1430 1431 1432 1435 1436 1438 1440 1441
264 258 260 262 263 267 269 272 497 652 1272
178 179 181 182 186 902
841 418 833 835 836 837 838 840 843 846 847 848 849 1441
1221 243 660 1214 1220 1222 1223 1224 1226
179 181 182 186 318 843
567 242 559 560 561 562 563 571 573 575 577 1255
650 245 642 643 645 646 649 651 652 653 654 655 656 1174 1429
330 322 325 326 327 328 331 332 333 335 336 337 338 373 486 956 1209
955 857 947 948 951 952 954 956 957 958 961 1363
1126 546 563 1118 1120 1121 1122 1123 1124 1125 1128 1129 1133 1134
1234 287 1226 1227 1230 1232 1233 1236 1238 1241
181 180 182 186 188 189 658
1233 1225 1226 1227 1230 1232 1236 1241 1260
180 182 186 188 825 964 1056 1366
182 186 188 189 190
375 367 370 371 372 373 376 379 380 382 912 1143 1265
386 381 382 383 385 389 390 391 546 737 1022
516 508 514 517 518 519 521 522 524 898 1092 1128
804 426 586 784 798 799 801 802 803 806 807 808 811 812
898 890 891 893 896 897 899 901 902 903 906
1388 293 310 600 1185 1380 1381 1383 1386 1387 1389 1392 1394 1395
836 447 604 631 828 829 831 833 835 837 838 840 843
486 480 481 484 485 487 488 489 491 492 1003
522 514 517 519 520 521 526 527 915 1078
1058 473 607 990 1011 1051 1052 1055 1056 1059 1061 1063 1066
186 188 189 191 192 1305
902 614 896 897 901 904 905 906 908 909
318 310 312 313 314 316 317 321 322 326 811 954
843 471 793 835 837 840 846 847 848 849 850 851 1261
188 189 191 192 853
825 818 820 821 823 824 826 827 829 830 831 1325
964 491 956 957 958 961 963 965 967 969 971 972 1286
1056 625 1051 1052 1053 1055 1059 1061 1064
1366 348 714 1022 1358 1360 1362 1363 1364 1365 1367 1368 1374
189 190 192
658 363 594 651 653 655 656 660 661 662 663 666
190 191 197 198 638 890 1353
524 327 479 518 519 521 526 527 529 531 532 591
866 287 438 859 860 864 867 873 874 1332
191 192 197 198 414 1047 1184
192 197 198 200 1387
205 197 198 200 202 206 210 211 212 445 495 630 1490
1207 1199 1201 1203 1205 1206 1209 1210 1211
413 405 408 414 415 418 545
1055 1047 1049 1051 1052 1059 1061 1063 1245 1387
1392 293 1386 1387 1389 1393 1394 1397 1398 1400
1305 1297 1300 1302 1303 1306 1307 1308 1309 1310 1311 1312
568 560 561 570 573 575 576 612 992 1394
933 304 445 708 925 927 929 930 931 935 937
853 210 298 497 846 847 848 850 851 852 854 856 857 859 861
197 198 200 202 204 763 798
198 200 202 204 206
638 630 631 634 636 637 639 640 643 645 646 800
890 625 882 883 884 885 886 888 893 896 897 958
1353 348 1347 1348 1349 1352 1354 1355 1357 1358 1360 1361
414 408 415 417 418 422 1208
1047 1040 1041 1042 1043 1045 1048 1049 1052 1053
1184 674 1120 1177 1178 1179 1181 1182 1183 1185 1186 1187 1188 1189 1191 1269 1438
200 202 204 206 207 1294
1387 1379 1380 1381 1383 1389 1394 1395
337 333 335 336 338 339 342 345 508 606 762
551 544 545 546 547 548 549 555 557 558 559
818 811 815 820 821 823 824 915 1106 1224
1312 593 1199 1306 1307 1308 1309 1310 1314 1317 1319 1320
202 204 206 207 210 837
593 284 587 588 589 590 591 594 596 598
1145 1138 1140 1144 1146 1147 1148 1152 1199
204 206 207 210 211 212 1294
223 215 216 220 221 222 224 225 227 228 229 231 1346 1356
534 526 527 529 531 532 533 538 540 708 1144 1195
763 239 682 696 756 757 760 761 766 767 768 769 888
798 791 792 796 797 799 800 801 802 803 805 806
206 207 210 211 212 213 396
207 210 211 214 215 246 793 1306 1317
758 327 752 754 755 756 757 759 761 762 765 766
793 380 789 792 796 799 801
830 824 826 828 829 831 833 835 838 989 1175 1187 1206 1325
1076 927 1033 1070 1071 1077 1078 1080 1083 1084
1294 243 576 840 1287 1288 1289 1290 1291 1292 1293 1295 1296 1297 1302
339 332 335 336 345 346 1401
693 685 686 690 694 695 696 698 700 701 1266
984 254 518 979 980 981 986 987 988 989 990 992 1247
1021 1013 1015 1016 1017 1018 1020 1022 1027 1029
1042 390 652 999 1034 1037 1038 1039 1040 1041 1043 1044 1045 1210
210 211 212 213 214 215 216 305 1116 1357
837 683 829 835 838 1196
211 212 213 214 215 216
740 450 732 735 736 737 738 741 743 744 745 746 748
1264 379 432 519 695 1256 1258 1262 1265 1266 1267 1268 1272 1470
1402 992 1394 1395 1397 1398 1400 1401 1405 1406 1407 1408 1409
212 213 214 216 220 1418 1425
445 437 438 441 447 448 449 452 453 897
495 439 487 488 489 491 496 497 498 502 503
630 622 624 625 626 628 631 634 637 811 1230 1428
1490 1482 1484 1488
213 214 215 216 220 221 681 807
396 283 388 390 391 394 395 400 401 404
214 215 216 220 221 336 474 1274 1365
215 216 220 221 222 317 671
246 239 242 243 245 249 253 1379
1306 737 831 1300 1307 1308 1309 1310 1311 1314
1317 257 285 637 1092 1104 1109 1309 1311 1319 1320 1324 1325
216 220 221 224 391
520 512 514 517 518 519 521 526 527
1350 389 400 1343 1344 1346 1348 1349 1351 1352 1355 1356
1356 1348 1349 1351 1352 1354 1357 1358 1360 1362 1363 1374
385 369 379 380 381 382 383 388 390 391
1166 684 1158 1160 1161 1163 1165 1168 1169 1174
305 298 300 301 302 303 304 306 308 309 312 447 1478
1116 1109 1112 1113 1115 1118 1120 1121 1122 1123 1478
1357 369 641 1349 1351 1352 1354 1355 1358 1361 1362 1363 1364 1365
220 221 222 225 227 439 759 1133 1331
1418 449 487 1413 1414 1417 1419 1421 1422 1424 1425
1425 854 1272 1417 1419 1421 1423 1424 1426 1428 1429 1430 1431 1432 1433
221 222 227 228 229 287 457 811 1360
681 674 675 678 679 682 684 685 686 687
807 359 799 800 802 803 805 806 808 811 812 814 815
336 328 335 338 342 676 1181 1302 1398
474 472 473 477 478 479 480 481
1274 1266 1267 1269 1271 1272 1273 1275 1277 1278 1279 1280 1282
1365 1358 1360 1361 1362 1364 1367 1368 1369 1372
222 225 228 229 676 967 1187 1224 1292
317 310 312 313 314 316 321 322 325 540 909
671 663 666 667 668 669 670 672 674 675 676 678 679 686 1474
224 225 227 228 229 274 358 1044
391 383 384 389 390 394 395 398 431 862 1110 1178 1303
225 227 228 229 231
1193 969 1048 1185 1186 1187 1190 1191 1194 1195 1197 1198 1199 1201
227 229 231 234 235 529
288 280 283 285 286 287 292 293 294 295 296
1288 405 475 1280 1282 1284 1285 1286 1287 1289 1290 1291 1292 1293 1295 1296
439 431 434 436 437 438 440 441 444 447 498 704
759 561 617 752 754 755 756 757 760 761 762 765 766 767
1133 1125 1128 1129 1132 1134 1136 1138 1140
1331 867 1324 1325 1326 1328 1333 1336 1337 1339 1440
228 229 231 234 235 1049
229 231 234 235 237 971
287 254 279 280 283 284 285 286 289 292 293 294 295
457 349 449 452 453 455 458 460 461 463 464 859 1444
811 803 805 806 808 812 814 815 859
1360 400 718 1352 1354 1355 1358 1361 1362 1364 1367
676 669 670 672 674 675 678 679 683
967 929 963 966 969 971 972 974 975 1014
1187 398 434 992 1179 1181 1182 1185 1188 1190 1191 1194 1195
1224 1216 1218 1220 1222 1223 1225 1226 1227 1230 1232 1340
1292 710 1284 1286 1287 1289 1290 1291 1293 1295 1296 1297 1300
231 234 235 237 239 661 778
1346 454 852 1266 1339 1340 1343 1344 1347 1348 1351 1354
274 267 269 272 276 278 279 280 944
358 351 353 355 357 360 362 363 365 1260
1044 289 1037 1038 1039 1040 1041 1043 1048 1049 1051 1052
234 235 239 242 262 774
1115 847 1109 1110 1112 1113 1120 1121 1122 1238 1244
1369 405 480 637 1181 1361 1362 1367 1368 1374 1375 1376
235 237 239 242 243
529 521 526 527 531 532 533 536 537 993
1049 253 284 1041 1043 1045 1051 1052 1053 1152
237 239 242 243 245
971 963 966 972 975 979 1163 1332
448 440 449 450 452 453 454 455 555
831 826 828 829 833 838 1084 1419
1043 1039 1040 1041 1045 1048 1051
1244 1236 1238 1241 1243 1246 1247 1248 1252 1303
239 242 243 245 765 1230
661 571 653 656 657 660 662 663 666 667 668 669 897
778 770 775 776 779 783 784 1014
604 598 600 603 606 607 609 612
1148 576 629 1140 1143 1144 1146 1150 1152 1154 1155 1156
1424 1417 1419 1421 1422 1423 1426 1427 1428 1429 1430 1431 1432
450 444 447 449 452 453 454 458 913 1252 1297
242 243 245 247 249 1097
262 254 255 257 258 260 263 269 640
774 766 767 770 773 775 776 779 782
243 245 247
1118 1112 1113 1120 1122 1124 1125
1135 1128 1129 1132 1134 1136 1138 1140 1143
1144 1136 1137 1138 1140 1143 1146 1147 1150 1152
245 247 249 253 533
765 423 757 761 762 766 768 769 770 773 1023
1230 504 1081 1223 1225 1226 1227 1232 1236 1487
247 249 253 254 255 736 1296
249 254 255 257 1196 1481
487 480 481 483 485 489 1433
1018 584 1010 1011 1012 1013 1014 1015 1016 1017 1019 1020 1022 1023 1210
1097 1091 1092 1093 1096 1104 1293
1245 1218 1238 1241 1246 1247 1248 1250 1252
253 254 255 257 258 260 598
533 254 526 527 532 537 538 539 540 541 636
1379 410 1372 1375 1376 1377 1378 1380 1381 1386
254 255 257 258 260 711
255 260 263 429 588 784 1128
736 728 731 732 733 735 737 741 742 743 744 1355
1296 1008 1289 1290 1291 1293 1297 1300 1302 1303
700 570 591 694 696 698 701 702 703 704 705 706 997
1034 527 706 1027 1029 1030 1032 1033 1039 1040
257 258 260 263
1196 1138 1188 1189 1190 1191 1194 1195 1197 1198 1199 1201 1408
1481 430 1473 1474 1476 1477 1478 1479 1482 1484 1488 1489
258 260 263 932 948 1039
1329 537 1324 1325 1326 1328 1332 1334 1335 1336
260 267
598 590 591 592 594 596 600 603 606
711 704 706 707 708 710 713 714 716 717 718 1208 1309 1333
263 267 269 369 1236
429 422 423 424 426 428 430 432 433 434 436 437 609 720 1398
588 580 581 582 583 584 587 589 590 591 592 594 596 1092 1265 1293
784 776 779 782 783 789 791 792 1247
1128 521 563 1121 1122 1123 1125 1129 1134 1136 1433
657 426 651 653 655 656 660 662 663 1427
932 573 731 924 925 928 929 930 931 935 937 938 1152
948 943 944 945 946 947 949 950 951 952 956
1039 581 1033 1037 1038 1040 1041 1045 1189
267 269 325 600 975 997 1209
269 272 276 888
640 634 636 641 642 643 646 647 754
369 362 363 365 367 370 371 372 376 464 704
1236 1232 1238 1243
272 276 277 278 279 280 1460 1463
497 405 489 491 498 499 503 504 505 951
652 644 645 646 647 648 649 653 654 655 656 660 1255
1272 1265 1266 1267 1268 1269 1271 1273 1275 1277 1278 1279 1280
473 466 471 472 475 478 479 1325
1453 1048 1447 1448 1449 1456 1458 1459 1460 1461 1471
730 723 724 728 731 732 733 735 737 738 1038
325 319 321 322 326 327 328 331 332 333 682 1065
600 592 594 596 603 606 607 608
975 540 972 981 1278
997 670 989 991 992 993 994 998 999 1000 1001 1003 1004 1005
1209 1136 1201 1203 1205 1206 1208 1210 1214 1216
276 277 278 280 283 284 562
1479 1471 1472 1473 1474 1476 1477 1478 1480 1482 1483 1484 1485
888 881 882 883 884 885 886 893 903
278 277 279 280 283 284 286 1417
434 427 428 430 431 432 433 437 440 441 1225 1376
949 943 944 945 947 950 951 952 954 956 957
1351 302 460 1343 1347 1348 1349 1352 1354 1355 1358
277 279 283 284 285 363 514 821 1163 1255
279 280 284 285 286
280 283 284 285 286 1461 1476
1460 636 723 1067 1154 1255 1461 1466
1463 332 1381 1458 1459 1461 1466 1470
944 937 938 943 945 946 947 950 951 952
283 286 1277
1443 577 581 648 1059 1436 1438 1440 1441 1442 1444 1447 1449
284 285 286 290 292
562 554 555 558 559 560 561 563
285 286 290 292 293 1156 1426
363 357 359 360 362 365 370 1038
514 422 508 512 518 519 521 910 1169
821 440 814 815 816 820 823 824 826 829 1393
1163 1096 1155 1156 1157 1158 1159 1160 1161 1165 1168 1169 1170
1255 1247 1250 1252 1256 1258 1259 1260 1262 1483
286 290 292 293 394
1417 481 491 1405 1409 1413 1414 1419 1421 1423
1461 1456 1458 1459 1466
1476 433 690 1406 1471 1472 1473 1474 1482 1483 1484
289 293 294 295 296 297 979 1483
1001 381 994 998 999 1000 1003 1004 1005 1006 1008 1065 1181
290 292 293 294 295 296 297 686 801
965 957 958 961 963 969 1158
1277 926 1269 1271 1273 1279 1280 1282 1285
292 293 294 295 296 297 300 1284
293 294 295 296 300 301 1152
1156 571 1150 1154 1155 1157 1159 1160 1161
1426 1216 1419 1421 1422 1423 1427 1429 1430 1431 1432
394 389 395 398 401 708 1436
294 296 297 298 300 302 548 576 883 1123
295 296 297 298 300 301 302 303
296 297 298 300 301 302 303 304
297 300 301 302 303 304 464 1160 1177
979 643 972 974 980 981 986
1483 1477 1478 1480 1482 1484 1485 1488 1489
686 678 679 682 683 684 687 690 694
801 662 796 797 799 802 803 805 806 808
1161 554 1154 1155 1158 1160 1165 1169 1300 1492
1472 1466 1470 1471 1473 1474 1477 1478 1480
300 298 301 302 303 304 308 531 1344
1284 485 492 1278 1279 1280 1282 1285 1286 1287 1289 1291
301 298 303 304 306 307 308 309 884 1109
1152 591 870 1147 1150 1154 1157 1158 1159 1160
298 303 304 306 570 862 1071
302 303 304 306 307 308 309 310 1019 1291
548 540 541 544 545 547 549 554 555
576 355 436 573 575 581 583 716 1201 1431
883 875 882 884 885 886 887 891 910
1123 859 1121 1124 1125 1129
303 304 306 307 308 309 310 558
304 306 307 308 309 310 312 733 1216 1263
464 458 461 462 463 466 471 472 915
1160 721 1020 1154 1157 1158 1159 1168
1177 782 1169 1170 1174 1175 1178 1179 1181 1182 1183 1185
306 308 309 310 312 313 314 331
570 563 573 575 577 578 1037
862 669 854 860 861 864 867 869 870 875
1071 1063 1064 1066 1067 1070 1077
307 308 309 312 313 314 703 769 991
449 441 444 447 452 453 454 455 620
792 791 796 797 799 800 1232
1406 400 1398 1400 1403 1405 1407 1408 1409 1410 1414
308 309 310 312 313 314 316 1000
531 526 527 532 536 537 538 539 800
1344 760 1336 1337 1339 1340 1343 1347 1349 1352
309 310 313 314 316 558
884 655 881 882 885 887
1109 682 1104 1106 1110 1113
310 313 521
1019 660 1011 1012 1013 1014 1016 1017 1022 1300 1413
1291 1178 1285 1286 1287 1290 1293 1295 1297
558 552 555 557 559 561 563 636
312 313 314 319 424 1083
733 517 728 731 732 735 738 741 742 1000
1216 905 1208 1211 1214 1218 1222
1263 1093 1256 1258 1259 1261 1265 1266 1267 1268 1269 1413
447 441 444 452 453 455 500 502 617
1478 331 517 773 1010 1456 1470 1471 1473 1477 1482 1484 1485
313 314 316 319 321 1480
314 316 319 321 322 629
331 326 328 332 333 335
703 359 695 696 702 705 706 707 709 710
769 333 761 762 766 768 770 773 775 776
991 380 986 987 988 989 990 992 993 994 998 999 1487
316 319 321 322 500
1000 993 998 999 1003 1004 1005 1006 1007 1008 1173
521 517 518 519 526 527 814
319 321 322 327 947
1022 835 938 1014 1016 1017 1020 1023 1027 1029 1030
424 418 423 426 427 428 430 431 757
1083 1077 1080 1081 1084 1087 1091
321 322 326 327 328 489
1480 1150 1473 1474 1482 1484 1485 1488
322 327
629 479 547 622 626 628 636 637 1310
500 492 496 502 503 504 505 508
540 532 536 537 538 539 541 544 545 546
909 903 904 905 906 908 910 912 913 915 916
326 327 328 332 333
954 791 946 947 950 951 952 956 957 958 961
327 328 332 335
947 943 945 950 952
328 332 333 335 433 857
705 698 701 702 704 707 708 709 710 1210
489 483 484 488 496
332 335 338
357 349 351 353 359 360 361 365 875 1374
333 335 338
682 674 678 679 683 684 685 871 1456
1065 351 1061 1063 1064 1070 1268
335 338 342
433 426 427 428 430 431 432 436 437 438 440 441
857 437 824 849 850 851 852 854 856 859 860 861 1423 1484
496 488 491 492 499 502 503 504 958 1401
946 687 916 938 945 950 951 952
1157 993 1150 1155 1158 1159 1165 1241
338 342 345 346 901 961
373 365 367 370 371 372 376 379 380 381 746
956 950 951 952 957 958 963 1199
342 345 348 349
546 538 539 541 544 545 547 552
1181 1173 1178 1179 1182 1185 1186 1188 1189
1302 875 1295 1297 1300 1303 1307 1308 1309 1310
1398 1393 1395 1400 1401 1403 1471
345 346 348 349 351 353
508 502 503 505 509 512 545 835
606 603 607 608 612 614 1295
762 755 756 757 767 768 770 943 1238
346 348 349 351 353
901 491 873 893 896 897 903 904 906 908
961 573 903 957 958 963 966 969 1362
1401 789 1280 1393 1394 1395 1397 1400 1403 1405 1407 1408 1409
348 349 351 353 355
805 797 799 800 802 803 806 808 812
349 351 353 355
440 432 436 437 438 444
351 353 355 359 1248
614 607 608 612 615 616 617 618 619 620 622
732 724 728 729 735 737 738 1037
353 355 359 360 361 1214
355 360 361 362 696 1336
537 532 536 538 539 541 544 1134
827 820 823 824 826 828 829 833 1017 1232 1485
359 361 362 365 367 655 1052
1248 1100 1241 1243 1246 1250 1252 1256 1339
360 361 362 365 367 685
361 365 367 925
1214 1206 1211 1218 1220 1222
362 365 367 370 1048
466 460 461 462 463 471 472 603
696 441 691 694 695 702 704
1336 856 1328 1333 1334 1335 1337 1339 1340 1374
690 458 684 685 687 691 694 695 698 1267
365 367 370 371 372 899
875 867 870 871 872 873 874 878
1374 752 1261 1340 1367 1368 1372 1375 1377 1380 1381
1260 631 891 1252 1256 1258 1261 1262 1265 1266 1267 1268
367 370 371 372
655 395 410 647 648 649 651 653 654 656 662 663 802
1052 390 1045 1048 1051 1053 1059
685 472 678 679 683 684 687 691
925 920 921 922 923 924 926 927 928 929 930 931
370 371 372 376 702
1048 1017 1040 1041 1045 1051 1197
1038 1030 1032 1033 1037 1040 1041 1045
371 372 376 1477
372 376 379 1444
870 864 867 869 871 872 874
899 384 609 891 893 896 903 904 905 906
389 381 382 384 388 390 395
718 710 713 716 720 721 723 724 905 1428
1210 441 766 1203 1205 1206 1211 1218 1250
376 379 380 381 382 383 384
704 698 701 702 706 707 708 709 710
702 691 694 695 698 701 706 707 708 710
1477 706 935 1470 1471 1474 1482 1484 1485
379 381 382 383 384
1444 608 1436 1438 1440 1441 1442 1447 1448 1449
380 381 382 383 388 904
381 383 384 388 782
746 741 742 743 744 745 748 749 754
382 383 388 390 398
1484 608 1482 1485 1487 1489 1492
912 691 905 906 908 910 913 915 920 1433
1143 903 1124 1136 1137 1147 1150 1343
1265 561 1258 1259 1261 1262 1266 1267 1271 1273
383 384 388 390
384 388 390 620
683 678 679 684 691 1363 1393
709 701 706 707 708 713 714 716 717
833 826 828 829 835 838 840 860 1311
698 691 694 695 701 706 812
754 748 749 752 755 756 757 761 864 992
974 966 969 972 980 981
1188 499 856 1182 1183 1185 1186 1189 1190 1191 1194 1372 1438
1247 1051 1243 1246 1250 1252
388 395 505 1124
904 708 896 897 903 905 906 908 910
782 775 776 779 783 789
390 398
398 395 400 404
620 455 612 615 616 617 618 619 622 624 626 628
737 545 729 731 735 738 742 743 744 745
395 400 401
603 596 607 609
823 815 824 826 829
1422 1007 1414 1419 1421 1423 1427 1428 1429 1430
505 498 502 503 504 509 512
1124 728 1120 1121 1125 1129
431 423 426 427 428 430 432 436 437 438
1110 405 1104 1106 1112 1326 1354
1178 716 1173 1175 1179 1183 1185 1186
1303 926 1029 1295 1297 1300 1307 1308 1309 1310
400 401 404 405 408 504
401 404 405 408
708 706 707 710 713 714 928
1436 881 1428 1429 1431 1432 1433 1435 1438 1440 1441
404 405 408 410
405 408 410 776 1324
647 639 641 642 643 644 645 646 648 654 1429
931 923 924 926 929 930 935 937 938 963
1016 834 1008 1010 1011 1012 1013 1015 1020 1023
408 410 415
504 498 502 503 509 512 645 768 773 1295
410 417 418
694 687 691 701 1256
1106 1104 1112 1113
1201 502 710 1011 1140 1194 1195 1198 1199 1203 1206 1208
1332 1238 1324 1326 1328 1333 1334 1335 1337 1339 1340
776 773 775 779 783
1324 1319 1320 1322 1326 1328
1005 455 728 998 1003 1004 1007 1008 1010 1012 1013
1012 1004 1006 1007 1008 1010 1011 1013 1014 1015
1120 1112 1113 1121 1122
415 417 418 422 423
417 422 423 1138
538 532 539 541 544 1198
592 584 586 587 589 590 591 594 596 625
418 422 423 426 1112 1278
518 512 517 519 526 1287
545 541 544 547 549 935
422 426 427 428 430
1208 1203 1205 1206 1211
423 426 427 428 430 654
1138 1051 1134 1136 1137 1140 1146
426 427 428 430 432 856
1112 834 1104 1113
1278 1273 1275 1279 1280 1282 1285 1286
427 428 430 432 1459 1487
428 432 436 1432
1300 517 856 1295 1307 1308
430 432 436 437 438
654 618 646 649 656 691 1175
757 752 755 760 761 1132
432 437
916 908 910 913 920 921 922 923 924 1410
856 848 849 851 852 854 861 864
1459 1159 1440 1456 1458 1466
1487 893 1008 1033 1482 1485 1488 1492
436 437 441 444
1432 561 1427 1429 1430 1431 1435 1440
437 438 441 444
609 607 608 612 615 616 617
720 713 717 721 723 724 728
438 441 444 1174 1488
441 444 926
1225 742 1218 1220 1222 1223 1226 1227
1376 1368 1372 1375 1377 1378 1380 1383
915 910 920 922 923 988
444 452 499
1174 713 867 1168 1170 1173 1179
1488 872 1482 1485 1489 1492
498 491 492 499 502 503
926 662 920 921 922 923 924 928 929
452 453 454 458 460 1063
499 492 502 503
453 454 455 458 460 461
897 891 896 903 905
1030 1027 1029 1032 1033 1037 1363
455 454 458 460 461 462 463
502 503 584 834 854 1023
617 612 615 616 618 619 622 625 1223
454 458 460 461 462 1013
555 547 549 554 557 559 560 561 563 1010 1040 1378
458 460 461 462 463
913 905 906 908 910 920 921
1252 1250 1258 1259
1297 872 896 1289 1290 1293
850 851 852 854 998 1121 1203
460 462 463 645 1286
1063 1059 1061 1066 1067 1070 1307
461 462 463 1386
462 463 849
1013 672 840 1006 1007 1008 1010 1014 1015 1017 1020
463 471
859 648 852 854 860 861 864 867 1040
1380 491 999 1372 1375 1377 1378 1381 1383
645 637 639 642 643 644 646 648 649 651 653 1121
1286 1189 1279 1280 1285 1287 1289 1290 1293
1386 653 1040 1061 1206 1378 1381 1389 1393 1394
849 846 847 848 851 852
471 477 478 479 1061
472 477 478 480 1218
1431 1423 1428 1429 1430 1433 1435 1438
475 478 481 483 637
624 616 618 619 622 625 626 628 631 1262
669 662 663 666 667 668 670 672 674 675
477 478 479 480 481 483 484 485 999 1268
767 760 761 766 768 773 1375
478 480 481 483 484 485 1325
479 480 481 483 484 485 643 893 1170
1061 1053 1059 1066 1067 1194
480 481 483 484 485 488 582
1218 1211 1220 1222 1223 1226
1325 1319 1320 1322 1326 1333 1405
481 483 484 485 488
483 485 488 491 938
637 631 634 636 639 642 950
484 485 488 491 492 779
1285 1268 1279 1280 1282 1287 1289 1290 1293
485 488 491 492 922
999 992 993 994 998 1003 1129
1268 1262 1266 1267 1269 1271 1273 1275
643 636 639 642 644 646 648 649 651
893 885 886 891 896 1095 1361
1170 594 1165 1168 1169 1175 1189
488 491 492 851
582 575 580 581 583 584 586 587 589 590 878 1080 1414
491 492 1377
938 930 935 937 943 1211
492 872 1195
779 775 783
922 920 921 923 924 927 928 929 930 1169
1003 998 1004 1006 1007 1010 1011
1433 591 1427 1428 1429 1435 1440 1441
851 846 847 848 854
619 612 615 616 622 626 1395
874 869 871 872 881 882
1100 1092 1095 1104 1458
1377 1262 1372 1375 1378 1381
872 864 867 869 871 873 878 937
1195 743 1190 1191 1203 1389
886 882 885 887 891 1095
966 958 963 969 972
1190 1182 1185 1186 1189 1191 1194 1197 1198 1466
503 509
958 950 952 957 963 1389
951 943 945 950 952 957
509 512 517 920
867 860 861 864 869 871 873
584 577 578 580 583 586 587 589 591
834 791 835 838 840
854 846 847 848 852 861
1023 675 1015 1020 1029 1067
512 517 519 840
768 760 761 766 770 775 969 1168
773 766 770 775
1295 824 1287 1289 1290 1293
1389 1381 1383 1394 1395 1397
835 828 829 838 840 1137
517 519 1033 1045
920 716 921 923 924 927 928 1014
596 589 590 594
519 527 1132
963 957
840 838 846 847 848
816 808 812 814 815 820 824 1287
1078 1077 1080 1081 1362
1447 1440 1441 1442 1448
910 903 905 906 908
1169 1165 1168 1173
935 828 927 928 929 930 937 943
1092 738 1091 1093
1033 1027 1029 1032 1041 1334
1045 1040 1041 1051 1211
526 527 532
1287 1282 1289 1290 1293
527 532 761 1400
1132 1125 1129 1134 1136 1137 1140 1241
814 806 808 815 820
532 539
591 583 586 589 590 594 1168
716 710 713 714 717 721 723 724
761 755 756 760 766
1400 1372 1393 1394 1395 1397 1403 1405 1407
536 539 541 544
993 986 987 988 989 992 994 998
539 544 547 710 1375
800 796 797 799 802 803 806 808 1027
541 544 547 549 929 1179
636 628 631 634 639 641 642 644 980
544 547 549 552
1134 1129 1137 1140 1198 1363 1364 1470
1198 1191 1194 1197 1199 1203 1206
547 549 552 554
710 706 707 713 714
1375 563 1096 1367 1368 1372 1378 1381 1383
549 552 554 1179
929 923 924 927 928 930 937
1179 653 1173 1175 1182 1183 1186
701 695 707
552 557 560 1441
554 557 559 560 561
557 559 561 589 755 1091 1194
927 921 923 924 928 930
559 560 561 563 1080 1485
560 561
1441 1435 1438 1440 1442 1448 1449
561 1194
563 641 755
1010 1006 1011 1014 1017
1040 1032 1037 1041
1378 1372 1381
589 583 586 587 590 594 1273
755 748 749 752 756 760
1091 1087 1093 1095 1096
1194 1186 1189
1080 1077 1081 1084 1087
1485 1368 1482 1489 1492
641 634 639 642 644 646 648 649 1183
571 573 575 577 578 1326
573 577 580 581
656 648 649 651 653 660 663
928 921 923 924 930
575 577 578 580 581 583 986
577 578 580 581 583
612 607 618
992 986 987 988 989 990 994 998
1394 1393 1395 1397
578 580 581 583 586
1037 826 1032 1041
1326 1319 1320 1322 1328 1333 1334
580 581 583 586 587 1448
581 583 586 587 838 1104
583 587 590 826 1290
986 980 981 987 988 990 994
586 587 590 594 1320
587 590 594
1448 731 1449 1456
838 846
1104 1428
590 594
878 663 871 873 882 885 930 1397 1456
1414 957 1407 1408 1409 1410 1413 1419 1421
826 820 828 829
1290 1282 1289 1293
1183 1175 1182 1185 1186 1189 1191
594 1246 1358
1320 1314 1319 1322 1328
1293 1084 1147 1289
1273 1267 1269 1271 1279 1280
1168 1165 1175
625 618 626 628 631
1246 1238 1241 1243 1250
1358 1354 1361 1363 1364
1096 1093 1095
1182 634 1175 1185 1186 1189
1197 1189 1191 1199 1203 1205
1473 1466 1470 1471 1474
607 608 615
648 644 646 649 651 653 668
1125 1121 1122 1129 1471
1159 1154 1155 1158 1165 1266 1275
608 615
1223 1220 1222 1226 1227
615 616 622
616 618 622 770
618 626
1410 1136 1403 1405 1407 1408 1413
1081 1077 1084 1087
622 626 628 887 1322
770 775 1271
626 628 631 634
1395 1393 1397 1403
628 634
1271 828 1226 1266 1267 1269 1275 1279
887 881 882 885 891 1185
1322 1314 1319 1328
631 634 639 668
1262 1258 1259 1261 1266 1267 1269
634 639 642
1310 1307 1308 1309 1311 1314
1428 1421 1423 1427 1429 1430 1435
639 642 644 646
668 660 662 663 666 667 670 672 674 675 1205
642 644 646 1199
644 646 649 651 675 828 846
980 972 981 987 988 1409
950 943 945 952 957
646 651 653
649 651 653 1008
1199 1191 1203 1205 1206
651 653
675 667 670 672 674 1137
828 820 824
846 848 852 1440
653 660
1121 723 1113 1122 1129
1429 1423 1427 1430 1435
1008 1006 1007 1011 1014 1015
660 662 663 666 667
691 687 695 783
1175 1064 1173
662 663 666
663 666 667 670
802 796 797 799 803 808
1427 748 1007 1419 1421 1423 1430 1435
666 667 670 672 674
667 670 672 674
670 672 674 678
672 674 678 679
812 806 808 815 820 930
674 678 679
1205 1206
678 679 684
679 684 687
1474 1466 1470 1471
1137 783 1129 1136 1140
684 687
1328 1158 1333 1334 1335
687 695
871 864 869 873
1456 1449
1363 998 1355 1362 1364 1368
1393 1004
695
1267 1259 1261 1266 1269
783 775 789 791
1266 1258 1259 1261
1256 1173 1250 1258 1259 1261 1383
873 869 881
706 707 713 714
707 713 852
905 903 906 908 1355
713 714 717 721
714
852 847 848 860 1011
717 723
1309 1307 1311 1314 1405
1333 791 1334 1335 1337 1339 1340
721 723 728 729 744
723 724 728 729 731
724 728 729 731
881 882 885
728 729 731 735
729 731 735
744 738 741 742 743 745 748 749 752
731 735 738
735 741 742 743 860
738 741 742 743 745
741 742 743 745 749 1339
742 743 745 748 749
743 745 748 749 1020
860 864
1355 988 1349 1352 1354 1361 1362
745 748 749 752
1354 1347 1348 1349 1352 1361 1362
748 749 752 1146 1435
749 752 756
1339 1334 1335 1337 1340 1343 1347
1020 1014 1015 1017 1027
752 756 760
1335 1334 1337 1340 1343
1146 1147 1150
1435 1430 1438 1440 1442
756 760 1155
864 861 869
760 766 1220
1155 1150 1154 1158 1319
766
1220 1222 1226
943 937 945 1238
1238 1232
989 981 987 988 990 994
998 990 994 1004 1006
775
969 972
1279 891 1275 1280 1282
1241 1243
1348 1340 1343 1349 1352
1014 1006 1007 1011 1015 1017
803 796 797 799 808
789 791 796 797
791 796 797 799
796 797 799
1347 1340 1343 1349 1352
797 799
799 806
1232 1226 1227
806 808
808
1027 1032
815 820
820 824
930 923 924 937
824 829
829 1066
1017 1011 1015
1066 1059 1064 1067 1070
1206 1203 1211
1084 1077 1087 1275
1419 1413 1421 1423
1311 896 1307 1308 1314 1319
847 848
848
981 987 988
1261 1258 1259 1269
957
1122 1129
1440 1438 1442
1203 1211
1011 1004 1007 1015
861 869
1423 1421 1430
869
937 945
882 885
885 891
1185 1186 1191 1211
1397 1403 1405
891 896 1004
1095 1087 1093 1372
903 906 1077
896
1004 1006 1007
1191
1361 1362 1364 1367 1368
906 908
908
1077 1070
921 923 924
923 924
988 987 990 994
924
1471 990 1470
972
945 952
1211
952
1362 1364 1367 1368
1158 1150 1154
987 990 994
1409 1403 1407 1408 1413
990 994 1032
994
1032 1029
1006 1007
1129 1136
1007 1015
1173 1165
1015 1087
1087 1093
1413 1407 1408 1421
1029
1067 1059 1070 1289
1041
1334 1337
1189 1186
1051 1059
1053 1059
1059 1064
1408 1403 1407
1064 1070
1070
1307 1308 1314
1289 1282
1150 1147 1154
1275 1269 1280 1282
1093
1492
1165
1372 1259 1364 1367 1368
1458 1466
1113
1442 1438 1449
1136 1140
1140 1147
1364 1367 1368
1470 1466
1147 1154 1430
1343 1337 1340 1349
1154
1430 1438
1314 1319
1319
1186
1269
1438
1466
1250 1243 1258
1222 1226 1227
1226 1227
1227
1340 1337
1243
1258 1259
1259
1383 1381
1280 1282
1282
1308
1405 1403 1407
1337
1349 1352
1352
1367
1368
1381
1403 1407
1407
1421
1449
1482 1489
1489
