0 1 2 4 496 497 498 499
1 2 3 5 497 498
2 4 5 6 65 438 456 498 499
4 3 5 7 280 309 407
496 336 492 493 494 497 498 499
497 91 493 494 495 498 499
498 494 495 499
499 3 453 495
3 5 6 7 95
5 6 247
6 7 8 9 10
65 55 61 62 64 67 68 69 271
438 343 434 435 436 437 441 442
456 329 452 454 455 457 458 459 460
7 8 9 10 11 36
95 91 92 93 94 96 97 98 99 139 428
280 121 275 278 279 281 282 284 410 457
309 182 305 307 308 310 311 312 313
407 133 403 404 405 406 409 410 411 439
247 243 244 246 250 285 317 489
8 9 10 11 12 305
9 10 12 13 137 238
10 12 13 14
11 12 13 14 87 349 415
36 32 34 35 37 40 342 484
12 13 14 15 16 199 350
305 125 268 301 302 303 304 307 471
13 14 16 17
137 133 134 135 138 139 141 211 416
238 234 235 236 237 239 240 242
14 15 16 17 148 390
87 83 84 85 89 90 91
349 69 345 346 347 351 352 353
415 411 413 414 416 417 418 419 435
15 16 17 18 23 277
16 17 18 19 20 361 481
199 195 197 198 200 201 202 203
350 348 351 352 353 354
17 18 19 20 21
148 144 145 146 147 150 152 453
390 275 386 388 389 391 393 394 455
18 20 21 22
23 20 21 22 25 26 27 361 384
277 273 274 275 276 278 279
19 21 22 254 326 429
20 21 22 24 263
361 140 357 359 360 362 364
481 477 478 480 482 483 484
21 22 24 416
22 24 25 26
254 214 250 251 252 253 256 257 258
326 138 194 322 323 324 328 329 421
429 245 425 427 428 430 431 432
24 25 26 27
263 222 259 260 261 262 264 266 267 315 433
416 372 412 413 414 417 418 420 421
25 26 27 29 383
26 27 28 30 341
27 29 30 107 225
384 380 381 383 386 387 388
29 31 32 33 152 356
383 293 379 380 381 382 387
28 30 31 32 89 209 276 396
30 31 32 33 34 220
341 115 337 338 339 342 343 345 368 439 492
107 103 105 106 108 109 110 111
225 221 222 224 226 227 228 229 251 434
31 32 34 35 331
32 33 34 35
89 85 86 88 90 91 92 93
209 205 206 207 210 211 212 213
276 273 274 275 278 279
396 392 393 394 395 397 398 399
33 35 37 96 336
152 150 151 153 155 156
356 250 352 353 354 355 357 358 359 360
34 35 37 38 190 230
220 216 217 218 219 221 222 223
35 37 38 122
331 327 328 329 332 333 334 335
37 39 40 41
96 73 92 93 94 97 98 99 100
336 119 332 334 335 337 338 339 340 352 457
38 40 41 42 102 218 363 441
190 86 187 189 191 192 193 194
230 69 226 227 228 229 231 232 233 234
122 100 118 119 121 123 124 125 126
40 41 42 44 149
342 98 338 340 343 346 408
484 295 387 468 480 482 485 486 487
39 41 42 43 195 479
41 43 44
42 43 44 46 355 439
102 98 99 101 103 104 105 106 157 288
218 111 214 215 216 219 345
363 351 359 362 364 365 366 367
441 178 281 437 439 440 442 443 445
43 44 45 46 47 449
195 155 191 193 194 196 197 198 245
479 219 475 476 478 480 482 483 491
44 45 46 47 48 327
149 145 146 147 150 151 153
46 45 47 48 49 50
355 351 352 353 358 359 478 494
439 248 435 436 442 443
45 47 48 49 66 245
47 48 49 50 51
449 198 445 446 447 450 451 452 453
48 49 51 52 116
327 324 325 328 329 330
49 51 53 88 108
66 62 63 67 69 70 385 398
245 242 243 246 248
50 51 52 53 54 70 138 307
51 52 54 167 388
52 53 54 55 56 253
116 112 113 114 117 118 119 120
53 54 55 56 57 330
88 84 85 90 91 92 409
108 76 105 109 111 112
54 56 57 58
70 68 71 72 73 74 93 156 389
138 134 135 136 140 142
307 304 306 308 310 311 316
167 163 164 166 168 169 171 353
388 385 386 387 391 392
55 58 59 425
56 57 58 59 60 408
253 250 251 252 255 257
57 58 59 60 61
330 132 328 329 332 333 387
58 59 60 61 437
59 60 61 62 63 287 312
425 422 423 424 426 427 428
60 62 63 64
408 346 405 409 410 411 412
61 62 63 156
437 310 434 436 440 476
62 63 64
63 64 67 455
287 283 285 286 288 289 290 291
312 310 311 313 314 316 483
64 67 68
156 153 154 155 157 158 159 160 340
67 68 69 71
455 435 452 453 457 459
68 71 72 492
69 71 72 73
271 267 268 269 270 272 273 274 275
385 175 381 386 387 389
398 99 393 394 397 399 401 402
71 72 73 74 244 450 451
72 73 74 75 76
492 488 489 491 493 494 495
73 74 76 77
74 75 76 77 78 374
93 90 92 94 97 257
389 386 387 391 392
244 240 241 242 243 246
450 101 446 447 448 452 453
451 354 364 426 448 453 454
75 77 78 79 181
76 77 78 79 80 193
77 78 79 81 181 353
78 79 80 81 493
374 370 371 372 373 375 376 377
79 80 81 82 83
181 177 178 179 180 182 183 185 260 381 411
80 81 82 83 84
193 189 192 194 196 197
81 83 84 85 431
353 221 351 352 354 357 495
493 489 490 491 494
82 83 84 85 86 94 296
83 84 85 344
84 85 86
85 86
431 208 427 428 430 432 433 460
86 90 344
94 90 92 98 258 445
296 292 293 294 297 298 300 365
344 206 340 343 346 348
90 91 92
91 282
92
409 188 406 410 411 412 413
282 231 279 283 284 285 286
97 98 99 100 101 130 380
257 256 259 261
98 99 100 101
258 255 259 260 261 262 320 406
445 106 118 132 286 442 443 444 446 447 488
99 100 101 103
139 103 135 136 142 165 414 434
428 424 430 432
100 101 103 132 133 421 444
101 103 104 372
130 127 128 129 131 133 134 224 265
380 376 377 378 379 381
103 104 105 106
132 128 129 131 133 134 135 136
133 129 131 134 136
421 131 297 348 419 420 422 423
444 188 442 443 446
104 105 106 283
372 202 217 368 370 373 376
105 106 109 176
106 109 110
157 153 154 155 160 161 202
288 285 286 289 290 291 292 447
283 178 229 279 281 284 285 286
109 111 112 113 235
176 172 173 174 175 178 179 180
110 111 112 113 114
111 112 113 114 115
112 113 114 115 182
113 115 117
235 231 232 233 234 236 237 239 426
114 115 117 118 376
115 117 118 459
182 178 179 180 184 185 186 223
117 118 120 170 298
118 120 121
376 373 375 377 378 379 382
459 457 458 460 461 463 470
119 120 121 123 314 345
120 121 123 124
170 166 168 169 171 172 173 174
298 294 295 297 299 300 301 379
121 123 124 125 411 480
123 124 125 126 127 249
314 310 316 317 318 382
345 343 346 347 348
124 125 126 127 128 264
125 126 127 128 129
411 412 413 427
480 477 478 482 483
126 127 128 129 460
127 128 129 131
249 246 248 252
128 129 131
264 260 261 265 266 267 285
129
460 265 313 457 461 464
131 134 135 172
134 136 369
224 221 222 223 226 227 228
265 158 261 262 266 267 268 269 465
135 136
172 168 169 171 173 174 175
136 140
369 286 352 365 368 370 371
140 141 142 143 144 150 290
141 142 143 144 222
211 207 208 210 212 213 214 215
142 143 144 145 146
165 161 162 163 166 169
414 410 412 413 417 418
434 430 432 435 436
143 144 145 146 147 295
144 145 146 147
150 146 147 153 154
290 159 286 289 291 293 294
222 168 219 223
145 146 147 275 303
146 147 184
147 151 324
295 291 292 293 294
275 273 274 279
303 299 300 302 304 306
184 183 185 186 187 435
151 153 154 155 403
324 320 321 322 323 325 328 468
453 232 452
153 154 155
154 155 158 347
155 158 159
403 399 400 401 402 404 406
158 159 161 377
347 343 348 430 436
159 160 161 162
160 161 162 163 164 338
340 311 337 339 435
161 162 163 164
202 198 200 201 203 205
377 259 373 378 379 381
162 163 164 166
163 164 166
164 168 397
338 334 335 337 339
166 168 169
168 169 171
397 393 394 399 400 401
169 171 173
171 173 174 175
173 174 175 177 375
174 175 177 178 212
175 177 179
177 178 179 180 221 302 373
375 371 373 379
178 179 180
212 213 214 215 216
179 180 183
180 183 462
221 217 219 319
302 299 300 301 304 306
373 370 405
183 185 186 187
462 458 461 463 464 465 466
185 186 187 366
260 189 256 259 261
381 228 378 379 488
186 188 189
223 219 226 227
187 189 191 332
435 433
366 272 362 364 365 367 370 395
188 189 191 192 387
189 191 192
191 192 467
332 329 333 334 335
192 194 196 368
387 360 417
194 196 197 198 368 400
467 463 464 465 466 468 469 470 471
196 197 198 200 232
368 364 370 371
197 198 200 228
198 200 201 233
400 399 401 402 404
200 201 203 204
232 228 231 234 236
228 226 227 229
201 203 204 205
233 229 231 234 236 237 241
203 204 205 206 207 393
204 205 206 207 208
205 206 207 208
206 207 208 210 252
207 208
393 392 394 395
208 210 477
210 213 214 321 427
252 248 251 255 256
477 473 475 478
213 214 215 217 286
214 216 217
321 317 318 319 322 323 325
427 423 424 426 430
215 216 217 219 248 406
216 217
217 219
286 285 289
219 229
248 251
406 404 405 410
229 226 231 436
319 316 317 318 320 322 323
226 227 272 382
227 231 405
251 250 255
272 268 269 270 273 274
382 378 386
231 234 337
405 402 404
436 432
234 236 237
337 334 335
236 237 239 240
237 239 240 241
241 239 240 242 243
239 240 242 243
426 422 423 424 430 458
240 242 243
242 243 246
243 246
246 250
250
285 284 289
317 292 313 315 316 320
489 256 485 486 487 490 491
255 256 259
256 259 308
259 261 262
308 304 306 310 311
261
262 266
320 316 318 322 323 394
266 267 268 269 424
267 268 269 270
315 311 313 316 318
433 432
268 269 270
269 270 454
465 461 464 466 468 469
424 420 422 423
270 273 274
454 452 457 458
273 274
274 278
278 279 328 402
279 281
328 485
402 399 401 404 432
281 284 339
284
410 412 413
457 351 458 461
339 335 343
289 291 292 293
291 292 293 294 478
292 293 294
447 443 446 448
293 294 297
294 297
478 419 474 476 482
297 299 300 301
300 299 301 304
365 362 367
299 301
301 304 483
379 485
304 306
483 482 485 486 487
306 310 448
471 469 470 472 473 475
310 311 313
448 446 452
311 313
316 313 318
313
318 322
322 323 325
323 325
394 391 392 395
325 329
468 442 464 466 469 470 472
329 333
485 482 486 487 488
333 334 335 452
334 335
335
452
352 348 351 354
343 346
346 348 419
348 351
419 417 420 422 423
430 432 440
351
354 357 358
357 358 359 360
495 491 494
358 359 360 362
359 360 362
494 490 491
360 362 364
362 364
364 473
367 370 371
473 469 472 474 475 476
370 371
395 391 392 399
371
378
488 486 487 490 491
386
417 413 418 420
391 392
392
399 401
401 404
404
432
412 413
413
418 420 422
420 422 423
422 423
423
458 461
440 442 443
476 472 474 475
442 446
443 446
446
461 463 464
463 464 466
470 466 469 472 474
464 466
466 469
469 472
472 474 475
474 475
475
482 486
491 487 490
486 487 490
487 490
490
