0 1 3 4 218 236 496 497 498 499
1 2 4 5 172 497 498 499
3 2 4 6 7 368 499
4 2 6 8 15 287
218 171 191 215 216 217 220 221
236 232 235 237 239 240 334 489
496 492 493 494 495 497 498 499
497 493 494 495 498 499
498 2 40 214 499
499 327 495
2 5 6 284 335
5 6 7 8 9 44 192 257 477
172 168 169 170 171 174 175 176 285 309
6 7 8 9 10
284 280 283 286 287 288
335 116 331 332 333 334 336 339 484
7 8 9 10 11 406
368 45 90 365 367 369 370 371 372 453
8 10 11 12 47
15 11 13 14 16 17 19 477 494
287 133 283 285 286 288 289 291
9 11 13 429 478
44 40 41 45 47 48
192 188 190 191 193 195 196 208 309
257 253 254 255 258 259 260 261
477 106 473 475 476 478 480
10 11 12 13 14
11 12 14
406 185 404 405 407 408 410
12 14 16 167 429
47 45 46 51 153 181 467
13 14 16 17 57 119 181 383 430 463 474
429 94 145 266 403 426 428 430 431 432 433
478 168 474 475 476 479 480 482
14 16 17 18 459
16 17 19 20 281 328
167 163 164 166 168 169 170 171
17 19 20 21 423 445
57 54 55 56 60 62 267
119 115 116 117 118 120 121 123 312
181 112 178 179 180 182 184 185 466
383 146 379 381 382 384 385 386 387 422
430 426 427 428 431 433 434
463 104 459 460 461 462 464 465 467
474 177 373 470 471 473 475 476
18 19 20 21 22
459 400 455 456 458 460 462
19 21 23 179
494 152 490 491 492 493
20 21 22 23 321 475
281 98 277 278 280 282 283 285 447
328 41 46 114 325 326 327 329 330
21 22 23 476
423 337 420 421 424 426 427
445 212 228 286 441 442 443 447 449 481
22 23 24 25 26 448
23 24 25 26 27 231
179 98 175 176 177 178 180 182
321 58 68 267 294 318 322
475 471 472 473 476 479
476 375 473 480
24 26 27 28 189 216 402 468
25 26 27 28 29
26 27 28 29 30
448 93 444 447 449 451 452
27 29 31 418
231 136 227 228 229 230 232 234 283
28 29 30 31 32
189 185 187 188 190 191
216 212 213 214 215 217 219 220
402 398 399 400 401 403 404 405 446
468 38 226 342 465 466 470 471
29 30 32 33 306
30 31 32 64 143 337
31 32 33 35 122 125 263
418 414 415 416 417 419 421 422
32 33 34 35 36 142 250
33 34 35 36 37 210 214 291
306 302 303 305 307 308 310
64 60 61 62 63 65 66 68 247
143 139 141 142 144 145 146 147 325
337 333 334 336 339 340 341
35 34 36 37 38 39 86
122 120 121 123 124 125 126
125 121 123 126 129 140 198
263 259 260 261 262 264 265 266 267
34 36 38 124 183 447
36 37 39 40 394 446 450
142 138 139 140 144 146
250 246 247 248 249 251 253 254
37 39 40 41 110
210 207 208 209 212 213 214 413
214 148 211 212 213 215 273
291 187 191 288 293 294
38 39 40 41 42 304 352 376 495
124 120 121 123 126 127 128
183 180 182 184 186 187 292
447 182 185 443 444 446 449 451
39 40 41 412
86 82 83 84 85 88 89 90 108
40 43 479
394 390 391 393 395 396 397
446 193 442 443 444 449 450
450 449 451 452 453 454
41 43 45
110 107 109 111 112 113 114 483
42 43 45 46 488
304 298 301 302 303 305 308
352 348 349 350 351 353 354
376 372 373 374 378 379 380
495 66 133 363 491 493
412 234 240 408 409 410 411 413 414 415
43 45 46 104 221
479 146 480 481
45 49 279
46 48 49 66 109 295 315
488 85 483 484 485 487 489 490 492
104 100 102 105 107 108 436
221 200 217 219 220 222 223 224 225
48 49 50 51 52 386
49 50 52 53 96 223 367 469
279 63 129 275 276 277 278 283
66 62 63 65 67 68 69 70
109 105 107 108 111 113 434
295 292 293 294 296 297 298
315 264 265 312 314 316 319 370 419
51 50 52 53 54 55
153 149 150 151 152 155 157 393
467 464 465 469 470 471
50 52 54 312
52 53 54 55 56
386 202 384 385 387 389 390 425
53 54 55 56
96 92 93 94 95 98 99 100 361
223 219 220 222 224 225 227 485
367 69 95 278 363 365 366 369 370 371 416
469 239 465 466 471 472 473
54 55 56 58
312 308 309 310 311 314 316
55 56 58 59
56 59 60 420
58 59 60 72 298 444 486
59 60 61 63 240 282 292
60 61 131
420 416 417 421 422 424
62 61 63 65 484
267 113 264 265 268 269 270 322
72 68 70 71 73 74 75 76
298 294 296 297 299 300 301 330
444 202 285 339 413 440 441
486 441 483 484 485 487 489 490
61 63 65 208 432
63 65
240 132 237 238 241 242 243 244
282 235 278 280
292 91 206 288 289 296 340
131 127 128 129 134 135 308
65 67 68 69 165
208 205 206 207 209 211 212
432 428 431 433 434 436
484 252 480 481 487
68 67 69 70 186
247 243 244 245 246 248 249 251
67 69 70 71
69 70 71 73 106 302
165 161 162 163 166 168 169 416
70 71 73 74
71 73 74 75 326 493
186 182 184 185 187 188 190
73 74 75 76 77
106 103 107 108 217 378
302 299 300 301 305
74 75 76 77 78 81
75 77 78 79
326 322 323 325 327 329 330
493 345 490 492
76 77 78 79 103 151 222 345
77 78 79 80 81
78 79 80 81 82
81 80 82 83 84 85 329
79 80 82 83
103 99 100 101 102 105 107 300 424
151 147 149 150 154 155 309 409
222 219 224 225 230 428
345 309 341 342 343 344 346 347 348 349
80 401
82 83 84 85 288
83 85 87 105 244 440
401 87 317 398 399 400 404
84 85 88
85 87 88 89
329 325 330 331 333 396
288 285 286 290
87 88 89 483
105 101 107
244 241 242 243 245 246 248
440 120 436 437 438 439 441 442 443
88 89 90 91 92
89 90 92 93
90 91 92 93 94
108 107 112 428 461
483 111 481 482 485
91 92 94 95
92 93 94 95
93 94 95 97 98
94 97
95 97 98 99
97 100 101 147 197 331 362
98 99 100 101
99 100 101 102 397
100 101 102
361 357 358 359 363 365
101 102 253
147 113 145 146 148 149 150 194 274
197 193 195 196 198 199 200 201 225
331 327 330 332 333 334
362 358 359 360 363 364 365 366 455
102
397 393 395 396 398 399 400
253 249 252 254 255 256
107 111
300 260 296 299 301 303 466
424 371 421 422 425 426 427
436 433 434 435 437 438 439
217 213 215 219 220
378 228 294 377 379 381 442
111 112 115
112 113 114 116 187 382 449
428 138 154 262 425 427 431
461 457 458 460 462 465
113 114 115 116 117
434 431 435 437 438
114 116 117 118 225 241 305
115 116 117 118
116 117 118 120
187 184 185 188 190
382 117 379 380 381 384 385
449 198
117 118 120 121 160
118 120 121 200 399
225 226 229
241 237 238 239 242 243
305 213 307 308 341 451
120 121 123
121 123 364
160 157 158 161 162 163 164
200 198 199 201 202 203
399 316 395 396 398 400 403 442
123 126 127
364 360 365 366
126 127 128 129 130
127 128 130
128 129 130 132 278 334
129 130 132 133 226
140 136 137 138 141 144 195 340
198 194 196 199 201
130 132 134 191 270
132 134 135 137 139 202
278 274 276 277 280
334 330 332 336 338
133 134 135 137
226 224 227 228 229 230
134 137 175 356
191 190 193 194 195 285 310 404
270 268 269 271 272 273
135 138 139
308 259 307 309 310
137 136 138 139 141
139 136 138 141 366 411
202 199 201 203 204 205 206
175 171 173 174 176 177 178 464
356 166 271 353 354 355 357 359 360 403
138 136 141
136 309 357
309 307 311 322
357 169 353 354 355 358 359 360
141 144
366 363 365 369 370
411 407 408 410 413 414 415
144 145 146 148
195 193 194 196 199 319
340 336 338 339 342 343 344
146 145 149 150 464
145 149 289
325 301 322 323 324 327
148 149 150 251 332
149 150 152
289 285 286 290 293 330
150 152 154 239
464 460 462 465 466
194 193 196 390
274 271 272 273 275 276
251 248 249 252 375
332 330 333 336
152 154 155 156 290
154 156 157 158
239 235 238 242 243
155 156 157 158 159
409 162 206 407 408 410
156 157 158 159 277 453
290 286 293 294 470
157 158 159 360 487
393 389 391 392 395 396
158 159 161 162
159 161 482
277 273 275 276 280
453 451 452 454 455 456 457
360 358 359 363
487 485 489 490 491
161 162 163
162 163 164 166 178
482 457 481 485
163 164 166
164 168
166 168 169 170
178 176 177 180 341
168 169 170 171
169 170 173
416 413 414 415 417 419
170 171 173 174
171 174 261
173 174 177 219
174 176 177
261 260 264 398
176 177 180 433
285 283 299
177 180 243 303
219 215 220
180 182 184 353
433 431 435 437
243 242 246
303 301 307
341 252 338 342 343 344
182 184 185 419
184 188
353 350 351 354 355
185 188 237
466 462 470
419 417 421
188 190
237 233 235 238 273
190 431
431 427 435
193 196
310 307 313 314 372
404 400 403 405 407
196 199
390 387 388 391 392
199 201 203 248
319 316 317 318 320 322 323
201 203 204 205
203 204 205 206 207
248 249 371
204 205 206 207
205 206 207 245
206 207 209 259 333 403
207 209 211
245 242 246 249 472
209 211 212 293
259 255 256 258 260 262 489
333 283
403 266 293 400 405
211 212 215
212 213 215 324
293 296 297
213 215 238
413 410 414 415 417
215
324 320 322 323 327 339
238 234 235 242
273 269 271 272 275 276
220
224 227 228 470
230 227 228 229 232 233 234
227 228 229
485 481
228 232
470 317 471 472 473
229 232 233
232 233 234 235 338
233 234 235
234 492
283 280 286
235
338 336 339 342 408
492 415 490 491
489 380 490 491
242 246
246 249
249 252
472 349 471 473
371 254 372 373 374 375
252 254 255 256
254 255 256 258
375 373 374 377 438
255 256 258
256 258 260
258 260 262 359
260 262 350
262 264 265 266
359 355 363
350 346 348 349 351 354
264 265 266 268
398 395 396 400
265 266 268 269
266 268 269
268 269 271 272 297
269 271 272
322 318 323
271 272 275
272 275 276
297 294 299 301
275 276
276 389
389 385 387 388 391 392
280
286
299 296 301
330 336
294 296
296
301
307 311
451 452 454 455
311 313 314
313 314 317
314 316 317 318
372 369 370 373 374
316 317 318 320
317 318 320
318 320 374 410
370 342 369 373 374
320 323
374 373 377
410 407 408 414
323 327
327
339
396 392 395 400
336
342 343 344 346
408 395 405
343 344 346 347 415
344 346 347 348
346 347 348 349
347 348 349 351
415 414 441
348 349 351
349 351 355
351 354 355 454
355 354 358
354 358
454 452 455 456 457 458
358
363 365 465
365 369
455 456 457 458
465 462
369 373
373 377
377 379 380 381
438 435 437 439 441
379 381
380 381 384 425
381 384 385
442 441 443
384 385 387 388
425 421 422 426 427
385 387 388
387 388 391
422 405 421
388 391 392
391 392
392 395
395
400
405 407
407
414 417
417 421
441 437 443
421
426 427
427
435 437 439
437 439
439 443
443
481 480
452 456
456 457 460
457 458 460
458 460 462
460 462
462
471 473
473
480
490 491
491
