0 2 3 4 6 9 140 179 336 493 494 497 498
2 1 3 5 6 7 8 9 10 273 429 494 496 498
3 1 4 5 6 8 9 10 126 158 320 378 496 497 499
4 1 5 6 7 8 9 10 273 322 497 499
6 5 7 8 10 11 12 13 60 242 333 478 499
9 5 7 10 12 15 16 247 369 385
140 133 134 135 136 137 138 139 141 142 144 145 146 147
179 11 104 159 173 174 176 177 180 181 183 184 185 186 467
336 178 209 245 290 329 330 331 333 334 335 337 338 339 340 341 342 359
493 37 486 488 489 491 492 494 495 496 497 498 499
494 488 489 490 491 492 495 496 497 498 499
497 89 127 221 441 490 491 495 496
498 1 5 90 145 211 492 495 496 499
1 5 8 110 323 331 495 496 499
5 7 10 11 12
8 7 10 11 13 14 15 79 304 345
110 103 104 105 106 107 108 109 113 114 115 116 117 428
323 316 317 318 321 322 324 325 327 328 329 330
331 103 160 244 270 324 327 328 329 332 333 334 335 337 338 499
495 40 151 222 387 489 490 492 496 499
496 39 210 304 490 491 492 499
499 212 373 420 492
7 10 12 13 14 403
10 11 12 14 15 17 131 157 190
273 176 266 267 268 270 271 272 274 275 279 280 314
429 74 422 424 425 426 427 428 430 431 432 433 434 435 436
126 119 120 121 122 123 124 127 128 129 130 131 133 166
158 30 113 151 152 153 154 155 156 159 161 162 163 164 165 390
320 313 314 315 316 317 318 321 322 324 325 326 327 434
378 30 103 341 354 372 373 374 376 377 379 382 384 385
322 76 160 316 317 318 319 321 324 325 326 327 329
11 12 13 14 15 16 17 31 64 112 125 202 217
12 13 14 16 17 18 19 162
13 14 15 83 230 434
60 53 54 55 56 57 58 59 61 62 64 65 66 67 117
242 235 236 238 239 240 241 243 244 245 246 247 248 249
333 70 125 141 210 229 326 334 337 339 340 364
478 471 472 473 475 476 477 479 481 482 484 485
14 15 16 17 18 19 20 21 144 448
403 396 397 398 399 400 401 402 404 406 407 408 409 410
15 17 18 19 20 21 446 469
79 63 74 75 76 77 78 80 81 83 84 85 86 488
304 173 297 298 299 300 302 303 305 306 307 308 309 310 311
345 253 339 340 341 342 343 346 347 348 349 350 351 352
16 17 18 20 21 22 23 121 405 446
247 24 240 241 243 244 245 246 249 250 251 252 254 340
369 188 203 314 362 364 365 366 367 368 370 372 373 374 375 480
385 210 294 379 380 381 382 383 384 388 389 390 392 421
17 18 20 21 23 24 238 297
131 124 130 132 133 134 135 136 137 138 169 293 405
157 88 137 150 151 152 153 154 155 156 159 160 161 162 163 426
190 185 186 188 189 191 192 193 194 195 196 281 415 449 479
31 24 25 27 29 33 35 36 37 38 47 58 363
64 58 59 61 62 65 66 67 68 69 70
112 51 106 107 108 111 114 116 117 359 452
125 66 118 119 122 124 127 128 129 130 132 169 346 415
202 195 196 197 198 199 200 201 203 204 205 207 209 306
217 185 210 211 212 213 214 215 216 219 220 222 223
18 19 20 24 25 30 61 195 349 402 444
19 20 21 23 24 25 26 264 348
162 30 98 155 156 159 160 161 163 164 165 166 167 168 169
83 76 77 78 80 85 86 87 89 90
230 152 191 223 224 225 226 227 232 233 234 235 236 237 266
434 81 224 427 428 430 431 433 435 436 437 439 440 442
20 21 22 23 24 25 26 27 334 417 456
21 22 23 24 25 26 27 28 342
144 138 139 141 142 143 145 146 147 148 149 150 151 178 199
448 165 281 441 442 443 444 446 447 450 452 453 454 455 480
446 171 439 440 441 442 443 444 445 447 449 450 451 453
469 195 313 462 463 464 465 467 468 470 472 473 474 475
22 23 25 27 28 29 73 266 294 458
23 24 25 27 28 29 30 154 421
121 35 113 114 115 116 118 120 122 123 124 128 165 181
405 56 84 122 267 398 399 400 402 406 407 408 409 410 411 412 426
24 25 26 27 28 30 219 329
238 231 232 233 235 236 239 240 241 243 244 245 392
297 82 290 291 292 293 294 296 298 299 300 301 302 303
25 26 27 28 29 30 32
30 26 27 28 29 32 33 35 36 37 55
61 54 55 56 57 59 62 63 65 66 67 68 301 302 360
195 65 68 188 189 191 193 194 196 197 198 200 201 275 321 422 482
349 176 196 343 344 347 348 351 353 355 356
402 201 382 396 397 398 399 400 404 406 407 408 409
444 430 437 438 440 441 443 445 447 450 451
26 27 29 32 33 113 274
264 257 258 259 261 262 263 266 267 269 270 271 442 454
348 272 338 341 342 344 346 350 351 352 354 355 373 483
27 28 29 34
334 283 327 329 330 332 335 338 339 340 341
417 91 128 310 330 410 411 412 414 415 416 418 419 420 421 422 423 424
456 29 74 449 450 452 453 454 455 457 459 460 462 463
28 29 32 33 35 219
342 92 335 337 338 339 341 343 344 346 471
29 32 33 34 35 36 117 288 391
73 66 67 68 70 71 72 74 75 77 78 80 145 470
266 94 220 259 260 261 262 263 269 270 271 272 301 472
294 287 288 290 291 292 293 296 298 299 300 301
458 48 86 451 452 454 455 457 459 460 461 462 463 464
154 53 147 148 149 150 152 153 155 156 159 160 161 398
421 196 235 414 415 416 418 419 424 425 426 427 428
219 168 178 212 213 215 216 220 223 224 225 226
329 108 325 326 327 328 330 332 335
32 33 34 35 37 38 39 309
33 34 35 36 37 38 40 459
113 106 108 109 111 116 119 120 370 483
274 63 267 268 269 270 275 276 277 278 279 280
34 35 36 37 38 41 231 286 391 420
35 36 37 38 39 41 42 194 208 248
36 37 39 40 42 43 127 396 473
117 107 111 114 115 118 119 120 123 124 254
288 46 159 182 281 282 283 284 285 286 287 289 290 291 292 295 390
391 384 388 390 392 393 394 395 396 397 452
37 38 39 40 44 167
55 39 49 51 52 53 54 56 57 58 59 62 411
38 39 40 41 42 43 44 45 340 368
47 40 41 42 43 44 45 46 48 49 50 51 52 53 54 265 295 359
58 51 52 53 54 56 57 59 62 63 65 134 466
363 194 356 357 358 359 360 361 362 364 365 366 367 370
39 40 41 43 45 254
309 108 142 302 303 305 306 307 310 311 312 314 316
40 41 42 43 46
459 133 173 311 351 371 389 425 454 455 462 465 466
41 43 45 46 48 75 339
231 225 226 228 229 232 233 234 235 236 237 269
286 174 183 279 280 281 282 283 284 289 290 292 293 301
420 188 413 415 416 418 419 422 423 424 425 426 427
42 43 44 46 48 177 197 401 487
194 72 164 187 188 189 192 193 196 197 199 200
208 201 203 204 205 206 209 210 211 212 213 214 215
248 214 241 243 244 246 249 250 251 252 255 293 332 351
43 44 46 48 49 50 80 324
127 120 123 124 128 129 130 132 133 281 344 485
396 328 390 392 393 394 395 397 398 399 400
473 211 344 466 467 470 471 475 477 479
44 45 48 50 51 203 280 470
167 161 163 164 165 168 169 170 171 172 173 471
45 48 49 50 51 52 89 90 109 355 431
340 335 337 338 339 343 344 346 347
368 260 284 361 364 365 366 367 370 371 372 373 374 375
254 249 250 251 252 253 255 256 257 258 259 260 261
46 49 50 52 53 401 447 451
48 49 50 51 53 54 175 372 447
75 68 70 72 74 76 78 80 81 82 265
339 80 220 335 337 338 341 344 346
177 85 170 171 172 173 174 176 180 181 182 183 184
197 189 192 196 198 199 200 203 204 476
401 151 394 395 397 398 399 400 404 406 407 408
487 80 250 481 483 484 485 488 490 492
49 50 51 53 54 56 96 491
50 51 52 53 54 56 252
80 74 76 77 78 84 86 87 452
324 317 318 319 321 325 327 328
51 52 54 56 57 100 337 357
203 196 198 199 200 201 205 206 207 210 229 235
280 275 276 278 279 281 283 284 285
470 81 279 428 463 464 465 468 474 475 476 477
52 53 54 56 57 104 119 255 411 464
89 82 84 85 88 91 93 94 95
90 85 86 92 93 95 96 97 236 244 383
109 103 104 106 107 108 114 115 116 178 355 399
355 351 352 353 354 357 358 359 362
431 312 424 425 427 428 430 432 433 436 437 438
53 54 56 57 106 136 380
447 293 440 441 442 449 450 451 452 453 454
451 198 283 445 449 450 453 454 455 457
54 56 59 94 263
265 258 259 260 261 262 263 267 268 269 270 272
295 289 291 292 293 300 301 302
359 352 353 354 357 358 360 361 362 364 365
175 168 169 170 171 172 173 174 176 178 180 181 394
372 181 365 367 371 373 376 377 433 454
56 57 59 63 222 315 382 412
96 92 93 94 95 97 98 99 100 101 102 176 246 445
491 77 168 198 214 261 393 486 488 490 492
252 150 245 246 249 250 253 255 257 259 425
57 59 62 63 143 159 296 350 379
100 93 94 97 98 99 101 103 104 105 106 380 468 471
337 298 330 332 335 338 341 343 344 410
357 350 351 352 354 358 360 361 362 389
104 98 99 101 102 105 106 107 108 435
119 114 115 116 118 120 122 123 156
255 249 250 251 253 257 258 259 260 261 262
411 404 407 408 409 410 412 415 416 418
464 430 457 460 461 463 465 467
106 99 101 102 103 105 107 108 111 147 350
136 129 130 132 133 134 135 138 141 142 143 475
380 151 374 375 376 377 379 382 383 386 387
59 62 63 66 382 486
94 87 88 91 92 93 95 98 101
263 256 257 259 260 261 262 268 269 270
62 63 66 67 68 69 398
63 65 66 67 69 70 387 479
222 165 178 215 218 220 221 224 225 226 227 228 229
315 134 308 311 313 314 316 317 318 356 360 436
382 97 214 215 375 379 381 383 384 386 387 389
412 166 377 406 407 408 409 410 413
143 137 138 139 141 145 146 148 149 150 483
159 138 152 155 156 161 163 166 182 353 400 466
296 129 134 191 253 289 290 292 293 299 300 301 303
350 69 312 330 343 344 346 347 353 356
379 373 375 376 381 383 384 414
65 66 67 68 70 71 72 122 319 352 472
134 128 129 132 133 135 137 138 139 141 484
466 186 232 284 436 460 461 463 465 467 468
66 67 70 71 283 488
486 118 479 480 481 482 484 485 488 489 490 492
67 68 70 71 72 74
68 69 70 71 72 74 312
301 93 253 302 303 306 307 308 343
302 298 299 300 303 305 307 308 453
360 312 354 356 361 362 364 365 366 428
69 70 71 74 76 87 97 465
398 393 394 395 397 399 400 404 465
70 71 76 77 78 472
387 381 383 386 388 389 392 393 394
479 191 441 472 476 477 480 481 482 484 485
71 72 74 76 77 78 281
72 74 76 78 418
122 115 118 120 123 124 128 129
319 180 312 313 316 317 318 321 325
352 346 347 351 354 358 489
472 87 250 346 374 386 450 467 468 471 474 476 477
283 193 276 277 279 281 282 284 287 289 290
488 356 481 482 483 484 485 489 490 492
74 76 77 78 81
312 191 305 306 307 308 311 316 317
76 77 78 81 129 237 460
87 81 82 84 88 92 215 310
97 91 93 95 99 102 103 290 400
465 218 461 463 467 468 471
77 78 81 82 84
78 81 82 84 85 111
281 205 251 277 278 282 284 341
418 84 413 414 415 416 419 422 423 424 440
145 139 141 142 146 147 148 149 150 151 152 409
81 82 84 86 88 271 445
82 86 88 188 236
129 124 128 130 132 133 135 251
237 128 233 234 236 239 240 243 244 270
460 358 453 454 455 457 461 462 467
84 85 86 88 91
85 86 88 91 92 233 256 397 490
111 105 107 108 114 115 116 118
86 88 91 93 135
452 375 432 445 449 450 454 455
88 91 92 95 321
271 93 268 269 270 272 275 276 277 278 326 388 471
445 171 438 439 440 441 442 443 449 450
188 181 183 184 186 192 193 291 381 489
236 229 232 233 234 235 239 240 241 243
91 92 93 95 98 330
92 93 95 98 99 341 366
233 226 227 228 229 232 234 235 239 240
256 133 135 249 251 253 258 259 260 262 318
397 390 392 393 394 395 399 400
490 376 480 484 485 489 492
93 98 99 400
135 128 130 132 137 139 141 142 170
215 209 210 211 212 213 214 216 220 221
310 155 303 305 306 307 308 311 313 316 317
95 98 99 101 102 105 150
321 128 174 267 314 318 325 326 327
244 239 240 243 245 249 251 325
383 160 253 376 381 386 388 389 390
98 99 101 102 103 105
330 325 326 327 328 335 457 485
99 101 102 103 105 356 364
341 335 338 343 344 346 356
366 361 362 364 365 367 371 373
400 394 395 399 404 406 407
101 102 103 105 107 108 183
102 103 105 107 108 438
105 107 108
150 146 147 148 149 151 152 153 155 156 193 443
176 171 172 173 174 182 183 306
246 239 240 243 245 250 251
103 107 108 201
290 160 284 285 287 289 292 293
356 218 351 353 354 358 362 483
364 358 361 362 365 367
468 461 462 463 471 474 475
471 467 474 475 477
107 108 114 207
108 115 124 338 482
183 180 181 184 185 186 187 189 344
438 161 432 433 435 437 439 440 442 443
201 115 128 196 198 199 200 204 205 206 207 250
435 390 428 432 433 439 440 441 442
147 141 142 146 148 151 152 153
114 116 120 423
207 204 206 209 210 211 212 213 214 474
115 116 118 170 332
124 120 123 128 130
338 332 335
482 291 298 475 476 477 480 481 483 484 485 489
116 118 120 123 200 227 370
178 172 173 180 181 182 184 185 404 467
399 392 393 394 395 406
428 276 414 422 425 427 430 432 433
118 120 123 422
120 123
370 365 367 371 373 374 375 377
483 394 463 476 477 480 481 485 489
423 416 419 424 425 426 430 485
170 163 166 168 169 171 172 173 174
332 325 327 328 335 426
123
200 193 196 199 204 205 206
227 220 221 223 224 225 226 228 229 232 241
422 415 416 419 424 425 427
156 149 151 152 153 155 160 161 267
128 130 133 239
165 160 161 164 166 168 169 171 172 257 287
181 180 182 184 185 186 187 462
130 132 133 137 249
132 133 137 138 139
169 163 164 166 168 171 172 173 174 268 287
346 343 344 347 351 353
415 152 174 180 408 409 410 414 416 419
133 137 138 249
166 161 163 164 168 171 172 173 457
344 343 347 351
485 245 480 481 484 489
239 232 234 235 240 241 243 245
251 245 249 250 253 257 425
137 138 139 141 142 258
249 243 250 253
138 139 141 142 260 285
293 287 289 291 292 298 299 300
139 141 142 146 161 480
141 142 146 148 492
484 228 313 426 477 481 489
142 146 148 225 282
475 474 476 477 480 481
258 149 253 257 259 260 261 262 289
260 257 259 261 267 393 489
285 275 279 282 284 287 289 291 292
146 148 149 151 152 153 216 404
161 155 163 164 216
480 267 268 377 384 474 476 477
148 149 152 153 155
492 430 489
225 218 220 221 223 224 226 228 232 433
282 275 276 277 279 284 287 289
149 151 152 153 489
151 152 153 155 192
199 192 193 196 198 205 206
152
409 404 406 408 410 413 414 436
153 155 160 375
216 174 209 210 211 213 214 218 221 223
404 367 406 407 408 410
155 406
489
193 186 192 196 198
443 328 374 436 437 440 441 442 450
192 186 189 196 198 218 243
160 163 164 299 408 474
375 371 373 374 376 377 381
406 313 407 408 410 413
267 261 262 268 269 270 272
163 374
426 419 424 425 427 432
164 168 171 189 299
390 386 388 392 394 395
182 180 184 185 186 187 189
353 185 347 354 358 374
299 171 292 300 303 305 306
408 407 410 413 414
474 467 476 477 481
168 172 174 209 318
374 306 367 371 373 376 377 381
171 172 173 174
189 184 185 186 187 196
172 173 174 180 303
257 250 253 259 261 262
287 284 289 291 326 439
173 174 180
457 450 453 455 462 463
174 180 327
209 187 204 205 206 211 212 213 214
318 311 314 316 317 325
268 261 262 269 272 275 407 424
180 184 185 187 416
303 298 300 305 306 307 308
327 326 328 388
394 232 388 389 392 393 395
306 221 300 305 307 308 311 313
184 186 191 335 407
185 186 187 292
467 226 462 463
186 187 191
187 191 386
416 326 413 414 419
462 455 461 463
191 196 198 235 395
335 328
407 410 413 414
292 289 291 298
386 381 388 389 392 393
291 298 377
381 376 377 384 441
196 198
449 278 358 442 450 453 455
198 204 205 354
235 228 229 232 234 241
395 388 389 392 393
218 211 212 213 220 221 223 224 300
243 240 241 250
275 269 270 272 276 277 278
204 205 206 210 211 354
476 419 477 481
205 206 210 211 326
354 347 351 358 384 441
206 210 211 212 213 361
250 245 253 313 325 361
210 211 212 213 214 413
229 223 224 226 228 232 234
211 212 213 214
326 325 328
212 214 376
213 214 220
361 358 362 365 367
214 220
413 414 419 454
376 228 371 373 481
220 224 226
221 223 224 226 228 377
223 224 226 228 278
224 226 228
300 305 307
226 228 232
228 234
377 371 384
278 272 276 277 279 284
232
433 234 427 430 432 436 437 439 440
241 234 240 245 317
234 240
269 262 270 272 276 347
240 245
270 276
245
392 388 389
317 311 313 314 316
325 328 414
351 347 358
253 259
313 307 308 311 316
425 419 424 427 430 432
259 261 262
261 262 279
262
289
393 388 389 437 454
279 277
442 436 437 439 440
454 450 455 461
272 276 277 453
424 419 427 430
276 277
347 343
277 284
388 384 389
453 316 450
314 307 308 311 316
284
439 432 436 437 440 441
298 305
305 307 308 311
307 308
308 311
343
311 316
316
436 430 432 437 440 441
328
414 410 419
410 384
373 367 371
358 362 365
384 450
441 437 440
362 365 367
389
365 367 371 455
367 371
371
455 450 461
481 477
450
437 430 432 440
419
440
427 430 432
430 432
432
461 463
463
477
