0 1 2 3 4 5 53 331 528 728 775 927 995 996 997 998 999
1 2 3 4 5 6 7 348 995 996 997 998 999
2 3 4 7 679 996 997 998 999
3 4 5 6 8 9 736 944 997 998
4 6 7 8 9 10 116 484 824 990 998 999
5 6 7 9 10 11 150 286 426 736 999
53 47 48 49 51 52 54 55 57 59 81 253 299 493 817
331 39 115 326 328 329 332 333 335 336 386 990
528 522 523 524 526 533 534
728 207 448 589 722 725 727 729 730 732 733 793 839 876
775 770 771 774 776 777 779 780 781 908 934
927 153 168 477 921 922 926 928 929 930 931 932
995 989 990 991 992 993 994 996 997 998 999
996 36 493 990 991 993 994 997 998 999
997 991 992 993 994 998 999
998 62 623 843 992 999
999 233 993 994
6 7 9 10 11 12
7 8 9 11 12 13 181
348 109 230 342 343 344 346 349 350 354 378 391
679 341 500 567 673 674 675 676 678 681 683 685
8 9 10 11 12 13 14 158
9 10 11 13 14 15 892
736 730 731 733 734 737 738 740 741
944 210 564 889 939 940 941 942 943 946 947 950
10 11 12 14 15 277 615 748
116 110 111 112 113 114 115 118 119 120 121 122 260 323 360 862
484 478 480 482 483 486 487 489 490 850
824 696 818 819 821 822 825 826 828 829 830 841
990 984 985 986 987 989 991 992 993 994
11 13 14 17 191
150 145 146 147 148 151 152 154 155 302 466 811
286 145 280 282 284 287 289 291 292 356 725
426 318 420 421 423 424 427 428 429 430 529
12 13 14 15 16 17 18 145 451 734
13 14 16 18 585 785
181 176 177 178 179 180 182 185 187 920
14 15 16 19 20 575 681
158 152 154 155 156 157 159 160 161 162 163 164 616 647
15 16 17 18 19 20 21 130 732
892 103 886 887 888 889 891 893 894 896 897
277 271 272 273 275 276 279 280 281 282 283 810
615 21 221 419 609 610 611 614 617 618 619 621 652 715
748 107 204 742 744 745 746 747 749 751 752 753 754 811
17 16 18 20 21 23
191 185 187 188 189 190 193 194 195 197 796 993
16 18 19 20 21 22 31 938
18 19 20 21 22 23 24 431 517
145 139 140 142 144 146 147 148 149 604 852
451 445 446 447 448 449 450 452 454 455 456 457 645 678 929
734 500 729 730 731 732 733 735 738 739 740
585 324 580 581 582 583 584 588 589 590 873
785 290 764 779 780 782 783 784 786 787 788 789 790 791
19 20 22 23 24 258 781 821 855
20 21 22 23 26 765 835 848
575 66 108 569 570 576 577 578 581 601
681 169 675 676 677 680 682 683 684 686
21 22 23 24 25 26 27 242 317 377 561
130 124 125 127 128 129 131 132 133 134 136 285 915
732 363 438 726 727 730 731 733 735 738
22 23 24 25 26 27 382 476 571 953
31 26 27 29 30 32 33 34 35 36 37 630 673 857
938 44 174 932 933 934 935 937 940 941 942
23 24 25 26 27 28 29 227 832
24 25 26 27 29 30 146 968
431 141 322 425 427 428 429 430 432 433 436 437
517 511 512 513 514 515 518 519 520 521 522 523 652 700
258 252 253 254 255 256 257 259 260 261 262 263 839
781 332 422 776 777 778 779 780 782 783 786 787
821 807 813 815 816 817 820 822 823 825
855 275 329 849 850 851 853 856 858 859 861 908
26 25 27 28 29 30 32
765 644 759 760 761 763 766 767 769 770 771 822
835 462 742 829 830 832 833 834 836 837 838 840 841
848 36 665 843 844 845 846 849 850 852 853
25 27 28 29 30 879
27 28 29 30 32 33 500 776
242 236 237 238 239 240 241 243 244 246 247 440 444 511 656
317 312 313 314 315 316 318 319 320 323
377 72 371 373 374 375 376 380 381 382 383 591
561 88 420 555 556 558 560 563 564 565 566 567
382 135 376 378 379 380 381 383 385 386 388 538 749
476 471 472 474 475 477 478 479 480 481 482 488 630 936
571 94 289 566 567 568 570 572 573 574 576 577 738
953 609 947 948 950 952 954 955 956 957 958 959
28 29 30 32 34 233 565
29 30 32 33 34 35 374
227 221 222 223 224 226 228 230 231 232 233 939
832 826 827 828 830 833 834 836 837 838
30 32 33 34 35 36 132 435
146 140 141 143 144 147 148 149 151 152 407 427
968 962 963 964 966 967 969 970 971 973 974
879 221 873 875 876 877 878 880 881 882 883 885
32 33 34 35 36 37 422 539 874
33 34 35 37 38 602 883
500 310 497 498 499 501 505 506
776 353 482 771 772 773 774 777 778 779 780 782 891
34 35 36 38 39 40 440 801
233 44 229 230 232 234 235 236 237 238
565 285 559 560 562 563 564 566 567 568 569 570
35 36 37 38 39 40 41 61
374 262 369 371 372 373 375 376 378
36 37 39 40 41 362 604
132 126 127 128 129 131 133 136 137 262 514 917
435 429 430 432 434 436 437 438 440 441
37 38 41 42 43 115 327 449 489 508
630 624 625 626 627 628 629 631 633 634 635 636
673 625 667 668 669 670 672 674 675 676 678 874
857 200 262 851 852 853 854 856 858 859 860 863
422 217 248 416 418 421 423 424 425 427 428 519
539 533 534 535 537 538 540 541 542 545
874 283 868 869 870 871 872 873 875 877 880
38 40 42 302 744
602 596 597 598 599 600 603 605 606 607 608 629
883 795 877 878 880 881 882 885 886 888
39 40 41 42 43 44 272 479 499 881
40 41 42 43 44 45
440 436 439 441 442 443 444 445 623
801 357 795 796 798 802 804 805 806 820
41 42 43 44 46 47 399 554 657
61 46 55 56 57 58 59 60 63 66 67 156 363 488
362 45 253 357 359 360 363 364 366 367 368 387 639 833
604 105 599 600 601 605 606 607 608 609 610 640
42 43 44 45 47 48 413 590 917
43 44 45 47 49 259 523 573 960
115 109 110 112 113 118 119 120 121 701 967
327 321 322 323 324 325 326 328 329 330 332 333
449 215 309 368 443 444 445 446 448 450 452 453 454
489 485 487 488 490 491 492 493 494 495 648
508 126 142 503 505 506 507 509 510 512 513 651
302 207 246 296 297 298 299 300 301 305 307 308
744 414 738 740 741 743 745 746 747 749
44 45 46 48 50 481 896
272 126 266 267 268 270 273 274 276 278
479 373 473 474 475 477 478 480 481 482 483 485 634
499 320 375 494 495 496 497 498 501 504 668
881 550 875 876 877 878 880 882 884 885 886 887
45 47 48 49 50 51 376 672 718 886
46 47 48 49 50 51 935 949
47 48 50 52
399 183 393 394 396 397 398 400 401 402 403 404 405 563 662
554 548 549 550 552 555 556 557 558 560 982 987
657 651 652 655 656 658 659 660 661 924
48 49 50 51 52 54 716
413 196 407 408 411 412 414 415 416 418 419 797 884
590 248 478 586 587 588 589 592 593 595 596 943
917 911 912 913 914 915 918 919 920 921 922 923
49 50 51 52 54 55 531
259 253 254 256 257 260 261 262 263 264 265 294
523 519 520 521 524 525 526 527 529 992
573 162 567 568 570 572 574 576 577 579 982
960 432 954 955 957 958 959 961 962 963 964 965 966
50 51 54 55 223 256 685
481 206 475 477 480 483 485 486 487 819
896 220 562 888 890 893 897 899 900 901
51 52 54 55 56 57 253 619
376 270 370 372 373 375 379 380 381 670 671
672 358 547 581 666 667 668 671 674 675 677 678
718 487 495 712 713 717 719 720 721 722 723 724
886 101 475 594 613 880 882 884 885 887 888 891
935 128 930 931 932 933 934 937 939 940 941
949 544 592 943 945 946 947 948 950 951 952 955
52 54 55 56 57 589 923
54 56 57 58 59 60 329 591
716 248 463 632 710 711 712 713 714 715 717 720 721 722 820
55 56 57 58 59 60 819
531 304 439 525 527 529 530 532 533 534 535 536 537 634 791 820
223 217 218 219 220 221 222 224 225 229 529
256 250 253 255 257 260 261 564 595 849
685 454 486 680 682 683 684 686 687 688 691
56 57 58 59 60 62 128
57 58 60 62 63 188 913
253 251 254 255 257 677 925
619 613 614 617 618 621 622 624 625
589 58 583 584 587 588 591 593 594
923 166 521 833 918 921 925 929
59 58 60 62 63 64 65 137
81 77 78 79 80 82 83 84 194 208
299 293 294 295 297 298 300 301 303 305 341 636 820 926
493 165 387 487 488 490 492 494 495 497 498
817 249 811 813 814 816 818 822 823
58 60 63 64 119 247
60 62 63 64 65 66
329 323 324 325 328 330 332 333 334 335
591 586 587 588 592 593 594 595 596 597
819 490 813 814 816 818 820
62 64 65 67 68 114 264 701
128 123 124 125 127 129 133 134 541 668 784 950
63 64 66 67 68 69 562 800
188 182 183 184 185 186 189 190 193 194 534 593 652
913 908 909 912 914 915 918 919
64 65 66 67 68 69
119 113 114 117 118 120 121 122 123 124 125
247 210 241 244 245 246 248 249 250 251 252 934
65 66 67 68 69 71 142 548
137 131 133 134 135 138 139 140 141 142 143 577 607 714 972
66 67 69 70 72 502 505
67 68 70 71 72 73 887
156 151 153 154 155 157 159 161 162 863
363 357 358 359 360 364 365 366 367 368 369 543 905
488 482 483 485 486 490 491 492 494 815 820
68 70 71 72 73 74 313 323
114 108 109 110 111 112 113 117 118 120 536
264 144 178 260 261 262 263 265 266 267 268 269 270 800
701 144 351 424 658 695 696 697 698 700 705 706 707 956
69 70 72 73 74 75 387 779
562 475 556 558 559 563 564 566 567 568 846 890
800 94 321 652 794 796 798 799 802 803 805
71 70 72 73 74 75 77
142 136 138 139 140 141 143 144 147 148 495 818 831
548 210 542 543 544 545 546 550 551 553
70 72 74 75 76 521 920
72 73 74 77 78 140
502 215 496 497 503 504 505 506 507 567 862 867
505 384 462 478 501 503 504 506 507 510
73 74 75 76 77 78 175 777 982
887 396 649 829 882 884 888 890 948
74 75 76 77 78 79
313 307 308 309 310 311 312 314 315 316 318 319 878
323 318 321 325 326 328
75 76 77 78 79 80 861 908
387 381 384 385 386 388 389 390 392 393 503
779 530 579 773 774 777 778 780 783 784
76 77 78 79 94 238 617 909
521 206 441 492 515 518 520 522 524 525 526 871 884
920 205 434 687 914 915 916 919 921 924 925 926
77 78 79 80 911
78 79 80 82 83 84 567 676
140 135 136 138 139 141 143 144 733
175 87 151 169 170 172 173 174 177 179 180 381 755
777 278 322 771 774 780 782 783
982 197 427 739 909 976 977 978 979 983 985 988
79 80 82 84 85 186 900
80 82 83 84 85 86 541 875
861 675 856 858 859 860 863 864 865 866
908 903 904 905 906 907 909 910 911 912
94 88 89 90 92 93 95 96 97 98 99 100 172 737
238 232 234 235 236 237 239 240 241 243 244
617 159 163 611 612 613 614 616 618 620 622 623
909 794 903 905 906 907 910 911 912 914 915
911 240 364 906 907 910 912 914 915 916
82 83 85 86 87 88 98 287 549
83 84 85 86 87 89 729 758
84 85 86 87 88 89 90 301 647 831 936
567 194 564 568 569 570 572
676 670 671 674 675 677 678 680 682 782
85 86 87 88 90 91 433
186 163 182 183 184 185 189 190 192 433
900 529 894 895 897 898 899 901 902 903 906
86 87 89 90 91 402 405
541 178 536 537 538 540 544 545 546 547 677
875 869 870 872 873 876 877 878
194 190 192 193 195 196 197 198 199 200 337 639 954
208 202 203 205 206 207 209 210 211 212 214 459
87 88 89 90 91 92 93
88 89 90 91 92 93
98 92 95 96 97 100 101 102 103 104 319 902
287 281 282 283 284 288 289 290 291 292 293 388
549 345 483 543 545 546 547 551 552 553 555 993
89 90 92 93 95 262 415 834
729 307 394 504 723 724 726 727 730 731 735
758 753 754 755 756 757 759 760 761 762 763 764
90 91 92 93 95 96 823
301 295 296 300 303 305 307 814 940 977
647 402 642 643 645 651 652 653 922
831 319 485 826 827 828 829 830 833 834
936 151 367 469 698 833 930 931 932 933 937 940 941 987
91 92 93 95 96 97 281 467 494
433 178 428 429 432 434 436 437 439
402 278 397 398 401 403 404 405 406 407 408 478
405 401 403 404 406 407 408 409 410 411 557 802
92 93 95 96 236 300 468
93 95 96 97
95 96 97 99 100 101
262 131 215 261 263 265 266 268
415 409 411 412 414 416 417 418 419 420 421
834 828 829 836 837 838 839 840
96 97 99 100 102
823 407 820 822 825 826 828 829
97 99 100 101 102 103 623 845
281 275 276 280 283 285 477 512 850
467 461 462 465 466 468 469 470 471 473
494 172 491 492 495 496 497 597 691
236 230 231 232 234 235 239 240 241 288 456
300 294 296 297 298 303 304 305 306 904
468 205 303 462 463 464 465 466 469 471 472 473 474
99 100 101 102 103 104 105 249 340 429
100 101 102 103 104 105 106 406 829
172 167 169 170 173 174 176 177 178 520 919 991
737 469 731 733 735 738 739 740 741 742 882 912
101 102 103 104 105 106 107
102 103 104 105 106 107 108 324
103 104 106 107 108 109 298
623 584 618 620 624 625 626 628 629 877
845 712 770 802 839 841 842 844 846 849 851
104 105 106 107 108 109 110
319 314 315 316 318 320 322 324 325 570
902 897 898 899 901 903 904 905 906
105 106 107 108 109 110 111
249 228 243 244 245 246 248 250 251 252
340 123 334 335 336 337 339 342 343 344 345 346 478
429 423 424 427 428 432 434
106 107 109 110 111 112 251
406 400 401 403 404 407 408 410 412 610
829 308 825 826 830 833
107 108 110 111 112 113 580
108 109 110 111 112 113
324 176 220 318 326 330 483 664 671
109 110 111 112 241 425 649
298 292 294 295 296 297 303 304 311 678
110 111 112 113
111 112 113 117 267
112 113 117 118 266 853
251 245 246 248 250 252 254 255 257
113 117 118
580 574 577 581 582 583 584
241 162 235 237 239 240 243 245 246 491
425 125 166 190 419 420 421 423 424 427 428 430 511
649 643 648 650 651 652 653 654 655
117 118 120 121 122 123 325 607 939
267 261 263 266 269 270 271 273 558 613
118 120 121 122 124 209 665
266 261 263 265 268 269 270 271
853 125 808 847 849 852 854 856 858 859
120 121 122 123 124 125 290 794
536 515 530 533 534 538 540 542 704
121 122 124 125 127 553 696 762 873
967 961 963 964 965 966 969 970 971 972 973
122 123 124 126 127 510
260 254 257 265 472 527 579
360 355 356 357 358 359 361 364 366 768 808
862 497 856 858 860 863 864 865 866 868 972
123 124 125 127 840
325 235 248 320 321 322 326 328 330
607 601 603 605 608 610 611 612 635
939 177 799 933 937 941
124 125 126 127 129 809
209 203 204 206 207 210 211 212 214 215 303 613
665 289 659 660 661 662 666 668 671 771 794 969
125 126 127 386 442
290 284 285 288 289 291 292 293 294 296
794 788 790 791 792 793 795 796 798
127 126 129 133 346 447 797
553 547 551 552 556 557 558 559
696 677 690 691 692 694 695 697 698 699 700 702 725
762 756 757 759 760 761 763 764 766 767 768
873 185 867 868 869 871 872 876 877 878 906
126 129 131 414 820
510 504 506 507 509 512 513 514 515 516
840 383 495 526 611 836 837 838 839 841 842 843 844 846
129 131 133 135 891
809 342 760 803 805 806 811 812 815
386 380 383 384 385 388 389 390 391 392
442 436 437 438 439 441 443 445 446 447 459
131 133 134 135 136 351 420 595
414 408 409 412 416 417 418 419 420 593 648
820 396 733 816 818 822 825 826
133 134 136 138 139 806
346 246 341 342 344 345 347 349 350 351 352
447 441 443 444 446 448 450 704 984
797 212 763 791 792 793 798 802 803
134 135 136 138 148 246 344 745 899
668 662 666 669 670 671 674 772 808
784 778 780 782 786 787 788 789 790
950 530 612 743 945 946 947 955 956
135 136 138 141 803 962 972
891 740 885 888 890 893 894 895 897
136 138 139 141 434
285 279 280 282 283 289 291 806
915 369 609 910 912 914 916 918 919 992
351 345 347 349 350 353 354 355 356 357 547 854
420 416 419 423 424 634 760 830
595 592 597 598 599 600 601 798 907
514 511 512 513 515 516 518 519 822
138 139 141 143
139 141 144 398 755 790
806 518 802 803 804 807 808 810 811 812
148 143 144 149 152 153 154
246 154 240 243 244 250 252 841
344 282 338 339 341 342 343 345 347 350 860
745 606 739 740 743 746 747 750 751
899 753 893 895 897 898 903 904 905
141 143 147 220 336
803 365 799 802 804 805 808 827
962 338 956 957 958 959 963 964 965 966
972 190 365 557 622 851 888 969 971 973 975 976 978
434 401 428 430 436 437 438 733 965
143 144 147 149 216 218 228 592
577 263 572 576 578 579 581 582 583
714 214 708 709 711 712 713 715 717 719 878
144 149 483
398 392 393 394 395 396 400 401 403 404 641 723 983
755 339 418 751 752 753 754 756 757 761
790 152 559 786 787 789 791 795 796 993
733 727 730 731 735 884
147 149 151 152 408 858 882
220 214 215 217 218 219 222 224 225 393 825
336 334 335 337 339 341 342 632
495 490 491 492 496 497 498 501 686 937
818 482 743 813 814 815 822
149 153 154 155 545
216 210 211 212 213 214 217 219 221 303 460 951
218 212 213 214 215 217 219 221 613 759
228 222 224 225 226 229 230 231 232 234
592 472 593 594 596 598 710
483 477 478 480 482 485 486 487
852 847 849 851 854 858 919
151 152 153 154 157 243 594
152 153 154 155 157
407 404 408 409 410 411 815
427 421 423 430 432 807 951
408 403 404 409 410 411 412
858 854 856 859 860 863 864
882 547 743 876 877 880 884 888
153 154 155 157 159
154 155 157 160
155 157 159 160 161 355
545 369 542 543 544 546 551
466 460 461 462 463 464 465 469 470 471 472
811 378 637 805 808 812 813 814 815 816
157 160 161 163 610 616
243 239 240 245 248 717 837
594 513 588 593 596 597 598 599 600
159 160 162 164 165 830 964
160 161 162 163 164 166 199 694
161 163 164 165 166 167 699 764
355 197 245 350 352 353 357 358 361 418 816
162 163 164 166 167 168 439 559 839
863 268 859 860 865 866 867 869 979
163 164 165 166 167 168 169
610 375 579 605 606 611 612 613 614 851
616 611 613 614 620 621 622 638 965
164 165 167 169 391 769 841
165 167 168 169 170 171
830 421 826 827 828 833 836
964 225 318 958 963 966 970
166 167 168 169 170 171 195 370 719
199 193 195 196 197 198 200 201 202 203 204 205 421
694 174 688 689 690 691 692 693 695 699 700
167 168 170 171 173 516
699 225 456 652 693 695 697 698 702 703 704 705 706 989
764 195 587 742 759 761 763 766 767 768 769 770
168 169 170 171 173 174
439 436 437 438 441 443 444 445
559 378 555 558 563 564 786 856
839 836 838 841 843 844
169 170 171 173 174 182 618
391 385 388 389 392 393 394 395 396 397
769 353 424 763 766 767 768 770 771 772 773 774
841 825 836 838 844 846 847 988
170 171 173 174
171 173 174 176 177
195 189 190 192 196 200 201 524 723 730 795
370 364 365 366 367 368 371 372 373
719 448 720 721 722 723 724 725
173 174 176 177 178 179 812
516 511 512 513 515 519 520 522
174 179 180 198 660
182 176 177 178 180 183 184 187
618 454 458 612 613 620 624 916
176 177 178 179 326 599 683
177 178 179 183
178 179 180 183 956
520 515 518 519 522 524 525 526
919 741 916 922 924 925
991 691 750 985 986 987 988 989 992 993 994
179 180 183 184 185 583 786
812 808 810 813 814 815
180 183 184 185
198 196 197 200 203 204 292 783
660 654 655 658 659 661 662 663 664 666
381 375 379 380 384 385
326 320 321 322 328 330 332 844
599 215 593 598 600 601 603 838
683 678 682 684 687 688 689 805
183 184 185 189 365 389
956 357 472 951 952 955 959 961
184 185 187 189 190 310 922
185 187 189 190 846
583 526 578 581 582 584 587 611 703
786 278 780 782 783 789 791 792
187 189 192 193 497 709
189 190 192 193
365 359 361 364 366 367 368 369 371 870
389 383 384 385 392 393 394 395 653 662 825
190 193 196 534
310 304 306 307 308 309 311 312 314 509
922 225 916 918 921 924 925 926 928
846 842 843 844 847 849 850 954
192 193 196 197 605
193 196 197 648 885
497 491 492 496 498 501 503
709 506 703 705 707 708 710 711 713 715
534 532 533 535 537 538 540
593 395 587 588 596 621
652 650 651 653 654 656 897
196 197 200 201 202 952 955
197 200 201 203 578 664
796 551 697 791 792 793 795 798 799 802
993 987 988 989 992 994
605 552 601 603 606 608 609 611
648 278 342 421 644 646 650 651 934
885 712 880 884 888 889 890
200 201 202 204 205 708
337 332 333 338 339 341 342 343
639 633 634 635 638 640 641 642 644 645
954 948 952 957 958 959
201 203 204 207 503 890
524 518 519 522 525 526 527 529 530
723 212 720 721 722 724 725 726 727
730 724 725 726 727 731 735
795 789 791 792 793 798 799 940
202 203 204 205 206 207
952 347 763 901 947 957 958
955 203 925 951 957 958 961
203 204 205 206 207 450
578 572 574 576 581 582
664 306 658 659 661 662 663 666 667
204 205 206 207 210
292 288 289 291 293 294 295 296 297 601 642
783 778 780 782 788 789 850
205 206 207 210
421 416 417 419 423
708 702 703 705 706 707 710 711 712 713
207 210 211 212 428
503 498 501 504 506 507 509
890 687 884 888 889 893 894 895
206 210 211 212 307
450 444 445 446 448 452 455 456 642
210 212 213 214 215
211 212 213 214 215 217
212 213 214 215 217
307 303 304 308 309 311 312
428 430 432
214 213 215 217 219 378
459 453 454 455 457 458 460 462 463 464 465
215 213 217 221
303 297 304 305 306 308
613 608 609 612 793 961
213 217 219 757
217 219 221 222 945
219 221 222 224 760
757 751 752 753 754 756 759 760 761 763 815
378 372 373 375 379 380 383 384 423 430
221 222 225 226 942
460 454 455 456 457 458 461 463 464 465
951 609 945 947 948 957
222 225 226 717
945 692 941 942 943 946 947 948
759 753 754 756 760 761 763
224 225 226 229 230 304 662 838
760 357 674 754 756 761 763 799
225 226 230 231 312 703
393 388 390 392 394 395 396 397
825 686 827 828
226 229 230 231 232 957
942 937 940 941 943 946 947 948
717 711 712 713 715 720 721 722
229 230 232 234 235 237 693 836
529 525 530 533 535 633
230 231 232 235 511
304 284 305 306 308 309 588
662 518 658 659 663 666 667
838 334 833 842 843 844
231 232 234 235 237 504 957
312 250 306 308 311 314 315 316 318
703 642 698 702 704 705 706
232 234 235 237 309
957 369 918 958 961 963
234 237 239 482
235 239 750 975
237 239 240
693 687 688 689 690 691 692 695 697 698
836 833 837 842
511 506 507 512 513 515
504 498 501 506 507
309 305 308 311 314 869
239 240 244 245 400 687
482 477 478 480 486 743
750 746 747 749 751 753 754 756
975 970 971 973 974 976 977 978 979 980 981
240 244 470
288 282 283 284 293 294 526 684
456 452 453 454 455 461 462 712 833 860
244 245 248 250 321 634 768
245 248 250 556
400 380 394 395 396 397 401 626
687 586 682 684 686 688 689 692
470 356 464 465 469 471 473 474 475 597 918
491 486 487 490 492 496
444 438 441 443 445 448 878
656 650 651 653 654 655 658 659 661
248 250 252 254 586
837 804 833 842 843
250 252 254 255
321 315 318 320 322 712
634 632 633 635 636 637 638 640
768 315 620 763 767 770 771 772 773 774
556 412 550 551 552 558 560
252 254 255 257 658
934 928 929 932 933 937
254 255 257
586 390 581 582 587 588
255 257 261 373
257 261 366
658 653 654 655 659 661 663
677 671 674 675 678 680 682
925 921 924 926 928 929 930 931
261 263 265
373 291 367 368 369 371 375 379 653
564 403 560 563 570
849 843 844 847 850 854 977
366 361 364 368 372
263 265 268 269
265 269 270 271 330 409
294 289 291 293 295 296 933
472 469 471 473 474 475 477 478
527 411 522 526 530 532 533 563 697
579 574 581 582 584 603
268 271 273 274
269 270 273 274 275
270 271 273 274 275 622 710 866 880
271 273 274 275 276 464
330 293 328 332 333 334 335
409 403 404 410 411
273 274 275 276 279
558 401 437 557 560
274 275 276 278 279 280
275 276 278 279 280 754
622 620 621 624 626 628 692 695
710 704 705 706 711 712 713 715 752
866 452 860 864 865 867 868 869 870 871 872
880 726 876 884 989
276 278 279 280 473 906
464 458 461 462 463 465
278 279 280 282 283 284
279 280 282 283 966
280 283 284 931
754 601 749 756
473 469 471 475 478
906 441 901 903 904 905 907 910 912
282 283 284 965
283 284 978
810 804 805 807 813 814 815 816
284 289 707 970
966 961 963 965 969 970 971
931 318 441 926 928 929 930 932 933 937
477 471 474 475 478 480 864
512 306 506 507 509 513 515 518 726
850 847 851 854 856
965 959 963 969 970 971
978 560 974 976 977 979 980 981 983 984
289 293 295 635
707 702 704 705 706 711 713 985
970 969 973 974 976
291 293 295 296 297
356 352 353 354 359 361 749 756
725 720 721 722 724 727 910 924
293 295 296 297
388 383 385 390 392 394 741
526 525 530 532 608 826 901
684 369 678 680 686 688 689 843
295 296 297 368 724 842
635 334 349 629 631 633 637 641
296 297
297
601 354 596 597 598 600 603 606
642 636 637 638 640 643 644 645
933 928 929 930 932
368 364 367 371 372 566 625 773 901
724 720 721 722 727
842 367 643 844 847 921
311 305 306 308 314 315 509
678 674 675 680 682
305 306 308
341 335 338 345 347 461
636 371 631 632 633 637 638 640 641
926 669 921 924 928 932
306 308
904 898 901 903 905 910
814 808 813 815 816
940 937 941 943 946
977 770 973 979 980 981 983
308 314
588 396 584 587 743
314 315 316 318 320
869 864 865 867 868 870 871 872
509 342 358 506 507 513 515 587 614
315 316 318 320
316 318 320 322
318 320 458
878 872 876 877 884
320 322 816
322 328 700
458 452 453 454 455 461 463
570 478 566 568 569 572 574 663
816 574 815 822 984
712 478 706 713 715 984
328 332 333 334
700 695 697 698 702 704 705 706
671 666 667 669 674 675 692
332 333 334 335 338
844 843 847
333 334 335 338 339
334 335 338 339
335 338 339 742
338 339 343
339 342 343 345
742 358 726 739 741 747 763
342 343 345 347
632 626 627 628 629 631 633 637 638
343 345 347 349
345 347 349 350
478 474 480
347 349 350 352 353
461 455 457 463 465 680
349 350 353 354
350 352 353 354 976
860 856 859 864 865
352 353 357 358 907
353 354 357 359
354 357 358 359
976 643 971 974 979 980 981
357 358 361 653
547 519 543 544 550 551 552 698 822
854 851 856 859
358 359 364 741
907 432 770 901 905 910 912
359 361 364 798
361 364 751
418 412 416 417 419 423 424 921
749 747 751 752 753
756 751 752 761
653 404 650 659
364 367 501
741 735 738 740 743 746
798 792 804 929
808 802 804 805 807 813
751 746 747 752 753 979
367 369 371 372 746
833 645 721 828
369 371 375 646
543 537 538 540 542 544 546
905 903 910
501 496 498 506 507 937
371 372 375
870 864 865 868 871 872 876
372 898
746 628 643 644 740 747 752
566 383 560 569 572 994
625 620 621 626 627 628 629 631
773 767 770 771 772 774 778
901 608 643 895 898
375 379 380
646 640 641 643 644 645 650 651
898 893 894 895 897 903
379 380 384 782 973
380 383 384 385
670 522 666 667 669 674 675
383 385 474
384 385 390
423 417 419 772
430 432 436 546
782 498 778 780 787 788
973 535 969 971 974 979
385 390 454 606 822 889
538 532 533 535 540 542 544 620
474 390 469 471 475 480
390 395 396 963
454 453 455 457
606 600 609 611 612
822 438 530 609 826 828
889 884 888 894 895
392 394 395 396 397
394 396 397
395 396 397 401 914
396 401
963 958 959 961 969
397 401 884
401 403 404
914 910 912 916 918
884 888
403 404 498 771
404
641 637 638 640 644 992
983 979 980 981 984 985 986 987 988
563 557 560 568 569 711
626 546 620 624 627 628 631
498 419 492 496
771 667 767 770 772 774
410 411 412 416 691
411 416 417 715
557 551 552 555
802 804 805
412 416 417 697 932
815 813
416 417 419 487
691 686 688 690 692 697
417 419
715 711 713 720 721 752
697 695 698 702
932 928 929 930 937
419
487 485 486 490 778
424 569
921 916 918 924
519 515 518 522 525
772 738 767 770 774 778
569 568 572 574
432 436 437
807 637 804 805 813
436 437 438 441
546 540 542 544 550 551 552 843
437 438 441 443
438 441 443 480
441 445
443 445 446 448
480 485 486
445 446 448 739 865
446 448 452
448 452
739 735 740 743
865 859 864 867 868 871
452 453 455 457
704 702 705 706
984 893 979 980 981 985 987 988 989
453 455 457 987
455 457
457 462 463
645 640 644 650 651
929 924 928 930
987 981 985 986 989 992
462 463 465 640 877
463 465 469 916
465 469
680 675 682 686
640 637 638 643 644
877 627 872
469 471 475
916 910 918
471 475
475
597 598 600 603
918 912 924
864 828 859 867 868
485 486 490
486 490 492
743
490 492 496 903
492 496
778 706 774 780
496 581 596
903 897
686 688 690 692
937 941 943
581 576 582 587 799
596 598 600 788 969
506 507
507 513
867 868 871 872
513 515 518
651 650 654 655
515 518
587 582
614 609 611 612 620
518 522
726 720 722 727 731
522 525
525 530
871 868 872 876
992 876 986 988 989 994
530 532 535 552
532 533 535 537 787 847
608 603 611 612 943
826 682 827
533 537
535 537 540 609 787
633 627 628 629 631 638
552 550 551 555
537 540 542
791 787 788 789 792 793
787 788 792 793
847 843
540 542 544
609 603 611 612
542 544
544 550
620 621 624
550 551 555
551 555
843
698 692 695
555 560 600
560
600 598 603
856 851 859
568 572 574 669
711 705 706 713
572 574 576
994 682 988 989
574 576
669 663 666 667 674 675
663 659 661 666 667
576 582 705
738 740
582 584 948
705 702 706
584 603 752
603 598 612
799 804 805
948 943 946 947
611 612
752 674 753
943 941 946 947
598
621 624 627
788 789 792 793
969 971 974
629 624 627 628 631
612
851
793 789 792
961 958 959
638 637 643 644 988
624 627 628
627 628 631 780
628 631
692 688 689 690 695
695 689 690
631 637
780 774
637 643
643 644
644
988 985 986 989
650 654 655
654 655 659
655 659 661
897 893 894 895
659
661 666 667 888
924 930
666 667
667
888 893 894
674
675
682 688
688 689 690
689 690
805 804
690 971
971 974
702 706
706
989 985
713
985 980 981 986
720 721 722
721 722 727
722 727
727 731
910 912
731 735
876 872
735 740 828
740
828 827
912
747 753
763 761 766 767
753
979 974 980 981
761 766 767
766 767 770
767 770
770 774
774
789 792
792
804
827
813
859
868 872
872
893 895
894 895
895
928 930
930
941 946 947
946 947
947
958 959
959
974 980
980 981 986
981 986
986
