0 2 3 4 5 6 386 494 495 496 499
2 1 3 5 6 8 324 496 497 498
3 4 5 6 7 8 9 452 497 498
4 1 5 7 8 9 10 18 186 375 400 449
5 1 6 8 10 32 166 499
6 1 8 9 11 113 193 194 314
386 380 381 382 383 384 385 387 388 389 390 391 392
494 99 129 488 489 490 491 492 497 498 499
495 167 209 476 489 490 491 492 493 496 497 498
496 1 337 490 491 493 498
499 1 63 154 213 403 493 497 498
1 62 67 223 254 497 498
62 56 57 58 59 60 63 64 65 66 67 68 178
67 26 61 64 65 66 68 71 72 73 306 458
223 48 65 217 218 219 220 222 224 225 226 227 228 229 347
254 52 213 248 249 250 251 252 253 255 256 258 260 491
497 83 267 332 491 492 493 498
498 59 441 492 493
8 11 13 14 70 229 310 378 379 447
324 104 318 319 320 321 322 323 325 327 329 330
7 10 11 12 13 182 326 335 412 487
9 10 11 12 13 14 15 146 280 407 414 437
452 72 375 446 449 450 451 453 454 455 456 457 458
10 11 12 13 14 16 208 360
18 12 13 14 16 17 19 20 21 22 23 24 32 85
186 180 182 183 184 185 187 188 189 191 192 454
375 316 369 370 372 373 376 377 378 379 454
400 173 394 395 396 397 398 399 401 402 403 404
449 443 444 445 446 447 448 450 451 453 454 455
32 26 27 28 29 31 34 35 36 38 120
166 160 162 163 164 167 168 169 368
11 12 14 16 17 183 413
113 107 108 109 110 111 115 116 117 118 119 279 473
193 108 187 188 189 190 191 192 194 197 198 199 355 401 481
194 188 189 190 191 192 195 197 198 199 200
314 211 308 310 312 313 315 317 318 320 332
12 13 14 16 17 98 424
13 14 15 16 17 19 69 115 256
182 94 176 177 178 179 180 181 183 184 185 187 188
326 54 196 321 322 323 327 328 329 330 331 335
335 235 310 329 331 333 334 336 337 338 339 341 422
412 45 406 408 409 410 411 413 414 415 416 417 418
487 122 162 168 172 221 296 303 308 482 483 485 488 490 491 493
14 16 17 19 20 443
70 64 65 66 69 71 72 73 74 75 152 330
229 224 225 226 227 228 230 231 232 233 234 253
310 27 304 306 307 308 312 316 415
378 242 373 374 377 380 381 382 383 384
379 46 161 376 381 383 384 385
447 36 279 441 443 444 445 448 450 453
15 16 17 19 20 21 28 177 225 480
146 140 141 142 143 144 145 147 148 150 151 152
280 40 46 274 277 278 281 282 283 285 286 420
407 401 402 403 404 406 408 409 411 413 423
414 264 408 409 410 413 415 416 417 418 419
437 431 432 433 434 435 436 439 440 441 442 443
16 17 19 21 22
208 205 206 207 209 210 212 213 214 251 382 406
360 319 354 356 357 358 359 361 364 365 366
17 19 20 21 22 23 29
183 86 177 178 179 181 184 187 189 287
413 207 408 409 411 415 416 417 418 419 455
98 94 95 96 97 99 100 101 104 234 302 363 368 428
424 294 418 419 420 421 422 423 425 427 428 430
19 20 23 24 25
69 63 64 66 71 73 74 75 426
115 81 111 114 116 117 118 119 120 121 365
256 124 250 251 252 253 255 257 258 259 260 262
20 21 22 23 25 26 100 109 382
443 156 225 395 440 441 444 445 446 448
21 22 23 24 25 26 96 299 330 373
28 22 23 24 25 27 30 31 33 34 467
177 165 171 174 176 179 180 181 406
225 202 219 220 221 222 224 227 231 362 394
480 368 462 474 475 476 477 478 479 481 484
22 24 25 26 27 92 191 427
23 24 25 26 27 29 304
29 31 33 34 35 116 278 294
24 25 232 265
85 53 80 81 82 83 84 86 87 88 89 90 91 123 328 484
25 26 27 30 31
26 27 30 31 42 131 422
100 96 99 101 102 103 104 105 106
109 93 103 104 105 106 107 108 110 111 112 114 212
382 170 376 377 380 381 384 385 387 388 416
96 90 91 93 94 95 97 99 101 102 461
299 130 247 293 294 295 296 297 298 301 302 303 304
330 248 327 329 331 333 334 336 393 465
373 118 121 272 367 368 369 370 371 374 376 377
27 31 33 311
92 86 89 90 94 95 114 118 188
191 47 185 187 189 190 192 195 196 197 230
427 421 423 425 426 428 429 430 431 433
304 298 302 303 305 306 307 308 309 471
232 227 228 230 231 233 234 235 237 238 368 387
265 82 262 263 266 267 268 269 270 271 320 468
30 31 33 34 36 95 148 372
31 33 34 35 37
42 37 38 39 40 41 43 44 45 48 49 469
131 76 125 126 127 128 129 130 132 133 134 135 136 137
422 404 417 418 419 420 421 425 426 464
33 34 35 36 37 38 39 169 387
311 134 300 305 306 307 308 309 312 313 315 316 317 383
34 35 37 38 39 40 168 473
467 226 285 362 368 462 463 465 466 468 469 470 471 473
35 36 38 39 40 41 159 281 411
116 101 110 112 117 118 121 122 420
278 272 273 274 275 276 279 282 283 284 464
294 288 289 291 292 293 295 296 297 298 300
36 37 38 39 40 41 44
95 61 83 89 97 99 101 180
148 65 142 143 144 145 149 150 151 152 154 352
372 366 367 368 369 370 371 377 436
37 38 39 40 41 43
38 41 43 44
120 114 117 118 119 121 122 123 124 125 126 153 247
39 40 41 43 45 445
169 51 164 165 167 168 170 171 172 173 174 175
387 381 388 389 391 392 393
40 41 43 44 45 46 173
168 162 163 164 167 170 172 174 295 350
473 152 468 470 471 472 474 475 476 477 478 479
41 43 44 45 46 47 395
159 153 154 155 156 157 158 161 162 163 164 165 226
281 257 276 277 279 282 283 284 285 286 463
411 390 405 408 409 410 415 416
44 43 45 46 47 48 49 50 123
43 45 46 47 49 317
45 47 48 49 50 51 91
445 235 439 440 442 444 448 451 468
46 48 49 50 51 76 129 419 451
173 167 171 172 174 175 176 178 221
47 48 49 53 75 251 377 402
395 356 390 391 392 393 394 396 397 398 401
48 49 50 51 52 53 54
49 51 52 53 54 101
469 150 322 347 463 465 466 470 471 472 474 475
317 206 313 316 319 320 323 484
50 51 52 53 55
123 118 119 122 124 125 126 127 128 130
51 52 53 54 56 57 240 320 346
91 86 88 89 90 171
76 71 73 74 77 78 80 81 82
129 124 125 126 127 128 132 133 134 135 175 352
419 77 415 417 418 420 421 423 425
451 207 322 446 450 453 454 455 456 457
53 52 54 55 56 59 399
75 71 73 74 77 79 80 257 490 493
251 248 249 250 252 253 257 289 450
377 247 308 333 371 374 381 383 431 436
402 65 153 396 397 398 399 401 405 406
52 54 55 57 260
54 55 56 58 59 60 178
101 63 99 104 105 106 107 471
55 56 57 58 59 60 61 150 289
56 57 58 59 60 73 82 152 187 276
57 58 59 60 61 271 425
240 234 235 237 239 241 243 244 246 257
320 315 318 322 323
346 99 300 340 341 342 344 345 348 350 351 352 492
260 257 258 259 261 262 263 264 266
59 60 61 63 64 65 202 347
399 318 393 394 396 398 405
58 60 61 63 78 165
60 61 63 64 65 66
178 174 175 176 179 181 184 233 269
61 63 64 66 68 370
150 147 149 151 152 153 154 155 156
289 162 283 284 285 286 290 291 292 293 295 403
73 68 71 72 74 77 78 192
82 77 80 81 83 84 87 88 383 441
152 141 147 149 151 153 154 155 156 158 438
187 134 181 184 185 188 189 190 286 316
276 102 270 271 272 273 274 275 277 282
271 266 267 269 270 272 274 275 348
425 214 420 421 423 428 429 431
63 64 65 66 68 134
78 72 74 79 80 81 83 84 114
165 155 160 162 163 164 167 170 171 211 215
64 65 66 68 252 288
65 68 71 108
202 99 196 197 199 200 203 205 264
347 185 342 344 348 349 350 351 352
66 68 71 72
68 71 72 74 230 459
370 267 336 356 364 365 367 368 369 371 374 376 417
134 128 130 133 135 136 137 138 140
252 215 238 246 248 249 253 255 257 258 429
288 282 283 284 285 290 291 292 293
71 72 74 77 239
108 103 104 105 106 107 111 112 114
72 77 217 242 490
306 228 300 301 307 308 309 312 327 475 488
458 355 453 454 455 456 457 459 460 461 463
74 77 79 80 124 205
230 224 227 228 231 233 234 235 236 429
459 341 453 454 455 460 462 463 464 465
426 170 420 421 428 429 430 432
77 79 80 81 83 114 389 439
239 89 233 235 238 241 242 243 244 245 301
217 136 211 212 213 214 215 216 218 219 220 492
242 144 218 237 238 241 245 246 247 248
490 137 484 485 486 488 489 491
192 188 189 190 195 291 463
79 80 81 83 84
80 81 83 84 86
124 119 121 125 126 127 128 130 362
205 199 201 203 204 206 207 209 210 211 215
257 253 255 258 259 261 262 263 464
493 309 488 489 491 492
81 83 84 87 105
83 84 87 88 89 203
114 110 111 112 119 285
389 315 383 384 390 391 392 393
439 388 434 436 438 440 441 442 444
84 86 88 89 90 196 259
86 87 89 136 160 215 228
87 89 90 93 233 428
105 99 102 107 110 111 374
88 90 93 94 106 298
383 380 381 385
441 405 436 440 442 444 446 454
89 90 93 94 236 318
203 197 198 200 201 204 206 209 405
90 94 236 272 312 477
196 117 190 195 198 199 201 408
259 253 255 258 261 263 264 406
328 170 236 322 323 325 329 331 332 333 334
484 188 478 479 481 482 483 485 486 488 489
136 130 132 135 137 138 139 140 141 142 319 350
160 157 158 161 162 163 164 176
215 102 209 210 211 213 214 219 245
228 222 224 226 231 233 234 438
93 94 97 99 197 209 268 275 431
233 118 227 231 234 236 237 238 438
428 211 221 313 371 423 430 431 432
94 97 267 275
106 102 103 104 107 110 111 112
298 103 292 293 295 296 297 301 302 303 438
236 231 234 237 238 241 461
318 156 290 312 313 316 319 321 323
272 266 267 269 270 273 274 275 277
312 180 307 308 309 315 316
477 471 472 474 476 478 479 481 482
171 167 172 174 175 180 339
118 112 117 121 315
188 184 185 189 190 315
97 99 103 214 384 440
99 102 103 104 138
197 198 199 200 201 226
209 206 207 212 213 214 460
268 231 262 264 266 267 269 273 274 339 340
275 200 270 273 274 277 279 390
431 342 429 432 434 435 436 482
267 245 261 266 269 270 273 287
180 174 175 176 179 181 184 185 198
102 104 107
461 243 455 457 460 462 464 465 466
103 104 107 273
214 210 211 212 213 216 219 220
384 137 380 381 388 390
440 295 393 401 434 435 436 438 442 446
104 107 110 468
234 231 235 237 238
302 296 300 301 303 305 307
363 155 357 358 359 361 362 364 365 366 367 368 369
368 362 364 367 369 371 374
138 132 135 139 140 141 142 143 144 224
107 110 111 112 222
471 149 465 470 474 475 476
273 269 270 277 385
110 111 112 262 327 448
468 462 463 464 466 470 472
111 112 117 475
374 221 371 376 380
112
222 216 218 219 220 224 226 227
212 121 206 207 210 211 216
262 258 261 263 264 266
327 244 321 322 323 325 329 331 332 333
448 128 287 433 442 444 446 454 455
117 119 121 483 486
475 291 470 472 474 479 481
119 121 122 125 354
279 282 283 284 285
285 162 282 284 286 290 291
121 122 125 127 344
365 359 361 362 366 367 369 371 434
122 125 126 127 128 167 430
420 416 417 418 421 423 483
483 308 478 481 482 485 486 489
486 482 485 488 489 491 492
315 309 313 316 319 321
125 126 127 128 130 339
354 263 349 350 351 352 353 355 356 357 358
126 127 128 130 132
153 147 151 154 155 156 157 158 457
247 149 241 243 244 245 246 248 249 250 376
127 128 130 132 133 319
344 154 338 339 340 342 343 345 349 350
128 130 132 133
167 162 164 172 216 227
430 220 255 429 432 433 434 435
130 132 133 135 415
362 357 358 361 364 366 367
339 336 337 338 340 341 342 343 345
132 133 135
133 135 137 139
319 226 307 316 321 322 323 325 353
135 137 140 141 385
175 170 172 174 176 181 380 429
352 348 349 350 351 355 356 358
415 245 409 410 416 417 418 421
137 139 141 142 322
139 140 141 142 145 456
140 141 142 143 144 145 481
141 142 144 145 147
385 380 381 388 390 472
142 143 144 145 147 201
350 274 345 348 349 351 353 355 356
322 316 323 325 403
143 144 145 147 149 466 476
144 147 149 438
224 218 219 220 221 226 227 476
145 147 149 151 396
456 450 453 454 455 460 462
481 297 476 478 479 482 485
147 149 151
201 195 198 199 200 204 206 207
149 151 155
466 460 463 464 465 470 472 489
476 218 470 474 478 479 482
438 179 238 243 388 433 434 436 442 444
151 154 155 156 157
396 390 391 392 393 394 397 398 401
154 157 158 332
155 156 157 158 161
156 157 158 161 162 163
157 158 161 162 163 333 336
158 161 162 164
457 274 287 394 397 453 454 460 462 463
332 329 331 333 334 336 337 338 359 442
161 162 163 164 245 351 478 492
162 163
163 164 210
333 329 331 334 337 417
336 331 334 338 341 342
164 170
226 220 221 227 231
176 172 174 179 181 478
245 241 244 246 248 250
351 345 349 353 355 356 357
478 472 479 482
492 489 491
210 204 206 207 211 213 216
170 172 174 369 390
211 206 207 213 216 338
172 174 460
216 213 220 221 307 355 403
227 221 231
174 179
295 290 292 293 296 297 300 301
369 364 366 367 371 470
390 388 392 394 455
460 454 455 462 463 464 465
221 218 219 220
179 181 184
181 184 185 410
380 376 381
429 300 434 435
406 403 404 405 408 409 410
184 189 190 482
269 206 263 264 266 270 274
185 189 190 301
198 195 199 200 410 450
410 404 405 408 409 416
189 190 195
287 282 283 284 290 291 293
190 195 446
482 479 485 488
301 296 297 300 303 305 307
454 274 450 453 455
286 282 284 290 291 292 342
316 313 321 334
195 199 200 397
446 359 444 450
291 292 293 296 297
463 462 464 465
199 200 204
355 349 353 356 357 358 361
401 329 397 398 403 404 465
200 204 206
397 282 391 392 393 394 398 403
408 403 404 405 409
450 444 453 455
204 206 207
206
207 213 489
264 258 261 263 266 270 479
405 404
213 218 219
489 277 485 488 491
338 297 337 340 343 472
218 219 220
219
220 371
307 303 305 309 313
403 398 409
371 366 367 376
231 235 237
394 388 391 393 398
253 248 250 255 258
235 337 340
237 238 241 243 325
238 241 243
337 331 334 340 341 342
340 334 341 342 343 345
241 243 244 246 297 472
243 244 246 248 249
325 303 323 329 331 444
244 246 248 249 250
246 248 249 250
297 296 300 303
472 470 474
248 249 250
249 250
250 255 388
376 381 391 434
255 258 261
388 391 392 393 409 421
258 261
491 485 488
261 263 266
263 266 283
464 462 465 470
266 270 308
283 277 282 284
270 274
479 474 485
308 303 309 313
274 277 303
348 342 343 345 349 353
277 282
303 300 309
282 284
284 290
290 292 293 296
292 293 296
342 341 343 345
293 296
296 300
300 305
305 309
309 313
488 485
313
321 323
334 329 331
323 329
353 349 356 357 358 359
329 331
331
444 442
393 392 398
465 462 470
359 356 358 361 364 435
442 436
417 416 418 421 423
341 343 345 453
343 345 349
345 349 364
453
349
364 358 361 366 367
356 357 358
357 358 361
358 361
361 366 367
435 432 433 434 436
366 367
367
434 432 436
470 474
436 432 433
381
391 392
416 418 421
392 398
409 404
421 418
455
398 404
404
423 462
418
462
432 433
433
474
485
