0 1 2 3 1791 1997 1998
1 2 3 4 1998 1999
2 3 4 5 253 1062 1999
3 4 5 6
1791 1788 1790 1792 1793
1997 1994 1995 1996 1998 1999
1998 296 318 1996 1999
4 5 6 7
1999 113 1886
5 6 8
253 250 252 254 255 256
1062 1027 1060 1061 1064 1065
6 7 9
7 8 9 10 181 903 1821
8 9 424 1594 1750
9 10 11 12
10 11 12 13 1378
181 178 180 182 183 184
903 901 902 904 905 906
1821 241 371 1819 1822
424 421 422 425 426 427 892
1594 1591 1592 1593 1596 1597
1750 1748 1749 1751 1752 1753
11 13 14 105
12 13 14
13 14 15 16 1955
1378 1376 1377 1379 1380 1381
14 15 16 17 1206
105 102 103 104 106 107 108 579
15 17 18 576 1346
16 17 18 19 421
1955 1952 1954 1956 1957 1958
17 18 19 20 633 650 1621
1206 1066 1203 1204 1208 1209 1630
18 19 20 21
576 573 575 577 578 832 1128
1346 553 1072 1343 1344 1347 1348 1349
19 20 21 22
421 418 420 422 423 1695
20 21 22 23
633 241 630 631 632 635 838
650 647 648 649 651 652
1621 1285 1618 1619 1622 1623 1624
21 22 23 24
22 23 43 1085
23 24 25 26 627
24 25 26 27 1501
43 40 41 42 45 46
1085 859 1082 1083 1087 1088
25 1295 1659 1867
26 27 28 29
627 624 625 628 630 686
27 28 29
1501 1498 1499 1500 1504
1295 1293 1294 1296 1297 1298
1659 615 1656 1657 1658 1661
1867 204 1865 1866 1868 1869 1870
28 29 30 31 222
29 30 32
30 32 237
31 33 34 187 614 1262
222 219 220 221 223 224 225
32 35 511 521 1135
237 234 235 236 238 239 240
33 34 35 36 367 1564
34 35 37
187 184 185 186 189 190 1656
614 611 612 613 615 616 617
1262 988 1259 1260 1261 1263 1264 1687
35 36 37 38
511 509 510 512 513 514
521 519 522 523 524 1453 1532
1135 1132 1133 1134 1136 1137 1138
36 37 39 1096
367 364 365 366 369 370
1564 623 866 1561 1562 1563 1566 1567
37 38 39 40 792
38 39 40 41 1010
39 40 41 42 485 1430
1096 1093 1094 1095 1097 1098 1099 1551
40 41 1101 1638
792 484 789 790 791 793 794 795
41 44
1010 1008 1009 1011 1013 1571
42 44 935
485 483 484 486 487
1430 1428 1429 1431 1432 1433
1101 177 286 720 1098 1102 1103 1104 1805
1638 1388 1635 1637 1639
44 45 46 47 391 491 1408 1549
935 932 933 934 936 937 938 1342
45 46 47 48 277 404 1699
46 47 48 49 416 661 806
47 48 49 50
391 388 389 390 393 394
491 488 489 490 493 494 1950
1408 64 1184 1405 1407 1410
1549 109 745 1546 1547 1548 1550 1551
48 49 50 51
277 275 276 278 279
404 401 402 403 405 406 407 1558
1699 779 1697 1698 1700 1701
49 50 52 1555 1829
416 413 415 417 418 419
661 271 658 660 662 663 664
806 805 809
50 51 52 53
51 52 54
52 53 54 55
1555 1552 1554 1556 1557
1829 1827 1828 1830 1831 1832
53 54 55 56 1763
54 56 57 1798
55 56 57 58 278
56 57 59 1157
1763 151 526 766 1417 1760 1761 1766
57 58 59 60
1798 1253 1795 1796 1797 1799 1800 1801
58 59 60 61 1270
278 276 279 280 281
59 61 62
1157 1154 1155 1156 1158 1160
60 61 63 373 1364 1469
61 62 63 64
1270 1267 1268 1269 1271 1272 1273
62 63 64 65
63 64 65 710
373 370 371 372 374 375 1599
1364 1361 1362 1365 1366 1367
1469 1467 1468 1470 1471 1472 1971 1993
64 66 67
65 66 67 68 175
710 707 711 713 1319 1726
66 67 68 69 388 472
67 68 69 70
68 69 70 1560
175 173 174 176 178 1098
69 71 72 1505
388 385 387 389 390 690 898 1677
472 338 470 471 473 475
70 71 72 73
1560 497 1557 1558 1559 1562 1563 1797
71 72 73 74
72 73 75 1944
1505 824 1502 1503 1506 1507 1508
73 74 76 550 1436
74 75 76 77
75 76 77 839 1610
1944 1463 1942 1943 1946 1947
76 77 78 79 996
550 460 548 549 551 552 1278
1436 1433 1435 1437 1439 1979
77 78 79 703
839 619 836 837 838 841 842
1610 953 1607 1609 1611 1612 1613
78 79 80 81 324 890
79 81 82 1580
996 326 994 995 997 998
703 700 701 702 704 706 879 1454 1663
80 81 82 83
81 82 83 84 510
324 321 325 326 327 1403
890 887 888 889 891 892 893
82 83 84 85 1429
1580 272 1577 1579 1581 1582 1583
83 84 85 86
84 85 86 87 1114
510 507 508 512 513 1870
85 86
1429 1426 1428 1431 1432
86 87 89
87 88 89 90 898 1452 1552
1114 1111 1113 1115 1116 1117
89 90 91 92
88 90 91 334 1277 1343 1771
90 91 93
898 489 897 1037
1452 1320 1450 1451 1455 1612
1552 1550 1553 1554
91 92 93 94 709
334 331 332 333 335 336 337 885 1258
1277 794 1274 1275 1279 1331
1343 1341 1345
1771 1768 1770 1772 1773 1774 1784
92 93 94 95 359 977 1355
93 94 96
94 95 96 97 1292
709 216 706 707 711 908
95 96 97 98 252
359 356 357 358 360 361 362 961
977 974 975 976 978 979 980
1355 752 1352 1353 1354 1357 1426
96 97 98 99 1311
97 98 99 100
1292 1290 1291 1293 1294
98 99 100 101 725 1641
252 249 251 254 255
99 100 101 102 553
1311 452 1308 1309 1310 1312 1314 1380
100 102 103 1909
101 102 103 1418
725 179 723 726 727
1641 1639 1640 1642 1643 1644
102 103 104
553 551 552 554 1233
103 104 106 733 1209
1909 575 1907 1908 1910 1911 1912
1418 531 1417 1419 1420 1421
104 106 107
106 107 108 109
733 730 731 732 735 736
1209 663 1207 1208 1210 1211
107 108 109 110
108 109 110 111 1012
579 577 582 1145 1902
109 110
110 111 112 113 362
111 112 113 114
1012 1011 1013 1014
112 113 114 115 199 281
113 114 115 116 724
362 300 361 365 505
114 115 117
115 116 117 118 131 461 647
199 197 198 200 861
281 270 279 282 283 284 1230
116 118 119 1268 1876
724 721 726 727 796 992
117 118 119 120 612
118 119 120 121
131 128 130 132 133 134 886
461 458 460 462 464 1971
647 644 645 648 649 680 1494 1905
119 120 121 122 1148
1268 1265 1266 1267 1271 1321
1876 1786 1873 1875 1877 1878 1879
120 122 123
612 609 610 613 615
121 122 124 953 1745
122 123 124 125 1838
1148 711 1145 1146 1147 1149
123 124 125 126 1512
124 125 126 127
953 952 954 955
1745 1742 1743 1744 1747
125 126 127
1838 380 1700 1840 1841
126 128 129 749 1331
1512 1043 1509 1511 1513 1515
127 128 129 130 878
128 129 130 177 477
129 130 132 990
749 746 750 751 752
1331 1328 1329 1330 1332 1333 1334
130 133
878 875 877 879 880 881 1908
177 174 176 178 179 180 1937
477 474 476 479 480
132 133 134 135 449
990 988 989 991 992 993
133 134 135 136 339
134 135 136 137
886 883 885 887 888 889
135 136 138 261
449 446 447 448 450 451 932 962
136 137 139 230
339 337 340 341 342
137 138 139 140
138 139 140 141 1795
261 258 259 260 262 263 1577
139 141 965 1228
230 227 228 231 232 233 1708
140 141 142 143
141 143 144 344
1795 1792 1794 1796
965 797 962 963 964 966 967
1228 1058 1225 1227 1229 1231
142 143 144 145 731
143 144 145 146
144 145 146 147
344 341 342 343 345 346 347
145 146 147 148
731 255 728 729 732 734
146 148 149 1578 1992
147 148 149 1460
148 149 150 1076
149 150 151 152
1578 660 1576 1577 1579 1581
1992 1989 1990 1991 1994
1460 1457 1458 1459 1461 1462 1463
150 151 152 153
1076 1073 1075 1077 1078 1079 1611
151 152 153 1161
152 153 154 209 1276 1648
153 154 155 156 478 1739 1907
1161 1158 1159 1160 1162 1163
154 155 156 157 1009 1373
209 206 207 208 210 212
1276 282 1034 1274 1275 1278 1577
1648 1645 1646 1647 1649 1650 1651
155 156 157 158 1038
156 158 159
478 475 479 481
1739 1738 1741 1742
1907 1904 1906 1908 1910
157 158 159 160 1245
1009 925 1006 1007 1011
1373 873 1371 1372 1374 1375 1376
158 159 160 161
1038 1037 1039 1040 1041 1824
159 160 161 162 543 1760
160 162 163
1245 564 1242 1243 1244 1246 1247 1248 1581
161 162 163 164 1439
162 164 165 912 1454 1540
543 540 542 545 546
1760 1468 1758 1759 1762
163 164 165 166 691
164 165 166 306
1439 183 514 585 1437 1440 1441
165 167 168 355 452
912 909 911 914 915 1067
1454 322 1453 1456 1457 1601
1540 1537 1538 1539 1542 1543
166 167 168 437 483
691 670 688 689 692 693 694
306 303 304 307 308 309 662
167 168 169 170 1226
168 169 170 171
355 352 354 356 357 624
452 451 453 454 455
437 434 436 439 440
483 174 480 481 484
169 170 171 172 1045 1489
170 171 172 420 1309 1321
1226 289 1224 1225 1227 1229
171 172 173 174
172 174 1808
1045 1042 1044 1046 1047 1048
1489 790 1488 1490 1492
420 191 417 418 423
1309 847 1307 1308 1310
1321 608 1320 1323 1324
173 174 176
174 176 305 1446 1844
1808 1300 1806 1807 1809 1810 1811
176 178 179
305 303 304 307 308 1636
1446 1443 1444 1445 1447 1449 1710
1844 713 1842 1845 1846 1847
178 179 180
1098 1095 1097 1099
179 487 1604
180 182 183 1339
1937 1934 1935 1936 1938 1939 1940
487 484 486 488 489 490
1604 1160 1178 1601 1602 1603 1606
182 183 184 185 1508 1936
183 184 186 1289
1339 1337 1338 1340 1341 1514
184 186 1551 1917
185 186 188 840 1839
1508 1067 1506 1507 1510 1511
1936 685 1933 1934 1935 1939
186 188 439
1289 1238 1286 1287 1288 1290 1291
1551 1548 1550 1554
1917 596 1914 1915 1916 1920
188 189 190
840 464 837 838 841 843
1839 1836 1837 1840 1842
439 436 440 441 442 1601
189 190 191 192
190 191 192 193
1656 1653 1654 1655 1658
191 192 193 194
192 193 194 195
193 194 195 196 1199
194 195 196 197 1023
195 197 198 764
196 197 198 1231
1199 1196 1197 1198 1201 1202
197 198 200 1889
1023 1020 1022 1026 1609 1744
198 201 1962
764 761 762 765 1879
1231 1229 1230 1232
200 201 202 1824
1889 1668 1886 1887 1888 1890 1891 1892
201 202 203 204
1962 920 1959 1961 1963 1964 1965
861 858 862 863 864 1072
202 203 204 1872
1824 1354 1822 1823 1825 1826
203 204 205 206 428 1862
204 205 206 207 659
1872 1533 1822 1869 1870 1871 1873 1874
205 206 207 310 476 1690
206 207 208
428 425 426 427 429 430 431 639 1577
1862 387 727 969 1860 1864 1865 1958
207 208 210
659 657 658
310 307 308 311 312 530
476 473
1690 282 1687 1688 1689 1692 1693
208 210 211 489
210 211 212 213
211 212 213 214 459 1377
489 488 490 1713
212 213 214 215
213 214 216
214 215 216 217 352
459 456 458 460 1830
1377 1174 1375 1376 1379 1380
215 216 217 218 1154 1437 1737
216 217 218
217 218 219 220
352 350 351 353 354
218 219 220
1154 675 1151 1152 1156 1398 1859
1437 966 1434 1435 1438 1440
1737 1224 1493 1735 1738 1740
219 220 221
220 221 223 737
221 223 224 618 1129
223 224 225 226
737 735 736 738 740 784
224 226 227 1345
618 394 615 617 619 620
1129 1126 1127 1128 1130 1131
225 227 228 1007 1379
226 228 229 345 1819 1898 1952
227 228 229
1345 1342 1344 1347 1348 1861
228 229 231 705
1007 1004 1005 1006 1008
1379 1376 1380 1381
229 231 232 1180
345 343 347 348
1819 325 815 969 1817 1820 1822
1898 1556 1895 1896 1897 1900 1901
1952 1949 1950 1951 1953 1954
231 232 233 234 842 1827
705 702 706 708 763 1674
232 233 234 235
1180 966 1177 1178 1181 1182
233 234 235 236
1708 394 1502 1705 1707 1710 1711
234 235 656 1506
842 841 844 845
1827 1825 1826 1828 1830
235 236 238 1108
236 238 239
656 308 653 657 658 814 882
1506 254 1503 1507 1509 1969
238 567 1247
1108 415 1105 1106 1107 1110 1111
239 240 241 242
240 241 242 243
567 260 564 565 568 569 570 1835
1247 293 396 1244 1248 1249 1250
241 242 243 244
242 243 245
243 244 246
244 245 246 247 1614
245 246 247 248 1502
246 247 248 249
247 248 249 250 1602
1614 1048 1094 1596 1611 1612 1615 1616 1617
248 249 250 251 1749
1502 1261 1499 1500 1504
249 250 251
250 251 469 750
1602 1599 1601 1603 1605
251 254
1749 807 1746 1748 1751
469 466 470 471 682 687 1520 1893
750 748 751 752 768 1499
254 255 256 486 1103
255 256 257 258
256 257 258 259
486 484 793
1103 1100 1102 1104 1106
257 258 259 260 493
258 259
259 260 262
260 262 263
493 490 494 495 496
262 263 264 265
263 264 265 266
1577 460 1363 1523 1575
264 265 266 267
265 266 267 268 1043
266 267 268 269 332
267 268 269 270
268 269 270 271
1043 798 1040 1041 1044 1232 1513
269 270 272 626 1633 1785
332 329 331 333 335
270 272 273
271 272 273 274 1267
272 273 781 870 1734
626 623 625 628 1705
1633 1630 1631 1632 1635 1636
1785 675 1782 1783 1784 1787 1788
273 274 275 276
274 275 276
1267 1265 1266 1269
781 779 780 782 783
870 869 871 872 873 1024
1734 1731 1732 1733 1735 1736 1762
275 276
276 279
279 280 699
280 282 283 342
699 696 697 698 701 755
282 283 1459 1776
283 284 285 286
342 340 341 398 1517
284 286 287
1230 1227 1232 1233 1301 1445 1482
1459 796 1456 1457 1458 1461 1462
1776 1773 1774 1775 1777 1778 1779
285 287 288 309 357 598
286 287 288 289
287 288 290 813
288 289 290 291 470 525
309 308 311 312
357 354 356 358 360 845
598 595 597 599 601 1186
289 290 291 292 1359
290 291 292 293
813 810 811 812 814 815 816
291 292 293 294 807 1353
470 467 473 1237
525 522 523 526 527 528
292 293 294 295 859
1359 1356 1357 1358 1361 1470
293 294 295 296
294 295 296 297
807 810 1258 1488 1921
1353 1351 1352 1354 1356
295 297 298
859 856 858 860 862
296 297 298 299 1122
297 298 299 300 1523
298 299 300 301
299 301 302 832
1122 1119 1120 1121 1123 1124
300 301 302 303
1523 1521 1524 1526
301 302 304 649 1143
302 303 304
832 829 830 831 833 834 835
303 1546
304 307
649 646 648 651 652 1570
1143 1140 1141 1144 1145
1546 1544 1545 1547 1548 1916
307 823
308 311
1636 1634 1635 1637 1639
662 660 663 665 1964
823 820 821 822 824 826
311 312 313 314 519 632
312 313 314 315 889
530 527 528 529 531 532
313 314 315 316
314 315 316 317 1939
519 516 517 518 520 522 970 1107
632 490 629 631 635
315 316 317 318 1025
889 597 887 888 1806
316 317 318 319
317 318 319 320 1423
1939 423 1480 1938 1942
318 319 320 321
1025 619 1024 1027 1028
319 321 322 779 922 1046
320 321 323 440 896 1358
1423 1066 1420 1421 1422 1425
321 323
322 325 349 920 1069 1093
779 776 777 780 1091
922 919 921 923 924 925
1046 654 1044 1048 1049 1814
323 325 326
440 438 441 443
896 893 894 895 897 899
1358 1356 1360 1361 1631 1993
325 326 327 328
349 346 347 350 676 1442
920 917 918 919 921 923 1051
1069 1067 1070 1071 1072 1366
1093 1033 1090 1091 1092 1094 1095
326 328 329
327 328 329 330 1736
1403 1401 1402 1404 1405 1406
328 329 330 331
329 330 331 1877
330 331 333
1736 688 831 1738
331 333
1877 1874 1875
333 335 336
335 336 337 338 1391
336 337 338 500
337 338 340 1117
885 882 883 884 887
1258 1013 1255 1256 1259 1260 1261
338 340 341 1850
1391 1388 1389 1390 1393 1394
500 497 498 499 501 502 503
340 341 343
1117 1115 1118 1119 1120
341 343 803
1850 835 1847 1848 1849 1851 1853
343 346
803 479 800 802
398 395 396 397 399 400 401 837 972
1517 1181 1514 1515 1516 1518 1519
346 347 348 563 600 801
347 348 350
348 350 351
563 560 562 564 565 566
600 597 599 601 603
801 799 800 802 804 975
350 351 353
351 353
676 673 674 677 678 679
1442 1172 1440 1441 1443 1445 1891
353 354 356 910
354 356 1166
356 358
910 907 909 911 913
1166 1066 1163 1164 1165 1167 1168 1169 1757
624 621 622 623 828 1957
358 360 361
360 361 363 1733
845 843 844 847 848
361 364
961 364 958 959 960 964
363 365 366 443 1030
1733 985 1730 1731 1732 1735
364 365 366
365 366 368
505 502 503 506 507 508
366 368 369
443 441 442 444 445 1772
1030 1027 1028 1029 1031 1032 1033 1067
368 369 370 371 590
369 370 371 372 899
370 371 372 1852
371 372 374 1244
590 587 588 589 591
372 374 375 1729
899 897 900 901 902 1717
1852 1021 1054 1849 1851 1853 1854 1855
374 375 376 796
1244 1242 1246 1694
375 377 378
1729 535 1726 1728 1731
1599 1596 1597 1598 1600
376 377 378 379 1929
796 794 795 797 799
377 378 380 605 704
378 379 1461
379 380 381 382
1929 1926 1927 1928 1930 1931 1932 1938
380 381 382 383
605 467 602 603 604 606 607 608
704 701 702 706 707
1461 1458 1462 1463 1464
381 382 384 924 1299
382 384 385 1186
383 384 385 386
384 385 386 387
924 921 923 925 926 927
1299 1297 1298 1300 1302
385 386 387 1112 1319
1186 488 1183 1184 1185 1187 1188 1189
386 387 389 1051 1131
387 389
1112 1109 1110 1113 1177 1338
1319 1317 1320 1322
389 390 392
1051 1049 1050 1052 1054 1846
1131 1130 1132 1133
390 392 393 1521
690 687 688 689 692
1677 1674 1675 1676 1678
392 395 619
393 394 395 1747
1521 1518 1519 1520 1522 1524
394 395 396 397 1327
395 396 397
619 617 621 622 1238
1747 800 966 1322 1746 1748
396 399 1864
397 399 400 986 1302
1327 1324 1325 1326 1328 1329 1330
399 400 401 402
1864 1042 1861 1863 1865 1866
400 401 402 403
986 983 985 988 989
1302 1301 1303 1304 1305
401 402 403 1865
837 402 834 835 838
972 971 973 974 1675
402 403 405
403 405 406
1865 1863 1866
405 407 1926
406 407 408 409
407 408 409 410
1558 1556 1557 1559 1804
1926 1923 1924 1925 1927
408 409 410 411 1919
409 410 411 412
410 411 412 413 1306
411 412 413 414
1919 1916 1918 1920 1921 1922
412 413 414 1976
413 414 415 1503
1306 1303 1305 1307 1308
414 415 417
1976 1104 1975 1977 1978 1979
415 417 418
1503 911 1500
417 418 419 782
418 419
419 422 923 1487
782 780 783 784 785 1528
422 423 425
923 921
1487 1484 1485 1486 1488 1490
423 1987
1695 1692 1693 1694 1697 1698
425 427 1261
1987 520 1848 1984 1986 1989 1990
426 1005
427 430 1930
892 891 894 895 1714
1261 1259 1263 1707
1005 1002 1003 1006 1662 1702
430 429 431 432 433 863 1504
1930 1304 1704 1927 1931 1932 1933
429 431 432 1312 1363
431 432 433 434
639 636 637 638 640 641 1946
432 433 434 435 539
1312 1310 1313 1314 1315
1363 1360 1361 1362 1365 1366
433 434 435 436
863 862 864 866
1504 1507
434 435 436 1883
435 436 438 537 939
539 536 537 538 1241 1672 1778
436 438 1185
1883 1880 1881 1882 1884 1885 1886
438 441 475 1468
537 535 536 538 540
939 936 937 938 940 941 942
1185 814 1182 1183 1184 1187
441 442 444 891
475 474 1001 1313 1354 1665
1468 1465 1466 1467 1470 1471
442 445 1431
1601 1598 1603
444 445 447
891 888 894
445 446 447 448
1431 1428 1432 1434
1772 1769 1774 1775
447 446 448 450
446 448 848
448 450 451
848 846 847 849 850 851
450 451 453 893
451 453 454
932 706 929 930 933
962 946 960 964
453 454 455 456
893 660 895 1639
454 455 456 457
455 456 457 458 1816
456 458 1389
457 458 460 1908
458 460
1816 512 1813 1814 1817 1818
1389 1386 1387 1390 1392
460 462
1908 1815 1906 1910
1830 744 1828 1832 1833
462 463 464 465
464 465 467 1017 1054
1971 1968 1969 1970 1973 1974
463 465 466
465 466 467 468
466 468 1253 1626
467 1710
1017 551 1016 1018 1019 1020
1054 1053 1055 1056 1057
468 471
1253 1250 1251 1252 1255 1256
1626 1623 1624 1625 1627 1628
1710 1707 1709 1711 1712 1713
471 473 474
682 679 681 683 684 685
687 684 685 689
1520 1518 1519 1714 1768
1893 702 1728 1890 1891 1894 1896
473 474 1563
1237 1235 1236 1239 1240
474 785 1018 1204
1563 1234 1562 1566
785 783 784 786 787 788
1018 1015 1020 1021
1204 1201 1202 1205 1207
1001 999 1000 1002 1003 1004 1810
1313 843 1059 1310 1314 1315 1316
1354 906 1351 1913
1665 1183 1663 1664 1666 1667 1668
479 480 482 1107 1409 1815
480 481 482
481 769
482 484 1173
1107 982 1105 1109 1664
1409 1406 1407 1411 1412
1815 1813 1817 1818
769 766 767 768 770 771 1333
484
1173 1171 1172 1175 1176 1535 1718
793 791 795
488 1693
490
1693 1691 1692 1694 1696
1713 1711 1714 1715 1716
494 492 496 497 1882
1950 1947 1948 1951 1953
492 495
495 496 498
496 497 498 499 1351
497 499 713
1882 1234 1879 1880 1881 1884 1885
498 499 501
499 501 502
1351 1348 1349 1350 1352 1841
713 712 715 716 1491
501 502 503 504 1628
502 503 504
503 506 1494
504 506 507 1218
1628 1625 1627 1629 1630 1631
506 507 508 509
1494 1492 1493 1497
507 509 582
1218 1215 1216 1217 1219 1220 1673
508 509 638
509 512
582 580 581 584 1674
638 635 636 637 640 641 1298
512 513 514 1692
513 514 515 516 876
1870 1869 1871 1873
514 515 516
1692 1691 1694
515 517 518
516 517 518 684 926
876 873 874 875 877
517 518 520
518 520
684 681 683 685 1034
926 925 928 929
520 523
522 523 524
970 967 968 971 973
523 524 526
524 527
1453 586 1451 1456 1806
1532 1369 1529 1530 1531 1533 1534 1535
526 527 528 529
527 528 529
528 529 531
529 531 532
531 532 533 534 1684
532 534 535
533 534 535 536 766 1022 1996
534 535 536
1684 1155 1323 1681 1682 1685 1686 1687
535 536 538
536 538 1891
766 763 765 767 768
1022 1019 1020 1024
1996 853 1993 1995
538 540 541 1111
1891 1888 1890 1892
540 541 542 585
541 544
1111 1109 1110 1113
1241 1238 1239 1240 1242 1243
1672 1669 1670 1671 1673 1674 1675
1778 911 1777 1779 1781
542 544 545 1227 1843 1884
585 587 588 1471 1727 1848
544 546 547
545 546 547 548 1670
1227 1225 1229
1843 1095 1840 1841 1842
1884 1080 1415 1885 1886 1887
546 547 548 739 1777
547 548 549 1280
548 549 551 1888
1670 1667 1668 1671 1673 1742
739 581 736 738 1538
1777 1775 1779 1780
549 552 1576 1715
1280 1279 1281 1283
551 552
1888 1885 1886 1890
552 554 555 1927
1576 1573 1575 1579
1715 1712 1714 1716 1717
1278 1275 1279 1281
554 555 556 557 1092
555 556 557 558
1927 1924 1925
1233 745 1232 1234 1235 1236
556 557 558 559 1967
557 558 560
1092 1089 1090 1091 1094 1095 1142
558 559 560 561 984
559 560 561 562 1800
1967 1765 1964 1965 1966 1969 1970
560 561 562 1125
561 562 564 1794
984 981 982 985 987 1273
562 564 565
1800 564 833 1421 1588 1797 1801 1802 1803
1125 1123 1124 1126 1127 1128 1304
564
1794 1792 1793 1796 1797
565 566 568
566 568 645
568 569 570 571
645 642 643 646 648 804
569 570 571 572
570 571 572 573
1835 640 1833 1834 1836
571 572 573 738
572 574 575
573 575
738 735 736 740 741
574 575 577 894
575 577 578
577 578 580
894 895 897
578 580 581 1845
1128 756 1126 1130
580 581 583
581 583 584
1845 1637 1842 1847 1848
1145 1142 1144 1146 1147
1902 1899 1900 1901 1903 1904 1905
583 586
584 586 1374 1524
1674 1671 1673 1675 1676
586 587 588 589
1374 1371 1372 1375 1376
1524 1522 1525 1526 1527
587 588 589
588 589 591
1471 1304 1470 1472 1473 1474
1727 1629 1724 1725 1728 1730
1848 959 1847 1849 1851
589 591 592 1640
591 592 593 594 719
592 593 594 595
1640 1637 1642 1643
593 594 595 596 740 1087
594 595 596 597
719 716 717 720 721 722 1298
595 596 1382
596 597 599
740 741 742 743
1087 804 1088 1089 1090
597 599 1878
1382 1380 1381 1383 1384 1385
599 601 602
1878 1875 1879 1880 1881
601 602 603 604
602 604 1972
603 604 606
604 607 778
1972 1969 1970 1973 1974 1975
606 607 608 609
607 608 609 610
778 775 776 780 1650
608 609 610 611
609 610 611
610 611 613 1569
611 613
613 615 616
1569 1566 1567 1568 1571 1572
615 617
616 617
617 620
620 621 622 623
621 622 623
622 623 1236
1238 1235 1236 1239 1240
623 625 1949
1236 949 1235 1239
625 628 692
1949 1118 1946 1951
828 826 827 830 1490
1957 1334 1956 1959 1960
628 629 631
692 689 693 694 695
1705 1702 1703 1704 1706 1707
630 629 631 1647
686 688
629 631
631 634
1647 1644 1645 1646 1649 1650
634 636 637 1036
635 636 756 1466
838 835 836
636 637 1397
637 640
1036 1033 1034 1035 1037 1039
756 754 755 757 758 759
1466 1463 1465 1467
1397 1395 1396 1398 1399 1400 1556 1826
640 641 642 643 1660
641 642 643 644
1298 1297 1301
1946 1943 1945 1947 1948
642 643 644
643 644 646 712
1660 1342 1657 1658 1662 1663
644 1589
646 648
712 711 714 715
1589 1586 1587 1588 1590 1591 1592
648 651
804 802 805 1189 1912
680 677 678 679 681 683 741
1905 1903 1904 1906
651 652 653 654 1084
652 653 654 655
1570 1256 1567 1571 1572 1573
653 654 655
654 655 657
1084 1081 1082 1083 1915
655 657 658
657 658 660 1624
658 660
814 811 812 815 816 817 1176
882 879 880 881 883 884 1718
660
1624 1623 1625
663 664 666 784 1325
664 665 666 667
665 666 667 668 1048 1124
1964 1561 1961 1963 1965 1966
666 667 668 669
784 783 786 787
1325 973 1322 1324 1326
667 668 669 670
668 669 670 671 1170
1048 1047 1049 1486
1124 1121 1123
669 670 671 672 1127
670 671 672 673
671 672 673 674
1170 1168 1169 1171 1172
672 673 675
1127 1126
673 674 675 1440
674 677 1538
675 677 678 1284
1440 1438 1441
677 678 808
1538 880 1478 1535 1536 1537 1539 1541 1617
678 679 681
1284 1065 1281 1282 1283 1285 1287 1368
679 681
808 809 810 811
681 1767
683 685
741 742 744 1934
1767 1765 1766 1768 1769 1770
685 723
1034 1031 1032 1033 1035
723 721 726
688 689
689 911 1542
911 909 913 914
1542 1539 1541 1544 1545
693 694 695 696
694 695 696 1071
695 696 697 698
696 697 698
1071 1068 1070 1072 1073 1074
697 700 1340
698 700 1995
700 701 702
1340 747 1337 1338 1341
1995 1993 1994
701 702 1948
755 753 754 757
702 862 1039
1948 1945 1947 1951
862 860 864 1177
1039 1040 1041
706 707 1425
879 762 881
1663 1661 1664 1666
707 708
708 711 914 1032 1223
763 760 761 762 765
1425 1424 1426 1427 1428
711 714 928
914 913 915 916 917
1032 1029 1031 1035 1491 1928
1223 1220 1221 1224 1225
908 905 906 907 909
1726 1714 1723 1725 1728
714 715 717
928 927 930 931
715 716 717 718 1250
716 717 718 1090
1491 1488 1490 1492
717 720
718 721 722
1250 1248 1252
1090 1088 1089 1635
720 721 1428 1557
721 722 963
722 1073
1428 1426 1427
1557 1510 1554 1556 1559
963 822 960 964 966
1073 1070 1072 1074 1075
726 727 728 729
727 728 729 730
992 989 991 993 994 995
728 729 730
729 730 732
730 732
732 734 735
734 735 736
735 736
736
742 743 744
743 744 745 746
744 747
1934 1931 1932 1935
745 746 747 748
746 747 748
747 748
748 751 1109
751 752 753 754
1109 1106 1110 1413
752 973 1219 1416
768 765 767 770 771
1499 1496 1497 1498 1500 1700
753 754
754 757 1365
973 971 974 976
1219 865 1216 1217 1220 1221
1416 1413 1414 1415 1417 1419
757 758 759 760
1365 1362 1366 1367 1368
758 759 760 761 1158
759 761 762 1609
760 761 762 1534 1783
761 762
1158 1155 1159 1160
762 765
1609 1606 1607 1608 1766 1975
1534 1535 1536 1537
1783 1314 1781 1786
765 767
1879 1880 1881
767 770
770 771 772 773 1797
771 772 773 774
1333 1330 1332 1334 1336
772 773 774 775
773 774 776 1287 1470
1797 1796 1799
774 775 776 777
775 777
776 777 1164
1287 1288 1290
1470 836 1467 1500
777 780
1164 1162 1165 1167
780 783
1650 868 1649 1651 1652 1653
1091 1088 1089 1094
783 786
1528 1525 1526 1527 1530 1531
786 788 789
787 788 789 790
788 789 790 791 1782
789 790 791
790 791 1427
791 794
1782 1779 1780 1781 1784
1427 1424 1426
794 795 797
795 797 1178
797 798 799 800
1178 1175 1176 1179 1181
799 800 802 1027
798 800
800 802 1138
802 805
1027 1024 1026 1028 1029 1988
1138 1136 1139 1140 1141
975 974 976 978
805 1060 1400
1189 1187 1188 1190 1191 1192 1224
1912 1464 1910 1911 1914 1915
1060 1057 1058 1059 1061 1063 1167
1400 1398 1399 1401 1402
809 811
810 812 1263 1507
1488 1485 1486 1490 1518
1921 1477 1920 1922 1923 1924
811 812 1881
812 815 1539 1968
1263 1260 1264 1265
1507 826 1509
1881 1880
815 816 817
1539 1536 1537
1968 1375 1965 1966 1969 1970
816 817 818 819
817 818 819 820 1235
1176 1177 1179 1586
818 819 820 821
819 821 822 1584
820 821
1235 1234
821 822 824
822 824 825
1584 943 1581 1582 1585 1586 1587
824 825 827
825 826 827 830
826 827 829
827 829 830
830 831 833 1301
829
1490 1492
831 833 834
833 834 835 836
1301 1300 1303 1304
834 835
835 836 1480
836 1350
1480 1477 1478 1479 1482 1483
1350 1347 1348 1352
841 843 844
843 844 1305
844 846 847
1305 1303 1304 1307 1308
846 849 1700
847 849 850
849 850 851 852
1700 974 1212 1697 1698 1701
850 851 852 853 934
851 852 854
852 853 854 855 1464
853 854 855 856 1275
934 931 937
854 855 856 857
855 856 857 858
1464 1462 1467
856 858 1404
1275 1272 1273 1274
857 858 860
858 860
1404 1401 1402 1405 1406 1407
860
864 865 866 867
1072 951 1075
1177 1179
866 865 868 869
865 867 868
867 868 869
868 871 1205 1318
869 871 872 1581
871 872 873 874
1205 1202 1203 1208
1318 1315 1316 1317 1320
872 873 874 875
1581 1335 1579 1582
873 874 875
1024 1021 1026
874 875 1543
875 877 1683
1543 1541 1544 1545
877 880
1683 1680 1681 1685 1969
880 881
881 883 884
883 884 905
884 887
1718 1716 1719 1720 1721
905 902 904 906 907 982 1102
887 888
888
1806 1804 1805 1809
895 1388
1714 1711 1717
1639 1637 1642
897 900
1388 1182 1386 1387 1390
900 902
1037 1035 1040
901 902 904 1728
902 904 947
1717 1065 1719
904 906 907
1728 1293 1725 1730 1731 1788
947 944 945 948 950
906 907 909
907 1493
982 979 981 983 985
1102 1099 1104 1105 1735
909
1493 1492 1495 1496
913 915 916
915 916 917 918
1067 1064 1065 1068 1070
916 917 918 919 1960
917 918 919 1916
918 921
919 921 1606
1960 1958 1959 1961
1916 1913 1914 1918
921
1606 1603 1605 1607 1608
925 927 1667 1832
927 929 1455
1667 1664 1666 1668 1669
1832 1163 1831 1833 1834 1963
929 930 931 1086
1455 1456 1457 1458
930 931 933 955
931 933 1151 1711
1086 1083 1088 1089
933
955 952 956 957 958 1370
1151 1149 1150 1152 1153 1317
1711 1680 1709 1712
937 936 940
936 938 1322
938 940 941 1028
1342 1341 1344 1401
1322 1320 1323 1324
940 941 942 943 1115
941 942 943 997
1028 946 1029 1031
942 943 944 945
943 944 945 946
1115 1116 1118
997 994 995 998 999 1000
944 945 946
945 946 948
946 948 949 1886
948 949 950 951 1066
949 950 951 952
1886 1887
950 951 952
951 952 954 1399
1066 1063 1068
952 954
954 956 957
1399 1396 1401 1402
956 957 958 959
957 958 959 960
958 959 960
1370 1367 1369 1371 1372
959 960
960
964 966 967
966 967 969
967 968 969
969 971
968 971
971 974
974 976
1675 1673 1676 1678
976 978 979
978 979 980 981
979 980 981
980 981 983 1627
981 983
983
1627 1625 1629 1630
985 987 988
987 988 989 1286
1273 1271 1272 1274 1533
988 989 1856
989 991
1286 1283 1285 1288 1536
1856 1853 1855 1857 1858 1859
991 993 994
993 994 995
994 995
995 998
998 999 1000 1740
999 1000 1006 1443
1000 1002 1003
1740 1121 1738 1741 1742 1743
1006 1003 1004 1008
1443 1441 1444
1002 1003 1004
1003 1004
1004
1810 1807 1811 1812 1813
1662 1198 1664
1702 1450 1701 1704
1008 1011 1100
1011 1013 1014
1100 1097 1099
1013 1015 1744
1571 1383 1568 1573 1574
1014 1015 1016
1015 1016 1184 1533
1744 1498 1741 1743 1746
1016 1019
1184 1181 1182 1187 1441
1533 1360 1530 1531 1535
1019 1020 1021 1371
1020 1021
1021
1371 1368 1535
1026 1029 1755
1029 1031
1755 1752 1754 1756 1758
1988 1985 1986 1989 1990 1991
1031 1033
1033 1035
1035
1928 1217 1925 1931
1040 1041 1042
1041 1042 1044
1042 1044
1044 1047
1232 1229 1234
1513 1510 1511 1514 1516
1047 1050 1942
1049 1050 1052
1814 1811 1812 1813 1817
1050 1052 1053
1942 1940 1941 1943 1945
1486 1483 1484 1485
1052 1053 1055
1053 1055 1056 1630
1846 1847 1849
1055 1056 1057 1709
1056 1057 1059
1630 1629 1632
1057 1058
1709 1706 1707
1059 1058 1061
1058 1061
1061 1063 1064
1063 1064 1065
1167 1165 1168 1169
1064 1065
1065 1068
1068
1070 1579
1366 1212 1367 1368 1742
1579 1582
1074 1075 1077
1075 1077 1078
1077 1078 1079 1080
1078 1079 1080 1081
1079 1080 1081 1082
1611 1608 1613
1080 1081 1082 1083
1081 1082 1083
1082 1083 1773
1083
1773 1770 1774 1775
1915 1913 1914 1918
1088 1089
1089
1635 1634
1094 1095 1097
1095 1097 1529
1142 1140 1141 1144
1097 1099
1529 1526 1530 1531
1099
1104 1105 1106
1805 1802 1803 1804 1807
1105 1106
1735 1246 1738
1106
1664 1616 1661 1666
1110 1113
1413 1410 1411 1412 1414
1113 1116
1338 1335 1336 1337 1341
1116 1118 1119
1118 1119 1120 1121
1119 1120 1121 1255
1120 1121 1123
1121
1255 1252 1254 1256
1123 1126
1126 1586
1304 1307 1625
1586 1583 1585 1587 1588
1130 1132 1133
1132 1133 1134 1257 1982
1133 1134 1136
1134 1136 1137
1257 1254 1256 1259 1260
1982 1979 1983 1984 1985
1136 1139
1137 1139 1140 1941
1139 1140 1141
1140 1141 1753
1941 1703 1770 1938 1940 1943
1141 1144
1753 1652 1751 1752 1754
1144 1146 1147
1146 1147 1149 1200
1147 1150
1149 1150 1152
1200 1197 1198 1201 1202 1203 1823
1150 1152 1682
1152 1155 1264
1682 1561 1679 1681 1685 1868
1153 1155 1156 1341
1317 1314 1320
1155
1264 1265 1266
1156 1159
1341 1344
1398 1395 1401
1859 1857 1858 1861
1159 1162
1160 1163 1467
1162 1163 1165 1575
1163 1174
1467 1465
1165 1168
1575 1573 1574
1174 1171 1172 1175
1168 1169
1169 1171 1172
1757 1754 1758 1759
1171
1172 1175
1175
1535 1537
1179 1181 1182 1703
1181 1182 1183
1182
1703 1701 1706 1981
1183 1296
1296 1293 1294 1297
1187 1188 1190
1441 1288 1329 1438
1188 1190 1191
1190 1191 1192 1193
1191 1192 1193 1194
1192 1193 1194 1195
1224 1221 1222 1225
1193 1194 1195 1196
1194 1195 1196 1197
1195 1196 1197 1198
1196 1197 1198
1197 1198
1198 1201
1201 1202 1203
1202 1203
1203
1823 1820 1822 1826
1207 1208 1210
1208 1210 1211
1210 1211 1212 1213 1456
1211 1212 1213 1214
1212 1214 1215
1213 1214 1215 1216
1456 1457
1214 1215 1216 1217 1652
1215 1216 1217
1216 1217
1217 1220
1652 1651 1653 1654 1655
1220 1221 1222
1673 1671 1676
1221 1222
1222 1225 1300
1225
1300 1297
1229
1445 1444 1447 1448
1482 1479 1481 1483 1484 1485
1234
1239 1240 1242
1240 1288
1242 1243
1288 1285 1291
1243 1246
1246 1249 1645
1694 1691 1696 1697
1248 1249
1249 1251 1252
1645 1642 1643 1646
1251 1252 1254
1252 1254
1254 1256
1256 1259
1259 1260
1260
1707 1704 1706
1687 1686 1688 1689
1265 1266 1836
1266 1269
1836 1833 1837
1269 1271 1272
1271 1272 1274
1272 1274
1274
1279 1281 1282
1281 1282 1283
1282 1283 1285
1283 1285
1285 1334
1368 1367 1369
1334 1332 1335 1336 1337
1536 1537
1290 1291 1293
1291 1294
1293 1294
1294 1297
1297
1303
1307 1308 1310
1625 1426 1623
1308 1310
1310
1314 1315 1316 1764
1380 1383
1315 1316 1787
1316
1764 1761 1762 1765
1787 1784 1786 1788 1789 1790
1320
1323 1324 1326
1324 1326
1326 1328 1329
1328 1329 1330
1329 1330 1332
1330 1332
1332 1335
1335 1336 1337 1643
1336 1337
1337
1643 1644 1646
1514 1511 1515 1516
1344 1347
1401 1402
1347 1348 1349
1348 1349
1861 1858 1863
1349 1352
1352
1841 1840 1842
1356 1357
1913 1910 1911 1914
1357 1360
1426 1424
1360 1361 1362
1361 1362
1631 1629 1632 1634
1993 1991 1994
1362
1367 1369
1742 1741
1369 1372
1372 1375
1375 1376 1596 1769
1376 1548
1596 1595 1597
1769 1766 1770
1548 1545 1547
1381 1383 1384
1383 1385 1386
1384 1386 1387
1385 1386 1387 1620
1386 1387
1387 1390
1620 1618 1619 1622 1623
1390 1392 1393
1392 1393 1394 1395
1393 1394 1395 1396
1394 1396 1573 1679
1395 1396
1396 1438
1573 1572 1574
1679 1676 1678 1680 1681
1438 1435
1556 1554 1559
1826 1825 1828
1402 1405
1405 1406 1407
1406 1407
1407 1410
1410 1411 1412 1562
1411 1412 1414
1412 1414 1415
1562 1559 1561 1565
1414 1415
1415 1417
1417 1419 1420
1419 1420 1421 1422
1420 1421 1422
1421 1424
1422 1424
1424 1483
1483 1484 1485
1432 1433 1434 1435
1433 1434 1435
1434 1435
1435
1979 1977 1978 1980 1981
1444 1447
1447 1448 1449 1450
1448 1449 1450 1451
1449 1450 1451
1450 1451 1544
1451
1544 1541 1545 1547
1612 1613 1615
1457 1458
1458 1526
1526 1525 1527
1462 1463 1465
1463 1465
1465
1472 1473 1475 1646
1500 1497 1498
1473 1474 1475 1476
1474 1475 1476 1477
1475 1476 1477 1478
1646 1644 1649
1476 1477 1478 1479
1477 1478
1478 1479
1479 1481
1481 1484
1484 1485
1485
1518 1519
1492 1495
1495 1496 1498 1759
1496 1497 1498
1497 1498
1498
1759 1756 1758 1761 1762
1509 1510 1511
1969 1966 1970
1510
1511
1515 1516
1516 1519
1519 1522
1522 1525
1768 1765 1766 1770 1910
1525 1527
1527 1530
1530 1531
1531
1537
1541
1617 1615 1616 1618
1545 1547 1712
1547 1550
1712
1550 1553
1553 1554
1554
1559
1804 1801 1803 1807
1561 1582
1582 1583 1585
1565 1566 1567 1568 1685
1566 1567 1568
1567 1568
1568
1685 1686 1688
1572 1574
1574
1583 1585
1585 1587 1588
1587 1590
1588 1590 1591
1590 1591 1592 1593
1591 1592 1593
1592 1593 1595 1724
1593 1595
1595 1597 1598
1724 1721 1723 1725
1597 1598 1600
1598 1600
1600 1603
1603 1605
1605 1607 1608
1607 1608
1608
1766 1765
1975 1973 1974 1977 1978
1613 1615 1616
1615 1618
1616 1618 1619
1618 1619
1619
1622 1623 1978
1623
1978 1977 1980 1981
1629
1632 1634
1634 1637 1780
1637
1780 1779 1781
1642 1644
1644
1649 1651 1918
1651 1653 1654
1918 1920
1653 1654 1655
1654 1655 1657
1655 1657 1658
1657 1658
1658 1661
1661
1666 1669
1668 1669 1671
1669 1671
1671
1676 1678
1678 1680 1681
1680 1681
1681
1868 1866 1869 1871
1686 1688 1689
1688 1689 1691
1689 1691
1691
1696 1697 1698
1697 1698
1698 1701
1701
1704 1706
1706
1981 1980 1983 1984
1716 1719
1719 1720 1721 1722
1720 1721 1722 1723
1721 1722 1723
1722 1723 1725
1723 1725
1725
1730 1731 1732
1731 1732
1788 1786 1789
1732
1762 1761 1765
1738 1741
1741 1743
1743 1746
1746 1748
1748 1751
1751 1752 1754
1752 1754
1754 1756
1756 1758 1812
1758 1761
1812 1809 1811 1813
1761
1765
1770
1910 1911
1774 1775
1784 1786
1775
1779 1781
1781
1786 1789
1789 1790 1792
1790 1792 1793
1792 1793
1793 1796
1796 1799
1799 1801 1802
1801 1802 1803
1802 1803 1984
1803
1984 1983 1985 1986
1807 1809
1809 1811
1811 1813
1813
1817 1818 1820
1818 1820
1820 1822
1822 1825
1825 1828
1828 1831
1831 1833 1834
1833 1834
1834 1837
1963 1961 1965 1966
1837 1840
1840 1842
1842
1847 1849
1849 1851
1851 1853 1854
1853 1854 1855
1854 1855 1857
1855 1857 1858
1857 1858 1860
1858
1860 1863
1863 1866
1958 1956 1959 1961
1866 1869
1869 1871
1871 1873 1874
1873 1874 1875
1874 1875
1875
1880
1885 1887
1887 1890
1890 1892
1892 1894 1895
1894 1895 1896 1897
1895 1896 1897
1896 1897 1899
1897 1899 1900
1899 1900 1901
1900 1901 1903
1901 1903 1904
1903 1904 1906
1904 1906
1906
1911 1914
1914
1920 1922 1923
1922 1923 1924 1925
1923 1924 1925
1924 1925
1925
1931 1932 1933
1932 1933 1935
1938 1940
1933 1935 1943
1935
1943 1940 1945
1940
1945 1947
1947
1951 1953 1954
1953 1954 1956
1954 1956
1956 1959
1959 1961
1961
1965 1966
1966
1970 1973
1973 1974
1974 1977
1977
1980 1983
1983 1985 1986
1985 1986
1986 1989
1989 1990 1991
1990 1991
1991 1994
1994
