0 1 2 3 4 5 995 997 998
1 2 4 5 6 845 997 998 999
2 3 4 5 7 998 999
3 4 5 6 7 8 59 594 933 998
4 5 6 7 9 428 705 999
5 6 7 8 9 10
995 260 990 991 993 994 996 997 998 999
997 169 529 734 992 994 996 998 999
998 44 485 702 993 994 999
6 7 8 9 10 11 946
845 127 840 841 842 843 844 846 847 849 850
999 673 734 994 996
7 8 9 10 11 12 471
8 10 11 12 13 44 274
59 55 56 57 58 60 61 62 63 64
594 174 590 591 592 595 597 598 599
933 497 928 929 930 931 934 935 936 937 983
9 10 13 14 448
428 423 424 426 427 429 431 432 433
705 374 701 702 704 706 707 708 709 710
10 12 13 14 15 81
11 12 13 14 15 16 506
946 64 317 792 941 943 944 945 947 948 949 950 951
12 13 15 16 17 514
471 467 469 470 473 474 475 476 596
13 15 16 17 18 459 610
44 41 43 45 46 48 49 556 863
274 269 270 271 273 275 276 277 278 421
14 16 17 18 19 366 942 947
448 62 378 443 444 445 449 451 452 453 580 873
15 16 17 18 19 20
81 76 78 79 82 83 84 85 86 202 713 956
16 20 21 201 358 362 383 578 915
506 139 242 358 378 473 503 504 505 508 509 511 720
17 18 20 22 203 758
514 37 169 226 509 510 511 515 517 518 519 612
18 20 21 22 23 162 217 572 787
459 170 454 455 456 457 458 460 463 464 504 532 716
610 395 605 606 607 609 613 614 615
19 20 21 22 23 24 435
366 361 362 364 365 368 370 742 785 872 991
942 158 170 221 937 938 940 941 943 944 945 947
947 504 664 766 862 944 945 950
20 21 22 23 24 25
21 22 23 24 26 100 582
201 196 197 198 199 200 203 204 205 206 696
358 203 353 354 355 356 357 361 362 363 383
362 40 178 359 360 361 363 365 367
383 379 381 384 385 386 388 748
578 104 354 370 573 574 577 580 581
915 846 910 911 912 914 916 917 918 919 920 989
22 23 24 25 26 27
203 198 200 202 204 205 283 777
758 139 753 754 755 756 757 759 760 761 762 763
23 24 25 26 27 31 286 618
162 158 159 160 163 166 167 807
217 45 212 216 220 221 222 276 689 821
572 61 325 567 568 569 571 573 574 575 576 577
787 127 782 784 785 786 788 790 792 823
24 25 26 28 29
435 430 431 432 434 436 437 438 439 440
25 26 27 28 29 30 895 972
26 27 28 29 31 397
100 96 97 98 99 101 102 103 511 790 810 936
582 579 580 581 583 584 586 587
27 29 30 31 32 469 510
31 29 30 32 34 35 810
286 282 283 284 285 287 288 289 291 579 943
618 376 441 613 614 615 616 617 619 621 622 623
28 29 30 32 33 242 990
29 30 32 33 34 256 269 678 833
30 32 33 34 35 177 341
895 38 890 892 893 894 896 898 899 900
972 165 967 968 970 971 974 976 977
397 392 393 394 395 398 399 400 401 456 570
32 33 34 35 36 37 305 488 495 671 694 772
469 465 466 468 470 472 473 474 549 796 812
510 505 508 509 512 513 515 588
33 34 35 36 37 38 277
242 237 239 240 241 244 245 246 247 318 414
990 40 127 670 985 986 987 988 991 993 994
34 35 37 38 39 372 834 996
256 150 251 252 254 255 257 258 259 260 261 805
269 61 266 268 270 271 272 429 735
678 600 673 674 675 676 677 679 680 681 682
833 752 829 830 831 832 834 835 837 838
35 37 38 39 475 526 545 605 697
177 172 173 174 175 181 182 284
341 251 337 338 339 340 342 343 344 346
810 344 355 586 641 806 809 812 813 814 815 918
36 37 38 39
37 38 39 40 41 42
305 301 302 304 307 308 310 508 807 886
488 49 483 484 486 487 489 490 493
495 307 330 490 491 492 493 494 497 498 499 500
671 94 455 668 672 673 674 675 676 906
694 160 569 689 692 696 697 698 699
772 304 738 768 769 770 771 773 774 775 776 777
38 41 43 356
277 272 273 275 276 278 279 280 282
39 40 42 472
372 367 368 369 370 371 373 375 376 377 500
834 311 761 830 831 835 837 838 839 856
996 385 576 867 991 992 993 994
475 409 470 473 474 476 477 479 480 609
526 402 523 524 525 527 528 529 853
545 508 540 541 542 546 547 548 549 550 590
605 491 598 600 602 603 604 608
697 175 300 692 693 696 698 699 701 702 991
40 41 42 43 531 853
41 42 43 45 357 608 792
42 43 45 46 47 245 322 336 548
43 46 47 48 168 620 624
356 351 352 354 355 361 644
472 282 340 468 470 473 474 476 477 589 779
531 390 527 528 529 530 532 533 535 536 778 935
853 159 848 849 850 852 854 855 856 857 858
45 46 47 48 49 385 687
357 91 151 352 355 360 361 673
608 487 603 604 606 607 611 612 613
792 636 788 789 790 791 793 794 795 796
46 47 48 49 50 51 728
47 48 49 50 51 52 226 532
245 243 244 246 247 248 249 363
322 70 318 319 320 321 324 325 326 327
336 282 331 332 334 335 337 338 339 340 817 885
548 543 544 546 547 549 550 551 552 553
48 49 50 51 52 53
168 163 164 165 166 169 170 171 172 173 961
620 106 133 187 615 616 619 621 622 623 624 625 983
624 619 621 623 625 626 628 629 860 975
49 50 51 52 53 54
556 551 553 554 555 557 558 559 561 979
863 760 858 859 860 862 864 865 866 867 868
385 360 381 382 386 387 389 390 783 926
687 451 682 683 684 686 688 689 690 692 708 867
50 51 52 53 54 55 614 683
51 52 53 54 55
728 722 723 724 725 729 730 732 733 849 963
52 53 54 55 56 776 862
226 221 222 223 224 225 227 228 229 231 330 496
532 85 313 527 528 529 530 533 537
53 54 55 56 57 58 406
54 55 56 57 113 117 896
55 56 58 60 137 978
614 520 611 612 613 615 617 619
683 130 317 527 560 679 680 682 685 686
56 58 60 61 97
776 771 773 774 775 777 778 779 780 781
862 221 296 857 858 859 861 864 865 866 867
57 58 60 62 82 163 465
58 60 62 63 159
406 116 281 401 403 405 408 409 411
113 109 110 111 112 115 116 117 118 436
117 112 115 116 118 119 120 121 122 160
896 330 669 891 892 893 894 898 899 900 901 988
60 61 62 63 65 107
137 134 135 138 139 140 141 254
978 337 378 973 974 975 976 977 979
61 62 63 64 65 66
97 92 94 95 96 98 99 101 102
62 63 65 66 67 235
82 77 80 83 84 85 86 516 753
163 135 158 159 160 161 164 165 536 645
465 191 460 461 462 463 464 466 467 468 470 973
63 64 65 66 68 453
159 154 155 157 160 161 164 434
64 65 66 67 68 69 434
65 66 68 69
107 102 103 104 105 106 109 110 111 112 677
66 68 69 70 71 467
67 68 70 71 72 345 365 380
235 78 230 234 236 238 239 240 659 829
68 69 70 72 93 492 666 907
453 188 449 450 454 455 456 457 458 898
69 70 72 73 74
434 345 429 430 431 432 438 439 493
70 71 73 74 712 965
71 72 73 74 75 76 84 302 525 722
467 127 462 463 464 466 470 563
72 73 74 76 77 451
345 342 343 344 346 348 350 851
365 360 361 363 364 367 368 369 370 651
380 375 376 377 379 381 382 384
93 89 90 92 94 96 98
492 192 487 489 490 491 494 496 497 688
666 224 662 663 664 665 667 668 669
907 293 332 902 903 904 905 908
73 74 76 77 78 263 653
74 75 76 77 78 79
712 188 353 599 627 708 709 710 711 714 715 716 727 904 959
965 340 914 960 961 962 963 964 966 967 969 970
75 76 77 78 79 80 295 321 638 755
76 77 78 80 703
84 80 83 85 86 87 88 518 889
302 185 297 298 300 303 304 306 307 353
525 281 520 521 522 523 528 529 530 801
722 121 432 717 720 723 724 726
77 79 80 271 570
451 288 447 449 452 455 456 856
78 79 80 247 779
263 258 259 260 261 262 264 265 267 268 553
653 648 649 650 651 654 655 658 867
79 80 83 412 414 596
80 83 85 549
295 132 173 290 292 294 296 297 298 300 350 602
321 316 317 318 319 320 323 325 326 354 521 847
638 633 634 635 636 637 639 640 641 643
755 750 751 752 753 754 756 757 759
703 698 699 702 704 706 707 708 808
271 266 267 268 270 273 276
570 134 565 566 567 568 571 574 575 626
247 206 243 244 246 248 250 251 252 844 908
779 537 573 775 777 778 781 782 783 840 949
83 85 86 87 88
412 407 408 409 410 411 413 414 415 417
414 410 413 415 416 417 418 419 674 716
596 118 213 483 591 592 593 597 598 599 601
85 87 88 89 90 236
549 544 547 550 551 553 554 575 700
86 87 89 90 178 318 323 669
202 197 198 199 200 204 205 207 241 479 890
713 301 491 708 711 714 717 718
956 339 951 953 954 955 957 958 959 961
516 511 512 513 515 517 518 519 520
753 748 749 751 752 754 756 757
87 88 89 91 92 225 954
88 89 90 91 92
518 513 515 517 519 520 521 522 523 951
889 390 884 885 886 888 890 891 892 893 894
89 90 91 92 94
90 91 92 94 95 231
236 123 231 232 233 234 237 239 981
178 173 174 175 176 180 181 182 430 593
318 95 316 317 320 323 529
323 319 320 324 326 327 328 499 587 899
669 330 664 665 667 668 672 673 674 852
91 92 95 96 595 918
92 94 95 96
225 220 222 223 227 228 229 230
954 949 950 951 953 955 957 958 959
94 96 98 99 458 649
95 96 98 99 479
231 228 230 232 233 234 842
96 98 99 101
595 192 211 422 502 592 593 597 598 599 600
918 631 913 914 916 917 919 920 921 922 923
98 99 101 102 103
99 103 104 536 734 926
458 173 454 455 456 457 461 463 621
649 312 644 646 647 648 650 651 652
479 206 476 477 478 480 481 482 483 484 742
101 102 103 104 105 106 460
102 103 104 105 106 560
103 104 105 106 108
104 105 106 108
536 258 537 538 539 540 541 601 817
734 317 481 729 730 731 732 733 735 736 737 738 739
926 442 921 923 924 927 928 930 935
511 317 507 508 512 515 577 740
790 253 785 788 789 791 793 794 795
936 391 932 934 938 939 940 941
105 106 108 109 110 429 870
106 108 110 111 938
460 455 456 457 461 462 463 464
560 150 361 557 558 559 561 565 805 831
108 109 110 111 112
109 110 111 112 925
110 112 115 704
429 221 424 425 426 427 430 431 432 433
870 571 745 832 865 866 867 869 871 873 874 875
111 112 114 115 116 447 512 654 981
938 502 934 935 937 939 940
112 114 209 656
677 667 673 674 675 676 679 680 681 682
925 920 921 922 927 928 929 930
115 114 116 118 120 405
704 183 437 700 701 706 707 708 709
114 116 118 119 164 864
116 118 120 121 327 951
447 442 443 444 445 446 449 452
512 507 509 513 515 517
654 650 651 652 655 656 657 658 659
981 976 977 979 980 982 984 985 986
209 204 205 206 207 210 212 213 214 360 982
656 319 501 651 652 655 657 658 660 661 908
118 121 487 966
436 431 433 437 438 439 440 441
119 120 121 124 188 346 611 730 809 908
164 160 161 165 166 169 283 726 848 869
864 270 599 761 859 860 861 866 867 868
120 121 122 123 125 647
405 216 400 401 403 404 408 409 410
121 122 123 124 125 330 797
327 199 325 328 329 330 331 390 859
951 949 950 952 955
122 123 124 125 126 395
160 155 157 158 165 455 630
487 290 482 483 484 485 486 489 490
966 869 961 962 963 964 968 969 970
124 125 126 127 128 129 731 861
188 183 184 185 187 190 191 192 193
346 187 342 343 344 347 348 349 959
611 354 413 606 607 609 612 613 615 616
730 725 726 727 729 731 732 733 735
809 804 805 807 808 811 812 813 814 838
908 903 904 905 906 909 910 911 912 913
123 125 126 127 128 805
125 127 128 129 130 424 635 724
647 642 643 644 645 646 648 650 652 808
330 325 326 329 331 332
797 199 441 754 793 794 795 796 802
126 127 128 130 131
395 390 394 396 398 399 400
127 128 129 131 132 567
128 129 132 133 359 612
805 167 801 803 804 806 808
129 130 131 132 133 134 250 360 750
731 312 726 727 729 732 733 735
861 856 857 858 860 865 866
130 131 133 134 135 651
424 265 275 419 421 422 423 425 427
635 630 631 632 633 636 637 639 640 650
724 720 723 725 726 727 729
131 132 133 134 136 489
132 133 135 136 307 987
567 563 564 565 566 568 569 571
133 135 136 138 585 913
359 354 355 363 364 894
612 167 563 607 613 615 616 617
134 136 760 835 842
250 246 248 251 252 254 255 629
360 355 361 363 364
750 745 746 747 748 749 751 752
135 136 138 140
651 646 648 652 655
136 138 140 141
489 285 399 485 486 490 491
307 304 308 310
987 482 682 983 984 985 986 988 989 992
138 139 140 141 143
585 580 581 583 584 586 587 588 589 590
913 309 910 911 912 916
760 645 756 759 761 762 763 764
835 830 831 832 836 837 838 839
842 822 837 838 840 841 843 844 847
140 139 141 142 143 438
141 139 142 143 144 146
139 142 143 144 964
254 249 251 252 253 255 257 258 259
143 142 144 145 146 148 207
142 144 145 146 147 921
144 145 146 147 148 149 461 716
964 960 962 967 968 969
438 377 433 440 441 443 584
146 145 147 148 149 150 151
145 147 148 149 150 214 314 719
147 148 149 150 151 152 971
921 597 600 916 917 922 923 924
148 149 150 151 152 153
207 204 208 211 212 655
149 150 151 153 154 382 823 871
461 456 457 462 463 464 466
716 566 714 717 718 720 721
150 152 154 579 796 880
214 210 211 212 215 219 287 540
314 176 309 310 311 313 315 316 317 831
719 232 714 715 717 718 720 721 723 911
151 155 156 450
152 153 155 156 157 774
971 304 493 830 886 967 968 969 973 975 976
153 154 155 156 158 179 606 684 935
154 155 156 157 158 249
382 175 377 378 384 386
823 820 822 824 825 826 827 828
871 866 867 868 869 872 873 874 875 876
579 574 575 580 581 584 765
796 264 793 794 795 798 800
880 875 876 877 878 881 884 885
155 156 157 158 969
156 157 158 369 523
450 186 445 446 449 452 455 558 992
157 161 740 767
774 762 769 770 771 773 775 777 778
158 540
179 170 174 175 176 180 181 183 184 228 709
606 601 602 604 609
684 185 230 679 681 689
935 757 930 931 934 937 939
249 244 248 252 253 255 929
969 508 825 968 970 973 974
369 367 368 370 371 373 374
523 328 519 520 522 524 527 528 739
161 165 166 551 961
740 735 736 737 738 741 742 743 744 745 920
767 553 738 763 766 768 769 771
540 535 538 539 541 542 543 544
165 167 169 170 325 600
455 452 454 457
630 625 626 627 628 629 631 632 634 919
166 169 170 171 338 361
551 547 550 552 553 554 555 909
961 310 939 957 958 959 960 963
167 171 172
807 183 413 789 802 803 804 806 808 812
645 640 641 642 644 648 650
169 171 172 174
283 279 280 282 284 285 287 288 910
726 721 723 725 727 729
848 456 581 843 844 847 851
869 568 867 868 873 874 916
170 172 173 174 175 206 769 824
325 324 328 799
600 342 364 597 598 599 601 602 603 604
171 172 173 174 175 176
338 333 334 335 337 339 340 343
361 270 364
172 173 174 175 176
173 176 636 695 851
174 175 577 769 808
175 176 180 686 721
206 205 208 210 828
769 764 765 766 768 770 773
824 749 819 820 821 827 829 883
176 180 529 909
636 631 633 634 637 640
695 411 690 691 692 693 696 698 699
851 191 456 663 846 847 849 854 856
577 220 573 574 576 580 581
808 803 804 811 812 813
180 181 182 183 184 185 744
686 682 685 688 690 691
721 717 718 720 723 725 742 771
529 524 527 528 530 533 534
909 241 904 905 910 912 914
181 182 183 184 185 186
182 184 185 186 248
284 279 280 281 282 285 287 288 289
430 425 426 427 431 432 433 628 629 777
593 298 589 590 591 597 598
183 185 187 801
184 185 186 187 191
228 223 227 229 230 233 454 952
709 257 706 707 708 710 711 714
185 186 187 189 190 988
744 446 621 657 739 742 743 745 748 749 953
186 187 191 575 581
248 243 246 252 253 690
187 189 192
801 799 800 802 803 804 806
191 193 194 195 196
189 190 192 193 194 884
190 192 193 194 195
988 804 984 985 989 991 992 993
575 571 573 574 576
581 576 580
192 193 194 195 196 197
193 194 195 196 197 198
194 195 196 197 198 199
884 646 881 882 883 885 886 887 888
195 196 197 198 199 200
196 197 198 199 584 736 762
197 198 199 200 232 240 768
198 199 200
199 200 204
200 205
584 337 583 586 587 588 589 920
736 392 733 735 738 741 897 984
762 633 757 759 761 763 765 766
232 229 233 234 237 663 924
240 237 241 243 244 408 829
768 763 764 765 766 771 773
204 278 416 537 599
205 208 212 497
696 691 693 698 700 701
241 229 238 239 243 246 316 892
890 388 846 886 887 892 893 894
777 775 778 780 781 782
278 273 275 276 279 280 281 699
416 296 411 413 415 418 419 420 519 977
537 251 533 534 535 539 541
599 255 597 601 602 604
208 210 211 213 335 817 910
212 211 213 215 216 238 856 922
497 493 494 496 498 499 501 502 528
210 211 213 215 959
828 275 449 825 826 827 829 832
211 215 216 279
655 521 652 658 659
213 215 216 218 641 752
335 331 332 334 337 339 340 571
817 812 813 814 815 816 818 819 820 821 822
910 251 607 911 912 914
982 977 979 980 984 985
215 216 219 934
959 955 957 958 960 963
216 218 219 220 221
279 275 276 280 281 902
238 233 234 237 239 243
856 840 852 855 857 858 859 874
922 627 641 657 919 923 924
218 219 220 223 527 566 920
641 266 291 637 639 640 642 644 646
752 711 747 748 751 754 756 757
219 221 222 223 224
287 282 285 288 289 291 778
934 732 783 927 929 930 931 937 939
220 221 222 494
221 222 223 224
222 223 227 711
276 272 273 275 280 281
689 685 688 690 691 692 693 793
821 816 818 819 820 822 825 826
223 224 227
527 522 528 530
566 561 562 565 568 569 571
920 615 916 919 924
224 227 427 490 852
494 270 490 491 496 498 499 569 818
227 229 230
711 445 706 710 714 715 756
427 379 422 423 425 431 432
490 485 486 491
852 446 847 849 850 854 855 857
229 230 233 234 503
230 234
496 491 493 498 500 501
233 234 237 945
454 253 313 449 452 456 457
952 948 949 950 953 955 957
234 237 239
503 498 499 501 502 505 507 508
237 539 784
663 391 658 659 660 662 665 667 668
924 919 923 927 928
945 329 940 941 943 944 948 949 950
239 243 244 300
659 657 658 660 661 662
829 519 825 826 830 831 832
539 296 534 535 541 543 544
784 780 781 782 783 785 789 928
243 244 246
244 246 297 894
300 296 297 299 301 303 304
408 403 404 407 409 410 411 413
246 251
316 311 312 319 320 368
892 887 888 891 893 897
297 292 293 294 296 298 299 301
894 272 897 898 899
363 364 367 368 462
251 252
252 253 255 257
844 839 840 843 847 849
253 258
690 685 688 691 692 693
255 257 258 260 693 850 983
929 927 928 930 931
629 375 625 626 628 631 632 633 634
257 258 259 260 261 262 652
258 259 261 262 625
259 260 261 262 264
260 261 264 265
693 623 688 692 698 757 876
850 342 846 847 849 854 855
983 418 542 882 979 980 985 986
261 264 265 266 573
262 264 265 266 267
652 648 650
625 623 627 761
264 265 268 394 785 917
265 266 267
266 267 270 296 374 589 977
573 568 569 571 574 873
267 268 270 272 775
268 273 364
553 550 552 554 555 557
394 390 391 392 393 396 398 399
785 780 782 786 788 789
917 616 816 912 914 916 919
270 272 275 392 478
296 292 293 294 298 299 301
374 370 371 373 375 376 379
589 587 588 590 906
977 973 976 979 980
272 273 275 480
775 281 770 771 773 778 780
273 275
364 368 403
735 576 737 738 739
275 280
392 387 388 390 391 393 396 746
478 474 476 477 480 483 667
480 476 477 481 482 483 484 485
421 417 419 420 422 423 425 426 881 923
280 281 282 285
281 285 544
282 285 733
699 586 700 701 702
902 897 899 900 901 903 905 906
285 288 289
544 312 542 543 546 609
733 729 732 737 738
288 289 290 292 293
289 290 291 292 293 294
291 290 292 293 294 524 561 968
943 603 939 940 941 944 948
778 780 781 782
290 292 293 294 700 759
292 293 294 603
293 294 298
294 298 517 746
700 371 565 674 698 701 702
759 754 756 757 761 763 764
524 519 520 521 522 528
561 557 558 562 563 564 565
968 963 967 970 973
603 598 601 602 604 607 717 791
298 299 301 303
517 515 519 520 521 794
746 640 743 745 748 751
350 347 351 352 354 355 481
602 444 598 601 604 607 613
299 301 304 644 668 901
301 303 306 310
303 304 306 308 333 484
304 306 309 751 791
644 639 640 642 643 646 648
668 664 665 667 670 672 673 773
901 897 898 899 900 903 904 905 906 941
306 308 309 310 311 643
310 308 311 315
353 348 349 351 352 354 355
308 309 311 312 313 826
333 328 329 331 332 334 337
484 481 482 483 485 486 967
309 311 312 313 355
751 747 749 756
791 587 598 786 788 789 793
508 504 509 513
886 446 881 885 887 888 891
311 313 315
643 615 639 640 642 646 648
312 313 315
313 315 317
826 822 825 827 830 831
355 351 352
315 317 319 320 396
317 319 320
831 832 836 865
319 320 324
320 324
396 391 398 399 400 401
368 367 370 836 911
324 326 329 958
326 328 329 331 491
354 352
521 418 519 520 522
847 843 846
328 332 992
499 384 498 500 504 562 661
587 583 586 588 590 591 592
899 897 898 900 903 904
329 331 332 344
958 953 955 957 960 962 963
799 794 795 798 800 802 803 804
331 332 334 806
491 493 771
390 386 387 388 391 393
859 854 855 857 860
332 337 403 613 948
992 745 989 991 993 994
344 339 340 343 347 348 349
334
806 347 637 802 803 804 811
337 339 340 342 507
403 398 399 401 402 407 657
613 609 616 617
948 944 949 950 953
339 340 342 343
340 342 343
571 568 576 710
885 881 882 883 887 888
342 343 347
507 502 504 661
343 347 348
347 349 351 352 462 657 803
348 349 351 522
349 351 352
351 513
352 522
462 457 464 466
657 660 662 757 914
803 379 798 800 802
522 381 519 520
481 476 482 483 485 486 586 932
513 473 509 515 795
673 672 674 675 676
367 370 371 804
370 371 373 375
742 715 737 741 743 745
872 422 867 868 873 874 875 876 877
991 986 989 993 994
371 373 375 376
804 748 800
836 832 837 838 839 841
911 906 912 914 916
373 375 376 378 963
375 376 378 379
376 377 378 379 381
377 379 688
500 498 501 502 504 505
378 379 381
963 960 962 967
379 381 384 442
381 384 386 477 552
688 685 691 692
384 386 387 388 389
442 437 439 440 444 445 446
386 387 388 389 391 789
477 474 476 482
552 547 550 554 555 557
388 387 389 391 393
748 743 745 747
387 389 391 597
389 391 393 555 580
783 780 781 782 786 788 967
391 393 944
789 761 786 788 793 794
597 592 598 601 741
393 398
555 550 554 557 559
580 576 583 715
944 819 939 940 949
398 399 401 402 904
399 401 402 404
400 402 404 559
401 402 404 661
456 682 893
402 404 407 670 747
904 855 900 903 905 906
404 407 409 798
559 554 557 562 563 564
661 658 660 662 665
407 411 476
670 665 672 674 675 970
747 743 749
409 410 413
798 793 794 795 800 802
410 411 413 415 543 685
411 413 415 588
476 473 474
413 415 417 903
415 417 418 419 420
543 493 538 541 542 546 811
685 680 682
588 586 590 591 592
417 419 422 932 962
903 898 905 906
418 419 423 639 745 825
419 420 422
674 672 675 676 679
420 422 423 425
519 515 520
422 423 425 426
932 482 927 928 930 931
962 957 960 967
423 425 426
639 637 640 642 912
745 743 749
825 820 822 827 830
425 426 739
426 431
881 812 876 878 879 882 891
923 906 919 927 928
739 737 738 741 743 837
431 432 433 626
432 433 437
433 437
628 623 626 632 633
626 622 623 627 931
437 439 441 738
439 440 441 443 444
493 498
440 441 443 444 445
441 443 445 446
738 737 743
443 445 446 617
444 445 446
445 446
446
617 615 616 619 622 875
449 452
452 457 592 815
873 830 868 874 875 876 877 878
558 554 557 562
457
592 591
815 811 812 813 814 818 819 820
898 897 900
682 679 680 681
893 888 891 897
463 464 466 468
621 616 619 622 623
464 466 974
504 501 505 509
466 468 470 980
468 470 473
974 970 975 976
470 473 474
973 665 970 975 976
980 975 976 979 984 985
563 564
473 474
474
812 811 813 814 816
609 604 607 640
482 483 485 486
483 485 486
667 662 664 665 672
485
486
586 583 590 591
967 970
771 766 770
498
569 564 565 568 574 931
818 813 814 816 819 820 822 878
501 502 505 800
502 505
528 530 533
562 557 564 565 660 985
505 509 660
800 795 802
509 827
660 658 664 665
720 715 717 718 723 725
827 822 830 832
515 520
795 793 794
520
794 793
530 533 535
533 534 535 538
534 535 538 878
535 538
538 541 542 930
878 874 875 876 877 879 882 883
541 542 546
601 598 604
542 547
930 927 928 931
546 547 550
547 550
811 813 814 816
550 554
590 591
554 557
557
979 576 975 976 984
564 565 568
565 568 865
985 984 986
568 846
865 860 866 868
846 841 843 849
574 576
931 927 928
576
710 707 714 715
765 761 763 764 766 770
583
715 714 718
591
906 905
598
741 658 737 743
604 607
607
717 714
640 637
615 616 619
616 619
619 622 623
622 623 627
875 874 876 877 879
623 627
627 631 632
860 855 858
975 976
761 756 757 764
631 632 633 634 820 912
632 633 634 637
633 634 637 927
634 637 855
919 916
820 816 819 822
912
637 642
927 928
855 854 857 858
650 646 648
642 646
646 648
648
658 662
867 866 868
662 664 665
757 754 756
914 916
664 665
665
672 675 676
773 770
675 676 679 680
970 676
676 679 680 681
679 680 681
680 681
681
691 692 706
692
708 706 707 950
793 788
706 701 702 707
698 701 702
876 874 879
701 702
702
707 781 840
781 780 782 786
840 837 838 839 841 843
950 949 953 955
714 718
756 749 754
727 723 725 729 732
718 723
723 725
725 729 786
729 732
786 782 788
732 737 788
849 854
737
788
897 900
984 986 989
743 816
837 832 838 841
816 813 819
749 754
953 949 955
754 813
813 814
763 764 766
764 766
766 770 916
770
916
780 782
782
949
928
802
814 819
838 839 841
819 822
822
883 879 882 887 888
830
832 905
905 900
839 841 843
841 843
843
854 858
857 858 879 955
858
874 877 879
879 877 882
955 937 960
866 868
868
877 882
882 887
891 887 888
887 888
888
900
941 937 939 940
989 986 993
937 940
939 940
940
957 960
960
976
986
993 994
994
