0 2 3 136 497 498 499
2 1 3 4 5 462
3 4 5 6 135 314
136 133 134 135 137 138 139 266
497 494 496 498 499
498 495 496 499
499 332 450 496
1 4 50 226 329 470
4 5 6 7 14
50 47 48 49 51 52
226 195 224 227 228 229 311 323
329 326 327 328 330 331 332
470 467 468 469 471 473
5 6 7
462 8 155 169 459 461 463
6 7 8 9
135 132 134
314 53 83 274 311 315
7 8 9 10 347 376
14 12 13 16 306
8 9 10 11
9 10 11 12 483 494
10 11 13
347 344 345 346 348 350
376 373 375 377 378 379
11 12 13
12 155 156 398
483 481 482 484 485 486
494 491 492 493 495
13 16
155 152 153 154 156 157
156 83 127 153 154 157 158 159 324
398 129 176 395 396 397 399 401
16 15 17 18 19 137
306 286 303 304 305 307 308 309
15 17 18 133 245 346 351
17 18 19 20 27 308
18 19 20 21
133 130 132 134 340 395
245 242 243 246 247
346 82 343 344 348 349 477
351 348 349 350 352 353 354
19 22 244 339
137 134 138 139 140
20 21 22 23
27 25 28 29 30
308 208 309 310 311
21 22 23 272
22 23 24 25
244 103 222 241 242 246 488
339 182 255 336 337 338 340
23 24 26
272 160 270 271 273 274 275
24 26
25 26 28 464
26 28 29 436
28 29 30 31 43 233
464 229 461 463 465 466 467
29 30 31 32
436 249 435 437 438 439
30 31 32 33
31 32 33 34 202
43 40 41 45 208 318
233 230 231 234 235 302
32 33 34 35
33 34 35 36
34 36 37 307
202 199 200 203 204 205
35 37 38
36 39
37 38 39 40 94 204 358
307 304 305 309 310 316 471
38 40 41 340
39 41 42 44 267 328 340
40 41 42 390
94 91 92 95 96 97
204 201 203 205 206 447
358 355 356 357 360 361
41 44 194
340 338 341 342 343 353
42 44 472
44 46 47 352
267 197 264 265 268 269 270
328 325 330 331 411
390 158 387 388 389 392 393 441
194 192 193 195 196 197
472 86 216 471 473 474 475
45 46 47 48 316
208 163 205 206 209 210 369 385
318 315 319 320 321
46 47 48 49 442
47 49
352 349 350 353 354 355
48 49 51 126
316 176 243 313 319
49 51 52
442 439 440 441 443 444
51 52 53 54 394
126 123 124 128 254
52 53 54 55 183 407
53 54 55 56 445
54 55 56
394 391 392 393 395 396
55 56 57
183 58 180 182 184 185 186
407 65 344 404 408 409
56 57 58 59 199 486
445 210 443 444 447 448
57 58 60 236 434
58 60 142
59 60 61 313 493
199 196 198 201
486 484 485 487 488
60 61 62 63
236 234 235 237 238 439
434 431 432 433 437
142 139 140 141 143 144 145
61 62 63 64 110 170
313 310 311 312 315
493 490 491 492 495 496
62 63 64 65 482
63 64 66
64 65 66 67 257 458
110 107 108 109 113 342
170 168 169 171 172 173 485
65 66 67 68 179 404
482 212 424 479 481 484 485
66 67 68 69
67 68 69 70
257 254 255 258 260 458
458 162 456 457 459 460
68 69 70 71 166
179 176 178 181 182
404 123 402 403 405 406
69 70 72
70 71 72 73 258
71 72 73 74 446
166 163 164 165 167 168
72 73 74 75
73 74 75 76
258 99 255 256 259
74 75 76 77 93
446 443 444 447 448 449
75 76 78 102 371
76 77 78 79
77 78 79 80
93 90 92 95 96
78 79 80 81
102 99 101 103 105
371 119 368 369 372 373 374 416
79 81 82 118 125
80 81 82 83
81 82 84 247
82 84 85 182
118 115 116 117 119 120 121
125 122 123 124 128 235
83 84 85 104 117
84 86 87 293 477
247 248 250
85 86 87 88 276
182 180 181 185
104 101 105 106 107 222
117 114 115 116 119 120
86 87 88 89
87 89 90 429 449
293 290 294 296
477 474 475 479 480
88 89 90 91
276 273 274 275 278 279
89 90 91 92 333
90 91 92 148 414
429 426 427 428 430 431 432
449 447 448 450 452
91 92 338
92 95
333 331 332 334 335 336
148 146 147 150 211
414 380 411 415 416
338 335 337 341 362
95 96 97 151
96 97 98
97 98 100 345
151 150 152 153 154
98 99 100 101 305
100 99 101 103 129
345 295 344 348
99 101 178 212 297
101 103
305 302 303 304
178 175 176 180 181 367
212 115 209 210 211 213 214 215
297 274 294 295 296 298 299 300
103 105 106
129 127 128 130 131
105 107 108 127 379
106 107 108 109
107 108 109
222 219 220 221 223 224 225
108 109
127 128 130 330
379 378 380 381 382
109 111 112
111 112 113 114 468
112 113 114 115
113 114
342 341 344 392
114 115 116
468 197 465 466 467
115 116
116 119 395
119 120 121
395 396 397
120 121 122 123
121 124 469
122 123 124 304
123 124
124 196 322
469 162 466 471
304 301 302 303
196 193 195 197
322 319 321 325
128 130 131
235 232 234 237
254 251 252 253 256 348
130 131 132 216
330 327 331 332
131 134 455
132 134
216 214 215 217 218 219
134 167
455 356 421 452 453 456 457
167 164 384 480 481
138 139 141 437
139 140 141
266 263 264 265 268 269
140 141 143 268
141 143 144
437 435 438 440
143 144 145 146
268 211 265 269 270 271
144 145 147 321 474
145 146 147
146 149 311
147 149 150 259 440
321 320 323
474 471 473 475 476
149 150 152
311 312
150 152 153
259 256 260 261 262 369
440 343 423 438 443
211 209 210 213
152 153 154 402
153 154
154 157
402 399 400 401 405
157 159 160
158 159 160 161
159 160 161 162
324 323 325 326 327
160 161 162 163
161 162 164 427
162 163 165
163 164 165
164 165 417
427 425 426 428 430
165 168
417 416 418 419 420
168 169 171
384 381 383 385 386 387
480 478 479 481
481 231 478 479
169 171 172
171 172 173 174
172 173 174 175 298
173 174 175 176
485 487 488
174 175 176 177 277
175 176 177
298 295 296 299 301
176 177
177 180 476
277 274 275 278 279
180 181
476 366 473 475 478 479
181 184
367 364 365 366 368 369
184 185 186 187
185 186 188 382
186 187 188 189
187 188 189 190 262 326
188 189 190 191
382 310 380 383 385
189 190 191 192
190 191 193
262 260 263 264 393
326 323 325 327
191 192 193
192 193 271
193 292
271 270 273 387
292 289 290 291 294 433 465
195 197 198 405
197 198 200
198 200 201
405 403 406 416
200 201 203
201 203 319 366 439
203 205 206
319 317 320
366 363 364
439 438
205 206 207 365
206 207 209
447 444 448 450
207 209 210
365 362 363 364 368
209 210
210 213
369 368 370 372
385 383 386 388
213 215
214 215 217 487
215 217 218
217 218 219 220 456
487 412 484 488
218 219 220 221
219 220 221
220 223 374 410
456 377 454 459
221 223 224
223 224 225
374 372 373 375 377
410 408 409 411 412 413
224 225
225 228 387
228 227 229 230 231
387 388 389
227 230 248 264
229 230 232
323 320 325
230 231 232 490
248 246 249 251 359
264 265 471
231 232 234
232 343
490 250 488 489 492
234 334 375 450
343 341 344
302 299 300 301 303
334 331 332 335 336 337
375 372 373 377
450 448 451 452
237 238 239 240
238 239 240 241 336
239 240 241 242
240 241 242 243 269 441
241 242 243
336 337
242 243
243 246
269 270
441 359 443
246 249
488 489 491
249 250 251 252
250 251 252 253 411
251 252 253
359 356 357 360 361 362
252 253 255
253 255 256
411 408 409 412 413
255 256
256
348 349 350
260 261 263
261 263
263 265
393 391 392 396
265 281
471 473
281 278 279 280 282 283 284
270 273 310 435
273 274 275
310 309 312
435 341 432 433 438
274 275
275 278
278 279 280 368
279 280 282
280 282 283 320 421
368 370
282 283 284 285
283 284 285
320 317
421 309 418 420 422 423 424
284 285 286 287
285 286 287 288
286 287 288 289
287 288 289 290
288 289 290 291
289 290 300
290 291
291 294
300 301 303
294 295 296
433 430 431 432
465 463 466 467
296 295 299
295
299 301
301 303
303
309 312
312 315
315 317
317 399
399 396 397 401
325 327 426
327
426 423 424 425
331 332
332 353
353 354 355
335 337
337
341 344
362 360 361 363 364
344
392 389 391 495
349 350
350 428
428 425 430
354 355 356 357
355 356 357
356 357
357 360
360 361 363
361 363 364
363 364
364
370 372 373
372 373
373
416 413 418 419
377 378 380
378 380 381
380 381 383
381 383
383 386
386 388 389
388 389 391
389 391
391
495 489 492
396 397
397 400
400 401 403
401 403
403 406
406 408 409
408 409
409 412
412 413 415 459
413 415
415 418 492
459 457 460 461
418 419 420
492 489 491
419 420 422
420 422 423
422 423 424 425
423 425
424 425
425 460
460 457 461
430 431 432
431 432
432
438
443 444
444
448 451
451 452 453 454
452 453 454
453 454
454 457
457
461 463
463 466
466 467
467
473 475
475 478
478 479
479
484
489 491
491
496
