0 2 3 4 1496 1497 1498 1499
2 1 3 4 5 6 1498 1499
3 1 4 5 6 7 1499
4 1 5 6 7 8
1496 1492 1493 1494 1495 1497 1498
1497 1 92 379 1005 1494 1495 1498
1498 511 1494 1495 1499
1499 1 22 254 1024 1495
1 5 1317
5 6 7 8
1317 1314 1318 1319 1320 1321
6 7 8 9 10
7 8 9 10 11 491 1090 1183
8 9 10 12 120 495
9 10 11 12 13 1233
10 11 12 13 14 181
11 12 13 14 15 541 1451
491 127 488 492 493 495 847 1370 1443
1090 220 1087 1088 1091 1092 1093 1094 1329
1183 415 1179 1181 1185 1187
12 13 14 15 16 455
120 117 118 119 121 122 123 124
495 492 496 497 498 499 683
13 16 17 671 1123 1246
1233 296 1229 1230 1231 1232 1234 1236 1237 1391
14 15 16 17 18
181 177 180 182 183 184 185 483 515 737 885 1348
15 16 17 18 19 278 758 1182 1482
541 176 537 538 542 543 544 607 1237
1451 69 1447 1448 1449 1452 1453 1454
16 17 18 19 20 1118
455 219 453 454 456 458 459
17 18 19 20 21 414 619 865
671 405 667 668 670 672 673 674 675 802
1123 1119 1120 1121 1122 1124 1126 1127
1246 98 216 670 1244 1247 1249 1250
18 20 21 22 828
19 20 21 22 23 70
278 101 274 275 276 277 279 280 946
758 660 754 755 757 760 762
1182 1178 1179 1180 1181 1184 1185 1186
1482 318 805 1478 1481 1483 1485
20 21 22 23 24 193
1118 230 1114 1115 1117 1119 1120 1122
21 22 23
414 410 412 413 415 416 417 418 1049
619 51 617 618 620 621 622
865 160 862 863 864 867 869 967 1114 1452
22 23 25 26 1245
828 824 825 827 831 1084
23 24 25 26 27
70 66 67 68 69 71 72 73 74 327
24 25 26 27 28 92 1424
193 190 191 192 194 195 196 197
25 27 29 647 982
26 27 29 30 175
1245 217 478 1071 1241 1244 1247 1248 1249
27 28 29 30 31 1343
28 29 31 1141
92 88 89 91 93 94 95 96
1424 444 1058 1068 1420 1421 1423 1425 1426 1427
29 31 32 612 1005
647 643 649 650 651
982 978 979 980 981 983 984 985 986 1478
30 33 104 852 986 1222 1244
175 171 172 173 174 177 178 896 1279
31 32 33 34 35 130
1343 1339 1340 1341 1344 1345 1346 1347
1141 364 1137 1138 1139 1142 1144 1145
32 33 35 36 119 616 966 1463
612 562 609 610 613 614 615 616
1005 263 1002 1003 1004 1007 1009 1174
33 34 35 36 37 764
104 100 102 103 105 106 108 950
852 194 848 850 851 854 855 888 966
986 856 881 983 984 987 988 989 990 1264
1222 837 1219 1220 1221 1224 1226
1244 260 683 1240 1242 1243 1247
34 35 36 37 38 997
35 36 37 38 567 1328
130 115 126 127 129 132 134 1465
36 37 38 39 40 255 645 1332 1470
119 115 116 118 122 1239
616 309 613 615 617 618 620 879 1049
966 747 962 963 964 965 967 968 969 970 1083
1463 1459 1461 1462 1464 1465 1466 1467
37 38 39 40 41
764 761 762 763 765 766 767 1190 1336
38 39 40 41 42 105
997 550 993 994 995 996 998 1000 1001
567 563 564 565 566 568 569 570 571 1314 1363
1328 1324 1326 1331
39 40 41 43 229 1483
40 41 42 43 44
255 251 253 256 257 258 259
645 641 642 644 646 648 649 1237
1332 845 1305 1329 1330 1331 1333 1334 1336
1470 215 1316 1466 1467 1471 1472 1473 1474
41 42 43 44 45 125 396
42 43 44 45 46
105 102 107 158 536 859 1094
43 45 46 47
229 225 226 231 232 233 1146
1483 1479 1480 1481 1484 1485 1486 1487
44 45 46 47 48
45 46 48 49 86
125 121 122 124 127 128 129
396 393 394 395 397 398 400 1286
46 47 48 49 225
47 48 50 51 1108
48 49 50 51 52 63
49 51 52 53 123 802 1086
86 83 87 88 89 90 151 222 360 502
225 221 222 223 224 227 228 942 1225
50 51 52 53 54 140 1354
51 54 55 421
1108 139 374 1104 1105 1106 1107 1109 1110 1111 1112
52 53 54 55 253 434 1294
63 59 60 62 64 65 66 67
53 54 55 56 57 591
123 121 122 124 127 686 836 1493
802 798 799 800 804 806 1389
1086 423 801 1082 1083 1084 1087 1088 1089
54 56 58 1083
140 136 138 139 142 144 972
1354 811 1350 1351 1352 1353 1355 1356 1358
55 56 57 58 468
421 418 419 420 423 424 425 1163
253 249 250 251 252 256 1056
434 430 431 432 433 436 438 653 702 1327
1294 589 1290 1291 1292 1293 1295 1296 1297 1298
56 57 58 59 60 1450
57 58 59 60 61 276
591 587 588 589 590 593 594 595 1178 1212 1381 1479
58 59 60 61 62 621
1083 1006 1079 1081 1084
468 464 465 466 467 469 471 472 1149 1362
59 60 61 62
60 61 62 64
1450 857 1440 1446 1447 1448 1449 1452 1453 1454
61 62 64 65 653
276 272 273 274 275 277 279 280 1084 1223
62 64 65 66
621 555 617 622 623 707 1205
64 65 66 67 68 740
65 66 67 68 69 129
653 390 575 649 652 654 656 657
66 67 68
67 68 416 1109
68 71 72 326
740 736 737 739 741 742 743 744
69 71 72 73 629
129 127 128 131 132
416 412 413 415 417 418 419 420 618
1109 1105 1106 1107 1110 1112 1113
71 72 73 74 75 796
72 73 74 75 76
326 322 323 324 327 330 1000
73 75 76 77 731 1172
629 551 627 628 630 631 632
74 75 76 77 78 1015
327 323 325 328 329 331
75 76 77 78 79 178 746
796 558 588 793 794 797 798 799
76 77 78 79 80 323 452
77 78 79 80 81
731 212 564 729 730 732 733 734 735 1228
1172 894 1169 1170 1171 1174 1175 1176
78 79 80 81 82
1015 699 1011 1016 1017 1018 1019
79 80 82 83
178 176 177 179 180
746 322 743 744 745 747 748 804
80 81 82
323 320 321 322 325 342 505 514 1184
452 304 448 449 450 454 456
81 82 83 84 144 426 553 1250
82 83 84 85 208 793 891
83 84 85 87 742
84 85 87 88 325 428
144 141 142 143 145 146 147 148
426 424 425 427 428 430
553 550 551 552 554 555 557 608 805 1486
1250 1248 1249 1251 1252 1253 1254
85 88 89
208 204 205 206 210 211 1296
793 789 790 791 792 794 795 797
891 887 888 889 890 892 894 895
87 88 89 90 91 975 1143
742 604 738 739 743 744 745 1319 1321
88 89 90 91
325 321 322 324 328 329
428 230 424 425 427 429 430 432
89 90 91 93 1433
90 91 93 94 376 658
151 148 149 150 152 153 154
222 219 220 221 223 224 226
360 356 357 361 362 364 430
502 499 500 503 504 505 506 1277
91 93 94 95
975 665 971 972 974 976 977 978 1011 1418
1143 1139 1140 1142 1144 1145 1146 1147
93 94 95 96 97
1433 1429 1430 1431 1432 1434 1435 1436
94 95 96 97 98
376 372 374 377 378 379 380
658 656 657 659 660 661 913 946
95 96 97 98 99 843 1171
96 97 99 561 1239
97 98 99 100 732
98 99 101 102 663 670 695
99 100 101 103 573 691
843 839 841 842 844 846 847 1273
1171 1168 1169 1170 1173 1174 1287
561 557 558 559 560 562 563 564 565 639 703
1239 196 462 528 883 1037 1235 1238 1240 1241
100 101 102 103 724
732 373 728 729 730 733 734 735 736 1221 1418
101 102 170
102 103 106 890 1206
663 659 660 661 662 665 666 667
670 666 667 669 672 673 674
695 693 694 696 697 699
103 106 107
573 569 570 571 572 575 576 577 827
691 687 688 689 692 693 694 1361 1455
724 720 721 722 723 725 726 727 728
170 167 168 171 172 173 377
106 109 110 388
890 887 888 889 892 893 894
1206 418 430 636 1202 1204 1208 1209
107 108 109 110 111 290 626
108 110 111 112 179 1378
950 946 947 948 949 951 952 953 954 1098
158 154 155 156 157 159 160
536 425 532 533 534 537 538 539 540 1325
859 169 213 855 856 857 858 860 861 863 1175
1094 558 1092 1093 1095 1096 1097 1098 1331
109 110 111 112 113 1051 1345 1395
110 111 113 114
388 224 384 386 389 390 391 392 927
111 112 114 817 1412
290 286 287 288 289 291 292 293 294
626 622 623 624 625 627 628 630
112 113 114 116 171 601
179 176 177 180 183
1378 163 539 1374 1375 1376 1377 1380 1381
113 114 116 117
1051 517 952 1047 1048 1050 1052 1053 1054
1345 1341 1342 1344 1348
1395 1391 1392 1393 1394 1396 1399
114 115 116 118 1314
817 463 465 813 816 818 819 820 821
1412 905 1408 1409 1410 1411 1413 1415 1416
116 115 117 681
171 167 168 169 172 173 174
601 263 597 598 600 602 603 605 1432
117 115 118 121
115 118 369 1217 1220
118 121 122 343
1314 167 1311 1312 1313 1315 1318 1351
369 365 366 367 368 370 371
1217 1213 1214 1215 1216 1218 1220
1220 267 408 1216 1218 1219 1221 1223
681 677 678 679 680 682 683 684 999
121 122 124 1129
122 124 126 894
343 340 341 344 345 347 1111
124 126 127
1129 200 1126 1127 1130 1131 1132 1133
126 128
894 771 892 893 896 898 1436
127 131 257 652
686 431 682 683 684 685 687 688
836 832 833 834 835 837 838 839 840
1493 409 1489 1490 1491 1492 1494 1495
128 131 132 1164
131 132 133 135
257 254 256 259 260 261 485 1038
652 648 650 651 654 656
132 133 136 913 1032
1164 1160 1161 1162 1163 1165 1166 1167 1168
134 133 135 136 137 138 338 791
1465 139 1439 1461 1464 1466 1467 1469
133 135 136 137 524 1299
135 137 138 139 1032
136 137 138 139 520 841 1089 1331
913 549 909 910 911 912 916 917
1032 294 473 548 1029 1030 1031 1033 1034 1035
137 138 139 141 979
524 520 521 522 523 525 526 527 919
1299 1295 1296 1297 1300 1301
138 141 142
338 334 335 337 339 340 341 342 570
791 787 788 789 790 794 795 1153
139 142 501 1043
520 516 517 518 519 521 523 1200 1330
841 845 872 1247
1089 267 968 1087 1088 1092 1093
1331 1329 1330 1333 1334 1335
141 142 145 673 1153
979 976 977 978 980 981 983 1145
142 145 146 624
501 497 498 500 503 505 565 925
1043 1039 1040 1041 1042 1044 1045 1046 1047
972 968 969 970 974 976 1358 1479
145 143 146 147 148 149 1390
673 422 672 674 675 676 677 1362
1153 215 451 1149 1150 1151 1152 1154 1155 1157
146 147 148 149 150 611
624 604 620 622 623 625 627 628 1326
143 147 523 716
147 148 150 885
523 362 519 521 522 525 526 527 783
716 348 712 714 715 717 719 720 839
148 150 292
149 150 152 153 1179 1349
1390 167 901 1041 1386 1387 1388 1393 1394
150 152 153 154 903
611 525 608 609 610 614 615 985
885 881 882 884 887 888 889 1439
292 288 289 293 295 296 763
152 154 713 957 987
153 154 156 157 246 1169
1179 353 493 1175 1176 1177 1180 1181 1254 1399
1349 669 1346 1347 1348 1350 1351 1352 1353
154 156 157 331
903 568 752 900 902 904 905 906 907
713 209 709 710 711 712 714 715
957 953 954 955 956 958 959 960 961
987 983 984 985 988 990 991 1237
156 155 157 159 160 513
157 155 159 160 161
246 244 245 247 248 249 250 655 1072
1169 1166 1167 1170 1382 1439
331 329 332 333 334 335
155 159 373 607 618 899 941 1335
159 160 161 162 163 518
373 370 371 372 375 377
607 603 604 605 608 609 610
618 614 615 620 622 782 853
899 166 826 896 898 900 901 1057 1485
941 450 937 939 940 942 945 1039
1335 242 1333 1334 1337 1338 1339
160 161 163 164 224 517
513 509 510 511 512 514 515 516 517
161 162 163 164 893 1214
162 163 164 166 279
163 164 165 167 526
518 241 517 521 522
164 165 166 168
224 221 223 226 227 944 1254
517 514 515 516 519 635
893 459 889 892 895 896 897
1214 901 1211 1212 1215 1216 1218
166 165 167 168 169
279 277 281 282 283
165 169 221 776 919
167 168 350 549 705
526 214 387 525 527 528 529 530
168 169 329 1420
169 172 173 1034
221 217 219 220 223 493
776 494 773 774 775 777 778 779 780 801
919 330 915 916 917 918 920 921 923 1420
350 346 347 348 351 352 353 354
549 545 546 547 548 551 552 1014
705 701 702 703 704 707 708 709
329 330 744
1420 1416 1417 1419 1421 1423
172 176
173 174 176 177 599 1278
1034 667 1004 1030 1035 1037 1038
377 297 374 378 380 381 1075
174 176 177 1460
176 177
177 180
599 595 596 597 598 602 603
1278 1117 1277 1279 1281 1282
1460 1113 1445 1456 1457 1458 1459 1461 1462 1464
896 613 892 895
1279 1255 1275 1276 1277 1280 1281 1282 1283
180 182 183 184 1399
183 182 184 185 187 883
182 184 185 186 598 1315
184 185 186 187 188
1399 931 1396 1398 1402 1403
185 186 187 189 341 592
483 316 479 480 481 482 486 487 569 631
515 512 514 516 519
737 733 734 736 739 741 1204
1348 243 1346 1347 1350 1352
186 187 188 189 190
598 594 595 596 597 600 602
1315 411 633 1312 1313 1316 1319
187 188 189 190 302
883 880 881 882 884 1382
188 189 191 192
189 190 191 192 1476
341 339 340 344 345 620 993 1262 1269
592 588 590 593 595 596 810
190 191 192 194 1472
302 298 300 301 303 304 305 306
191 192 194 1330
192 195 583 805
1476 649 1472 1473 1474 1477 1479 1480
194 195 197
1472 1257 1468 1469 1474
1330 406 1329 1333
195 196 197 198 199 872
583 579 580 581 582 584 585 586 587
805 806 807 808 809 868 1096 1186
196 197 198 199 200 530
197 198 199 200 704
198 199 200 201 202 1446
199 200 201 202 203
872 785 868 869 870 871 873 874 875 876
200 201 202 203
530 529 532 533 534 1359
704 258 700 701 702 703 706 707
201 202 203 204 205
202 203 204 205 1259
1446 1444 1445 1447 1449
203 204 205 206 669 683
204 205 206 207
205 206 209 407 1281 1442
1259 447 1255 1256 1257 1258 1260 1261 1262 1263
206 210 1344
669 665 668 672
683 679 680 684 685 687 1117 1361
207 210 211 559
209 210 212 213 787 965 1469
407 403 405 406 408 409 410 849
1281 1277 1280 1282 1283 1284
1442 391 989 1438 1439 1440 1441 1443 1444
210 211 213 214
1344 748 1030 1340 1341 1346 1347
211 212 213 215 962
559 555 556 557 558 560 563 1495
1296 1293 1295 1298 1300
212 214 215 216 719 734
213 214 216 217 1064
787 783 784 785 786 788 790
965 664 962 963 964 967 968 969
1469 696 1466 1467 1468 1471 1473
214 215 216 218 1156
215 216 217 218 219 319 943 1310
962 588 958 959 960 961 964
216 217 219 220 332 1162
719 715 717 718 720 721 722 1302
734 730 733 735 738 999
217 218 219 1059 1293
1064 748 1054 1062 1065 1066 1067 1068 1352
218 220
1156 709 1152 1154 1157 1159 1160
219 220 223
319 316 317 320 321 322 572 1174
943 914 939 940 944 945 946 947
1310 1306 1307 1308 1311 1312
220 634 804
332 328 330 333 334 335 336 1471 1474
1162 638 1158 1159 1160 1163 1166
1059 1055 1056 1057 1058 1060 1061 1062 1063
1293 637 1289 1290 1291 1292 1295 1297
223 226 227 1432
634 631 632 636 637 638
804 801 803 806 807 808
493 490 494 496 497 503 798
226 227 228 230 854
227 230 231 1163
1432 1429 1430 1435 1436
944 664 940 942 945 946 947 948
1254 1251 1253 1255 1256 1257 1258
228 230 231 232 642 1029
942 938 939 940 945
1225 1221 1223 1224 1226 1227 1228 1229
230 231 232 233 234
854 850 851 853 855 856 857 858
231 232 233 354 666
1163 1159 1165 1166 1167 1431
232 234 236 477 813
642 638 639 641 643 646 712
1029 1025 1026 1027 1028 1030 1031 1033
233 234 236 956 1021 1210
1146 437 1142 1144 1147 1149 1150
234 235 236 237 238
354 351 353 355 356 357 358
666 664 665 667 668 998
236 235 237 238 239 240
477 473 474 475 476 478 479 480 481
813 809 810 811 812 814 815 816
956 952 954 958 959 960
1021 324 379 1018 1019 1020 1022 1023 1024 1025
1210 1207 1208 1209 1212 1213 1273
235 237 238 239 525 1359
237 238 239 240 241
238 239 242 797
239 240 241 243
525 521 522 527 529 711
1359 736 762 1356 1357 1358 1360 1361 1363
240 241 242 244 1238 1410
241 242 243 244 245
242 243 244 245 1205
797 794 795 799 800 1408
243 244 245 247 399 457 1088
244 245 248 397 551 1116
1238 849 1234 1235 1236 1237 1240 1242
1410 636 1406 1407 1409 1411 1413 1414
245 247 248 249 1339
1205 1018 1202 1204 1207 1208 1209 1459
247 248 249 250 251 1495
399 395 397 398 400 401 402 403
457 352 453 454 456 458 459 460 1003 1176
1088 928 1084 1085 1091 1092
248 249 250 251 1468
397 378 393 394 395 1481
551 548 552 555 819 958
1116 1112 1114 1115 1117 1119 1120
249 250 251 252 355
1339 1336 1337 1338 1340 1342
250 251 252 254
655 320 651 654 656 657 659 886
1072 674 857 902 1068 1069 1074 1076
251 252 254
1495 1128
1468 1464 1466 1467 1471
252 254 256
355 351 356 357 358 359 460
254 258 560 1184
256 259 260
1056 334 1052 1053 1055 1057 1092
258 259 261 262 570
560 556 557 558 563
1184 287 1181 1185 1186 1187 1188
259 261 263 706 1423
260 261 262 264 548 643 895 1274 1429
261 262 263 264 265
485 481 482 484 486 487 488 489
1038 677 1035 1037 1039 1042
262 263 264 265 266
570 566 569
263 264 266 267 445
706 703 707 708 710 733
1423 1419 1421 1422 1425 1426 1427
264 265 266 268
548 544 545 546 550 552
643 639 641 646
895 892 897 898 1313
1274 1271 1272 1273 1275 1276 1277
1429 1427 1428 1430 1431
265 266 267 269 441
266 267 269 270 912 1270
267 268 269 271
445 441 442 444 446 448 449 1097 1190
268 269 270 272 935 1452
269 270 271 272 273
441 437 438 439 440 442 443 444
270 271 272 273 274 439 514
912 908 909 910 911 914 916
1270 1054 1267 1268 1269 1271 1272 1273
271 272 275 285 297
272 273 274 1036
935 933 934 937 938 939
1452 1449 1455 1456
273 274 275 277 1248
274 275 277
439 435 436 437 440 442 443 887
514 510 511 512 516 1385
275 277 858 1376
285 281 284 286 287 288 289 401 783 1187
297 293 294 295 296 298 299 721 1243
1036 1033 1037 1039 1040 1333
277 281
1248 1247 1249 1251 1252
858 855 856 857 860 862 1357
1376 1329 1372 1373 1374 1375 1377 1379 1380
280 281 282 284 342 1411
1084 1081 1085 1087
1223 1219 1221 1224 1226 1227
281 282 283 284 465 1186 1241
946 945 947 1287
282 283 284 286 814
283 284 286 287 1479
284 286 287 768 1085
342 339 340 344 345 346
1411 550 1408 1409 1414 1415
465 461 464 466 467 866 1398
1186 1151 1185 1188 1190 1295
1241 1120 1237 1242 1243
286 288 289
814 748 810 811 812 815 816 818
287 288 867
1479 969 1475 1480 1481
768 765 766 767 769 770 771 772
1085 532 1081 1082 1087
288 289 291
289 291 293 563
401 398 400 402 404 405
783 779 780 785 786
1187 1092 1185 1188 1189 1190 1191
867 463 863 864 866 868 870
291 293 294 295 1346
293 294 295 296 372
563 562 564 565 566 1013
294 298
295 296 298 1052
1346 1342 1347 1350
296 298 299 300 615
763 337 759 760 761 762 765 788 1134
372 370 371 374 375 1127
298 299 300 301
1052 1048 1049 1050 1053 1054 1055
299 300 301 303 1301
300 301 303 304 620
615 613 614 617
721 717 718 720 722 723 725
1243 1240 1242 1247 1435
301 303 304 305 456
303 304 305 306 307
1301 309 1080 1297 1298 1300 1302 1303 1304 1305
304 306 307 308
620 588 622 623 1284 1455
305 307 308 309 471 822
456 453 458 459 460
306 307 308 310 522
307 308 309 310 311
308 310 311 312
309 310 311
471 467 469 470 472 474 475
822 818 819 820 821 823 824 825
310 311 312 313 314 951
522 519 521
311 312 313 314 315 1384
312 313 314 315 316
313 314 315 316 317
314 315 317 318 981 1407
951 947 948 949 953 954 955
315 316 317 318
1384 333 989 1380 1381 1382 1385 1386 1387 1388
316 317 318
317 318 321 1180
318 320 321 322
981 977 978 980 984 985
1407 330 678 772 1347 1404 1405 1408 1409
321 320 322 324
1180 1176 1181
320 322 324 510
322 324
572 509 535 568 569 574 575 576
1174 925 947 1170 1175 1176 1177 1325
324 677
510 507 508 509 512
505 503 504 507 508
677 674 675 676 679 680 1456
328 330 924 1319
330 333 334
1000 837 996 998 999 1001 1002 1003 1004
924 613 920 921 922 923 925 926 927 928
1319 1130 1316 1318 1320 1322 1323
744 741 743 745 747
333 334 336 337 927
334 335
335 336 337 339
336 337 339 340 1221
1471 1467 1473 1474 1475
1474 848 1095 1475 1477
337 339 834
927 925 926 928 929 930
339 340
340 344
1221 857 922 1218 1219 1224
834 403 830 832 835 837 838 902
344 345 346 347 348
345 346 347 348 930 959 1255
993 989 990 991 992 994 995 996
1262 1258 1260 1261 1263 1264 1265
1269 1265 1267 1271 1272 1273
346 347 348 349 461 1440
347 348 349 351
1111 1107 1110 1112 1113 1114
348 349 351 352
930 928 929 931 934 1031
959 351 955 960 961 963
1255 384 1251 1256 1257 1258
349 351 352
461 458 460 463 464 741
1440 590 1438 1439 1441 1444
351 353 1201
352 353 356
353 356 357 1419 1426
1201 1197 1198 1199 1200 1202 1203 1204
356 357 358 359 576
357 358 359 361
1419 769 1288 1415 1417 1421
1426 433 582 1422 1425 1428 1430 1467
358 359 361 362
359 361
460 458 459 463 464 664 676 915
576 574 575 577 578 580 1027
361 362 363 364 365
362 363 364 365 366
364 365 366 367 368
430 427 429 431 432 680
363 365 366 367 1170
365 366 367 368 855 1145
366 368 370 450
367 368 371
1170 697 1166 1167 1168 1173
368 370 371
855 789 849 851 853 856 857
1145 1142 1144 1147 1148 1149
370 371 374 644 1404
450 446 448 449 451 453 1155
371 375 1448
374 378 519
644 640 641 646 648 1226 1435
1404 1400 1401 1402 1403 1405 1406 1408
375 378 379 487 840
1448 874 1224 1447 1449
1127 470 751 832 1125 1126 1128 1130 1397
378 380 381 382
519 516 521
379 380 381 382 383 1338
487 486 488 489
840 837 838 839 842 844
380 382 383 503 1008
381 382 383 384 385
1075 1071 1073 1074 1076 1078 1079 1298
382 383 384 385 386
383 384 385 386 949
1338 1334 1336 1337 1340 1341 1342
503 499 500 504 506 507 697
1008 661 1004 1006 1007 1009 1010 1011 1012
384 385 386 387 646 1211
385 387 389
386 387 389 390 1197
949 405 945 948 953
387 389 390 391 811
646 648 649 723 1132
1211 623 1207 1209 1213 1215
389 390 391 392 393
390 391 392 393 394 587 939
1197 1194 1195 1196 1198 1199 1200
391 392 393 394
811 808 809 810 812 815 1049
392 393 394 395
393 394 1202
394 395 398
587 584 585 588 589
939 454 940 994
395 398 819 824
1202 1198 1200 1441
398 400 402 678 1178
819 815 816 818 820 821 823 1373 1398
824 820 821 823 825 826 827
400 402 403 404 1166
1286 741 1081 1209 1282 1283 1284 1285 1287 1289 1290
1481 1477 1480 1484 1485
402 403 405 406 597
678 540 674 675 676 679 680 682
1178 1175 1181
403 404 405 406 770
404 405 406
1166 1165 1167
405 406 408 409
406 408 410
597 593 594 595 596 600
770 766 767 769 772 773 774
408 410 411 527
409 410 411 412 413 786 798
410 411 412 413
849 781 846 847
411 412 413
527 528 531 1257
412 413 415
413 415
786 782 784 790
798 794 795 799 800
415 417 418 419 1139
417 418 419 420 1334
418 419 420 422 593
1049 1045 1046 1047 1048
419 420 423
1139 1135 1136 1137 1138 1140 1142 1321
420 422 423 424
1334 1333 1336 1337
422 423 967 977 1133
593 590 594 595
423 424 425 427
424 425 427 878
425 427 429 431 1041
967 963 964 968 969 970 971 1327
977 973 974 976 978 980
1133 826 1131 1132 1134 1135 1136 1137
427 429 431
878 874 875 876 877 879 880 882 1445
429 432 433 537 1396
431 433 435 728 1137
1041 1037 1039 1040 1044 1045 1379
432 433 435 557 775
433 435 436 437 973 1457
537 534 538 539 540
1396 1392 1394 1397 1398 1400
680 676 682 684
435 436 437 438
728 725 726 727 729 917
1137 1134 1136 1138 1140
557 554 555 556
775 771 772 773 774 777 778 995 1192 1341
436 437 438 440
437 438 440 1437
973 969 970 971 974 976
1457 1453 1454 1455 1456 1458 1459 1461
438 440 442
702 698 699 700 701 703
1327 1323 1324 1326 1329
440 442 443 444
1437 579 1434 1435 1436 1438
442 443 444 446
443 446
887 884 886 888 889
444 446 447 448 1461
446 447 449 844
447 449 451
448 449 451 1323 1480
1461 1126 1458 1459 1462 1464
449 451 453
1097 1093 1096 1098 1099 1100 1101
1190 1188 1189 1191 1193 1194
844 845 846 847 848 886
451 453 454
1323 1001 1165 1320 1322 1324 1325 1494
1480 881 1001 1477 1484
453 454
1155 1151 1154 1157 1158 1159
454 458 1256 1300
458 459 462
1256 633 1252 1253 1257 1260
1300 512 1298 1303 1304
459 462 463
1003 999 1001 1002 1004 1006 1007 1082
1176 1173 1175 1177 1403
462 463 464 1203
463 464 466 467
464 466 467 1175
664 660 661 667 668
676 672 674 675 679
915 788 911 914 917 918 1216
741 738 743 752 1369
1203 920 985 1199 1200 1204 1207
466 467 469 761
467 470 812 1445
1175 1173 1177
866 862 863 868 869 870 1242 1431
1398 1394 1400 1401 1402
469 470 472 473
761 589 760 762 765 1261
470 472 473 474 1017
812 808 809 810 815 816
1445 751 1441 1444 1447 1449
472 473 474 475 476
1149 1147 1148 1150 1152 1263 1303
1362 1360 1361 1363 1364 1366
473 474 476
474 475 476 478
1017 590 1013 1014 1018 1020
475 478 479
476 478 479 480 1016
478 479 480 481 482 1454
479 480 481 482
480 481 482 484
1016 550 1012 1013 1014 1019 1020 1053
481 482 484
482 484 486
1454 1453 1455 1456 1458
484 486 488
486 488 489 490
569 565 566 568 571
631 627 628 632 633 635
488 489 490 492
489 490 492
490 492 494 882 1062
492 494 496
494 496 497 498 1289
882 690 879 880 881 884 886 1444
1062 807 1060 1061 1063 1065
847 533 845 848 850 851
1370 759 1366 1367 1368 1369 1371 1372 1374
1443 1439 1441 1444 1447
496 497 498 499 500
497 498 499 500
498 499 500 1161
1289 1285 1288 1290 1291 1292
499 500
500 504
1161 838 1157 1158 1159 1160 1165
504 506 507 508 739
565 562 564 566 568 1117
925 922 923 926
506 507 508 509 792 1168
1277 1275 1276 1280 1453
507 508 509
697 693 694 696 698 700 701 1177
508 509 1416
739 735 738 743
509 511 512
792 788 789 794 795
1168 1054 1165 1167
1416 1413 1414 1415 1417 1418
511 512 1061
512 516
1061 1057 1058 1063 1065
516
1385 1381 1382 1383 1386 1387 1388 1389
635 632 633 637 638 639
521
1200 558 968 1115 1196 1198
529 528 531 532 533 945
711 708 709 710 712 714 715
528 531 532
531 532 533 534 535 1351
1257 1253 1258 1260 1261
532 533 534 535 1002
533 534 853
945 772 947 948
534 535 538
535 538 1215
1351 1347 1350 1352 1353
1002 998 999 1004 1006
853 850 851 856 857
538 539 540 542
1215 1212 1213 1216 1219
539 540 542 543
540 542 543
1325 628 1321 1326
542 543 544 545 546
543 544 545 546 547
544 545 546 547 1290 1397
1237 1234 1235 1236
545 546 547
546 547 550 1224
547 550
1290 772 954 1287 1291 1292
1397 1394 1400 1401
550 552
1224 1228
552 554 556 1427
1014 1010 1011 1012 1013 1018
555 554 556 558
958 954 961 1458 1487
554 556
556 640
1427 1425 1428 1453
608 604 605 606 610 1101
1486 1484 1485 1487 1488 1489 1490
558 562 1478
640 636 637 638 639 1375
562 564 688 1312 1425
1478 1475 1477
564 566 568
639 636 641
703 700 707
688 684 685 687 689 692
1312 1295 1308 1309 1316
1425 1055 1421 1422 1428
566 568
1013 1009 1010 1011
568 571 1212
1117 698 1113 1115 1119 1120 1121
571 574 575
1363 1361 1364 1365 1366
1212 1209 1213
574 575 577 578
575 577 578 579
577 578 580 581 1219
827 823 826 829 831 868 992
578 579 580 581
579 580 581 582
580 581 582 584
1027 1023 1024 1025 1028 1030 1031 1165 1218
581 584 585
1219 765 1216 1218 1391 1406
582 584 585 586 835
584 586 588
585 586 589 1459
586 588 589 590
835 831 832 833 838 839
588 589 590 1074
589 590
1459 1455 1456 1458 1462
590 1361 1392
1074 1070 1073 1077 1078 1226
1361 1357 1358 1360 1365
1392 879 1105 1389 1391 1394
594 595 596
595 596
1381 994 1377 1379 1380 1382
596 600
810 807 808 809 931
600 602 603 604
602 603 604 605 606 845
603 605 606 931
604 605 606 750
605 606 609
606 609 610
845 842 848
931 884 928 929 932 933 934
750 747 748 749 751 752 753 754 1373
609 613
610 614 1230
1101 1098 1099 1100 1102 1103 1104 1105
613 614 617 1134
614 617
1230 789 1128 1226 1227 1229 1231 1232 1234
985 983 988 989
617
1134 1131 1135 1136 1138
879 875 877 881
622 623 625
782 778 779 780 781 784 785
623 625 627 1114 1309
1284 1280 1282 1283 1285 1287 1288
1455 1213 1453 1456
707 708 709 710
625 628 917 929
627 628 630 1131
1114 856 1022 1112 1113 1240
1309 1305 1306 1307 1308 1311 1421
628 630 632
1326 1322 1324 1329 1494
917 779 914 916 918 920 921
929 926 928 932 933
630 632 633
1131 1128 1130 1132 1135 1194 1333
632 633 636 1391
633 636 637
636 637 638
1391 1388 1389 1394
637 638 641
638 641 920
641
920 918 921 922 923
1375 1371 1372 1373 1374 1377
712 708 709 710 714 715 1055
648 650 651
1226 829 1227 1228 1229
1435 755 898 1142 1431 1434 1439
649 650 651
723 720 722 725 726 727 1268
1132 1128 1130 1135 1136 1251
650 651 654 1342
651 851
654 656 657
1342 1340 1341
851 848 850
656 657 659 660
657 659 660 661
659 660 662
886 884 888 889 960
660 661 662
661 662 772
662 665 698 932
772 771 773 774 1208
665 667 668
698 694 699 700 701 1100
932 928 933 934 936
667 668
668 672 743 911
998 995 996
672 674 675
743 747
911 876 907 908 909 910
674 675 1063
675 679
1063 1065 1066 1067
679 682
1456 1453
682 684 685 1414
684 685 687
999 995 996 1001 1356
685 687 689
1414 1024 1073 1413 1417 1418
687 689 690
689 692 693 720 1291
690 692 693 694
692 693 694 696
693 694 709
720 717 718 722
1291 954 1079 1287 1288 1292 1295
694 696
696 700
709 708 710 1158 1444
699 700 701
700 701
701
1177 1173 1181
1100 860 1096 1098 1102 1103 1104
708 710
710 714
733 729 730 735 736
1158 1154 1159 1160
1444 1447
714 715 717 718 1193
715 717 718
1055 1053 1057 1058
717 718 1358
718 722
1193 1189 1191 1192 1194 1196
839 837 838 842
1358 1355 1356 1357 1360
722 726 1077
1302 1303 1304 1305 1306 1388
725 729 1079
726 727 730
1077 1073 1076 1078 1079 1080 1081 1487
727 729 730 1218 1288
1268 1264 1265 1266 1267 1271 1272
729 730
1079 1078 1080 1081 1082
730
1218 1216
1288 1285 1292
735 736 738 1336
1228 1227 1297
736 738
1418 1415 1417 1421 1422
738
1336 1333 1337 1340
1204 1207 1208
752 748 749 756
1369 1365 1366 1367 1368 1371 1372 1373
745 749 1473
1321 1322 1324
747 748 749 781 800
749 748 753 784
1473 1475 1477
748 968
781 777 778 779 780 784 785
800 799 803 1026
968 964 970 971 1489
753 751 754 756 757 1140
784 785 788
751 754 755 1415
754 755 756 757
1373 1371 1374 1377
755 756 757 759
1415 1413 1417
756 757 760
757 759 760
1140 1136 1138 1142 1144 1409
759 760 762
760 762
762 766
765 766 767 769
1261 864 1258 1260 1263 1264 1265
766 769 1383
788 785 789 790 874
767 769 1467
769 771 773 1305
1383 1379 1380 1382 1387
1467 1464 1466
771 773 774
773 774 777
1305 1303 1304 1306 1307 1308
774 777 778
1208 1207 1209
777 779 780
778 779 780 1124 1199
995 991 992 994
1192 938 1188 1189 1191 1194 1196
1341 1337 1340
779 780
780 1144
801 799 906
1124 1120 1121 1122 1125 1126 1128
1199 1107 1195 1196 1198
1144 1142 1148
785 789
789 790 1402
790 794 1356
874 871 873 875 876 877
1402 1400 1401 1403 1405 1406
794 795
1356 1353 1355 1357 1360
795 799
799 803
1408 1405 1406 1409
803 807
1026 1022 1023 1024 1025 1028 1030
906 904 907 909 910 1039
806 808 809 848 922 1441
1389 1386 1387 1388 1393
807 808 809
808
809 1422
868 864 869 870 871 1054
1096 1092 1093 1095 1098 1099
848 846 850
922 842 918 921 923
1441 1438
1422 1421
815 816 818 881
816 818 820
818 821
881 877
820 821 823
821 823 825
823 825 826 1044
825 826 829
826 829 830
1044 1040 1042 1045 1046 1048
829 830 831 832 833
830 831 832 833 984
831 832 937
992 988 991 994 996
832 833
833 837
984 980 983 988
937 933 934 936 938 940
837 1347
838 842 1365
902 898 900 904 905
1347 1350 1464
842 846
1365 1366 1368
1247 914 1249 1251
846 850
1273 954 1271 1272 1275 1276
850
888 884 889 892
856
857 860 861
860 861 862 863 864
861 862 863 864
862 863 864 1487
1357 1353 1355 1360
863 864
864
1487 1488 1489 1490 1491
869 871 873 971 1229
870 871 873 1006
1242 1240
1431 1428 1430 1434
871 873 875
1054 1050 1057 1058
873 875 876 877
971 969 970 974
1229 989 1227 1232
1006 1004 1007 1009 1010
875 876 877
876 877 880
877 880
880 884 1160
884
1160 1157 1159 1367
1382 1379 1380 1386
889 892 1367
1439 1436 1438
960 963 964
892 1191
1367 1364 1366 1368
1191 1188
897 898 900 901 1091
898 900
1436 1434
1313 1068 1076 1316
900 901 904
901 904 905
1091 1067 1087 1092 1093 1095
1057 1053 1058 1060
1485 1484 1488 1489
904 905 907 1103
905 907 908 909
907 909 910 1194
1103 1099 1102 1104 1106
908 909 910 940
909 910 938
910 914
1039 1035 1037 1040 1042
1194 1195 1196 1198
940 936
938 934 936
914 916
916 918
918 921
1216 1213
921 923 1080
923 926 1400
1080 1078 1081 1082 1135
926 928
1400 1401 1403
928
933 936
934 952 989
1031 1028 1033 1035
936 1316
952 948 953 1386
989 988 991
1316 1318 1320
994 990 991 996
947 948
948
1287 1283
953 954 955 1340
954 955
1098 1099 1102
955 1150
1386 1387 1388
1340 1337
1150 1147 1148 1151 1152 1154
961 963 964 1067
1458 1462
963 1428
964
1067 1066 1068 1069 1070
1428 1430 1490
969 970
970 974
1489 1488 1490 1492
974 976 978
976 978 980
978 980
1011 1007 1009 1010 1012 1213
980 983
983
988 990 991
990 991
1264 1260 1265 1266 1267
991
996
1001 1004
1004 1007
1007 1009 1010
1082 1078 1081
1009 1010 1012 1235
1010 1012
1012
1235 1231 1232 1236
1213
1018 1019 1020 1022 1311
1019 1020 1022 1023
1020 1023 1024
1053
1022 1023 1024 1025
1311 1307 1308
1023 1025
1024 1025 1028
1025 1028
1028 1030
1030 1033
1165 1167
1033 1035 1037
1035 1037
1037 1040
1040 1042
1333 1337
1042 1045 1046
1045 1046 1047 1048
1379 1377 1380
1046 1047 1048 1050
1047 1048 1050
1048 1050
1050
1058 1060
1092 1095
1060
1065 1066 1069
1066 1068 1069 1070
1068 1069 1070 1071
1352 1350 1353 1355
1069 1070 1073
1070 1071 1073
1071 1073
1073 1076
1076 1078
1078 1081
1298 1263 1295 1297
1081
1135 1136 1138
1087
1093 1095
1329
1095
1099 1102
1102 1104 1106
1104 1105 1106 1107
1105 1106 1107
1106 1107 1110
1107 1110
1110 1112 1113
1112 1113 1115
1113 1115
1115 1119
1240
1119 1120 1121 1122
1120 1121
1121 1122 1125
1122 1125 1126
1125 1126 1128
1126 1130
1128 1130
1130
1136 1138
1251 1249 1252 1253
1138 1142
1142
1409 1405 1413
1147 1148 1151
1148 1151 1152
1151 1152 1154
1152 1154
1263 1260 1265 1266
1303 1304 1306 1307
1154 1157
1157 1159
1159
1167
1173 1292
1292 1276 1295
1403 1405
1181 1185
1185 1188 1189
1188 1189
1189
1295 1297
1196 1195 1198
1195 1198 1308
1198
1308 1304 1306 1307
1207
1209
1406 1405 1438
1227 1231
1231 1232 1234
1297
1232 1234 1236
1234 1236
1236
1249 1252 1253
1252 1253
1253
1258 1260
1260
1265 1266 1267
1266 1267
1267 1271
1271 1272 1275
1272 1276
1275 1276
1276 1280
1280 1282 1283
1453
1282 1283 1285
1283 1285
1285
1304 1306 1307
1306 1307
1388 1387
1307
1421 1417
1318 1320 1322
1320 1322 1324
1322 1324
1324
1494 1490
1337
1350 1353
1464 1462 1466
1353 1355
1355
1360 1364
1364 1366 1368
1366 1368
1368 1371 1372
1371 1372 1374
1372 1374
1374 1377
1377 1380
1380
1387
1393 1394
1394
1401 1405
1405
1438
1413 1417
1417
1430 1434
1490 1488 1491
1434 1466
1466 1462
1447 1449
1449
1462
1475 1477
1477
1484 1488
1488 1491 1492
1491 1492
1492
