0 1 2 3 4 5 6 103 496 1377 1495 1496 1497
1 2 3 4 5 6 7 69 1495 1496 1497 1498
2 3 6 7 8 507 529 575 678 1085 1337 1496 1497 1498 1499
3 4 7 8 9 1497 1498 1499
4 5 6 7 8 9 10 75 1498 1499
5 6 10 11 791 1055 1461 1499
6 8 9 11 12 751 859 1072 1456
103 97 98 99 100 101 102 104 105 106 107 108 109 590
496 491 492 493 494 495 498 499 500 501 502
1377 1373 1374 1375 1376 1379 1380 1381 1382 1383
1495 1295 1489 1490 1493 1494 1496 1497 1498 1499
1496 109 292 838 1490 1492 1497
1497 1491 1492 1493 1494 1498
7 8 9 11 13 102
69 63 64 65 66 68 71 72 74 1019 1261
1498 181 551 1493 1494 1499
8 9 11 13 14
507 409 501 502 503 504 506 508 509 510 511 512 513 1244
529 112 320 523 524 525 530 531 532 533 534 535 1098 1250
575 49 569 570 571 572 573 574 576 577 578 579 580 581
678 148 377 673 674 677 679 681 684 866 967 1048 1291
1085 645 1079 1080 1081 1082 1083 1089
1337 480 1331 1333 1334 1335 1336 1338 1339 1340 1342 1343
1499 333 773 1173 1263 1321 1493 1494
9 10 11 12 13 623 656
10 11 12 13 14 15 16 1030 1487
75 70 71 72 73 74 76 78 79 81 284 484
11 12 13 14 15 16 17 154 239 907
791 517 782 786 787 789 790 793 795 797
1055 384 391 977 1049 1050 1051 1052 1053 1054 1056 1058 1061
1461 351 1455 1456 1457 1458 1459 1460 1463 1465 1466 1467
12 13 14 15 16 17 18 562 739
751 77 716 745 746 747 750 754 755 756 1123 1155 1290
859 505 623 853 855 856 858 860 861 862 863 864 865 909
1072 794 1053 1066 1067 1068 1070 1071 1073 1074 1075 1076 1078
1456 632 738 1316 1450 1451 1452 1453 1457 1459 1460 1462
13 14 16 17 18 74 164 257 455 1350
102 96 99 100 104 105 106 108 881 1037
14 15 16 17 19 20 867 1123 1444 1478
623 617 618 619 620 621 624 625 626 627 628 629
656 164 650 651 652 654 655 658 660 661 662 958 998
15 16 17 20 21 1244 1407
16 17 18 19 20 21 22
1030 325 557 1025 1027 1028 1032 1033 1035 1036
1487 155 947 990 1108 1338 1449 1481 1482 1484 1485 1488 1490 1491 1492 1493
17 18 20 21 22 23 730 824
154 148 150 151 152 153 155 156 157 158 159 160 1411
239 233 234 235 236 237 238 240 241 242 243 244 245 617 924 1197 1325
907 901 902 904 905 906 908 910 911 912 913
18 19 20 21 22 23 24 954 1008
562 556 557 558 559 560 561 563 564 565 566 567 568 1380
739 161 172 245 733 734 735 738 741 742 743
74 68 70 71 72 73 76 77 78 79
164 158 160 161 163 167 168 169 170 1408 1415
257 67 251 252 254 255 258 259 260 261 262 263 1001 1384
455 77 375 449 451 452 453 454 456 458 459 460
1350 1345 1346 1347 1348 1349 1351 1352 1353 1355 1356 1476
19 21 22 24 25 121 855 912
20 21 22 23 24 26
867 861 862 864 865 866 868 871 872 1064
1123 41 166 1104 1118 1120 1122 1124 1125 1127
1444 1438 1439 1440 1441 1442 1443 1445 1447 1449 1450
1478 246 484 723 1210 1472 1473 1474 1475 1476 1477 1480 1482 1483
21 23 24 25 26 27 1420
1244 79 172 346 737 853 1136 1238 1239 1242 1243 1245 1248 1249 1250
1407 287 366 1401 1402 1403 1404 1409 1410 1411 1412
22 24 26 27 28 803 1430
23 24 25 27 28 29 1109 1302
730 724 725 726 727 729 731 732 733 734 735 736 1380
824 395 818 819 820 821 822 823 825 826 827 829 830
24 25 28 29 30 646 1119 1336
954 637 948 949 951 953 955 957 959 960 1095
1008 682 1002 1003 1004 1007 1009 1010 1011 1014 1382
25 26 27 28 29 140 987 1135
121 115 116 117 118 119 120 122 123 124 125 126 127 465
855 64 850 851 852 853 854 856 857 858 860 861 967 1131
912 535 811 908 909 910 911 914 916 955
26 27 28 29 30 162 195 297
27 28 29 31 32 33 1441
1420 815 1414 1415 1417 1418 1419 1423 1425 1426
28 29 31 33 34 1375 1396
803 733 797 798 800 801 802 804 805 806 807 808 809 842
1430 117 132 794 969 1254 1425 1427 1428 1429 1431 1432 1433 1434 1435
29 30 31 32 33 34 35 185
1109 253 662 1105 1106 1107 1108 1110 1111 1112 1113 1114 1115 1468
1302 254 408 1073 1165 1296 1298 1299 1300 1301 1303 1305 1306
30 31 32 33 34 35 475 531
646 165 636 640 641 642 643 648 649 650 651 652 1160
1119 152 1100 1114 1116 1117 1118 1121 1122 1125
1336 1330 1332 1333 1334 1335 1338 1339 1340 1341 1342
140 134 135 136 137 141 142 143 145 200 539 1097
987 395 982 983 984 986 989 990 991 992 993 1295
1135 390 1102 1129 1130 1134 1137 1138 1139 1140 1141
162 156 157 158 159 160 161 163 165 166 167 168 608
195 189 190 192 193 196 197 198 199 200 235 1462
297 291 292 293 294 295 298 299 300 302 1192 1327
31 32 33 35 36 37 152 1297
32 33 34 35 36 38 931 932 1160
33 34 35 38 39 868
1441 488 536 1083 1403 1435 1436 1437 1438 1439 1440 1442 1446 1447
34 36 37 38 66 1048 1064 1274
1375 286 1043 1370 1371 1372 1373 1374 1376 1378 1379 1380 1381
1396 643 1338 1390 1391 1392 1393 1394 1397 1398 1400 1401 1402
35 36 37 38 39 40 41 695
185 180 181 182 183 184 186 187 190 191 503
475 253 470 472 474 476 478 479 480 481 819 1121 1429
531 96 525 526 527 530 532 533 534 537 1137 1168 1175
36 37 38 39 41 42 858 1269
37 38 39 40 41 42 43 1273
152 101 146 148 149 150 151 153 155 157 158 952 1099
1297 184 318 652 1035 1291 1292 1294 1295 1296 1298 1300 1301 1303
38 39 40 41 42 43 44 551
931 926 927 929 930 932 933 934 935 936 937 1074
932 926 927 928 929 930 933 934 935 936 937 938 1103 1293
1160 199 761 945 1154 1155 1158 1162 1163 1164 1166
39 40 42 43 44 481 910 1236
868 862 863 864 865 869 870 872 873 874
66 60 61 62 63 64 65 67 68 70 71 72 1416
1048 1044 1045 1046 1047 1049 1050 1051 1052 1053 1054 1216
1064 435 556 1058 1059 1060 1062 1065 1066 1067 1068 1069 1070
1274 1167 1270 1271 1272 1273 1275 1276 1278 1279 1280
40 41 42 43 44 45 46 1192 1216 1360
41 42 43 45 46 47 120
695 221 689 690 691 692 693 694 696 698 699 700 701
42 43 44 45 46 47 48 1118
858 232 852 853 857 861 862 863 864 1447
1269 560 1200 1263 1264 1267 1270 1271 1272 1275 1401 1405
43 44 45 46 47 48 49
1273 1267 1268 1271 1272 1275 1276 1277 1279 1289
44 45 46 47 49 50 728 1343
551 513 545 546 548 549 550 552 553 555 556 557
481 298 476 478 479 480 482 483 484 485 486 487 945 1131 1174
910 276 904 905 906 909 911 913 914 916
1236 694 726 1184 1230 1231 1233 1234 1235 1237 1238 1239 1240 1241 1386
45 46 47 48 50 51 59 814 1305
46 47 48 49 50 51 52 915
1192 61 1186 1187 1188 1190 1191 1193 1194 1195 1196 1197 1198
1216 1211 1212 1213 1214 1215 1219 1220 1221 1222
1360 747 1006 1015 1078 1147 1354 1356 1357 1359 1361 1365 1425
47 48 49 50 51 52 53 485
120 115 116 117 118 119 122 123 125 126 214 302
48 49 50 53 54 1387 1421
1118 476 493 1113 1114 1115 1117 1121 1124 1373
49 50 51 52 53 54 55 662 1417
50 51 52 53 54 55 1009 1038 1308
728 722 724 725 726 727 729 731 732 733 734 947
1343 100 536 930 1338 1339 1341 1342 1344 1346 1347 1348 1483
51 54 55 56 158 254 1290
59 53 54 55 56 57 58 60 61 62 63 64 83 1248 1291 1398
814 139 808 809 810 811 815 816 817 818 819
1305 1145 1300 1304 1308 1311
52 53 54 55 56 58 149 830 869 1104
915 344 911 916 917 918 919 920 925 1195
53 54 55 57 58 213 832
485 115 327 479 480 482 483 489 490 491 765 873 939
54 55 56 57 58 60
1387 289 799 879 1355 1381 1382 1383 1384 1388 1389 1390 1391 1392 1393
1421 108 1415 1416 1417 1419 1422 1423 1424 1425 1426 1427
55 56 57 58 60 61
662 657 658 659 661 663 664 666
1417 1279 1411 1412 1413 1415 1416 1422 1423
1009 293 417 1004 1005 1006 1007 1010 1011 1012 1013 1014 1294
1038 818 1032 1034 1035 1036 1037 1040 1041 1042 1043 1044 1419
1308 566 1303 1304 1307 1309 1310 1311 1312 1313 1314
56 58 60 61 62 72 380
158 153 155 156 157 159 160 163 189 348 694
254 248 249 250 252 253 255 258 260 417 508 755
1290 436 461 780 1285 1286 1287 1288 1291 1293 1294 1295 1296
58 57 60 61 62 63 64 351 926 936
149 143 144 145 146 150 151 153 155 1084 1490
830 825 826 828 829 832 833 834 835 836 1331
869 178 863 864 865 866 870 871 872 873 874 875 972
1104 536 1006 1098 1099 1100 1102 1103 1105 1106 1108
57 268 321 1022 1382
213 209 210 211 212 214 215 218 219 354 755 919
832 221 677 826 828 833 834 835 837 838
60 61 62 64 76 542
61 62 64 67
62 63 64 65 67 68 571
72 67 68 70 71 73 76 77 78 277
380 114 363 374 376 378 379 381 382 383 384 385 386
268 105 262 263 264 265 266 270 272 273 274 696
321 315 316 317 318 319 322 323 325 326 327 415 674 1395
1022 71 1016 1018 1019 1020 1021 1023 1024 1026 1028 1331
1382 1376 1378 1379 1380 1381 1383 1384 1385 1386 1388
63 65 67 424 720 723
64 65 68 70 1026 1124
351 345 346 347 348 349 350 352 353 354 355 356 357
926 920 921 922 923 927 928 929 930
936 305 930 933 934 935 937 938 939 940 942
83 77 78 79 81 82 84 86 87 88 89 660
1248 1242 1243 1245 1246 1247 1249 1250 1251 1252 1253 1254 1494
1291 1285 1287 1288 1289 1292 1293 1294 1295 1296
1398 147 360 1144 1392 1393 1394 1395 1397 1399 1400
76 70 71 73 77 78 79 80 81 82 731
542 537 538 541 544 545 546 547 548 765
67 65 68 70 71 1254
65 68 70 71 1265
68 71 218 1122
571 235 270 565 567 568 569 572 573 574 576
424 342 418 420 421 423 425 427 428 430 770 1066
720 280 648 714 715 717 719 721 723 724 725 726 885 1451
723 138 717 718 719 721 724 725 727 729
70 71 73 265 275 664 726
1026 537 669 1021 1023 1024 1025 1029 1031
1124 818 1120 1121 1122 1125 1128 1129 1294
71 73 77
1265 841 1260 1261 1262 1263 1264 1266 1267 1268 1270 1271
1416 1189 1410 1411 1412 1414 1415 1418
1254 1215 1217 1249 1250 1251 1256 1257 1258 1259 1260 1446
218 212 214 215 217 219 220 221 222 223 224 994 1137
1122 1117 1120 1121 1126 1127 1128
1019 611 660 999 1014 1015 1016 1020 1021 1025 1361
1261 366 457 1207 1255 1257 1258 1259 1260 1262 1263 1264 1266 1267
73 78 79 1448
265 259 260 262 263 266 267 269 270 271 528 654 1331
275 270 271 272 273 274 278 279 280 281 437
664 532 541 659 660 661 663 666 668 669 670 964 1229
726 226 624 709 721 722 724 725 729 731 1313 1357
77 78 79 81 82 1097
78 80 82 84 524 1222 1413
277 271 272 273 274 276 278 279 281 282 407
79 80 81 82 84 85 136 301 419
1448 763 953 1242 1442 1443 1445 1446 1447 1450 1451 1452 1454
81 80 82 84 85 86 87 211 655 729 825
284 160 184 280 281 285 286 288 289 290 541
484 375 478 479 480 482 483 489 490 988
80 82 84 85 86 235 792 994
82 84 85 86 87 88
731 394 725 727 729 733 735 737 818
1097 426 1091 1092 1094 1095 1096 1098 1099 1100 1101
84 85 86 87 88 90 780
524 308 488 518 519 520 521 522 526 527 530 809
1222 211 324 1217 1218 1219 1220 1224 1225 1227 1228
1413 627 797 1315 1405 1408 1410 1411 1412 1414 1415 1419 1462
85 86 87 88 89 90 91 1006
136 130 131 132 133 134 138 139 141 142 631 1069
301 295 296 298 299 300 302 304 306 307 412 433
419 413 414 415 416 417 418 421 422 423
86 87 88 90 91 92 519
235 229 230 231 232 233 236 237 240 241
792 302 708 787 788 790 793 794 795 796 797 798 1136 1237
994 989 990 991 993 995 996 997 998 999 1000
87 88 89 90 91 92 93
211 205 206 208 209 212 214 215 217 934
655 258 649 651 653 654 657 659 660 916
729 724 725 727 732 733 734 1437 1491
825 819 820 822 823 826 827 828 829 831
88 89 91 92 93 539 758 1330
89 90 91 92 93 94 95 748
660 654 657 658 659 665
90 91 92 94 96 647 1120
780 317 774 776 778 779 781 783 784 786 892 919 1391
91 92 93 94 95 96 97 246 743
1006 1000 1001 1002 1004 1005 1010 1011 1012
92 94 95 96 98
519 513 514 515 516 517 518 520 521 522 523 525
93 94 95 96 97 99 594 786 1010 1089 1185
539 534 535 536 537 538 540 543 544 667 1469
758 752 753 754 755 757 759 760 761 762 763 1356
1330 1324 1325 1326 1327 1328 1329 1331 1332 1333 1334 1335
94 96 97 98 99 558 1060
95 96 97 98 99 100 101 1296
748 743 744 745 746 749 752 753 754
96 97 1474
647 145 643 644 648 649 650 653 719
1120 338 1117 1121 1125 1126 1205
97 98 99 100 101 387
246 240 241 243 245 247 249 251 252 752 964
743 722 737 738 740 741 744 745 747 749
98 99 100 101 104 719 935 1252 1391
99 100 101 104 105 248 1154 1228
594 589 590 592 593 595 596 597 598 599 600 688 1464
786 781 782 784 785 787 789 790 876
1010 1004 1005 1007 1011 1012 1013 1014 1015 1016
1089 505 838 1065 1083 1086 1087 1090 1093 1094 1095
1185 1179 1180 1181 1182 1183 1184 1186 1187 1188 1189 1190 1191
558 552 554 555 556 557 559 560 561 563 1133 1229
1060 325 479 782 1054 1058 1059 1061 1063 1065 1066 1204
100 101 104 105 106 381 891
101 105 106 107 521 1058 1088
1296 1292 1293 1294 1295 1298 1299 1300 1301
1474 742 1323 1465 1469 1470 1471 1476 1477 1479 1480
387 167 381 382 383 384 385 386 388 390 391 392 393 1356
104 105 106 107 109 110 509 1046 1167
719 715 716 717 718 721 722 724 725 1333 1451
935 222 336 874 929 930 934 938 939 940 941
1252 492 1246 1247 1249 1250 1255 1256 1257 1258
1391 1386 1388 1390 1392 1393 1394 1395 1397
105 106 108 110 111 328
248 113 242 243 245 247 249 250 251 252 253
1154 1148 1149 1150 1151 1156 1157 1158 1159
1228 344 821 1223 1224 1226 1227 1230 1231 1232 1233 1234
106 107 110 111 112
381 142 375 376 377 378 379 383 384 385
891 605 885 886 887 888 889 892 893 894 897 1068 1400 1442
107 108 109 110 111 112 605
521 515 516 517 520 522 525 526 527 1393
1058 433 1052 1053 1054 1056 1057 1059 1061 1063
1088 466 1082 1084 1087 1090 1091 1092 1093 1094 1289
108 110 111 112 113 114
881 188 849 875 877 878 879 880 882 883 884 885 887
1037 953 1032 1034 1036 1039 1040 1041 1042 1361 1451
109 110 111 112 113 114 127 607 923 1445
590 584 585 586 587 589 591 593 595 1143
110 111 113 114 115 271 714 788 950 971
509 374 450 503 504 506 508 510 511 512 1198
1046 1040 1041 1042 1043 1044 1045 1047 1049 1051 1052
1167 771 1069 1161 1162 1163 1164 1165 1166 1168 1170 1171 1173 1369 1385
111 113 114 115 116 117
328 322 323 324 325 326 327 329 330 331 333 334 1198
112 118 391 413 922
605 599 600 602 603 607 608 611 822 1074
113 114 115 116 119 371 444 981 1142
114 115 117 118 119 819 958 1155
127 122 123 124 125 126 128 130 131 132 133
607 601 602 603 604 606 608 609 610 611 612
923 833 917 919 920 921 922 924 925 928 929
1445 970 1439 1440 1442 1443 1446 1447 1449 1450
115 116 117 119 1028
271 267 270 274 276 968 1220 1322 1379
714 708 710 711 712 713 715 716 717 718 997
788 782 783 784 787 789 790 793 939
950 385 944 945 947 948 949 951 953 955 956
971 756 967 968 970 973 974 975 976 977 979 1051 1075 1358
116 118 119 122 908 953 1483
117 118 119 122 123 718 1059
118 119 123 124 1039
391 385 386 388 390 393 394 395 396 397 642 861 1199
413 407 408 409 410 411 415 416 417 418 587
922 543 688 916 917 918 919 920 924 925 928 1418
119 122 123 124
371 304 365 366 367 368 370 373 374 376 377 1235
444 411 439 440 441 442 443 445 446 448 449 450
981 491 536 681 975 976 977 978 980 982 983 984 985
1142 627 1136 1137 1138 1139 1140 1141 1143 1144 1146 1147 1148 1153
819 813 815 816 817 818 821 823 1298
958 261 952 953 955 956 957 959 960 961 962 963 964
1155 982 1149 1152 1153 1157 1158 1159 1409
1028 364 1023 1024 1027 1029 1031 1032 1033
122 123 125 128 206 653 801 1090 1131
908 457 902 903 904 905 909 914 1460
953 130 947 948 949 951 952 955 957
1483 141 877 1472 1477 1480 1482 1484 1485 1488
123 124 125 126 128 555 1043 1054
718 712 713 715 716 721 722 724 1057
1059 1053 1054 1056 1057 1061 1062 1063
124 125 126 129 545 800 982 1036
1039 776 1033 1034 1040 1043 1044 1045
125 126 128 129 130 131 937
126 128 130 131 132
214 209 210 212 215 216 217 219 220 693 787 1079
302 298 299 300 305 307 1179 1465
465 459 460 463 464 466 467 469 470 471
128 129 131 132 133 134 645 1084
206 202 204 205 207 209 210 212 325 1393
653 648 649 650 651 652 654 658 1493
801 570 795 796 799 800 802 804 805 806 807 1264
1090 349 754 1084 1086 1087 1091 1093 1094 1095 1096 1373
1131 1125 1126 1127 1128 1129 1134 1136 1137 1286
555 550 552 553 554 557 559 560 561 1359
1043 375 1040 1042 1044 1047 1049 1076 1127
1054 606 1050 1051 1052 1053 1056 1057
129 130 131 132 135 516 1288 1361
545 318 487 541 543 544 546 547 548 550
800 299 794 795 796 797 798 799 802 804 805 806
982 976 977 978 979 980 983 984 985 986 988
1036 628 1031 1032 1033 1034 1035 1040 1041
130 132 134 135 331
131 132 133 134 135 137
937 794 933 934 938 939 940 941 943
132 133 134 135 138 1279
133 135 137 138 139 556 899 1362
134 135 241 1033 1138
645 639 640 641 643 644 648 649 650 651 1025
1084 1078 1079 1081 1083 1086 1087
135 137 138 139 141
516 292 510 511 513 514 517 518 520 1159 1289
1288 331 406 798 1282 1283 1284 1285 1286 1289 1293
1361 640 952 988 1355 1358 1359 1362 1363 1365 1367 1449
331 325 326 327 329 330 332 333 335 336 337 429
137 138 139 141 142 332 759
138 139 141 142 143 144 389 837
1279 452 1234 1275 1276 1277 1281 1283 1284
139 141 143 144 145 1241
556 550 553 554 557 559 561
899 893 894 895 896 897 898 900 901 902 905 1138
1362 216 917 992 1358 1359 1363 1365 1367 1368
241 238 240 242 243 244 247 460 875
1033 361 1027 1029 1031 1032 1034 1035
1138 1132 1133 1136 1137 1139 1140 1144
141 142 143 144 145
142 143 144 145 146 147 148
631 392 625 626 627 628 629 630 632 634 635
1069 798 815 1065 1066 1067 1068 1070 1071 1074
332 327 329 330 333 334 335 336 338 532 564 1116
759 222 601 753 755 756 760 761 763 764 765 1126
143 144 145 146 147 148 290 1408
144 145 146 147 148 150 366 821
389 354 383 384 385 386 388 390 392 394 756 1092
837 831 834 835 836 838 839 840 841 842
145 147 148 150 151 201
1241 1202 1235 1237 1238 1239 1240 1242 1243 1246 1247
200 194 196 197 198 199 202 205 722 929 1358
146 150 151 219 549 584 628 1077
147 148 150 151 153 224 535 902
148 150 151 153 753
290 285 286 287 291 293 294 295 296 354 811
1408 217 1077 1402 1403 1404 1405 1410 1411 1412
150 153 155 156 256 557 629
366 361 363 364 367 369 370 372 918 1397
821 815 816 817 818 822 823 826 827
151 153 155 157 420
201 196 197 198 199 202 203 207 442 779
219 215 216 217 220 221 225
549 541 544 546 547 548 550 552 553 554 952 1186 1380
584 263 368 578 580 581 582 585 587 588 589 1418
628 622 624 625 626 627 629 630 634
1077 348 799 1071 1073 1074 1075 1076 1079 1080 1081 1083
153 156 157 159 1357
224 220 222 223 225 227 228 229 230 1226
535 532 533 534 536 537 540 541
902 658 896 897 898 900 901 903 904 905 906
753 747 752 754 755 756 757 794 1150
155 156 157 159 160 161
1490 161 272 1032 1484 1485 1486 1492 1493
156 157 159 160 161 204 1446
256 250 251 252 253 255 258 259 260 261 262 295 918
557 474 552 553 554 559 560 563
629 618 624 625 626 627 630 632 633 634 635 680
157 159 160 161 163
420 414 415 416 421 422 423 425 426 1451
952 898 946 947 949 956 957 1105
1099 1093 1094 1096 1098 1100 1102 1103 1105 1130
159 161 163 165 442 674 681
1357 242 448 1353 1354 1355 1358 1359 1363 1493
160 161 163 165 166 226 768
1411 794 1405 1406 1409 1410 1414
161 166 405 1014
204 198 199 202 203 205 207 210 291 343 795 1005 1116 1263 1443
1446 620 1440 1442 1447 1452
163 165 166 167 168 303 964 986 1115 1316
189 183 184 186 187 191 192 193 194 978
348 342 343 344 345 346 347 353 354
694 689 690 691 692 693 696 697 698 699 700
165 166 167 168 169 170 361 635 1226 1423
442 179 408 436 437 438 439 440 445 447 448 1486
674 668 670 671 672 673 675 677 679 680
681 283 398 675 676 679 680 682 684 685 1250
166 170 171 172 970 1464
226 220 221 222 223 225 229 230 231 232 680 1335
768 762 765 766 767 769 770 771 772 773 1204
405 400 401 402 404 406 407 408 409 411 1171
1014 404 680 785 882 1011 1013 1015 1016 1017 1018 1020
167 168 169 172 173 1012 1146 1432
168 171 172 173 349 1049
608 602 603 604 610 612 613 614 1414
303 298 300 304 305 306 307 308 309 586 750 796 1251
964 959 960 961 962 966 968 969 1115
986 980 983 984 985 988 989 990 991 992
1115 364 716 1106 1110 1111 1113 1114 1116 1121
1316 382 616 687 1310 1311 1312 1313 1314 1318 1319 1320 1321 1322
169 170 171 172 173 174 175 216 988
170 171 172 174 175 176 320 1065 1328
1415 755 1409 1410 1412 1418 1419
361 355 356 357 358 359 360 362 363 364 365 367
635 464 630 633 634 637 638 639 640 641 809
1226 621 702 1220 1221 1223 1225 1227 1229 1230 1231 1232
1423 1418 1419 1422 1424 1425 1426 1427 1428 1429
171 173 174 175 177 677 1053 1419
172 173 174 175 176 178 503
970 384 965 966 967 968 972 973 974 976
1464 318 1094 1458 1459 1462 1463 1465 1466 1468 1469 1470
173 176 177 179 227 831
1012 281 1007 1011 1013 1015 1016
1146 687 1140 1141 1143 1145 1147 1149 1150 1151 1152
1432 1426 1428 1429 1431 1433 1434 1435 1436 1437 1438
349 190 208 343 344 352 354 355 408 450 897 1025
1049 807 1044 1045 1047 1050 1051 1052 1053 1232
174 175 176 177 178 179 180 285 1106
175 176 177 178 179 180 181 456
216 210 212 215 217 220 221 222
988 984 985 990 991 992 993 1105
176 178 179 181 182 1221 1317 1492
320 311 315 316 318 319 322 323 324 325 326
1065 1061 1062 1063 1067 1068 1071
1328 960 1322 1323 1325 1326 1327 1329 1331 1333 1334
177 178 179 180 181 182 183 319
677 438 672 673 675 676 679 682 1452
1053 983 1047 1050 1052 1056 1057
1419 1127 1257 1414 1422 1424
178 179 180 181 182 183 665 670 842 1454
503 434 497 498 499 501 502 504 505 506 1339
179 180 181 182 183 184 299 315
227 221 222 223 225 228 229 230 231 232 233 1062
831 394 826 827 828 829 833 834 835 836 1164
180 181 182 183 184 957
285 279 280 281 282 283 286 287 289 291
1106 1100 1101 1102 1103 1105 1107 1108 1110 1111 1112
181 182 183 184 186 187
456 450 451 452 453 454 457 458 459 462 921 1369
182 183 186 187 188 1194
1221 1116 1215 1218 1219 1220 1223 1224 1225 1227
1317 461 1311 1312 1313 1314 1315 1318 1319 1320 1321 1322 1323
1492 675 744 1129 1173 1486 1488 1489 1491 1494
183 187 188 537 727 1000 1306
319 314 315 316 317 318 322 323 1260 1372
665 659 661 663 666 669 670 671 703
670 666 667 669 671 672 673 675 676 1425
842 836 838 839 840 841 843 845 847 1180
1454 210 417 490 666 1449 1451 1455 1457 1458 1459
184 186 187 188 190 818
299 293 294 295 296 300 304 702
315 309 310 314 316 317 528 962
957 459 951 956 959 960 961 963 1324
186 187 188 190 191 192 893
187 188 190 191 193
188 190 192 193 194 661 1200
1194 1188 1189 1190 1191 1193 1195 1196 1197 1198 1199 1200
537 482 520 533 538 540 541 543 661 917 1156 1309
727 721 722 725 732 733 1062 1481
1000 295 822 995 997 998 1001 1002 1003 1004 1005
1306 1234 1242 1300 1301 1303 1304 1307 1309 1311 1312 1471
190 191 192 193 194 318 1174
818 812 816 817 823 1086
191 192 193 194 196 197
192 193 194 196 197 198 829 1307
893 335 887 890 892 894 896 897 898 956
193 196 197 198 199 914
194 196 197 198 199 382
661 497 657 658 659 663 666
1200 438 1195 1196 1197 1198 1199 1202 1203 1205 1206
978 616 973 975 977 979 980 983 984 1080
318 313 314 323 324 882 1289
1174 603 1168 1169 1171 1172 1173 1176 1177 1178 1179 1180
196 198 199 632 1475
197 198 199 202 203 1204
198 199 202
829 523 823 828 833 834 1041
1307 1256 1301 1304 1309 1310 1312 1313
199 202 203 205
914 421 909 911 913 916 917 918 919 920
382 251 376 379 385 388 1469 1471
1462 480 554 1076 1205 1457 1459 1460 1463 1465 1466 1467 1468
632 630 633 634 636 637 638 1113 1372
1475 543 682 1470 1472 1473 1476 1477 1479 1481
202 203 205 208 1251
203 205 207 209 671 1267 1452
1204 231 864 1198 1199 1201 1202 1203 1205 1206 1207 1208
205 207 208 209 210 890
722 716 717 724 725 1493
929 278 924 925 928 930 933 1218
1358 393 1352 1353 1355 1356 1363 1364
207 210 212 1195
779 497 773 775 776 777 778 781 782 783 784 785 1018
208 209 210 212 673
1251 402 479 1245 1246 1247 1249 1250 1253 1256 1263
209 210 212 215 313 1176
671 341 668 673 675 1158 1259
1267 305 1263 1264 1266 1270 1271 1272
1452 1447 1449 1450 1451 1453 1457 1458
210 212 215
291 286 287 288 289 295 578 683
343 288 339 340 341 342 344 345 346 494 999
795 789 790 793 796 797 798 799 909
1005 313 999 1001 1002 1003 1004 1007 1011
1116 1110 1111 1112 1113 1114 1117 1121 1161 1400
1263 854 1258 1259 1262 1268
1443 1437 1439 1440 1447 1449
890 884 885 886 887 888 889 892 894 895
212 215 217 854 1087
325 322 323 324 327 329 330
1393 1388 1389 1390 1394 1395 1397 1399
1195 1169 1189 1190 1193 1196 1198 1199 1201
673 667 668 669 672 675 676 679 774
215 217 220 221 816 1189
313 308 309 311 314 316 317
1176 763 1170 1171 1172 1173 1177 1179 1180 1181 1182
217 220 223
934 928 930 938 939 940
854 339 849 850 851 853 856 857 860 882
1087 992 1081 1082 1083 1086 1092 1166
354 350 353 356 357 358 359 360
755 749 752 754 756 760 761 1130
919 282 547 913 916 917 918 920 924 925 1023
220 221 222 223 225 399 878 1313
693 247 615 687 689 692 696 697 698 699 793 1136
787 781 782 783 784 785 790
1079 1073 1074 1076 1078 1080 1081 1082
221 222 223 225 308 848 1342
816 253 811 812 813 815 817 820 822
1189 593 1184 1186 1187 1190 1191 1193 1366
222 223 568
223 228 229 344 742
1137 230 611 1133 1134 1136 1140 1141 1143
225 229 230 231 255 437 1340
399 231 314 395 396 397 398 400 401 402 403 404 973
878 872 873 874 875 879 880 882 883 884
1313 513 1310 1314 1315 1319
308 304 305 306 309 310 311 314
848 834 843 844 846 847 849 852 853
1342 253 637 1339 1340 1341 1344 1346 1347 1348
568 563 566 567 569 570 572 573 574 1015 1143
228 229 230 231 232 233 234
229 230 231 232 233 234 578 917
344 278 338 339 340 341 342 346 541
742 736 737 738 740 741 744 745 746 747
230 231 232 233 234 1073 1449
231 232 234 237 880
255 250 251 253 259 260 261 267 1153
437 431 434 435 436 439 440 441 1100
1340 877 1334 1335 1338 1339 1341 1345 1346
232 234 236 237 238 452 955 1117 1333 1466
680 288 295 675 676 683 684 685 686
1335 1329 1331 1332 1333 1334 1338 1339 1341
233 234 236 237 238 1080
1062 1056 1057 1061 1063 1066 1067 1068 1457
234 236 237 238 240 350
578 296 572 574 576 577 580 581 583 737
917 911 913 916 920 921 1277
1073 527 1067 1068 1071 1075 1076 1078 1442
1449 1447 1450 1451 1453 1455
237 236 240 242 243
880 874 875 876 877 879 883 884 885 886
236 238 240 242 294
238 240 242 243 392 564 1092 1303 1447
452 447 448 449 450 453 454 457 458 685
955 951 956 959 960 961
1117 244 745 1111 1112 1121
1333 1329 1331 1332 1334 1338
1466 697 1460 1463 1465 1467 1469 1470 1471 1472
1080 417 528 1057 1074 1078 1081 1083 1086
240 242 243 244 245
350 347 352 353 355 356 717 745 1003 1147 1277
242 244 245 309 1277
294 288 289 292 293 295 296 298 300 1395
243 244 245 247 249
392 386 388 390 393 394 395 396 397 398 553 1403
564 251 337 363 559 560 561 563 566 567 569 609 930 1294
1092 666 1091 1094 1095 1096
1303 292 307 1298 1299 1300 1301 1304 1309
1447 517 1442 1450 1451 1453
244 245 250 835 998 1024 1129
245 247 249 251 1257
617 611 612 613 615 616 620 621 622
924 725 774 799 918 921 925 930 1082
1197 778 1017 1191 1193 1198 1199 1201 1203
1325 1320 1321 1322 1323 1324 1326 1329
247 249 250 251 253 357 675
460 454 457 458 459 461 462 463 464 466 885 1437
875 870 871 872 873 874 876 877 879
309 304 305 306 307 310 311 312 314
1277 828 844 1271 1275 1276 1280 1281 1282 1283
249 250 251 252 253 563 1027
250 251 252 253 1150
835 317 834 836 839 840 841 976
998 282 454 579 992 993 995 996 997 999 1002 1003 1004 1323
1024 369 1018 1020 1021 1023 1025 1027 1029 1186
1129 1125 1126 1128 1130 1132 1133 1134
251 252 253 408 985
1257 1253 1255 1256 1258 1259 1260 1262 1463
252 253 258 493 1156
752 746 747 749 754 757 769 1425
253 258 259 435 691
357 352 353 355 356 358 359 360 362 363 1121
675 492 669 672 676
563 559 560 561 566 567 569 599 609
1027 407 458 1021 1023 1025 1029 1031 1032
1150 1144 1145 1147 1148 1149 1151 1152 1153 1156
408 262 402 403 406 407 410 411 412 414 1266
985 911 979 980 989 990 991 1066 1178
258 259 260 261 262 263 264 567 866
493 279 487 489 490 491 495 497 499
1156 1147 1151 1153 1157 1161 1162
259 260 261 263 264
435 276 429 430 433 434 436 438 439 441
691 685 687 688 689 692 696 697 943 1215
260 261 262 263 596 984
417 411 414 416 418 421 422 1319
508 317 502 504 505 506 510 511 512 513 514
261 262 263 264 266 267 1157 1440
267 262 263 264 266 269 270 272 273 762
1153 448 1147 1148 1149 1151 1157 1158
262 263 264 266 1268
295 292 293 296 298 300 877 1353
918 335 913 916 920 921
263 264 266 269
1001 705 765 995 997 1002 1003 1004 1007
1384 1378 1379 1380 1381 1385 1386 1389 1390
264 266 269 270 1208 1255
567 561 565 566 569 570 572 573
866 860 861 862 863 864 865 870 871 872
596 591 592 593 595 598 600 602 705 1066 1323
984 282 642 979 980 989 990
266 269 270 612 951
1157 1152 1158 1161 1162 1163
1440 1434 1435 1437 1438 1439 1442
1268 353 638 1152 1264 1270 1271 1272
269 270 273 274 896 905 1075
270 272 273 274 276
1208 1202 1203 1205 1207 1209 1210 1211 1212 1213 1214 1491
1255 1249 1250 1253 1256 1258 1259 1260
528 501 523 527 530 532 533 534 1063
654 648 649 650 651 659 734
1331 1326 1327 1329 1332 1334
612 500 606 610 611 614 615 616 618 734
951 945 946 947 948 949 956
272 273 274 276 278
273 274 276 278 279 425
762 280 376 756 757 760 761 764 765 766 767
274 276 278 279 280
696 690 692 697 698 699 700 701 702
896 892 894 895 897 898 900 901
905 901 903 904 909 911
1075 453 483 845 1045 1070 1074 1076 1081
276 278 279 280 281 282 802
968 326 530 962 963 965 967 969 972 973
1220 1214 1217 1218 1219 1223 1224 1225 1249
1322 1318 1319 1320 1321 1323 1324 1326
1379 1233 1373 1374 1376 1378 1380 1381 1383 1385
278 279 280 281 282 283
279 280 281 282
425 421 422 423 426 427 428 429 430
280 281 283 992
281 282 283 286 287
282 286 287 288 342 983
802 312 797 798 799 804 805 806 808 872
407 401 402 404 409 410 412 453 572 1422
283 286 287 289 1321
992 471 494 989 990 997 1182 1470
286 288 289 292
287 288 293 406 805 820 989 1256
288 292 293 860
342 336 337 338 339 340 341 345 346 347 468 1278
983 593 977 980 989 1086
289 292 293
1321 1315 1318 1320 1323 1324 1326
541 334 536 540 543 544 546 547
292 293 296 298
293 296 298
406 400 401 404 409 410 411 412 454
805 799 804 806 807 809 810 811 1091
820 614 815 817 822 823 826
989 609 843 990 991 993
1256 1108 1250 1253 1258 1259 1260 1262
860 515 856 857 861 862 863 864 865
296 300 1029 1070
811 806 807 808 809 810 812 813 815
683 679 682 684 685 686 687 688 689 775
298 300
300 304 305 306 1243
1395 969 1013 1144 1389 1390 1392 1394 1399 1401
877 871 872 873 874 876 879 882 883
1353 798 834 1347 1349 1352 1354 1355 1356 1359
1029 364 1023 1025 1031 1032 1034 1035 1347
1070 526 1066 1067 1068 1074 1076 1093 1310
1327 428 1102 1323 1324 1326 1329 1332
304 306 307 310
702 697 698 699 700 703 704 705 706 707
305 306 307 310 311 760 876
306 307 310 312 1023
1243 979 1237 1238 1239 1240 1242 1246 1247 1249
307 310 312 813
412 411 415 416 705 712
433 427 428 429 430 431 432 436 438 439
1179 431 833 1093 1173 1175 1177 1178 1181 1182 1183 1184
1465 668 1061 1459 1460 1463 1467 1468 1470 1471
586 579 580 581 582 583 585 587 588 591 592 745
750 403 744 746 747 749 754 833 1332
796 790 797 798 863 943 974
310 311 312 316 852
311 312 314 316 317 826
760 754 756 757 761 763 766
876 498 870 871 872 874 879 882
312 317 402 592 634 1453
1023 980 1020 1021 1025 1300
813 807 808 809 812 815 817
314 316
316 317 322 530
852 846 847 850 851 853 856 1418
317 323 517 701 927
826 822 827
402 396 397 398 400 403 404 410 606 1344
592 587 588 589 591 593 595 597 598 757 1190
634 630 633 636 638 639 640
1453 522 704 839 1450 1451 1455 1458 1459
962 956 960 961 965 966 967
322 323 324 327 582 1101
530 525 526 532 534
323 324 326 327 329
517 334 511 512 514 518 943 1227
701 697 698 700 703 705 706 707 906 1151
927 921 925 928 933 1172 1310
324 326 327 329 330 579
882 884 885 886 887
1289 621 1165 1283 1284 1285 1287 1293 1294 1295
1260 1258 1262 1264 1266
1372 1366 1367 1369 1370 1371 1373 1374 1376 1378
326 329 330 1165
327 329 330 333 930
415 409 410 411 416 421 1402 1426
582 576 577 580 581 585 587 588
1101 372 1095 1096 1098 1100 1102 1103 1105 1107
329 330 333 334 335
330 333 334 335 336 1363
579 431 573 576 580 581 585 870
1165 1159 1161 1162 1163 1166 1168 1171
333 335 337 338 339 906
930 928 933
334 335 336 337 338 339
1198 1193 1196 1199 1201 1202 1203
335 338 339 340 341 577 904
336 338 339 340 341 1151 1283
1363 1007 1326 1359 1365 1366 1367 1368
337 338 339 340 341 1249 1262
429 423 426 427 428 430 431 432 434
338 339 340 341 1472
532 526 527 534 538 636
339 340 341 345
906 901 904 909 911
340 341 345 777 1371 1459
341 345 346 347
577 572 573 574 576 580 581 583
904 898 900 903 909 1166
1151 1145 1147 1148 1149 1152
1283 1278 1280 1281 1282 1285 1286
1249 1246 1250 1253
1262 943 1083 1161 1258 1259 1266 1354
1472 1467 1468 1470 1471 1473 1476 1477
345 346 347
777 771 772 774 775 776 778 781 783
1371 398 450 1365 1366 1367 1368 1369 1373 1376
1459 1455 1457 1458 1460 1463
346 352 434 773
347 352 353
468 462 463 464 466 467 469 470 471 472 473 474 510
1278 1272 1275 1276 1280 1281 1282 1284
494 488 489 490 491 492 495 497 498 499 500
999 782 993 995 1002 1003 1004
352 353 355 356 358 1284
434 430 431 436 502 1450
773 767 769 770 771 774 776 778
353 355 356 358 359 975
355 356 358 359 360
450 445 446 447 448 449 451 453
897 892 894 895 900 901 903
1025 707 1020 1021 1031
356 358 359 360 362
717 711 712 715 716 721
745 740 741 744 746 747
1003 997 1002 1004 1007
1147 1141 1144 1145 1148 1149 1152
358 359 360 362 363 364 438 898
1284 757 1280 1281 1282 1285 1286 1287
359 360 362 365
975 972 973 974 977 980 1369 1431
360 363 364 365 1110
362 363 364 365 367 368
363 365 367 368 369 1310 1439
1121 966 1126 1127 1488
364 365 368 369 370
438 432 436 440 441 1368
898 892 894 900 901 903
365 367 368 370 1329
1110 659 1107 1108 1111 1113 1114
367 368 369 370 372 373 1212
368 369 370 372 374
369 370 372 373 374 375 410 1231
1310 659 1304 1309 1311 1312 1314 1315 1373
1439 1223 1433 1434 1436 1438 1442
370 372 373 375 376 538 1272 1334
1329 1240 1323 1324 1326 1332
372 374 375 376 378
1397 1392 1394 1399 1400 1401 1403
373 374 376 377 379 499 883
1212 804 972 1206 1207 1209 1210 1211 1213 1214 1217 1218
374 375 376 377 379
375 376 377 378 379
410 404 409 411 414 416
1231 1225 1227 1229 1230 1232 1233 1234 1235 1237
376 378 379
538 534 536 540 543 544 834 1128
1272 1270 1271 1275 1276 1368
1334 747 838 1332 1352
377 378 379 383 440 713
1235 857 1229 1230 1232 1233 1234 1237 1238 1239 1240 1406
378 379 383 384 611 650 1144
379 383 384 385
499 497 498 500 502 504 505 1234
883 789 879 884 885 886 887
383 384 385 388 650
440 436 439 441 443 445 446 449 523 942 1050
713 426 622 707 708 709 710 711 712 715 716 1107
384 385 386 388 1351
611 591 609 613 614 851 1412
650 644 648 649 651 652
1144 963 1139 1140 1141 1143 1145 1149
385 386 388 390 428 1063
386 388 390 1136
388 390 393 394 740 1168
1469 588 1258 1402 1463 1468 1470 1471
1471 993 1433 1467 1468 1470 1473 1476 1477
1351 1202 1345 1346 1347 1348 1349 1352 1354 1355 1356
390 393 394 395 396 1364
428 422 423 426 430 431 432 707 1223 1406
1063 1057 1061 1066 1067 1068
1136 1130 1132 1133 1134 1139 1141
393 394 395 396 397 398
1356 1354 1355
394 395 396 397 400 1098 1434
740 734 735 736 737 741 744 746 1217
1168 518 1163 1164 1166 1169 1171 1172 1173
756 642 757 761 1276
395 396 397 400 401 600
396 397 398 400 401 489
1364 400 903 969 1359 1365 1366 1367 1368 1369 1370
397 400 401 403 463
642 401 636 638 639 640 641 643 648 682 708 997
861 856 857 862 863 864 865
1199 501 1193 1201 1203 1205
398 401 403 1206
553 547 548 550 552 554 559
1403 1400 1401 1402 1404 1405 1406 1409
400 401 403 404
1098 1093 1094 1095 1100 1102
1434 1429 1431 1433 1435 1436 1438
401 404 651
600 595 597 598 599 601 602 603 604 606
489 483 486 487 488 490 495 676
403 404 409 679
463 457 458 459 461 464 466 467 469
1206 1203 1205 1207 1209 1210 1211 1348
404
973 652 967 969 974 976 977
651 649
606 601 602 603 604 609 1143
1344 698 1339 1341 1345 1346 1347 1348 1349
409 411 414 710 1455
679 676 682 684 685 1086
411 414 416
1171 807 1166 1169 1170 1172 1173 1175 1177
454 448 451 453 457 458 459 1083
453 448 449 451 459
572 451 570 573 576
1422 1418 1424 1425 1426 1427 1428
414 416 418
1266 451 1264 1270
710 704 705 706 707 708 709 711 715 716
1455 416 431 1450 1451 1457 1458 1460
416 418 421 422 1130
705 699 700 703 704 706 708 709 711 737 776
712 706 707 708 711 715 716 809
418 422 423
587 581 583 588 591 593
421 422 423 427
1402 689 1217 1400 1401 1404 1405 1406
1426 1425 1427 1428 1429
422 426 427 1148
1130 536 944 1125 1127 1128 1132 1133 1134
1319 1094 1314 1315 1318 1320 1323 1324
423 426 427 669 764
426 427 430 432
1451 1450
427 430 431 432
1148 1145 1149 1152
669 663 666 667 668 672
764 763 767 769 770 1318
430 431 432 436 569
770 765 766 767 769 772 774 775 776
1066 1061 1068 1071
432 431 436 1187
431 436 736
707 703 704 706 709 711
1223 1217 1218 1219 1224 1225 1227 1229
1406 1400 1401 1404 1405 1409 1412
436 439 441
569 565 566 570 573 574
736 732 733 734 735 737 741
1187 1181 1182 1184 1186 1188 1190 1193
439 441 443 445 839
502 497 498 500 501 504 505 506
1450
441 443 445 446 447
1100 1096 1102 1103
1368 1163 1365 1366 1367 1370 1373
443 445 446 447 658 856
445 446 447 448 449 451 457
839 833 834 836 838 840 841 844 845 1468
446 447 448 449 451
449 447 448 451
523 518 520 522 525 527 1412
942 938 939 940 943 944 945 946 947 948 1210
1050 1044 1045 1047 1051 1052 1056 1433
447 448 966
448 451
1486 1480 1481 1482 1484 1485 1488 1489 1491
658 652 657 659 663
856 810 851 853 857 862
451 457
457 458 459 461 462
966 960 961 963 965 967 969 972 1202
458 459 461 462 464 649
685 684 686 687 688 689 690
459 461 464
1083 1078 1082 1086 1388
462 461 464 1275
921 711 916 920 925
1369 895 972 1365 1366 1367 1373 1374
461 466 467 976
464 466 467 469 470 789 1172
649 643 644 648 652
466 467 469 470 471 472
885 879 884 887 888 889 1071
1437 1431 1433 1435 1436
467 469 470 471 472 473 976
976 974 977 979 980 1373
1275 1270 1271 1281 1477
469 470 471 472 473 474
470 471 472 473 474 476
789 783 784 785 790 793 1219
1172 1166 1169 1170 1173 1175
471 472 473 474 476 477 1292
472 473 474 477 478 775
473 474 476 477 478 479
474 476 477 478 479 480 767
510 504 505 506 511 512 513 580
476 477 478 479 480 482 775 808
477 479 480 482 483
1292 543 1287 1293 1295 1298
478 482 483 565 834
775 769 771 772 774
479 482 483
480 482 483
767 761 765 766 769 771 772
1429 1424 1425 1427 1428 1431 1433 1435
482 483 486 488 565 1287
808 804 806 810 812
483 486 487 488
565 559 560 561 566 570
834 828 833 840
486 490 491 514
487 488 490 491 492
945 939 940 943 944 946 947 948 949
488 490 491 492
1287 619 1282 1285 1286
490 491 492 495 1128
491 492 495 497
765 766 769 771 845
873 870 871 872 874 879
939 938 940 941 943 944 1234
514 511 513 515 518 520 794
492 495 498 690 925
495 497 498 500 501
676 672 682
1128 1091 1125 1126 1127 1132 1134
497 498 500 501 667 895
498 500 501 504 991 1041
690 684 686 688 692
925 920 928
500 501 504 506 771 843
501 504 505 506 993
667 663 668 672 886 1229
895 688 889 892 894 900 901
504 505 506
991 993 995 996 997
1041 960 1035 1040 1042 1045 1047
505 511
1234 901 1230 1232 1233 1237 1239 1240 1376
506 511 512 1096
771 766 769 772 774 776
843 838 840 841 844 845 846 847
993 990 995 996
1339 1338 1341 1345
511 512 513 515 1332
512 513 515 1285 1373
1096 928 1091 1093 1095 1169
513 515 518 741
580 574 576 581 583 585
515 518 520 1182
1332 969 1326 1338
1285 940 1281 1282 1286
1373 1094 1367 1370 1374 1376
518 520 522
741 735 737 738 744 746 747
520 522 525 526 1214
794 790 793 797
1182 846 1177 1178 1180 1181 1183 1188
1159 522 1158 1161 1162 1163 1164 1314
943 940 944 946 947 948
1227 1224 1225 1230 1232 1233
522 525 526 527 624 1143
525 526 527 949
526 527 1233
1214 1209 1210 1211 1213 1215 1217 1219
527 533
624 618 619 620 621 622 625 626 627 630
1143 778 1139 1140 1141 1149
1412 1409 1410
809 804 807 810 812 1467
949 944 946 947 948
1233 1229 1230 1232 1237 1239
533 534 536 716
534 536 540 806 828
1250 1245 1246 1247 1253
1175 1169 1170 1173 1177 1180 1181
636 633 637 638 640 641
536 540 1352
716 711 715 721
540 543 544 546
806 804 807 812
828 822 823 827 833 851
1352 1188 1346 1348 1349 1355
543 544 546 547 548 609
1309 754 1304 1315 1473
544 546 548 550
546 547 548 552
547 548 550 552 774 1042
548 550 552 554
609 603 610 613 614 1056 1071
550 552 554 774
552 554
774 769 772 776 778
1042 622 1044 1045 1047 1145
554 559 560
1186 1180 1181 1183 1184 1188 1190 1191
1380 1374 1381 1383 1386
559 560 561
560 561 566
561 566
1359 1354 1355 1365 1394
1133 807 1127 1134 1139
1229 1224 1225 1230 1355
566 641 689
599 593 597 598 602 603 604 1232
1294 757 1293 1295 1298 1299
570 573 576 769
641 638 643 644
689 684 686 687 692 1392
573 574 576 1057
574 1191
1015 967 1011 1013 1016 1018 1020 1021
576 581
769 763 766 772
1057 776 1051 1052
1191 1188 1190 1193 1196
581 583 585
583 585 588 589
737 732 734 738 784
585 588 589 591
870 864 865 871 872 874 1493
588 589 591 593
589 591 593 595 946 1365
1418 1280 1414 1424 1484
591 593 595 597
593 595 597 598
595 597 598 601 1493
946 940 941 944 947 948
1365 1366 1367
597 598 602 603 960
598 601 602 603 604 1394
757 754 761 763
1190 1184 1188 1193 1196
688 682 684 686 687 692
601 602 603 1314
1493 652 1489 1494
602 604
1323 1320 1324
603 604
960 956 961 963
604 610 1348
1394 1388 1389 1392 1399 1400
1232 1230 1237 1238
1314 1311 1312 1315 1318 1320
610 613 614 615 616
1348 1345 1346 1349 1354
822 630 817 823
1074 1068 1076 1078
613 614 615 618 619 807
614 616 619 620
1414 863 879 1410
1056 1051 1052 1061
1071 1067 1076 1086 1304
615 616 618 619 621
616 619 620 621 622 1304
851 846 847 849 850 853 1405
618 619 620 621 622 1341
734 732 733 735 738
619 620 621 622 625
807 804 810 812
620 621 622 625 626
621 622 625 626 836
622 625 626 627
1304 1299 1300 1301
1341 1338 1345 1346 1347
625 626 627 630
626 627 630
836 833 838 841
627 630
630
633 637 638 639 682 1035 1438
637 638 639 640 643
638 639 640 643 644
1113 1107 1108 1111 1112 1114
639 640 643 644
682 684 687 933 1091 1282
1035 797 1031 1032 1034 1040
1438 659 1169 1435 1436 1442
640 643 644
643 644 648
644 648 700
648
708 703 706 709 711 1318
997 995 996 1002
700 657 697 698 703 704 706
652 657
657 659 663
659 663
916 911 913 920
663 666 668
666 668 672 1349
668 672 900 1112
703 697 699 704 706 709
672 772
1349 1345 1346 1347 1354
886 884 887 888 889 892
900 785 894 901 903
1112 1107 1108 1111 1114
1425 1424 1427 1428 1431
1158 1152 1161 1162 1163 1164
1259 1253 1258
772 776 778
684 686 687
967 961 969 972
1086 1082 1091
686 687 692
687 692
933 810 928 938
1091 1093 1094 1095
1282 1276 1280 1281 1286
692 697 698 1017
1392 738 1386 1388 1389 1390
697 698 699 1217
1215 1209 1210 1213 1217 1218 1219
698 699 704
1017 1011 1013 1016 1018 1020 1021
699 704
793 790 797 798 799
1217 1211 1213 1218 1219
704 706 1383
706 709 711
709 711 715 1271
1383 1181 1378 1381 1385 1386 1388 1389
711 715
776 781
1318 1312 1315 1320 1324
715 721
1271 979 1270
1107 1102 1103 1105 1108 1111
721 724 725 1132 1385
724 725
725
1132 1126 1127 1134
1385 1386 1388 1389 1390
732 733 735 738
733 735 738
1481 1477 1479 1480 1482 1484 1485
947 941 944 948
1491 1485 1488 1489
735 738
738 744 1170
784 778 781 782 783 785 790 1298
744 746 747 749
1170 1164 1166 1169 1173 1401
746 747 749
747 749
749 754
754
833 827 838 956
761 763 766 1140
1276 1067 1270 1280 1281
763 766
1126 1125 1127
766 979
1140 1134 1139 1141 1145
845 840 841 844 846 847 849 850
979 974 977 980
778 781 783 1312
781 782 783 785
783 782 785
1312 1311 1315
782 785
785 790 1424
1018 1013 1016 1020 1021
892 887 888 894 1370
790 1442
1298 1295 1299 1301
1424 827 1201 1427 1428
1219 1213 1224 1225
1442 1436
797 798 799
798 799 804
1237 1239 1240 1242
799
909 903 911
863 857 862 864 1145
974 874 969 980
804 810
1264 1270
872 871 874
810 812 815
812 815 817 1367
1467 838 1468 1470 1473
815 817 1253 1300
817 823
1367 1366 1370
1253 1247 1258
1300 1299 1301
823 827 1230 1468
827 1293
1230 1224 1225
1468 1463 1470 1473
1293 1178 1295 1299
1164 1161 1163 1166 1169
838 844
956 959 961
840 841 844 846
841 844 846 847
844 846 847 849 850 1280
846 847 849 850
847 849 850 853
1180 1177 1178 1181 1183 1184
849 850 853
850
1280 1281 1286
853 857
1405 1354 1399 1400 1401 1404 1409 1410
857 862 959
862 864 865
959 961 963 965
864
865 871
1145 1139 1141 1149
871 874
874 879
972 969 977
879 1247
884 887 888 889
1247 1242 1245 1246
887 888 889
888 889 894
889 894 911
894
911 913
1068 1067
1400 1399 1401 1404
1370 1366 1376
901 903
903
1166 1161 1162 1163 1169
913 1315
1460 1457 1458 1463
1315 1218 1311 1320
920
928
1082 1076 1078
1218 1213 1224
938 940 941 944
1103 1102 1105
940
941 1002
944 948
1002 996 1004 1007
948
1210 1205 1209 1211 1213
1105 1111
1095 1093
961 963 965
963 965 969
1324 1320 1326
965 969 1401
969
1401 1399 1404
1202 1196 1201 1203 1205
977 980
1051 1047 1052
980
1431 1427 1428 1433 1435 1436
990 995 1311
1178 1047 1177 1181 1183 1184
1295 1299 1301
995 996
1311
996
1470
1004 1007
1007 1011 1013
1011 1013 1016
1013 1016
1016 1020 1021 1240
1020 1021 1485
1021 1031
1240 1238 1239 1245 1246
1485 1479 1480 1482 1484 1488 1489
1031 1032 1034
1032 1034
1034 1040
1347 1345 1346
1040 1044 1045
1044 1045 1047 1477
1045 1047
1047
1076 1078 1081
1127 1125
1477 1473 1476 1479 1482
1052
1433 1427 1435 1436
1061 1067
1067
1457 1458 1463
1093 1094
1078 1081 1427
1081
1427 1428
1388 1386 1389 1390
1094
1169 1163 1173
1102 1108
1108 1111 1114
1111 1114
1114
1161 1162 1163 1299
1125
1205 1201 1203 1209
1488 1482 1484 1489 1494
1134 1139
1286 1281
1139 1141
1141
1149 1152
1152
1409 1404 1410
1162 1163 1404
1163
1299 1301
1404 1399 1410
1173
1177 1181 1183
1181 1183 1184
1183 1184 1188
1184 1188
1188 1193
1193 1196
1366
1196 1201
1201 1203 1207
1203 1207 1209
1207 1211 1213
1209 1213 1463
1211 1213
1213
1463 1458
1224 1225
1225
1355 1354
1238 1239 1242
1239 1242 1245
1376 1374 1378 1381
1386 1381 1389 1390
1242 1245 1246
1245 1246
1246
1494 1489
1258
1354
1270
1281
1301
1473 1476 1479
1320 1326
1326
1338
1345 1346
1346
1476 1479 1480 1482
1374 1378
1378 1381
1381
1389 1390
1390 1410
1410
1399
1484 1479 1480 1482 1489
1428
1435 1436
1436
1458
1479 1480 1482
1480 1482
1482
1489
