0 1 2 3 460 916 997 998 999
1 2 3 566 998
2 3 4 5 10 289 405 999
3 4 5 6 442
460 457 458 459 461 463
916 300 914 915 917 918 919
997 23 663 994 996 998 999
998 850 996 999
999 491 542 996
566 367 563 565 568
4 6 7
5 6 7 8 259
10 7 8 9 13 831
289 286 287 288 290 291
405 174 402 403 406 407 408 424 624
6 7 9 413
442 439 441 443 444 928
7 8 9 69
8 9 11
259 256 257 258 260 261 262 322 364 955
9 11 12
413 410 411 412 414 415 416
69 66 67 68 72 201
11 12 14
12 13 14
13 14 15 16 122
831 578 828 829 832 833 834
14 15 16
15 17 18 502
16 17 18 19 969
122 119 120 121 123 124 125 960
17 18 19 20 22 254 436
18 19 20 21
502 498 499 501 503 504 909
19 20 21 22
969 128 194 966 967 968 970 971 972
20 21 22 23
22 21 23 262
254 251 252 255 256 425
436 433 434 435 437 439
21 23 24 640
23 24 25 293 395
24 25 26 27 241 494 881
640 638 641 643 893
262 260 261 264 801
25 27 28 435
293 233 290 291 294 295 296
395 66 392 673
26 27 28 29 420
27 28 29 30 99
241 239 240 242 243 244 527
494 491 492 493 495 496
881 72 327 879 882 883 884
28 29 30 31 520
435 433 434 437 438 696
29 30 31 32 951
420 419 422 423 512
30 31 32 33
99 96 97 100 101 102 712
31 32 33 34
520 518 519 521 522 523 822
32 33 34 35 485 956
951 949 952 953 954
33 34 35 36 851
34 35 37 613
35 36 37 38
485 482 483 484 487 488
956 250 953 954 955 959
36 37 38 39 163
851 848 850 853 854
37 38 39 40 192 639
613 611 614 615 616 680
38 40 41
39 40 41 42 773
163 160 161 162 164 165
40 41 42
192 42 191 193 194 195
639 288 487 636 637 638 674
41 42 44 392
42 43 44 424
773 179 771 772 774 776
44 45 46 47 610
392 389 390 393 394 608
43 45 46 532
424 422 423 425 426 807
45 47 48 393 900
46 48 49 668
532 333 529 530 531 533 534
47 48 49 50
610 388 607 611 612
48 50 82 698 723 741 855
393 97 184 290 390 391 394 396
900 162 897 898 899 902
49 50 52
668 665 666 667 669 670 671
50 51 52 53
82 79 81 83 84 85
698 86 695 699 700 749 913
723 721 722 724 725 726
741 284 738 739 743 744
855 852 853 857 858
52 51 54 910
51 53 54 375
53 55 110 556 899
54 55 56 57 902
375 372 373 374 376 377 378 868
910 907 911 912 913
55 56 57 58 223
110 107 108 109 111 112 113 584 619
556 553 554 555 557 559 876
899 80 896 897 898 901 902
56 57 59
57 58 59 120 233 506
902 438 901 903 904 905
58 59 60 61 484 872
223 220 221 222 225 230 366 385 937
59 61 62 477
120 117 118 121 123
233 230 234 236 601 991
506 135 503 504 507 509 667
60 61 62 641 744
61 62 63 64 266
484 482 483 486 487
872 500 869 870 871 874 875
62 64 376
477 474 476 478 479 480
641 638 642 644
744 742 743 745 746 747
63 64 65 548 812 817
64 65 66 67 265
266 263 264 265 269 343 492 679
376 373 374 377 378 379
65 66 67 68
548 545 546 547 550 551
812 810 811 813 814 815 862
817 815 816 818 819 820
66 67 68
67 68 70
265 263 264 500
68 70 71
70 71 72 73
71 72 73 74
72 74 75
201 198 199 203 204 253
73 74 76 539 863
74 75 76 77
75 76 77 78
76 77 79
539 537 541 583 658
863 422 860 861 862 864 866
77 79 80 129
78 79 80 322 971
79 80 81
80 83 316 821
129 128 130 131 132
322 319 320 324 325
971 968 970 972 973 974
81 84 130 214
83 84 85 86 706
316 313 314 315 318 889
821 135 819 820 822 823 824
84 85 86 87
130 131 132 133
214 211 213 215 216 217 731
85 88 577
86 87 88 89 680
706 166 704 705 707 708 709
87 89 90 587
88 89 90 91 274 925
577 574 575 576 578 579 580
89 90 91 219 895
680 357 503 678 679 681
90 91 92 93 921
587 222 586 588 589 590 960
91 92 93 94
274 271 273 275 276
925 303 765 923 924 926 927 928
219 216 217 218 220 221 222
895 421 892 893 894 896 898
92 94 95 271 444
93 94 96 197 468 816
921 471 919 920 922 923 924
94 96
95 98 996
271 268 270 273 544
444 441 443 445 446 447
96 97 98 466 672
197 195 198 199 200 498
468 465 466 467 469 470
816 170 813 814 815 818 819
98 97 100 101 149 654 926
996 814 993 994 995
97 906
466 463 467 469 846
672 342 670 671 673 674 675 823
906 276 710 903 905 907 908 909
100 101 102 103 697
101 102 103 104
149 146 148 151 152 280
654 652 653 655 656 657
926 923 924 927 928
102 103 104
712 709 713 714 715
103 104 105 106
697 307 694 695 696 700
104 105 106 107
105 106 107 108 590 657
106 107 108 109
107 108 109 374
108 109 111
590 288 588 589 592 593
657 168 655 656 658 660
109 111 112 438
374 137 371 372 373
111 112 113 114
112 114 115 290 829
438 437 441 892
113 115 116
584 382 570 581 582 586 608
619 617 618 620 622 703
114 115 116 117 188 355
115 117 118 964
290 287 291 439
829 827 828 830 832
116 118 119 285
117 118 119 694 930
188 185 187 189 190 191
355 352 353 354 356 357 358
118 119 121 467
964 962 963 965 967
119 121 853
285 282 283 284 286 288 860
694 167 691 692 695 805 911
930 714 927 929 932 933
121 124
467 464 465 470
853 850 852 856
123 124 125 126 430
124 125 126 127
125 127 128 287
960 126 957 958 959 962 963
126 499 748 857
430 427 428 429 431 432
127 128 216 537 972
128 131 662
287 284 286 288
499 496 497 500 501
748 325 746 747 749 750 751
857 854 856 858 859 975
216 187 215 218 989
537 534 536 538 540
972 970 973 974 975
131 132 133 492 665
662 137 659 661 663
132 133 134
133 134 136
492 489 493 912 941
665 177 273 663 666
134 301 386 454 731
136 137 139 345 779
301 135 299 300 302 303 304
386 383 384 385 387 388 389
454 209 452 453 455 456 660 936 958
731 728 729 730 732 733 734
135 137 138 373
137 138 140
138 139 140 649
373 370 371
139 140 142 346 362 738
345 342 343 344 346 347 348 675
779 776 777 778 780 781 782
140 141 142 143
649 650 651 742
142 141 143 144 145
346 343 348 349
362 360 361 364 365 513
738 735 736 737 739 740
141 143 144 369
143 144 145 146
144 146 147 245 810
369 291 366 368 371 372 495
145 146 147 148
146 147
147 148 150
245 242 243 244 246 248 340
810 807 809 811 813
148 150 151 181 615
150 152 153
151 152 153 154 920
181 178 180 182 183 674
615 614 616 617 618
152 154 230
280 278 279 281 282 283 302 883
153 154 155 156 270 567 830
154 155 156 157 281
920 775 917 918 919 922 923
230 227 228 229 231 232
155 156
156 158 159 627 669
270 268 269 272 273 401
567 564 568 569 570 966 986
830 213 827 828 833
157 158 159 160 803
281 278 279 282 283 284
158 160 161 418
159 160 161 162 718
627 625 626 628 629
669 666 667 670 671 970
160 161 162
803 217 752 800 801 802 804 805
161 162 164
418 415 419 421 582
162 164 165
718 715 717 719 720 721
164 165 166
165 167 168 573
166 167 168 169
167 168 169 170 604 675 778
168 169 170 263 911 988
573 570 571 572 574 575 576
169 170 171 172 449
170 171 173 671 935
604 601 602 603 605 606
675 674 676
778 331 391 775 776 780
263 260 261 264
911 326 908 909 912
988 985 986 987 989 990 991
171 173 174 509 912
172 173 175 840
449 332 447 451 452
173 174 175 176 458
671 329 670 674
935 380 932 933 934 937 938
174 175 713
509 507 508 510 511 526
912 909 913 915
175 176 178
840 455 837 838 839 841 842 843
176 177 178 179 538 984
458 456 459
713 711 715 716
178 177 179 180
177 179 180 401 994
179 180 182
538 535 540 541 739
984 981 982 983 985 986 987
180 182 183 931
401 292 398 399 403 404
994 992 993 995
182 183 185
183 184 185 186
931 185 928 929 933 934
674 673 676
185 186 187
184 186 737 843 866
186 187 189
737 735 736 739 740
843 842 844 845 846
866 864 865 867 868
187 189
189 190
190 191 193 811
191 193 962
193 194
811 439 808 809 813 814
962 914 959 961 963 965
194 195 196
195 196 198 433
196 198 199 283 325 483
198 199 200
433 330 431 434 571
199 200 202
283 284 286 299 338
325 324 326 327 328 564 643 879
483 480 481 482 486
200 202 704
498 496 497 501 580
202 203 204 536
704 701 702 703 705 707
203 205 594 897
204 205 207
253 231 252 255 256
536 344 514 533 534 535
205 207 208 701
594 591 592 593 595 596 597
897 398 896 898 967
207 206 208 209
208 206 210 211
701 699 700 702 703
206 209 299 805 903
209 210 212
299 296 298 300 302 455
805 802 804 806 808
903 292 904
210 212 213 666 852 865
211 212 416 928 945
212 213 215 267 450
213 215
666 473 664 667
852 295 849 850 854
865 862 867 868
416 415 417 419
928 927 929
945 379 727 907 943 944 947 948
215 218 504
267 264 268 269 472
450 327 399 448 452 565 908
217 220 357 760
218 220 221
504 505 507 887
989 292 987 990 991 992
220 221 222 453 500
357 356 358 359 360 790
760 757 758 759 761 762 763
221 222 224
222 224
453 451 452 456
500 497 501 503
224 226 227 353
225 226 227 228 827
366 363 364 365 367
385 384 387
937 564 934 938 939 940
226 227 228 229 367
227 228 229
353 350 351 354 356
228 229 231
827 824 825 826 828
229 231 232
367 364 365
231 232 234
232 234 235 628
234 236 237 683
235 236 237 238 941
628 625 626 629 630
236 237 238 239 714
601 599 602 603
991 475 990 992 993
237 238 239 240 596 777
683 681 682 684 685 686 888
238 239 240
941 600 939 940 943 944
239 240 242
714 711 715 716 717
240 242 243
596 597 598 599
777 774 775 776
242 243 244 396
243 244 246
244 246 247
527 524 526 528 529 530
396 394 397 564 888
246 247 248 249 304
247 249 250
248 250 251 595 750
340 337 338 341 342 343
249 250 251 252
304 303 305 307
250 306 976
251 252
595 592 593 597 598 710
750 747 749 751 752 753
252 255 806
306 305 307 308 834 981
976 959 974 975 977 978 979
255 256 257 258 740
806 804 807 808 809
256 257 258
425 422 423 426
257 258 260 400
258 260 261
740 743
260 261
400 398 399 402 403 690
261 264
364 361 365
955 952 953 954 957 958
264
801 798 799 804
269 268 272 631
343 341 342
679 676 677 681 682
268
472 470 471 473 475 525
272 273 275 876
631 629 630 632 634 892
273 275 276
544 432 541 542 543 545 546
275 276 278
876 407 873 874 877
276 277 278 279
278 277 279
277 279 908 986
279 282
908 481 824 905 907
986 983 985
282 284
302 300 303 305
883 753 880 882 884 885
284 286
286
338 335 337 339 341 414
288 909
860 858 859 861 894
909 648 670 820 907
291 292 294
439 441 569
292 295
294 296 297 620
295 296 297 298
296 298
297 298 421
620 606 624
298 300
421 381 564
300 303
455 452 456 457
303 305
305 307 308
307 308 309 310 383
308 309 310 311
834 742 832 833 835 836
981 624 978 979 980 983
309 310 311 312
310 312 313
383 380 381 382 384 535
311 312 313 314
312 313 314 315 591
313 314 315
314 315 317
315 317 318 503
591 428 588 589 593
317 318 319
318 320 321
503 501 507 515
889 397 887 890 891 892 973
319 320 321 323
320 323 757 761
321 323 324 462 616
323 324 326
757 754 755 756 758 759
761 758 759 762 764
324 326 327
462 459 463 464 465 845
616 614 617 618
326 327 329 966
327 328 329 330 535
328 329 330
564 409 561 562
643 514 642 645 646
879 877 878 880
329 331 332
966 580 963 967 968
330 332
535 482 534
331 333 334 739
332 333 334 335
333 334 348 974
334 335 336 337
739 342
335 337
348 347 349 350 351 446 551 710 878
974 973 975 977
336 337 339 463 489
337 339
339 342 977
463 461 464 465 978
489 486 488 490 491
341 342 344
414 412 415 417
342 407
977 490 893 975 978 979
344 347
407 404 406 409 410
347 349 350 417
349 350 352
350 351 352
417 415 419 884
351 352 354 647
446 443 445 447 448
551 549 550 552 553
710 707 708 709
878 445 877
352 354 913
354 445
647 644 645 646 648 650
913 915
356 359 540 575
445 443 447 448
358 359 360 361 448
359 360 361
540 461 541 542 543 901
575 572 574 578
360 361 652
790 787 788 789 791 792 793
361 363
448 447 451
652 651 653 655 747
363 365
365 368 549
513 510 511 514 516 559
368 370 371
549 546 547 550 552
370 371 372 875 901
371 372
372 791
495 493 496 497
875 856 873 874 877
901 904
791 789 792 793 794
377 378 379 380 952
378 379 380 381 469
868 867 871
379 380 381 382
380 382
952 949 950 953 954
381 382 384
469 470 471
382 384
384 387 598
387 388 389 390
598 597 599 600
388 389 390
389 390 391
390 391
391 394
394 397
608 605 609 611 864 967
397 399 406 646
673 670 676
888 743 885 886 891
399 398 402
406 403 404 408
646 644 645 648 661
398
402 403 404
403 404
690 563 687 688 689 691 693
404 487 734
487 488 490
734 732 733 735 736
408 409 410 411
624 622 623 625 626
409 411 412 452 948
410 411 412
411 789 795
412 415
452 451
948 946 947 949 950
789 621 772 786 787 792
795 792 793 794 796 797 798
415
419 422
884 882 885 886 887
582 579 580 581 583 585
422 423
423 426 570
512 510 511 515
426 427 428 429 703
570 569 571 572 716
807 804 808 809
427 428 429 959
428 429 431 729
429 432
703 700 702
959 767 961
431 432 434 614 638
729 726 727 728 730 732
432 434 547 743
434 437
614 611 612 617
638 635 636
547 545 546
743 742 745 746
571 568 572 574 896
437 440
696 607 693 695 699
440 441 443
441 443
892 891 893 894
569 568 572 990
443
447
451
565 562 563 568
456 457 459
660 658 659 661 663
936 933 934 938 939
958 957 961
457 459
459 461
461 464 490
464 465
490 488 491
465
845 798 842 844 846 848
978 979 980
846 844 847 848 849
470 471 473
471 473 474
473 474 475 476 730
474 475 476
475 476 478
525 522 523 528 677 953
476 478 479
730 545 618 727 728 732 733
478 480 481
479 480 481 482
480 481 482
481 482
482
486 488
488 491
491 493 942
493 496
942 939 940 943 944
496
497 523 939
523 507 521 524 526
939 508 940
501
580 578 581 583
507 508 510
515 514 516 517 783
505 508
887 885 886 890
508 510 511 870
667 664 670
510 511
511 514
870 867 869 873
526 524 529 891
514 516 517 922
516 517 518 519
559 557 560 561 562
517 518 519
922 923 924
783 780 781 782 784 785 786
518 519 869
519 521 522
869 867 871
521 522 524 543
522 524
822 721 819 824 825
524
543 541 542 546
528 529 530 531
677 676 678 681 814
953 950 954
529 530 531
891 890 893
530 531 533
531 533 534
533 534
534
541 542
583 585 586
658 655 659 661
542 545
545 546
546
550 552 553
552 553 554 555
553 554 555
554 555 557
555 557 558 957
557 558 560
558 560 561
957 954
560 561 562 563
561 562 563
562 563
563 621
621 618 622 623
568
572
990 992 993
716 715 717 719
574 576
896 893 898
576 578 579 826
578 579
579 581
826 825 835
581 612 802
612 609 611 725
802 800 804
585 586 588 799
586 588 589
588 589 905
799 796 797 798 800
589 592 877
905 904 907
592 593
877 880
593 664
664 661 848
597 600
599 600 602
600 602
602 603 605
603 605 606
605 606 607
606 609
607 609
609 611 858
611
864 861 862 867
967 965 970
858 856 859 861
725 722 724 726 728
617
618 644
644 642 645
622 623 625
623 625 626 763
625 626
626 629
763 762 764 765 766
629 630 632
630 632
632 633 634 635
634 633 635 636 637
633 635 636
635 636 637
636 637
637
893 890 894
642 645
645 648
648 650 745
661 659
650 651 653
745 746 747
651 653
742
653 655 656
655 656
747 746 749
656 659
659
663
848 847 849 850
670
970 968 973
823 820 825 856
676 678
678 681
681 682 684 833
814 813 927
682 684 685
684 685 687
833 832 836
685 686 687 837
686 687 688 689
687 688 689
837 835 836 838 839
688 689 691
689 691 692
691 692
692 693 695
693 695
695
699 700 702
700 702
749 746 751 752
702 705
705 707 708 836
707 708 709
708 709 711
836 838 839
709 711
711
715 717
717 719 720
719 720 721 722 724 961
720 721 722
721 722 724
722
724 726 727 818
961 963
726 727 728
727 728
818 815 819 820
728 781
781 736 780 782 784
732 733 735
733 735 736
735 736
736
746
751 754
752 753 754 755
753 754 755 756
754 755 756
755 756 758
756 758 759
758 759
759 762
762 764 768
764 765 766 767
768 765 766 769 770 771
765 766 767
766 767 769
767 769 770
769 770 771 772
770 771
771 774
772 775
774 775 776
775 776
776
780 782
782 784 785
784 785 786
785 786 787 788
786 787
787 788
788
792 793 794
793 794 796
794 796 797
796 797
797 798 800
798 800 847
800
847 844 849
804
808 809
809
813 815
815
862 861
927 929
819 820
820
824 825
825 828
856 854 859
828
835 832 838
832
838 839 841
839 841 842
841 842 844
842 844
844
849 850
850
854 894
894 944
859 861
975 973
861
867
871 873 874
873 874
874
880 882
882 885
885 886
886
890
973
944 943 946 947
898
904 907
907
915 914 917 918 950
914 917
917 918 919
918 919 987
950 947
919
987 985
923 924
924
929 932
932 933 934
933 934
934
938 940
940 943
943 946
946 947 949
947 949
949
954
963 965
965 968
968
979 980 982
980 982 983
982 983 985
983 985
985
992 993 995
993 995
995
