0 1 2 3 4 5 6 7 64 296 473 492 496 498 499
1 2 4 6 8 9 73 78 137 292 493 494 496 497 499
2 3 4 6 9 10 56 145 252 351 393 494 495 497 498 499
3 6 7 11 83 241 268 424 495 496 497 498
4 5 6 7 9 10 11 12 69 70 117 237 279 496 497 498 499
5 6 7 8 9 10 11 12 13 157 343 497 499
6 7 8 9 10 11 12 13 14 41 226 428 474 498
7 8 9 11 12 13 14 446 499
64 44 56 57 58 59 60 62 63 65 68 69 70 71 72 73 138
296 124 289 290 291 292 293 294 295 297 298 300 302 303 304 327
473 116 342 466 467 468 469 471 474 475 477 478 479 481
492 82 284 382 468 485 487 488 489 490 491 494 495 496 498 499
496 123 172 222 241 488 489 490 491 494 495 497 499
498 484 490 491 493 494 495 497 499
499 50 234 412 491 493 494 495 497
8 10 11 12 13 14 15 16 55 336 361 412 468 497
9 10 11 12 13 14 15 16 50 164 225 249 252 284
73 27 30 65 66 68 71 72 75 76 77 78 79 80 81 189 274
78 74 79 81 82 83 85 86 158 205
137 129 130 131 132 133 134 135 136 138 139 140 141 142 143 144 145 238
292 112 284 285 286 287 288 291 294 295 297 298 300
493 117 135 190 261 486 487 488 489 490 494 497
494 486 487 488 489 490 491 495 497
497 55 313 363 490 495
10 11 13 14 15 16 17 18 172 214 305
56 48 50 51 52 53 54 55 57 58 59 60 61 62 63 316
145 138 139 140 142 143 144 146 147 148 149 152 181 198 233 406
252 176 246 247 248 250 251 253 255 256 257 258 259 260 382 393
351 263 305 343 344 345 347 348 349 350 352 353 354 355 356 357 358
393 32 86 144 325 340 362 385 386 388 389 390 391 395 396 398 399 400
495 24 487 488 490 491
11 12 16 17 18 19 433 448
83 38 75 76 77 80 82 85 86 87 89 90 91 130 182 417 421
241 157 178 233 234 236 237 239 240 242 244 245 248 249 447 464 470 491
268 18 260 261 262 263 264 265 266 267 269 270 272 273 274 275 276 338 491
424 131 141 278 286 326 415 417 418 419 420 423 425 426 427 428 429 431
12 13 14 16 17 18 20 150 159 283
69 61 62 63 65 66 67 68 70 71 72 74 75 152 352 462 478
70 63 66 67 68 71 72 75 76 77 258 350 413 472 485
117 109 110 111 113 115 116 118 121 123 124 125 276 287 304
237 110 229 232 233 234 235 236 238 239 242 243 244 250 284
279 62 92 133 182 272 273 274 276 281 282 284 286 287 294 383 464
13 14 15 17 18 20 21 100 103 186 339 453
157 150 151 153 154 155 156 158 159 160 161 162 163 164 165
343 335 336 337 338 339 340 341 344 345 346 347 348 349 350 469 485
14 15 16 17 19 21 22 34 188 244 323 420
41 33 35 36 37 39 44 45 46 47 48 49 110 250 288
226 20 218 219 220 221 222 223 224 225 227 228 229 231 232 233 234
428 54 60 277 420 421 423 426 427 429 430 431 432 433 434 436
474 77 246 353 466 467 468 469 470 471 472 475 476 477 478 479 481
446 84 96 154 440 441 442 444 450 451 452 453 454 484
15 16 17 18 20 21 22 77 288 317 444
16 17 18 19 20 21 22 24 144
55 47 48 50 51 52 53 54 57 59 60 61 63
336 146 197 277 328 329 330 331 333 334 335 337 339 341 342 344
361 80 232 338 353 354 355 357 358 359 360 363 364 366 367 368 405
412 277 281 404 405 406 407 408 411 414 416 417 418 419 420
468 220 406 460 462 463 464 465 466 467 470 471 475
50 42 43 45 46 47 48 49 54 57 58 103 437 442
164 101 156 159 161 162 163 165 166 167 169 170 171 172 238 324 435
225 218 219 220 221 222 223 224 227 228 229 230 231 232 349
249 132 179 217 242 244 245 246 247 248 250 251 253 254 256 257 326 464
284 44 49 276 277 278 280 281 285 286 287 289 290 291 355
17 18 19 20 21 22 23 25 119 232
18 19 20 21 22 23 24 25 26 211
172 84 165 166 167 168 169 170 171 175 176 177 178 179 180 427
214 206 208 209 210 212 215 216 217 218 219 220 221 222 372
305 141 297 299 302 303 304 306 307 308 309 310 311 312 313 317 445
19 20 22 23 24 25 26 27 34 62 116
433 319 356 385 425 426 427 429 430 431 432 434 435 436 438 439 440 441
448 440 441 442 447 449 450 451 452 453 454 455 456
20 21 22 23 24 25 28 434
150 142 143 144 146 147 148 149 151 152 153 154 155 156 158
159 43 128 152 153 155 156 158 160 161 162 163 166 167 301 328
283 104 179 235 275 276 277 278 280 285 286 287 288 289 290 291
21 22 23 24 25 26 27 28 29 371
100 92 93 94 95 96 97 98 99 101 102 103 104 105 106 107 108 334
103 95 96 97 98 99 101 102 104 105 106 108 109 114
186 51 99 178 179 181 182 183 187 188 189 190 191 193 194 304 400
339 331 332 333 334 335 337 338 340 341 342 344 345 346 347 444
453 33 439 445 447 450 451 454 455 458 459 460 461
22 23 24 25 26 27 28 29 30 158 480
34 26 27 28 29 30 32 33 36 37 39 40 42 280 291 481
188 180 181 182 183 185 187 189 191 192 193 194 195 196 197 373
244 59 191 236 238 240 242 243 246 247 248 250 251
323 118 121 315 316 318 319 320 321 322 324 327 328 329 331
420 57 116 207 330 407 413 414 415 416 417 418 419 421 422 423 425 426 477
77 66 71 72 75 76 79 80 81 82 85 394
288 95 280 281 282 285 287 289 290 293 294 295 460
317 106 112 209 309 310 311 313 314 316 318 320 321 322 324 325 405
444 24 217 239 413 436 437 438 439 442 443 447 449 451 452
24 23 25 26 27 28 29 31 84 110
144 136 140 141 143 146 148 149 151 152 274
23 25 26 27 29 30 31 134
25 26 28 29 30 31 32 33 435
119 111 112 113 114 115 116 118 120 121 123 124 125 126 325 423 440
232 228 229 230 231 233 235 236 238 239 263 319 338 371 486
26 27 28 29 30 31 33 160 277 307
211 177 204 205 206 207 208 210 212 215 216 217 218 471
27 28 29 30 31 32 33 113 274 459
62 54 57 58 59 65 66 148 194 221 364 386 402
116 109 110 111 112 113 114 115 120 121 122 123 394
28 30 31 32 33 35 208 251 325 356
434 426 429 430 431 436 437 438 439 440 441
29 31 32 33 35 36 37 220 368 414
371 363 365 367 368 369 370 373 374 375 376 377 378 394 465
30 31 32 33 35 36 37 38 61 240 318 329
158 95 127 153 154 155 156 160 165 166
480 195 437 475 476 479 481 483 487 488
31 32 33 35 36 37 38 39
134 126 127 129 132 133 135 136 138 139 140 141 142
84 76 80 82 85 86 87 88 91 92 118 154 282 286 391 467
110 102 105 106 107 108 109 111 112 118 185 187 216 459
32 33 35 36 38 39 40 75 262 309
33 35 36 37 38 39
435 177 261 316 427 429 430 431 432 436 437 438 439 440 441 443 450
160 112 152 154 156 161 162 163 165 166 167 390
277 269 270 271 272 273 274 275 276 280 282 285 385
307 300 301 303 304 308 310 311 312 313 314 324 457
113 107 108 109 111 112 114 118 120 182 184 278 401 481
274 37 266 269 270 271 272 273 275 276 278 280 281 282
459 452 454 456 457 458 460 461 462 463 464 465 466 467
35 36 37 38 39 40 42 43 92 395
208 80 90 200 201 202 203 205 206 207 209 210 212 213 215 216 455
251 243 245 246 247 248 250 253 254 255 256 257 258 259 427
325 51 318 319 320 321 322 324 327 328 329 330 332 333
356 111 348 349 352 353 354 355 357 358 360 362 363 364
36 37 38 39 42 43 44 129
37 38 39 40 42 44 275 386
220 212 213 215 216 217 218 219 221 222 223 224 227 236 329
368 207 360 362 363 364 366 367 369 370 372 373 374 375 376
414 89 175 184 406 407 408 409 410 411 415 416 417 418 421 422
38 39 40 42 43 44 45 46 227 445
61 53 57 58 59 65 66 67 68 184 246
240 233 234 235 236 238 239 242 243 245 247 248 404 425
318 310 311 312 314 315 319 321 324 326 340
329 321 322 324 326 327 328 330 331 332 333 335 337 388
39 43 44 45 46 142 146 367
40 42 43 44 45 47 48 59 129 205 354 437 477 487
75 67 68 71 76 79 80 81 82 176
262 254 255 256 257 258 260 261 264 265 266 267 270 402 429
309 53 301 302 304 306 308 310 311 312 314 316 324 364
42 43 44 45 47 48 49 199
280 272 273 275 278 281 282 286 287 370 460
291 72 80 118 286 289 290 293 297 298 299
481 94 276 337 475 479 482 483 484 485 486 487 488 489
43 44 46 47 49 331 360
92 85 86 87 88 89 93 95 96 97 98 99 362
395 115 364 387 388 389 390 392 397 399 402 403
44 45 46 47 48 51 52 484
129 65 121 122 123 124 125 126 128 130 131 132 133 135 369
275 267 269 270 271 272 273 278 281 282 377
386 378 379 380 381 382 383 385 387 388 389 390 392 394 463
45 46 47 48 49 51 52 53 108 437 455 457
46 47 48 49 51 53 54 271
227 76 219 221 222 223 224 228 229 230 233 235 400
445 106 177 193 286 345 437 439 440 441 442 443 447 449 452 489
142 135 136 138 139 140 141 146 147 148 149 458
146 140 143 147 148 149 151 153 154 196
367 85 165 267 359 360 362 363 365 366 369 370 374 375 392
47 49 51 52 53 54 261 301
48 49 52 53 54 321 345
59 52 53 54 58 60 63 65 66 67 85 133 285 470
205 124 197 198 199 201 202 203 204 206 207 212 439
354 95 234 346 347 348 349 350 352 353 355 357 358 360 362 463
437 139 429 430 431 432 436 438 439 440 442 483
477 200 242 370 421 469 472 475 476 478 479 483 484
487 183 442 463 479 483 485 486 488 489 490
49 51 52 53 57 194 210 238 266 352 372
250 91 242 243 245 246 247 253 254 255 256 257 258
199 191 192 193 195 196 197 198 200 201 202 203 204 359
331 306 324 326 327 328 333 334 335 337 338 396
360 51 352 353 355 358 363 364 365 366
51 52 54 57 192 202 217 326
52 53 54 57 58 60 71 76 181
484 242 299 357 366 398 478 479 482 483 485 486 489 490
53 54 57 58 60 365
108 101 102 104 105 107 109 114 115 168
455 85 447 449 451 452 454 456 457 458 461 462
457 258 449 450 451 452 454 456 458 462 463 464 465
54 60 124 490
271 263 264 265 266 267 269 270 272 273 276 278
261 253 254 255 256 257 259 260 263 264 265 266 472
301 191 293 295 297 298 299 300 302 303 304 306 308
321 313 314 316 319 320 322 324
345 265 337 340 342 344 346 348 349 350 352 353
57 58 60 63
194 68 187 191 192 193 195 196 198 200 202 400 406 464 478
210 196 202 203 204 206 207 209 212 213 215 216 218
238 147 230 233 234 236 242 243 246
266 258 259 260 263 264 265 267 269 270 272 273 346
352 224 263 344 346 348 350 357 358 359
372 71 234 366 369 370 373 374 375 376 377 378 379 380
58 60 63 66 141 222
442 263 438 439 440 441 443 447 449 450
192 81 184 185 187 189 191 195 196 198 200
202 195 198 200 201 203 204 206 207 209 215 387 430 432
217 149 174 209 212 213 216 218 219 221 222 224 385 485
326 201 294 319 320 322 324 327 328 330 333 334 440
60 63 66 68 384 392
71 63 65 66 67 68 72 74 76 79 228
76 67 68 74 79 81 82 122 328 449
181 173 174 175 177 178 179 180 182 184 187 189
365 357 358 359 362 363 364 366 369 370 373
124 118 120 122 125 126 130 131 132 167 265 418 482
490 204 419 470 482 483 486 488 489 491
63 65 66 68 460
316 308 310 311 312 314 315 319 320 322 324 384
66 65 68 72 74 285
141 133 136 138 139 143 147 148 149 407
222 216 218 219 221 223 228 230 334
65 67 68 72 138
67 68 74 470
85 80 81 82 86 87 89 91 93
133 87 125 126 127 128 130 131 132 135 136 138 140
285 281 282 287 289 290 293 348 485
470 203 462 463 464 465 466 467 471 472 475 476
68 74 441
384 91 128 299 376 377 378 379 380 382 387 388 389 390 391 392
392 152 294 359 385 389 390 391 394 396 397 399 400
184 176 177 178 180 182 183 185 187 189 190 223 475
246 239 242 243 245 253 254 374
148 140 143 147 149 151 153 154 390
221 79 88 213 216 218 219 223 224 228
364 357 358 359 363 366 369 370
402 394 397 398 399 400 401 403 404 405 406 407 408 409 410
460 135 215 410 452 454 456 458 461 462 463 465 466 467
72 74 79 80 294 391 405 482
138 130 131 132 136 140 143 281 348 426 430 476
74 79 80 81 82 88 89 174 394
441 407 425 436 438 439 440 449
152 147 149 151 154 155 195 299 300 410
462 298 454 463 465 466 467
478 273 355 471 472 475 479 482 483 486
258 235 255 257 259 260 264 265 385
350 104 342 346 347 348 349 353 357 358 410
413 405 407 408 409 415 416 417 418 419 421
472 289 363 385 464 465 466 467 469 475 476 479
485 79 82 479 483 486 488 491
79 80 81 82 86 87 191 409 486
228 223 230 231 233 235 236 438
80 81 86 87 88 335
294 286 287 290 293 295 298 299 300 302
391 383 385 387 388 389 390 394 396 397 398 399 491
405 397 398 399 401 403 404 407 408 409 410 411
482 147 256 287 295 312 475 476 479 483 486 488 489
81 82 86 87 88 89 290 306
189 182 185 187 190 191 193 195 196 197
82 89 90 111 418
88 86 87 89 90 91 94 95 96 315
89 86 87 90 91 93 94 95 96 97 313
174 166 167 168 170 171 173 175 176 177 178 179 182 248
394 387 388 389 390 396 397 398 400
176 93 168 169 170 173 175 177 178 179 180 182 183
122 114 115 118 123 125 126 127 128 130 269
328 320 322 327 332 333 334 335
449 130 443 447 450 451 452 454 456
86 87 90 94 398
87 90 91 93 94
191 99 187 190 195 196 198 224 355 439
409 401 403 404 406 407 408 410 411 415 416 417
486 98 488 489 491
335 327 330 333 334 337 340 341 342 466
290 282 286 287 289 295 297
306 104 298 299 300 302 303 304 308 311 312 313
90 91 93 94 96 97 98
111 104 107 109 112 114 115 118 223 397
418 93 338 411 415 416 422 423 425 426 439
91 93 95 96 97 98 431
130 123 126 127 128 131 132 136 204 312 456
182 175 178 179 180 183 185 187 190
417 185 195 410 411 415 416 419 421 423 425
421 415 416 419 422 423 425 426
118 120 125 126 363 432
154 147 149 151 161 162 397
282 276 278 281 286 287 289
286 278 281 289 293 385
467 139 461 465 466 469 471 475
93 94 99 101 140 183 236 387
94 95 96 97 98 99 101 102
398 315 390 396 399 401 403 404 406
95 96 97 98 101 102 400
96 97 98 99 101 102 104
315 197 308 312 314 320 322 443
97 98 99 101 102 104
313 264 308 310 314 320
98 99 101 102 105 340 347
431 334 423 425 427 429 430 436 438 439 456
99 101 102 104 105 107 410
362 357 359 363 366 369 370 374 451 461
101 102 104 105 106 109 320 422
140 132 135 136 139 147 200
183 175 177 178 179 180 185 187 190 401
236 229 230 231 233 234 235 239 243
387 170 330 378 379 380 382 385 388 389 397
102 104 105 107 109 463
400 396 397 399 401 403 404 406 408
104 105 106 107 109 112
105 109 112 200 204 302 330 456
340 332 333 334 337 338 341 342 344 348
347 341 342 344 349 353 355 432
107 109 112 114 115
410 403 404 406 407 408 411 415 416
106 109 112 114 401 423
334 255 297 327 330 332 337 338 342 456
109 112 114 115 267
320 254 314 319 322 324 327 450
422 300 346 373 416 423 425 426 429 430
463 456 458 464 466 469 471
114 112 115 120 121
112 115 120 200
200 193 195 197 201 203 206 207
204 196 198 201 203 206 207 209 212 216 383
302 190 272 295 297 298 299 300 303 308 390
330 322 324 327 333 337 370
456 450 451 452 454 458 461
401 396 397 399 403 404 406
423 416 419 425 426 429 430
115 120 298
168 161 162 163 165 166 167 169 171 173 175
267 259 260 263 264 265 269 270 272 273 297 397
185 177 178 179 180 187 190 193 299
187 155 179 180 190 193 195 218 219
216 209 213 215 219 223 224 243 344
223 215 218 219 224 229 230 439
397 377 389 390 396 399 403 404
120 121 123 125 126 127 128 247 399
278 270 272 273 281
121 123 125 126 127 128 419
298 272 295 297 299 300 303 304 310
123 125 126 131 382 461
125 126 127 128 131 132
276 269 270 272 273 281 390
287 281 289 293 295
304 297 299 300 303 308 310 311 312
126 131 132 155 376
363 135 355 357 358 359 366 369 370
432 399 425 426 427 429 430 436 438 439
440 436 438 439 443
127 128 131 132 135
128 131 135 136 377 385
247 149 239 242 243 245 253 254 255 408
399 242 396 403 406
419 131 411 415 416 425 426 427
269 263 264 265 270 272 273
131 135 136 139 333
382 234 374 378 379 381 383 385 388 390 464
461 212 293 366 454 458 465
132 135 136 377
167 161 162 163 165 169 170 171 173 175
265 257 259 260 263 264 270 272 273
155 147 149 151 153 156 161 162 163 201 357
376 369 377 378 379 380 381 383 443
135 139 143
136 139 143
377 311 369 370 375 378 379 381 383 385 404
385 281 379 381 390 411
369 366 370 373 374 375 427
312 255 308 310 311 314 319 471
139 147 169
333 235 327 332 337 338 341 389
143 147 149 151 436
281 273 488
348 342 344 346 349 353 355
426 427 429
430 311 324 425 427 429 436
476 469 475 479 483
147 149 153
169 161 162 163 165 166 171 173 175 466
149 151 156 378
407 403 406 408 411 415
458 153 338 403 450 451 454 464 465 466
151 153 156 260 408
436 429 438
198 190 193 195 196 197 201 203 416
233 201 229 230 231 234 235 239
406 314 404 408 411
153 156 161 234 452
196 190 193 195 197 201 203
390 383 388 389 396
156 161 162 163
378 370 373 374 375 379 380 381 383 438
260 253 254 255 257 259 263 264
408 403 404 411 415 416
195 190 193 197 201
299 212 213 273 293 297
300 293 295 297 303 308
161 162 163 166 179 203
234 229 230 231 235 239 242
452 447 451 454
162 163 165 166 170
163 165 166 170 171 212
201 193 197 203 206 207
357 349 353 355 358 359
165 166 170 173 245 389 404
166 173 257 447
179 171 173 175 177 178 180
203 197 206 207 209
170 171 173 175 178
171 173 175 177 178 193 243
212 206 207 209 213 215 218 219 248
324 319 327 464
173 175 177 178 180
245 239 242 243 253
389 190 314 322 381 383 388 396
404 396 403 411
257 224 253 254 255 256 259 263 264
447 443 450 451
175 178 180
466 373 464 465 469 471
178 177 180 464
177 180 270
193 190 197
243 248
180 209
427 219 425
248 242 253 254 256 303
270 215 263 264 272 273
464 465 469 471
209 215 471
190
475 471 479 483
218 213 215 219 224
219 213 215 224
197
373 332 366 374 375 380
224 229 230 231 311
355 349 353 358 359
439 438 443
416 411 415 483
359 230 353 366
206 207 213
207 213 215
215 235 308 396
383 375 379 380 381
213
471 465 469 479
235 229 230 239 242
308 303 314
396 388 403
344 337 338 346
230 231 341
229 231 264 454
231 239
311 303 310 314 319
349 341 342 346 353
438 310 443
264 256 259 263 272
454 450 451
341 337 338 342 346
239 242 479
263 255 256
319 314 322 327
338 332 337 342 346
242
479 483
425 429
491 488 489
253 254 256 259
254 255 256 259
374 366 375 379 380 381 429
255 256 259
256 259 289
303 295 297 310
259
289 293 295 443
429
272 273 358
273
346 342 353
297 295
358 353 366
370 366 375
488 483 489
293 295 381
295
443 450 451
381 322 375 379 380 388
327 310 322 332
310 314 388
314 322
388 380
322
450 451
332 337
337 342
342 380
380 375 379
469 465
353
366
451
375 379
465
379 483
483 489
411 403 415
403
415
489
