0 1 2 1997 1998 1999
1 2 1998 1999
2 3 4 5 1999
1997 1994 1995 1996 1998 1999
1998 506 1995 1999
1999 1996
3 4 5 6 1718
4 5 6 7 1080 1345
5 7 8
6 7 8 9 719 1502
1718 456 1716 1717 1719 1720
7 8 9 10 1615
1080 118 258 1077 1935
1345 923 1342 1343 1344 1346 1347
8 9 10 11 139
9 10 12 386 1246
719 716 717 718 720 721 722
1502 1499 1500 1503 1504 1505
10 11 568 1559
1615 1612 1613 1614 1616 1617
11 12 13 14
139 136 141 142 1553
12 153 952 1982
386 383 384 385 387 389
1246 186 1240 1243 1244 1245 1248 1249
568 565 567 569 570 571 853 868 1457
1559 433 1557 1558 1560 1561 1562
13 14 15 16
14 15 17 880
153 150 151 152 154 156 171 1097 1142
952 949 950 951 953 954 1156
1982 1979 1980 1981 1984 1985
15 16 17 624 1451 1780
16 17 18 19 1275
17 19 20 940 1135
880 877 879 881 882
624 621 622 623 625 626
1451 1448 1449 1450 1452 1748
1780 1777 1778 1779 1781 1783
18 19 21
19 20 21 22
1275 282 1272 1273 1274 1276
20 21 23 517 1073 1217
940 937 938 941 942 943
1135 1134 1136 1137 1138
21 22 23 24
22 23 25 1599
23 24 25 26 1015
517 514 515 518 519 520 1504 1812
1073 1070 1072 1074 1075 1076
1217 148 1215 1216 1219 1220 1941
24 26 1132 1730 1747
25 26 27 28 181 302 1937
1599 1427 1597 1598 1600 1601 1602 1675
26 28 29
1015 1012 1013 1017 1018
1132 1129 1130 1131 1133
1730 1728 1729 1731 1733
1747 1744 1745 1746 1748 1749 1750
27 28 29 30 278 967
28 29 30 31
181 179 180 182 183 184 197
302 299 301 303 304 305 1101 1582
1937 1012 1934 1936 1938 1940
29 30 32 238
30 31 32 33
278 163 275 276 279 280 281 1606 1688
967 674 964 965 966 968 969 970 1104
31 33 34 1597
32 33 34 35 670 1708
238 90 235 237 240 455
33 34 35 36
34 35 36
1597 178 1595 1596 1600
35 36 37
670 668 669 671 673 869
1708 453 616 1705 1706 1707 1709 1710
36 37 38 39 1035
37 38 39 40 254 620
38 39 40 1265 1501
39 40 41 42
1035 1032 1033 1034 1036 1037
40 41 42 43 58
254 251 252 253 255 256 257
620 249 565 617 618 619 621 622 623
1265 685 1085 1266 1267 1268 1464 1727
1501 1499 1500 1503
41 43 44 1533 1659
42 43 44 45
43 45 473
58 55 56 57 59
44 45 46 47
1533 1530 1531 1532 1534 1535 1536
1659 1657 1658 1660 1661 1662
45 46 48 335 1471
473 470 471 474 475 476 1405
46 48 49 187 862 1150
47 48 49 50 557
48 49 51 540 1773
335 332 333 334 336 337 338
1471 510 638 770 1468 1469 1470 1474
49 50 52
187 184 186 188 533 1126
862 161 861 863 864 865 1393
1150 576 1148 1149 1153
50 51 52 53
557 90 554 555 558 560
51 52 53 54 660
540 452 537 538 539 541 543
1773 882 1473 1770 1772 1775 1776
52 53 54 55 1761
53 54 55 1126
54 55 884 1212
660 657 658 659 662 663
55 57 1956
1761 778 1759 1760 1763 1764 1832 1974
1126 121 1123 1124 1125 1127 1128
884 881 883 885 887 1247
1212 1209 1210 1213 1214 1215
57 56 59 60 146 1542 1808
1956 1953 1954 1955 1957 1958 1959
56 59
59 60 61 62 1279
60 61 62 63
146 143 147 1734
1542 1540 1543 1544 1545
1808 1805 1806 1807 1809 1810 1811
61 62 64
62 63 64 1124
1279 1276 1278 1281 1282 1482
63 64 729 1024
64 65 66 67
1124 1121 1123 1125 1127 1204
729 168 726 727 728 730 731 732
1024 115 1022 1025 1026 1027
65 66 67 68 941
66 67 68 134 538 1657
67 69 751 1010
68 69 70 71 1922
941 939 942 944 1592
134 132 133 135 136 137
538 535 537 539 734
1657 606 879 1654 1655 1656 1658 1660
69 70 72 845
751 107 748 750 752 753 754
1010 349 361 1007 1011 1012 1538
70 71 942 1156 1336 1500
71 72 73 74 1823
1922 221 827 1165 1458 1707 1920 1921 1923 1924
72 74 75 311
845 842 843 844 846 847 848
942 476 939 943 944 945 1468
1156 1153 1154 1155 1158 1159
1336 1333 1335 1337
1500 1497 1499 1503 1546 1988
73 74 75 76
74 75 76 77 1160
1823 1821 1822 1824 1825 1826
75 77 78 453
311 308 309 310 312 314
76 77 78 846 908 1552
77 78 79 80
1160 460 1158 1159 1161 1162
78 80 118 196 1498
453 450 451 452 454 455
846 843 844 847 849
908 905 907 909 910 911
1552 1549 1551 1555 1878
79 441 848
80 82 83
118 119 120 121 1593
196 193 194 195 197 199 1055
1498 112 1495 1496 1499
441 163 438 439 440 443 467 1986
848 847 849 850 851 1936
82 81 83 85 758
83 81 86 486 1319
81 84 1720 1750
84 85 86 87 1768
1720 788 1717 1719 1721 1722 1723
1750 1748 1749 1751 1753
85 86 87 88 756
758 756 757 759 760 761
86 87 88 89
486 483 484 485 487 488 489
1319 1316 1317 1318 1320 1321 1322
87 89 90
1768 930 1767 1769 1770 1771
88 89 90 497
756 753 754 755 757 759
89 90 91 92 222
90 91 92 1252 1478
497 210 494 495 496 499 500 1574
91 92 94 488 1201
92 93 94 492
222 219 220 221 223 689
1252 1250 1253 1254 1416 1575
1478 625 1475 1476 1477 1479 1480 1481
94 96 97 421 607 1152
488 403 485 487 490 1086 1810
1201 275 964 1198 1199 1200 1202 1203 1204
93 95 96
492 490 491 493 494 495
95 96 97 98 979
96 97 98 99
97 99 100 327
421 418 419 420 424
607 357 606 610 945 1138
1152 918 939 1149 1151 1153 1154 1155
98 99 100 101
979 976 978 981 982
99 100 915 1089
100 101 102 103
327 324 325 329 330
101 102 103 104 759 842
915 912 913 914 916 917 918
1089 200 424 1086 1087 1088 1090 1091 1092
102 103 104 105 1417
103 104 105 106
104 105 106 107
759 757 761
842 839 840 841 844 1565
105 106 107 108
1417 185 1414 1416 1420 1713
106 107 109 315 1464
107 109 110 762 1011
108 109 110 111 1348 1541
109 110 111 1784
315 312 314 316 317 318
1464 452 1462 1466
110 111 113 545 1806
762 760 922 963 1104
1011 1008 1012 1013 1240 1421
111 112 113 114 477
1348 1346 1347 1349 1350
1541 399 518 1538 1539 1540 1543
1784 1756 1781 1783 1786
113 112 114 115 1093 1320
545 542 544 546 547 548 1322
1806 1803 1805 1807 1809
112 115 1062
114 115 116 117 159
477 478 479 480 776
115 116 117 1261 1462
1062 145 263 570 1059 1061 1063 1065 1671
1093 1090 1091 1092 1094 1095 1096
1320 1317 1318 1321 1349
116 117 119
117 120
159 156 157 160 161 1583 1653
1261 1258 1259 1260 1264
1462 628 1459 1460 1461 1463 1465 1581
119 120 121 122 1211 1454
120 122 123 268 933
121 122 123 124 156 905
1593 1123 1492 1590 1591 1594 1596
122 124 125 1713
1211 644 1208 1209 1210 1213
1454 1452 1453 1457 1537 1554
123 124 125 126 1882
268 265 267 269 720
933 931 932 935
124 126 127 351 844
156 154 155 157 561
905 707 902 903 904 907
125 126 127 128
1713 696 1711 1712 1714 1715 1716 1925
126 128 129 757
1882 1488 1507 1590 1881
127 128 130
351 348 350 352 353 354
844 841 843 847 1663
128 129 130 131
129 130 131 132 1121
757 754 755 760
130 132 885 1381 1517
131 132 133 726
132 133 1778 1810
1121 1118 1119 1120 1122
885 882 883 886 887 888
1381 141 1379 1380 1382 1383 1384
1517 390 1514 1515 1518 1519 1520
133 135 136 1403 1520 1609
726 723 724 727 728
1778 465 1776 1781 1868
1810 167 233 1164 1809 1812 1813
135 136 138 211 734 975
136 137 138 750 1164
1403 969 1400 1402 1404 1975
1520 1518 1521 1522 1523
1609 1004 1606 1608 1610 1611 1612
137 138 887 1029 1108 1461
138 140 1002 1487
211 208 209 210 213 214 1825
734 731 733 735 736 737
975 277 972 973 974 976 977 978
750 220 748 749 753 896 966
1164 1162 1166
887 320 886 888 889
1029 1026 1028 1030 1031 1032
1108 1106 1107 1109 1110
1461 1459 1460 1463
140 141 142 143 1673
1002 999 1000 1001 1003 1005
1487 1484 1485 1488 1489 1490 1700
141 142 143 144 463 576
142 143 144 145
1553 382 1392 1550 1551 1554 1556
143 144 145 1831
1673 1671 1672 1674 1675 1676
144 147 788
463 461 462 464 465 1974
576 288 573 574 577
145 147 148
1831 1518 1828 1829 1830 1833 1834
147 149 150
788 785 787 789 790 791
148 149 150 151 466
1734 1732 1733 1735 1736 1737
149 150 151 169 939 1966
150 151 152 694
151 152 170 1531
466 464 465 467 468 469
169 166 168 170 171 172
939 937
1966 1963 1965 1967 1968 1969
152 154 155 1845
694 680 691 692 693 697
170 167 168 172 173
1531 1528 1530 1532 1534 1990
154 155 157
155 157
1845 1842 1843 1844 1846 1847
171 168 172 173 174 1926
1097 1094 1096 1098 1099
1142 1139 1140 1141 1143 1145
157 1059
561 400 558 559 562 563 1803
1059 320 1056 1057 1058 1060 1061 1902
158 160 161 830
160 161 162 366 404
161 162 164
830 374 827 829 833
1583 1580 1582 1584 1585 1586
1653 1650 1651 1652 1654 1655
162 163 165
366 363 364 368 369 663
404 401 402 405 407 1884
164 163 165 166 167 1058 1792 1899
163 165 166 1157
165 167 168 299 1427
166 167 168
1157 1154 1155 1158 1159
167 168 632
1058 1055 1056 1060
1792 627 938 1238 1789 1793 1795 1816
1899 1485 1896 1897 1898 1900 1902
168 1361
299 297 300 931 1365
1427 1206 1424 1426 1428 1429
632 630 631 633 634 635
1361 383 1359 1360 1364
172 173 174 175
173 174 175 176
174 175 176 177 1700
1926 1923 1924 1925 1927 1928 1929
175 176 177 572
176 178 179
177 178 180 1120 1248 1598
1700 1697 1701 1702 1703
572 570 571 573 575 1392 1622 1701
178 179 180 1712
179 180 182
180 182 183
1120 800 1117 1118 1119 1123
1248 244 1245 1249 1250 1251
1598 1595 1596 1600 1601
1712 1709 1710 1714 1715 1970
182 183 184 185
183 184 185
184 185 1486
197 194 195 198 536
185 186 188
1486 752 1483 1484 1489
186 188 189 1191
188 189 191 1360
189 190 191
1191 811 1188 1189 1190 1192 1193 1194
533 530 531 532 534 535 536 1100
191 190 192 193
1360 1357 1358 1359 1363
190 192 193 431 881
192 193 194 195 514 1358
193 194 195
431 428 429 430 432 433 434
881 878 882
194 195 502 1282
195 198 1604
514 511 512 513 515 516
1358 536 1355 1356 1357 1359
502 499 500 501 503 504 505
1282 1281 1283 1284 1285
198 199 200 344 1814
1604 1601 1602 1603 1606 1607
199 201 202
1055 1053 1054 1056 1057
536 251 535 539
200 201 202 203 1860
344 341 342 343 345 347 449 1567
1814 510 1811 1812 1815 1816 1817
201 202 203 204
202 203 295 874 1740
203 204 205 206
1860 886 1343 1857 1858 1859 1861 1862 1863
204 205 206 207 471 1043 1258
295 297 298 1829
874 871 872 873 875 876 877
1740 297 1737 1739 1741 1743
205 206 207 208
206 207 208 209
207 208 209 210 837
471 468 469 470 1183
1043 1040 1041 1044 1045 1046 1664
1258 1255 1256 1257 1259 1260
208 209 210
209 210 212 530
210 212 213
837 834 836 839 840
212 213 214 451 860
530 527 528 531 532 1463
213 214 215 216
214 216 217
1825 1822 1824 1826 1827 1828
451 448 452 778
860 857 858 861 863 1729
215 216 218 522
216 217 218 219
217 218 219 220 1522
218 219 220 1953 1989
522 223 424 519 520 690
219 220 221
220 221 223 1694
1522 1014 1519 1521 1523 1524 1525
1953 1950 1951 1952 1954 1995
1989 1987 1990 1991 1992
221 223 224
223 224 225
1694 1692 1695 1696
224 225 226 227 423
689 686 687 688 690 691 692 1641
225 226 227 228
226 227 228 248 413 1884
227 228 229 230 643 893
423 420 422 425 426 1354
228 229 230 231
248 245 246 247 250 251
413 355 411 412 414 416 658
1884 580 1233 1578 1881 1885 1886
229 230 232
230 231 232
643 641 644 645 646 1444
893 890 892 894 896
231 232 233 234 817 1758
232 234
233 234 1674 1776
234 235 237 1727
817 814 815 816 818 1793
1758 1755 1756 1757 1760
1674 1671 1672 1675 1676 1677
1776 1774 1775 1777 1779
235 236 237 455
237 236 239 240
1727 904 1724 1725 1726 1728 1729
236 239 345 1067 1315
455 323 454 457 458
239 240 241 242
345 343 346 347 348 1658
1067 1065 1066 1068 1069 1875
1315 1312 1313 1314 1316 1317 1318
240 241 242 243
241 242 243 244
242 243 245 613
243 244 245 246 1147 1194
244 245 246 247 1631
245 246
613 610 612 614 946
246 247 249
1147 1144 1146 1148 1149 1813
1194 1192 1196 1197
247 249 250 1307
1631 1628 1629 1630 1632 1634
249 250 251 252
250 251 252 253 999
1307 1304 1305 1306 1308 1309 1310
251 252 253 1292
252 253
253 255 256
999 996 997 1000
1292 1289 1290 1291 1293
255 256 257 1018 1098 1910
256 257 258 259
257 258 259 260
1018 1014 1017 1020 1951
1098 976 1095 1096 1099 1101
1910 1907 1909 1911 1912 1913
258 259 260 983 1037 1283
259 260 261 356
260 261 263 439 1243 1359
983 980 981 982 984 985 986
1037 301 1034 1036 1038 1039 1040
1283 1262 1280 1281 1284 1285 1286
261 262 263 264 747 1921
356 353 354 355 358 359 422 1550
263 262 265 266
439 436 440 442
1243 872 1241 1242 1244 1245 1809
1359 1362 1990
262 264 265 1322
264 265 266 267
747 745 746 748 749
1921 1918 1920 1923
265 266 267
1322 1321 1323 1325
266 267 269 399
267 269 270 746
269 270 271 272
399 396 397 398 401 402 559
270 271 272 273 1331
746 743 744 745 749 1081 1927
720 717 718 721 722 723
271 272 273 274 1413
272 273 275
273 275 276
1331 384 706 1233 1328 1329 1332 1333 1334
274 276 684
1413 1410 1411 1412 1415 1416
275 276 277
276 277 279 1141
684 681 682 683 685 687
277 279 280
279 280 281 282
1141 1139 1140 1143 1144
280 281 282 283 773 1584 1979
281 282 283
1606 435 1605 1608
1688 418 792 1686 1690 1691 1939
282 283 284 285
283 284 742
773 770 772 774 775 776
1584 1585 1586 1587 1993
1979 1976 1977 1978 1981
284 285 286 287 1873
285 286 287 288 531 1909
742 739 741 744 745
286 287 288 718 1677
287 288 290
1873 1830 1871 1872 1874 1875
288 289 290
531 529 532 534 630
1909 444 1906 1907 1912
718 715 716 721
1677 1675 1676 1678 1680
290 289 291 292 293
289 291 292 699 1885
291 292 293 294 499
292 294 427 737
699 696 698 700 701 702 1272
1885 951 1752 1886
293 294 296 798 1660 1791
294 297 648
499 496 498 500 501
427 424 425 426 429 430
737 735 736 740 877
296 298 1719 1988
798 795 796 799 800 801 1400
1660 1658 1661 1662
1791 970 1305 1398 1788 1789 1790 1793
297 298 834 1668
648 645 646 647 649 650 651
298 300 301 1729
1829 1826 1827 1828 1830 1832
1719 392 1716 1717 1721 1722
1988 1985 1986 1987 1991
834 422 832 833 835
1668 1611 1666 1667 1670
300 301 303
301 303 304 363 1384
1729 1726 1728 1731 1732
931 929 930 932 1148
1365 588 1362 1363 1364 1366 1367 1368
303 304 305 306
304 305 306 1071
363 360 362 364 365
1384 368 1382 1385 1387
305 307 308 1081 1579
1101 422 1100
1582 1579 1580 1581 1585
306 309 954 1572
1071 1068 1069 1070
307 308 309 310 723
308 309 310
1081 1079 1082 1083 1084 1493
1579 1577
309 310 312
954 953 955 957 1264
1572 728 1421 1570 1571 1574
310 313 784
723 721 722 724 725 1887
312 313 314 403 1685
313 314 316
784 781 782 783 786 787 1857
314 316 317 1074
403 402 405 406 1656
1685 430 1476 1683 1684 1686
316 317 318 567
317 318 319 320 452
1074 1072 1075 1076 1077
318 319 321
567 564 565 566 570
319 320 321 322 1313
320 321 323
452 449 1535 1887
321 322 323 324
322 324 325
1313 986 1310 1311 1312 1314 1316
323 324 325 326 574
324 325
325 326 328
326 328 329 506 1168 1233 1303
574 571 573 575 577
328 329 330 331 371
329 330 332
506 503 507 509 564 1042 1367
1168 1165 1166 1167 1169 1170
1233 1230 1231 1234 1235 1236
1303 1300 1301 1304 1305 1306
330 331 333
331 332 333 334 1912
371 368 369 374 909 1236 1714 1853
332 333 334 467 1590
333 336 1658
334 336 581
1912 1277 1911 1913 1914
467 464 465 469
1590 727 1587 1588 1589 1591 1592
336 337 338 339
1658 1655 1661
581 578 579 580 582 583 584
337 338 339 340
338 340 341
339 340 341 342 1693
340 341 343 1620
341 342 343
342 343
1693 1684 1690 1691 1692 1695 1696 1888
343 928 1629
1620 1617 1618 1619 1621 1622 1623
928 925 926 927 929 930 1394
1629 717 1626 1627 1632
347 346 348 349 350 991
449 446 447 448 603
1567 428 1564 1569 1895
346 348 349
348 349 350
349 350 352
350 353 833
991 988 989 990 993 994 1692
352 353 354 355
353 354 355
833 495 832 835 836 1091 1236 1915
354 357 1484
355 358
357 358 359 360
1484 1482 1483 1485
358 359 360 361 496 1506
359 360 361 362 1031
422 419 420 425 766
1550 1547 1548 1549 1551 1696
360 361 362
361 362 364
496 493 494 498 697
1506 1503 1505 1507 1508 1509
362 364 365
1031 1030 1032 1033 1034
364 365 367
365 367 368
367 368 369 370
368 369 370
369 370 372
663 661 662 664 665 666
370 372 373 443
372 373 374 375 1269
373 374 375 376
443 440 442 444 445 446
374 375 376 377
909 906 907 910 911 1749
1236 621 1238
1714 630 705 740 1711 1715 1716
1853 1850 1851 1852 1854 1856
375 376 377 1379
1269 1266 1267 1268 1270 1271 1272
376 377 378 379
377 378 379 380
1379 510 1226 1376 1377 1378
378 379 380 381
379 380 381 696
380 381 382 1560
381 382 383 384 542
696 693 695 697
382 383 384 385
1560 1558 1561 1562 1563
383 385
384 385 387
542 539 541 543 544
385 388 1639 1964
387 388 389 390
388 389 391 1762
1639 1585 1636 1637 1638 1640 1642
1964 1961 1965 1967
389 390 391 1603
390 391 1104 1468
391 394 1697
1762 822 879 1759 1760 1763 1765
1603 594 1103 1600 1601 1602 1605
1104 1102 1103 1105 1106 1107
1468 1465 1466 1467 1469 1850
394 392 393 395 396 397 551
1697 1087 1344 1695 1699
392 393 395
393 396 1439
395 398 1373
396 397 398
1439 405 1436 1437 1438 1440 1442
397 398 400 807
551 548 549 550 552 554 1911
398 400 401
1373 1370 1371 1372 1375 1376
400 401 402 571 956 1036
807 804 805 808 809 1516 1983
401 402
402 405
559 556 558 560 627
571 569 570 573 1351
956 953 955 957 958 959
1036 425 1033 1034 1038 1039
405 407 1257
406 407 408 409
1656 1654 1655
407 408 409 410
1257 524 575 1254 1255 1259 1260
408 409 410 411
409 410 412
410 411 412
411 412 414
412 414 415
414 415 416 417 1408
415 416
416 417 418 419
658 655 656 657 659 661
417 418 419 420 1228 1744
1408 1405 1406 1410 1411
418 419 420
419 420
420 1214
1228 1225 1226 1229 1230 1231
1744 1741 1742 1743 1745 1746
1214 1215 1216 1288
424 426
425 426
766 764 765 767 768 1834
426 428 429
1354 1351 1352 1353 1355 1356 1357
428 1641
429 432 897 1060
430 433 622
1641 1640 1642 1643 1644
432 433 434 435
897 894 896 898 899 900
1060 552 1061 1063 1239
433 434 435 436
622 619 621 1051 1962
434 435 436 437 1716
435 436 437 438
436 437 438 1815
437 438 440
1716 1467 1717
438 440 1046
1815 1813 1816 1818
440 442 1382
1046 547 1045 1047 1048 1049
442 444 445
1382 1380 1383 1385
1986 1515 1983 1984 1985 1987
444 445 446 470
445 446 447 448
446 447 448 599
470 468 469 472 594
447 448 450 820
448 450
599 598 600 601 602
450
820 818 819 822 823
603 601 602 604 605 606 1200
778 776 777 779 780 781
1535 1532 1534 1536 1537
1887 1886 1888 1889 1890
454 456 457
456 457 458 1589
457 458 459 460
458 459 460 461
1589 1586 1587 1588 1591
459 460 461 462 553 888 1091
460 461 462
461 462 717 1509
462 464 465
553 550 552 554 555 556
888 886 889 891
1091 1088 1090 1092 1123 1197
717 715 716
1509 810 1507 1510 1511 1512 1759
464 465
465 468
1974 1165 1971 1972 1973 1975 1976
468 469
469 472 1289
472 474 657 1172
1289 1286 1287 1290 1291
594 591 592 595 802
1183 672 1180 1182 1184 1185 1186
474 597 700 1876
657 654 655 656 659
1172 1169 1171 1173 1175 1621 1785
475 476 1962
476 478 479
1405 1404 1407
597 595 596 598 1868
700 697 698 701 702 703
1876 489 1528 1875 1878
1962 1959 1960 1961 1963
478 479 480 481
479 480 481 482
480 481 482 483
776 774 775 777 779
481 482 483 484
482 483 484 485
483 595
484 485 487 852
485 487
595 592 593 596 598
487 489 490 1328
852 849 850 853 854 855 1001
489 490 491 1446
490 491 493
1328 779 1325 1327 1329
1086 577 1084 1087 1088
491 493 494
1446 1385 1443 1444 1445 1447 1448 1449
493 494 495
494 495
495 498
498 500 501
697 695 698
500 501 503
1574 998 1571 1576 1577 1779
501 503 504 1404
503 504 505 725
504 505 507 918
1404 1402 1406 1407
505 507 508
725 722 724 728
507 508 1832
918 917 920
508 509 510
509 510 512 1621 1704
564 562 563 565 566
1042 1039 1041 1044 1045
1367 1364 1366 1368 1369 1370
1832 994 1834 1835
510 511 512 513
512 511 513 1804
1621 1618 1619 1623 1624
1704 1481 1701 1702 1705 1706 1707
511 513 1180
513 516 1017 1963
1180 1178 1179 1181 1182 1581
1804 1801 1802 1803 1805 1807
516 515 518 519
1017 1014 1016 1019 1020 1225
1963 1335 1960 1961 1965
515 518
518 519 520 521
519 520 521
520 521 523
1504 1503 1505
1812 1809 1811 1813
521 523 524 609
523 525 1271
524 525 526 618 822 1424
609 606 608 610 612 1372
690 687 688 691 692 693
525 526 527 528
1271 1268 1270 1272 1273
526 527 528 529 612 1455
618 615 616 617 619 621 1737
822 819 823 824
1424 1421 1422 1423 1425 1426
527 528 529
528 529 653
529 532
612 610 611 614 615
1455 1452 1456 1458
653 650 651 652 654 656
532 535 1955
1463 856 1465 1466
534 535 537
630 627 629 631
535 537
1955 596 1952 1954 1957 1958
1100 1099 1102 1103
537 539
539 541
541 544
543 544 546 680 1047
544 547 556
546 547 548 549
680 677 678 679 681 682 683
1047 1044 1045 1048 1049 1050
547 549 550
556 554 555 558 661 1023
548 549 550 855 907
549 550 552 1136
550 552
855 856 987 1284
907 910
552 554 555
1136 1133 1134 1137 1139
554 555
1911 1908 1913 1914
555 558
558 560
661 659 662 664
1023 910 1020 1021 1025 1026 1930
560 562
627 626 628 629
562 563 565
563 565 566 589
1803 857 1801 1802 1805
565 566 1842
566 569 906
589 586 587 588 590 591 592
1842 1648 1840 1841 1844
569 570
906 904 1667 1743 1871 1993
570 573
853 850 851 854 1624
868 866 867 869 870 871 1072
1457 1456 1458 1459 1460
573 575
1351 1349 1350 1352
575 577 578
1392 1389 1390 1394 1395
1622 714 1619 1624 1625
1701 1698 1699 1702 1703
577 578 579 580
578 579 580 1691
579 580 582
580 582 583
1691 1274 1689
582 583 584 585
583 584 585 586 1337 1635
584 585 586 587
585 586 587 676
586 587 588 806
1337 1334 1335 1338 1340
1635 1632 1633 1634 1637 1638
587 588 590
676 675 677 678 679 1027 1163
588 590 1536
806 805 808 809 1240 1948
590 591 592 593
1536 1534 1537 1538 1539
591 593 1724
592 593 1473
593 596
1724 1721 1722 1723 1725 1726
1473 972 1470 1474 1475 1476
596 598
802 801 803 804 805 1087
598 600 601
1868 1865 1866 1867 1869 1870
600 601 602
601 602 971
602 604 605
971 968 969 972 974
604 605 606 790 1063 1272 1477
605 606 608
606
1200 634 1198 1202 1203 1440
790 787 789 792 793
1063 1064 1065
1272 1273 1274
1477 1070 1476 1479 1480
608 610 611 1084 1346
610 611 1616
945 944 946 947
1138 1137 1139 1140
611 614 1470
1084 1051 1083 1085 1087
1346 1343 1344 1347
1372 1369 1370 1371 1374 1409
1616 1613 1614 1617 1618
614 615 616 617
1470 1467 1469 1472
615 616 617 1153 1435
946 943 947 949 1400
616 617
617 619
1153 1151 1155 1330
1435 1433 1434 1438
619 621 1800
621 623
1737 1432 1735 1736 1739
1800 1549 1797 1798 1799 1801 1802
623 625 626
1051 1049 1050 1052 1053 1054 1202 1733
625 626 628 821 1145
626 628 629 1290
628 629 631 652
821 819 823 824
1145 779 876 1143 1144 1146 1148
629 631 854
1290 1110 1287 1293
631 633 634
652 649 651 654 655 836
854 851 857
633 635 636 1819
634 636
635 636 637 638 932
636 637 638 639
1819 1816 1817 1818 1820 1821 1822
637 638 640 1429 1692
638 640 641
932 929 930 934 935
639 640 641 642
640 641 642
1429 1426 1428 1430 1432 1576
1692 1689 1690
641 642 644
642 644
644 645 646 647 1827
645 646 647 1111 1268
646 647 649 799
1444 1333 1441 1442 1443 1445 1447
647 649 650
1827 1378 1826 1828 1830
1111 1109 1110 1112 1113 1114
1268 1266 1267 1617
649 650 651 687
799 796 797 800
650 651 879
651 654
687 685 688
879 877 878 882
654 655 656
655 656
836 835 838 1433
656 1846
1846 1311 1843 1847 1848 1849
659 662 1513
662 664 665
1513 1510 1512 1514 1516
664 665 666 667
665 666 667 668 1497 1508
666 667 669
667 669
668 669 671 947 1613
1497 1494 1495 1496 1499
1508 1505 1507 1510
669 671
671 673 1436
947 944 948 949 950
1613 1610 1611 1612 1614
673 674 675
869 866 867 870 871
1436 1434 1437 1581 1746
672 674 675 1764
674 675 677 891
675 678
1764 1170 1458 1578 1763 1765 1766 1767
677 678 679 1817 1943
891 889 890 894
678 679 681 1229 1646
679 681 1347
1027 771 1025 1026 1028 1030
1163 1161 1162 1165
1817 1816 1818 1820
1943 1940 1942 1944 1945
681 682 683 970
1229 1226 1230 1231 1232
1646 1643 1644 1645 1648 1649
1347 1218 1344
682 685 1544
683 685 686
970 968 969
685 686 688
1544 1543 1545 1546 1547
686 688 1499
688 691
1499 892 1687
691 692 693
692 1298
693 695 1070 1630
1298 1295 1296 1297 1299 1300 1301
695 698
1070 1068 1069 1072
1630 1627 1628 1632 1633
698 701
701 702 703 704 705 755
702 704 705 1118
703 704 705 706
704 705 707
705 707 708
755 752 753 754
1118 1115 1116 1119 1188
706 707 708 709
707 708 709 710
708 709 1510
709 710 711 712
710 711 712 713 1790
1510 1507 1511 1512
711 712 713 714
712 713 714 715
713 714 715 716
1790 1787 1788 1789 1793
714 715 716
715 716
716
721 724
722 924 1587 1936
724 727
924 922 923 925 926 927
1587 1585 1586 1588
1936 1207 1933 1938 1939
727 728
728 730 731
730 731 732 733
731 732 733
732 735 1494
733 735 1428
735 736 738
1494 1491 1492 1493 1495 1496
1428 754 832 1425 1426 1430 1573
736 738 739 1875
738 739 740 741 1390
739 741
1875 752 989 1874
740 741 743 1481 1820
877 871 875 876
741 743 744
1390 1388 1389 1391 1393
743 744 745
1481 1479 1480 1482 1483
1820 811 1818 1822
744 745
745 748
748 749 1680
749 752
1927 1151 1338 1925 1928 1929 1930
1680 1016 1678 1681 1682 1683
752 753 754
753 754 1170
896 894 895 898 899
966 963 965 968 969
754 861 1321 1466
1170 1167 1171 1387
861 858 859 863
1321 1323 1324
1466 1465
760 761 763 791
761 763 764
763 764 765
791 789 792 793 794
764 765 865 1696
922 920 921 923 1528
963 960 961 962 964 965
765 767 768
865 863 864 866 867 1770
1696 1695 1699
767 768 769 770
768 769 770 771
1834 1325 1833 1835 1836 1837
769 770 771 772
770 771
771 772 774 810 1515 1554
772 774
774 775 777
810 809 813 1094 1113 1443
1515 1512 1514 1516 1518
1554 1551 1556 1557
775 777 964 1204
777 779 780 1568
964 961 965 1350
1204 1202 1205 1206
779 780 782
780 781 782 783
1568 1565 1566 1569 1570 1931
781 782 783
782 785 1260
783 786
785 786 787 1958
1260 1129 1259 1262 1263
786 787 789
787 789 1488
1857 1855 1856 1858 1859
1958 1957 1959 1960 1961
789 792
1488 1485 1489 1490 1679
792 793 794 795 883 960
793 794 795 796
794 795 796 797
795 796 797
883 882 886
960 957 958 959 961 962
796 797 1103
797 800 1636
1103 1102 1105 1106
800 803
1636 1633 1634 1637 1638
801 803 804
1400 1397 1398 1399 1402
803 804 805
804 805
805
1087 1085 1090 1099
808 809 811
809 811 812
1240 1237 1238 1242
1948 1459 1742 1945 1946 1949 1950 1951
1516 1796
1983 1872 1980 1981 1984 1985
811 812 813 814
812 813 814 815
813 814 815 816
1094 1092 1095 1096
1113 1110 1112 1114 1115 1116
1443 1440 1442 1445 1888
814 816 1072
815 816 818
816 818 819 916
1072 1075
818 819
819
916 913 917 1739
1793 1794 1795 1796
823 824 825 826
824 825 826 827
825 826 827 828
826 827 828 829 1633
827 1575
828 829 831
829 831 832 968
1633 1632 1634 1879
1575 1573 1576 1577 1578
831 832 1116
832 835
968 965 969
1116 1114 1115 1117 1119
835 838 1779
1915 1913 1914 1916 1917 1918
838 839 840 841 1193
1779 1777 1781 1782
1433 1430 1431 1434 1566
839 840 841
840 841 843
841 843
1193 1190 1192 1196
843
1565 1562 1563 1564 1566
847 849 1056
1663 1661 1662 1664 1665 1666
849 850 1569
1056 1054 1057
850 851 1309
851 1821
1569 1566 1571 1811
1309 1308 1310 1312
1821 1818 1824
1001 998 1000 1003 1004
1624 1623 1625 1626 1627
857 856 858 859
856 858 859
987 984 985 986 988 989
1284 1285 1286 1287
858 859
859
863 864 866
864 866 867
1393 934 1391 1395 1396
866 867
867 870
1770 1769 1771 1772
870 871 872 873
871 872 873 1083
872 873 875
873 875 876 1249
1083 1082 1085 1186
875 876 878
876 878
1249 1247 1250 1251
878 1851
1851 1848 1849 1850 1852 1854
882
886 889
1247 1244 1250
889 890 892
890 892 1115
892 895
1115 1112 1117 1690
894 895
895 898
898 899 900 901 1061
899 901 902
900 901 902 903 1992
901 902 903 904
1061 1064 1273
902 903 904
903 904
1992 1383 1991 1993 1995
904
1667 1664 1665 1666 1669 1670
1743 1173 1741 1742 1746
1871 953 1199 1316 1870 1872
1993 1835 1990 1991 1994 1995
910 911 912 913
911 912 914 1891
1749 1746 1751 1752
912 913 914 1004
913 914
914 917 1895
1891 1888 1889 1890 1892 1893 1894
1004 1003 1005 1006 1078
917 920
1895 1105 1892 1893 1894 1896 1897 1898
1739 1576 1736 1738 1741
920 919 921 923
919 921 1505
921 923 1879 1968
1505 1503 1507
923 925 926
1879 1877 1878 1880 1881
1968 1965 1967 1969 1970 1971
1528 1525 1526 1527 1529 1530
925 926 1013 1889
926 927
927 929 930
1013 1014 1016
1889 1886 1888 1890 1892
929 930 1715
930
1394 955 1391 1395 1396 1397
1715 1686 1717 1848
1148 1146 1151
934 935 936 1732
935 936 937
936 937 938
1732 1370 1731 1733 1735
937 938
938 1453 1862
1453 1450 1452 1456
1862 943 1859 1861 1863 1864
943 944
944
1592 1525 1591 1594 1595
949 948 950 951
948 950 951 1133
950 953 1546
951 953
1133 1130 1131 1134 1213
953 955
1546 1543 1545 1547 1548 1549
955 958 1669
957 958
1264 1262 1263 1266 1267
958 959 961
1669 1666 1670 1671 1672
959 961 962 1281 1448
961 962
962 965
1281 1280
1448 1445 1447 1449 1450
965
1350 1352 1353 1935
969 972
972 973 974 1493 1765
974 973 976 977 1537
973 976
1493 1490 1491 1492 1496
1765 1763 1766 1767
976 977 978
977 978 980 990 1362
1537 1534 1538 1539 1540
978 981 1363
980 981 982
990 988 989 992 993
1362 1364 1442 1775
981 982 984
1363 1364 1366
982 984 985
984 985
985 986 988 1634
986 988 989
988 989 1746
1634 1632
989
1746 1745
992 993 994 995
993 995 996 1684
994 995 996 997
995 996 997 998
996 997 998
1684 1681 1683 1686 1687
997 998 1000 1173
998 1000
1000 1003
1173 1171 1175 1176
1003 1006
1005 1006 1007 1008
1006 1007 1008 1412
1078 1075 1076 1079
1007 1008 1009
1008 1009
1412 1409 1410 1411 1414 1415
1009 1012
1012 1014 1638
1538 1539 1540
1421 1418 1419 1420 1422 1423
1014 1016
1638 1640 1907
1016 1019
1019 1020 1021 1022
1020 1021 1022
1225 1222 1223 1224 1226
1951 1511 1949 1950 1952 1954
1021 1022
1022 1025
1025 1026 1028
1026 1028
1930 1237 1928 1929 1932 1933
1028 1030
1030 1032 1033
1032 1033 1034
1033 1034
1034
1038 1040 1041
1039 1040 1041 1069 1102
1040 1041 1839
1041 1044
1069 1066 1068
1102 1707
1839 1837 1838 1840 1841
1044 1045 1811
1045 1048
1664 1661 1662 1665 1666
1811 1809
1048 1049 1050
1049 1050 1052
1050 1052 1972
1052 1053 1054
1972 1969 1970 1971 1973 1975
1053 1054
1054 1057
1202 1203 1205
1733 1731 1736
1057
1902 1900 1901 1903 1904 1905
1239 1237 1238 1241 1242 1627
1064 1065 1066 1442
1273 1270 1274 1276
1065 1066 1068 1096
1671 1672
1066 1068
1442 1440 1441 1445
1068
1096 1099
1075 1076 1077
1076 1077 1079 1924
1077 1079
1079 1082
1924 1923 1925
1082 1085 1187
1935 1932 1933 1938
1085 1088
1187 1184 1185 1186 1188 1189 1190
1186 1184 1185 1188 1189
1088 1090 1929
1090 1092
1099
1929 1558 1931 1932
1092 1095
1123 1125
1197 1195 1196 1198 1199
1095 1287 1475
1287 1285 1288
1475 1472 1474 1476
1707 1705 1706 1709
1105 1106 1107
1106 1107 1109
1107 1110 1802 1836
1109 1112 1976
1110 1112 1605
1802 1210 1801 1805
1836 1833 1835 1838
1112 1114
1976 1295 1973 1975 1977 1978
1605 1607 1608 1769
1114 1117
1117 1119 1728 1795
1690 1687 1689
1119
1728 1165 1731
1795 1794 1797 1798
1188 1185 1189
1122 1125 1251
1125 1127 1128
1251 1250 1253 1254 1813
1127 1128 1130
1128 1129 1130 1131
1130 1131 1766
1129 1131
1131 1134
1766 1763 1767 1769
1134 1137
1213 1210 1391
1137 1139 1140
1139 1140
1140 1143 1950
1143 1144 1146
1950 1833 1947
1144 1146
1146 1149 1843
1149 1151 1870
1843 1840 1844
1813 1816
1151
1870 1867 1869 1872
1154 1155
1155 1158 1304
1330 1327 1332 1886
1158 1159 1161
1304 1301 1302 1305 1306
1159 1161 1162
1161 1162 1483
1162 1165
1483 1480 1482 1485
1165 1167
1166 1167 1169
1167 1169
1169 1171
1171 1174 1595
1387 1385 1386 1388 1602
1174 1175 1176 1177 1245
1595 1594 1596
1175 1176 1177 1178
1785 1782 1783 1786 1787 1788
1176 1177 1178
1177 1178 1179 1710
1245 1242 1244
1178 1179 1181
1179 1698
1710 1612 1711
1181 1182 1184 1525
1698 1695 1699
1182 1184 1185 1649
1581 1578 1580
1184 1185
1525 1523 1524 1526
1185 1627
1649 1648 1650 1651 1652
1627 1625 1723
1189 1190 1192
1190 1192
1192
1196 1195 1198 1199 1665
1195 1198
1198 1199
1199
1665 1618 1662 1666
1203 1205 1206
1440 1437 1441
1205 1206 1208
1206 1207 1208
1208 1207 1209 1210 1467
1207 1209 1210
1209 1210
1210
1467 1465 1469
1215 1216 1218
1391 1388 1389 1965
1216 1219
1288 1285 1286 1291
1218 1219 1220 1221 1401 1838
1219 1221 1222
1220 1221 1222 1223 1356
1941 1539 1788 1939 1942 1944
1221 1222 1223
1401 1398 1399 1402
1838 1835 1837 1840 1841 1928
1222 1223 1224
1223 1224 1226
1356 1355 1357 1580
1224 1226 1227 1995
1226 1227
1227 1230
1995 1994 1996
1230 1231 1232
1231 1232 1234
1232 1234 1235
1234 1235 1237
1235 1238 1867
1237 1238 1588
1238 1241 1679
1867 1864 1865 1866 1869
1588 1586 1591
1241 1244
1679 1676 1678 1681 1682 1844
1242 1244
1244
1809 1807
1250 1253
1253 1254 1255 1256 1774
1254 1255 1256
1416 1256 1414 1418 1419
1255
1256 1259
1774 1771 1772 1775 1777
1259
1262
1263 1266 1521
1266 1267
1521 1518 1519 1523 1524
1267 1270
1270
1617 1614 1619
1274 1276 1277
1276 1277 1278
1277 1278 1280
1278 1280
1280
1482 1479 1480 1485
1285 1286
1286
1291 1293 1294
1293 1294 1295 1296
1294 1296 1297 1407
1295 1296 1297
1296 1297 1299
1297 1300 1397
1407 1406 1409 1419
1299 1300 1301 1507
1300 1301 1302
1397 1395 1396 1398 1399
1301 1302
1507
1302 1305 1628
1305 1308
1628 1625 1626
1306 1308
1308 1310 1311
1310 1311 1312 1339
1311 1312 1314
1312 1314
1339 1338 1340 1341 1342
1314 1316 1317
1316 1317
1317 1318
1318
1349 1352
1323 1325 1326
1324 1325 1326 1327 1914
1325
1326 1327 1329
1327 1329
1914 1913 1916 1917
1329 1332
1332 1334 1335
1886 1883
1333 1334 1335
1334
1335 1338
1338 1340 1341
1340 1341 1342 1343
1341 1342 1343 1344
1342 1343 1344
1343 1344 1434
1344
1434 1431 1432 1459
1352 1353 1355
1353 1355
1355 1357 1883
1357
1883 1880 1881
1580 1577
1990 1987 1991
1364 1366
1775 1772 1777
1366 1368 1369
1368 1370 1371 1975
1369 1371
1370 1371
1371 1374
1975 1973 1977 1978
1374 1375 1376 1377 1865
1409 1406 1410 1411
1375 1376
1376 1377 1378
1377 1378 1380 1835
1865 1864 1866
1378 1380
1380 1383
1835 1833 1837
1383 1386
1385 1386 1388
1386 1388 1389
1388 1389
1389
1602 1600 1601
1965 1967
1395 1396 1398
1396 1398 1399
1398
1399 1402
1402
1406
1419 1418 1420 1422
1410 1411
1411 1414
1414 1415
1415 1418
1418 1420
1420 1422 1423
1422 1423 1425
1423 1425 1426
1425 1426
1426
1430 1431 1432
1573 1570 1571
1432 1431 1485
1576 1577
1431
1485
1566 1563 1564
1459 1458
1438 1437 1441
1437
1441
1445 1447
1888 1557 1890
1447 1449 1450
1449 1450 1452
1450 1452
1452
1748 1751
1456 1458
1458 1460
1460
1465
1469 1472
1850 1849 1852 1967
1472 1474
1474 1476
1476 1479
1479 1480
1480
1489 1490 1491 1492
1490 1491 1492
1491 1492
1492 1495
1495 1496
1496
1687 1686 1689
1503
1511 1512 1514
1512 1514
1759 1756 1757 1760 1863
1514
1518 1519
1796 1794 1797 1798 1799
1519
1523 1524 1526
1524 1526 1527
1526 1527 1529
1527 1529 1530
1529 1530 1532
1530 1532
1532 1534
1534
1539 1540
1540 1543
1543 1545
1545 1547 1548
1547 1548 1549
1548 1551
1549 1551
1551
1555 1557 1558
1878 1877 1880 1881
1556 1557 1558
1557 1570
1558 1561
1570 1571
1561 1562 1563 1564
1562 1563 1564
1563 1564
1564
1931 1928 1932 1933 1934
1571
1577 1578
1578
1585 1586
1586
1591 1594
1594 1596
1596
1600 1601
1601
1675 1672 1676 1678
1607 1608 1610
1608 1610 1611
1769 1767 1771 1772
1610 1611 1612
1611 1612 1614
1612 1614
1614
1618 1619
1619
1623 1625 1626
1625 1626
1626
1723 1722 1725 1726
1632
1637 1640
1640 1642 1643
1907 1904 1905 1908
1642 1643 1644 1645
1643 1644 1645
1644 1645 1647
1645 1647 1648
1647 1648 1650
1648 1650 1651
1650 1651 1652
1651 1652 1654
1652 1654 1655
1654 1655
1655
1661 1662
1662
1666
1670 1672
1672
1676 1678
1678 1681 1722
1681 1682 1683
1722 1725
1682 1683
1844 1841 1847
1683 1686
1686 1689
1689
1939 1736 1938 1940 1942
1695
1699 1702
1702 1703 1705
1703 1705 1706
1705 1706
1706 1709
1709 1711
1711
1970 1967 1969 1973
1925 1928
1717
1848 1847 1849
1721
1725 1726
1726
1731
1735 1994
1736 1738
1994 1991
1738 1741 1788
1741 1742
1788 1786 1787 1789
1742 1745
1745
1751 1752 1753 1754
1752 1753 1754 1755
1753 1754 1755 1756
1754 1755 1756 1757
1755 1756 1757
1756 1757
1757 1760
1760 1763
1863 1861 1864 1866
1763
1767
1771 1772
1772
1777
1781 1782 1783
1782 1783
1783 1786
1786 1787 1789
1787 1789
1789
1816
1794 1797
1797 1798 1799
1798 1799 1801
1799 1801 1980
1801
1980 1977 1978 1981
1805 1807
1807
1818
1822 1824
1824 1826
1826 1828
1828
1830 1833
1833
1837 1840
1840 1841
1841
1928
1847 1849
1849 1852
1852 1854 1855
1967 1969
1854 1855 1856
1855 1856 1858
1856 1858 1859
1858 1859 1861
1859 1861
1861 1864
1864 1866
1866 1869
1869 1872
1872 1874
1874 1877 1942
1877 1880
1942 1892 1940 1944 1945
1880
1881 1908 1977
1908 1905 1906
1977 1978
1890 1892 1893
1892 1894
1893 1894 1896
1894 1896 1897
1896 1897 1898
1897 1898 1900
1898 1900 1901
1900 1901 1903
1901 1903 1904
1903 1904 1905 1906
1904 1905 1906
1905 1906
1906
1913 1916
1916 1917 1918 1919
1917 1918 1919 1920
1918 1919 1920
1919 1920
1920 1923
1923
1932 1933 1934
1933 1934
1934
1938 1940
1940
1944 1945 1946 1947
1945 1946 1947
1946 1947 1949
1947 1949
1949 1952
1952 1954
1954 1957
1957 1959 1960
1959 1960 1961
1960 1961
1961
1969 1971
1971 1973
1973
1978 1981
1981 1984
1984 1985 1987
1985 1987
1987
1991
1996
