0 1 2 5 6 7 8 494 994 1046 1492 1494 1495 1496 1497 1498 1499
1 3 4 5 6 7 8 623 1216 1471 1493 1495 1496 1498 1499
2 3 4 5 6 8 9 10 1494 1495 1496 1497 1498 1499
5 4 6 8 9 10 11 12 13 642 852 1212 1304 1498 1499
6 4 8 9 10 12 13 14 126 259 303 364 1498 1499
7 3 8 9 10 11 13 14 188 240 727 835 1444 1499
8 3 4 9 10 12 13 14 15 16
494 486 487 488 489 490 491 492 493 495 496 497 499 500 501 502 568
994 258 337 986 987 988 989 990 991 992 993 995 998 999 1000 1001 1002 1275
1046 851 902 1038 1039 1040 1041 1042 1043 1044 1045 1048 1051 1052 1053 1054 1361
1492 592 940 1400 1485 1486 1487 1488 1490 1491 1496 1497 1498 1499
1494 378 1355 1486 1487 1488 1489 1490 1491 1493 1495 1496 1497 1498 1499
1495 3 883 990 1078 1128 1172 1292 1487 1488 1490 1491 1496 1498 1499
1496 3 4 377 936 1085 1488 1489 1490 1491 1493 1497 1498 1499
1497 3 4 419 1489 1490 1491 1493 1498 1499
1498 3 4 247 1490 1491 1493
1499 3 181 960 1491 1493
3 4 10 11 734 836 1121
4 9 10 11 12 20 662 752
623 615 616 617 618 619 620 624 625 626 627 628 629 630 631 897 1002 1141
1216 947 957 1020 1192 1209 1210 1211 1212 1213 1215 1217 1218 1219 1220 1221 1222 1223 1224
1471 1302 1309 1463 1464 1465 1466 1468 1470 1472 1473 1474 1475 1476 1477 1478 1479
1493 256 951 1485 1486 1488 1489 1490 1491
9 10 12 13 14 15 16 273 801 898
10 11 12 13 14 15 16 17 18 488 820
11 12 13 15 16 18 139 157 231 630 1081 1160
734 353 686 726 728 729 730 731 733 736 737 738 739 740 742 1441
836 103 697 828 829 830 832 833 834 835 837 838 839 840 841 842 843 1181 1353 1443
1121 32 1113 1114 1115 1116 1117 1118 1119 1120 1122 1123 1124 1125 1127 1128
12 13 14 15 16 17 19 20 231 567 1399
20 14 15 16 17 18 19 21 23 24 26 27 28 918 938
662 466 505 654 655 656 657 658 659 660 661 663 664 665 666 669 670 1271
752 219 457 744 745 746 747 748 749 750 751 753 754 756 757 758 759 968 1322
13 15 18 19 21 450 482 594 831 1258 1370
642 506 564 634 635 636 637 638 641 643 644 645 647 648 649 650
852 844 845 846 847 848 849 850 851 853 854 855 856 858 859 860 969 1275
1212 89 262 484 772 1204 1205 1207 1208 1209 1211 1213 1215 1217 1218 1219 1220 1334
1304 195 731 1178 1296 1297 1298 1301 1302 1303 1307 1308 1310 1311 1312 1319
14 15 16 19 21 695 908 1353
126 107 118 119 120 123 124 127 128 129 130 131 132 133 134 684 1265
259 251 252 253 254 255 257 258 260 261 262 263 264 265 267 695 1380
303 243 295 296 297 298 301 302 304 305 306 307 309 311 370 681
364 357 358 359 360 361 362 363 365 366 368 369 370 371 372
188 180 182 183 184 185 186 187 189 190 191 192 194 195 982
240 233 235 236 237 238 243 244 245 246 248 1289 1431
727 31 434 720 721 722 723 724 726 728 729 730 731 732 735 1369
835 386 430 544 829 831 832 833 834 842 882 952 1413
1444 129 1436 1437 1439 1440 1441 1442 1443 1445 1446 1447 1448 1449 1450 1452
15 16 17 18 21 22 110 183 292 1414
16 17 18 21 22 24 456 1315 1367
273 265 267 268 269 272 274 276 278 279 280 281 963
801 793 794 795 796 797 798 800 802 803 805 806 807 808 1100 1153
898 520 890 891 892 893 894 895 896 897 899 900 901 902 903 904 905 906 908
17 18 19 21 22 23 24 272 587
18 19 21 22 23 24 25 26 420 1021 1206
488 84 208 480 481 482 483 484 485 486 487 489 490 491 492 493 495 540
820 213 812 813 815 817 818 819 821 823 825 826 827 828
139 132 133 134 135 136 137 138 140 141 142 143 144 145 147 541 670 1416
157 149 150 151 156 159 163 165 302 667 687 718 936 1111 1123 1187 1458
231 223 224 226 229 230 233 234 238 239 646 711 767 1033 1388
630 151 441 455 539 622 624 626 631 635 636 637 638 1485
1081 1000 1073 1074 1075 1076 1077 1079 1080 1082 1083 1084 1086 1087 1088 1089
1160 423 476 1152 1153 1154 1155 1156 1157 1158 1159 1161 1162 1164 1166 1167 1168
19 21 22 23 24 25 26 1139 1206 1345 1411
567 559 560 562 563 564 565 566 568 569 570 571 572 574 575 1107 1391
1399 243 625 1391 1393 1394 1395 1396 1397 1398 1400 1401 1402 1403 1404 1405 1406
21 22 23 24 25 26 27 29 105
450 443 444 446 447 448 449 451 453 454 455 457 458 540 649 671 1084 1393
482 474 475 476 478 480 481 483 485 486 487 489 490 721 1305 1365
594 586 587 588 589 590 592 593 596 597 598 599 600 602 802 978
831 49 161 823 825 826 827 828 830 832 833 834 837 838 839 938 1305
1258 338 1250 1251 1255 1256 1257 1259 1261 1262 1264 1265 1266 1445
1370 160 887 991 1362 1363 1364 1365 1366 1367 1369 1371 1372 1373 1374 1377 1378
695 196 456 513 687 688 690 691 693 696 697 698 699 700 701 702 703
908 665 900 901 902 903 905 906 907 909 910 911 912 913 914 915 916
1353 687 1065 1196 1345 1346 1347 1348 1350 1351 1352 1354 1355 1357 1359
22 25 26 27 28 29 30 358
110 102 103 104 105 107 109 111 113 114 115 116 117 118 399 903
183 175 176 177 178 180 182 184 185 186 189 190 1146
292 229 284 285 289 290 293 295 297 298 299 1194 1369
1414 952 1104 1406 1407 1408 1409 1411 1412 1413 1415 1416 1419 1420 1421
24 23 27 28 29 32 464 757 955 978
456 30 107 448 451 452 453 454 455 459 460 461 462 463 464 705
1315 275 873 1054 1135 1308 1309 1310 1311 1313 1314 1316 1318 1319 1320 1322
1367 438 890 1361 1362 1363 1364 1365 1366 1368 1369 1372 1373 1374
23 25 26 27 28 29 30 31 936 1237
272 214 264 265 266 267 268 269 271 274 275 276 277 278 279 280 1300
587 295 497 579 580 581 583 584 585 586 589 590 591 592 593 595 911
25 26 27 28 29 30 31 32 33 632 785 1051
26 27 28 29 30 31 32 34 238 543 654
420 67 413 414 415 417 419 421 423 425 426 428 449 682 697 749 1006 1312
1021 412 647 713 1013 1014 1016 1017 1018 1019 1023 1024 1025 1029
1206 334 715 794 1198 1199 1200 1201 1202 1203 1205 1207 1208 1210 1213 1214
1139 249 940 1051 1133 1134 1135 1136 1137 1140 1141 1143 1144 1145 1146 1147 1179
1345 822 1082 1251 1337 1338 1339 1340 1341 1342 1343 1344 1346 1348 1349 1350 1351 1352
1411 356 873 1052 1403 1404 1405 1406 1408 1409 1410 1412 1413 1415 1417 1418 1419
27 28 30 31 32 33 34 35 1005
28 29 31 32 33 34 35 653 722 1320
918 158 416 814 910 911 913 914 915 916 917 919 920 922 924 926 1060
938 202 612 931 932 933 934 936 937 940 941 942 943 945 946
29 31 32 33 34 35 36 37 588 714 1234
105 97 98 100 101 103 104 107 108 109 111 112 113 268 539 930 970 1031
30 32 33 34 35 36 37 38
358 252 283 350 351 352 353 354 355 356 359 360 361 362 363 365 366 1242
31 32 33 34 35 36 38 39 1467
936 263 928 929 930 932 933 934 935 940 942 943 944 1448
1237 1025 1049 1229 1231 1232 1233 1234 1235 1238 1239 1240 1241 1242 1243 1244 1245 1312
32 33 34 35 36 37 38 39 40 741
464 280 457 458 461 463 465 466 468 469 471 472 716 755 1048
757 409 749 750 751 753 754 755 756 758 759 760 761 762 763 765 1181 1259
955 169 584 890 947 948 949 950 951 952 953 954 958 959 960 961 962 963 1192
978 970 971 972 973 974 975 976 977 980 981 982 985 1151 1163 1208
33 34 35 36 37 38 39 40 41
632 624 625 626 627 628 629 633 635 636 637 639 640 656
785 462 777 778 779 780 781 782 783 784 786 787 790 792 911 1174
1051 899 1043 1044 1045 1047 1048 1049 1050 1052 1053 1054 1055 1056 1058
34 35 36 37 38 39 40 41 42 298
238 230 232 233 235 236 237 239 241 243 244 245 246 1015
543 219 535 536 540 541 542 545 546 547 548 549 550 551 903
654 498 646 647 648 649 650 652 653 655 656 657 658 659 661 1120
35 36 37 38 39 41 43 128 1131 1200
1005 426 921 998 999 1000 1001 1002 1004 1006 1007 1008 1009 1010 1012 1089 1205
653 86 447 531 645 646 648 649 652 656 657 659 660 661 848 917 1168 1300
722 714 715 716 718 719 720 721 723 724 726 728 729 863 1378 1421
1320 507 539 880 1312 1313 1314 1316 1318 1319 1321 1323 1324 1325 1326 1327 1328
36 38 40 41 42 44 581 1282 1331
37 38 39 40 41 42 43 44 45 500 1043 1076 1165 1441 1478
588 580 582 583 584 585 586 589 590 591 593 595 596 788
714 706 707 708 709 710 711 712 713 715 716 717 718 719 1220 1423
1234 815 1067 1226 1227 1228 1231 1232 1233 1239 1240 1241 1242 1340 1351 1446
38 40 41 42 43 44 45 46 1257 1281
39 41 42 43 44 45 46 47 197 1289
1467 509 1459 1460 1461 1462 1463 1464 1466 1468 1469 1472 1473 1475
40 41 42 43 44 45 46 47 48 206
741 331 733 735 736 738 740 742 743 744 745 746 749 989 1079
41 42 43 44 45 46 47 48 49 216 796
42 43 45 47 48 49 50 846 1389
298 181 291 293 294 295 296 297 299 300 302 304 305 549
43 44 46 47 48 49 50 967 992 1034 1066
128 120 121 123 124 125 127 129 130 131 132 133 134 135 424 473 549 673 957
1131 209 219 959 1123 1124 1125 1126 1127 1128 1129 1132 1134 1136 1283
1200 797 866 941 1192 1193 1195 1196 1197 1198 1199 1202 1203 1204 1208
44 45 46 47 49 50 51 52 184 455 1197
581 573 574 575 576 577 578 582 583 584 585 586 589 638 1073
1282 760 855 1275 1276 1278 1279 1281 1283 1284 1285 1286 1287 1288 1290 1299
1331 495 773 1159 1190 1323 1324 1325 1326 1328 1329 1330 1332 1333 1334 1335 1336 1338
45 47 48 49 50 52 53 90 313 827 1243
500 492 495 496 497 498 499 501 502 503 504 506 507 508 1006
1043 477 489 547 1035 1036 1038 1039 1041 1042 1044 1047 1048 1050 1210
1076 615 780 882 901 1068 1069 1070 1071 1072 1073 1074 1075 1077 1078 1079 1080 1082 1083 1357
1165 333 418 939 1028 1157 1158 1159 1161 1162 1163 1164 1168 1170 1192
1441 1379 1408 1433 1434 1435 1436 1437 1442 1443 1445 1446 1447 1448 1449
1478 841 1472 1474 1476 1477 1479 1480 1481 1482 1483 1484 1485 1486
46 48 49 50 51 52 53 54 184 628
1257 51 176 430 914 1117 1249 1250 1253 1254 1255 1256 1259 1260 1261 1262 1263 1264 1265
1281 117 417 1274 1275 1276 1278 1279 1280 1283 1284 1285 1286 1287 1288
47 48 51 52 53 54 120 326
197 111 189 190 191 192 193 194 195 198 200 202 203 204 205 285 592 774 1048 1145
1289 89 229 277 319 474 1283 1285 1286 1287 1290 1291 1292 1293 1295 1296 1339 1486
48 50 51 53 54 55 56 1082 1470
206 198 199 201 202 203 204 205 207 208 209 210 211 212 213 214 1270
49 51 53 54 55 56 279 324 484 1124
216 106 208 209 210 211 212 213 214 215 217 218 220 221 222 223 224
796 300 399 551 618 788 790 792 793 794 795 797 799 802 803 804
50 51 53 54 55 56 57 58 1187
846 154 175 359 560 838 839 840 841 842 844 847 850 853 854 1349
1389 155 657 931 1026 1381 1385 1386 1388 1390 1391 1392 1393 1394 1397
967 132 347 959 960 961 963 964 966 968 969 970 972 974 1018
992 132 453 537 671 984 985 986 987 989 990 991 997 998 999 1000 1348
1034 1026 1027 1028 1029 1030 1031 1035 1036 1037 1038 1039 1040 1041 1042
1066 415 537 1058 1059 1060 1062 1063 1064 1067 1068 1069 1070 1071 1072 1073 1074 1179
51 52 53 54 55 56 58 684 1071
52 53 54 56 57 58 59 60 220 671 1347 1452
184 177 178 180 181 182 185 186 187 190 191 199 217 296 437 487 547 837
455 435 449 451 452 453 457 458 459 460 461 462 463 613 1460
1197 733 1189 1190 1191 1192 1193 1194 1195 1196 1198 1199 1201 1202 1203 1204
53 54 55 56 57 58 60 61 1102 1204 1270
90 82 83 85 86 87 88 89 91 92 94 96 97 98 266 595
313 305 307 308 309 310 311 312 314 315 316 317 319 320 321 1405
827 54 819 821 822 823 824 825 829 832 833 834 1427
1243 62 573 760 1235 1238 1239 1241 1242 1245 1246 1247 1248 1249 1250 1251 1335
54 55 56 57 58 59 60 61 62 144 702
628 502 605 620 621 622 624 625 631 633 634 635 1387
120 113 114 116 117 118 119 121 122 123 124 125 127 750 1095 1193 1255
326 318 320 321 323 324 327 328 329 330 333 334 719 813 867 1417
55 57 58 60 61 62 96 170 698 964 1039
56 57 58 59 60 64 245 1215 1488
1082 758 1074 1075 1077 1078 1079 1080 1084 1085 1086 1088 1089 1090
1470 508 1208 1321 1445 1462 1463 1465 1466 1468 1469 1472 1473 1475 1476 1477
279 271 276 277 278 280 282 285 309 510 1265
324 316 317 318 319 320 321 325 327 328 329 330 331 332 773 966 1103
484 477 478 479 480 483 485 486 489 490 491 492 829 834 1115
1124 245 463 818 1117 1118 1119 1120 1122 1123 1125 1126 1127 1128 1129 1132
57 58 59 60 61 62 63 64 65
58 60 61 62 63 64 65 66 546 560 784
1187 1180 1182 1183 1184 1185 1186 1188 1189 1192 1193 1194 1195
684 129 171 660 676 677 678 679 680 681 682 683 686 688 689 690 692 1036
1071 678 1063 1064 1065 1067 1068 1069 1070 1073 1074 1075 1077 1078 1079
59 60 61 62 63 65 66 67 322 345 381 511 570 1175
60 61 63 64 65 67 68 499 1008 1476
220 213 214 217 218 219 221 222 223 225 226 228 232 337 584 858
671 245 663 665 667 668 670 672 674 675 678 931
1347 1340 1341 1342 1343 1346 1348 1349 1350 1351 1352 1354
1452 444 646 806 1038 1256 1445 1447 1448 1449 1450 1451 1453 1455 1457 1458 1459
61 62 63 64 65 66 67 332 1256
1102 169 1094 1095 1096 1097 1098 1100 1101 1103 1105 1107 1108 1109 1110 1215 1299 1436
1204 804 1196 1198 1201 1202 1203 1205 1207 1208 1210
1270 701 733 996 1006 1215 1264 1266 1267 1269 1272 1273 1274 1276 1277
62 63 64 65 66 67 68 69 187 366 1338
144 103 136 137 138 140 141 142 143 145 146 147 149 151 236 850
702 189 694 696 697 698 699 700 701 704 705 706 707 709 710
96 88 89 91 92 93 94 95 97 98 100 101 102 103 104 225 1092 1419 1480
170 165 167 168 169 171 172 173 174 175 176 177 178 327 385 585 756 817 1072 1196 1319
698 692 693 694 697 701 703 704 706 965 982
964 956 957 958 959 960 962 963 965 966 968 969 971 972
1039 1031 1032 1033 1035 1037 1040 1042 1044 1045 1047
64 63 65 66 67 69 70 71 72 111
245 241 244 246 249 250 252
1215 111 1205 1209 1210 1211 1213 1214 1219 1220 1222 1223 1409
1488 307 419 704 1480 1481 1482 1485 1487 1490 1491
63 66 67 68 69 70 71 248 469
65 66 67 68 69 70 72 73 510 535 1133 1140
66 67 69 71 72 73 74 153
546 447 538 540 541 542 544 547 548 549 551 552 553 554 769 1142 1232 1310
560 407 552 553 555 556 557 559 561 563 564 565 566 568 1356
784 325 776 777 779 780 781 783 786 787 788 789 790 791 792 1067 1106 1384
67 68 69 71 72 73 74 75 598
322 69 314 316 318 320 321 323 325 327 329 330 580 1201
345 148 175 337 339 342 343 347 348 349 350 351 352 1245 1369 1465
381 373 374 375 376 377 378 379 380 382 383 384 386 389 437 1264
511 78 168 503 504 505 506 507 508 509 512 513 514 515 516 517 518 519 945
570 266 562 563 565 566 568 569 571 572 573 574 575 576 578 959
1175 575 1167 1168 1170 1171 1172 1173 1174 1177 1178 1179 1180 1183
68 69 70 71 72 73 74 75 76 237 1035
499 491 492 495 496 497 498 501 502 503 504 505 506 971 1020 1340
1008 643 1000 1001 1002 1003 1004 1006 1007 1009 1010 1011 1012 1013 1014 1016 1044 1059
1476 1468 1469 1472 1473 1474 1477 1479 1480 1481 1482 1483 1484
332 325 330 331 333 334 335 336 337 338 339 340 355 732 1167
1256 629 749 1042 1248 1249 1250 1251 1252 1254 1259 1260 1261 1262 1263
69 70 72 73 74 75 76 77 762 1067
187 179 180 181 191 192 193 195 228 299 703 1279
366 107 342 359 361 362 367 368 369 370 371 372 373
1338 435 1089 1096 1332 1334 1335 1336 1337 1339 1341 1342 1344 1346
70 72 73 74 76 77 78 515 1279
71 73 74 75 76 77 79 168 1025
248 241 242 243 244 246 247 250 251 252 253 254 255 256 772 1408
469 461 462 463 465 466 467 468 470 471 472 473 474 476 477 802 1287
72 74 76 77 78 80 1183 1459
111 74 83 103 104 106 107 108 109 112 113 115 117 118 432 474
73 74 75 76 77 78 79 80 81 179 307 709 1423
510 167 503 505 507 508 509 512 513 514 515 517 518 706 1291 1460
535 213 280 473 528 529 531 533 534 538 539 541 542 749 1088 1279
1133 296 1125 1126 1127 1128 1129 1130 1132 1136 1138 1192
1140 163 626 1132 1134 1136 1137 1138 1141 1145 1146 1147 1148 1252
74 75 76 77 78 79 81 82 1300
153 147 148 149 150 151 152 154 156 158 160 161 901
75 76 77 78 80 81 83 1011 1144
598 77 517 590 592 593 595 596 600 601 603 605 606 884 1033
76 77 78 79 80 81 83 1201
237 229 230 232 233 235 236 239 242 244 792 1228 1296 1312 1360
1035 1027 1028 1029 1033 1036 1037 1038 1040 1041 1042
77 78 80 81 82 84 101 493
762 554 754 755 756 758 759 760 761 763 765 766 767 768 769 770 1207
1067 1059 1060 1061 1062 1063 1064 1065 1068 1069 1072 1073 1075
78 79 80 83 84 85 86 1025 1474
515 507 508 509 512 513 516 517 518 520 521 522 523 803
1279 917 1271 1272 1274 1275 1276 1277 1278 1283 1284 1285 1286 1287
79 80 81 82 83 84 85 86 87 1086
168 127 160 161 162 163 166 167 169 171 174 175 176 834 1210
1025 1017 1019 1020 1022 1024 1026 1027 1028 1029 1031 1033 1136
80 81 82 83 84 85 88 440 442 749
1183 122 1176 1177 1178 1181 1182 1184 1185 1186 1188 1189 1190 1191 1274
1459 143 370 626 810 1058 1451 1453 1454 1455 1456 1457 1460 1463 1464 1466
81 83 84 85 86 88 89 1214 1294 1319 1420
179 84 172 173 174 175 177 178 180 182 185 186
307 300 301 302 305 306 309 310 311 312 314 315 614
709 701 704 705 707 708 710 711 712 713 715 716 717 1063
1423 882 1156 1240 1415 1416 1417 1418 1419 1420 1421 1422 1425 1426 1428 1429 1430 1431
82 83 84 86 87 88 89 113 592 776 1365 1436
1300 397 809 1033 1292 1294 1295 1296 1297 1299 1301 1305 1306 1307 1308
83 84 85 86 87 88 89 1373 1472
1011 556 1003 1004 1006 1007 1012 1014 1015 1017 1018 1019
1144 631 1047 1136 1137 1138 1141 1142 1143 1146 1147 1150 1151 1152
1201 225 1193 1194 1195 1198 1199 1202 1203 1205 1207 1208 1209
84 86 88 92 112 1182
101 94 95 98 99 100 104 106 107 108 109 612 1146 1366
493 485 486 487 489 490 491 492 495 496 498 501 605 656
85 86 87 88 89 91 92 789
86 87 88 89 91 92 93 172 278 1022 1429
1474 921 1138 1466 1468 1469 1472 1473 1477 1479 1480 1481 1482
87 88 89 91 92 93 94 95 159 434 569
1086 201 585 1078 1079 1083 1084 1085 1087 1088 1089 1090 1091 1092 1093 1094 1207 1297
88 91 92 94 95 180 288 1044 1421
440 432 435 436 437 438 439 441 442 443 444 445 446 447 448 641 774 1381
442 434 436 439 444 445 446 447 448 449 669 851 1332
749 501 742 744 746 748 750 751 753 755 756 1163 1301 1335
89 91 93 94 95 97 490 932
1214 777 1207 1208 1209 1210 1211 1213 1217 1218 1221 1222 1451
1294 219 1286 1287 1288 1290 1292 1293 1295 1298 1299 1301
1319 150 902 1127 1311 1312 1313 1314 1316 1317 1318 1321 1323 1326 1327
1420 1155 1412 1413 1415 1417 1419 1421 1422 1424 1425 1426 1427
113 106 108 112 114 115 118 119 121 490 736
592 584 585 586 590 591 593 596 599 600 733 739 1475
776 572 768 769 770 771 772 775 778 779 782 783 914 931 1060
1365 655 849 886 1173 1357 1359 1360 1362 1366 1369 1371 1372 1373
1436 1428 1429 1430 1431 1432 1433 1437 1438 1439 1442 1443
1373 121 200 242 452 1241 1366 1368 1371 1374 1376 1378 1379 1380
1472 760 842 1464 1465 1466 1468 1469 1473 1475 1477 1479 1480
92 91 93 95 98 99 100 911 945 1376
112 106 107 108 109 114 115 116 117 118 448
1182 445 491 1174 1176 1177 1178 1179 1184 1185 1186 1188 1189 1190 1352
91 93 94 95 97 98 99 601
789 782 783 786 787 788 791 792 793 795 797 1220
93 94 95 97 99 100 230 290 569 880 1032
172 166 167 169 171 173 174 176 177 178 180
278 145 270 271 274 275 276 280 282 283 284 285 286 487 584 1045
1022 1014 1016 1017 1018 1019 1020 1023 1024 1026 1027 1028 1029 1030 1065
1429 1422 1424 1426 1427 1428 1430 1431 1432 1433 1437
94 95 97 100 102 362 1113 1451
95 97 99 102 103 1057 1351
159 151 152 155 156 158 160 161 162 163 164 607 664 1148
434 426 427 428 429 430 431 432 433 435 436 437 438 439 441
569 561 562 563 564 565 566 568 572 573 574 575 576 713 945
180 174 175 176 177 178 181 182 185 186 205 478
288 280 281 282 283 285 286 287 289 290 293 295 296 859 1149 1156
1044 758 1036 1040 1041 1042 1045 1048 1049 1050
1421 475 544 1013 1413 1415 1417 1418 1419 1424 1425 1426 1427 1428 1480
97 98 100 102 103 104 618 989 1317 1461
490 135 483 485 486 487 489 492 495 496 498 547
932 383 795 924 925 926 927 928 933 934 935 937 939 1422
98 99 100 102 103 104 106 333
266 258 260 261 262 263 264 265 267 268 269 270 274 747 824
595 590 591 593 596 597 599 600 601 602 603 887 1073
99 100 102 103 106 116 135 621
601 593 596 599 600 602 603 604 605 606 607 609 786 910 1031 1262 1435
100 102 103 104 108 369 1384 1455
911 903 904 905 906 907 909 910 912 913 914 915 916 917 919
945 939 940 941 942 943 944 946 950 951 952 1161
1376 252 733 1368 1369 1372 1374 1375 1377 1378 1379 1380 1381 1382 1383
230 222 223 225 226 227 228 232 234 235 236 251 369 766 977
290 282 284 285 287 289 293 294 295 296 297 825 862
880 185 872 873 876 877 879 882 883 885 886 887 888 1267
1032 211 286 1024 1026 1028 1029 1030 1031 1033 1036 1037 1038 1040 1260
102 103 104 107 108 109 982 1126
362 354 355 356 357 359 360 361 363 367 368 597
1113 219 236 423 1105 1106 1107 1108 1109 1111 1112 1115 1117 1119 1120
1451 300 637 1443 1445 1446 1447 1448 1449 1453 1454 1456 1457
103 104 106 107 108 830
1057 481 689 859 1053 1054 1055 1056 1059 1060 1061 1062 1063 1064 1065 1262
1351 1118 1343 1346 1348 1349 1350 1352 1354 1356 1357 1358 1359 1419
104 106 107 243 997 1235
225 147 217 219 221 223 227 232 233 296 674 745 851 1134 1363
1092 854 897 1023 1084 1085 1087 1088 1089 1091 1093 1094 1095 1096 1098 1099 1100 1141
1419 465 505 677 1412 1413 1415 1416 1417 1418 1422 1424 1426 1427
1480 395 853 1177 1473 1477 1479 1481 1482 1483 1484 1485 1486
618 461 609 611 612 613 617 619 620 621 622 624 626 667 800 1087
989 637 981 983 985 986 987 988 990 991 993 996 997 1084 1400
1317 251 665 987 1188 1310 1311 1312 1314 1316 1318 1322 1323 1325
1461 429 489 845 860 1453 1454 1455 1456 1457 1462 1463 1464 1465 1466 1468
106 107 109 114 857 1209 1406
333 325 327 328 329 330 334 335 337 338 339 340 341 466 1290
116 108 114 115 118 122 123 221 1002 1036
135 127 129 130 131 132 133 134 136 137 138 140 141 416 582
621 310 467 613 614 616 617 619 620 622 624 626 627 1484
108 109 114 115 317 367 1143
369 361 363 367 368 370 371 372 373 375 376 523 529 755 1176
1384 1377 1378 1380 1381 1382 1385 1386 1387 1390 1391 1392 1410
1455 1077 1447 1449 1450 1453 1454 1456 1457 1458 1460 1462 1463
107 114 115 306 622 781 1314 1382
109 114 117 439 492 769 856 895 980 1391
612 604 605 606 607 608 609 610 611 613 614 615 616 617 619 620 715 1410
1146 1138 1141 1143 1145 1147 1148 1149 1150 1151 1152 1153 1154
1366 402 454 694 1311 1358 1359 1360 1361 1362 1363 1364 1368 1369 1371 1372
982 226 754 876 974 979 981 983 984 986 987 988 990 1050
1126 1000 1119 1120 1122 1123 1125 1127 1128 1129 1130 1132 1134
830 822 823 824 826 828 829 833 837 838 1042
243 235 236 239 242 244 246 247 249 250 251 952 1166
997 833 990 991 993 995 999 1000 1001 1002 1003 1004 1115
1235 590 1059 1227 1228 1229 1230 1231 1233 1236 1238 1239 1240 1242 1248 1378 1409
268 260 261 262 263 264 265 270 271 274 275 276 622 864 1041
539 348 532 534 536 537 540 541 542 544 545 973 1141
930 711 922 923 924 925 926 927 928 933 934 935 937 1354
970 327 622 723 963 965 966 969 972 974 976 977 1395
1031 664 701 960 1023 1024 1026 1028 1030 1036 1037 1038 1207
114 115 117 118 119 121 122
857 849 850 851 853 854 855 858 859 860 861 862 863 865 1269
1209 1202 1203 1205 1207 1208 1210 1211 1213 1217
1406 210 438 519 809 1129 1162 1394 1398 1400 1401 1402 1403 1404 1405 1407 1409 1412 1413
115 117 118 119 121 122 123 1084
306 299 300 301 302 304 305 308 309 310 311 312 336 1328
622 615 616 617 620 625 627
781 773 774 775 777 778 779 780 782 783 787 872 1093
1314 275 1306 1308 1310 1311 1312 1313 1316 1318 1321 1322
1382 175 1030 1374 1377 1378 1379 1380 1383 1385 1386 1387 1388 1390
317 256 309 310 311 312 314 315 316 318 319 320 321 323 325
367 359 360 361 363 365 368 371 372 373 374 375 483 1434 1464
1143 737 845 1135 1136 1137 1141 1142 1147 1148 1149 1150
117 118 119 122 123 125 379 1106
439 336 431 432 433 435 436 437 438 443 444 445 447 1073
492 417 485 486 487 491 495 496 497 498 1305
769 529 760 761 763 764 765 766 767 768 770 771 772 773 774 775 777 1089
856 328 849 850 851 853 854 855 858 861 862 863 864
895 666 887 888 889 890 893 894 896 897 899 900 901 902 903 1307
980 344 377 431 433 685 861 870 952 972 973 974 976 977 981 983 984 987 988 1105 1309
1391 359 771 1383 1385 1386 1388 1393 1395 1396 1397
118 119 121 122 123 124 667
399 361 391 393 394 395 397 400 401 403 404 405 406 407 536 1049
903 896 899 900 901 902 904 905 906 907 909 910 1422
432 147 424 425 428 429 430 431 433 435 436 437 438 873 1090 1242
474 466 467 468 470 471 472 473 475 477 479 480 481 575 834 906
448 441 444 445 446 447 449 451 452 454 1458
119 121 122 124 125 127 907 1242 1360
121 122 123 124 125 127 129 679
736 607 728 729 730 733 735 738 739 740 742 743 744 780 860 944
122 123 124 127 129 130
123 124 125 127 130 131 935
1084 765 1077 1078 1080 1083 1085 1087 1088 1089 1090 1091
221 213 214 215 217 218 219 223 226 227 260 327 491 840 1050
1002 401 996 998 999 1001 1003 1006 1010 1297
1036 195 209 603 995 1028 1029 1030 1038 1040 1042 1230 1363
125 124 127 129 130 131 133 823 1450
379 371 372 373 374 375 376 378 380 384 386 413 525 629 917 1435 1477
1106 284 1098 1099 1100 1101 1103 1104 1108 1109 1110 1112 1114
124 127 129 130 131
667 659 660 661 663 665 666 668 669 670 672 673 674 675
127 129 130 131 132 134 404 1333
907 222 717 899 900 901 902 904 905 906 909 910 913 915
1242 344 750 1236 1238 1241 1244 1245 1246 1249 1250
1360 767 853 1352 1354 1355 1357 1359 1361 1363 1364 1368
750 257 602 742 744 745 746 748 753 754 755 892
1095 664 879 1087 1088 1089 1090 1093 1094 1096 1097 1098 1099 1100 1103 1450
1193 368 1185 1186 1188 1189 1192 1194 1196 1198 1199
1255 164 1247 1248 1249 1250 1251 1252 1253 1254 1261 1262
129 130 131 132 133 136 137 884 971
679 409 421 672 674 675 676 677 678 680 681 682 685 686 687 840 1180
130 131 132 133 134 137 138 239 1090
131 132 133 134 136 137 138 514 973 1009
935 609 927 928 931 933 934 937 939 940 941 942
133 132 134 137 138 140 141 805
823 251 412 817 818 819 821 822 825 828 829 872
1450 814 1170 1442 1443 1445 1446 1448 1449 1453 1454 1456 1458
132 137 138 140 407 1224
134 136 137 138 140 141 142 163 745 1055
1265 946 1259 1260 1261 1262 1266 1269 1271 1272 1273
404 396 397 398 400 401 403 405 406 408 409 411 412 1385
1333 173 603 669 755 1161 1262 1325 1326 1328 1329 1332 1334 1335 1336 1337 1339 1340 1341
424 416 417 418 419 421 422 425 427 428 429 430 1072 1249
473 465 467 468 472 475 478 479 480 481 710 813
549 291 446 542 544 545 547 548 550 551 552 553 555 556 557 1111
673 665 666 668 669 670 674 675 676 677 678 680 681 1328
957 687 724 949 951 952 953 954 958 961 962 963 965
136 137 138 140 141 142 143 171 625 870
137 138 140 141 142 143 145
884 391 787 877 878 879 881 883 885 886 887 889 890 891 892 1321 1412
971 453 458 629 963 965 966 968 969 972 973 976 977 979 1268
138 140 141 142 143 145 146
239 165 232 234 235 236 241 242 246 258 451 717 1408
1090 497 530 1083 1085 1087 1088 1091 1093 1094 1098
514 506 507 508 509 512 513 517 518 519 520 521 522
973 966 968 969 975 976 977 981 1447
1009 327 593 1001 1003 1004 1007 1010 1013 1014 1015 1017
140 142 143 145 146 148 979
407 400 401 402 403 406 408 410 411 412 413 414 415 531 972 1023 1308
1224 1217 1218 1219 1220 1222 1223 1225 1227 1228 1229 1230 1231 1232
141 142 143 145 146 147 148 149 541
805 648 797 798 799 800 802 803 807 808 809 810 811 812 813 881
142 143 145 147 148 149 150
163 155 156 164 165 166 167 169 171 398
745 708 738 739 742 743 744 746 747 748 753 869 996 1410
1055 1013 1047 1048 1049 1050 1052 1053 1054 1056 1058 1060 1061 1062 1063 1311
416 408 409 411 412 414 415 417 418 421 422 423 753
582 574 575 576 578 580 583 584 585 586 589 590 706 1225
143 146 147 149 150 151 274 1164 1259
171 164 165 166 167 173 174 176 177 178 205
625 617 619 620 624 627 629 631 633
870 350 815 862 864 865 867 868 872 873 874 875 876 877 894 1177
145 146 147 148 149 150 151 152 281
146 147 148 149 150 152 154 705 838 1074
147 149 150 155 194 730 1164
541 174 449 533 534 537 538 540 544 545
670 214 284 340 663 669 672 674 675 676 850 1060
1416 879 1211 1408 1409 1412 1413 1415 1417 1418 1422 1424
148 149 151 152 154 155 167
979 437 571 972 974 976 977 981 983 984 985 987 1147
149 150 151 152 154 155 156 638
150 151 152 154 155 156 158 301 487 513 990
151 152 154 155 156 158 257 1000
274 267 269 271 275 276 277 280 281 282 389 538
1164 1156 1158 1159 1161 1163 1166 1167 1168 1169 1170 1171
1259 175 301 851 1251 1253 1254 1260 1261 1263 1266 1405
236 229 232 233 234 235 242 244
850 553 733 843 844 845 848 849 851 853 854 858 1162
152 154 155 156 158 160 751 853 1239
281 275 276 277 280 282 283 284 285 286 287 289 296 972
154 155 156 160 161 162 235 645 1145 1374
705 430 697 700 701 703 706 707 708 710 711 712 713 933 1047
838 371 832 833 834 837 840 841 842 843 844 845
1074 720 1068 1069 1070 1073 1075 1077 1078 1079 1080 1188
155 156 160 161 162 436 452 1085
194 169 186 189 190 191 193 195 196 198 199 200 201 742 1356
730 347 468 723 725 726 729 731 732 737 738 1372
167 161 162 165 169 173 174 175 1096
156 158 160 161 162 164 708 1322 1355
638 338 524 533 631 633 634 636 637 641 644 645 646 1263
158 160 161 162 164 165 166 607 1154
301 162 293 295 297 299 302 305 308 309 1433
487 479 480 481 483 485 489 495 812 1363
513 505 506 507 508 509 512 519 521
990 984 985 986 987 988 991 993 995 996 998
257 249 251 252 253 254 255 256 260 261 262 263 264 265 1132
1000 995 999 1001 1003 1006 1007
160 162 164 166 661 826 1422
751 575 696 743 744 746 747 748 754 755 758 759
853 392 845 847 848 849 851 855 858 859 861
1239 1232 1233 1236 1238 1240 1241 1244 1245 1246 1247
161 162 164 166 723
901 883 893 897 899 904 905 906 909 947 1413
162 165 166 199 544
235 227 228 229 232 233 234 241 242 1060 1246
645 637 639 640 643 644 646 647 648 649 650 651 652
1145 480 1110 1137 1138 1141 1147 1148 1149 1150 1151 1152 1153
1374 186 342 1369 1371 1372 1375 1378 1379 1380 1381
436 428 429 431 433 435 437 438 441 443 444 740
452 445 449 451 457 458 460 475 771 786
1085 201 843 1077 1078 1079 1080 1088 1089 1091
164 165 169 744 813
708 565 701 703 707 710 711 712 715 716 1130
1322 597 729 1120 1316 1318 1321 1323 1324 1326 1327 1328 1329 1395 1407
1355 1348 1350 1352 1354 1356 1357 1358 1359 1361 1362 1363
165 166 173 454 675 723 742 959
302 294 296 297 299 300 304 305 308 309 310
687 681 682 683 685 686 689 690 692 694 1398
718 710 711 712 713 715 716 719 720 721 723 724 725 726
1111 620 1017 1103 1104 1105 1107 1109 1110 1114 1115 1116 1118 1119 1225
1123 778 1115 1116 1117 1118 1119 1120 1122 1125 1128 1129 1130
1458 365 374 768 914 961 976 1059 1105 1456 1457 1460 1462 1465
166 169 173 174 287 810 927 1077 1080 1227
607 586 599 600 603 604 605 606 608 609 610 611 613 614 615
1154 444 626 1006 1147 1148 1150 1151 1152 1155 1157 1158 1159 1161 1162
664 502 656 657 658 659 660 661 663 666 668 669 672 812 1276
1148 1141 1142 1147 1149 1150 1151 1152 1153 1155 1428
661 276 655 656 657 658 659 660 663 665 666 668 669
826 352 467 693 818 819 821 822 824 825 828 829 832 833 834
1422 1415 1418 1424 1425 1426 1430
723 715 716 717 719 720 721 724 725 726 729 731 1062
199 191 192 193 195 198 201 202 203 204 205 207 208 1130
544 209 536 537 540 542 545 547 548 550 551 552 1278
169 173 174 175 176 491 985 1362 1381
398 390 391 392 394 395 397 400 401 402 403 405 406
744 545 737 739 740 742 743 746 747 748 1415
813 807 808 809 810 814 815 816 819 821 1487
173 174 176 177 178 181 779 869 985 1324
454 446 447 449 451 453 457 458 459 460 461 462
675 668 669 672 674 676 677 680 681 682 683 732
742 319 735 737 739 740 743 746 747 748
959 414 951 953 961 963 966 1018 1037 1303 1464
174 175 176 177 178 311
287 280 282 283 284 285 289 291 293 409 758 768 1052
810 437 611 802 803 804 806 807 809 811 812 816 818 894 913 920
927 919 920 921 922 923 924 925 926 928 929 931 934
1077 1072 1073 1075 1079 1080 1083
1080 1073 1075 1078 1079 1087 1088
1227 1220 1221 1222 1223 1225 1226 1228 1229 1230 1231 1233
175 176 177 178 182
1096 1088 1089 1091 1094 1097 1099 1100 1101 1103 1104
176 177 178 181 182
834 405 550 828 829 832 833 837 839 841 842 865
1210 686 1202 1205 1207 1208 1211 1217 1218 1305
491 312 483 486 489 495 497 960 1125 1155 1417
985 977 983 986 991 1116 1221 1268 1288
1362 1354 1356 1358 1359 1363 1364 1368 1369
1381 527 1375 1377 1378 1379 1383 1385 1386 1387
177 178 185 952
178 182 185 186 465 975 1486
327 319 320 321 323 325 328 330 331 334 475 481
385 377 378 383 384 386 387 388 389 390 391 392 393 905 1147
585 577 578 579 580 583 584 586 589 590 591
756 748 753 754 758 759 760 761 763 1466
817 444 508 650 809 811 812 814 815 816 818 821 822 824
1072 608 806 1064 1068 1069 1070 1073 1075 1078 1079 1311
1196 761 1188 1189 1190 1191 1192 1194 1195 1199 1203
205 198 200 201 202 204 207 208 209 210 212 265 665 1038
181 185 186 189 1156 1262 1263
779 589 771 774 775 777 780 782 783 786 787 1385
869 423 861 862 863 864 867 868 871 872 873 874 875 876 1150
1324 1310 1316 1318 1321 1325 1327 1328 1329 1332 1487
311 304 305 309 312 315 316 318 652 894
182 186 189 190 725 1251
185 186 189 191 192 193 334 678
952 944 946 947 948 949 950 951 953 954 958 966
186 189 190 191 192 193
465 196 457 458 460 461 463 467 468 471 472 860 1108
975 419 614 939 965 968 969 972 974 976 977 983
1486 1137 1482 1483 1484 1485 1487 1489 1490 1491
478 470 471 472 475 476 477 479 481 485 486
189 190 192 193 195 196
1156 397 894 1150 1151 1152 1153 1155 1157 1158 1159 1161 1163 1330
1262 451 1254 1260 1263 1264 1266 1267 1334
1263 222 868 891 1122 1260 1261 1264 1266 1269 1271
190 191 192 193 195 196 198 1161
725 717 719 720 724 726 729 731 732 733 910 917
1251 260 320 678 1244 1245 1246 1247 1248 1249 1252 1253
191 192 193 196 198 308 641 732 786 1220
217 209 210 212 213 214 215 218 219 224 926
296 289 291 293 294 295 297 299 304 318 1229
437 350 430 431 435 438 441 443 444 445 818 837 1012
547 540 542 548 550 551 552 553 555 799 1013
837 337 694 833 841 844 845 913 1169 1268
192 193 195 196 198 200
193 195 196 198 201 963 966
334 328 329 330 331 336 337 338 339 340 341 342
678 614 672 674 676 680 681 682 683 685 686 774
195 198 200 201 202 203 896 1356
228 222 224 226 227 229 232 233 234
299 291 293 294 295 297 300 304 305 350 804 1178 1260
703 696 697 699 700 707 710 914 1056 1280
196 198 202 203 271 521 526 589
198 200 201 204 660
1161 1153 1155 1157 1158 1159 1163 1166 1168 1169
308 300 304 305 309 312 314 315 316
641 634 635 636 640 643 644 646 647 648 649
732 726 729 731 733 735 737 738 740 806
786 586 606 780 782 783 788 794 1128
1220 496 1213 1218 1219 1221 1222 1223 1225 1226 1369 1443
200 201 202 203 204 207 208 719
201 202 204 208 350 1177
963 255 892 956 958 960 961 962 965 966 968
966 791 958 961 962 965 969 972 974
1356 788 1349 1350 1352 1354 1357 1358 1359 1361 1363 1364
202 203 204 207 208 209 210 640 659
203 204 207 209 210 211 213 1116 1179 1268 1311
896 342 468 888 890 891 892 893 894 900 904 1016 1130 1260
271 246 263 264 265 269 270 275 276 277 431 764 1013 1361
521 400 516 517 519 520 522 524 525 526 527 528 529
526 518 520 522 523 524 525 527 528 529 530 531 532 533 534
589 583 590 591 593 597 1024 1103 1482
204 207 208 209 211 212 1285 1350
285 277 280 282 283 284 286 291 293
774 647 766 767 768 771 773 775 777 778 780 782 926
1048 283 600 1040 1041 1042 1049 1050 1052 1054
660 652 655 657 658 659 663 665 666 668 1236 1312
207 208 211 212 213 214 215 343
208 209 210 211 212 214 554
1130 241 425 1122 1127 1128 1132 1135 1136 1137
719 711 712 713 716 720 721 724 726 1425
350 342 344 346 347 348 351 352 353 354 355 357 761
1177 1170 1171 1173 1174 1178 1179 1180 1181 1184 1185
209 210 211 212 213 214
210 211 212 213 214 215 466 905
640 627 634 635 636 637 639 643 646 647 648 1426
659 651 655 656 657 658 663 665 666 1236
211 212 213 214 215 218 219
213 212 214 215 218 219 556
1116 250 868 1109 1110 1112 1114 1115 1117 1118 1119 1120 1122
1179 1172 1173 1174 1176 1180 1181 1184 1185 1186 1286
1268 378 691 1260 1266 1267 1269 1271 1272 1273 1274 1275 1276
1311 289 1303 1307 1309 1310 1312 1313 1318
212 215 219 263 1213
1285 1277 1278 1280 1283 1284 1287 1288 1290 1293
1350 331 1093 1342 1343 1344 1346 1354 1357
265 258 260 261 262 264 267 269 270
665 537 657 663 668 669 672 735
1038 658 1030 1033 1037 1040 1042 1045
214 215 219 222 822 1250
215 218 219 222 223 250 1195
343 335 337 338 339 340 341 344 346 347 348 349 351
554 471 548 553 555 556 557 558 559 561 562 1065 1246
466 458 459 460 461 462 463 467 468 470 471 472 795
905 393 897 899 900 902 904 906 909 910 912 913 934
218 219 222 223 224 226 793
219 222 223 224 226 227 1221
263 255 256 258 260 261 262 264 267 270
1213 983 1205 1207 1208 1211 1217 1218 1221 1400
556 548 550 551 552 553 555 558 559 561 562 563 564 929 961
222 223 224 226 227 229 1426 1463
822 531 814 815 816 818 819 821 824 825 828 829 1166
1250 1228 1244 1245 1247 1248 1249 1252 1253 1254
223 224 226 227 229 291 1328
250 244 246 247 249 251 252 253 255 256 866 924 974 1178
1195 1189 1190 1191 1192 1194 1198 1199 1202 1203
224 226 227 229 232 1207
926 359 498 920 921 922 923 924 925 928 933 934 1003 1291
226 227 229 232 233 234 883
793 787 788 790 791 792 794 797 798 799 800 1037
227 229 232 233 234 580 672 960 1244
1221 650 840 1219 1222 1225 1228 1229
232 229 234 865 1264 1339
337 229 329 331 335 338 340 342 344
584 576 577 578 579 580 583 590
858 783 851 854 855 859 861 862 863 864 866
260 254 256 258 261 262 264 267 459 777 1108
840 832 833 839 841 843 844 845 847 848 1408
1050 291 1042 1047 1049 1052 1054 1056 1058
229 233 234
1426 1110 1418 1424 1425 1427 1430 1431 1433 1434
1463 525 829 1428 1456 1462 1464 1465 1468 1469
291 283 284 286 289 293 294 295 297 906 1052
1328 735 981 1323 1325 1326 1329 1330 1332 1335 1336
1207 1199 1202 1203 1208 1211
233 241 1087 1178
674 666 668 669 672 676 677 680 681 682
851 527 843 844 845 848 854
1134 1033 1127 1128 1132 1136 1138 1142
1363 928 1004 1357 1358 1361 1364 1368 1369
234 241 242 314 376 580
883 361 875 876 877 878 879 881 882 885 886 887 888 889 890
580 275 572 573 574 576 577 578 586 771 1327 1334
672 427 666 668 669 677 680
960 943 953 954 956 958
1244 1059 1157 1236 1238 1240 1245 1248 1249
251 244 246 247 249 253 255 258 359 388 753 910 951
766 758 759 760 761 763 764 765 767 768 770 772 773
977 694 974 976 981 983 984
646 270 639 644 647 648 650 651 652 1107
711 704 706 707 710 713 715 716 717 1029
767 617 759 760 764 765 768 770 772 773 775 1454
1033 668 701 882 1026 1027 1029 1030 1037 1040 1041
1388 633 1380 1383 1385 1386 1387 1390 1392 1393 1394 1395 1396
865 849 859 861 862 863 864 867 868 872 873 1108 1462
1264 300 435 707 1094 1261 1266 1269 1271
1339 1332 1335 1336 1337 1341 1342 1343 1344 1346
241 242 244 246 247 941
1087 1079 1083 1088 1089 1091 1093 1094
1178 915 1170 1171 1172 1174 1180 1184 1185 1186
242 244 246 247 249 712
314 309 310 312 318 319 320 321 913
376 258 370 371 372 373 374 375 377 382 383 384 533 566 825 922
1060 1052 1053 1054 1056 1058 1059 1062 1063 1065 1068
1246 329 717 800 1238 1240 1245 1247 1248 1249 1253
244 246 247 249 252 1330
792 790 791 794 797 798 799 800 839 1137
1228 370 940 1222 1223 1225 1226 1229 1230 1231 1232 1233 1236
1296 1290 1291 1292 1293 1295 1297 1298 1301 1302 1303 1432
1312 319 976 1305 1307 1308 1310 1313 1316 1318 1385
246 247 249 252 253 254 696
1015 879 1007 1010 1012 1013 1014 1016 1017 1018 1019 1023 1387
258 252 253 254 255 256 261 262 264 441 713
451 443 444 445 446 447 449 453 457 459 552 629
717 712 715 720 747
1408 795 1401 1402 1403 1404 1407 1409 1410 1412 1413 1415
1431 446 1424 1425 1427 1428 1430 1432 1433 1434 1435 1437 1438 1439
247 249 252 253 254 255 828
941 933 934 937 939 942 943 946 948 949
249 252 253 254 255 256 787 1114 1260
712 704 706 710 713 715 716 720 747 872 1028 1137
1166 740 1120 1158 1162 1163 1169 1170 1171 1172 1173 1174
252 253 254 255 575 605
1330 1323 1325 1326 1327 1329 1332 1334 1336 1337
253 254 255 256 261 1267
254 261 262 427
696 688 690 691 692 694 697 699 700 701 704 1098
255 256 261 262 294
828 821 824 825 829 832 833 860 913
256 261 262 264 1065
772 768 770 771 775 777 778 780
787 782 788 791 794 795 1176 1484
1114 481 899 1107 1109 1112 1115 1118 1119 1122
1260 477 965 1252 1253 1254 1261 1266 1267 1425
866 859 860 861 862 863 864 867 868 871 872 873 874
924 479 680 916 919 920 921 922 923 928 929 931 972
974 968 969 972 976 981 1342
359 310 351 352 353 354 357 360 361 363 545 689 995
388 380 384 386 387 389 390 391 392 393 394 396 427 481 1241
753 373 746 747 748 754 755 759 760 761
910 902 904 906 909 912 913 914 915 916 917
951 843 943 944 947 948 950 953 956 958
575 467 571 573 574 576 577 713 1062 1398
605 599 600 602 603 604 606 608 609 610 613 1295
261 262 264 267 269 449
1267 1062 1261 1266 1269 1271 1272 1273 1274 1275
262 264 267 269 270
427 423 430 431 433 435 458
294 286 289 293 297 300 795 1230
264 267 269 270 1299
1065 689 761 1058 1059 1061 1064 1068 1070
1132 1056 1125 1128 1129 1135 1136 1137 1138 1433
441 433 438 443 444 445 446 447 449 1464
713 706 707 710 715 720 721 1058
267 269 270 371 631
1380 1372 1375 1377 1378 1379 1385 1386 1387 1393
459 389 453 458 461 462 463 1396
777 771 773 775 778 782 783 900 1041
1108 572 1100 1101 1103 1105 1109 1110 1112 1115
269 270 276 277
449 282 443 444 446 447 453
270 275 276 277 393 780 1482
1299 878 1291 1292 1293 1295 1297 1298 1301 1303 1306
747 419 739 743 746 748 754 755 1481
824 816 818 819 821 829 832 1326
371 340 370 372 373 375 848 1137 1288
631 321 624 626 627 629 633 635 636 637 1194
275 277 280 282 283 804
276 277 280 282
864 555 859 860 861 862 863 867 871 872 1361 1394
1041 471 1037 1042 1045 1047 1049
277 280 282 283 284 1010
393 386 387 390 392 394 395 400 401
780 555 564 773 775 782 783
1482 576 920 1477 1479 1481 1484 1485 1490
431 423 425 426 430 438 788 1104
764 480 758 759 760 761 763 765 770
1013 1006 1007 1010 1012 1014 1018 1019 1020 1440
1361 1354 1357 1358 1359 1364 1368 1369
280 283 284 286
282 283 284 289 512
389 382 383 384 386 387 390 395 396 397 652 821 1372
538 347 522 530 532 533 534 536 537 540 542 545 1401
283 284 289 943
804 797 798 799 800 802 803 806 807 808 811 812 946 1097
284 286 289 929 937 1402
1010 395 531 891 939 968 1003 1004 1007 1012 1014 1016 1017 1018
286 289 293 887
1045 339 516 1037 1040 1042 1047 1049 1052 1053
309 304 305 310 312 315 316 1405
289 293 295 297 519 1205
972 759 965 968 976 1487
512 505 506 507 508 509 516 517 518 519 520 929
943 444 937 939 940 944 947 948 949 950
929 921 922 923 925 928 931 933 934
937 931 933 934 939 940 942 944 1249
1402 844 868 888 1394 1395 1396 1401 1403 1404 1407 1409
293 295 297 300
887 879 881 882 886 888 889 890 893 894
409 401 402 403 405 408 410 411 412 413 414 417
758 759 760 761 763 878 1181
768 760 761 765 770 771 775
1052 921 1049 1053 1054 1056 1058
295 297 300 368 1141 1308
859 854 855 860 861 862 863 867
1149 419 517 637 983 1117 1141 1142 1147 1150 1151 1152 1153 1155 1157
297 300 304 699
519 394 422 516 517 518 520 522 523 527
1205 356 1007 1037 1064 1104 1199 1202 1203 1208
825 666 819 821 832 833 949 1290
862 854 855 860 861 863 867 868
906 899 900 902 904 913 914
1194 1186 1188 1189 1190 1191 1192 1198 1199
1369 1364 1368 1371 1372 1377
300 304 305
795 559 790 791 794 797 799 800 802
1230 1222 1223 1225 1226 1229 1231 1233 1236 1238
368 360 361 363 365 370 372 374
1141 761 981 1135 1136 1138 1142 1147
1308 591 912 1301 1302 1303 1305 1306 1307 1309 1310 1313 1316
304 310 312
318 310 312 315 316 319 320 321 323 571 1375
1229 339 1222 1223 1225 1226 1232 1233 1236
699 691 692 693 694 697 700 701 704 706 707
305 310 312 429 814
1433 1138 1425 1427 1428 1430 1432 1434 1435 1437 1438 1439 1440
310 312 315 316
370 363 372 373 374 375 377 378
681 676 677 680 682 683 685 686 688 689
312 315 316 319 320 701
429 421 422 423 425 426 428 430 435 1310
814 807 811 812 815 818 819 821 1226
336 328 329 335 338 340 342 344 460 1047 1245 1392
315 316 319 320 321 323
614 606 608 609 611 613 616 617 619 620 704 1254
316 319 320 321 323 348 355 445
1405 728 1163 1297 1397 1398 1400 1401 1403 1407 1409 1410 1412 1413 1424
652 648 650 651 655 657 658 894
894 886 888 890 892 893 900 902 1349
319 321 323 325
320 321 325
701 392 527 697 700 704 707
321 323 325 328 329 1385
913 335 433 912 914 915 916 917 919 920
323 325 328 329 330 331 688 1190 1448
348 340 341 344 346 347 349 351 352 353 354 355 356
355 347 349 351 352 354 356 361 363 806
445 443 444 446 447 1211
325 328 329 331 1334
571 563 565 566 568 572 573 574 576 577 578 579
1375 1217 1368 1371 1372 1377 1378 1379 1383
328 329 330 331 335 1054
329 331 335 1099
1385 517 1379 1383 1386 1387 1390 1393
330 331 335 338 356 706 1192
331 335 338 339 1254
688 680 683 685 690 691 692 693 694 733 912
1190 532 1184 1185 1186 1188 1189 1198
1448 353 1440 1442 1443 1445 1446 1447 1449 1454 1456
773 765 770 775 778 829 1383
1103 1054 1097 1098 1100 1101 1104 1107 1109 1110
1334 1326 1327 1332 1337 1340 1341 1342 1349
867 534 860 861 863 871 872 874 875 1226 1327
1417 1409 1410 1412 1413 1415 1418 1424 1425
475 470 471 472 476 477 479 480 483 1006
481 476 477 483 485 486 489 875 928
335 338 340 341 342 954
1054 657 724 1047 1056 1062
1099 578 692 1091 1093 1094 1097 1098 1100 1105
338 339 340 341 342 346
356 349 351 353 354 357 360 361 363 1083 1192
706 700 704 707 710
1192 1186 1189 1191 1198 1199
339 340 341 344 346 347 626 1342
1254 1247 1248 1249 1252 1261
340 341 344 346 1129
1167 1159 1162 1163 1168 1169 1170 1171 1172 1173 1174
341 342 344 346 347 349
1290 656 889 1284 1286 1287 1288 1291 1292 1293 1295 1297 1298
342 344 346 347 349 1107 1418
954 946 947 948 949 950 953 956 958 961 962
344 347 349 351 1063
460 453 457 458 461 462 463 467 803
1047 568 1040 1042 1053 1352 1465
1245 1238 1240 1241 1247 1248 1249 1252 1253
1392 841 1288 1390 1393 1394 1395 1396 1398 1400
346 347 349 351 352 353 354
347 349 351 352 353 354
626 386 619 620 624 633 821 1309
1342 981 1336 1337 1340 1341 1343 1344 1346 1348 1349
1129 735 1122 1125 1127 1128 1135 1136 1137
349 352 354 357
1107 790 1100 1101 1104 1105 1109 1112 1115 1409
1418 1410 1412 1413 1424 1425
351 352 353 354 357 1101
1063 875 1056 1058 1059 1061 1062 1064 1069 1070 1117
352 353 354 357 360 361
1465 885 1457 1460 1462 1464 1466 1468 1469 1475
353 354 357 361 377
354 357 360 361
357 360 361 363 365 1040
761 377 754 755 759 760 763
1101 1093 1094 1097 1098 1100 1104 1105 1109 1453
360 365 1150
361 363 1484
377 373 374 375 378 380 382 383 384 1217
363 365 486
806 800 803 807 808 809 811 812 1006 1222 1394
1083 392 1075 1078 1079 1088 1089 1091 1098 1349
365 372 373 419 553
1040 755 1037 1042 1341
545 537 540 542 548 550 551 552 553 1053
689 683 685 686 690 691 692 693 694 697
995 987 988 991 993 998 999 1001 1003
1150 1142 1147 1151 1152 1153 1155 1157 1158 1364
1484 1383 1477 1481 1483 1485 1487 1489 1490 1491
597 405 590 591 593 596 599 600 602 603 604 1218
486 479 483 485 489
372 373 374 375 378 380 503 1261
373 374 375 378 380 428 1159
419 411 412 413 414 417 418 423 425 426 1288
553 548 550 552 557 559 561
374 375 380 382
375 378 380 382 383
483 476 479 480 485 489
1434 1427 1428 1430 1437 1438 1439 1440 1442
1464 396 677 1059 1457 1460 1462 1466 1468 1469
523 517 518 520 522 524 525 527 528 530 531
529 524 525 528 530 531 533 534 536 537 778
755 754 759 760
1176 1020 1168 1169 1171 1172 1173 1174 1180 1181 1184 1440
378 380 383 384 386
848 841 842 843 844 847 849 854 855
1137 384 536 861 1135 1138 1142
1288 1280 1283 1284 1286 1287 1291 1292 1293
380 386 387 1127
503 495 496 497 501 502 504 506 508 509
1261 1253 1266 1269
428 421 422 425 426 430 433
1159 1151 1152 1153 1155 1157 1158 1162
382 383 384 386 387 390 611 782 946
383 384 386 387 390 391
384 386 387 390 391 392 921
533 496 525 527 528 531 532 536 540 731
566 558 559 561 562 563 564 565 568 572 573 574 1152
922 915 916 917 920 921 923 925 928
1217 704 1211 1218 1219 1222 1223 1225
386 387 390 392 394 1439
413 405 406 408 410 411 414 415 417 418 999
525 418 517 518 520 522 524 527 530 531 532 746 1120
629 624 633 634 635 636 637 914
917 912 914 915 919 921 925
1435 909 1427 1428 1430 1432 1437 1438 1439 1440 1442 1443
1477 807 1469 1473 1475 1479 1481 1483 1485
387 390 391 394 395
1127 692 1119 1120 1122 1125 1135
390 391 392 394 395 396 602 666
611 604 606 608 609 610 613 616 617 619
782 775 778 790
946 940 942 944 947 948 949 950 953 1479
391 392 394 395 396 397 505 1180
392 395 396 397 400
921 914 915 916 919 920 923 925 928
1147 1142 1151 1152 1153 1155
394 395 397 400 402
1439 1432 1437 1438 1440 1442 1443 1445 1447
395 396 397 400 401 402 497 1223 1454
396 400 402 403 530 841 1460
1241 479 914 1233 1236 1240 1247 1249
397 401 402 403 604
821 815 816 818 819 829
1372 1364 1368 1371 1377 1379
602 603 604 606 608 609 704 1068 1218
666 591 658 663 668 669 815 983 1357
505 497 498 501 502 504 506 507 509
1180 860 1173 1174 1181 1184 1185 1186 1188
400 401 402 403 405 406 408
401 402 403 408 433 461 729 738
402 403 405 406 408 410
497 495 496 498 501 502 504
1223 472 1001 1218 1219 1222 1225 1226 1231
1454 794 802 1446 1449 1453 1456 1457 1460 1462
403 405 406 408 411
530 524 528 531 532 534 536 537 1284 1479
841 463 720 839 842 843 845 847 849
1460 562 1453 1456 1457 1462 1468
604 596 599 608 609 610 1309
405 406 408 410 411 412 919 993
406 408 410 411 412 414 1037
536 528 531 532 534 537 1079
1049 613 1042 1053 1056 1394
408 410 411 412 414 415
433 425 426 430 438 1030
461 457 458 462 463 468 728
729 422 721 724 726 728 731 733 735 737
738 731 733 735 737 739 740 743
410 411 414 415 417 418 754 1231 1316
411 412 414 415 417 418 949 1026
412 414 415 418
919 735 791 897 912 914 915 916 920 923 925
993 986 987 988 991 996 998 999 1001
414 415 417 418 421 422
1037 735 1029 1042 1483
415 417 418 421 422 423
531 524 527 528 532 534 537 739 891
1023 788 1016 1017 1018 1019 1024 1026 1028 1030 1332
417 418 421 422 425 1006
418 421 423 425 446
754 616 746 748 759 760
1231 676 1225 1226 1232 1233 1238
1316 1020 1309 1310 1313 1318 1321 1323
949 942 947 950 953 956
1026 843 1019 1024 1027 1028 1029 1030
999 991 996 998 1003 1004 1007
421 422 423 425 426
422 425 426 1466
423 426 885 988 1468
425 426 430 1344
1006 724 998 1003 1004 1007 1014
446 438 443 444 447 1136
426 430 1447
682 676 677 680 683 685 686 690 1273
697 690 692 693 694 700 704
1466 693 1104 1462 1469 1473
885 878 879 881 882 886 888 889 891 892 893 1364 1396 1479
988 981 983 984 987 991 996 1358
1468 1286 1469 1473 1475
430 435 914
1249 1248 1252 1253
1344 799 1336 1337 1340 1341 1343 1346 1349 1352
1447 1440 1442 1445 1446 1449 1453
435 438 443
458 457 462 463 1225
1310 931 1302 1303 1306 1307 1309 1313 1318
914 912 916 920 1068
438 443 444 743 1473
788 707 783 790 791 794 797
1104 1097 1098 1100 1105 1109 1110 1112 1425
873 871 874 875 876 877 878 879 881 1283
1030 1024 1027 1028 1029 1395
443 444 447
444 447
740 733 735 737 739 743 746 748
818 532 811 815 816 819 888
1012 693 996 1004 1007 1016 1017 1019 1291
743 746 1483
1473 783 1469 1475 1479 1481
447 453
1073 1068 1069 1070 1075 1078 1079
669 663 677 889
1332 1325 1326 1327 1329 1336 1337 1340
1211 639 1203 1208 1218 1219
1136 1135 1138 1142 1291
453 457 1079
457 462 463 815
540 532 534 542 548 692
649 643 644 647 648 650 655 656 657 844 1383
1393 1386 1387 1390 1395 1396 1398 1400 1401
552 548 550 551 555 557 558 559
771 690 765 770 775 778 1151
1079 778 1075 1097
462 463 468 470 627
463 467 468 470 471 1188
613 606 608 609 615 616 617 619 620
815 807 808 809 811 812 816 819
1225 1218 1219 1222 1232 1233
1396 634 1394 1395 1398 1400 1403 1404
467 470 471 472 803
803 797 798 799 800 802 807 808 809 1335 1387
468 470 471 472 476
728 720 721 724 726 731 733 735
470 471 472 476 477 517 658 1172
627 619 620 624 633 634 635 984 1233
471 472 476 477 479
1188 1018 1181 1184 1186 1189 1191
472 476 477 479 480 1301
716 710 715 721 724
860 854 861 863 868
476 477 479 480 548
477 479 480 485 1240
802 794 799 800 807 808 809 916
1287 1280 1283 1284 1286 1291 1292 1293
517 509 518 520 522 1172
658 650 655 656 657 663
1172 1168 1169 1170 1171 1173 1174
479 480 485 839
480 485
1301 1293 1297 1302 1303 1305 1306 1307 1309
710 704 715
548 542 550 551 555
485 489
1240 739 1018 1232 1233 1236 1238
839 832 833 842 843 844 845 847
489 495 1202
875 871 872 876 877 878 879 881 882 889
928 920 923 925 931 933 934
721 720 724 726
1305 1297 1298 1303 1306 1307 1313
829 832 833 1138
1115 534 1109 1110 1112 1117 1119
495 496 498 501 502
812 807 808 809 811 816 819
1202 1198
496 498 501 502 504
498 501 502 504 506
1125 610 1118 1119 1120 1128
1155 1151 1158 1162 1280 1327
501 504 506 507 508 509
656 650 651 655 663
502 504 506 507 508 509
568 561 562 563 564 565 572 573 574 576
504 506 507 508 509
506 507 508 509
1020 1014 1016 1017 1018 1019 1024 1027 1028
1340 1291 1335 1336 1337 1341 1343 1346 1348
507 508 509
508 509 516 1335
509 516
516 518 520 522 524 981
1335 833 1327 1336 1341 1343
518 520 522 524 1430
1291 1283 1286 1292 1293 1295 1297 1298
520 522 524 527 528
522 524 527 528 1120
524 527 636
981 976 983 984 986 1075
1430 1424 1425 1427 1428 1432 1437 1438
527 528 532 534
528 532 534
1120 1117 1122 1128
636 633 634 635 637 639 643 644
532 534 564
746 739 748
534 537 542
537 542
778 770 775 783 987 998
1284 1277 1278 1280 1283 1286 1292
1479 1475 1481 1483 1487
739 733 735 1070 1390
891 617 886 888 889 890 893
564 557 558 559 561 562 563 565 572
731 578 726 733 735 737
542 550
1088 1091 1093 1094
1401 1394 1395 1397 1398 1400 1403 1404 1407 1409
692 685 686 691 693 694 700 1138
550 551 555 557 558 1346
551 555 557 558 559 986 1219
1278 603 1273 1274 1275 1276 1277 1280 1283 1286
1053 1056 1058 1061
1142 1135 1138
1232 854 969 1226 1233 1238
555 557 558 559 561 562 563 1247
799 794 797 798 807 956
557 558 559 561 562 563 565 748 987
558 559 561 562 563 565
1346 1341 1343 1348 1349 1352 1354
559 561 562 563 565
986 983 987 991
1219 1001 1218 1222 1226
561 562 563 565
562 563 565
563 1199
1247 596 1248 1253
961 953 956 958 962 965 968 969 1378
565 572 573 791
748
987 983 984 991
1199 1191 1203
572 573 574 576 577 578 579 1354 1432
573 574 576 577 579
791 783 790 794 797 890
574 577 578 579
1152 1151 1153 1157 1158
576 577 578 579 583 872
578 579 583 586 855
577 579 583 1377
579 583 586 783
1354 737 1348 1349 1352 1357 1358 1359
1432 1424 1425 1427 1428 1437 1438 1440
1062 809 1056 1058 1059 1064 1068 1069 1070
1398 1390 1394 1395 1397 1400 1403 1404
583 586 590 591 1059 1440
872 868 871 876 877 878
1377 1371 1378 1379 1383
586 590 591
855 847 849 863 1016
783 775 790
1327 878 1321 1325 1329
590 591 593 596
591 593 596 599
1059 797 1007 1058 1061 1064
1440 676 1437 1438 1442 1443 1445 1446
593 596 599 600
596 599 600 603
1024 1016 1017 1018 1019 1027 1028 1029 1271
599 600 603 606
600 603 606 608
733 726 735 737
1475 1001 1469 1481 1483
603 608 610
1218 1222 1226
606 608 609 610 877 947
608 609 610 615 616
609 610 615 616
704 700 707
1068 849 1061 1069 1070 1075
610 615 616 617
1309 637 1303 1307 1313
1295 1292 1293 1297 1298 1302 1303 1307
877 871 874 876 878 879 881 882 1437
947 939 942 944 948 950 953
615 619 620
616 619 620 624 1248
617 619 620 624
619 620 624
620 624
715 707 720 1014 1368
1410 1403 1404 1409 1412 1413 1415
624
1248 1252 1253
800 794 797 807 808 912 1064 1157
897 889 890 892 893 899 900 902 904 1118
633 634 637 639
634 635 637
635 637 639 1272
984 976 983 991
1233 940 1226 1236 1238
1387 1379 1383 1386 1390 1394 1395
637 639 643 644
1485 1415 1481 1483 1487 1491
639 643 644 647 861 874
1272 1266 1269 1271 1273 1274 1275 1276 1277 1280
643 644 650 651
644 647 648 650
647 648 650 651 655 798
861 854 863
874 868 871 876 878 879 882
648 650 651 655
650 651 655
651 655 657
655 657 663 1438
798 790 794 797 916 1400
657 663
844 842 843 845 847 849
1383 1378 1379 1386 1390
1168 1162 1169 1170 1171 1173 1174
663 668
1438 1437 1442 1443 1445 1446
1236 1238
668 676
1271 1266 1273 1274 1275 1276 1277
1276 1269 1273 1274 1275 1277 1280
735 737
983 976 991
1357 1349 1352 1358 1359
676 677 680 683
677 680 683 685
889 881 886 888 890 892 893
931 923 933 934
680 683 685 686
683 685 686 690 691
685 686 690 691
686 691 693 694
690 691 693 694
1273 1266 1269 1274 1277 1280
691 693 694 912
693 700 1487
694
912 819 904 909 915 920
700 707
1138 1135
1487 1397 1483 1489 1490 1491
1098 1091 1093 1097 1105 1112 1303
965 962 968 969
707
1056 1058 1061 1064
1280 1274 1275 1277 1283 1286
933 925 934 939 940
1029 1001 1027 1028
720 724
1028 996 1027
1058 1061 1064 1390
1014 1007 1016 1017 1019
1368 849 1371 1462
724 726
726 849
1425 1424 1427
863 868 871 1341
1378 1371 1386
849 845
737
944 940 942 948 950
1070 1064 1069 1075 1078
1390 1386 1394 1397
1483 1481 1489 1490
1415 1407 1412 1413
996 991 998 1001 1003 1004
1481 1118 1489
1163 1157 1158 1162 1169 1170 1171
892 886 888 890 893 899 900 923
759 760 763 765
968 962 969 976
760 763 920
763 765 770
765 770 909
1181 1173 1174 1184 1185 1186 1189
878 843 871 879 881 882 886 1313
920 915 916 923 925
770 775
909 902 904 915
775
1089 1091 1094
1151 1153 1157
900 899 902 904
998 991 1001 1003 1004
1093 893 1091 1094 1097 1100
790 797 1269
1174 1169 1170 1171 1173
794 797
1128 1119 1122 1135
797
1269 1198 1266 1274 1277
890 882 886 888 1001
916 915 923
1400 1394 1395 1404 1407
807 809 811
956 948 950 953 958 962 1277
808 809 811 816 842
1064 1061 1069
1157 1158
1100 1094 1097 1105
1153 1158
809 811 816
811 816 819
1097 1091 1094 1105
881 847 876 879 882 886 888 1326
1222 1226
1394 1386 1395 1397
816 819
842 843 845 847
819
1226
888 882 893
832 833
1326 1266 1286 1318 1323 1329
833 1292
1427 1424 1428
1042 1397
1292 1286 1293 1297 1298
882 886
1413 1407 1412
843 845 847
1443 1238 1437 1445 1446 1449
845 847
1169 1170 1171 1173
847 854
854
1349 1343 1348
1162 1158
969 962 976
1275 1274 1277 1283
1016 1017 1018
868 871
871 876 879 1307 1337
1341 1336 1337 1343 1348
1462 1456 1457 1469
876
879
1307 1302 1303 1306 1313
1337 991 1329 1336 1343
1283
1437 1442 1445
886
1313 1158 1306 1318 1321
1321 1119 1318 1323 1325 1329
1412 1404 1407 1409
893 899
1364 1358 1359 1371
1001 1003 1004 1007
899 902 904
923 915 925
902
904
1118 1112 1117 1119 1122
934 939 940 942
915
925
1003 1004 1007
939 940 942 1404
940 942 948
942 948 950
1404 1397 1403 1407 1409
948 950 953
950 953 958
953 958
958 962
962 1208
1277 1274
1018 1017 1019
1303 1297 1298 1306
1208 1203
976
1395 1397 1403
1105 1109 1110 1112
1075 1069 1078
991
1358 1352 1359
1348 1343
1004 1007
1007
1297 1293 1298
1017 1019
1019 1027
1027
1397 1403
1352 1359
1061 1069
1069
1117 1109 1112 1119 1122
1078 1293
1293 1286 1298
1091
1094
1112 1109 1110 1119
1109 1110
1453 1445 1446 1449 1456 1457
1110
1409 1407
1119 1122
1122
1135
1252 1253
1428 1424
1158
1170 1171 1173 1489
1171 1173
1173
1489 1490 1491
1184 1185 1186 1189 1191
1185 1186 1189 1191
1186 1189 1191
1286
1189 1191
1191 1198
1274 1266
1198 1203
1203
1238
1446 1442 1445 1449
1253
1266
1445 1442
1298 1302 1306
1302 1306
1306
1318 1323 1325
1323 1325 1329
1325 1329
1329 1336
1407 1403
1336 1343
1343
1359
1371 1379
1379 1386
1386
1403
1424
1442 1449
1449 1456 1457
1456 1457
1457
1469
1490 1491
1491
