0 1 2 3 4 5 449 996 997 998 999
1 2 4 5 6 279 680 996 998
2 3 5 6 579 997 998 999
3 4 5 6 7 8 135 998 999
4 6 7 8 140 424 608 687 731 893 999
5 6 8 9 10 871 965
449 79 117 445 446 447 448 450 451 452 454 469 576 657 864
996 336 701 991 992 993 994 995 998 999
997 22 132 294 804 909 947 992 993 994 995 998
998 276 993 994 995 999
999 257 327 724 935 951 994 995
6 7 8 9 10 11 167
279 36 197 274 277 278 283 284 574 901
680 675 677 678 679 681 682 683 684 685
579 46 574 575 577 578 580 582 583 584
7 8 9 10 11 12 206
8 9 10 11 12 13 729
135 130 132 133 136 137 138 139 140 170 827
140 136 138 139 141 142 144 145 811
424 286 295 419 420 421 422 425 426 428 429 556 869
608 495 603 604 606 607 609 610
687 295 683 684 686 689 690 692 705
731 38 726 727 728 729 730 733 734 735 736
893 58 398 795 889 890 892 894 895 896 897
9 10 12 13 486 791
10 11 12 15 121 778
871 866 867 869 870 873 874 875 876
965 323 838 961 962 964 966 967 968 969
11 12 13 14 15 16
167 162 164 166 168 170 171 172 227
12 13 14 15 16 17 489 720 812 951
206 201 202 203 204 205 207 208 209 210 211
13 15 16 355 615 850 888
729 346 595 730 732 733 734
486 38 186 481 482 485 487 489 490 491
791 321 640 673 787 788 789 790 792 793 794 795 796 864 919
15 14 16 17 19 20 323 380
121 116 117 118 119 120 122 125 126 460 830
778 332 564 773 774 775 777 779 780 781 783
14 16 18 19 74 749
16 17 18 19 20 21 758
17 18 19 20 21 22 234 970
489 207 485 487 488 490 491 492 493 585
720 131 220 349 437 513 715 719 721 723
812 807 808 809 810 811 813 814 816 817
951 242 946 948 950 954 956
355 353 354 357 358 359 360 640
615 610 611 612 613 614 616 617 618 620
850 382 698 707 848 849 851 852 853 854 855 885
888 29 883 884 885 886 887 889 891 892
18 19 21 22 23 525 985
19 21 22 23 24 476
74 39 69 70 72 73 75 76 77 78 265
749 195 744 745 746 747 748 750 751 753
20 21 22 23 24 25 328 478 625
323 318 320 321 322 324 327 433
380 88 235 375 376 377 378 379 381 382 385 634 736
21 22 24 25 26 60 378
758 733 753 754 755 757 759 760 761 762 763
22 23 24 26 255 301 734 769 958
234 229 230 231 232 233 235 236 237 238 239
970 966 967 968 969 971 973 975
23 24 25 26 27 28 483
525 520 522 523 524 526 527 528 529 530 661
985 34 980 981 982 984 986 987 988 989
24 25 27 28 29 541
476 266 268 471 472 475 477 480 801 816
25 26 27 28 29 30
328 93 171 324 325 326 327 329 330 332 333 656
478 41 96 473 474 475 479 480 482 483 622
625 389 620 621 622 623 624 626 627 628 629 630
26 27 28 30 31 327 577
60 55 57 58 61 62 63 64 65 391
378 374 376 377 379 381 382 383 631
255 93 250 253 254 256 257 258 259 260 607
301 144 296 297 298 302 304 305 306 491 793
734 189 566 730 732 733 735 736 738
769 201 336 765 766 768 770 772 773 774 976
958 482 499 955 956 959 960 961
27 28 29 30 32 632 760
28 29 31 32 33 212 596
483 349 479 481 482 484 487 978
29 30 31 32 33 34
541 536 537 538 542 545 546 761 977
30 31 32 33 34 35 225
31 32 33 34 36 376
327 322 324 325 326 331 332 636 846
577 100 453 572 574 575 581 582
32 33 35 37
632 351 627 628 630 633 634 635 636 637
760 110 756 759 761 762 764 765
33 35 36 38
212 207 209 210 211 214 216 217
596 83 591 594 597 599 600 601 786
34 35 37 38 39 293 763 838
35 36 37 39 40 246
225 220 221 222 223 224 228 229 230 777
36 37 38 39 40 41 843
376 371 372 374 375 377 379 381 785
37 38 39 40 41 42 339 382 533 845
38 40 41 42 43
39 40 41 42 43 44 634
293 95 235 288 289 290 291 292 295 297 298
763 393 704 759 761 762 765 766 768
838 91 833 834 835 836 837 839 840 841 843 955
40 41 42 44 45 724
246 241 243 244 245 247 248 249 250 251 364 764 844
41 42 43 46
843 839 841 842 844 845 846 847 848
42 43 44 45 46 47 712
339 334 335 337 338 340 341 342 343
382 377 383 384 385
533 153 529 530 531 532 534 535 536 537 538
845 487 715 837 840 841 846 848 849 876
43 45 46 48 151 409 755
44 45 48 49 384 757 826
634 147 495 629 630 631 633 638 639 650
45 47 48 49 50 488 515 707
724 605 721 722 723 726 727 728 768
46 48 49 50 51 312 375 887
47 49 50 51 52 685
712 70 707 708 710 715 716 745 860
48 49 50 51 52 53 80
151 146 147 148 149 150 154 155 188 576
409 404 406 410 411 412 413 414 781
755 750 751 752 753 754 756 759 981
49 50 51 53 737
384 139 379 381 385 386 387 388 389
757 66 154 166 442 752 753 754 756 761 877 895
826 127 185 315 821 822 823 824 825 827 829
50 51 52 54 55 705
488 71 86 447 485 487 490 491 492 493 505 590 655 840
515 118 368 510 511 512 517 518 519 520
707 603 702 704 705 706 708 709 711
51 53 54 55 56 895
312 288 307 308 309 310 311 313 314 315 316 317
375 370 371 372 374 377 379 552 653
887 860 882 883 884 885 886 890 892
52 53 54 55 57
685 92 552 681 682 683 684 686 688 689 690
53 54 56 57 58 576
80 75 76 77 78 79 81 83 405
737 732 733 735 738 739 740 741 742
54 55 56 57 58 59 513
55 57 410 630 973
705 211 551 701 702 704 706 709 710 821
56 57 59 61 721
895 155 890 892 894 897 898 900
57 58 61 62 360
58 59 61 63 177 340
576 571 572 573 574 575 578 581 832
59 61 62 63 64 403 452
513 61 508 509 510 511 512 514 516 518
410 405 406 407 408 411 412 413 414 415
630 372 626 628 629 631 633 872 925
973 968 971 972 974 975 976 977 978
61 64 65 565 715
721 191 280 460 719 722 723 725 726 881 961
62 63 64 65 67 510 589 946
360 357 358 359 362 363 364 365
63 64 65 66 68
177 172 173 175 176 180 181 182 265 674
340 335 336 338 341 342 344 620
64 66 67 68 69 752
403 398 399 400 401 402 404 406 407 408 776 966
452 447 448 450 451 454 455 456 457 682
65 66 67 68 69 70 841
391 386 387 388 390 392 393 394 395 396 801
565 188 560 561 562 563 567 568 569 570
715 710 711 713 714 719 786
67 68 69 70 72 241 398
510 505 506 507 508 509 511 514
589 584 585 587 590 591 592 593 594 983
946 300 526 941 942 943 948 949 950
66 69 70 89 98
68 69 70 71 72 73 251
69 71 72 73
752 429 447 493 751 754 756
70 71 72 73 546 842 867
841 836 837 839 840 842 846
89 84 85 86 87 88 90 91 92 93 94 179 208
98 93 94 95 96 97 99 100 101 102 103 244
72 71 73 75 76 77 335
241 236 238 240 243 244 245 361
398 393 394 395 396 397 399 400 401 402 952
71 73 75 76 154 481 624
73 75 76 77 78 742
251 248 249 252 254 464 507 743
546 257 542 543 545 547 548 549 550 551
842 837 839 840 844 846 847
867 862 863 864 865 866 868 870
75 77 78 79
76 78 79 81 405 801
154 149 150 152 153 155 156 157 159
481 236 479 480 482 485
624 289 619 626 628 629 804 892
77 78 79 81 82 862
335 331 332 333 334 336 338
78 79 81 82 83
742 739 740 743 744 746 747 924
265 260 262 263 264 266 269 270 547 647
79 82 83 84 317 741 853
81 82 83 85 86 553 648
405 400 401 402 404 406 407 408 765
801 649 796 797 798 799 802 803 804 805
82 83 84 85 86 87 500 827
862 141 302 858 859 860 863 865
83 84 85 86 87 88 583
84 85 86 87 88 227
317 92 313 314 315 316 318 319 320 322 829
741 248 736 738 743 744 745 825
853 137 407 848 849 851 854 855 856 857 858 953
85 86 87 90
86 87 90 91 96
553 442 495 551 554 556 557
648 643 644 645 646 647 650 651 652
87 88 90 91 207 573 674 814
500 90 211 495 496 498 499 501 503 504 505
827 822 823 824 825 828 829 830 897
88 90 92 93
583 578 580 581 582 585 586 587
227 222 226 228 229 230 231 232 802 945
90 92 93 94 95 232
91 92 93 94 96 535 588
96 93 94 97 99 100 427
207 200 202 203 205 208 209 678
573 100 344 569 570 572 574 575 578
674 669 670 671 673 675 676 677 678 679 702 733 846
814 120 163 813 816 818 819
92 94 95 97 194
93 97 844
94 95 99 764
179 175 176 178 180 182 183 184 835 959
208 203 204 210 211 213
95 97 100
232 228 229 230 233 236 237 451 879 967
535 474 531 532 534 536 537 538 539 765
588 504 584 585 587 591 592 593
97 99 100 101 102 169 819
194 190 191 192 193 195 196 197 198 457
844 551 839 840 846 847
99 100 101 102 103 104 357
764 320 759 761 762 765 766 767 768
100 101 102 103 104 105 313
427 127 423 425 426 428 429 431 432
101 102 103 104 106
102 104 105 107 136 924
169 165 168 170 171 172 173 174 439 582 611
819 547 816 817 818 820 821 823 824
103 104 105 106 107 108 723
244 239 240 242 243 245 249 253 345
104 105 106 107 108 109 243 277
357 292 352 353 354 358 359 361 362 815 880
105 106 107 108 109 110 386 616 628
313 308 309 311 315 316 318 586 779
106 107 108 109 110 111
107 109 110 111 112
136 131 132 133 134 137 138 139
924 920 921 922 923 925 926 927 928 929
108 109 111 112 113 536 765
723 442 575 719 725 726 727
109 110 111 112 113 114 575
243 238 240 242 311 531
277 272 274 275 276 278 281 282
110 111 112 113 114 115 330 672
386 133 381 385 387 388 703 714 952
616 611 612 613 614 618 619 620 621
628 623 626 627 631 633
111 112 113 114 115 116 586
112 113 114 115 116 117
113 115 116 118
536 219 531 532 534 537 538 540
765 132 558 761 762 766 767 768
114 115 116 117 118 119 926
575 129 484 570 571 572 574 580 808 968
115 116 117 118 119 120 332
330 217 325 326 329 331 333 334 622
672 667 668 669 670 671 673 676 677
116 117 119 120 754
586 146 581 582 584 585 587 590 591
117 118 119 120 122 131 181 708
118 119 120 122 123 605 942
119 122 123 124 913
926 915 921 922 923 927 928 929 931
120 122 123 124 125 186
332 331 333 334 336 337
754 202 697 750 751 753 756
122 123 124 125 127 563
131 126 127 129 130 132 134
181 176 182 183 184 185 186 287 521 540
708 640 703 704 706 709 713 874
123 124 125 126 127 128
605 600 601 602 603 604 606 607 609 610
942 937 938 939 940 941 943 945 947
124 125 126 128 129
913 908 909 910 912 914 915 916 917
125 126 128 129 130 345 949
186 182 183 185 187 188 189 190 830
126 130 304 309 660
460 455 456 458 459 461 463 465
830 416 829 831 832 833 835 907
127 128 129 130 199 350 471 832
563 503 559 560 561 562 564 566 567 568
128 130 132 133 900 986
129 130 133 134
130 132 134
345 237 341 342 344 346 347 349 350 962
949 431 531 944 945 947 948 952 953 954
304 299 300 302 303 305 306 307 308 309
309 305 306 308 310 311 314
660 159 238 655 656 657 658 661 662 663 664
199 195 196 197 198 201 202 203 204
350 346 347 348 349 351 353 354 657
471 467 468 469 470 472 473 474 475 507
832 788 829 831 833 834 836 837
132 133 134
133 134 138 193
900 174 595 896 897 898 901 902 903 904 905
986 439 981 983 984 988 989 990 991
134 137 919
138 141 142 143 645 896
193 188 189 190 191 195 197 198 783 793
137 139 142 367 792 839 936
919 914 915 916 917 920 921 922 961
139 141 142 143 144 846
170 165 168 171 172 174 175 362 935
142 141 144 146 147 503 933
367 361 362 363 364 365 366 368 369 370 371 372
792 787 788 789 790 793 794 795 797 879
839 834 835 836 837 840
936 931 932 933 934 935 937 939 940 941
141 143 145 146 802
143 144 145 147 269
645 271 490 640 642 643 644 647 649 650 691 704
896 292 295 892 894 898 901
144 145 146 147 148
846 848 849 851
145 146 149 156
811 642 806 807 809 810 813 815 816 981
146 147 149 150 501
802 798 800 803 805 806 807
147 149 150 300
503 498 499 501 504 505 506 507 508
933 377 484 928 930 931 932 934 935 938
269 264 267 268 270 271 273 739
148 149 150 152 153 703 966
149 150 152 501 552
156 152 153 155 157 158 160 161 163 694 776 810
150 153 155 281 456 748
501 496 497 498 499 502 504 505 506
300 295 297 298 299 302 303 305 713 783
152 153 155 250 416
153 155 157 158
703 502 698 699 700 701 702 704
966 961 962 963 968 969 971
552 547 548 549 550 551 555 557
155 157 158 159 980
281 276 283 285 286 594
456 453 454 455 457 459 461
748 743 744 745 746 747 750 753
188 183 184 185 187 189 190 191 192 282 641
250 245 247 249 253 254 912 957
416 411 412 414 415 418 419 420 421
157 158 159 160 161 162 190 400
158 159 160 161 162 163 430
159 160 161 162 163 164
980 975 976 977 978 979 981 983 984
160 161 162 163 164 165 204 288
161 162 163 164 165 166
163 164 165 166
694 408 689 690 692 693 695 698 699 855
776 567 572 771 773 774 775 777 779 780 781
810 668 722 805 806 807 808 809 815
162 164 165 166 172 435
190 185 187 189 191 192
400 395 399 402 404 761
430 425 429 433 434 435 635
164 165 166 168 562
165 166 168 828
204 200 201 202 205 209
288 283 286 287 289 290 291 292 429 779
166 168 171 487 849
172 168 171 173 175 650 817
435 431 432 433 434 437 438 439 440
168 171 173 815
562 557 558 564 566 567 984 988
828 823 824 829 831
171 173 174 175 176 561 571
487 482 484 485 490
849 436 848 851 852 854
173 174 175 176 178 566 964
815 283 381 813 816 817 818
174 176 891 968
439 434 436 437 438 440 441 442 443
582 578 580 581 584 587 795
611 310 606 607 609 610 613 614 820
175 176 178 180 302 601
362 275 358 359 363 365 407
935 663 878 932 937 938 939 940
176 178 180
561 261 366 556 557 559 560 564 566 732
571 567 568 569 570 572 574 653 806
650 299 646 647 649 651 652 653 654 655 670
817 813 816 818 820 821 822
178 180 182 183 521 619
566 564 568 569 570 982
964 336 701 943 959 960 961 963 967 969
891 886 889 890 892
968 963 967 971 972
180 182 184 185 890
302 297 303 305 306 307 494
601 286 598 599 600 602 604 606
182 183 185 187 491
183 184 187 419
521 516 517 519 520 522 523 524 526 602 635
619 614 617 618 620 621 622 623 657
184 185 187 189 957
835 831 833 834 861
959 954 955 956 957 960 961 963 969
185 189 646
890 885 886 889 892 894
287 282 283 284 285 286 289 291 948
540 222 491 537 538 539 542 543 544 545
187 189 191 192 622 907
491 490 492 493 495 496
419 216 252 415 418 420 475 670
189 191 198 664 899
957 915 952 953 954 955 956 960 961 962
646 388 641 642 643 644 647 649 651 860
191 192 195 196 248 285 514
192 195 196 197 568
622 617 618 621 623 626 627
907 442 902 903 904 905 906 909 910 911 912
282 283 284 285 286 667 697 921
641 211 636 638 639 642 643 644 797
198 195 196 197 202 203
664 659 661 662 663 665 666 668 669 875
899 714 803 894 901 902 904
195 196 197
196 197 200 201
248 247 252 458 717
285 226 283 284 286 289 947
514 509 512 517 518 519
197 200 201 202
568 564 567 569 572
783 779 780 781 782 784 785 786 788 944
793 788 789 790 794 795 796 798
457 366 453 454 455 458 461 462
200 201 202 203 205 591
201 202 203 205 221
202 203 205 396
203 205 784
205 209 210 551 621
591 587 590 592 593 594 595
221 216 217 218 219 222 223 224 226 915
396 392 393 394 395 399 401
784 592 779 780 782 785 786 787 788 789
209 210 213 214
210 211 214 215
551 247 397 548 550 554 555 983
621 617 620 623 626
211 213 214 215 216
678 673 676 677 679 681 682 683
213 214 215 216 217 218 921 929
214 215 216 217 218 219
215 216 217 218 220 397 898
216 217 218 219
217 218 219 220 929
218 219 220 222 223 451
921 762 916 917 918 920 922 923
929 925 927 928 930 931 932 961
219 220 223 224 276
220 222 223 224
397 392 393 394 395 401 550 556 725
898 361 595 598 897 902 903
222 223 224 226 700 823
223 224 228 283 570 908
451 446 447 448 450 453 454
224 226 229 623
276 272 273 274 278 280 911
226 228 229 230 231 428 967
915 470 910 912 916 917 918 920
700 361 695 696 699 702 704
823 818 820 825
228 230 233 580 903
283 278 284 286 744
570 433 567 569 574
908 904 905 906 909 910 911 912
229 230 231 233
623 618 620 627
230 231 233
777 631 716 773 774 775 781 782
231 233 235 236 856
428 423 425 426 429 431 432 433
967 291 963 969 971 972
945 940 941 943 944 947 948 950
233 235 236 237 238
580 578 581 584 585
903 877 901 902 904 905
235 237 238 239 240
236 237 238 239 240 296 787
856 325 851 852 854 855 857 858 860 861
237 238 239 240 242 474 690
879 719 874 876 877 878 880 881 883 884
238 240 242 676
239 240 242 368 466 797
240 242 245 581 658
296 292 294 295 297
787 782 785 786 788 789 790
242 245 247
474 469 472 473 475 477 494 569
690 686 688 689 691 692 693 695
676 671 675 677 679 681 719
368 363 364 366 369 370 371 372 373
466 461 463 464 465 467 468 469 470
797 743 794 796 798 799 800
245 247 249
581 359 578 584 585
658 558 653 654 655 656 659 661 662
361 356 358 364 365 366 369
247 249 252
311 306 307 308 314 315 316 597 813
531 485 526 528 529 530 532 534 939
249 252 254 307 766
253 252 254 256 257 258 631
364 359 363 365 366 369
252 254 257 321
458 453 454 455 459 461 462 463 739
717 388 713 716 718 722
254 257 258 259 392 663 948
307 305 306 308 310 337
766 298 719 761 767 770 771
912 909 911 914 916
464 459 461 463 465 467 468 469 836
507 502 504 505 506 508 509 511 512
743 739 740 744 745 746 747
257 256 259 260 261 262
321 316 319 320 325 545 639
256 258 259 260 261 413
258 259 260 261 415 873
631 626 629 633 635
259 261 262 263 264
392 387 388 389 390 393 394 395
663 496 659 661 662 665 667
948 369 390 771 943 944 947 953
260 261 262 263 264 675 988
607 602 603 604 606 609 610 612 716 914
261 262 263 264 266
413 325 412 414 415 417 418 796
262 263 264 266 267 759
415 404 411 412 414 417 418 420
873 377 804 868 869 872 874 875 876 878
263 264 266 267 268
264 267 268 442 781
675 545 670 671 673 677 679 972
988 875 983 984 987 990 992 993
266 267 270 271
267 268 270 271 272 365 993
759 756 761 762
268 271 272 273
442 437 440 443 444 446 447
781 779 780 785 786
270 271 272 273 275 906 982
547 542 543 544 545 549 550 695
647 642 643 644 649 652
271 272 273 274 275
272 620
365 363 366 369 818
993 326 617 989 992 994 995
273 274 275 278 600 773
739 353 738 740 744 851 962
275 274 278 280 863
906 600 901 902 905 909 910
982 496 714 977 978 983 984 987
274 278 318 555 692
620 617 618
278 331
600 493 595 597 598 602 603 604
773 768 770 771 772 774 775
318 314 315 316 319 320 322 684
555 434 554 556 557 558 559 638 795
692 688 689 691 693 695 697 701
280 284 768 831 836 934
863 858 859 860 861 865 866 868
911 450 909 910 914 916
331 326 329 333 334 336
284 286 289 418
574 569 578
901 897 902 904 905
768 767 770 771 772 990
831 762 829 833 834 836
836 834 840
934 930 931 932 937 938 939
286 289 290 291
594 590 592 593 595 597 598 599
667 662 666 669 670 671
697 693 695 696 698 699 701 702 974
744 385 706 740 745
289 290 291 292 294
418 414 417 420 421 422 423
947 950 952
290 291 292 294 295
291 292 294 295 475
292 294 297
429 425 426 431 432 433 434 975
779 756 774 780 782
294 295 297 299
295 297 298 299 747
475 470 472 473 479 480
297 298 299
298 299 303 557
299 303 369
747 745 746 750 751
303 305 306 308 352
557 554 559 560
369 324 366 370 372 373 374
305 306 308 310
713 673 709 710 711 714 716 718
306 310 603 984
494 395 490 493 495 497 498 499
308 310 698
352 347 348 349 351 353 356 981
310 314 315 528
603 598 602 604 606
984 334 979 981 987 989
337 333 334 341 342 604 639
698 693 695 696 699
314 315 316 319
315 316 319 320
528 356 524 526 527 529 530 532
316 319 320 374
597 556 592 593 595 602 884
813 809 816 818
319 320 322 840
320 322 324
374 371 372 373 377 379
322 324 325 326 465
829 824 825 833
684 679 681 682 683 688 689 727
840 837
324 325 326 329 969
325 326 329
545 542 543 544 548 549
639 636 638 640 642 643 960
326 329 492
465 461 462 463 468 469 470 493 517
433 431 436 437 438
329 333 334
969 733 972 974
492 445 490 493 495 496 497
636 633 635 637
333 338 459
656 651 653 654 655 657 661 979
334 336 338
336 338
338 341 342 343 691 851
459 454 455 461 462 736
341 342 343 344 438 578
342 343 344 346 347
604 599 602 606 609
343 344 346 347 348
691 686 688 689 693 696
851 847 848 852 854
344 347 348 349
438 434 436 437 440 443
578 387
346 348 351
347 348 349 351
348 349 351 353 716
349 351 353
962 960 961 963
351 353 354 356 461
353 354 356 358 874
716 711 714 718
354 356 358 359
657 652 653 654 659 662
356 358 359
461 395 462 463
981 477 665 976 977 978 979 983
358 359 363
874 869 870 872 878 910
359 462
640 635 638 642 643 644 876
880 875 876 877 878 881 882 883 884 885
363 366 726
462 426 463 467
366 370 371 652
407 402 404 406 408 411 412 848
726 725 727 728 730
818 816 821 822
370 371 372 373 953
371 373 847
652 649 651 653 654
372 373 377 668 805
373 377
953 950 955 956
847 820 848
377 381
668 477 626 666 669 670 673 782
805 800 803 804 806 807 809
379 381 383
653 649 651 654 655 683
381 383 385
785 399 727 780 786 789 790
383 385 387 401
385 387 388 389 390 502
736 733 735 738 740
387 388 390 550
401 402 404 406 420
388 389 390
389 390 393 394
390 393 394 395
502 498 504 505 506 894
714 493 644 709 710 718 719
952 954 955 956
550 548 549 554
393 394 395
394 399
395 399
399 402 404
556 554 558 559 560
725 722 728 730 994
402 404 406
404 408
761 762
406 408 411
420 417 421 422 423 425
408 411 412
411 412 414 772
412 414 417 512 796
848 852
414 417 804
772 454 770 771 774 775
417 421 422
512 455 509 511 516 517 520 963
796 798 799 800 910
804 530 799 800 803 806 808 885
421 422 423 425 426
422 423 425 426
423 425 426
670 665 666 671 673
425 538 558
426 431 917 922
869 864 865 866 868 870 872
538 534 537 539 542 543
558 559 560
431 432 434 436
917 914 916 918 922
922 920 923 925 927
432 436 437 499 530 854
434 436 437
975 971 974 976 977 978 979
635 633 637 638
436 437 440 441
437 440 441
499 448 498 504 610
530 526 527 529 532 534
854 855 857 858 859
440 441 443 444 445
441 443 444 446 918
443 444 445 446 447 448
444 445 446 447 448 613
445 446 447 448 450 473
446 447 448 450
918 916 920 923 990
447 448 450
448 450 453
613 472 610 612 614 618 751
450 453 455
473 468 470 472
453 454 455 807 837
454 455
469 467 468 470 472
864 837 860 861 865 866 868 872
455
682 677 679 681 683 686
807 659 803 806 808 809
837 833 834
463 467 468
467 468 470 472 990
468 470 472
470
493 490 496 497 661
517 516 518 519 522
472 477 683
990 987 989 994 995
477 479 480 505 808
683 679 681 686 688
569 564
479 480 482 484
480 482 484
816 820 821
505 506 508 509
808 803 806 809
482 484 485 930
484 485
485 490
930 925 927 928 931 932
978 974 976 977 979 983
490 495
590 585 592 593 595
655 651 654 659
585 584 587
495 496 497 498
496 497 498
497 767
661 662 665 666 728 939
498
767 762 770 771 932
504 506 508 509 943
610 606 609 612 614
506 508 511
894 889 892 897
508 509 511
509 511 520
943 938 939 940 941 944
511 516 904
520 516 518 519 522 523 524
516 518 519
904 902 905 909
963 799 960
518 519 522 523
519 522 523 524
522 523 524 526 527
523 524 526 527 669 706
524 526 527 529
526 529
602 598 599 606 950
527 529 532
669 665 666 671 673
706 701 702 704 709 711
529 532
532 534 537 937
534 537 539
939 937 938 940 941 944
537 539 542 711
937 932 938 940 941
539 542 543 544
542 543 544
711 710
543 544 548
544 548 549
977 972 974 976 979
548 549
549 554
695 693 699
554 559
983 987
559 560 564
638 633 637 642 643
795 790 794 798 799 800
560 564
564 567
732 727 728 730 733 735
567 572
572
806 809
584 587
587 592
592 593 595
593 595 598 702
595 598 599 651
598 599
702 699 704
599
651 649 654
786 782 788 789 790
884 881 882 883 885 886 889 925
606 609
950 954 955
609 614 834 979
612 614 617
914 909 910 916
614 618
834 824 833
979 974 976
820 821 822 824 825 927
617 701
618
751 746 753 756
701 696 699 704
626 627 629
627 629
629 633
892 889 897
633 789
872 868 870 876 877
925 920 923 927 928
637 642
789 722 788 790 794
642 643 644
643 644
960 955 956 961
644 649
876 877 878 881
649 654
704 699 709
860 782 855 857 858 861 865
654 659
659 662
662 665 666
665 666
666 671
728 727 730 972
875 870 877
671 673
673 677 920
782 780
677 679 681
920 916 923
679 681
733 738
972 971 974 976
681 686
719 718 722
686 688 689
688 689 693 746
689 693
727 722 730
693 696
746 745 750 825 971
696 699 825 956
699
855 771 857 858 859 861
825 821 822 824
956 954 955
974 976
709 710
710
821 822 824
745 740 750
718 722
722
881 877 878 882 883 885 886
961
730 735
994 989 991 992 995
735 738 740 941
738 740
740
941 938 940 944
750 753
971 976
753 756
756
877 878 882
762
770 774 775
771 774 775
932 927 928 931
774 775
976
775 780
780
788 790
944 940
790 794
794 798 799
798 799 800 803
799 800 803
800 803
910 905
803
885 882 889
809
822 824
824
927 923 931
897 902
833
861 857 858 859 865 866
955 954
852 857
857 858 859
858 859
859
865 866 868 870
866 868 870
868 870
870
878 882 883
882 883 886
883 886
886 889
889
902 905
905 909
909
916
923 928
928 931
931
938 940
940
954
987 989 991 992
989 991 992
991 992 995
992 995
995
