0 1 2 4 5 6 581 1317 1452 1993 1994 1995 1997
1 2 3 4 5 6 8 556 1142 1360 1995 1996 1997 1998 1999
2 3 4 5 6 7 8 9 1510 1995 1996 1998 1999
4 3 5 6 7 8 9 1810 1997 1998
5 3 6 7 9 10 11 12 1998 1999
6 8 9 10 11 12 13 1808 1999
581 574 575 577 580 582 584 585 587 588 867
1317 557 633 1310 1311 1312 1313 1315 1316 1318 1320 1321 1322 1323 1324
1452 148 1182 1445 1446 1447 1450 1451 1453 1454 1456 1457 1458 1459
1993 863 1866 1986 1987 1988 1989 1990 1991 1992 1994 1995 1996 1997 1998 1999
1994 1987 1988 1989 1990 1991 1992 1995 1996 1998 1999
1995 465 1389 1988 1989 1990 1991 1992 1996 1997 1998 1999
1997 3 710 914 1414 1990 1991 1998
3 8 9 846 1123 1329 1673 1996 1998 1999
8 9 10 11 12 13 14 268 1162 1386 1576
556 549 550 551 552 553 554 558 559 560 561 931
1142 147 718 1135 1137 1138 1139 1141 1143 1147 1148 1149 1502
1360 27 268 373 1353 1354 1355 1356 1357 1358 1361 1363 1364 1365 1366 1367
1996 514 1361 1469 1863 1989 1990 1991 1992 1999
1998 470 882 1466 1991 1992 1999
1999 380 492 1596 1929 1992
7 9 12 14 267 375 473 1039 1369
9 10 11 12 13 14 15 16 542
1510 68 463 702 739 1503 1505 1506 1507 1509 1511 1513 1514 1515 1516 1517
846 839 840 841 842 843 844 847 849 850 851 852 853
1123 377 839 1116 1120 1121 1122 1126 1127 1128 1129 1130 1415 1454 1988
1329 1001 1322 1325 1326 1327 1328 1330 1331 1332 1333 1334 1619
1673 1666 1667 1668 1670 1672 1674 1675 1676 1677 1678 1679 1680
1810 548 1473 1569 1713 1803 1805 1806 1807 1808 1811 1812 1813 1814 1815 1816 1817
10 12 14 15 17 532 896 1120 1198 1232 1339
11 12 14 16 17 18 141 230 1119 1812
12 13 14 15 16 17 18 19 633
13 14 15 16 17 18 19 20 1366 1425
1808 357 1177 1418 1801 1802 1803 1804 1805 1807 1809 1813 1814 1815
14 15 16 17 19 21 1116 1724
267 244 260 261 262 263 264 265 266 268 269 270 271 272 274 1437
375 175 369 370 371 372 373 376 377 378 379 380 381 382 587 726
473 466 467 468 469 470 471 472 474 475 476 477 478 479 1951
1039 1032 1033 1034 1035 1036 1037 1038 1041 1042 1043 1044 1045 1046
1369 643 740 1190 1362 1363 1365 1366 1367 1368 1370 1372 1373 1374 1375 1412 1897 1990
268 91 262 265 266 270 271 273 275 691 1115 1467
1162 185 1155 1156 1161 1165 1166 1167 1168 1169
1386 1379 1380 1381 1382 1383 1384 1385 1387 1388 1389 1390 1392 1393 1920
1576 726 1569 1570 1571 1572 1573 1574 1577 1578 1579 1580 1582 1583
15 17 18 19 20 21 22 856 1450
16 17 18 19 20 21 22 23 29 806 1281
542 536 537 538 540 541 543 544 545 548 549 582 665 1057 1305
17 18 19 20 21 22 23 24
532 23 525 526 527 528 529 530 531 533 534 535 536 537 538 539 1016
896 199 775 889 890 891 892 893 894 895 897 900 901 903 1840
1120 199 1060 1114 1115 1116 1117 1118 1119 1121 1124 1125 1126 1127 1467
1198 1191 1192 1194 1195 1197 1200 1201 1202 1203 1463 1779
1232 435 1225 1227 1228 1229 1230 1231 1233 1234 1235 1236 1237 1238 1239
1339 1332 1333 1334 1335 1337 1338 1340 1343 1344 1345 1346
18 19 20 21 22 23 24 25 457 1388
141 65 136 137 138 139 142 143 144 146 148 220 341 493 510 1706
230 223 225 226 227 228 229 231 232 233 234 235 236 237
1119 790 1112 1113 1114 1116 1117 1118 1122 1125 1126 1346 1444 1908
1812 1146 1805 1806 1807 1809 1811 1813 1815 1816 1817 1818 1819
19 21 23 24 25 26 428
633 180 392 431 626 627 628 629 630 632 634 635 636 637 638 639 901
20 21 22 23 25 26 27 604 821 1683
1366 84 997 1359 1362 1363 1364 1365 1367 1368 1370 1371 1372 1373 1553 1685
1425 1065 1418 1421 1422 1426 1429 1430 1431 1432
21 22 23 24 25 26 27 28 1913
1116 447 1109 1110 1111 1113 1114 1115 1117 1118 1121 1122
1724 1501 1717 1718 1719 1722 1723 1725 1726 1727 1730 1731
22 23 24 25 28 142 212
856 605 849 850 851 852 853 854 855 857 858 859 860 862 863 914
1450 954 1443 1445 1446 1447 1448 1451 1453 1454 1455 1456 1457 1772 1910
23 24 25 27 28 29 810 1072 1694
29 24 27 30 32 33 34 35 36 766 1853 1882 1931
806 800 801 802 803 804 805 807 808 810 811 813 914
1281 1274 1275 1276 1279 1280 1282 1283 1284 1285 1287 1804
24 25 26 28 30 31
25 26 27 28 30 31 32 60
457 75 450 451 452 453 456 459 460 461 463 464 638 1268 1825
1388 134 287 1382 1383 1384 1385 1387 1389 1390 1391 1392 1393
26 27 28 30 31 32 33 1203 1449 1777 1886
428 46 421 422 424 426 429 430 431 432 433 434 435 931 1514
27 30 31 32 33 34 140 777
604 597 599 600 601 602 603 606 607 608 609 1648 1814
821 624 814 815 816 817 818 819 820 822 823 824 825 826 827 828 1053
1683 1676 1677 1678 1679 1680 1681 1682 1684 1685 1687 1688 1689 1690
28 30 32 34 35 173 1630 1741 1750 1908 1985
1913 836 1037 1091 1906 1907 1908 1909 1910 1911 1915 1916
142 98 135 136 137 138 139 143 144 145 146 147 149 576 1575 1910
212 206 207 208 209 210 211 213 214 215 216 217 218 470 1173
810 588 804 807 808 809 811 815 816 1071
1072 746 1066 1067 1068 1069 1073 1076 1077 1078 1079
1694 855 939 1231 1337 1681 1687 1688 1689 1690 1691 1695 1696 1697 1699 1700 1701
30 31 33 34 35 37 1875 1894
31 32 33 34 35 36 37 38 1097 1862
32 33 34 35 36 37 38 39 49 334 400 1463
60 53 54 56 57 58 59 61 64 65 66 67 931
33 34 36 37 38 39 40
1203 865 1197 1199 1200 1204 1206 1207 1208 1209 1210 1830
1449 1442 1443 1444 1445 1446 1451 1453 1454 1455 1456 1894
1777 1193 1722 1771 1772 1775 1776 1781 1782 1783 1784 1895
1886 174 606 610 871 1266 1879 1880 1881 1884 1887 1889 1891 1892 1893
34 35 36 37 38 41 928 1602 1653
140 135 137 138 143 144 145 146 186 965 1077 1133
777 133 770 772 773 774 775 776 778 780 781 782 783 784 1430 1596 1872 1888
35 36 37 38 39 40 42 484 1218 1946
173 166 167 169 170 175 176 177 178 179 520 568 618 691 1332
1630 968 1158 1623 1624 1625 1626 1627 1628 1629 1631 1632 1633 1634 1635 1636 1841
1741 1182 1734 1735 1736 1737 1738 1739 1740 1742 1743 1744 1746 1747 1748
1750 1183 1743 1745 1746 1748 1749 1751 1752 1753 1754 1755 1756 1757
1908 1681 1901 1902 1903 1904 1905 1906 1909 1910 1911 1912 1914
1985 533 941 1978 1979 1980 1981 1982 1983 1984 1986 1987 1988 1989 1990 1991 1992
36 37 38 39 41 42 1354
766 39 393 759 760 763 764 765 768 769 770 771 773 1736 1809
1853 876 1567 1846 1848 1849 1850 1852 1854 1856 1857 1858 1859 1860
1882 264 313 1875 1876 1877 1880 1881 1884 1885 1887 1888 1889
1931 1370 1924 1926 1927 1928 1929 1930 1933 1934 1935 1936 1937 1938
37 38 40 41 43 44 1146 1436
1875 629 854 1056 1381 1662 1869 1870 1871 1872 1873 1876 1877 1879 1880
1894 591 1889 1890 1892 1893 1895 1896 1897 1898 1899 1900
38 39 40 41 42 390 470 1174
1097 254 718 1090 1093 1094 1098 1099 1100 1102 1103 1104 1456 1703
1862 571 906 1384 1856 1857 1858 1859 1860 1861 1864 1865 1866 1867 1868 1870
39 40 42 43 44 45 66 179 365 1439
49 42 43 44 45 47 48 51 52 53 55 56 530 540 1284
334 327 328 329 330 332 333 335 339 340 341 616 1591 1680
400 289 394 396 398 399 401 402 403 404 406 407 470 832 1849
1463 130 1261 1456 1457 1458 1462 1464 1465 1466 1467 1468 1469 1470
40 41 42 43 44 46 47
41 42 43 44 45 46 47 48 1073 1290
928 87 699 715 922 925 926 927 929 930 931 932 933 934 1745
1602 622 1338 1595 1596 1598 1600 1603 1604 1605 1606 1607 1608 1609 1840
1653 892 1646 1647 1650 1652 1654 1655 1656 1659 1660
42 43 44 45 46 47 48 1057 1299
484 477 478 479 480 481 482 483 485 486 488 489 490 491 1700
1218 1211 1212 1213 1214 1215 1216 1217 1219 1223 1225
1946 80 1118 1940 1942 1943 1944 1945 1947 1948 1949 1950 1952 1953
1354 311 1347 1348 1350 1351 1352 1353 1355 1357 1358 1361 1417 1441
43 44 45 46 47 48 50 344 558 814 1581
44 45 46 47 50 51 135
1146 406 550 700 981 1139 1140 1141 1143 1144 1145 1149 1150 1151 1152 1153
1436 1429 1430 1432 1433 1437 1439 1440 1441 1442 1443
390 384 385 387 388 391 392 393 394 395 396 397 1324
470 463 465 468 469 471 472 475 476 477 1138 1656
1174 298 1167 1168 1169 1171 1173 1176 1177 1178 1179 1180 1181
45 46 47 48 50 51 52 1224 1260 1660 1704
66 59 62 63 64 65 67 69 70 72 73 350 1553 1751 1967 1992
179 174 175 176 177 178 180 181 182 183 184 185 447 1148 1169 1211
365 358 359 360 361 363 364 366 367 368 371 372 787 1481
1439 1274 1432 1434 1435 1437 1438 1440 1441 1442 1443 1444 1445 1446 1476 1614 1865
46 47 48 50 51 53 458 1506
47 48 50 51 53 54 755 905
48 50 51 52 218 668 833 1535
1073 465 575 1066 1068 1070 1071 1074 1075 1076 1078 1079 1080 1834
1290 773 1283 1285 1286 1287 1288 1291 1293 1294 1295 1296 1297 1690 1926
1057 125 919 935 1050 1052 1053 1055 1056 1058 1059 1060 1061 1062 1063 1769
1299 381 606 1060 1134 1255 1292 1294 1296 1297 1298 1300 1302 1303 1304 1305 1306 1970
50 52 53 54 55 56 57 96 489 1836
344 337 338 340 341 342 343 345 346 347 348 351 546
558 551 552 553 554 555 557 559 560 561 562 563 564
814 330 811 812 813 816 817 818 820 1215 1596
1581 312 579 1574 1575 1577 1579 1580 1583 1584 1585 1588 1680 1771
51 52 53 54 56 58 63 143 725 936 1614
135 128 131 132 133 134 136 137 139
52 53 55 56 57 58 628 1651 1936
1224 313 514 1219 1220 1221 1223 1226 1227 1228 1229 1230 1231 1586 1924
1260 480 1253 1254 1256 1257 1258 1259 1261 1263 1264 1265 1266 1267 1747
1660 61 71 183 1075 1655 1656 1657 1658 1659 1661 1662 1664 1665 1666
1704 729 1697 1698 1699 1700 1701 1702 1703 1705 1706 1707 1710 1711 1719
53 54 56 59 539 909 1788 1967
458 451 452 453 455 456 459 461 462 463 464 465 1109
1506 1499 1500 1501 1502 1503 1504 1505 1507 1508 1509 1511 1512 1513 1921
54 55 56 57 61 311 722 1069 1525 1928
755 748 749 750 751 752 753 754 756 757 758 760 761 762
905 898 899 900 902 903 904 907 908 910 911 912 989 1582
218 211 213 214 215 216 217 219 220 221 223 224 225 409 454 1027
668 232 661 662 663 665 666 667 669 670 671 672 674 892 1713 1784
833 168 391 734 826 828 834 835 836 839 840 1310 1316 1415 1638 1866
1535 949 1528 1529 1531 1533 1534 1537 1539 1540 1542
55 56 57 59 61 62 337 396 775 873 1432 1520 1631
56 57 58 59 61 62 63 1481
530 524 525 528 529 534 535 537 625 1928
540 533 534 535 536 537 538 539 541 543 545 546 547 772 1980
1284 1277 1278 1279 1280 1282 1283 1285 1286 1289 1291
57 58 59 62 63 64 95 116 1637 1836
96 89 90 91 93 94 95 101 102 226 407 459 1796
489 482 483 485 486 487 488 490 491 492 493 494 495 496 715 1015
1836 626 735 1645 1829 1831 1832 1833 1835 1838 1839 1840 1841 1842 1843 1883
58 59 62 64 65 932 1480 1978
63 59 61 62 64 65 67 68 310 769 1577 1715
143 136 137 138 139 144 145 147 148 150 1640
725 162 718 720 721 722 723 724 726 728 732 1465 1558 1872
936 891 929 930 931 932 933 937 939 940 941 942 943 1726 1815
1614 501 738 1607 1608 1609 1610 1611 1612 1613 1615 1616 1617 1618 1619 1620 1621
628 184 621 622 624 626 627 631 632 634 635 1729
1651 403 832 1644 1645 1646 1647 1648 1649 1650 1652 1654 1655 1656 1657 1658
1936 783 784 1930 1932 1933 1934 1938 1939 1940 1941 1942 1943
59 61 62 64 65 1102
539 350 374 536 537 541 544 546 742 1173 1638
909 902 903 904 906 907 908 912 913 914 915 916 1004 1071 1815
1788 345 808 1135 1781 1782 1784 1785 1786 1789 1790 1791 1792 1793 1794 1805
1967 153 1098 1110 1960 1961 1962 1963 1965 1966 1968 1969 1970 1971 1972 1973 1974
61 62 64 65 67 68 951 1893
311 304 306 307 308 309 310 312 313 314 316 317 318 440 1074 1571 1650
722 715 716 717 718 719 720 721 723 724 726 727 728 729
1069 826 907 1062 1063 1064 1065 1067 1068 1070 1071 1074 1075 1076
1525 1519 1520 1521 1522 1523 1524 1527 1528 1529 1530 1531 1532
1928 242 605 1921 1922 1923 1924 1926 1927 1930 1932 1933 1934 1935 1948
62 64 65 67 68 69 391 735 937
337 237 330 331 332 333 336 338 339 340 342 343 608 773 1100
396 389 391 392 393 394 398 399 401 402 403
775 768 769 770 773 778 779 780 781 782 1785
873 219 804 854 867 868 870 871 872 874 875 876 954 1040 1970
1432 427 1088 1426 1427 1429 1430 1433 1437 1438
1520 1514 1515 1516 1517 1518 1519 1521 1522 1523 1526 1527
1631 192 1624 1625 1626 1627 1628 1629 1634 1635 1636 1637 1638 1846
1481 444 533 705 1229 1475 1476 1477 1478 1482 1484 1486 1487
64 67 68 70 71 753 1241 1372
95 89 90 92 93 94 98 99 100 101 1219
116 109 110 111 112 113 114 117 118 119 120 121 122
1637 511 576 1313 1632 1634 1635 1638 1642 1643 1644 1907
65 67 69 70 71 72 748 1000 1494
932 925 929 930 931 933 935 937 938 939 1316
1480 1473 1474 1475 1476 1477 1479 1482 1483 1484 1486 1487
1978 621 1671 1972 1973 1974 1975 1976 1977 1979 1980 1981 1982 1983 1984
1102 684 1095 1096 1098 1099 1100 1104 1106 1107 1108 1141
67 68 70 71 72 73 74
931 924 925 926 930 933 935 937 938 1294
68 69 71 72 73 369
951 944 945 946 947 950 952 953 955 956 957 958
1893 1888 1889 1890 1892 1895 1896 1897 1898 1899
69 70 71 72 73 74 75 76 1172 1459 1793
391 352 385 386 387 388 389 392 394 397 398 1593
735 729 732 733 734 736 737 738 739 740 741 742
937 523 865 930 933 935 938 939 940 941 942 944
310 303 305 306 307 309 313 314 315 316 317 1447 1889
769 762 763 764 765 767 768 771 772 773 774 776 947 1196 1465 1677
1577 1570 1571 1572 1573 1574 1575 1578 1579 1580 1582 1584
1715 469 686 1708 1709 1711 1712 1714 1716 1717 1718 1719 1720 1721
70 71 72 74 76 77 78 206
71 72 73 74 75 78 127 301 1331
753 622 746 747 750 751 752 754 757 758 759 760 852 1779
1241 1111 1235 1236 1237 1238 1239 1242 1243 1244 1245 1247 1248 1495
1372 1365 1367 1368 1370 1371 1373 1374 1375 1376 1378 1379
72 73 74 75 76 77 78 79 251 1014
748 407 485 742 743 744 745 746 747 749 751 1024 1110 1345 1476 1586 1648
1000 115 439 993 995 996 997 998 999 1001 1004 1007 1250 1353 1840 1970
1494 494 1487 1488 1489 1490 1492 1495 1496 1497 1498 1499 1500 1501 1961
73 74 75 76 77 78 80 1645
350 245 329 343 345 346 348 349 351 352 355 356 357
1553 1103 1455 1546 1547 1548 1549 1550 1551 1552 1554 1555 1557 1558 1560
1751 1223 1744 1746 1747 1748 1753 1754 1755 1756 1757 1758
1992 1192 1986 1987 1989 1991
74 75 76 77 79 80 81 221
369 362 363 364 367 368 370 371 372 373 374 376 1048 1551
75 76 77 78 79 80 81 82 251 1017
76 79 80 81 82 83 480 1423 1884
1172 1016 1165 1166 1167 1168 1169 1171 1173 1175 1176 1178 1179 1922
1459 869 1122 1447 1453 1454 1455 1457 1460 1461 1462 1464 1465 1902
1793 105 134 477 543 1786 1787 1789 1791 1794 1796 1797 1798 1799 1800
77 79 80 81 82 83 169 312 1322
78 81 83 84 85 1529 1977
206 199 200 201 202 203 204 207 208 209 210 213 1766 1847
127 120 121 122 124 125 126 128 129 132 133 134 849 1084
301 146 293 295 297 298 299 300 302 303 305 308 1034
1331 1324 1325 1327 1328 1330 1332 1334 1336 1337 1338 1628
79 80 81 83 85 86 603 1920
251 244 245 246 247 248 249 252 254 256 257
1014 533 1007 1008 1009 1011 1013 1015 1017 1018 1020 1021
80 81 82 83 85 86 87 158 1249
1645 1205 1638 1640 1641 1642 1643 1644 1646 1647 1648 1649 1650 1652
81 82 83 84 85 86 87 88
221 137 214 216 217 219 220 222 223 225 227 228 368
82 83 84 85 86 87 88 362 565 1555 1745
1017 1011 1012 1013 1015 1016 1020 1021 1022 1023 1024 1070
83 84 86 87 88 89 90 254 1038 1563
480 474 476 477 478 479 481 482 483 485 486 487
1423 345 969 1010 1013 1416 1417 1419 1420 1421 1426 1427 1428 1429 1430
1884 1877 1878 1879 1880 1881 1883 1885 1887 1888 1889 1890 1891
169 162 163 164 165 166 167 170 171 172 174 175 176 612 791
312 305 306 308 309 315 316 317 318 319 599 640 955 1958
1322 1264 1292 1316 1318 1319 1320 1321 1324 1326 1328 1390
84 85 86 87 88 89 90 91 487
85 86 87 88 90 91 92 1222 1846
1529 1166 1470 1522 1523 1524 1526 1527 1528 1530 1533 1534 1536
1977 800 876 1318 1970 1971 1972 1973 1974 1975 1979 1980 1981 1982 1983
86 87 88 89 90 91 92 93
603 596 597 598 599 600 601 602 606 608 609 610 1615 1926
1920 112 250 962 1916 1918 1919 1921 1922 1923 1924 1925 1926 1927
87 88 89 92 93 94 1214
158 151 153 154 155 156 159 160 161 162 163 164 165 562 1106 1532
1249 431 512 767 1242 1243 1245 1246 1247 1248 1250 1251 1252 1254 1255 1256
88 89 90 91 92 93 94 720 796
362 355 356 357 358 360 361 363 366 368 534
565 89 559 561 562 566 567 568 569 570 572 623 892 1612
1555 434 687 1148 1548 1549 1550 1551 1552 1554 1557 1558 1559 1560 1561 1562
1745 882 1739 1740 1742 1743 1744 1747 1748 1749 1752
89 90 91 92 233 708
90 91 92 93 94 1217
254 247 248 250 252 253 255 257 258 259 260 364 380 1548
1038 308 744 1031 1032 1033 1035 1037 1041 1042 1044 1045
1563 1556 1558 1559 1560 1561 1562 1564 1565 1566 1567 1568 1569 1570 1820
91 92 93 94 98 506 1453 1860
487 237 238 322 481 483 485 488 491 492 493 494 1963
92 93 94 97 98 211 1058 1719
1222 966 987 1216 1217 1219 1220 1226 1227 1228 1229 1285 1940
1846 448 1312 1839 1841 1842 1843 1845 1848 1849 1850 1851 1852
93 94 97 98 99 100 695 796
94 97 100 326 460 961
1214 191 1207 1208 1209 1210 1211 1212 1213 1215 1216 1217 1219 1221
720 713 714 716 717 718 719 723 724 726 727
796 789 790 792 793 795 798 799 800 801 802 803 1342 1764
233 226 227 228 229 232 234 235 236 237 238 239 240 282
708 701 702 703 704 705 707 709 710 711 712 713 714 715 912 1368 1587
1217 433 1210 1211 1212 1215 1216 1219 1220 1221 1223
98 97 100 101 104 298 523 812 1536
506 499 500 502 503 504 505 508 509 511 513
1453 291 1193 1446 1447 1448 1451 1454 1456 1457 1458 1460
1860 1809 1854 1855 1856 1858 1859 1861 1863 1864 1865 1867
97 99 100 101 102 103 104 378 822 1274 1727
211 205 207 208 209 210 214 215 216 217 412 1122 1186 1370
1058 1051 1053 1055 1056 1059 1060 1061 1062 1063 1064 1065
1719 1712 1713 1714 1717 1718 1720 1723 1725 1726
99 100 101 102 103 104 106 662 1813
100 101 103 104 105 106 107
695 397 688 689 691 693 696 698 699 700 701 702 1428
326 319 320 321 322 323 327 328 329 330 333 892 1082 1276
460 171 453 454 455 459 461 462 463 465 466 467
961 282 954 955 957 958 959 960 962 963 964 965 966 967 968 1435 1988
101 102 103 104 106 107 108
1219 976 1212 1213 1215 1216 1220 1221 1225 1226
102 103 104 106 107 108 109 159 1263 1509 1574 1701
226 219 220 222 223 224 225 227 228 232 1041 1573
407 401 402 403 404 405 406 408 410 411 412 413 414 550
459 452 454 455 456 463 466 607 859 1682
1796 520 1074 1140 1623 1789 1790 1791 1792 1794 1795 1797 1799 1800 1801 1802
103 104 106 107 109 110 388 544
104 105 106 107 110 304 1234 1305 1845
378 371 372 373 374 376 377 379 384 385 978 1248
822 297 820 823 825 827 828 829 1786 1889
1274 1268 1269 1270 1271 1273 1275 1276 1277 1279 1280
1727 1341 1720 1722 1723 1726 1728 1729 1731 1732 1733 1734
298 200 292 293 294 296 297 299 300 302 303 304 305 317 381 1009 1621 1780
523 516 518 520 522 524 525 526 527 528 529 861 1636
812 726 805 807 809 811 813 815 816 817 818 1500
1536 802 1060 1530 1531 1532 1533 1534 1537 1538 1539 1540 1541 1542 1543
106 105 107 108 109 110 111 112 113 1186
662 655 656 658 659 660 661 663 666 669 718 1560 1726 1729
1813 570 585 990 1799 1806 1807 1809 1811 1815 1817 1818 1819 1820
105 108 109 111 112 234 572 791 819 1470
107 108 109 111 112 113 114 262
108 109 110 112 115 305 1941
109 110 111 112 113 114 115 1183 1899
159 154 156 157 161 162 163 164 165 166 413 426 579 1188 1608
1263 1256 1257 1258 1259 1261 1262 1264 1265 1266 1267 1268 1270 1477
1509 128 975 1502 1503 1504 1505 1507 1508 1512 1513 1514 1516
1574 1015 1567 1569 1570 1572 1573 1578 1580 1606
1701 417 1695 1696 1697 1698 1699 1700 1702 1703 1706 1707 1708 1832
110 111 113 114 115 117 613 737 843 1148
388 382 383 384 385 386 389 392 393 394 395
544 452 537 538 541 543 545 546 547 548 549 550 551 1981
304 299 300 302 303 306 307 308 309 577 1108 1483 1712
1234 794 1227 1228 1229 1230 1233 1235 1236 1237 1238 1239 1240
1305 1298 1300 1301 1302 1303 1304 1306 1307 1308 1309 1310 1311 1312 1435
1845 554 1395 1838 1840 1841 1842 1843 1844 1848 1849 1850 1852 1947
111 112 113 114 115 117 118 1059 1523
112 113 114 118 119 721
234 213 227 228 229 232 235 236 237 239 241 441 818
572 566 567 569 570 571 573 574 575 576 577 579 1504
791 360 785 786 787 789 790 792 793 794 797 798 1150 1461 1473
819 486 813 817 820 824 825 826 1431 1477
1470 466 1141 1464 1465 1466 1467 1468 1473 1474 1475 1477 1695
113 114 117 118 119 120 1079 1636 1712
1186 197 609 1180 1181 1182 1184 1185 1188 1189 1190 1191 1192
114 115 117 118 119 121 401 1259
262 255 256 257 258 260 261 263 265 266 534 684 1457
115 118 119 121 122 382 1018 1031 1157
305 299 300 302 303 306 307 309 570 976 1139 1345
1941 232 836 1074 1539 1934 1935 1937 1938 1939 1940 1942 1944 1945
1183 525 1176 1177 1180 1181 1182 1185 1187 1189 1190
1899 596 863 1338 1714 1892 1895 1898 1900 1902 1903 1904 1905 1906
117 118 119 120 122 123 124 1030 1905
613 574 607 608 609 610 611 612 614 615 617 618 619 620
737 730 731 732 733 734 736 739 740 743 744
843 836 837 838 839 840 841 842 844 845 847 848 849 850
1148 272 660 1034 1113 1141 1143 1144 1145 1147 1149 1151 1152 1616
118 119 120 122 123 124 125 479 1823
1059 578 1052 1053 1054 1055 1056 1061 1062 1063 1065 1066 1892
1523 450 1517 1519 1521 1522 1524 1526 1527 1528 1906
119 120 121 122 123 124 125
721 217 714 715 716 717 719 723 724 726 727 1892
120 122 123 125 126 982
1079 229 1074 1075 1076 1077 1078 1080 1081 1083 1084 1085 1086
1636 290 508 1292 1629 1632 1634 1635 1638 1639 1640 1641
1712 1705 1706 1707 1708 1709 1710 1711 1714 1716 1717 1718
121 122 123 125 126 128 580
401 394 395 398 399 402 403 404 405 408 1835
1259 250 1021 1252 1253 1254 1256 1257 1258 1261 1264 1265 1266
122 123 124 125 126 128 129 488 715
382 376 377 380 381 383 384 385 386 387 389 497 874
1018 345 926 1012 1013 1019 1020 1021 1022 1023 1024 1025 1600 1918
1031 1024 1025 1026 1027 1028 1029 1032 1033 1035 1037 1579
1157 524 715 1150 1151 1153 1154 1155 1156 1158 1159 1160 1161 1163 1330
123 124 125 126 128 129 130 1982
124 126 128 129 130 131 288 686 850
1030 939 1023 1024 1025 1026 1028 1032 1033 1034 1035 1036 1346 1742
1905 1898 1900 1901 1903 1904 1906 1907 1909 1910 1911 1912 1922
125 126 128 129 130 131 132 915 1421 1847
479 317 472 474 475 476 477 481 482 483 485 486 1040 1965
1823 154 1620 1817 1818 1819 1821 1822 1824 1825 1826 1827 1828 1829 1830
126 128 129 130 131 132 155 373 732
982 448 975 977 978 980 983 984 985 986 987 988 989
128 130 132 133 134 516 586
580 303 575 576 577 578 582 583 584 586 1478 1605 1825 1864
129 130 131 132 133 134 642
488 430 481 482 483 486 490 491 492 495
715 296 710 712 714 717 718 1749 1814 1844
130 132 133 134 136 593 1044 1809
1982 797 1304 1975 1976 1979 1980 1983 1984 1986 1987 1988 1989
131 133 134 136 137 138 339
288 281 283 284 286 287 289 290 291 292 293 294 295
686 679 680 682 684 685 687 688 690 691 693 1071 1725
850 426 844 845 847 849 851 852 854 855
132 133 134 137 138 139 762 1090 1848
915 908 910 911 912 913 916 917 919 920 921 922
1421 199 1180 1414 1415 1417 1418 1422 1427
1847 910 1835 1842 1843 1844 1848 1849 1850 1852 1854
155 148 149 150 152 153 154 157 160 161 1569
373 167 366 367 368 370 372 374 376 377 380 717 1367
732 711 727 728 729 730 731 734 736 738 739 976 1160
133 134 136 137 138 274 316 1170 1801
134 136 137 138 139 148
849 842 844 845 848 852 853 854 1350 1656
1084 954 1077 1078 1081 1083 1086 1087 1088 1089 1090 1091
516 509 510 511 512 513 514 515 518 519 521 836
586 579 583 584 585 587 588 590 591 592 1171 1799 1942
642 338 635 636 637 638 639 640 641 644 645 646 647 648
136 137 138 139 1313 1848
593 587 588 590 591 592 594 595 596 597 598 599 600
1044 804 1040 1041 1042 1043 1046 1047 1048 1049 1270
1809 1531 1802 1803 1804 1805 1806 1807 1815 1816 1863
137 138 144 920 1891
138 139 144 145 889
339 294 335 336 338 340 341 343 346 571 1024 1417
139 144 145 146 1624
762 358 472 597 741 756 757 758 759 760 761 763 764 765 768 868 1948
1090 646 702 1083 1085 1086 1087 1088 1089 1091 1093 1094 1095 1096
1848 360 1842 1844 1849 1850 1851 1852 1855
274 269 270 272 273 276 277 278 279 281 1571
316 309 313 315 317 319 320 321 322 323 976
1170 411 945 1163 1164 1166 1167 1168 1169 1175 1177 1975
1801 570 681 1795 1797 1798 1799 1800 1802 1803 1807
148 145 146 147 149 150 152 153 154 1856
1313 526 1306 1307 1308 1309 1310 1311 1312 1314 1315 1316 1318 1319
144 145 146 147 149 150 151
920 913 914 916 917 919 921 922 923 925 926
1891 222 578 1416 1885 1887 1889 1892 1895 1896 1897 1898
145 146 147 150 151 152
889 647 882 884 886 887 888 890 891 892 894 895 1663
146 149 150 151 152 1161 1278 1612
1624 314 1601 1617 1618 1619 1622 1623 1625 1627 1628 1629
186 180 181 183 184 185 187 188 189 190 191 192 193 569 1012
965 958 959 960 962 963 964 966 968 969 970 971 972
1077 614 1070 1071 1074 1075 1076 1080 1081 1082 1593 1888
1133 1126 1127 1128 1129 1130 1131 1132 1134 1135 1136 1139 1140 1253 1616 1710
220 213 215 216 217 219 222 223 224 225 227 726 803 1225
341 335 336 338 340 342 345 346 347 348 743
493 364 486 490 491 494 495 496 497 498 499 500 803
510 503 504 505 507 508 509 511 513 514 515 517
1706 475 1297 1699 1700 1703 1707 1708 1709 1711 1713
147 151 152 154 744 1338
149 150 151 152 154 156 1050 1233 1270
576 571 573 574 575 578 582 583 1135
1575 167 1568 1569 1570 1571 1573 1578 1579 1580 1582
1910 1588 1687 1868 1903 1904 1907 1911 1912 1914 1915 1916 1917
150 151 152 153 154 156 157
1640 1633 1634 1635 1638 1639 1641 1642 1643 1644 1646 1647
151 152 154 156 163 283 349 579 926 1462
152 153 154 157 618 892 1849
1161 552 1154 1155 1156 1158 1164 1165 1166 1167 1168
1278 203 927 1194 1271 1272 1275 1279 1280 1283 1285
1612 329 834 1564 1568 1607 1608 1610 1611 1615 1616 1617 1618 1619
154 153 156 157 160 161
744 739 740 741 742 743 745 746 747 750 751 1352 1381
1338 1333 1334 1335 1337 1340 1341 1344 1345 1380 1495 1708
153 156 157 160 952 1308 1344
1856 1175 1850 1851 1852 1854 1855 1857 1858 1859 1863
156 157 160 161 162 676 1568
1050 749 1045 1046 1047 1048 1049 1051 1052 1053 1054 1056 1540 1700
1233 709 1226 1227 1228 1229 1230 1231 1235 1236 1237 1238 1239
1270 1265 1266 1267 1269 1271 1272 1275 1276 1277 1728
157 160 162 163 164 490 1703
163 160 162 164 165 167 168 170 222 1545
283 276 277 279 280 284 285 286 287 289 976 1739
349 342 345 348 351 352 353 354 355 406 451
579 278 573 574 575 578 582 583 584 585 1834
926 919 921 923 924 927 929 930 933 1297
1462 898 1455 1456 1457 1458 1461 1464 1465 1467 1469 1842
618 611 612 614 615 616 619 621 622 623 624 625 1160 1399 1980 1983
892 405 886 888 893 894 895 899 1760
1849 371 1842 1843 1844 1851 1852 1854 1855
160 161 162 164 165 166 167 322 1455
952 945 946 947 948 949 953 954 955 957 958 959 1887
1308 640 702 1301 1302 1303 1304 1306 1307 1309 1310 1311 1315 1475 1821
1344 729 1204 1337 1340 1343 1345 1347 1348 1349 1350 1389
161 162 164 165 166 263 409
1569 1247 1562 1564 1565 1567 1568 1570 1571 1573
162 165 166 168 208 398 1201
676 669 671 672 675 677 678 679 680 681 682 683
1568 1561 1562 1565 1566 1567 1570 1571 1572 1573 1782
164 166 168 170 171 518 710
490 483 485 486 491 492 494 495 496 497
1703 1696 1697 1698 1699 1702 1705 1707 1708 1709 1710
165 166 167 168 170 171 172 1858
562 555 557 560 561 563 564 566 567 568 569 1833
1106 1099 1100 1104 1105 1107 1108 1109 1111 1112 1113 1626
1532 443 1493 1526 1527 1528 1530 1531 1533 1537 1539 1618
166 167 168 170 1669
413 399 406 408 409 410 414 415 416 418 419 420 1431
426 219 419 420 421 422 427 430 431 432 433
1188 901 1175 1181 1182 1184 1185 1187 1189 1190 1191 1192 1193 1195 1404 1680
1608 1178 1603 1604 1605 1606 1607 1609 1610 1611 1613
167 168 171 172 174
322 318 320 321 323 324 325 327 328 329
1455 1448 1451 1454 1456 1457 1460
263 257 259 260 261 264 265 266 269 270 798 1359 1840 1892
409 199 402 403 405 406 410 411 412 416 673
168 170 171 172 174 175 1609
208 201 203 205 207 209 210 213 214 215 975 1226
398 392 393 394 395 397 399 402 404 1129
1201 494 1194 1195 1197 1199 1200 1202 1204 1205 1206 1208 1599
170 171 174 175 176 177 346 804 918
222 215 216 217 219 223 224 225 227 608 868 1175 1779
1545 694 959 1538 1539 1540 1541 1542 1543 1544 1546 1547 1548 1549 1551
171 172 174 175 176 177 178 1613
518 280 511 512 513 514 515 519 520 521 522 524 525
710 665 703 706 707 711 712 713 714 716
172 174 175 177 249 280 773 1806
1858 738 1199 1851 1852 1854 1857 1859 1861 1864 1865 1963
1669 507 1662 1663 1664 1665 1666 1667 1668 1670 1671 1672 1675 1676
174 175 176 177 178 180 181 1600
175 176 178 180 181 1743 1850
1609 1603 1604 1605 1606 1607 1610 1611 1613 1615
176 177 178 181 182 183 1970
612 605 607 608 609 610 611 614 615 616 617 1868
177 178 180 181 182 183
346 340 342 343 345 347 348 352 353 1915
804 196 797 798 799 800 801 802 805 807 808 809
918 395 496 911 912 914 916 919 921 922 923 925 1051
178 180 181 182 183 184 185 881 996 1802
1613 1395 1606 1607 1610 1611 1616 1617 1618 1619 1620
249 242 243 244 246 247 248 253 255 733 1880
280 273 275 276 278 279 281 282 284 285 287 1191
773 767 768 770 772 776 778 779 780 988
1806 536 797 1603 1799 1800 1802 1803 1804 1807
520 513 517 519 521 522 524 525 526
568 561 563 564 566 569 570 571 574 575 614 1544
691 209 684 687 688 689 690 692 693 694 696 697
1332 1325 1326 1327 1328 1333 1334 1335 1336
180 182 183 184 185 187 384 1878
181 182 184 187 188 1010 1391
1600 550 1595 1596 1599 1601 1603 1604 1605 1607 1897
1743 328 699 1736 1737 1739 1740 1742 1744 1746 1747 1748 1749
1850 1292 1320 1341 1775 1843 1844 1851 1854 1855 1857
182 183 184 188 189 336 731 1289
183 184 185 189 190 300 635 816 917
1970 978 1626 1963 1965 1966 1972 1975 1976
184 185 187 188 190 191 1335 1852
185 187 188 190 191 192 197 652 1160
881 418 876 877 878 879 880 882 883 884 885 886 887 888 1250
996 615 989 990 991 992 994 995 998 999 1002 1003 1983
1802 1596 1797 1798 1799 1800 1804 1805
447 440 442 443 444 445 446 449 450 451 452 453 454
1169 1163 1164 1165 1171 1173 1175 1714
1211 912 1204 1207 1208 1209 1210 1212 1213 1215 1216 1454 1938
187 188 190 191 193 194 834 1526 1544 1697 1953
384 377 379 380 381 383 385 386 389 1298
1878 1541 1871 1872 1873 1876 1877 1879 1880 1883
188 189 190 191 192 193 194 195 1114
1010 406 1003 1004 1005 1006 1007 1008 1009 1012 1013 1015 1682
1391 780 1095 1384 1385 1389 1390 1392 1394 1395 1396 1397 1398 1530
189 190 192 193 194 195 196 1156 1925
336 329 330 331 332 333 335 338 340 342 343
731 724 726 727 728 729 733 736 738
1289 1089 1282 1283 1285 1286 1287 1288 1291 1292 1293 1294
190 192 193 194 195 196 197 1621
300 294 296 299 302 303 306 417 975
635 630 632 634 636 637 638 639 640 641 1901
816 813 815 817 820 823 900 1085
917 911 912 913 914 916 919 921 922 957 999 1168
191 193 195 196 197 802 1418
1335 296 1113 1328 1330 1333 1337 1340 1341 1342
1852 627 1412 1528 1783 1855 1857 1859 1958
192 193 194 196 198 199 527 1118
197 193 194 195 196 198 201 202 207 916 1202 1235
652 645 646 647 648 649 650 651 654 655 656 657 658 659 1312 1633
1160 1153 1154 1156 1158 1163 1164 1165 1166 1167
193 194 195 196 198 199 200 1351
569 209 563 564 566 567 570 571 573 575 1323
1012 351 728 1005 1006 1007 1008 1009 1011 1013 1015 1149 1671
194 195 196 198 199 200 201
834 670 827 828 830 831 832 835 837 839 840 954
1526 1519 1521 1524 1527 1530 1531 1533
1544 1208 1537 1539 1540 1541 1542 1543 1546 1547 1549 1550 1551 1900
1697 332 526 1550 1690 1691 1692 1693 1695 1698 1699 1702
1953 1947 1948 1949 1950 1951 1952 1955 1956 1957 1959 1960
195 196 198 199 200 201 202 1621
1114 303 1087 1107 1108 1109 1110 1111 1112 1115 1117 1118 1373
196 198 199 200 202 215 376 1223 1307 1469
1156 1016 1150 1151 1153 1154 1155 1158 1159 1226 1686
1925 868 1127 1656 1918 1919 1921 1922 1924 1926 1929 1930 1932
1621 1427 1615 1616 1617 1619 1622 1623 1625 1626 1628
802 795 797 798 799 800 801 803 807 808 809 1394
1418 888 1411 1412 1414 1415 1416 1417 1419 1420 1422 1424 1534
198 200 201 202 203 204 205 966 1013 1410 1434
199 202 204 811 845
527 210 522 524 525 528 529 531 533 534 740
1118 1113 1115 1121 1122 1124 1125 1615
200 201 203 204 207 1240
1351 1345 1346 1347 1348 1349 1350 1352 1353 1355 1356 1357 1358
201 202 203 204 205 1321 1587
202 203 205 209 655 943 999 1266
215 209 210 213 214 216 217 219 701
376 371 372 377 380 383 999 1013 1537
1223 1216 1220 1221 1225 1227 1228 1229
1307 906 1300 1301 1302 1303 1304 1306 1309 1310 1311 1314 1599
1469 497 1240 1464 1465 1467 1471 1472 1473 1474 1475 1476
207 203 204 205 209 210 213 214 538
916 285 910 911 912 913 914 919 921 922 923
1202 498 934 1195 1196 1197 1199 1200 1204 1205 1206 1207 1208 1353 1467 1679
1235 547 1228 1229 1230 1231 1236 1237 1238 1239 1240 1242 1549
203 204 209 210 823
204 205 209 210 491 717 792 1151
205 209 210 705 832 1476
966 808 824 959 960 963 964 968 969 970 971 972 1228 1709
1013 1006 1008 1011 1015 1016 1019 1020
1410 335 832 1403 1404 1405 1406 1407 1408 1409 1411 1412 1414 1416 1417
1434 969 1427 1429 1430 1433 1435 1437 1438 1440 1441
811 598 771 805 807 808 809 813 815 817 818 1437 1761
845 323 534 786 839 840 841 842 844 847 848 852 1435
1240 1236 1237 1238 1239 1242 1244 1246 1247
1321 1314 1315 1316 1318 1319 1320 1323 1324 1325 1326 1327 1328
1587 1580 1582 1584 1585 1586 1588 1590 1591 1592 1593 1594
209 210 213 216 1003
655 456 497 648 650 651 653 654 656 657 658 659 660 661 1484 1954
943 499 692 938 941 942 945 946 949
999 318 992 994 995 997 998 1003 1004 1005 1582
1266 320 614 1261 1264 1265 1267 1268 1269 1271 1272 1273
210 213 214 217 1173
823 665 817 818 820 824 825 826 828 829 830 1516 1728 1942
491 357 451 485 486 492 495 496 498
717 711 712 716 719 723 724 884 1408
792 787 788 789 790 793 795 797 798 799 1251 1444 1620
1151 692 1144 1149 1153 1154 1155 1158
705 501 698 700 701 702 703 704 707 709 712 1538
832 467 825 826 827 829 830 831 835 837 838 1929
1476 1019 1128 1471 1472 1477 1478 1483 1914
213 214 216 217 219 1420
1766 1759 1760 1761 1762 1764 1765 1767 1768 1769 1771 1772 1773
214 216 217 219 1117 1194
538 531 533 535 536 537 541 543 545 670
975 564 969 971 972 973 974 976 977 978 979 981 1501
1226 1216 1225 1227 1229 1230 1231
216 217 219 223 853
1003 997 998 1001 1002 1005 1006 1007 1008 1009
217 219 223 224 1040
1173 331 475 524 741 980 1167 1168 1175 1179
412 405 408 411 414 415 417 418 419 564 934 1477 1700 1752
1122 596 902 1115 1117 1121 1124 1125 1126 1127 1128 1518
1370 314 1341 1363 1364 1365 1368 1371 1373 1374 1376 1475
219 223 224 225 519
1420 537 1413 1414 1415 1416 1419 1422 1426 1427
1117 1110 1111 1112 1113 1121 1722
1194 1189 1190 1191 1192 1193 1196 1197 1200 1457
701 637 694 696 697 698 699 700 702 703 706 707
223 224 225 227 228 229
853 847 848 851 854 857 858 859 860
224 225 227 228 229 231 419 1435 1678
1040 610 948 1034 1035 1036 1037 1041 1042 1047 1593 1867
225 227 228 229 231 232 1646 1708
454 448 449 450 451 453 456 461 1111
1027 910 1020 1021 1022 1023 1025 1026 1028 1032 1033 1034
519 513 514 515 517 521 524 526 567 1340 1564
227 228 229 232
726 719 723 724 727 730 733
803 797 800 801 805 807 809 1181
1225 1221 1230 1231 1772
228 229 231 232 235
368 361 364 366 370 372 374 553 1446 1805
608 601 602 606 607 611 614 615
868 252 733 798 861 862 863 864 866 869 870 871 872 874 875
1175 898 1168 1171 1176 1177 1178 1179 1180 1871
1779 1773 1774 1775 1776 1778 1780 1786
229 231 232 235 236
231 232 235 238 307 614 986 1035
419 414 415 416 417 418 420 421 422 423 424 425 1279
1435 468 570 1428 1429 1430 1433 1440 1442 1773
1678 610 1258 1671 1674 1675 1677 1681 1682 1684
232 235 236 237 238 239
1646 1642 1643 1644 1647 1648 1649 1650 1652 1770 1932
1708 1702 1705 1707 1709 1710 1711 1714
1041 619 673 1034 1035 1037 1042 1043 1046 1048
1573 741 991 1566 1567 1570 1571 1572 1578 1579 1580
235 236 237 238 240 241 242 340 452
236 237 238 239 240 241 243 331 927
237 238 239 243 244 704 874
238 239 240 241 242 244 245 1129
307 302 303 306 308 309 313 314 347 438
614 607 609 615 619 621
986 973 979 980 981 984 985 987 988 990 991 992 993
1035 379 1028 1029 1032 1033 1034 1036 1042
239 240 241 242 243 245 246 1661
240 241 242 243 244 246 247 1504 1752 1951
282 276 278 279 281 284 285 286 287 289 306 939 1132
241 242 245 246 247 248 478
441 434 435 436 437 438 439 442 443 446 448 632 1484
818 813 815 817 820 825 1297 1301 1657 1844
242 243 244 248 451 1616
340 333 335 338 342 343 345 347
452 445 446 448 449 450 451 453 455
243 244 245 246 248 250 475 1315
331 325 327 328 329 330 333 335 338 1795
927 657 751 921 922 924 929 930 933 934 1129
244 245 248 250 387 402 651 1125
704 329 697 698 699 700 702 706 707 709 711 992
874 785 867 869 870 871 872 875 876 877 878 879
245 246 248 585 1772
1129 1124 1125 1126 1128 1130 1132 1134 1135 1136
246 247 248 250 252 253 354
1661 1654 1655 1656 1658 1659 1662 1663 1664 1665 1666 1667 1668
247 248 252 253 723 764
1504 1276 1497 1498 1499 1500 1501 1502 1503 1505 1507 1508 1511
1752 1074 1746 1747 1749 1753 1754 1755 1756 1757 1758 1759
1951 1944 1945 1947 1948 1949 1950 1952 1954 1956 1957 1958
248 250 252 253 255 578 621 1187
478 472 474 475 476 477 481 482 483 485 1495 1735
451 444 445 446 448 449 450 453 455 456 1495 1780
1616 325 1611 1615 1617 1618 1620 1622 1623
250 252 253 255 256 257 372 397 1209 1238 1682
475 468 469 471 472 474 477 481 482 677
1315 1088 1309 1310 1312 1314 1316 1318 1319 1320
387 380 381 383 385 386 389 393 394 1467
402 395 397 399 403 404 405 406 408 1082
651 360 644 645 646 647 648 649 650 653 654 656
1125 1121 1124 1127 1128 1130 1131 1132 1448
585 578 582 583 587 589 590 591 592 852 1279 1409
1772 1765 1767 1768 1769 1770 1771 1773 1774 1775 1776 1778
252 255 256 257 258 259 623 670 1964
253 255 256 257 258 259 260 700 942 973
354 347 348 351 352 353 356 358 359 360 361
723 549 716 718 719 724 727 1896
764 356 758 759 760 761 763 765 771 1890
255 257 258 259 261 422 941 1477 1670
578 573 574 575 577 582 583 1740 1763
621 615 616 617 619 620 622 624 626
1187 1180 1181 1182 1184 1185 1189 1190 1191 1192 1193 1378
733 728 729 730 734 738 739 1081 1103 1515 1626
1880 1873 1874 1876 1877 1881 1883 1885 1887
256 257 259 260 261 317 381
257 258 260 261 264
372 366 374 379 1179
397 392 394 395 399 403 885 1478
1209 1204 1205 1206 1208 1210 1212 1213 1216 1521 1730 1786
1238 467 1231 1236 1239 1242 1243 1245 1623
1682 512 1675 1676 1677 1681 1685 1686 1687 1688 1689
258 259 260 261 264 265 858
259 260 261 264 265 266 1093 1231
623 616 619 624 625 626 627 629 630 788 944 1433 1833
670 377 665 666 667 669 673 674 675 677 977 1572
1964 315 512 1365 1957 1958 1959 1960 1962 1963 1965 1966 1968 1971
260 261 264 265 266 1794
700 693 694 696 698 699 702 703 706 707
942 935 938 939 940 941 944 945 946 947 948 949
973 967 968 969 970 971 972 974 976 977 978 979 980
364 357 358 359 360 361 363 366 370 371 864
380 377 379 383 386 1098 1200
1548 627 1022 1541 1542 1543 1546 1547 1550 1551 1552 1554 1709
261 264 265 266 1957
422 415 416 418 420 423 424 425 427 429 449 1099
941 934 938 939 940 944 945 946 947 948
1477 706 1472 1473 1479 1482 1483 1963
1670 1663 1665 1667 1671 1672 1674 1675 1676 1677 1917
317 314 315 318 321 323 324
381 357 374 377 379 383 385 386 1398
264 265 266 269 270 271 1167
265 270 271 272 988
858 855 857 859 860 862 863 864 865 1074
266 269 270 272 273 512 625 1969
1093 1086 1087 1088 1091 1094 1095 1096 1099 1100 1349
1231 547 1089 1228 1229 1230 1237
1794 696 1007 1787 1790 1791 1792 1795 1797 1799 1800 1833
1957 1393 1493 1950 1952 1954 1955 1956 1958 1960 1961 1962 1963
534 291 528 529 531 535 536 541 694 1287
684 377 677 679 680 682 683 685 687 688 690 790 1426
1457 1451 1454 1458 1461 1464 1986
269 270 271 272 273 275 276 728
270 271 273 275 276 277 553
798 793 794 795 797 799 800 805
1359 1064 1352 1353 1355 1356 1357 1358 1361 1362 1363 1364 1365
1840 1063 1406 1833 1834 1835 1837 1838 1841 1843 1844
1892 1818 1885 1887 1889 1890 1895 1896 1898
271 272 273 275 276 278 1078 1927
1167 308 1163 1164 1165 1166 1168
272 273 275 276 277 278 279 511
988 962 981 983 984 985 989 990 991 992 993 994 995
273 275 276 277 278 279 1177
512 291 505 507 508 509 511 513 514 515
625 495 619 620 622 626 627 630 631 1692
1969 292 1387 1963 1965 1966 1968 1971 1972 1973 1974 1976
1437 1430 1433 1438 1440 1441 1442 1443
275 276 277 278 279 281 367 415 1328
1115 445 463 1108 1109 1110 1111 1113 1121 1323
1467 636 1019 1460 1461 1464 1468 1471 1472 1473 1474 1790
276 277 278 279 281 1524 1790
728 724 727 729 730 734 1478 1963
277 278 279 284 415 605 1128 1286 1749
553 546 547 549 550 552 554 555 557 559 560 1475
278 279 281 284 285 320
1078 1071 1076 1080 1081 1082 1083 1085 1389 1942
1927 1340 1921 1922 1923 1924 1926 1929 1930 1932 1933
279 281 285 286
511 504 505 507 508 509 513 514 515 517
1177 637 901 1176 1178 1179 1180 1181 1184
281 284 285 497
1571 1564 1565 1566 1570 1572 1578
367 360 361 363 366 371 374 1448
415 411 414 416 417 418 420 421 431 1300 1821
1328 363 395 1323 1324 1325 1326 1327 1330 1333 1334
1524 1037 1517 1518 1519 1521 1522 1527 1528 1531
1790 1785 1786 1787 1789 1791 1792 1795 1797
284 287 289 290 291 624 1551 1711 1831
605 599 600 602 607 609 610 751
1128 1121 1126 1127 1131 1132 1134 1135 1792
1286 1247 1280 1282 1283 1285 1287 1291 1293
1749 860 1742 1744 1746 1748 1753 1754 1755 1756
285 286 287 289 290 291 292 1943
320 313 314 318 319 321 325 535 727 1934
286 287 289 290 291 292 293 1227 1572
287 289 291 293 294 1001
1191 1184 1185 1189 1190 1192 1193 1195 1196 1197 1942
497 492 494 495 498 501 502 503 504
289 290 291 292 293 294 295 296
306 299 302 303 308 309 313
939 934 935 940 945 946 1275
1132 1126 1127 1130 1131 1134 1135 1136 1137 1138 1139
976 291 969 970 972 974 977 978 979 981 983
1739 404 797 1732 1733 1734 1736 1737 1738 1740 1742 1744 1746
290 291 292 293 294 295 296 297 940
291 293 295
624 617 619 620 626 630 631
1551 674 1547 1549 1550 1552 1554 1556 1557 1558
1711 1705 1707 1709 1710 1714 1716 1717 1718
1831 1185 1824 1825 1826 1827 1828 1829 1830 1832 1835 1838
292 294 296 297 299 359 514 713 913
1943 962 1111 1483 1937 1938 1942 1944 1945 1948 1950
293 294 295 296 299 335 1756
1227 630 1220 1228 1229 1230
1572 1565 1566 1567 1570 1578 1579
294 296 297 299 758
1001 994 995 998 1002 1004 1005 1006 1008 1909
295 296 297 299 302
296 299 302 303 1518 1773
297 299 302 644
940 432 933 934 938 944 945 1562 1710
299 302 303 634 1032 1797 1885
359 352 353 356 357 358 360 361 363 1461
514 508 509 513 515 517 1399 1559 1903
713 383 706 707 709 711 712 714 716 718 719 1737
913 907 908 910 911 912 919 1833 1906
335 328 330 332 333 342 636
1756 455 666 883 1754 1755 1757 1758 1759 1760 1761 1762 1763
758 751 752 754 756 757 759 760 761 763 765
302 303 308 309 949 1495
303 308 309
1518 622 1168 1512 1515 1517 1519 1521
1773 1767 1769 1770 1774 1775 1780 1932
644 637 638 639 640 641 643 645 646 647 648 649 650
1009 1002 1004 1007 1008 1011 1015 1016 1657
1780 1245 1774 1778 1781 1782 1783 1784 1785 1786 1787
634 466 627 629 630 632 636 639 641
1032 1026 1028 1029 1033 1036 1037 1105
1797 1791 1792 1795 1798 1799 1803 1804
1885 405 1431 1879 1881 1883 1887 1888 1889 1890
417 410 411 414 416 418 420 421 423 424 1271
308 309 313 314 315
1034 315 813 1028 1029 1033 1036 1037 1045 1086 1300
309 313 314 1758 1764
949 944 945 946 947 948 950 953 955 956 960 1732
1495 483 1489 1492 1493 1498 1499 1502
577 571 573 575 582 583 584 1622
1108 1103 1104 1105 1107 1109 1110 1111 1112 1113
1483 1478 1479 1482 1484 1485 1486 1487 1488 1489 1490 1560
570 563 564 567 571 574 575 1345
1139 1135 1136 1137 1138 1140 1141 1143 1144 1145
1345 837 1340 1341 1342 1343 1347 1348 1349 1350
313 314 315 318 319 596
314 319 321 1166 1393
347 342 343 345 351 353 358 1723
438 432 433 434 435 439 440 442 443 444 445 1051 1405
315 318 319 1511
1758 1022 1753 1754 1755 1757 1759 1760 1761 1762 1764 1765
1764 1716 1757 1759 1760 1761 1762 1763 1765 1768 1769 1770 1771
1447 1440 1441 1442 1444 1445 1446 1448 1451 1454
1889 389 1883 1887 1888 1890 1895 1896
318 319 323 324 325
440 433 434 435 436 437 439 442 443 444 445 446 793
1074 355 1068 1070 1071 1075 1076 1080 1081
1650 673 1643 1644 1647 1648 1649 1652 1654 1655 1656
319 321 323 324 325 675 774 1277 1680
599 592 594 595 596 598 600 601 606 1348
640 631 636 637 638 639 641 643 646 647 1002
955 543 948 950 953 954 956 957 958 960
1958 1056 1626 1952 1954 1955 1956 1959 1960 1962 1963 1965
596 374 589 590 591 592 594 595 597 598 1487
321 324 325 327
1166 423 1159 1163 1168 1171 1668
1393 1387 1389 1390 1392 1394 1395 1396 1397 1398 1400
1511 1353 1401 1505 1507 1508 1512 1513 1514 1515 1516 1517
323 327 328 330 991 1768 1881
324 325 327 328 329 330 1319 1776
325 327 328 329 330 332 1888
675 669 672 674 678 679 680 681 682
774 410 767 768 770 771 772 776 778 779 780 1390 1674 1987
1277 1066 1271 1272 1279 1280 1282 1283 1747
1680 815 840 1674 1675 1679 1681 1684
535 529 531 533 536 537
727 724 730 734 1841 1870
1934 817 1930 1932 1933 1935 1937 1938 1939 1940
327 328 330 332 824
328 330 332 333 1541
329 333 729 805
330 332 333 882 972
991 984 985 987 989 990 992 993 994 995 997
1768 650 665 1761 1762 1763 1770 1774 1775
1881 763 1874 1876 1877 1879 1883 1887 1888
1319 1312 1314 1316 1318 1323 1324 1325 1326 1771
1776 1591 1729 1769 1770 1771 1774 1775 1781 1782 1902
332 333 552 1579
1888 1887 1890 1895
333 338 925 1326
1082 607 1075 1076 1080 1081 1083 1085 1088 1089
1276 1269 1271 1272 1273 1275 1279 1280 1282 1283
824 817 825 826 827 828 829 830 831 1341 1834
1541 481 528 649 1534 1538 1539 1540 1542 1543 1546 1547 1930
729 730 734 1015 1293 1499
805 799 800 801 808 809
882 552 875 876 878 879 880 885 887 888 1933
972 432 968 970 971 974 977 978 979
338 342 343 345 353 1220
1795 1095 1538 1791 1798 1799 1800
552 545 546 547 548 550 551 554 555 557 559 1825
1579 353 795 1578 1580 1583 1584 1585 1586
925 855 919 921 923 924 929 930 1407
1326 591 1323 1324 1325 1327 1330
616 609 610 611 615 617 619 620 622
1591 432 1242 1585 1586 1588 1589 1590 1593 1594 1595 1596 1597
342 343 345 348 1538 1815 1816
636 631 632 637 638 639 643
343 345
1100 432 1094 1095 1096 1098 1101 1103 1104 1107 1512
345 348 351 352
353 348 351 352 356 357 358
1220 449 667 929 1213 1215 1221 1959
571 564 567 573 574 575
1024 1019 1021 1022 1023 1025 1026 1028 1029 1620 1623
1417 1411 1412 1413 1414 1415 1416 1419 1422 1424 1930
348 351 352 1975
743 736 738 739 740 741 742 745 746 747 749 750 1709
1538 671 1365 1534 1537 1540 1542 1543
1815 432 1811 1816 1817 1818 1819 1821 1822
1816 908 1246 1293 1619 1817 1818 1819 1820 1821 1822 1988
351 352 356 357 358 1193
546 541 543 545 547 548 549 550 551 848
352 355 356 357 358 958 1094
1915 1909 1911 1912 1914 1916 1917 1918 1919 1921 1922
358 355 356 357 361 1580
1723 734 1051 1280 1716 1717 1720 1721 1726 1728 1729 1730
1975 1171 1968 1971 1972 1973 1974 1976 1979 1980
355 356 357 360 361 386 809 893 1254 1597
406 399 403 405 408 410 411 831 1763
356 357 360 361
357 363
1193 776 1189 1190 1192 1195 1196 1197 1200
958 953 954 956 957 960 962 963
1094 1087 1088 1089 1091 1095 1096 1098 1099 1101
360 363
361 363 366
386 379 383 385 389 393 1396 1686
809 632 807 808 813 815 838 993
893 886 887 890 891 895 897 898 899 1357
1254 1247 1248 1250 1251 1252 1253 1255 1256 1257 1258 1261
1597 445 1590 1592 1593 1595 1598 1599 1603 1604
363 366 370 756 1475
1580 1582 1584 1585
1461 620 1454 1456 1458 1460 1464 1465 1466 1468
366 370 371 985 1045 1890
370 374 377 1063 1378 1493 1527
756 749 750 751 752 754 757 759 760 763 902
1475 683 1355 1468 1471 1473 1474 1478 1479 1482
371 374 377 522
864 857 859 861 862 863 865 866 869 870 871
787 780 781 782 783 784 785 786 788 789 790 793 794
985 979 980 981 983 984 987 989 990 1103
1045 444 594 934 1043 1046 1047 1048 1049 1051 1052 1171 1974
1890 563 968 1382 1883 1887 1895 1896
374 377 379 536 1737
1448 503 1061 1442 1443 1444 1445 1451
1446 1363 1440 1441 1443 1444 1451 1549 1753
1805 1798 1800 1803 1804 1807 1811
1048 1042 1043 1046 1047 1049 1051 1052 1053 1054 1055 1709
377 379 383 1184 1578
1063 1056 1060 1061 1062 1064 1065 1067 1068
1378 1371 1373 1374 1376 1377 1379 1380 1382 1383 1384 1385 1782
1493 1098 1486 1487 1488 1489 1490 1497 1498 1499 1500 1737
1527 1521 1522 1528 1530 1531 1533 1534
522 515 517 521 524 525 526 529 780 1496
379 385 1402
1179 462 692 1176 1178 1180 1181 1182 1184 1185 1258
1367 1361 1362 1364 1365 1368 1371 1374 1690
536 529 531 533 537 541 906
1737 1026 1356 1730 1731 1732 1733 1734 1738 1740 1742 1744
587 582 583 584 588 589 590 591 1468
383 385 389
1537 1361 1530 1531 1533 1534 1539 1540 1542 1543
1184 597 1178 1180 1181 1182 1742
1578 938 1178 1582 1583 1584 1585
385 389 861
978 971 974 977 979 980 981 983
1248 1216 1243 1244 1245 1246 1247 1250 1251 1252 1253 1255 1273
1402 682 1395 1396 1397 1399 1401 1403 1404 1405 1406 1407 1408 1409 1707
1098 1092 1095 1099 1101 1103 1104
1200 1195 1196 1197 1199 1205 1206 1207 1599
1398 1392 1394 1395 1397 1399 1403 1404 1405 1443
389 392 393 394 395 1590
1298 1291 1292 1293 1294 1296 1297 1301 1302 1303 1304
861 537 855 857 859 860 865 866 867 1791 1945
393 392 394 395 399 1769
1396 1392 1394 1395 1397 1399 1400 1401 1403
1686 395 887 1679 1681 1684 1685 1688 1689 1690 1691 1692
394 392 395 399
392 395
395 399
1590 543 1583 1586 1588 1589 1592 1594 1595
1324 671 1318 1320 1323 1325 1327 1330
1593 1586 1588 1589 1594 1595 1596 1598 1599 1632 1988
399 405 423 1081
1769 597 1762 1763 1765 1770 1771 1774 1775
403 404 408 410 1246
885 878 879 880 883 884 886 888 890 891
1478 1471 1472 1473 1479 1482 1484
404 408 411 1113
405 408 410 411
423 416 418 420 421 425 427 429 430
1081 1076 1080 1083 1085 1087 1088
408 411 414 574
1835 1828 1829 1830 1832 1833 1834 1838 1839 1841 1842
410 411 414 1265 1377 1945
1246 1239 1243 1244 1245 1247 1250 1251 1252 1253 1873
411 414 416 418
1113 1107 1109 1110 1112 1244
831 768 825 826 827 828 829 830 835 837 838 1061
1763 1158 1757 1759 1760 1761 1762 1765 1767
414 416 418 420
550 543 545 548 549 551 555
574 573 575 677
416 418 420 1627
673 432 666 669 671 672 674 677 678 679 680 924 1431 1488 1490 1492
1265 1258 1261 1262 1264 1267 1268 1269 1271 1272
1377 1371 1373 1374 1375 1376 1379 1380 1381 1382 1383 1384
1945 1056 1939 1940 1942 1944 1947 1950
418 420 421 424 425 1672
564 557 560 561 563 566 567 793 1147 1245 1865
934 929 930 933 935 938
1700 1695 1696 1698 1702 1705 1707 1818
420 421 424 425 427
1431 944 1091 1424 1426 1427 1428 1430 1433
421 424 427 1530
431 425 427 429 430 433 434 435 436 437
1300 469 1293 1294 1295 1296 1297 1301 1302 1303 1304 1594
1821 627 1818 1819 1820 1824 1825 1826 1827 1828
1627 1620 1625 1628 1629 1633 1634 1863
424 425 427 429 430 1626 1950
1271 697 1152 1264 1267 1268 1272 1275
425 427 430 432 561
1672 1617 1665 1666 1667 1668 1671 1674 1675 1676 1677 1679 1855
1279 1272 1273 1275 1280 1282
427 429 430 432 433 434 1185 1458 1533
1530 1267 1531 1533 1534
429 430 432 434 435 436 692
449 442 443 444 445 446 448 453 455 456 667
1099 877 1092 1095 1101 1104 1105
430 432 434 435 436 437
1626 1620 1622 1623 1625 1628 1629 1962
1950 1944 1947 1948 1949 1952 1954 1955 1956
432 433 434 435 436 437 1075 1127
561 555 557 559 563 566 567 1633
433 434 435 436 439 1005 1178 1900
434 435 436 437 1320 1684
1185 970 1178 1180 1181 1182 1189 1190
1458 1451 1456 1460 1464 1620
1533 468 1297 1531 1539 1540 1873
435 436 437 439
1514 1507 1508 1512 1516 1517 1519 1521
436 437 439 442 443 1178
692 685 687 689 694 696 698 699 794 1221 1464 1827 1829
437 439 443 444 448 1385 1412 1585
1075 1068 1070 1071 1076 1080 1136
1127 584 1121 1124 1126 1130 1134
439 442 443 444 445 446 517 1901
1005 906 998 1002 1004 1006 1007 1008 1011
1178 1180 1181
1900 1824 1895 1896 1897 1901 1902 1903 1904 1906 1907
1320 531 869 1314 1316 1318 1325 1327
1684 1648 1677 1681 1685 1687 1688 1689 1691
442 443 444 445 446 1689 1861
443 445 450 830 1394
444 445 446 448 450
448 446 450 455 1269
1385 1379 1380 1381 1382 1384 1389 1390 1392
1412 1405 1406 1407 1408 1411 1413 1414 1415 1416 1419 1460 1675
1585 500 1583 1584 1586 1588 1589 1592
445 446 450 563 1130
1051 446 1046 1047 1049 1052 1054 1055 1056
1405 1399 1400 1403 1404 1406 1407 1408 1409 1411
446 450 453
517 513 515 521 524 1872
1901 1484 1895 1897 1898 1902 1903 1906 1907
793 786 788 789 790 794 795 799
632 627 629 630 631 637 638 639
1484 746 844 906 1042 1479 1485 1486 1487 1488 1489 1490
1689 615 857 1685 1688 1690 1691 1692 1696 1792
1861 567 1643 1721 1854 1855 1857 1859 1864 1865 1867 1940
450 453 456 1376 1961
830 825 826 827 828 829 835 836 837
1394 763 1199 1387 1390 1392 1395 1397 1399 1400 1401
563 557 559 566 567 903 1914
1130 1124 1126 1131 1134 1135 1136 1137 1633
453 455 456
455 456 461 462
1269 697 703 1262 1268 1272 1275 1652
456 461 462 463
667 660 661 664 665 666 669 671 672 674 1395
1376 902 1371 1373 1374 1375 1379 1380 1381 1383
1961 1955 1956 1959 1960 1962 1963 1965 1966 1968
461 462 463 464 465 467 468
1111 1103 1104 1105 1107 1109 1110 1112
462 464 465 466 467 468 469
463 464 465 466 467 468 469 871 1834
464 465 466 467 468 469 471 597
638 631 639 643 645
1268 1262 1264 1267 1272 1273 1275
1825 1818 1819 1820 1822 1824 1827 1828 1829 1830 1832
465 466 467 468 472 1395
1109 1103 1104 1105 1107 1112
466 469 471 472 922 1006 1407
607 600 602 611 784 1948
859 852 854 855 857 860 862 863 865 866 1006
467 468 469 471 472 474 559
468 469 472 474 494 643
469 471 472 476 588
871 865 866 867 870 872 876 877
1834 629 866 1827 1828 1829 1833 1837 1838 1841 1960
471 472 474 476 477
597 591 598 600 601 785 957
472 476 477 1807
1395 1389 1392 1397 1399 1400
922 919 921 923 924 929 1622
1006 1004 1007 1008 1011
1407 1401 1403 1404 1406 1408 1413
474 476 477 481
559 554 557 560 566 946
494 492 495 496 501 807 1273
643 637 641 645 646 647 649 650 1121
476 477 482 483 1426
588 554 582 583 584 589 590 591 592 594 595
477 481 482 483
1138 525 1091 1131 1134 1135 1136 1137 1140 1141 1143 1144 1145
1656 1649 1652 1654 1655 1657 1658 1659 1662
1807 548 876 1401 1800 1803 1811 1814
481 486 1709
482 483 485 486 946 1415 1767
677 671 672 674 678 679 680 681 682 683 1499
483 485 486
1426 1419 1422 1424 1427 1429 1430 1433
485 486 1586
1735 515 1301 1728 1730 1731 1732 1734 1736 1738 1740 1742
486 492 1101 1327
1965 1959 1960 1962 1963 1971 1972
1709 1702 1705 1707 1710
946 947 948 950 953 1243 1566
1415 1408 1409 1411 1414 1419 1422
1767 1311 1760 1761 1762 1770 1771 1774
1586 1491 1583 1584 1588 1865
492 495 496 654 914 1190 1243
1101 1096 1103 1104 1107 1250 1464
1327 1323 1325 1330 1333 1334
1963 1956 1959 1960 1966 1968
495 496 498 499 500 501
496 498 499 500 501 502 503
1015 509 1011 1016 1019 1020 1021 1022 1873
498 499 500 502 504 505 1033 1839
654 647 648 649 650 653 656 657 658 659 660 1583
914 554 907 908 910 911 919 1428 1824
1190 1189 1192 1195 1196 1197
1243 1236 1237 1239 1242 1245 1382
499 500 501 503 504 505 964 1830
500 501 502 504 507
501 502 503 504 508 1086 1921
807 800 801 808 813 835 1932
1273 1272 1275 1280 1456 1566
502 503 504 505 507 509 1460
503 504 505 507 509
504 505 507 509
505 507 508 509 610
1033 513 1026 1028 1029 1036 1037
1839 1721 1832 1833 1837 1838 1841 1842 1843
964 626 957 959 960 962 963 967 968 969 970 971
1830 1424 1826 1827 1828 1829 1832 1833 1837
507 508 513 783 1221
508 513 876
1086 1083 1087 1088 1089 1091 1468 1877
1921 1037 1582 1914 1916 1917 1918 1919 1923 1924 1926
509 513 515 781 1615
1460 1454 1456 1464 1465 1466 1799
610 606 609 611 615 617 875 894
513 515
783 776 778 779 780 781 782 784 785 786 789 790 1710
1221 1210 1215 1216 1228
876 869 870 872 875 877 879
515 521 1292 1422 1786
781 631 776 780 782 784 785 786 788
1615 1610 1611 1618 1619 1620 1622
1399 1392 1397 1400 1401 1403 1404 1406
1559 1552 1554 1556 1557 1560 1561 1564 1565 1566 1596
1903 1474 1896 1897 1898 1902 1904 1907 1909
521 524 525 526 528 838 1917
1292 1285 1287 1291 1293 1294 1297 1416 1729
1422 1416 1419 1424 1427 1428 1429
1786 1781 1782 1783 1784 1785 1789 1791 1792
836 829 838 839 840 842 1158
524 525 526 528 529 1919
1872 840 910 1865 1867 1868 1869 1870 1874 1876 1877 1879
525 526 529 531
526 528 529 531 1296 1671
567 560 566 573
1340 1333 1334 1336 1337 1342 1346 1347 1349 1562
1564 706 1557 1558 1560 1561 1562 1565 1567 1570
528 531 533
838 835 837 839 840 841 842 844 1960
1917 1911 1912 1914 1916 1918 1919 1923 1924
529 531 533
780 630 776 779 782 784 786
1496 645 1490 1492 1497 1498 1500 1501 1502 1503 1522 1721
1919 1912 1914 1916 1918 1922 1923 1924 1926
531 533 537 1695
1296 907 1291 1294 1295 1301 1302 1303
1671 1664 1665 1666 1668 1674 1676 1677
533 1091 1611 1902
740 738 739 741 742 745 747 1491
537 541
1695 1055 1633 1688 1692 1693 1696 1698 1699 1702 1867
1016 903 1011 1019 1020 1021 1022 1023 1371 1471
1091 772 782 1085 1089 1092 1095
1611 1604 1605 1606 1607 1610 1618
1902 1746 1895 1896 1897 1898 1904 1906 1907 1909
541 545 547 548 1675
694 690 693 696 697 698 699
1287 1280 1283 1285 1288 1291 1293 1294
906 899 900 901 902 907 908 910 912 953 1733 1971
543 545 547 548 549 1705
545 547 549 551 1267
742 736 738 739 741 745 747 749 1297
1638 685 1632 1639 1641 1642 1643 1644
547 548 549 554
772 765 768 770 776 779 1959
1980 1973 1974 1976 1979 1983 1984 1986
548 549 555 1189
1675 1668 1674 1676 1677 1679
549 551 554 555
582 575 583 584 589
665 659 660 661 666 669 671 672 935 1791
1705 1698 1699 1707 1710
551 554 555 557
1981 1258 1974 1976 1979 1983 1984 1986 1987 1988
1267 1261 1262 1272 1629
848 841 842 844 847 851 852 854 855 1135
554 555 557 560
555 557 560 689 1144
1189 1182 1192 1195 1196
557 560 794 1804
560 566
689 683 687 688 690 693 696 759 1517 1789
1144 1137 1140 1141 1143 1145 1147 1149 1150 1592
794 788 789 790 795 799 800 801
1804 1384 1798 1800 1803 1811
566 573
1633 1092 1628 1629 1632 1634 1635
1833 844 1826 1828 1829 1837 1838
903 897 899 901 904 907 908 910
1914 1904 1909 1911 1912 1916
1147 1140 1141 1143 1145 1149 1150 1152 1153 1154
1245 1239 1242 1244 1251 1252
1865 837 1642 1864 1866 1867 1869 1871
573 969 1619 1826
575
1323 1316 1318 1325
969 962 963 967 968 970 971 974
1619 1617 1618 1620 1623 1625
1826 1096 1819 1822 1827 1828 1829 1988
583 584 589 590
1135 622 1131 1134 1136 1137 1141
584 589 590 591 901 1199
1622 1617 1618 1620 1623 1625 1628 1629
1740 1733 1736 1738 1742 1744 1746 1747
1605 656 1362 1373 1598 1599 1601 1604 1606 1607 1610
1864 1857 1859 1863 1866 1867 1868 1869 1870 1871
867 591 860 862 865 866 869 870 872 1192
589 590 591 592 594 595 1152 1668
590 591 592 594 595
591 592 594 595 598
901 894 895 898 899 900 902 907 908
1199 1056 1071 1192 1195 1196 1197 1204 1205 1206
592 595 598
852 847 851 854 855 857
1409 1343 1403 1404 1406 1408 1411 1413 1414 1416
1171 1164 1165 1168 1176
1799 1110 1800 1803
1942 989 1935 1937 1938 1939 1944 1947 1949
1468 1465 1466 1471 1472 1473 1474
594 595 598 600 601 1443 1828
595 598 600 601 602 1866 1874
1152 1145 1149 1150 1153 1154 1155 1158 1159 1519
1668 1662 1663 1664 1665 1666 1667
598 601 602
600 601 602 606 1866
601 602 606 680
1443 1440 1441 1442 1444 1445
1828 1822 1824 1827 1829 1832
602 606 609 1131
1866 865 1037 1863 1867 1868 1869 1870
1874 1634 1867 1868 1869 1871 1876 1877 1879
1487 767 1485 1488 1489 1490 1491 1492 1505 1832
785 778 779 784 786 788 789
957 950 953 956 959 960 962 963
606 609 611 1083
1348 1341 1346 1347 1349 1350 1352 1353 1355
680 674 678 679 681 682 683 685 687
609 611 778 1257
1131 1124 1126 1134 1137 1519
1926 945 1923 1924 1929 1932 1933
1648 862 875 1373 1641 1642 1643 1647 1652 1654 1655
1814 1282 1811 1817 1819 1820
751 745 746 747 749 750 752 754 757
611 615 617
1083 1076 1080 1085 1087 1089
784 778 782 786 788 789 1021 1725 1979
1948 1944 1947 1949 1954 1955
615 617 619 620
778 776 779 1061 1442 1546
1257 1165 1250 1251 1252 1253 1255 1256 1258 1261 1262 1264
617 619 620 622 1757
875 869 870 872 877 878
894 619 890 891 895 898 900 1036
1868 1863 1867 1869 1870 1873
619 620 840 1419 1428
620 622 626 627
622 626 627 629 1121 1358
1757 953 960 990 1336 1754 1759 1760 1761 1762
1983 828 1163 1362 1976 1979 1984 1986 1987 1988 1989 1990
840 703 839 842 847
1419 1413 1414 1416 1664
1428 779 1228 1424 1429 1433
626 629 630 631
627 629 630
629 630 631 1692
1121 1124
1358 1352 1353 1355 1356 1357 1361 1363 1364
630 637
788 786 789 790 795 1454 1803
944 945 947 948 950 1105 1430
1433 1427 1429 1430 1438 1440
631 637 1054 1556
1692 771 837 1685 1687 1688 1690 1691 1693 1696 1698 1699
1729 968 1103 1255 1728 1730 1731 1732 1733 1734 1736
637 641 650 760
1054 1047 1049 1052 1053 1055 1056 1061
1556 880 1550 1554 1557 1558 1560 1561
639 641 645 646 1485 1720
641 645 646 647 648 808 1275 1676
650 645 646 647 648 649 653 656 657 1019
760 754 757 759 763 765
645 646 647 648 649
646 648 649 653
1485 1353 1471 1479 1486 1488 1489 1490 1491 1492
1720 900 1713 1714 1716 1717 1718 1721 1725 1726
647 648 649 653 1664 1988
1002 995 997 998 1004 1007 1008 1778
648 649 653 897
808 813 815 1584
1275 1280 1282 1716
1676 1677 1679 1681
649 653 656 1517
653 656 657 658 659 660
1664 1657 1658 1659 1662 1663 1665 1666 1667 1907
1988 1513 1984 1986 1987 1989 1990
897 890 891 898 899 900 902 904
656 657 658 659 660 661 663 1552
1517 1124 1512 1513 1515 1516 1521 1522
657 659 660 661 663 664 1438
1019 829 1020 1022 1023 1026
658 659 660 661 663 664 935 1644
659 661 663 664 666 1895
1312 1306 1309 1311 1314 1316 1318
660 661 663 666 765 995 1753
1583 1582 1584 1588 1589 1599 1939
661 663 666 1136
1954 1145 1665 1947 1949 1952 1955 1956
663 664 666 669 878 948 1781
1552 981 1546 1547 1549 1550 1557
664 669 671 674 1540
1438 1440 1441 1442 1444 1445 1944
935 929 930 933 938
1644 1639 1641 1642 1643 1647 1649 1859
666 672
1895 1896 1897 1898
765 759 763 767 768 770 771 1413 1710
995 992 993 994 997 998 1390
1753 1746 1748 1754 1760
1136 678 1134 1137 1140 1141
669 671 672 674 841 1140 1400
718 711 712 714 716 719 724 1566
1560 1554 1558 1561 1562 1565 1566 1567 1968
1726 1725 1728 1731 1733
878 872 877 879 880 884
948 945 947 950 954
1781 1774 1775 1778 1783 1784 1785 1787
671 674 678 1762
674 672 678 702 1952
1540 956 1534 1539 1543 1546 1547 1589
672 678 679 1036 1229 1256
1791 1404 1784 1785 1787 1789 1792 1798
1713 1710 1714 1716 1717 1718 1783
1784 1337 1725 1778 1782 1783 1785 1787 1789 1838
841 837 839 842 847 968 1690 1811
1140 1134 1137 1141 1143 1145 1554
1400 1397 1401 1403 1404 1406 1824
977 970 971 974 979 980 981 983 984 1599
678 679 682 683
1762 1368 1755 1759 1760 1761 1765
679 681 682 683 685 1411
1036 1029 1037 1042 1043 1337 1744
1229 1228 1230 1236
1256 1250 1252 1253 1255 1258 1262
924 919 921 923 929 930
1488 1482 1486 1489 1490 1491 1492
1490 1486 1489 1491
1492 1486 1489 1491 1497 1498 1499 1855
702 697 703 706 707 879 1056 1811
1952 1947 1949 1955 1956 1959
681 682 683 685 687 688
682 683 685 687 688 1531
683 685 687 688 690 959 1618
1499 1291 1497 1498 1500 1501 1502 1503 1505
685 687 688 690 891
1411 1368 1404 1406 1408 1413 1414
687 688 690 693
688
1531 1528 1534 1968
690 693 696 697
959 954 956 960 962 963 1947
1618 1617 1620 1623
790 786 795 797
891 884 887 888 890 895 898 1639 1916
693 696 697 698 699 797
1071 1025 1064 1065 1067 1068 1070 1076 1639
1725 1087 1721 1722 1731 1732
696 698 699 981
759 752 754 757 761 763 912
1789 1782 1785 1787 1792
697 698 699 703
698 699 703 1561 1935
699 703 706
1464 1465 1466 1471
1827 1283 1785 1820 1822 1824 1829 1832
1829 1822 1824 1832
797 795 799 801
981 974 979 980 983 984 987 1775
703 706 707 1352 1387
1561 1554 1557 1558 1562 1565 1566
1935 1929 1930 1933 1937 1938 1939 1940
706 707 709 711 712 992
707 709 711 712 714
879 872 877 880 884 886
1056 1049 1052 1053 1061 1870
1811 1817 1818 1911
1352 907 1346 1347 1350 1355 1357 1454
1387 1381 1382 1383 1384 1389 1390 1392
709 711 712 714 716 1818
711 712 714 716 1205
992 987 989 990 993 997 998
712 714 716 719 1295
714 716 719
912 910
1368 1361 1362 1364 1373 1374 1375
716 719
1818 1817 1819 1822 1837
1205 1204 1206 1207 1208 1210 1212
719 724
1295 1181 1293 1294 1297 1301 1722 1932
1844 1837 1838 1842 1843 1851
724 730 1390
884 877 880 883 886 887 888 890
1408 1401 1403 1404 1406 1413
1566 1562 1565 1567 1570
1896 1424 1592 1898
730 734 736 1843
1390 1383 1384 1389 1392 1397
1465 1466 1471 1472
1558 1554 1557 1562 1565
734 736 739 741
1841 1837 1838 1843
1870 779 902 1361 1869 1871 1873 1876 1877
1293 1288 1291 1294 1297 1454
736 738 739 741 900
1843 1837 1838 1842
738 739 741 745
739 741 745 746
1103 1096 1104 1105 1107 1341
1515 1508 1512 1513 1516 1519 1521 1522
741 746 747 1239
900 799 895 898 899 902 904 907 1350
745 746 747 749 750 752 1381
746 747 749 750 752 1929
747 749 750 754 1283
1491 1486 1489 1497 1498
1239 1236 1237 1242 1244 1666
749 750 752 754 1042
1297 1291 1294 1301 1302 1303 1304
750 752 754 757
1381 1181 1374 1379 1383 1384 1820
752 754 757 1397
1929 880 933 1922 1923 1924 1930 1932 1933
754 757 761 1176 1261
1283 1280 1282 1285 1288
1110 837 865 1037 1104 1112
1042 1043 1046 1047 1049
757 761 1699
1397 1216 1403 1404 1939
761 763 768 1021 1089 1347 1883
1176 1029 1180 1181 1182
1261 1150 1255 1258 1262 1264
763 767 768
902 895 898 899 904 908
1699 1349 1693 1696 1702
768 767 770 771
1021 1020 1023 1025 1028
1089 1085 1087 1088 1092 1095 1096
1347 1341 1342 1343 1346 1349 1353
1883 1126 1877 1879 1887 1938
767 770 771 895 1497 1911
771 770 776
770 776 1413
1413 1406 1414 1416
1710 1707 1717
1736 1730 1731 1732 1733 1734 1738
895 837 888 890 898 899
1497 1404 1500 1501 1502 1503
1911 1906 1907 1909 1912 1916 1918
776 779 782
947 950 953 954
1196 1192 1195 1197
1677 1679 1987
779 782 786 1382
1959 1657 1955 1956 1960 1962 1966
1674 1667 1679 1681
1987 1707 1984 1986 1989 1990
782 786 789
1785 1782 1783 1787 1792
1430 1126 1424 1427 1429
1596 1424 1589 1592 1594 1595 1598 1603
1061 1055 1060 1065 1066 1067 1068 1341
1442 1440 1441 1444 1445
1546 1539 1542 1543 1549 1550
786 789
1382 1379 1380 1383 1384 1389
789 795
1979 1972 1973 1976 1984 1986
795 799 800 801
1454 1165 1451 1456
1803 1778 1798 1800
1150 1087 1145 1149 1153 1154 1155 1486 1639
1473 929 1466 1471 1474 1479
799 800 801
1251 938 1244 1247 1250 1252 1253 1255 1258 1346
1444 1440 1441 1445 1451
1620 1617 1625
800 801
801
1342 842 1336 1337 1341 1343 1349 1972
1181 1180 1182
813 815 817 820 1635
835 828 829 837 839 842
1932 1930 1937 1938 1939
815 817 820 1904
1584 1244 1582 1588 1589 1659
993 987 989 990 994 997 998 1337 1547
817 820 1247 1404 1859
1761 1754 1755 1759 1760 1765
1500 1498 1501 1502 1503 1505
820 825 826 827 1375 1610
1635 1628 1629 1632 1639 1641 1642
1215 1210 1212 1213 1216
1904 1702 1897 1898 1906 1907 1909
1085 1080 1087 1088 1092 1143 1158 1380
1247 1242 1244 1250 1252 1253
1404 1403 1406
1859 883 1066 1237 1854 1855 1857
825 826 827 828 829
1301 1294 1302 1303 1304 1306
1657 1652 1654 1658 1662 1663
826 827 828 829
827 828 829
1375 1350 1364 1371 1373 1374 1379 1380
1610 1603 1604 1606 1607 1617
828
1053 1046 1047 1049 1052 1055 1060
829 1652
1516 1310 1513 1519 1521 1522
1728 1721 1722 1730 1731 1732 1733
1341 1337 1343 1346
1652 1647 1649 1655 1658 1659
837 842 844
839 842 844
1310 1159 1303 1304 1306 1309 1311 1316
1316 1309 1311 1314
954 950 953 1424
842 844 847 1062
1158 1155 1159 1163 1164
844 847 851
1960 857 872 1956 1962 1966
847 851 854
968 962 967 970 971 974
1690 1687 1688 1691 1693 1696 1842 1940
1062 1055 1060 1064 1065 1066 1067 1068
851 854 855 857 1168 1628
854 855 857 860
855 857 860 862 1361
1350 1343 1349 1353 1355 1356 1357 1798
857 860 862 1976
1168 1164
1628 910 1623 1625 1632 1634
860 862 863 866
862 863 865 866 869
1361 1357 1363 1364
863 866 870
1976 1972 1973 1974
865 866 869 870 872
866 869 984
869 870
870 872 877
872 877
984 979 980 983 987 989 990
1192 1195 1197
877 880 883 1343
880 883 886 1105 1933
883 886 887 888 890
1343 1336 1337 1346 1349 1654
886 887 888 890 1255
1105 1104 1107 1112
1933 1930 1938 1939 1940
887 888 890 1004 1589
888 890
1250 1244 1252 1253
890
1255 1252 1253 1258 1262 1592 1819
1004 997 998 1007 1011
1589 1582 1588 1594 1595
1663 1311 1658 1659 1665 1666 1667
898 899 989 1947
1639 1632 1634 1641 1642 1643
1916 1909 1912 1918 1923
899 904
1760 1754 1755 1759
1357 987 1282 1353 1355 1362 1363 1364
904 907 908 910 911
989 983 987 990 994 1346
1947 1353 1940 1944 1949
907 908 911
908 910 911
910 911 1216
911
1582 923 1588
953 950 956 960
1733 1730 1731 1732 1734 1738
1971 1441 1966 1968 1972 1973 1974
1216 1210 1212 1213
919 921 923
1906 1907 1909 1912
1824 1817 1819 1820 1822
921 923
923 929 930
929 930 933 1401
930 933
933
1401 1403 1406
938 945 1599
1294 1288 1291
945 950
1599 1592 1594 1598 1601 1603 1606 1617
1562 1557 1565 1567
950 956
956 962 963
960 962 967
1732 1730 1731 1734 1738
1887
1424 1427 1429
962 967
963 967 970 1159 1721
967 970 971 974 1625
970 974 1364
1159 1153 1155 1163 1164 1165
1721 1714 1716 1718 1722
971 974
1228 1230
974 979 980 1363 1429
1625 1623 1629 1632
1364 1362 1363 1365 1371 1474 1897
979 980 983
980 983 987 1989
1363 1356 1362 1365
1429 1288
1501 1498 1502 1503 1507 1508
983 990
987 990 994 1685
1989 1984 1986 1990 1991
1775 1770 1771 1774 1782
990 994 997
994 998
1685 1679 1681 1687 1688 1691
1346 1349 1353
997 998
998
1337 1330 1333 1336
1547 1542 1543 1549 1550 1554
1007 1008 1011
1353 1349 1355 1356
1008 1011 1356
1909 1907 1912
1778 1782 1783
1011
1356 1355 1362
1149 1143 1145 1154 1155 1539
1020 1023 1025 1026
1022 1023 1025 1026 1028 1029
1873 1867 1869 1871 1876 1877 1879
1023 1025 1026 1028 1029
1371 1365 1373 1374
1471 1466 1472 1474
1070 1064 1065 1066 1067 1068
1025 1026 1028 1029
1918 1912 1922 1923 1924
1026 1028 1029
1028 1029
1029 1076
1623 1617 1629
1076 1080 1879
1742 1738 1744 1746 1748
1037 1043
1043 1046 1047 1049
1744 1641 1738 1746 1747
1046 1047 1049 1052
1047 1049 1052
1867 1863 1871
1049 1052 1055 1507
1052 1055 1262
1974 1968 1972 1973
1055 1060 1288 1311
1507 1502 1503 1505 1508 1512 1513
1262 1258 1264
1060 1064 1065 1066 1067 1822
1288 1282 1285 1291
1311 1304 1306 1309 1314 1318
1064 1065 1066 1067 1068
1065 1066 1067 1068
1066 1067 1068
1067 1068
1822 1817 1819
1068
1080 1087
1879 1876 1877
1389 1383 1392
1087 1088
1088 1092 1095
1092 1095 1096
1143 1137 1141 1145
1380 1373 1374 1383 1384
1877 1107 1871 1876
1095 1096 1649
1096 1940
1349 1355
1649 1642 1643 1647 1654 1655
1940 1164 1937 1939 1944
1104 1107
1456 1451
1107 1112
1512 1505 1508 1513 1519
1141 1134 1137 1145
1112
1244 1237 1242
1373 1374 1379
1722 1716 1717 1718
1124 1126 1330
1126
1330 1325 1333 1334 1336
1134
1792 1787 1798
1137
1519 1513 1521
1253 1252 1258
1145 1528
1554 1549 1550 1557
1502 1498 1503 1505 1508
1592 1588 1594 1595 1598
1528 1521 1522 1534
1153 1154 1155
1154 1155 1817
1155
1539 1534 1542 1543
1486 1479 1482 1489
1817 1819 1820
1163 1164 1165
1164
1165
1714 1679 1707 1716 1717 1718
1922 1923 1924
1180 1182
1871 1869 1876
1182
1258 1252
1195 1197
1197 1204
1204 1206 1207 1208 1210 1521
1206 1207 1208 1210 1212 1213
1207 1208 1210 1212 1213
1208 1210 1212
1679 1765
1210 1212 1213
1521 1522
1212 1213
1213
1730 1731 1734
1938 1937 1939 1944
1285 1280 1282 1291
1230 1236 1237
1924 1923 1930
1236 1237
1237 1242
1242
1549 1542 1543 1550
1666 1508 1662 1665 1667
1252
1819 1466 1820
1264
1747 1746 1748 1754
1272
1629 1632 1634
1280 1282 1717
1282
1716 1717 1718
1717 1718
1291
1416 1414
1302 1303 1304 1306 1309
1303 1304 1306 1309
1304 1306 1309
1306 1309
1594 1595 1598 1601 1782
1309 1314
1314 1318
1318 1325 1930
1325 1632
1930 1734 1923 1937
1771 1765 1770 1774
1632 1634
1333 1334 1336
1334 1336
1336
1972 1966 1968
1654 1647 1655 1658 1659
1355 1362
1798
1441 1440 1445
1362 1365
1365
1474 1472 1479 1691 1698
1897
1374 1379
1990 1984 1986 1991
1379 1383 1384
1383 1384
1384
1782 1707 1783 1787
1820
1392
1403 1406
1939 1937 1944
1406
1707 1702
1414
1534
1427
1440 1445
1445 1451
1944 1937 1949
1451
1986 1984 1991
1466 1472
1842 1837 1838
1472 1479
1479 1482
1691 1687 1688 1693 1696 1698
1698 1693 1696 1702
1482 1489
1489
1505 1498 1503 1508
1832 1837 1838
1498 1503
1855 1851 1854 1857
1503 1508
1522
1508 1513
1513
1968 1962 1966 1973
1542 1543
1543 1550
1550 1557
1557
1565 1567 1570
1567 1570
1570
1606 1601 1603 1604 1607
1588 1595
1659 1655 1658 1662 1665
1595 1598 1601
1598 1601 1603 1604 1876
1601 1603 1604 1607
1603 1607
1604 1607
1876 1869
1617
1607
1962 1955 1956 1966
1634 1641
1863 1869
1641 1642 1643 1647
1642 1643 1647
1643
1907 1912
1647
1770 1765 1774 1937
1655 1658 1662
1658 1662 1665
1662 1665 1667
1665 1667
1667
1681
1765 1759
1687 1693
1688 1693
1693 1696
1696 1702
1702
1718
1783 1787
1731 1734 1738
1734 1738
1738
1746 1748
1748 1754 1755
1754 1755 1759
1755 1759
1759
1774 1937
1937
1787
1838 1837
1800
1837
1851 1854 1857
1854 1857
1857
1869
1898
1912
1923
1949 1955 1956
1955 1956
1956
1966 1973
1973
1984 1991
1991
