0 1 3 4 5 636 1114 1374 1495 1496 1497 1498 1499
1 2 3 6 210 863 1496 1497 1498 1499
3 2 4 5 6 7 8 190 1498 1499
4 5 7 8 9 1010 1499
5 2 6 8 9 1268
636 490 631 632 633 635 638 640 641 642 1405
1114 1109 1110 1111 1112 1115 1116 1117 1118 1119 1421 1479
1374 1370 1372 1373 1375 1376 1377 1379
1495 1222 1490 1491 1493 1494 1496 1497 1498 1499
1496 87 1491 1492 1493 1494 1497 1498 1499
1497 2 803 1268 1492 1493 1494 1498 1499
1498 2 1493 1499
1499 2 6 25 147 294 528 1494
2 6 303 533
6 7 8 9 10 11
210 205 206 207 208 209 211 213 215 943
863 62 858 859 860 861 862 864 865 866 868
303 301 304 305 306 307 308
533 48 528 529 530 531 532 534 535 536 538 1133
7 8 9 10 11 12 933
8 10 11 12 13 643
190 185 187 188 189 191 192 193 194 239 291 552 711
9 10 11 12 13 14 37 1128
1010 1005 1006 1007 1008 1012 1013 1014 1015 1101
1268 1263 1265 1267 1269 1270 1271 1272 1273 1409
10 180 687 898 1075 1129
11 12 13 14 15 16 171
12 13 14 15 16 17 420
933 793 928 930 931 932 934 935 936 937 938
13 14 15 16 17 18 51
643 638 639 641 642 644 645 647 648
14 16 130 484
37 32 33 34 36 38 39 40 41 42 722 1344
1128 1028 1124 1125 1126 1127 1129 1130 1132
180 175 176 177 178 179 181 183 184 185
687 74 661 683 685 688 689 692
898 182 893 894 896 897 901 902 903 1251
1075 1070 1071 1072 1073 1074 1076 1077 1078 1080 1212 1371
1129 209 792 1126 1127 1130 1131 1132 1133 1134
15 17 19 20 333 433 684 1169 1185
16 17 18 19 20 96
171 164 166 167 168 169 170 172 175 176 402 411
17 18 19 20 21 22 182 732 954
420 415 416 417 418 419 422 423 424 1198
18 19 20 21 22 23
51 46 47 48 49 50 52 53 54 55 56 485
130 125 126 127 128 129 132 133 134 135 632 1378
484 307 479 481 483 485 487 488 489 776 887 1251
19 20 21 23 24 1163
20 21 22 24 25 928 1359
333 328 329 331 332 334 335 336 337 338 766 1384
433 119 429 431 432 436 437 438 1159 1221
684 219 679 681 682 685 686 913 1223
1169 92 545 1164 1165 1166 1167 1168 1172 1173 1174
1185 1180 1181 1182 1183 1184 1186 1187 1188 1189 1190
96 91 99 101 107 118 154 488 854 1309
21 22 23 24 25 26
22 23 24 25 26 363
182 177 178 179 184 185 186 187 601
732 286 577 727 728 729 730 731 733 735
954 159 575 949 950 951 952 953 955 956 958 1122
23 24 25 27 28 1478
24 25 26 27 28 29
1163 550 1158 1159 1161 1164 1165 1166 1167 1168 1212 1426
25 28 29 30
928 923 924 925 926 927 929 930 931 1017
1359 964 1354 1355 1356 1357 1358 1360 1362 1363 1364
26 27 28 29 30 31 512
363 358 361 362 364 365 366 367 368 719 1216
27 28 29 30 32 72 154 721 1232
28 29 30 31 32 33 1234
1478 469 683 1173 1473 1474 1475 1476 1477 1479 1480 1481
29 30 31 32 33 34 653
30 33 35 881 1455 1485
31 34 35 36 985 1294
512 507 508 510 511 513 514 515 516 517 723 797 974
32 33 34 36 564 812 877 1045 1178
72 67 69 70 71 73 76 77 1112 1138
154 150 151 152 153 155 156 158 1386
721 717 719 722 723 724 725 726 1005
1232 217 624 873 941 1058 1233 1235 1236 1237
33 34 38 1378
1234 206 742 746 1157 1227 1229 1230 1231 1233 1235 1236 1237 1239
34 35 36 38 39 1054 1319
653 131 649 650 651 652 654 655 656 658 775 911
35 36 38 39 40 573 1094
881 247 876 877 878 880 882 883 884 885 886 1443
1455 1450 1451 1452 1454 1456 1457 1458 1459
1485 434 1231 1480 1481 1482 1483 1484 1487 1488 1489 1490
36 38 39 40 178
985 331 980 982 983 984 987 988 989 1428
1294 966 1289 1290 1291 1293 1295 1296 1298 1299
564 384 561 562 563 565 566 567 568 569 1428
812 242 809 810 811 813 814 816 817 1070
877 872 873 874 876 878 879 880 882
1045 1040 1043 1044 1046 1047 1048 1049 1072
1178 1173 1174 1175 1176 1177 1179 1180 1181 1183
38 39 40 42 43 693
1378 487 751 977 1373 1376 1377 1379 1381 1383
39 41 42 44 1035
1054 1050 1051 1052 1053 1055 1056 1057 1058 1059
1319 799 1314 1316 1317 1318 1320 1322 1323 1324
40 41 43 44 45 349 1012
573 186 568 570 572 575 576 577 578 691
1094 85 710 1089 1090 1091 1092 1093 1095 1096 1097 1098
178 174 175 177 179 181 183 386
41 42 43 44 45 46 493 975 1257
42 43 44 46 54 549 1101
722 276 429 717 718 720 724 725 727
1344 1103 1339 1341 1342 1343 1345 1346 1347 1348 1349
43 44 45 47 394 469 929
693 247 688 689 690 691 695 696 697 698 907
44 45 46 47 48 1280
1035 1030 1031 1032 1034 1036 1037 1038 1040
45 47 48 49 50 661
349 311 345 346 347 348 351 352 353 354 735
1012 250 279 346 1008 1009 1011 1014 1016 1017
46 47 48 49 50 197
493 489 490 491 494 495 496 497 498 761
975 209 615 726 971 973 977 978 979 980 1398
1257 1252 1253 1254 1255 1258 1259 1260 1261 1262
54 49 50 52 53 55 56 58 59 828
549 544 546 547 548 550 552 553 554
1101 49 216 1061 1096 1097 1098 1099 1100 1102 1103 1105
47 48 50 52 1395
394 389 390 391 392 395 396 397 398 467
469 464 471 472 473 474 801 1264 1320
929 924 925 926 927 930 931 932 934 1182
48 49 52 1329
1280 1275 1276 1277 1278 1279 1281 1282 1283
49 50 52 53 444 828
50 52 53 55 1042
661 656 658 659 660 662 664 665 666 1067 1116 1200 1484
197 193 195 196 198 201 480
52 55 56 57 1221
1395 924 1390 1393 1394 1396 1398 1399 1400 1462
1329 1324 1325 1326 1328 1330 1331 1332 1333 1334
53 55 56 57 58 984
444 439 440 441 442 443 445 446 447 448 449 1143
828 132 823 824 825 826 827 829 830 831 832 833
55 56 57 59 60 1024
1042 1037 1038 1039 1040 1041 1043 1044 1047
56 57 58 59 60 61
485 160 402 480 481 482 487 488 489 1368
57 58 59 61 62
1221 1137 1216 1217 1218 1220 1222 1223 1225 1226 1466
58 59 60 63 156 811 1365
984 694 979 980 982 987 988 989 1191
59 61 62 63 64 228 1073
60 61 62 63 64 65 572 1252
1024 994 1019 1020 1021 1022 1023 1025 1026 1028 1029 1318
61 64 65 141 546 1073 1494
62 63 64 65 66 67 1308
63 64 65 66 67 68
156 152 157 158 159 411
811 807 808 809 810 813 814 816 1276 1349
1365 340 1360 1361 1362 1363 1364 1368 1369 1370
64 66 67 1459
228 224 225 226 227 230 231 232 233 647 1120 1449
1073 1068 1069 1070 1071 1072 1074 1076 1077 1078
65 66 67 70
572 351 567 569 570 571 574 576 577 1479
1252 1248 1249 1250 1253 1254 1255 1256
141 136 139 142 143 144 145 146 773 1249
546 168 246 541 545 547 548 550 1186
1494 404 1489 1490 1491 1492 1493
66 67 69 70 71 1095 1136
67 68 69 495
1308 1303 1304 1305 1306 1307 1309 1310 1311 1312 1313
68 69 70 71 73 388 412 505 630 1136
1459 311 1454 1456 1457 1458 1460 1462 1463 1464
70 71 73 75 380 428
69 73 74 479 646 692 1302
71 73 74 75 968 1037 1296
1095 1090 1091 1092 1093 1096 1097 1098 1099
1136 744 1131 1132 1133 1137 1138 1139 1141
495 490 491 492 494 496 497 500 1069
73 74 75 76 77 78
388 384 385 386 387 389 390 391 393 1179 1216
412 407 408 409 411 413 414 415 416 417
505 117 500 502 503 504 506 508 509 510 674 817
630 334 537 625 626 628 629 631 632 634 635 977
74 75 76 77 79 1273
479 474 475 476 477 480 481 482 483 667
646 641 642 645 647 649 650 651 925 1462
692 665 688 689 690 691 695 696 697 1155 1392
1302 1298 1300 1301 1303 1304 1305 1306 1307
75 76 77 78 79 80 87 127 882 1110 1224
380 375 376 377 378 381 382 384 385 669 682 1210 1254
428 423 424 426 429 430 431 432 787
968 381 957 963 964 965 966 967 969 970 971 972
1037 124 191 832 1032 1033 1034 1038 1039 1041
1296 1291 1292 1293 1297 1298 1301
76 77 78 80 81 500
77 79 80 81 82 1420
1112 1107 1109 1111 1113 1115 1116 1117 1361
1138 1133 1134 1137 1139 1140 1141 1142 1143
78 79 80 81 82 83 371
79 80 82 83 84 508
1273 1269 1270 1271 1272 1275 1276 1277
80 81 82 83 84 85 378
87 82 83 84 86 88 90 91 92
127 122 123 124 126 128 131 132 175 706
882 849 878 879 880 883 884 885 887
1110 302 1105 1106 1107 1108 1111 1115
1224 244 477 1219 1220 1222 1225 1229 1306 1321
81 82 83 84 85 86 270 545 662 852
500 441 496 497 498 499 501 502 503
82 84 85 86 136 202 466 1238
1420 1409 1415 1416 1417 1418 1419 1421 1422 1423 1425
83 84 85 1103
371 367 369 370 372 374 375 376 871
84 85 86 88 89
508 503 504 506 507 510 511 513 1473
85 86 89 1326
378 373 374 375 376 377 381 382 383 980
86 88 89 90 91 150 1047 1122
270 103 266 268 269 271 272 273 274 275 883
545 542 543 548 550 1283 1352
662 657 659 663 664 665 666 667
852 767 847 849 850 851 853 854 855 856
136 131 132 134 135 137 138 139 140 317 368
202 199 201 203 204 205 206 207 696 1032
466 250 461 462 463 467 468 470 471
1238 474 1233 1237 1239 1240 1242 1243
1103 120 358 876 1098 1100 1102 1104 1105 1106 1107 1108
88 89 90 91 93 176 286 1216 1392
89 90 91 93 94 1342
1326 399 940 1321 1322 1324 1325 1327 1328 1330
90 92 93 94 95 432 1253 1258 1277
91 92 93 94 95
150 145 146 148 149 151 153 155 705 801
1047 486 1044 1046 1048 1049 1050 1052
1122 1117 1118 1119 1120 1121 1124 1126 1127 1226
92 93 94 95 97 586 874 897
93 94 95 97 98
176 172 173 174 175 177 179 181
286 281 282 284 285 287 288 291 418 980 994
1216 1211 1212 1213 1214 1215 1218 1220
1392 223 1389 1390 1391 1393 1394 1396 1397
94 95 97 99 236 293
1342 799 1337 1338 1339 1341 1343 1345 1346 1347
95 98 99 146 650 681
432 258 427 430 431 435 436 437
1253 1248 1249 1250 1251 1254 1255 1256 1366
1258 633 1254 1259 1260 1261 1263 1351
1277 372 1272 1274 1275 1278 1279 1281
97 100 101 223
586 581 582 585 587 588 589 590 591
874 870 871 872 873 875 876 878 879
897 257 522 530 892 893 894 895 896 899 900 901 902
98 99 101 102 103 218 291 797 804 1405
99 100 101 102 103 104 370
236 232 233 234 235 237 239 240 241 934 1076
293 289 294 295 296 298 1168
146 142 143 144 145 147 148 149 151 1109
650 645 647 648 649 651 652 654
681 554 676 678 679 680 682 683 685
101 100 103 104 106 449 902
107 102 104 105 106 109 110 111 112 979
118 113 117 120 121 122 123 305 660
488 222 483 487 489 491 804
854 365 850 853 855 856 857 858 859
1309 415 1304 1305 1307 1310 1311 1312 1313 1314
100 102 103 104 116 960
223 218 219 221 222 224 225 227 543
102 103 104 106 880 1276
103 104 105 106 108
218 213 214 215 217 219 220 221 222 1396
291 287 288 289 290 292 294 295 338
797 248 792 793 795 796 798 799 800 1311
804 799 801 802 803 805 806 807 808 809
1405 779 1400 1401 1403 1404 1406 1407 1408
104 105 108 109 1100
370 365 366 367 368 369 372 375 781 1182
116 111 112 113 114 115 117 119 120 121
960 867 917 955 956 957 958 959 961 962 963 965
106 105 108 109 110 122 767 884 1130
449 447 448 450 452 453 454 598 903 1324 1327
902 899 900 901 903 905 906 907
880 875 876 878 879 883 885 1155
1276 518 1271 1274 1275 1278
105 108 109 110 758 1004 1369
108 109 110 111 112 619 767 774
109 110 111 112 113 114
1100 538 1096 1097 1098 1099 1102 1104 1105 1283
110 111 112 113 114 115 409
758 753 754 757 759 760 761 762
1004 957 999 1001 1002 1003 1005 1006 1007 1009 1275 1425
1369 1367 1368 1370 1371 1372 1373
122 117 119 123 124 125 126 230
767 129 660 762 763 764 766 768 771 772
884 392 879 883 885 887 888
1130 1125 1126 1131 1134 1135 1324 1425
111 112 113 114 115
112 113 114 115 117 735 1041
979 976 977 978 982 983
619 614 616 617 618 620 621 622 624
774 324 769 770 771 773 775 776 779
113 114 115 1046 1245
114 115 117 238 1394
115 117 222 353
409 290 392 405 406 407 408 410 413
117 119 121
735 730 734 736 739 740
1041 486 635 1036 1038 1039 1040 1046
1046 826 1043 1044 1048 1049 1050 1441
1245 1240 1241 1242 1243 1244 1246 1247 1248 1249
238 233 234 235 240 241 243 703
1394 1389 1390 1391 1393 1396 1398
222 217 219 220 221 224 225 226 1164
353 348 350 351 352 354 355 356 357 358
119 120 121 123 124 298 595 1264
120 121 133 1351 1380 1450
121 123 124 126
123 124 125 126 128 1198
305 301 302 304 306 308 309 377
660 358 655 656 657 658 659 663 665 686
124 126 128 129 835
298 294 295 296 297 300 301 702 1070
595 590 591 592 593 594 596 598 599 600
1264 576 618 1215 1259 1261 1262 1265 1266 1267 1446
133 128 131 134 135 137 138
1351 264 1346 1347 1348 1349 1350 1353 1354 1355 1356
1380 667 1375 1376 1377 1379 1381 1382 1383 1385 1447
1450 1445 1446 1448 1449 1451 1452 1453 1454
126 125 129 889
125 128 129
230 225 226 227 229 231 233 234 235 690
128 129 131 132 991 1007 1191
1198 1193 1194 1195 1197 1200 1202
129 131 132 134 1265
835 669 830 831 832 833 834 836 837 839
889 625 885 888 890 891 892 893 894 955
131 132 135 470
132 134 396
175 170 172 173 451
706 701 702 703 704 705 707 708 709 710
991 299 869 986 987 988 989 990 992 993
1007 1002 1003 1005 1006 1008 1009 1011
1191 1186 1187 1188 1189 1190 1193 1194 1195 1196
134 135 137 138 139 1256
1265 264 629 918 1260 1261 1262 1267 1270
135 137 138 139 140 332
632 624 627 628 631 633 634 635 637
470 465 468 471 472 473 474 475 837
396 391 392 393 395 397 398 399 400
137 138 139 140 142 614
138 139 140 142 143 184
139 140 143 144 278 769
1256 922 986 1176 1254 1255 1259 1261
140 142 143 144 439 840
332 327 328 329 331 335 336 337
317 315 316 318 319 320 321 322 455 719
368 364 365 366 367 369 372 373 1204
142 143 144 145 147 832
614 351 610 611 612 616 617 618
143 144 145 147 148 375
184 186 187 188 189 344
144 145 148 149 247
278 273 274 275 276 277 279 280 282 283 831
769 297 759 764 765 766 768 771 903 1299
439 434 435 436 437 438 440 441 442 443 704
840 720 837 838 839 842 844 845
145 147 148 149
773 768 770 771 772 775 778 842 1389
1249 1244 1246 1248 1250 1254
147 148 149 151 152
832 527 827 829 830 833 834 836 837 1250
148 149 151 152 153
375 360 372 376 377 379 407 1069 1124
149 151 152 153
247 242 244 248 249 250 251 1421
151 155 952
1109 1104 1105 1106 1107 1108 1113 1417
152 153 155 157 475 1458
153 155 157 158 1486
155 157 158 159 160 827
705 700 701 702 704 707 709 710
801 226 796 798 800 802 803 805 806
952 947 948 949 950 951 953 955 956 957
157 158 160 161 162 977 1029
475 272 471 472 474 476 477 478 480 1289
1458 1453 1454 1456 1457 1460 1461 1462 1463
158 159 160 161 162 1335
1486 900 1481 1482 1484 1489 1490 1491
1386 1068 1381 1382 1383 1384 1385 1387 1388 1389 1390 1391
159 160 162 164 645
160 162 163 165
827 823 824 825 826 831 878 1040 1082 1195
411 407 408 410 413 414 415 416 547 798
161 162 163 164 165 166 622 966 1208 1473
162 163 164 166 306 482
977 972 973 976 978 980
1029 216 392 1026 1027 1028 1030 1031 1032 1034
1335 212 328 890 1330 1331 1332 1333 1336 1338 1339 1340
164 163 165 168 169 785
645 640 641 642 644 648 649
163 166 167 168 1214
165 166 167 169 170 241 961
166 168 169 170 319 872 890
622 617 618 621 623 624 625 626 627 794 1247
966 391 961 962 963 965 967 969 970 971
1208 476 1203 1204 1205 1206 1207 1209 1210 1211 1212
1473 1468 1469 1470 1472 1474 1475 1476 1477
306 301 304 307 308 309 310 311 606 770
482 477 478 480 481 483 486 487 974
167 169 170 379 1193 1446
168 169 170 172 173 1135 1469
1214 389 1209 1210 1211 1212 1213 1215 1219 1292
169 170 172 173 174 258
785 780 781 782 783 784 786 787 788 789 790
170 172 173
241 239 240 242 243 244 245 246
961 912 956 957 958 959 962 963 964 965
319 314 315 318 320 321 322 384 939
872 868 869 871 873 875 876 935
890 397 885 886 887 888 891 892 893 895 1406
379 376 377 381 382 383 384
1193 939 1189 1194 1195 1196
1446 399 822 1090 1366 1441 1442 1445 1447 1448
172 173 174 177
173 174 177 587
1135 242 633 906 1018 1131 1132 1133 1134 1137 1139 1140
1469 1464 1465 1466 1467 1468 1470 1471 1472 1474
174 177 221 892 1449 1472
258 188 253 254 256 257 260 261 263
402 397 398 399 400 403 404 405 406 407 600
177 179 181 1087
587 582 583 584 585 589 590
221 185 216 217 219 225 563 611 1117
892 414 648 887 888 893 894 895 896
1449 1444 1445 1447 1448 1451 1452 1453
1472 431 559 814 1468 1470 1471 1474 1475 1476 1477
451 447 452 454 455 456 683 1367
179 181 183 267 1491
181 183 185 186 955 1411
1087 1082 1083 1084 1085 1086 1089 1090 1091 1092 1403
183 185 186 187 188 1096 1237
386 381 382 385 387 389 391 672 730 1170
267 262 263 264 265 266 268 269 271 272
1491 659 1123 1487 1488 1489 1490 1493
185 186 187 189 391 563 1016
186 187 188 189
955 950 951 953 956 959 1288
1411 848 1406 1407 1409 1410 1412 1414 1415 1479
187 188 189 191 192 281 541 702 1021
601 239 596 597 600 602 603 604 606 719
188 189 191 192 193 688 762
1096 597 1091 1092 1093 1099
1237 211 800 1233 1235 1239 1240 1242
189 191 192 193 194
344 339 340 341 342 343 345 346 347 452
391 257 395 541
563 558 560 561 565 566 567 568
1016 869 1011 1013 1017 1018 1019 1020 1194 1212
191 192 193 195 196 690 853 996 1027
192 193 195 196 442 1027 1151
281 279 280 284 285 813 1081
541 227 536 537 538 543 544 584
702 697 698 699 700 703 704 707 825
1021 323 1017 1019 1020 1023 1025 1026
193 194 195 196
688 200 683 689 690 691 1088
762 757 759 760 761 763 765 766
194 195 196 198 199 311 815
239 234 235 237 240 242 243 244 1227
552 462 547 551 553 554 555 556 557 1077
711 392 438 538 707 708 710 713 714 715 1196
195 196 198 199 200 414 529 1377
196 198 199 201 981
690 685 686 691 694 695
853 848 850 851 855 856 857 858 1228
996 800 917 992 993 994 995 997 998 1000 1299
1027 1022 1023 1025 1026 1030 1031 1032
442 438 440 441 443 445 446 447 962
1151 1146 1147 1148 1149 1152 1153 1154 1156
198 199 200 201 203 529
199 200 201 203 204 299 1348
311 307 308 309 310 313 314 315
815 327 726 810 813 814 816 817 818 819 820
200 201 204 205 885 1431
414 410 413 415 417 418 419 492
529 525 526 527 528 531 532 534
1377 334 1298 1372 1375 1376 1379 1381 1382
201 203 204 205 206 1080
981 530 976 978 980 982 986 1336
480 476 477 478 481 483
203 204 205 206 207 208 781 820
204 205 206 207 208 209
299 294 295 297 301 304 360
1348 1343 1345 1346 1347 1349 1353
205 207 208 1397
885 883 887 888 1154
1431 795 1426 1427 1428 1430 1432 1434 1435 1436
206 207 208 209 211 750
1080 328 746 1078 1079 1081 1082 1083 1084
207 208 209 211 212
696 691 694 695 697 698 699 700 701 818 1266
1032 1028 1030 1031 1036 1084
208 209 211 212 213
781 537 717 776 778 779 780 782 783 784 786
820 450 816 817 819 821 823 824 825 1155 1290 1433
209 212 213 214 1346 1453
1397 1081 1393 1396 1398 1399 1402
211 212 213 214 216
750 745 746 747 748 749 751 752 753 755
212 213 214 216 217 886
213 214 215 216 217 756 1260
214 216 217 501 1155 1299
1346 584 657 1341 1343 1345 1349 1350
1453 1448 1451 1452 1454 1456 1457
215 217 219 220 1220
943 938 939 942 944 946 947 948
216 219 605 694 1297
217 219 220 1025
886 883 887 888 891 1018 1464
756 751 752 753 754 757 761 950 1211
1260 1255 1259 1261 1262 1263
501 496 497 498 499 502 503 504 506
1155 318 359 1152 1153 1154 1156 1159 1160
1299 287 1295 1298 1301 1303
219 220 224
220 225 1104
1220 340 404 1215 1217 1222 1223 1225
605 600 602 604 606 607 608 609 610 976
694 697 698 699 1034
1297 831 1293 1295 1298 1300 1301 1409
1025 1020 1022 1026 1030 1131
1396 974 1367 1393 1398 1399 1400 1401
224 226 227 229 958 1148
225 226 227 229 474
1104 947 1099 1102 1105 1106 1107 1108
611 300 606 607 608 609 610 612 613
1117 280 374 598 1115 1116 1118 1119 1120 1121
226 389
1164 569 686 1159 1160 1165 1166 1167
227 229 231 1189 1286
543 538 539 542 544 547 548 597 629 736
229 231 232 234 894
958 590 609 680 895 959 962 963 1207
1148 1143 1144 1145 1146 1147 1149 1152 1153
474 471 472 473 476 478
389 384 385 387 390 393 568
231 232 234 235 598 1092
1189 1184 1187 1188 1190 1194 1321
1286 583 671 1023 1186 1281 1282 1283 1284 1285 1287 1289 1290 1291
232 233 234 235 237 424
233 234 235 980
647 642 644 648 649 651 652
1120 793 1115 1118 1119 1123 1124 1125
234 235 237 1118
894 689 891 893 895 896 899
235 237 240
598 593 594 596 597 599 600 602 603 1043
1092 682 793 1088 1089 1090 1091 1093 1097
237 240 242 806
424 419 421 422 423 425 427 429 1113
980 736 978 983 1400
1118 591 1113 1116 1121 1123
240 242 243 244 245
934 930 931 932 935 936 937 938 939
1076 1071 1072 1074 1077 1078 1079
242 244 245
806 581 754 802 805 807 808 810
243 244 245 246 248
703 674 699 700 704 707 708 1266
244 245 246 248 249
1227 724 777 1226 1228 1229 1230
245 246 248 249 250
246 248 250 251
248 249 250 251 252 253
249 251 252 253 254 765 1347 1424
250 251 252 253 254 255 635
251 252 253 255 256
1421 1192 1416 1417 1418 1419 1423 1424 1425 1426
252 253 254 255 256 257 738
253 254 256 257 1167
254 255 256 257 259 726
765 760 763 764 766 768 770 802
1347 1343 1345 1349 1352
1424 957 1343 1422 1423 1425 1426 1427 1428
255 256 257 259 664 1078
635 633 634 638 639 640
256 257 259 260 261 1384
257 260 261 262 334
738 733 734 736 737 740 741 742 743
1167 887 1162 1165 1166 1170 1172 1246
259 260 261 262 263 264
726 723 724 725 727 729 730 1484
664 509 625 659 663 665 667 668 669
1078 1074 1077 1079 1081 1082 1083
260 261 262 263 264 265
261 262 263 264 265 266 285 1410
1384 1313 1379 1381 1385 1387 1388 1389
262 263 264 265 266
334 329 331 335 337 339
263 264 265 266 268
264 265 266 268
265 266 734 1217 1454
266 268 271 1225
285 280 282 284 287 289 798
1410 1061 1406 1408 1409 1412 1413 1414
268 269 271 272 273 1366
734 729 730 731 733 736 737
1217 1212 1213 1215 1218 1219
1454 1451 1452 1456 1457
271 269 272 273 274 275
1225 339 888 1184 1226 1228 1229 1230
269 272 273 274 623 1059 1134
272 273 274 276 277 487
273 274 275 276 277
1366 316 871 1362 1364 1368 1370 1371 1441
274 275 276 277 279
623 618 620 621 625 626 627 628 633
1059 633 1055 1056 1057 1058 1061 1062 1063 1064 1388
1134 314 1131 1132 1133 1137 1451
275 280 896 1000 1015
883 878 879 887 1077
276 280 923 1211 1272
277 279 280 282 1030
487 357 483 486 489 490 491 492 793
279 280 282 283
280 282 283
896 462 725 891 893 895 899 900 901
1000 814 995 997 998 999 1002 1005
1015 342 585 1011 1013 1014 1017 1018 1020
923 918 919 920 921 922 924 925 926 927
1211 1206 1207 1209 1210 1213 1215
1272 337 779 1091 1267 1269 1270 1271
282 283 287 616
1030 283 1026 1028 1031 1034
283 284 287 288 666 999
831 826 829 833 834 836
284 287 288 652 656
813 809 810 814 816 1003
1081 1077 1079 1082 1083 1084 1085 1086
287 289 292 639
616 613 615 617 618 620 621
288 290 292 341 579 617
666 663 665 667 668 669 670 671 862
999 994 995 997 998 1001 1002 1003 1282
652 648 649 651 654 655 657 888
656 654 655 657 659
289 290 292 294 674 941
798 793 796 800 802
418 413 415 417 419 421 422 594 932 1409
994 403 989 990 992 993 995 997 998 1200
292 290 294 295 296 297 1051 1228 1483
639 634 637 638 640 641 644
290 294 295 793
341 336 337 338 340 342 343 345 346 613
579 574 575 576 577 578 580 581 582 584 1123
617 612 613 615 618 621
294 295 296 297 1387
674 669 670 671 672 673 675 676 678 679 940
941 936 937 938 940 942 944 946
295 296 297 300
793 790 791 792 794 796
338 335 336 337 339 342 343 615 1171
296 297 301 620 1199 1345
297 300 301 302 606
1051 1048 1049 1050 1052 1053 1055 1056
1228 302 720 1223 1226 1231
1483 507 723 1479 1480 1481 1487 1488
1168 315 330 550 1165 1166 1170 1171 1172 1173
1387 464 1083 1139 1271 1382 1385 1388 1389 1390 1391
300 301 302 304 314 397
301 302 304
620 615 621 625 1482
1199 594 1194 1195 1196 1197 1200 1202 1230
1345 1340 1341 1343 1349 1350
302 307
606 498 603 604 608 609 1229
1070 518 1065 1066 1067 1068 1069 1071 1072 1274
304 307 309 1456
360 355 357 358 361 364 365 510 949 1307
314 309 310 312 315 316 383 1467
397 392 395 398 399 400 1425
307 308 309 310 312
308 309 310 312 313
309 310 312 313
1456 1451 1452 1457 1460
377 372 373 374 376 760 799
310 313 315 1018
770 551 766 768 771 772 775
312 313 316 633 808
313 315 316 318 739 953
315 318 320 1337 1427 1474
1018 1013 1014 1019 1020 1022 1023 1219
316 320 321
633 628 629 631 634 1222
808 803 805 807 809 810 1028 1337
318 320 321 322 323 1223
739 736 737 740 743 744 1127
953 715 951 997 1231
383 382 385 387 547
1467 689 964 1219 1462 1463 1464 1466 1468 1471
320 321 322 323 324 325
1337 724 1005 1333 1334 1338 1339 1340 1341 1479
1427 859 1425 1426 1429 1430 1432
1474 1137 1471 1475 1476
321 322 323 324 325 326
322 323 324 326 327 1407
455 450 452 453 456 457 458 459 506 531 728
719 337 714 715 716 720 723 724 1008
323 324 327 489 1440
1223 1218 1219 1222 1226 1322
384 381 382 385 387 526 716 986
939 331 935 936 937 940 942 944
324 325 326 327 328 329 821
325 326 327 328 329 330 531
326 327 328 329 330 331 1465
327 328 329 330 331
1407 567 1402 1403 1404 1406 1408 1409 1412
489 490 491 492 1340
1440 446 1436 1437 1438 1439 1441 1442 1444 1445
328 329 821
329 330 331
821 816 818 819 823 825 826
330 331 335 641 1259
531 435 526 527 528 530 532 535 536 540 683 1434
331 335 336 860
1465 751 1325 1460 1461 1462 1463 1464 1466 1468
335 336 337 339 340
641 588 637 638 640 642 644
1259 1254 1255 1261 1262 1263
336 339 340
860 855 856 857 858 859 861 864 865
337 339 340 342 1182
766 761 763 764 768 771 1300
339 340
340 342 343 345 888
342 343 345 346 347
1182 1180 1181 1183 1184 1187
343 345 346 347 348 525 1017 1339
615 610 613 618 803
1171 608 1166 1170 1172 1173 1174 1175 1176 1340
345 346 347 348 350
888 550 768 887 893
346 350 351 472 838
613 608 609 610 612 618
347 348 350 351 352 1275
348 350 352
525 520 521 522 523 524 526 527 528 530
1017 794 1014 1020 1364
1339 654 718 1072 1336 1340 1341 1343
452 447 448 454 456 457
350 351 354 355
351 352 355 356 625 843
472 467 471 473 476 477 918
838 833 836 837 839 841 842 843
352 354 355 356 357
1275 574 1270 1271 1274 1279
354 355 356 358 359
355 356 357 358 359 453
356 357 359 361 1203 1279
625 621 626 628 629
843 570 677 839 842 844 845 848
357 358 359 361 1468
358 359 361 1063
359 361 362 364 1089 1448
453 450 454 456 457 458 520
361 362 364 365 366
1203 682 951 1200 1201 1202 1204
1279 1274 1278 1281 1282
1468 677 1170 1463 1464 1466 1470 1471
1063 1058 1060 1061 1062 1064 1065 1066 1067
362 364 365 366 367
364 365 366 367 369 830 1415
1089 381 570 1084 1085 1086 1088 1090 1091 1093
1448 778 1443 1444 1445 1447 1451 1452
365 366 367 516
510 506 509 511 513 514 515
949 944 945 946 947 948 950 951
1307 1303 1304 1306 1310 1311 1312
366 367 369 932
367 369 372
369 373 374
830 826 829 833 834
1415 1412 1413 1414 1416 1417 1418 1419
516 511 513 514 515 517 520 521
932 927 930 931 935 936
372 373 374 376
373 376
1204 1202 1205 1206 1209 1352 1358
374 376
376 381
871 866 868 869 870 873 875 876 1140
407 403 405 406 1332
1069 1066 1067 1068 1072 1074 1290
1124 401 1119 1121 1123 1125 1126 1127
381 382 481 841
760 730 755 759 761 763 764 965
799 509 794 795 796 802 803 1201 1463
382 385 387 1107
385 387 390 691
669 665 667 668 670 671 672 673 905
682 678 683 685 686 1284
1210 1205 1206 1207 1209 1212 1213 1215
1254 1250 1255
481 477 478 483 486
841 836 837 839 842 844 845 846 1284
387 390 392 921
1107 1102 1105 1106 1108 1111
547 542 548 550 551 1038
526 521 522 523 527 528 530 589
716 712 713 714 715 717 718 720
986 535 982 983 987 989 990 1065
390 392 393 612 731 907
691 686 695
672 668 670 671 673 675 676 677
730 725 728 729 731 1133
1170 723 1166 1173 1174 1175
392 393 395 399 708
921 916 918 919 922 924 925 926
393 395 398 947 1077
1179 425 1174 1175 1176 1177 1180 1181 1183 1184
568 548 566 567 570 571 1360
612 607 608 609 610
731 511 596 727 729 733 736 839
907 903 904 906 909 910 912
395 398 399 400
399 401 403 404 1289
708 569 704 707 709 712 713 809
398 400 401 403 1292
947 942 948 950 951 1116 1251
1077 1072 1074 1079 1082
467 462 463 464 471 600 1488
400 401 403 404 405 1192
1425 1422 1426 1428
401 403 404 405 406
403 404 405 408
1292 729 1288 1289 1290 1291 1293 1295 1341
404 405 406 408 1471 1492
1289 576 1287 1291 1293 1412
405 406 408 410
1192 450 1187 1188 1190 1195 1197
406 410 814 867 1172
600 596 599 602 603 686 836
408 413 1338
1471 1088 1466 1475 1476
1492 582 1487 1488 1490 1493
410 413 534 944
814 648 809 810 816 817 818
867 862 865 868 869 1060 1219
1172 437 970 1173 1175
1332 1327 1328 1330 1331 1333 1334 1336
413 416 417
1338 1333 1334 1336 1341 1343
534 530 535 536 537 538 539 1349
944 940 945 946 948 1428
415 416 417 419 1479
416 417 419 421 1422
417 421 422 1293
419 421 422 423
492 490 491 494 496 497
1479 900 1154 1475 1476 1477 1480 1482 1484
421 423 425 748 777 870 998
1422 1417 1418 1419 1423
422 423 425 426 427
1293 1288 1290 1291 1295 1298
594 589 590 591 592 593 596 597 599
1409 824 1404 1406 1408 1412
423 425 426 427 1143
425 426 427 429 430
748 743 744 745 746 747 749 751 752 753
777 772 775 776 778 779 782 1108 1287
870 865 866 868 869 873
998 993 995 1001 1002 1003
426 427 429 430 1406
427 429 430 431
1143 1140 1142 1144 1145 1146 1315
429 431 434
1113 1108 1111 1115 1116
430 431 434 435 1126
1406 540 1401 1402 1404
431 434 435 1082
787 782 783 786 788 789 790 791 792
434 436 437 438 1187
435 436 437 438 440 671
1126 1121 1123 1125 1127 1131
1082 962 1083 1085 1086
436 437 438 440 441
437 438 441
438 440 441 443
1159 1157 1160 1161 1162
1187 1183 1184 1186 1188 1190
440 441 443 445 496
671 667 673 675 676 1162
441 443 445 446
443 446 447 448 755
704 699 701 707 709
445 446 447 448 450 1462
496 491 494 497 498 499
446 447 448
447 448 450
962 957 963 964 965 967
448 879 1438
755 506 751 752 753 754 757 759
450 454 539 997
1462 1457 1460 1461 1464
879 834 876 878
1438 1433 1434 1436 1437 1439 1441 1442 1443
454 456 457 458 459 679
903 899 900 901 905 906 908
1324 859 1321 1322 1323 1325 1327 1328
1327 1322 1323 1325 1328 1330 1331
539 535 536 538 540 542 544 1165 1244
997 772 992 1001 1002 1019
456 457 458 459 460 461
683 678 679 680 685 743
1367 1362 1363 1364 1370 1372
457 458 459 460 461 462
458 460 461 463 1434
520 471 515 517 518 519 521 522 523 524 1362
459 460 461 462 463 464
679 676 677 678 680 720
506 502 503 504 509 511
728 723 727 729 733
460 461 462 463 464 465 1028
461 462 463 465
462 463 464
463 464 465 468
1434 992 1295 1429 1430 1433 1435 1437 1439
464 465 468
465 468 665 686 1295
1028 551 1023 1026 1031
468 473 555 1176
665 663 667 670
686 689 807
1295 1291 1298 1300
471 476
1488 1251 1489 1490 1493
473 476 477 478 1146
555 550 553 554 557 558 559 560
1176 1173 1174 1175 1177 1180 1181
1320 964 1315 1316 1318 1321 1323 1325
837 833 836 842 1343
476 477 478
477 478
918 914 915 916 919 920 922 973
478 483 1152
1146 836 1141 1144 1145 1147 1149 1150
483 486 624
1152 1147 1149 1150 1156 1157
667 663 670 763 844
486 490 491 1371
974 515 969 970 976 978
624 621 626 627 628 629
776 513 771 772 775 778 779 780
887 891 925
1251 524 1248 1250 1255 1417
1368 819 1364 1370 1371 1372 1373
490 491 494 1399
491 494
1371 1370 1372 1373 1375
1340 1201 1244 1336 1341
494 497 498 499 553 1372
1399 1400 1401 1403 1404
497 499 502 1166
498 499 502 503
761 757 759 763 764
499 502 503 504
553 548 550 554 556 557 558
1372 1370 1373 1375 1376
502 503 504 1020
1166 567 1162 1165
503 504 507
504 507 509 969
1020 1019 1022 1023
507 509 1061 1119 1328
509 511 513 514 1306
969 965 967 970 971 972 973
817 818 819 822 995
511 513 514 515
1061 935 1056 1057 1058 1060 1062 1065 1066
1119 916 1115 1116 1121 1123
1328 1323 1325 1330 1331 1333
513 514 515 517 920
514 515 517 518 519 834
1306 1186 1303 1304 1305 1310 1311
515 517 518 519
517 519 521 522 1403
723 718 720 725
920 915 916 917 919 922 924 925
518 519 521 522 523 875 1285
519 521 522 524 1022
834 829 833 836
521 522 523 524 1207
522 523 1423
1403 1398 1400 1401 1402 1408
523 524 527 528
875 873 878 1022
1285 983 1282 1283 1284 1287 1288
524 527
1022 608 1019 1023 1026
1362 1357 1358 1360 1361 1363 1364
1207 1067 1202 1206 1209 1212
1423 1418 1419 1426 1428
527
528 530 532 956
530 532 535
589 584 585 588 590 591 592 593
532 535 536
956 951 1090 1235
535 536 537 538 540 833
536 538 862
540 537 542 544 651 1121 1218
538 537 542
1133 1131 1132
537 542 942
1349 1350 1352 1353
833 836
862 857 861 864 865 866 1064
542 544 1398 1432
942 809 937 938 945 1050
544 548
1165 1160 1161 1162
1244 1241 1242 1243 1246 1247 1248
651 648 649 654 655 1099
1121 1116 1123 1125 1173
1218 1154 1213 1215 1222
584 580 581 583 585 588
1398 689 1393 1400 1401 1402
1432 1428 1429 1430 1433 1435 1436 1437
548 550 551
597 593 596 602 1353
629 626 627 631 634
736 733 740 741
550 551 554 940
1283 1040 1278 1282 1284 1288
1352 607 1354 1356
1186 810 1183 1184 1188 1190
551 554 556 557 957 1316 1429
1038 1033 1034 1036 1039 1040 1043
554 556 557 558 559 1139
940 743 936 938 945
556 557 558 559 560 561 1271
557 559 560 561 562
957
1316 1311 1312 1313 1314 1315 1317 1318
1429 588 1426 1428 1430 1433
558 559 560 561 562
559 560 561 562
1139 782 1137 1141 1142 1281
560 561 562 565 1341
561 562 565 566
1271 1266 1269 1270 1274
562 565 566 567 628
565 566 569 570
1341 1336 1343
566 569 571
567 569 570 571
628 626 627 905
569 570 571 574
1428 1084 1099 1430
570 571 574 575 1060
571 574 575 1190 1435
1360 648 1355 1356 1357 1358 1361 1363 1364
574 575 576 577 578 1470
575 576 577 578 580
1060 1055 1057 1058 1062 1065
1190 1188 1195
1435 1430 1433 1436 1437 1439
576 577 578 580 581 1461
577 578 580 581
578 580 581 582 583
1470 1036 1156 1219 1475
580 581 583 585
581 583 585
1461 910 1350 1436 1457 1463 1464 1466
582 583 585
583 585 588 741
1123 1125 1127
585 588 590
588 592 593 1197
741 737 742 743 744 745 746
590 591 592
591 592 593 596 715
592
593 596 1088 1196 1250
1197 725 1195 1196 1200 1201 1202
596 599 1206 1389
715 710 712 714 717 718
1088 1083 1084 1085 1086 1090 1091 1093
1196 1195 1200 1201
1250 1154 1248 1255
599 602 604 916
1206 1201 1202 1205 1209
1389 1385 1390 1391 1393
602 603 604 607
1353 950 1350 1354 1355 1356 1357 1358
603 604 1023
1043 1039 1044 1048
604 607 608 609
916 912 913 914 915 917 919
836
607 608 610
1023 1019 1026
608 609 610
609 610
610
976 971 972 973 978
1229 924 1226 1230 1231
618 1355
803 800 802
621 626
1355 851 1350 1354 1356 1357 1358
1482 1477 1480 1484 1487
626 627 631
627 631
794 789 790 791 795 796 1230 1236
1247 1057 1205 1242 1246 1248
631 634
905 747 900 901 904 906 908 909 910
634 637 638
637 638 642
1222 895 1219 1226
638 640 642
640 642 644 1097
642 644
644 648 649
1097 1093 1098 1099 1102
648
649 654
925 712 922 924 927 930
654 655 657 658 659
655 657 658 659 751 912
1099 1098 1102
657 658 1200
658 659 850
775 771 778 780 1019
911 908 909 910 912 913 914 915
659 663
751 746 749 752 753 754
912 908 909 910 913 914 915 917
1200 1201 1202 1205
850 845 846 847 848 849 851 855 1236
663 668 995
1067 917 1062 1065 1066 1071 1072
1116 1111
1484 1480 1481 1487 1489
668 670 673
995 829 992 993
670 673 675
763 759 764 768
844 839 842 845 846 847 848 849
673 675 676 677 678
675 676 677 678 680
676 677 678 680
1162 1157 1160 1161
677 678 680 1445
678 680
680 685 1079 1093
1445 1441 1442 1443 1447
720 717 724
685 689
1079 1074 1083 1084
1093 1090 1091 1098
1284 1281 1282 1287 1288 1475
743 744 745 746 747
913 908 909 910 914 915 917
689 788
807 802 805 809 810
788 783 784 786 789 790 791 792
695 697 698 699 700
697 698 699 700 701
698 699 700 701
699 700 701
1034 1031 1033 1036 1039
700 701
701
818 816 819 822 823
1266 1261 1262 1263 1267 1269 1270
707 709 710 712
825 822 824 826 829
709 710 712 713 714
710 712 714
712 713 714 717
713 714 717 718
809 805 810 1315
714 717 718
717
718
724 725 727 729
1008 1003 1005 1006 1009 1011 1013 1364
725 729
1005 1001 1002 1003 1006
727 729
729 733
733 737 1084
839 842 847 1404
737 740 742 1383
1084 1083 1085 1086
740 742 745 764
742 744 745 746 747 1315
1383 1379 1381 1382 1385
744 745 747 749 1241
1127 1125 1131 1132
745 746 749
764 768
746 749
747 752 849 904 1282
1315 1310 1311 1312 1313 1314 1317 1318
749 752 753 754 1111
1241 1236 1239 1240 1242 1243 1246
752 753 754 757
849 846 847 848 851 982
904 899 901 906 908 909
1282 1278 1281 1287
753 754 757
754 757 759
1111 1106 1108 1115
757 759 899 1382
759
950 945 946 948 951
899 792 901
1382 1379 1385
965 963 964 967 970
768 772
802 800 805
771 772
1300 1298 1301 1303 1304 1305
772 1312
1312 1310 1311 1313 1314 1317
778 780 782 783 1305
842 845 846 847
779 780 783 784 1304
780 782 784 951
1019 1014
782 783 784 786 1363
1108 1105 1106
1287 1288 1290 1291
783 784 786
1305 1301 1303 1304 1310
784 786 789
1304 1301 1303
951 946 948 1363
786 789 790 791
1363 1364
789 791 982
790 791 792 795
791 792 795 796
792 795 796
982 978 983 987
795 796 800
796
1230 1226 1233 1235
1236 1231 1233 1235 1240
800 805
1311 1310 1313 1314 1460
1201 1202 1205
1463 1460 1464 1466
805 810 945 1040 1246
810
945 946 948
1040 1036 1039 1044
1246 1242 1243 1248 1480
816 819 936
1003 1001 1002 1006
819 822 824
936 931 935 937 938 1213
822 823 824
823 824 826
824 826 829
1290 908 1288 1291
1433 1430 1437
826 829
829
878 873 876
1195 1194
1343
847 845 846 848 1487
1404 1400 1401 1402 1408
845 846 848
846 848 851
848 987
851 855 856
1487 1489 1490
987 983 988 989 990 992
855 856 857 858 859
856 857 858 861 1439
857 858 859 861
858 859 861
859 861 864
861 864 866
1439 1436 1437 1441 1442 1443 1444
864 865 866 868 869 1149 1310
865 866 868 869
866 868 869
1064 1062 1065 1068
868 873
869 873 876
1149 1144 1145 1147 1150 1153 1154
1310 1313 1314
1219 1215
873 876
876
1140 1137 1141 1142 1144 1145
935 930 931 937 938
1443 1441 1442 1444 1447
1154 1153 1156 1157 1158
891 893 1105 1150
1464 1460 1466
893 895 1033
895 900
1105 1102 1106
1150 1145 1147 1153
1033 1031 1036
900 901 1291
901 906
1291
906 908 910
908 909 910
909 910 914
910 914 915
914 915 917 919
915 919 1460
917 919 922
919 922 924
1460 1457
922 924 926 927
973 970 971 972 978 1050 1388
924 926 927
926 927 930 931
927 930 931
930 931
931
937 938
938
1213 1215
946 948 1086 1408
1050 1048 1052 1053 1055
948
1086 1074 1085 1091
1408 1364 1412 1413
1231 1226 1233 1390
959 963 964
1288
1090 1085 1091
1235 1233 1239 1240
963 964 967
964 967
967 970 971 972
970 971 972
971 972 1174
972 1240
1174 1173 1175 1177
1240 1239 1242 1243
978 983
1388 1385 1390 1391 1393
983 988
1400 1401 1402
1336 1331 1333 1334
988 989 990 992 993
989 990 992 993
990 992 993
1065 1062 1066 1068 1314
992 993
993
1001 1002 1006
1002
1006 1009
1009 1011 1013 1014
1011 1013 1014 1098 1144
1013 1014
1364 1053
1014
1098 1102
1144 1141 1145 1147
1194 1313
1212 1209 1215
1026 1031
1318 1313 1314 1317 1321 1322 1323
1131 1132
1031 1036
1036 1039
1039
1044 1048 1049 1385
1048 1049 1052 1053
1049 1052 1053
1385 1381 1390
1072 1071 1074 1180
1441 1436 1437 1444
1052 1053 1055 1056 1057
1053 1055 1056 1057 1058
1055 1056 1057 1058
1056 1057 1058 1226
1057 1058 1062
1058 1062
1226
1062 1066
1066 1068 1071
1068 1071
1314 1313 1317
1071 1074
1074
1274 1269 1278
1180 1175 1177 1181 1183
1083 1085
1085
1091
1102 1106
1106 1419
1419 1414 1416 1417 1418
1417 1412 1413 1414 1416 1418
1115 1321
1361 1356 1357 1358
1321 1322 1323 1325
1125
1173
1132 1137
1137 1141 1142
1451 1452
1141 1142 1145
1142 1145 1147
1281 1278
1145 1147
1147
1153 1156 1157 1158
1156 1157 1158 1160 1161 1183
1157 1158 1160
1158 1160 1161
1160 1161
1161
1183 1181 1184 1188 1205
1426 1430
1175 1177
1177 1181
1181 1480
1184 1188
1480 1475 1476 1481
1188
1205 1202 1209
1313 1317
1202
1209
1358 1354 1356 1357
1215
1466
1322 1317 1323 1325
1233
1390 1391 1393
1239 1242 1243
1242 1243
1243 1248
1248
1255
1261 1262 1263
1262 1263 1267
1263 1267
1267 1269 1270
1270 1269
1269
1278
1475 1476 1477
1412 1413 1414 1416
1298 1301 1303
1301 1303
1303
1317
1323 1325
1325 1330
1330 1331 1333 1334
1331 1333 1334
1333 1334
1334
1350 1354 1444
1354 1356 1357
1444 1442 1447
1356 1357
1357
1370 1375
1373 1375 1376
1375 1376 1379
1376 1379 1381
1379 1381
1381
1447 1442 1452
1391 1393
1393
1401 1402
1402
1413 1414 1416 1418
1414 1416 1418
1416
1418
1430
1436 1437
1437 1442
1442
1452 1457
1457
1476 1477 1481
1477 1481
1481
1489 1490 1493
1490 1493
1493
