0 1 3 4 73 1859 1996 1997 1999
1 2 3 4 5 1461 1997 1998
3 2 4 5 6
4 2 5 6 7 610
73 69 71 72 74 77 589 693
1859 31 1855 1856 1857 1858 1860 1862
1996 569 621 1396 1793 1993 1994 1995 1997
1997 171 1993 1994 1998 1999
1999 2 401 678 1786 1995 1998
2 5 6 1001 1998
5 6 7 8 882
1461 1457 1459 1460 1462 1463 1464 1599
1998 614 1994
6 7 9 10 1816
1001 260 997 999 1000 1002 1004 1005
7 9 10 11 1632
610 163 606 607 608 609 611 612 613 614 1148
8 10 12 71
882 15 264 684 878 879 881 883 885 886 1629 1815
9 10 11 13 1337 1357
10 11 12 13 189
1816 1246 1812 1813 1814 1815 1817 1818 1820 1860
11 14 491 1914
1632 949 1628 1629 1631 1633 1634 1635
12 13 14 15 16 32 1744
71 67 68 69 70 72 74 1025 1248 1318 1803
13 15 16 17 399 777 874 1323
1337 1018 1336 1338 1340 1785
1357 1069 1353 1354 1355 1356 1358 1359 1360
189 186 188 190 191 192 193 495 1145 1795
14 15 17 18 240 1196
491 487 488 489 490 492 493 495 1272 1617
1914 1910 1911 1912 1913 1915 1916 1917 1918
15 16 17 19 38
16 17 18 19 20 1406
32 28 29 30 31 33 34 35 36 483 722 1894
1744 285 992 1740 1741 1742 1743 1745 1746 1748
17 18 19 20 21 618
399 395 396 397 398 400 402 580
777 764 773 774 775 776 778 779 1103
874 870 871 872 873 875 876 877 878
1323 1160 1320 1322 1324 1325 1327
18 19 20 22
240 212 237 238 239 244 1300
1196 1192 1193 1194 1195 1197 1198 1199 1572
19 20 21 22 23
38 35 36 37 39 40 41 64 1528
20 21 22 23 24
1406 793 1403 1404 1407 1408 1409 1410
21 22 23 24 25 1646
618 614 615 616 620 622 862 1529 1918
22 23 26
23 24 25 133 1233
24 25 26 27 28
25 26 27 29 858 989
1646 838 1643 1644 1645 1647 1648 1649 1650
26 27 28 127
133 102 129 131 132 135 136 1202
1233 199 1040 1230 1231 1235 1236 1237
27 28 29 30 31 277 1359
28 29 30 31 1346 1457
29 30 31 33 706 977 1050
858 854 855 857 859 860 861 862
989 985 986 987 990 991 992 993
127 124 126 131 441 933
30 31 33 667 831
31 33 34 35
277 273 274 275 276 278 279 280 281 1193
1359 1132 1355 1356 1358 1360 1361 1363
1346 1325 1343 1345 1347 1349 1350
1457 336 1453 1454 1455 1456 1458 1459 1460 1884
33 35 36 37 173 212
706 697 702 703 704 708 710 1830
977 174 973 974 978 981 1077 1420 1716
1050 1046 1047 1048 1049 1051 1052 1053
667 663 666 668 670 671 739 1079 1814
831 394 827 828 829 830 833 834
34 35 36 37 661 1152 1249
35 37 39 1795
36 37 39 40
483 480 481 482 485 486 1917
722 718 719 720 723 725 726
1894 90 176 1828 1890 1891 1892 1895 1897
37 39 40 1657
173 169 170 172 174 175 176
212 208 209 210 211 213 215 216 965
661 657 658 659 660 662 664 665 789
1152 65 1149 1151 1153 1154 1155 1156
1249 1245 1246 1247 1248 1250 1251 1976
39 40 41 43
1795 684 1089 1688 1791 1792 1794 1797 1799
40 41 42 43 44
1657 915 1512 1653 1654 1655 1656 1658 1659 1660 1661
41 42 44 257 385 1444
64 60 61 63 66 67 68 1210
1528 401 1524 1525 1526 1527 1529 1531 1532
43 42 44 45 46 47 371 1642
42 44 45 1062 1248 1889
44 45 46 47 48 1664
257 253 254 256 258 260 261 296 404 959 1467
385 220 381 383 384 386 387 388
1444 1440 1441 1442 1443 1445 1446 1447 1448
45 46 47 48 49 641 1028 1096 1503
1062 1058 1059 1060 1061 1063 1065 1066 1641
1248 743 1244 1246 1247 1250 1251
1889 236 868 1886 1887 1888 1891 1892 1893
46 47 48 49 532 631 1014 1446
47 49 51 789
371 367 368 369 370 372 374 375 881
1642 280 881 1552 1638 1639 1640 1644 1645
48 49 51 52 595 1080
1664 532 585 954 1660 1661 1662 1663 1665 1666 1668
49 50 51 1468
641 637 642 643 644 645
1028 1026 1027 1030 1031 1032 1065 1194 1678
1096 1092 1093 1094 1095 1097 1099 1100 1143
1503 1500 1501 1502 1504 1505 1507
532 507 528 529 530 533 534
631 628 630 632 634 1736
1014 1010 1011 1012 1013 1015 1016 1017 1018
1446 598 616 1445 1447 1448 1449 1450 1505
51 50 52 53 54 55 1623
789 709 785 786 787 792 879 1982
52 50 53 54 55 56 1178 1891
595 339 517 591 593 594 596 597 599
1080 934 1056 1076 1077 1078 1081 1082 1083
50 53 54
1468 746 1215 1465 1466 1467 1469 1470 1471 1472
53 54 56 57 452 1463
54 55 56 57 1218
55 56 57 58 59 420
1623 1619 1620 1624 1627 1651
56 59 60
1178 1174 1175 1176 1177 1179 1181 1182
1891 232 1772 1887 1888 1890 1892 1895
57 58 59 60 327 763 1276
452 197 293 420 448 449 454 455 456 937 1303
1463 1197 1460 1462 1464 1465 1466 1467
1218 300 1215 1216 1217 1219 1220 1221 1222
58 59 60 61 62 699
59 60 61 63 404 1915
420 278 416 417 418 421 422 423
60 61 62 63
327 323 324 325 326 329 330 331 548
763 517 759 760 761 764 766 767
1276 1089 1272 1273 1274 1275 1277 1278 1280
61 62 63 1821
62 63 65 66
699 695 696 697 698 700 701 702 703 1794
63 66
404 400 401 402 403 405 406 407 408
1915 1911 1913 1916 1917 1918
1821 1817 1818 1819 1820 1822 1823 1824 1825
65 67 68 245 816 1149 1487
66 67 69 70
67 68 69 70 1616
68 69 70 72 674
1210 1206 1207 1208 1209 1211 1212 1213 1214
245 241 242 243 244 247 248 1263 1576
816 812 813 814 815 817 818 819 820 1760
1149 1145 1146 1148 1150 1151 1153 1232 1314 1462
1487 1408 1484 1486 1488 1489 1490 1491
69 70 72 567 581 1239
70 74 454
1616 1612 1613 1614 1615 1617 1618 1619 1620
72 74 75 76
674 670 671 672 677
567 563 564 565 566 568 570 571
581 578 579 580 582 583 584 585 1088
1239 1235 1236 1237 1238 1242 1243 1956
74 75 76 77 78
454 450 451 453 455 456 457 849 1207
1025 1021 1022 1023 1024 1026 1027 1029
1318 794 1314 1316 1317 1320 1322 1611
1803 1799 1800 1802 1804 1806 1807
75 76 77 79 582 850 1796
76 78 79 80 1987
77 78 79 81 271 1857
589 585 586 587 588 591 592 593
693 689 690 691 692 694 695 696 847
78 80 81 891 1333
79 80 81 82 83
582 180 578 580 583 584 585 586 1540
850 373 847 848 849 851 852 853 1212
1796 632 1792 1794 1798 1799 1800
80 82 83 84 756 1247 1898 1950
1987 1022 1983 1984 1985 1986 1989 1990 1991
81 82 83 84 85 820
271 267 268 269 270 272 273 274 1235 1753
1857 102 1853 1854 1855 1858 1860 1861
891 887 888 889 890 892 893 894 895
1333 1180 1206 1330 1332 1334 1336
82 83 86 347 807
83 86 1223
84 85 86 87 88 608 1217
756 752 753 754 759 760 1335 1390
1247 1244 1245 1250 1251 1494
1898 1895 1896 1899 1900 1901 1902
1950 574 1082 1946 1947 1948 1949 1952 1953
85 86 87 88 89
820 115 817 818 821 822 823 824 1408 1433 1462
86 88 89 90 188
347 343 345 346 348 349 350 351 1142
807 803 805 808 809 810 811
1223 1219 1220 1221 1224 1225 1227
87 88 90 492 809
88 90 92 1156
608 606 607 609 611 612
1217 1213 1214 1215 1216 1220 1221
89 91 92 93 953 1386
90 91 92 93 94
188 186 187 191 192 260 1070 1253 1662
492 488 489 490 493 1435
809 805 806 808 810 811 812 813
92 93 94 95 96
1156 688 1153 1154 1155 1157 1159 1160
91 95 472 565 1282 1806
93 94 95 96 97 1171
953 153 949 950 951 952 954 956 1257
1386 219 801 1382 1383 1384 1385 1387 1388 1389 1390
94 95 96 97 98
95 97 98 99 1573
472 468 471 473 475 476 1975
565 561 562 563 564 566 568 569
1282 270 1279 1280 1281 1283 1284 1285 1286
1806 417 1802 1805 1807 1808 1810
96 97 98 100 364
97 98 100 101 869
1171 738 1167 1169 1170 1174 1175
98 100 101 102 1822
99 101 102 440 897 1261 1345 1591
1573 1569 1570 1571 1572 1574 1575 1577
100 101 103 104 675 1702 1908
364 360 361 363 365 366 367 755 1387
101 102 103 104 105
869 486 866 867 868 870 871 872 873 1605
102 103 105 106 317
1822 1610 1818 1820 1823 1824 1825 1826
440 436 437 439 441 442 443 444 655
897 893 894 895 896 898 899 900 901 1018
1261 120 1257 1258 1259 1260 1262 1263 1265
1345 1117 1341 1342 1343 1344 1348 1402
1591 1313 1491 1588 1590 1592 1593 1595
103 105 106 107
104 105 106 107 108 1432 1624 1890
675 671 672 673 676 678 679 1128
1702 1698 1699 1700 1701 1704 1706 1812
1908 1777 1904 1907 1909 1910 1911 1912
105 107 108 109 263
106 107 108 1645 1952
317 283 301 313 314 315 316 318 319 321 575
107 108 109 110 111
108 110 111 112 770
1432 554 1429 1430 1431 1433 1435
1624 208 961 1621 1622 1625 1626 1627 1628
1890 273 1708 1886 1887 1888 1892 1893
109 111 112 1164 1897
263 259 260 261 266 378 439 830
1645 325 414 1334 1641 1647 1648 1649
1952 1227 1949 1951 1953 1954 1955 1956
110 111 112 113 114 860 1673
111 112 113 114 115 1177
112 113 114 115 116
770 766 767 768 769 771 772 1177 1253
1164 717 802 1160 1165 1166 1167 1168
1897 194 556 1893 1896 1899 1900 1901
113 114 115 116 117 510
114 115 117 118
860 358 856 857 859 861 862 863 864
1673 1669 1670 1671 1672 1674 1675 1676 1677
115 116 118 119
1177 463 1173 1174 1175 1176 1180 1431
116 117 118 119 1310 1651
117 118 119 120 121
510 506 507 508 511 512 513 514 539 1559
118 119 120 121 122 535
119 120 121 122 123 1124
1310 1306 1307 1309 1311 1312 1313 1314 1833
1651 1647 1648 1650 1652 1653 1654 1655
120 121 122 124 836 1061 1124 1677
121 122 123 124 125
122 123 124 125 126 697 1775
535 531 534 537 538 539
123 124 125 126 1093 1263 1759
1124 1121 1122 1123 1125 1127 1128
124 125 126 128 1331
836 832 833 834 837 839 840 1459
1061 702 1058 1059 1060 1063 1064 1065
1677 1197 1675 1676 1679 1680 1681 1953
125 126 128 902 1269
126 128 129 130
697 229 695 696 700 701
1775 205 1474 1771 1772 1773 1776 1777 1778 1779
1093 1089 1090 1091 1094 1095 1097 1613
1263 1259 1260 1262 1264 1265 1266 1267 1511
1759 1654 1755 1757 1758 1761 1763
128 129 130 131 132 348 1112
1331 216 707 1327 1328 1329 1330 1332 1334 1708
902 898 899 900 901 904 905 906
1269 301 1265 1266 1267 1268 1270 1271 1272 1273
129 130 131 132 713
130 131 132 134 1154
131 132 134 135
441 426 437 438 439 442 443 444 445
933 929 931 932 935 936 937 1105 1866
132 134 136 194 284
348 344 346 349 350 352
1112 365 1108 1109 1111 1113 1114 1115 1116
713 710 711 712 714 715 716 717 1700
134 135 136 138 743
1154 924 1151 1153 1157 1663
135 136 137 138 139 450 1625
136 137 138 139 140 1636
194 190 191 192 193 197 386 1081 1442
284 280 282 285 287 288 1711
1202 533 1198 1199 1200 1201 1203 1204 1205 1206
138 139 140 141 449 885 1309 1325 1542
743 740 742 746 747 964
137 141 144 280 1439 1944
139 140 142 143 304 1840
450 446 447 448 451 453
1625 1621 1622 1626 1627 1628 1629
140 142 143 144 1373
1636 1095 1637 1638 1639 1640 1741
141 142 144 525
144 142 143 145 146 147 148
280 276 279 281 282 283 1895
1439 574 838 1102 1436 1438 1441 1443
1944 1107 1235 1533 1940 1941 1943 1945 1946 1947
449 151 446 447 448 451 453 650 757 1739 1899 1983
885 182 881 883 884 887 889 1211 1469
1309 668 827 1305 1306 1311 1313
1325 852 1322 1324 1326 1327 1328 1329
1542 733 1534 1538 1540 1541 1543 1544 1545 1546
142 143 145 146 376 1509 1835
143 145 218 1445 1565
304 300 302 303 306 307 575 1955
1840 1539 1836 1837 1838 1839 1841 1842 1843
1373 457 1369 1370 1371 1374 1376 1377 1855
525 521 522 523 524 526 527 528 529
145 146 147 149 880 1157 1295
146 147 148 149 150 521 1097 1652
376 294 374 375 377 379 380 844
1509 1505 1506 1507 1508 1510 1511 1512 1513
1835 1119 1132 1832 1833 1834 1836 1838 1839
218 214 215 216 219 221 222
1445 1441 1443 1447 1449 1495
1565 1561 1562 1564 1566 1568 1569
147 148 149 150 151
148 149 151 152
149 150 151 152 153
880 246 876 878 879 1430 1961
1157 1153 1155 1158 1159 1160 1161 1364
1295 1291 1292 1293 1294 1296 1297 1298 1299
150 151 152 153 154 634 1067
521 517 518 519 520 522 523 524
1097 1094 1095 1098 1100 1101
1652 1648 1649 1650 1653 1654
151 153 154 155
152 153 154 155 156 1354 1764
153 154 155 157 1786
154 155 1544
634 350 632 633 635 637 638 895
1067 174 1063 1064 1066 1068 1069 1071
155 156 158 205 210
156 157 159 160 845 1172 1876 1930
1354 1350 1352 1355 1356 1358
1764 695 1760 1761 1763 1766 1767 1768
157 158 159 161 771 966 1896
1786 1782 1783 1785 1787 1788 1789 1790
1544 1541 1543 1545 1546 1547 1548
158 159 160 161 162 1328
205 201 202 203 204 206 208 209
210 206 207 208 209 213 214 895
159 160 161 162 163
160 161 162 163 164
845 204 841 842 843 844 846 849
1172 732 1168 1169 1170 1173 1174 1175 1176
1876 261 1253 1496 1872 1873 1875 1878 1879
1930 1727 1927 1928 1929 1932
161 162 163 164 165 1824
771 767 772 773 774 1411
966 962 963 964 967 968 969 970 1176
1896 1176 1892 1893 1895 1899
162 163 164 166 729 1842
1328 1324 1326 1327 1330 1332 1604
163 165 167 1019 1349
164 165 166 167 426
165 166 167 168 169 1140
1824 1208 1823 1825 1826 1827
166 167 168 169 170 734 792
729 179 725 726 728 730 731 732 733 1926
1842 1204 1839 1841 1843 1846
167 168 169 1387 1601
1019 430 1015 1016 1022 1023 1085
1349 1347 1348 1350 1351 1353 1611 1893
426 422 423 424 425 427 428 429
168 169 171 172
169 170 171 172 281
1140 278 705 1136 1138 1139 1141 1144
170 171 172 174 357 1658
734 731 732 733 735 736 737 738 1374 1558
792 790 791 793 794 795 796
1387 1383 1388 1389 1391
1601 361 984 1598 1599 1600 1602 1603 1604
171 172 174 360 1576
172 174 175 176
281 278 279 282 283 379
174 175 178
357 183 353 354 355 356 359 360 361 1577 1977
1658 1088 1434 1654 1655 1659 1661
360 356 359 361 362 1326 1990
1576 759 1572 1574 1575 1578 1579 1580
175 176 177 178 179 563
176 177 178 179 180 915
178 177 179 180 181 1393
177 179 180 181 1754
179 180 182 183
563 559 560 561 564 566
180 181 182 183 705 1020 1443
915 576 911 913 914 918 919
181 182 183 184 185 1000
1754 1098 1750 1751 1752 1753 1756 1758
1393 1083 1389 1390 1391 1395 1396 1397 1947
182 184
183 184 185 186 187 1534
705 702 703 704 707 709
1020 1016 1017 1018 1022 1023 1024
1443 1440 1441 1447 1847
184 185 186 187 1367 1766
185 187
1000 996 997 998 999 1002 1003 1004
186 187 190 996 1045 1977
187 190 191 530 908
1534 1530 1531 1532 1533 1535 1537 1538
1367 787 1363 1364 1365 1368 1369 1370 1371 1484
1766 285 1011 1762 1767 1768
190 191 193 395
996 992 993 994 995 997 998 999 1879
1045 1041 1042 1043 1044 1046 1048 1049
1977 775 1973 1974 1975 1976 1980 1981
191 192 193 195 775
530 526 527 528 529 533 534 1431
908 904 906 907 911 912 1083
192 193 196 964
260 256 258 262 588
1070 422 1066 1068 1072 1073 1074 1155
1253 1251 1254 1255 1912
1662 1659 1661 1663 1665 1666
193 195 196 197 1308 1763 1885
495 481 494 496 497 498 499
1145 758 775 941 1141 1142 1143 1144
395 391 392 393 394 396 397 398
195 196 197 198
775 772 773 774 776 778 779 1545
196 197 198 199 684 1701
964 960 961 962 963 967 1012 1190
197 198 199 201
1308 1042 1304 1305 1306 1307 1311
1763 1598 1762 1765 1767
1885 367 1314 1881 1882 1884 1887 1888
386 382 384 388 389 390 1671
1081 338 865 1077 1078 1079 1082 1083 1084 1085 1659 1757
1442 1438 1440 1441 1684
198 199 200 201 202
199 200 201 202 203
684 680 681 683 685 686 973
1701 682 826 990 1697 1698 1699 1700 1703 1705 1838
201 202 203 204
200 202 203 204 963 1304
202 203 204 206 1684
203 207
204 206 207 208 1420 1904
963 959 960 961 962 965 967
1304 1300 1301 1302 1305 1306 1307 1703
206 207 208 209 289 839
1684 512 1680 1682 1685 1686 1688
207 208 209 211
208 209
1420 1417 1418 1419 1421 1422 1423 1424 1978
1904 753 1634 1900 1901 1903 1905 1906 1907
209 211 213 1778 1865 1958
289 286 288 291 292 293 412 1510
839 622 835 837 838 840 842
211 213 214 215 652 1214 1741
213 214 215 216 217
1778 1774 1776 1779 1780 1781
1865 1238 1861 1862 1866 1868 1869
1958 596 784 1388 1954 1955 1956 1957 1960
214 215 216 217 1660
895 221 892 894 896 899 1150
215 216 217 219
652 648 649 650 654 655 853 1384
1214 1211 1212 1215 1216
1741 267 1737 1738 1739 1742 1743 1745
216 217 220
965 962 967 968 969 1200
217 219 220 221
1660 765 1388 1656 1659 1661 1901
219 220 221 222 901
220 221 222 223 224
221 222 223 224 250 1114 1661
222 223 224 225
901 898 899 900 903 904 905
223 224 225 226 227 1252
224 226 227 228 1022
250 246 247 248 249 251 252 253 254
1114 1092 1111 1113 1115 1116 1117 1118 1336 1381
1661 747 1659 1665
225 226 227 228 229 456
226 230 1133
227 228 229 230 231 1884 1919
1252 1005 1201 1250 1254 1256
228 229 230 231 232 514
1022 1018 1021 1023 1024 1026
229 230 231 232 233 1725
456 455 457 458 460 1802
230 231 234 318 594
1133 1129 1130 1131 1134 1135 1136 1137 1666
231 232 233 234 235
1884 1880 1881 1882 1883 1886 1888
1919 381 590 1563 1918 1920 1921 1923
232 233 234 235 236
514 511 512 516 518 619 660 787
233 235 236 237 1370
1725 580 1721 1722 1723 1724 1726 1727 1729
234 235 237 238 607 1478
318 252 314 315 316 319 321 322
594 553 590 592 596 597 598
235 236 237 238 239
236 237 238 239
237 238 239 383
1370 1322 1339 1368 1369 1371 1372 1374
238 239 241 242
607 603 604 605 606 609 1181
1478 1475 1477 1479 1480 1481 1482
239 241 243
383 379 381 382 384 387 1588
241 242 243 244 778 803
242 244 246 877
243 244 246 247 1530
244 246 247 248
1300 1297 1298 1301 1302 1303 1593
778 411 774 776 779 780 781 782
803 799 800 801 802 804 805 806
246 247 248 249
877 553 873 875 876 879 881
247 248 249 251 946
1530 1526 1529 1531 1532 1533
248 251 252 1382
249 251 252 253
251 253 255 592 1243
946 942 943 945 947 948 950 1994
252 255 256
1382 1378 1379 1380 1381 1383 1384 1385
253 254 255 256
254 255 256 258 494 1147 1222
255 256 258 259 806
592 588 590 591 593 596
1243 1241 1242 1244 1245 1246
256 258
258 259 261 262
494 336 490 493 496 498 1620
1147 898 1013 1144 1146 1148 1150 1656 1825
1222 1219 1220 1221 1224 1225 1226
259 262 906 1115 1258 1527 1985
806 478 802 805 808 810
261 265 871
296 292 293 294 295 297 298 300
959 955 956 957 958 961
1467 1464 1465 1470 1471
262 265 266 479
906 602 903 904 905 907 909 910 1521 1547
1115 1111 1113 1116 1117 1118 1119
1258 1254 1255 1256 1257 1259 1260 1262 1709
1527 1408 1523 1524 1525 1526 1529
1985 1981 1982 1983 1984 1986 1988 1989
588 584 585 586 587 590 591
265 264 266 267 268 269 1192
871 867 870 872 873 875 1341 1867
266 528 1232
479 475 476 478 480 481 482 559
378 374 375 377 379 380 381 382 1801
439 435 437 438 442 443 690
830 827 828 829 832 833 1165
264 267 774 1324
267 268 269 270 669
774 772 773 776
1324 1320 1321 1485 1993
268 269 834 1043 1750 1845
269 272 273 379 1566
1192 1188 1189 1190 1191 1193 1194
528 524 526 527 531 767
1232 1228 1229 1230 1231 1234 1235
270 272 274 562 1456 1819
669 665 666 668 670 671 673 1491
834 832 833 835 838
1043 1039 1040 1042 1044 1046 1047
1750 307 482 853 1736 1749 1751 1752 1753
1845 927 1453 1841 1844 1846 1848
272 273 274 275 986
273 274 276 407 1395
379 375 381 382 1947
1566 1563 1564 1567 1568 1569 1570
274 278 1519
562 558 559 560 561 564 566 1501
1456 886 1452 1453 1454 1455 1458 1459 1460
1819 673 1815 1818 1820 1823
1235 1231 1234 1238 1383
1753 822 1749 1751 1755 1756 1810
275 276 278 387 460
986 982 983 984 985 987 988 990
276 278 279 732
407 337 403 405 406 410 411 573
1395 1391 1392 1396 1397 1399
278 279 282 910
1519 847 1515 1516 1518 1520 1521 1522 1643
387 384 388 389 391 496
460 457 458 459 461 462 463 464
279 283 1180 1583
732 484 728 730 731 733 735 736 759 1489
1193 1189 1190 1191 1194 1195
282 285 311 1710 1812
910 443 907 909 912 913 914
283 285 286 287 603
1180 1176 1179 1181 1182 1184 1464
1583 1579 1580 1582 1585 1587
1895 931 1893 1899
285 286 288 1159
311 307 308 309 310 312 313 314 315 1301
1710 663 1706 1707 1709 1711 1712 1713 1989
1812 1681 1808 1810 1811 1813 1814
286 287 288 290 1286
287 288 290 291 1988
603 599 600 602 604 606 1128 1789
288 290 291 292 609
1711 788 1703 1707 1709 1712 1713 1714 1715
1159 423 459 752 852 1155 1158 1161 1162
290 291 292 294 794 1435
1286 1122 1283 1284 1287 1288 1289 1290
291 292 293 294 295
1988 804 1984 1986 1989 1990
292 293 294 709 1577
609 606 611 612 784 1426
293 294 295 297 1242
412 408 409 410 411 413 414 415 1847
1510 431 1506 1507 1508 1511 1513 1514
294 295 297 298
794 790 791 793 795 796 797 798
1435 1434 1436 1437 1438 1498 1546
295 298 299 1927
709 708 710 712 938 1980
1577 307 724 1455 1575 1579 1581
297 298 299 300 301 1696
1242 1238 1240 1241 1246
298 300 301 302 397
299 300 302 303 1863 1991
1927 1906 1923 1924 1925 1928 1929 1931
300 302 303
301 302 303 1206
1696 1103 1498 1548 1693 1694 1695 1697 1698 1700
302 303 305 306
397 396 400 401
303 305 306
1863 1860 1861 1862 1864 1866 1867
1991 481 655 914 1989 1990 1992 1994 1995
1206 1204 1205 1208
305 306 307 308 309 1225 1231 1600
306 307 308 309 310 698 1638
307 308 941
575 571 574 576 579 686
1955 717 1716 1746 1951 1953 1954 1956
308 309 310 312 1949
309 310 313 1675
1225 446 1221 1224 1227 1228
1231 1227 1228 1229 1230 1234
1600 658 1270 1596 1597 1598 1599 1602 1603 1604
310 312 313 314
698 694 695 701 755 822 900 1288
1638 1552 1634 1635 1637 1639
941 937 939 942 943 944
312 313 314 315 316 430 1434
1949 1945 1947 1948 1951
313 314 316 1190
1675 1671 1672 1676 1678 1679
314 315 638
315 316 319 716 944
1301 659 1034 1298 1299 1302 1305
316 319 423 1108 1823
430 428 429 431 432 433
1434 1431 1433 1436 1437 1438
1190 1186 1187 1188 1189 1194
638 635 636 639 640 642
319 320 323 755 1756
716 712 715 717 719 1564
944 835 940 943 947 948
423 419 424 425 1414
1108 1104 1105 1106 1109 1110 1111 1167
1823 1820 1825 1826
321 322 323 324 325 1055
322 320 323 324 325 326 330
320 323 324 1130
323 324 326 1834
755 751 752 753 757
1756 579 1752 1757 1760
324 325 328 960 1079
1130 418 712 1126 1127 1128 1275 1405
325 326 328 329
1055 1051 1052 1053 1056 1057 1058 1059 1504
326 991 1814
330 328 332 333 334 827 1398 1498
1834 1830 1832 1833 1836 1837
328 329 331 332
960 958 1038 1602 1648
1079 898 1075 1076 1077 1078 1082 1083
329 331 332 333
991 987 988 990 992 993 994 995
1814 746 1529 1810 1811 1815 1817 1818
331 332 333 335 754 1726 1967
548 546 547 550 551 552 1293
332 333 334 335
333 334 336 337 1291
334 335 338
827 823 824 825 826 828 829
1398 1015 1105 1394 1397 1400 1402
1498 1494 1495 1496 1497 1499 1502
335 336 337 338 339
754 599 750 751 752 753 757 758
1726 1722 1724 1727 1728 1729 1730
1967 392 828 1335 1480 1963 1964 1968 1970 1971
336 338 340 1718
337 338 339 340 341 570
1291 1287 1289 1290 1292 1293 1294
338 339 340 341
339 341 342 343
340 341 342 344 691 1496
1718 1714 1715 1716 1717 1719 1720 1721 1722
341 342 343 344 345 1139
570 566 568 571 572 574 612
342 343 345 346 1499
343 344 346 1650 1762
344 345 346 760
691 687 688 692 694 695 1678 1695
1496 1102 1492 1494 1495 1499 1500
345 346 349 478
1139 1135 1136 1137 1138 1141 1143 1518
346 349 872
1499 1500 1501 1502
1650 1647 1649 1653 1654 1712
1762 544 1162 1358 1758 1765
760 757 758 759 761 762 764
349 350 351 352 353 418
478 474 476 477 481 482 1934
872 868 870 873 876
350 352 353 354
351 352 353 354 355
1142 1141 1144 1146
352 353 354 355 356
353 354 355 356 1458
418 414 416 421 422 746
354 356 358
355 356 962
356 358 359 1010
1458 1408 1455 1460 1462
358 359 361 851 917 1709
962 958 961 1869
359 361 362 363 1629
1010 1006 1007 1008 1009 1011 1013
361 362 365
851 500 847 848 852 853 854 855 934
917 913 916 918 919 920 921 1963
1709 1006 1706 1707 1712 1713
362 363 365 366 537
363 366 367 1590 1936 1980
1629 1626 1627 1628 1630 1631 1633
1326 725 1327 1329 1330 1850
1990 639 972 1989 1992 1993 1994
365 366 367 368 369
366 367 368 370
537 534 536 538 540 541 1738
367 368 369 370
1590 1587 1589 1592 1593 1594
1936 1484 1932 1933 1934 1935 1938 1939 1940
1980 1976 1978 1979 1981 1982 1984
368 369 370 372
369 370 372 373 1540
370 372 373 374
372 373 375 571 1605
373 374 375 377
1540 864 1536 1538 1541 1543
374 375 993 1508
375 377
881 878 879 883 884
571 482 569 573 574 1285 1397
1605 749 1602 1604 1607 1608 1609
377 380 381
993 990 992 994 995 1537
1508 1209 1436 1505 1506 1511
380 381 382 384
844 840 841 842 843 846 848
381 382 384
382 384
1801 1797 1799 1800 1802 1804 1805
1947 1943 1945 1946 1948 1951
384 762 1748
1588 1584 1585 1587 1589 1592 1686
762 759 761 764 765
1748 1745 1746 1747 1749 1751 1752
388 391 392 1882
389 390 391 392 393 1558
390 391 393 394 601
1671 1593 1667 1668 1670 1674
391 392 393 394
496 442 493 497 498 499 561
392 393 394 396
1882 415 1878 1879 1880 1881 1883 1886
393 394 396
1558 711 1518 1554 1555 1556 1559 1562
394 396 398
601 597 598 599 600 604 605
396 398 400
398 400 401 402
400 401 402 1674
401 402 403 498
402 403 405 406
580 577 578
1674 1036 1670 1672 1676
403 405 406 1144 1191 1594
498 497 499 500 501 1391
405 406 408 409 677 856
406 408 409 410
1144 1143 1146 1148
1191 1005 1187 1188 1189
1594 720 1592 1593 1596 1597 1598 1951
408 409 410 411 1094 1340
409 410 411 413
677 673 676 678 679 681 1433
856 853 854 855 857 1126
410 413 414
411 414 1122 1433
573 459 569 572 576 577
1094 1090 1091 1095
1340 1336 1339 1341 1342 1343 1344 1537
413 414 415 416 417
414 415 417
1122 612 748 979 1118 1119 1120 1121 1125 1126
1433 1430 1431 1436
415 417 419 448
1847 1843 1844 1846 1848 1849 1850 1851
416 417 419 1321 1869
417 419
419 421 422 900
448 444 446 447
1321 1317 1319 1320 1322
1869 1454 1867 1868 1870 1871 1872 1873
421 424 1241 1917
422 424 425 873
746 742 744 745 747 749
900 896 899 903 904
424 425 428 1366 1515
1241 1237 1244 1649
1917 1640 1913 1916 1918 1920 1921
425 429 1052 1491
873 870
1414 1410 1411 1412 1413 1415 1416 1417 1418
428 427 429 431 432
1366 936 1362 1363 1364 1368 1369
1515 1511 1512 1513 1514 1516 1517
429 427 431 432 433
1052 1048 1049 1051 1053 1054 1056
1491 681 1488 1489 1490 1492 1493
427 431 1185
431 432 434 435 1582
1185 1181 1182 1183 1184 1186 1187 1188 1189
432 433 434 436 1912
433 434 435 436 437 1700
434 435 436 437 438 1032 1138
435 436 437 438 730 1469
1582 1578 1579 1580 1584 1585 1586
436 437 438 764
1912 1681 1909 1911 1916
437 438 1073
1700 1699 1703
438 442 909
1032 1029 1030 1031 1033 1036
1138 890 972 1134 1135 1137 1141
730 726 727 728 731 733
1469 1466 1470 1471 1472 1473
764 765 766
1073 804 1069 1071 1072 1074 1075
442 444 445
909 905 907 911 912 913 1262 1343
443 445 447 939
690 686 689 1189 1255
444 445 446 447
655 651 653 654 656 657 659
445 446 938 1521
447 446 451 1004
939 935 936 937 938 940 942 943 1965
446 1265
938 751 934 935 937 940 942
1521 1517 1520 1522 1523 1524
1265 745 1262 1264 1267 1268
451 453 455 1784
1004 576 1002 1003 1005 1006 1007 1008
453 455 457
650 647 648 649 651 653 913 1785 1860
757 758 761 818 1608
1739 1735 1736 1737 1738 1740 1742
1899 605 628 1900 1901 1903
1983 536 1525 1979 1981 1982 1984 1986
455 457 458 459 889
1784 470 1780 1781 1782 1783 1787 1788
937 781 934 935 936 940
1303 1111 1299 1305 1306 1307 1574
457 458
849 846 847 848 852 853
1207 544 913 1203 1205 1208 1211 1685 1733
458 459 461 462
459 462 463
889 886 888 890 892 893 1848
1802 689 1798 1799 1800 1804
461 462 463 464 465 852
462 464 465 1128
463 464 465 466 467
464 465 466 467 468
465 466 467 468 469
852 853 854 855
1128 1125 1127 1129 1131 1132 1589
466 467 468 470 1617 1785
467 468 469 470 471 599
468 469 470 1464
469 470 471 473 1212
470 471 473 513 700
1617 648 1613 1614 1615 1619 1620 1621
1785 1781 1782 1783 1788 1789
471 473 474 475 534 1060 1322
599 596 597 598 602 1245
1464 1460 1462 1466
473 474 475 476 477
1212 724 1208 1209 1215
513 511 515 516 517 974 1745
700 696 701 702 703 704
474 475 476 477 1421 1921
475 476 477
534 533 536 538 1394
1060 1056 1057 1058 1059 1063 1064
1322 519 1319 1320
476 477 526
1975 1906 1971 1973
477 480 577
1421 1417 1418 1419 1422 1423 1424
1921 1428 1918 1920 1922 1924 1925
526 522 523 524 527 529
480 481 482 484
577 576 578 579 1297
481 482 484 485
482 484 485 486
1934 805 1929 1931 1932 1935 1937
559 555 556 557 558 560 561
484 485 487 687 1545
485 486 487 488 489 1341
486 487 488 490
487 488 489 490 1966
687 683 685 686 688 689
1545 1543 1546 1547 1548 1549
488 489 490
489 490 493 825
1341 1338 1342 1343
490 493
1966 1109 1962 1963 1968 1969 1970
493 497 1769
825 821 822 823 826 828 829 1968
1272 1268 1270 1271 1274 1275
497 499 501 1389
1769 1035 1767 1770 1771 1772 1773
1620 1618 1619 1621 1622
499 500 501 502 503
561 558 564 1853
501 500 502 503 504 505
1389 1339 1388 1390 1391 1392
500 502 503 504 724 929
1391 1392 1394
502 503 504 505 506
503 504 506 507 1472
504 505 506 507
724 720 721 723 726 727 728
929 926 927 928 930 931 932
505 506 508 509
506 507 508 702 1440
507 509 1075 1553
1472 1470 1471 1474 1475 1476 1717
508 509 511 512 621 761
509 511 512
702 703 704
1440 1298 1436 1438 1441
1075 1071 1072 1074 1076 1077 1078
1553 1549 1550 1551 1552 1554 1555 1556 1557
511 512 515
512 515 516 1226 1360
621 620 622 623 624 625
761 758 759 765 804
539 536 538 541 542 543
1559 1555 1556 1557 1561 1562 1563
515 516 517 518 519 988
516 517 518 519 520
1226 1021 1224 1227 1228 1229 1230 1548
1360 945 1238 1361 1362 1363
517 518 519 520
974 970 971 975 976 978
1745 1742 1743 1746 1749
518 519 522
619 615 620 622 623 1009 1103
660 656 657 659 662 663 664
787 783 784 785 786 788 791
519 520 522 523
988 984 985 987 1807
520 522 524 1412
522 523 524 791
523 524 527 1356
524 527
1412 1408 1410 1411 1413 1415 1416
791 788 790 793 795
527 529 531
1356 694 715 1352 1353 1355
529 531 533
531 533
767 768 769 1757
533 952
1431 950 1427 1430
952 948 949 950 951 954 955 956
536 538
538 540 541 542
1394 1390 1396 1397 1612
540 541 542 543 544 916
541 542 543 544 545
1738 1734 1735 1736 1740 1742
542 544 545 546 978
543 544 546 547 1040
544 545 546 547 841 1979
916 912 913 914 918 919 1758
545 546 547 549 1773
546 547 549 550
978 975 976 979 980 981 982
547 549 551 613 1312
1040 1036 1038 1039 1969
841 837 838 840 842 843
1979 990 1978 1981
549 550 551 552 553
1773 1770 1771 1772 1774
550 551 552 553 554 1693
551 552 553 554 555
613 611 612 614 615 616 617
1312 1311 1315 1316 1402 1989
552 554 555 556 1568
1293 1289 1290 1292 1294 1296 1297
553 554 555 556 557
554 555 556 557 558
1693 1689 1690 1691 1692 1694 1695 1697
555 556 557 558 1648 1843
556 557 558 560 1008
1568 1564 1569 1570 1571 1572
557 558 560 973
558 560
1648 1647 1649
1843 1839 1841 1844 1846
560 564 568
1008 1006 1009 1011 1012
973 969 970 975 976 1126
564 566 568 1118
568 566 569 572
1853 1280 1850 1851 1852 1854 1855 1856
566 569
1501 1497 1500 1502 1504
1118 1116 1119 1120 1121
569 572
572 574 576
574 576 578 1288
612 611 614 615
1285 657 998 1281 1283 1284 1289 1448 1872
1397 784 1396 1399 1400 1401
576 578 579
578 579 783 1100
1288 1287 1289 1290 1862
579 583 736 801
686 682 683 685 688 689
1297 1294 1296 1298 1299
783 779 780 781 782 785 786
1100 694 1098 1101 1102 1103 1104
583 585 587 745 1256
736 733 735 740 1500 1946
801 798 799 802 804 805 1392 1415
584 586 587 657 1401
585 586 587 1779
1088 1085 1086 1087 1089 1090 1091 1092
586 587 590 1737
587 591 1539
745 741 742 748 749 1593
1256 1255 1259 1260
657 653 654 656 658
1401 1399 1400 1403 1404 1405
1779 784 1776 1777 1780 1781 1782 1783
590 591 593
1737 1531 1735 1736 1740
591
1539 1535 1536 1537 1543 1614 1622
593 596 597 1488
596 597 598 600
597 598 600
1488 1484 1485 1486 1489 1490 1492
598 600 602
600 602 604
602 604 605 606 665 1485
1245 1244 1246 1831
604 605 606 1734
605 688
606
665 662 663 664 666 668 1102
1485 1481 1482 1483 1484 1486 1489
1789 1787 1788 1791 1792 1793
1734 1362 1730 1731 1732 1733 1736
688 685 692 1181
1181 1179 1182 1183 1184 1229
611 614 615 1048 1315
784 785 786
1426 1268 1422 1423 1424 1425 1429 1430
614 615 616 617 1116
1148 1150 1151 1213 1292 1875
615 617 747
1048 1044 1046 1047 1049
1315 1311 1313 1316 1317 1948
616 617 620 1535
617 739 1173 1599
1116 972 1117 1119 1120 1514
747 744 748 750 751
620 622 623 624
1535 1531 1532 1533 1536 1537 1538
739 735 737 740 741 742 1378
1173 818 1169 1170 1174 1176 1350
1599 1595 1596 1597 1598 1602 1603
622 623 624 625 626
862 859 861 863 864 866 875
1529 1525 1526 1531 1533
1918 1922
623 624 627 1809
1009 1005 1006 1011 1012 1013 1143
1103 1099 1101 1104 1105 1107
624 626 627 628
625 626 627 628 629 640 1012
626 627 628 629 630 936
627 628 629 630 685
1809 1587 1805 1808 1813
628 629 630 632 1747
629 630 632 633 1837
640 636 639 642 643 644
1012 1011 1013 1016 1586
630 632 633 647
936 934 935
685 681 682 683 689 969
632 633 635 1041
1747 1743 1746 1749 1751
633 635 1416
1837 1460 1833 1836 1838 1839 1841
647 645 646 649 651 943 1334
1736 1732 1735 1740
635 637 639 892 1943
1041 887 1037 1039 1042
1416 1413 1417 1419
637 636 639 972
639 636 642 643 997
892 888 893 894
1943 1939 1941 1942 1945
636 975 1962
975 971 972 976 979
1962 1733 1959 1960 1961 1964 1965
972 969 970 971 976 1355 1402
642 644 646 1423 1667 1682 1906
643 644 645 646 842 1219
997 994 995 998
644 645 646 648
645 646 648 649 1704
646 649 1864
1423 1419 1422 1424 1425 1427
1667 788 1663 1666 1668 1669 1670
1682 1678 1680 1681 1683 1685 1686
1906 1782 1902 1903 1905 1907 1909
842 838 843 846
1219 1215 1216 1220 1221
648 649 651 1854
649 651 653
1704 1163 1703 1705 1706 1707 1708
1864 795 1860
651 653 654
943 940 942 947 1681 1925
1334 1330 1332 1335 1336 1338
1854 990 1850 1851 1852 1855 1856 1858
653 654 656
913 912 1922
1860 1856 1858 1861
654 656 658
853 854 855
1384 840 1381 1383 1385 1388
656 658 1787 1811
658
659 662 663
1787 1024 1788 1790 1791
1811 1003 1807 1808 1810 1813
662 663 664 666
663 666
664 666 668
666 668 670
668 670 671 672
1102 1098 1099 1101 1104 1105 1106
670 671 672 673
671 672 673 843
672 673 676
673 676 1549 1920
843 846 847 1361
676 679 680 1376 1805
1549 1546 1547 1548 1550 1551 1552
1920 1916 1922 1923 1924
678 679 680 681 682
679 680 681 682 683
680 681 682 683
1376 1372 1374 1375 1377 1378 1379 1380
1805 726 824 865 1804 1807 1808
681 682 683 1197
682 683
683
1197 1194 1195 1200 1201
689 692
969 967 968 971
692 694 695 696
1189 711 1186 1187 1188
1255 1251 1254 1257 1259
694 695 696 1681
695 696
1678 1480 1680 1681 1752 1844
1695 1691 1692 1694 1698 1699
696
847 846 848
1681 1679 1680 1683 1902
701 704 1374
822 818 819 821 824
703 704 707 814
1794 1790 1793 1797 1798
704 707 708
1374 1371 1372 1375 1378
707 708 710 711
814 810 811 812 813 815 817 818 1887
708 710 1666
710 711 714 1390
1830 1826 1827 1828 1829 1831 1832 1833
711 712 714 715
1666 1665 1669 1670
712 714 715
714 717 718
1390 945 1388 1392
715 717 718 719
717 718 719 721 1163
718 719 720 721
719 720 721 723
1564 1560 1562 1563 1567
721 720 723 725
1163 1160 1161 1162 1165 1166 1167
720 723
723 725 726 727
725 726 727 728
726
727 728 731
728 731 1003
731 733 735
1003 1002 1005 1006 1007
733 735
1926 1922 1923 1924 1925 1928
735 737 738 1928
759 758 1481
1489 1486 1490 1493
737 740 741 1405
738 740 741 742 1698
1928 1567 1924 1925 1929 1932
740 741 742 744
1500 1497 1502 1504
1946 1663 1942 1945
741 742 744
1405 1402 1403 1404 1407 1408 1409
742 744
1698 1694 1699
1378 1375 1377 1379 1380 1381
744 748
748 750 751 1543
749 750 751 752 753 1017
1593 1589 1595 1596 1597
750 751 752 753
751 753 1347 1755
1543 1541 1546 1547
752 1056 1279 1460
753
1017 1013 1015 1016 1018 1755
1347 1348 1350 1351
1755 1074 1752 1757 1758 1911
1056 1053 1054 1057 1058 1059
1279 1275 1277 1278 1280 1281 1283
1460 804 1403 1462
758
1335 1332 1336 1338
818 815 817 819 821
1608 1604 1607 1609 1610 1611 1612
1481 1155 1270 1477 1479 1480 1482 1484
765 766 769 1407
804 800 802 808
766 769 1161 1768
769 768 1143 1742
1407 1403 1404 1409 1410 1411
1161 1158 1162 1165
1768 1765 1767 1770 1771 1772
768 772 1697
1757 1758 1760 1761
772 773 776
1697 1694 1699
1143 1141 1146
1742 1740 1743 1746
773 776 942 967
1411 940 1409 1410 1413 1415
776 779 780
942 940 945
967 970 971
779 780 781 782
780 781 782
781 782
782 785 786
785 786 788
786 788 790
788 790
790 793 1567
879 875 876 878 883
1982 1978 1981 1984 1986
793 795 796 797
1567 1563 1569 1570 1571
795 796 798 799
796 797 798 799 1365 1969
797 798 799 800
798 802
799 800
1365 1361 1362 1363 1364 1368 1369 1372
1969 1867 1965 1968 1970 1971 1972 1973
800 802 855 1619
802 805 1091 1158 1437
855 854 857
1619 1615 1618 1621 1622
805 808 1792
1392 1047 1388 1396
1415 1413 1417 1418 1419
1091 1087 1092 1938
1158 956 1162
1437 1436 1438 1441 1647
808 810 812
1792 1292 1790 1791 1793
810 811 812 813
811 812 813 815 1848
812 813 815
813 815 817
815 817 819 1107
1848 1844 1846 1850 1851 1852
817 819 821
1887 1669 1886
819 821 823
1107 1104 1105 1109 1110 1111
1760 1758 1761
821 823
823 824 1512 1761
824 826 828
1408 1404 1409 1410
1462 1465 1466
1512 1352 1513 1514 1516
1761 1758 1765
826 828 829
828 829
829 832 833
1968 1964 1965 1970 1971 1972
832 833 835 1656
833 835 837
1165 1162 1166 1168 1169
835 837 838 1563
1656 1319 1409 1537 1653 1655 1659
837 838 840
838 840
1563 1560 1561 1562
840
1459 1002 1455
846 1978
1361 1228 1358 1362 1363 1364
848
1978 1974 1976
854 857
934 930 931 935
857 859 861
1126 1123 1125 1127 1129
859 861 863
861 863 864 1059
863 864 865 866 867
864 867 868 1541
1059 1057 1058 1063
866 865 867 868 870
875 876 878 1715
865 867 868
867 870
868 870
1541 1021 1537 1538 1581
870 1705
1705 1706 1707 1708
1867 1866 1868 1870
876 878
878
1715 1712 1713 1714 1716 1717 1719
883 884 886 887
1430 1427 1428 1429
1961 1957 1959 1960 1963 1965
884 886 887 888
886 887 890
1815 1813 1817 1818
887 888 890
888 890 1849
1211 1209 1213 1215
890 893 894
1849 1846 1850 1851 1852
893 894 896
894 896 898
896 898 899
898 899 1400
899 903 1490
1150 1151 1153 1721
1018 1015 1016 1021
1400 1399 1404 1596
903 904 905 907 1880 1981
1490 1486 1493 1494
904 905 907
905 907
907 911
1880 1877 1878 1879 1881 1883
1981 1984
1547 1546 1548 1551
911 912 914
912 914
1083 1082 1084 1086 1438
1262 1259 1264 1266
1343 1339 1342 1344
914 918
1922 1923 1925
918 919 920 921 1627
919 920 921 922 923
1758
920 921 922 923 924 1663
921 923 924 925
1963 1959 1964 1965
1627 1626 1628 1630 1631 1855
922 923 924 925 926
923 924 925 926 927
924 925 926 928
1663 1383 1659 1686
925 926 927 928
926 927 928 930 1797
927 928 930 931
928 930 932
930 931 932 1592
1797 1793 1798 1799 1800
931 932 935 1631
932 935
1592 1074 1595
935 1448 1900
1631 1628 1630 1633 1634 1635
1105 1101 1104 1106 1109
1866 1862 1868 1870
1448 1447 1449 1450 1451 1452
1900 1901 1903
940 1659
1965 1679 1964
1659 1465 1655
945 947 948
947 949 950 951 1319
1925 1923 1924 1929
948 949 950
950 949 951 954
1994 1992 1995
949 951
951 954 955 1153
1319 1316 1317 1320
954 955 956 957 958
955 956 957 958 1044
1153 1151 1155
956 957 958
1257 1127 1254 1259 1260
957 958 961
958 961
1044 1042 1046 1047 1649 1670
961 1572
1038 1034 1036 1037 1039 1042
1602 1598 1603 1606
1572 1571 1574
968 970 971
1200 1198 1199 1201 1203 1204
970 971
1176 983 1174 1179
971
976 979 980
1355 1351 1352 1358
1402 1399 1403 1404
979 980 981 982 983 1578
980 981 982 983 984
981 982 983 984 985
1077 1074 1076 1078
1716 1111 1495 1712 1713 1714 1719 1992
982 984 985 1123
983 984 985 987
1578 1574 1575 1579 1580 1581
984 987
985 987
1123 1119 1120 1121 1125 1127
987 990
990 992 994
1807 1804 1808
992 994 995
994 995 998 1913
995 998 999
1537 1209 1536 1538
998 999 1002
1913 1298 1909 1910 1911
999 1002
1879 1875 1877 1878 1881
1002 1005
1005 1006 1007
1006 1007
1007 1011
1011 1013 1015
1013 1015
1015
1016 1641
1586 1451 1584 1585 1587 1589
1641 1637 1639 1640 1643 1644
1021 1024
1023 1024 1026 1027
1085 1084 1087 1089 1689
1024 1026 1027
1026 1027 1030
1027 1029 1030 1031
1029 1030 1031 1033 1633
1030 1031 1033 1034
1031 1033 1034 1035
1065 1064 1066 1068 1069
1194 1195 1198
1033 1034 1035 1036 1037
1633 1630 1634 1635 1637
1034 1035 1036 1037
1035 1036 1037 1039 1184
1036 1037 1039
1037 1039
1039
1184 1182 1183 1186 1187 1188 1240
1042 1046 1188
1046 1047 1049
1188 1186 1187
1047 1049 1051 1351
1649 1561 1647 1653
1670 1668 1669 1672
1049 1051 1053 1964
1051 1053 1054 1810
1351 1348 1350 1352 1353 1597
1053 1054 1057
1964 1960
1054 1057 1058
1810 1808 1813
1057 1058 1246
1058
1504 1502 1505 1506 1507
1246 1250
1063 1064 1066 1087
1064 1066 1068
1066 1068 1069
1087 1084 1086 1090
1068 1069 1071 1072
1069 1071 1072
1071 1072
1072 1074 1076
1074 1078
1155 1151
1076 1078
1078 1082
1082 1084 1086
1084 1086 1871
1086 1089 1090
1438 1436 1441 1783
1871 1868 1870 1872 1873 1874 1875
1089 1090 1691
1689 1479 1685 1686 1687 1688 1691 1694
1090 1092 1561
1092
1691 1687 1688 1690 1694
1561 1557 1560 1562
1938 1935 1937 1939 1940 1941 1942
1095 1098 1099 1151
1613 1609 1611 1612 1614 1615
1098 1099 1101
1099 1101 1960
1151
1101 1104
1960 1793 1957 1959
1104 1106
1106 1109 1110
1109 1110 1111 1113 1266
1110 1111 1113
1111 1113
1167 1168 1170
1113 1117
1266 1264 1267 1268
1117 1119 1121
1336 1332 1338 1339
1381 1379 1380 1385
1119 1120 1121
1120 1121
1514 1511 1513 1517 1518
1121 1125
1125 1127 1129 1668
1127 1129 1131 1905
1129 1131 1132 1746
1668 1669 1672
1131 1132 1134 1135
1905 1902 1903 1907 1909
1132 1134 1851
1589 1585 1587
1746 1743 1781
1275 1244 1271 1273 1274 1277
1134 1135 1136 1137 1635
1135 1136 1137
1851 1852
1136 1137
1137 1141
1635 1634 1637 1639
1141
1518 1516 1517 1520 1522 1751
1146 1453
1453 1449 1450 1451 1452 1455
1825 1826 1827 1828
1213 1205 1209 1215 1216
1292 1289 1290 1294 1296
1875 1872 1873 1874 1877 1878
1314 1311 1313 1316 1317
1721 1353 1719 1720 1722 1723 1724
1160 1162
1364 1362 1363 1368 1868
1162 1166
1166 1168 1169 1170
1168 1169 1170
1169 1170
1170 1174
1174 1175
1175 1179
1350 1348 1352 1353
1179 1182 1183
1182 1183 1186
1183 1186 1187
1229 1227 1228 1230
1186 1187
1187
1240 1236 1237 1238 1244 1953 1995
1195 1198 1688 1832
1198 1199 1201
1688 1640 1685 1687 1690 1692
1832 1724 1828 1829 1831 1836
1199 1201 1203 1596
1201 1203 1204 1205
1203 1204 1205
1596 1595 1597 1598
1204 1205 1208 1238
1205 1209
1208 1209
1238 1234 1236 1931
1209
1685 1686 1687
1733 1729 1730 1731 1732 1735
1215 1216
1216 1220 1290
1220 1221 1224
1290 1289 1294
1221 1224
1224 1227 1228
1227 1228 1230
1228
1230 1234
1548 1546 1550 1551 1552
1234 1236 1237
1236 1237
1237
1383 1379 1380 1385
1931 1929 1932 1933 1935
1956 1953 1954 1957 1959
1244
1953 1844 1951 1954 1957
1995 1513 1993
1831 1827 1828 1829 1833
1250 1251 1254 1924
1251 1254
1494 1492 1493 1495 1497
1976 1507 1972 1973 1974
1254
1924 1923
1259 1260
1260 1264
1264 1267 1580
1267 1268 1271
1511 1507 1513
1580 1579 1581 1584
1268 1270 1271
1271 1273 1274
1270 1274 1669
1273 1274 1277 1730
1274 1277 1278
1669 1672 1776
1277 1278 1280 1281 1492
1730 1728 1729 1731 1732
1278 1280 1281
1280 1281 1284
1281 1283 1284
1492 1493
1283 1287
1284 1287
1287 1289
1289
1872 1868 1873 1874
1862 1603 1858 1861
1294 1296 1298
1296 1298 1299
1298 1299 1302
1299 1302 1598
1302 1305 1306
1598 1595 1597
1305 1306 1307 1422
1306 1307 1342
1307 1311
1574 1570 1575
1703 1699 1707
1422 1419 1424 1425
1342 1338 1339 1344
1311 1313
1313 1316 1317
1833 1829 1836
1316 1317 1320
1989 1986 1992
1317 1320
1948 1945 1951
1320
1611 1607 1609 1610 1614 1615
1327 1329 1330 1974
1993 1903 1992
1329 1330 1332
1330 1332
1850 1846 1852
1974 1970 1971 1972 1973
1332
1604 1603 1606 1607
1708 1706 1707 1712
1338 1339
1339 1403
1403 1399 1404
1344 1348
1348 1352
1352 1353
1353 1482
1893 1892
1597 1595
1482 1479 1480 1483 1484 1486
1358 1362
1362 1363
1363
1368 1369 1371 1372
1868 1375 1870
1369 1371 1372
1372 1371 1375
1371
1484 1480 1483 1486
1375 1377 1379
1377 1379 1883
1855 1856 1858
1379 1471 1477
1380
1883 1881 1886
1471 1470 1473 1474 1475
1477 1473 1474 1475 1476 1479
1385 1388
1388
1396 1399 1923
1612 1609 1610 1614 1615
1399
1923
1404
1409 1410 1413
1410 1413
1413 1417
1417 1418
1418 1419
1419
1424 1425 1517 1719
1425 1427 1428 1429 1902
1427 1428 1429
1517 1513 1516 1520 1788
1719 1717 1720 1722 1723
1428 1941
1429
1902 1901 1903
1941 1937 1939 1940 1942 1945
1436 1901
1546 1550
1901 1903
1441
1647 1643 1644
1783 1780 1781
1447 1449 1450 1451
1449 1450 1452
1495 1493 1497
1450 1451 1454
1505 1502 1507 1858
1451 1454 1455 1470 1873
1452 1454 1455
1454 1455
1455
1470 1466 1473 1474
1873 1870 1874 1877
1465 1466
1466 1829
1829 1826 1827
1473 1474 1475 1476
1474 1475 1476
1475 1476 1479
1476 1479 1480 1798
1717 1713 1714 1720
1479 1480 1483
1480
1798 1799 1800
1483 1486
1486
1493 1497
1497
1502 1506
1506 1911
1507
1858 1856 1861
1911 1907 1909 1910
1513 1516
1516 1520
1520 1522 1523 1524
1788 1790 1791
1522 1523 1524 1526
1751 1749 1752
1643 1639 1640 1644
1523 1524 1525 1526
1524 1525 1526
1526 1525
1525
1531 1532 1533
1532 1533 1536
1533 1536
1536 1538
1538 1606
1606 1603 1607 1609 1610
1614 1610 1615 1676
1622 1569 1618 1621 1626
1581 1579 1584
1550 1551 1552 1554
1551 1552 1554 1555
1552 1554 1555 1556
1554 1555 1556
1555 1556 1557
1556 1557 1560
1557 1560 1743
1560 1562
1743 1740
1562
1569 1570 1571
1570 1571
1571 1575
1575 1579
1579
1584 1587
1585 1587
1587
1686 1683 1690
1595
1951 1954
1603 1607
1607 1609 1610
1609 1610
1610
1615 1618
1676 1672 1679 1680
1618 1621
1621
1626 1628 1630 1799
1628 1630
1630 1634 1712
1799 1800
1634 1637
1712 1713 1714
1637 1639 1640
1639 1640
1640 1644
1644
1653 1654 1655
1654 1655
1655
1665 1683 1817
1683 1679 1680 1687
1817 1813 1818 1820
1672
1776 1772 1774 1777 1780
1679
1680
1752 1749
1844 1841 1846
1687 1690
1690 1692 1694
1692 1694
1694 1874
1874 1870 1877 1878
1699 1940
1940 1937 1939 1942
1838 1836 1839 1841
1706 1707
1707
1713 1714
1714
1992
1720 1722 1723 1724
1722 1723 1724
1723 1724 1727
1724 1728 1932
1727 1728 1731
1728 1729 1731 1732
1932 1929 1933 1935
1729 1731 1732
1731 1732 1735
1732 1735
1735
1740
1749
1781 1777 1780
1765 1767
1767 1770 1771
1770 1771 1772 1774
1771 1772 1774
1772 1774
1774 1777
1777 1780
1780 1782
1782
1790 1791 1793
1791 1793
1793
1800 1804
1804 1808
1808
1813
1818
1820
1826 1827 1828
1827 1828
1828
1836 1839
1839 1841
1841
1846
1852 1856
1856
1861
1870
1877 1878 1881
1878 1881
1881
1886 1888
1888 1892
1892
1903 1907
1907 1909 1910
1909 1910
1910
1916
1929 1933
1933 1935 1937
1935 1937 1939
1937 1939
1939 1942
1942 1945
1945
1954 1957
1957 1959
1959
1970 1971 1972 1973
1971 1972 1973
1972 1973
1973
1984 1986
1986
