0 1 2 3 4 5 6 822 994 995 996 997 999
1 2 4 6 7 58 425 568 911 995 996 997 999
2 4 6 7 8 582 996 997 998 999
3 4 5 6 9 62 83 201 412 548 666 906 997 999
4 5 6 8 9 80 233 264 999
5 7 8 9 10 11 182 198 346 660 999
6 7 9 11 12 23 75 791
822 242 418 816 817 818 820 821 823 825 826 828
994 212 389 988 989 990 992 993 995 996 997 998 999
995 117 438 736 937 989 991 993 997 998 999
996 972 990 991 992 998
997 11 992 993 998 999
999 243 604 993 998
7 8 9 10 11 12 256 718 858 953
58 52 53 54 55 56 57 59 60 61 62 64 164 670
425 190 422 424 427 429 430 431 954
568 564 565 566 567 569 572 573 680
911 536 905 906 907 908 909 910 913 914 915 916 917
8 9 10 11 12 13 14
582 576 577 578 579 580 581 583 584 585 586 587 588 610 942
998 354 927 992
9 10 11 13 907
62 60 61 63 64 65 66 67 68 558 728
83 79 81 82 84 85 86 87 88 89 312 452 547
201 143 195 196 197 198 199 202 203 205 206
412 406 407 409 410 411 414 416 417 418 898
548 402 544 545 546 547 551 552 553 554 903
666 300 660 661 662 664 665 667 668 669 671 672 904 988
906 421 691 900 902 907 908 909 910
80 74 75 76 77 78 79 81 82 84 85 86
233 227 228 229 230 231 232 234 235 238 239 605 890
264 258 259 260 261 262 263 265 266 267 268 269 270
10 11 12 13 14 15 107 493 904
11 12 13 14 15 16 17
182 179 180 184 186 187 188 195 495 619 664 736 818 931
198 185 192 193 194 195 196 199 202 203 602 802 859
346 342 343 344 347 348 350 352 438 489
660 175 555 602 654 655 656 657 659 663 665
12 13 14 15 16 17 18 345
23 17 18 19 20 22 24 25 28 441 644
75 69 72 73 74 77 78 79 81 596
791 648 785 786 787 788 789 790 792 793 795 796 797
256 250 251 252 253 254 255 258 260 261 262 380 426 851
718 59 712 713 714 716 720 721 723 724 738
858 537 852 853 855 856 859 862 864
953 244 305 630 888 948 949 951 952 954 957 958 959
13 14 15 16 17 18 19 102 565 816 942
14 15 16 17 18 19 20 817 839 862
907 183 436 746 902 903 904 905 908 912 913
15 16 17 18 19 20 627 736 963
107 52 103 104 105 106 108 109 110 112 488
493 143 488 489 491 492 494 495 496 497 498 499 794
904 284 898 899 900 905 908 909 910 944
16 17 19 20 21 59 307
17 18 19 20 22 31 805
18 20 21 22 24 98 722 870
345 339 340 342 343 347 348 350 351 681
19 20 21 22 24 292 302 459
102 96 97 99 100 101 103 104 106 108
565 559 560 561 562 563 566 569 571 920
816 367 630 810 811 812 813 814 815 817 819 820 873
942 329 336 936 937 938 939 940 941 944 945 946 947
20 22 25 26 314
817 103 812 814 818 819 820
839 467 643 834 835 836 837 838 841 842 843 844 845 868
862 717 856 857 859 860 861 863 864 865 866 867 868
627 371 544 621 623 624 625 626 629 630 632 633 637 680
736 27 415 517 725 730 731 732 733 734 735 738 741 742
963 957 958 959 960 961 962 964 965 966 967 968 969
21 22 25 342 610 681 777 925
59 53 56 57 60 61 63 64 65 538
307 212 301 305 306 308 309 310 311 312 313
22 25 27 585
31 25 26 28 29 32 33 34 35 37 408 686 849 889
805 416 737 799 800 801 802 803 804 806 807 808 809 810
24 25 26 28 29 30 44 311 767
98 93 94 97 99 103 104 243 351 601 667 712
722 626 717 719 720 721 723 724 725 726 727
870 105 349 586 864 865 866 867 868 869 871 873 875 876
292 286 287 288 289 293 294 295 297 298 826 951
302 178 296 297 300 301 304 305 358 640 800 855 958
459 277 453 454 456 457 458 460 461 462 463 464 465
25 26 27 28 29 30
26 27 29 30 327 595
314 309 310 311 312 313 315 316 317 318 319 320 686 811
342 204 336 337 338 339 340 341 343 344 347 348 651 761
610 387 544 604 605 606 608 609 611 613 614 615 616
681 675 676 677 678 679 680 682 684 685 687
777 507 753 771 773 774 775 776 779 780 781 782
925 825 919 921 923 926 927 928 929 930 931 970
27 28 30 32 33 628 951
585 580 581 583 584 586 587 588 589 590 591
28 30 32 33 34 409 972 986
441 162 437 438 439 443 444 445 446 447 606 819
644 88 174 357 638 639 640 642 643 645 647 648 649
29 30 32 33 34 35 305 331 527 564
30 32 33 34 35 36 401 653 742
44 38 39 40 41 42 43 45 46 47 49 251 807
311 305 306 308 310 312 313 315 316 317 580 593 930
767 128 273 353 373 761 762 763 764 765 768 770 771 772 773 823 895
327 322 323 324 325 328 329 331 333 432 686 887
595 317 589 592 594 596 597 598 599 744
32 33 35 36 37 38 236 673
33 34 35 36 37 38 39
628 623 624 625 626 629 630 631 632 633 634 824
951 665 938 945 946 948 950 952 954 955 956 957
34 37 39 241 526 542
409 403 405 406 407 408 410 411 413 414 415 737 756
972 966 967 968 969 970 971 973 974 975 976 977 978
986 258 759 980 982 983 984 985 988 989 990 991 992
35 36 39 40 41 105 290 511
305 40 105 299 301 304 306 308 309 310
331 325 326 329 330 332 333 334 335 461 799
527 190 522 523 524 525 528 531 533 930
564 140 559 560 563 566 567 569 570
36 37 38 39 40 42 120 249 397
401 395 396 397 398 399 402 404 406 635
653 647 648 649 650 651 652 655 656 657 658 975
742 399 737 738 739 740 744 745 746 747 753
37 38 39 40 42 701 977
408 212 402 403 404 405 406 407 410 413 414 596 844
686 336 485 680 682 683 684 685 687 688 689 692 887 964
849 463 843 844 845 846 850 851 852 853 854 855
889 325 883 884 885 886 887 888 890 891 892 893 894
38 39 40 41 42 43 455 471
236 230 231 232 235 237 238 239 241 242 349 901
673 85 667 668 669 670 671 672 675 676 677 678 679
39 41 42 43 45 276 599
241 237 238 239 240 244 245 246 529 831 905 987
526 517 522 524 525 529 530 531 575 654
542 473 538 539 540 541 543 545 547 795 829 859
40 41 42 43 45 647 812
41 42 43 45 46 47 982
105 99 100 101 103 104 106 108 109 110 213
290 285 286 287 288 289 291 293 294 296 370 434 435
511 164 344 505 506 507 508 509 512 514 515 516 517 714
42 43 45 46 47 657
120 114 118 119 121 122 123 124 125 126 400 619 931
249 132 243 245 247 248 251 254 255 399 461 571
397 138 391 392 393 394 395 396 399 400 403 538 879 932 985
701 47 695 696 698 699 700 703 704 706 707 928
977 971 973 974 975 976 978 979 980 981 982 983
43 45 46 47 48 49 944 945
455 449 450 451 452 453 454 456 457 458 461
471 156 368 377 407 466 467 470 475 476 758 863
45 46 47 48 49 50 51
276 152 270 271 272 273 274 275 279 280 281 282 488 691 873
599 593 594 597 600 601 602 603 604 620 852
647 369 432 626 641 642 643 645 648 649 651 652
812 806 808 809 810 813 814 815 818 872
46 47 48 49 52 93 112 732 897
47 48 49 51 53 96 196 373
982 298 976 978 979 980 981 984 985 988
657 655 656 658 659 661 662 663 931
48 49 50 51 52 179 187 365
49 51 52 53 54 55
944 476 938 940 943 945 947 948 950 987
945 518 939 940 941 943 946 947 948 949 950
251 246 247 250 252 253 254 255 257
807 801 802 804 806 808 809 810 811 813
50 51 52 53 54 55 56 84 652
51 52 53 54 55 57 222 639 947
52 54 55 56 57 384 786 820
93 87 89 91 92 94 96 97 99 100 491
112 106 108 109 110 111 113 114 115 117 118
732 727 728 729 730 731 733 734 735 738
897 891 892 893 894 895 896 898 899 901 903
53 54 55 56 57 354 733
96 90 92 95 97 99 100 101 173 464
196 190 191 193 194 195 197 199 200 202 370
373 367 368 369 371 372 375 377 378 379
179 173 174 175 176 177 178 857 890
187 91 181 183 184 185 186 188 189 190 192 193
365 234 359 360 361 362 363 364 366 367 369 617 866 910
54 55 56 57 845
55 56 57 60 61 639
56 57 61 505 509 937
84 78 79 85 86 87 88 229 323 540
652 646 648 649 650 651 654 655 656 658
57 60 61 63 258 416
222 216 217 218 220 221 223 226 227 257 506
639 106 633 634 635 636 637 638 641 642 643 645 771 781 783
947 281 376 941 943 946 948 950 952
384 110 284 317 378 379 385 387 388 389 390
786 164 780 781 782 783 784 785 787 788 789 792
820 815 818 819 821 823 824 825 826 890
354 194 348 349 352 353 355 358 359 360 783
733 73 640 728 731 734 735 737 739
845 743 840 841 842 843 844 846 848 850
60 61 63 64 65 436
61 63 64 66 67
505 499 500 501 502 503 504 506 508 510 618
509 224 503 506 507 508 510 512 513 514 515
937 175 475 931 932 934 935 938 939 941 943
63 64 65 66 67 68 69 202 860
258 252 254 257 259 260 262 263 696 719
416 410 411 414 417 418 419 420 421 422 453
64 65 66 67 68 70
164 158 159 160 161 163 165 167 168 169 170 195 341
670 281 498 665 668 671 672 674 675
65 66 67 68 69 70 71 152 466
538 532 533 534 535 537 539 540 541 543 544
436 172 430 431 433 434 435 437 438 439 442
66 67 68 69 70 71 72 131 616
67 68 70 71 72 109 422 535 990
68 69 70 71 72 73 74
558 185 474 502 552 553 556 557 559 560 561 562 563 987
728 348 723 724 725 726 729 730 731 834
69 70 71 72 73 74 340 612 958
202 197 200 203 204 205 206 207 208 698 909
860 272 447 588 854 857 859 861
70 71 72 73 74 76 146
71 72 73 76 620 929 985
152 148 149 150 151 153 154 155 156 157 176 894
466 92 240 460 461 462 463 464 465 467 468 469 470 472
72 73 74 76 77 78
131 125 128 129 130 132 133 134 135 136 137 939
616 611 613 615 617 620 621 622 819 968
109 103 104 106 108 110 111 113 115 189
422 417 419 423 426 427 428 749 784
535 529 530 531 532 534 536 537 540 541 563 678
990 228 738 984 985 987 989 991 992 993
73 74 76 77 78 79 881
74 76 77 78 79 418
340 334 335 336 337 338 339 341 343 344 952
612 529 606 607 609 611 613 614 615 617 618
958 636 954 956 957 959 960 962 964
76 77 78 79 82 361 570 879
146 140 141 142 143 144 145 147 149 150 151 823
620 615 617 619 621 622 623 624 625 626
929 89 310 611 924 926 928 930 931 932 933 934 935
985 933 979 980 983 984 987 988
77 78 79 82 446 563 861 940
78 79 81 82 630
79 82 833
881 600 635 875 876 877 878 880 882 883 885 886 887
418 377 413 414 415 419 421 424 475
81 82 85 86 87
596 133 350 396 590 591 592 593 598
82 85 86 87 88 421 432 704
361 355 356 358 359 360 362 363 364 366 367
570 567 569 571 572 573 574 575 576 765
879 460 874 875 877 878 880 882 883 884 885 933
446 440 442 443 445 447 448 449 450 451 452 739
563 403 557 559 560 561 562 566 567 569
861 150 350 484 815 856 857 859 863 864 865 866 867
940 415 420 934 935 936 938 939 941 943 946
630 494 624 629 631 632 634 635 636
833 388 464 828 829 830 831 834 835 837 935
85 86 87 88 89 90 91 913
86 87 88 90 91 92 374
87 88 90 91 92 419
88 89 90 91 92 94 460
421 415 419 420 423 424 427 688
432 169 420 426 427 428 429 430 433 434 435
704 334 675 699 700 703 705 706 707 708 710 939
89 90 91 92 94 95 588 640
312 308 309 310 313 315 316 317 318 528
452 382 434 447 448 449 450 451 453 491 618 826
547 218 541 543 544 545 546 551 552 553
229 223 224 225 226 227 228 230 232 234 235
323 317 319 320 321 322 324 325 326 328 329 374 896
540 386 534 536 539 541 544 545 546 902 993
90 92 94 95 658
91 92 94 95 97 133 832
913 908 909 910 912 914 915 917 918 919
92 94 95 97 334
374 369 370 371 372 375 376 377 379 457 468 662 665 803
419 209 413 417 420 423 424 909
94 95 97 99 100 200 328 519
460 454 456 457 458 461 462 463 464 903
95 97 100
588 583 586 587 589 592 594
640 635 637 641 642 643 645 646
658 654 655 656 659 661 663 664
97 99 100 101 103 487
133 127 128 129 130 132 134 135 136 137 138 578 922
832 667 743 826 827 828 830 834 835 836 837 838
334 121 132 329 330 332 335 336 338 339 475
99 100 101 103 200
100 101 103 104 106
491 485 486 487 488 489 492 494 495 496 497
200 137 197 199 203 204 205 206 301 688
328 322 325 329 330 332 333 878
519 513 514 515 516 521 522 523 524 874
101 103 104 106 178 181 524
173 168 170 171 172 174 175 176 177 178
464 458 461 463 465 468 469 470
103 104 108
487 481 483 484 485 486 489 490 492 569
104 106 108 110 536
243 162 237 238 239 240 242 244 247 573
351 304 347 348 349 350 352 356 377 462 779
601 399 597 600 602 603 604 606 607 883
667 203 341 514 661 662 663 665 668 669 671 672
712 139 706 707 708 709 710 711 714 715 716
106 108 110 111
178 172 175 176 177 181 183 184 224
181 175 176 177 180 183 184 186 451 572 762
524 518 520 521 523 525 528 529
108 110 111 113 114
110 111 114 115 116 438
536 492 530 531 534 539 851
213 207 208 209 210 211 212 214 215 216 217 219
111 113 114 115 117 165 377
488 482 485 486 489 492 494 579 594
113 114 115 117 118 119 633 664
114 115 116 117 118 119 244 962
115 116 117 118 119 121
189 183 184 186 190 191 192 194 195 659
116 117 118 119 122 772 878 888
438 433 434 435 439 440 442 443
117 118 119 121 122 123
165 159 160 161 162 163 167 168 169 171
377 371 375 378 379 381 382 383 606 926
118 119 121 122 123 124 751
119 121 122 124 125 355
633 629 634 635 636 637 638 676
664 661 662 663 668 984
244 238 240 242 245 246 247 248 592
962 726 956 957 959 960 961 964 965 966 968
121 122 123 124 125 126 127 749 763
122 123 124 125 126 128 156
772 417 449 521 584 766 769 770 771 773 774 775 776 778 886
878 195 808 872 874 875 876 880 882 883 884
888 882 883 885 886 887 890 891 892 893 894
123 124 125 126 127 128 281 782
124 126 127 128 129 130
751 126 745 746 747 754 755 756 773 776 865
125 126 128 129 654 711 835
355 306 352 353 357 360 711 776
126 127 128 129 130 132 277
400 394 395 396 398 402 403 404 405 406 651
619 613 614 617 618 621 622 624 625 662
931 926 927 928 930 932 933 934 935 936
127 128 129 130 132 219 502 579
749 405 590 745 747 748 750 752 755 948
763 757 759 760 761 764 766 768 769
128 129 134
156 150 151 153 154 155 157 158 159 160 161 162 378
281 275 277 278 279 280 282 283 284 285 286 287
782 349 473 716 774 776 779 780 781 783 784 788
129 130 132 134 573 853 871
130 132 134 135 136 895 921 936
654 283 562 604 648 650 655 656 659 748 826
711 705 706 708 709 710 713 714 716 717 780
835 829 830 831 834 836 837 840 841
132 134 135 136 137 138
277 271 273 274 275 278 279 280 283 615
219 214 215 216 217 218 221 223 224
502 191 496 497 498 499 500 501 503 504 506 508
579 230 318 539 573 575 577 578 580 581 976
134 136 137 138 139 195 439 910
573 569 571 572 574 575 576 577 578
853 184 847 850 851 852 854 855 856 857 859 991
871 274 288 866 868 869 872 874 875 876 877
135 136 137 138 139 140 141
136 137 138 139 140 141 142 147 562
895 413 892 893 894 899 900 901
921 367 915 916 917 919 920 923 926
936 318 427 602 930 932 933 934 935 938 939 941
137 138 139 140 141 143 625
939 933 934 935 938 941 943
138 139 140 141 142 143
578 572 575 576 577 580 581 583 584 924
922 410 916 917 918 919 920 923 924 927 928
139 142 143 144 145 376
195 190 193 194 199 330 779
439 420 433 434 435 440 442 443
910 188 349 905 908 909 912 915 916
140 141 142 143 144 145 949
141 142 143 144 145 147 470 744
142 143 144 145 147 148 593
147 143 144 145 148 150 151 153 228 543 899
562 556 559 560 561 566 567 905
143 144 145 148 149 508
625 621 622 623 624 629 743
144 145 148 149 150 308 715
145 148 151 216
376 370 372 375 379 380 381 382
949 272 943 946 948 950 954 955
470 286 398 465 467 468 469 472 473 474 819
744 738 739 740 741 743 745 746 747 748 750
148 149 150 151 154 576
593 589 590 591 592 594 597 598 840
149 150 151 153 154 155
508 503 504 506 507 510 512 513 514 675
150 153 154 155 989
308 303 304 309 310 313 592 769
715 163 220 335 713 714 716 717 719 721
151 153 154 157 417
216 211 212 214 215 217 218 220 221
823 818 819 824 825 827 829
153 154 155 157 158 159 468
228 223 224 225 226 227 231 232
543 537 539 541 544 545 546 549 753
899 893 894 896 898 900 901 902 903
154 155 159 160 332 485
576 531 571 574 575 577 580 581 710
155 157 158 159 160 161 185
989 727 983 984 987 988 991 992 993
157 158 159 160 161 163 313 984
417 248 411 414 415 423 891
176 171 172 174 177 326 606 934
894 890 891 892 893 898 900
158 159 160 161 162 163 410
159 160 161 162 600
468 463 465 467 469 472 474
160 161 162 163 166 406 490
332 326 329 330 333 353 583 766
485 479 480 481 484 486 489 490 671 674
161 162 163 166 167 440 824
185 180 183 184 188 190 191 449
162 166 167 168 851
378 372 375 379 380 381 382 383
163 166 167 168 671 687 725
313 309 310 315 316 318 319 406 874
984 175 934 973 978 979 980 987 988
410 404 405 406 407 413 415
600 594 597 598 602 603 604 605 789
166 167 168 169 170 171 172
406 402 403 404 411
490 299 484 486 489 492 494 495 496
167 168 169 171 172 296 394 950
440 434 435 437 442 443 444 445
824 818 819 825 826 827 828 829 830
168 169 170 171 172
851 846 847 848 850 852 854 855 856
671 665 668 669 672 674 675 676 806
687 388 434 682 683 684 689 690 691 692 693
725 484 719 720 724 726 727 729 730 731
169 170 171 174 175 499
170 171 172 174 175 632 677
341 335 336 337 338 343 344 347 391
171 172 174 175 177 403 875
172 174 175 177 923
296 291 293 294 295 297 298 299 300 368 370 567 898
394 388 390 391 392 393 395 396 398 399
950 946 948 952 954 955 956
174 175 177 180 924
175 177 180 437
499 494 495 496 497 498 500 501 503
632 448 626 629 631 634 635 738
677 259 672 674 675 676 678 679 680 682 847 912
177 180
403 273 398 399 404 405 407 727
875 869 872 873 876 880
923 917 918 919 920 924 926
180 183 184 186 465 605 928
924 592 918 919 920 926 927 930
437 431 433 434 435 442 443
326 283 321 322 324 325 329
606 603 604 607 608 609 611
934 339 928 930 935 938 976
183 184 186 188 495 912
184 186 188 190 723
224 218 220 221 223 226 227 866
857 852 854 855 856 859 863
890 207 811 884 887 891 892 893 896
186 188 190 191 192 705 757 902
465 279 322 461 462 463 467 469 504
605 602 604 607 609 611
928 204 926 927 932 933
451 445 447 448 450 453 454 456 457 528 529 802
572 544 566 567 571 574 575 577 737 752
762 756 757 758 759 760 761 764 765 766 768
188 191 193 194 546
495 489 492 494 496 498 500 501
818 274 813 814 815
912 908 909 914 915 916 917 918
190 191 192 193 717 802
723 360 434 717 719 720 721 724 727 729
191 192 194 197 533 669
449 430 443 445 450 453 948
192 193 194 964
705 699 703 706 707 708 709 710
757 752 753 754 755 758 759 760
902 789 804 896 898 900 901 903 905 908
193 194 197 199 287
194 197 199
546 541 544 545 549 550 552
659 322 655 656 661 662 663 852
717 478 713 714 716 719 720 721 819
802 443 796 797 798 799 800 801 804 808
197 199 203 629 674
533 528 529 530 531 532 534 537 539 682 760
669 663 668 674 675 964
964 960 961 966 967 968 969 970
199 203 204 205 981
287 259 282 283 284 285 286 288 289 291
330 324 329 333 335 336
779 773 774 775 776 780 781 783 804
370 364 366 367 368 371 372 375
203 206 207 208 209 265 829
629 359 623 624 626 631 634 635
674 668 672 675 676 678 680
602 597 598 603 607 608 898
859 854 855 856 863 864
204 205 206 207 209
205 206 207 208 209 210 211
981 748 819 847 976 978 980 983 987
206 207 208 210 211 212
301 295 298 300 303 304 306
688 682 683 684 685 689 690 691 692 694 868
207 208 209 210 211 212 959
208 209 210 211 212 746
698 694 695 696 697 699 700 703
909 521 689 773 903 905 908 914 915
209 210 211 770 959
265 225 259 260 261 262 263 267 268 269 271 746 959
829 574 825 826 827 830 831 834
210 211 212 215 395 819 973
211 212 217 707 804
212 214 215 217 561 566
959 649 815 954 956 957 960 961 965
746 740 741 745 747 750 752 826 948
770 764 765 768 769 771 773 774 775 776 956
215 214 218 221 420 500
395 389 392 396 398 399
819 813 814 815 821 825 885
973 967 968 969 970 974 975 976 978 979
217 214 218 220 221 223
707 702 703 706 708 709 710 713 918
804 798 799 800 801 808 809 810
214 218 220 293 392 877
561 220 291 388 557 559 566 586 755
566 571
218 220 221 223 613 753
220 225 226
293 247 288 289 291 294 295 297 298 299 631
392 223 386 387 388 389 390 391 393 396 398
877 750 872 874 880 882 883
221 223 225 226
420 414 415 423 424 426 914
500 494 496 497 498 501 503 504 506
223 225 226 873
613 607 608 609 611 615 617 618
753 747 748 750 752 754 755 756 758
225 226 227 230 231 624
226 227 230 231 232
227 230 231 232 758
257 252 253 254 255 259 260 261 262 263 847
506 501 503 504 507 510 512
873 752 867 868 872 874 876 966
866 863 864 865 867 868 869
230 231 232 234 235 245 507
231 232 234 235 237
624 618 621 622 623
232 234 235 237 238
758 692 752 754 755 759 761 764 905
234 235 238 239 567
235 237 238 239 240 761
245 239 240 246 248 250 766
507 467 501 503 510 512 513
237 238 239 240 242 551
238 239 240 242
239 444
567 254 423 569 571 741
240 242 246
761 755 759 760 908
242 246 247 248 520 983
349 343 344 347 348 352 382
901 892 896 898 900 903 905
551 545 549 550 553 554 555 556
444 270 350 447 448 450
246 248 250 252 447 966
529 523 528 530 532 534 559 773
831 826 827 828 830 834 836
905 390 900 903 908
987 521 523 983 988 991 992 993
247 248 250 252 253 760
248 250 252 253 254 528 724
520 514 515 517 518 521 523 525 952
983 426 581 683 920 978 979 980
592 266 586 587 590 591 594 597 598
250 252 253 254 255 271 528
766 279 483 555 637 760 764 765 771
252 253 254 255
447 304 442 443 445 450 453
966 960 961 965 968 969 970 971
253 254 255 259 297 811 961
760 426 754 755 756 759 764 765
254 255 259 260
528 522 523 525 532 534
724 719 720 721 726 727 729 730
255 260 261 393
399 289 393 396 402 405 697 825
461 456 457 458 462 463 467
571 569 574 575 815
271 266 267 268 269 270 272 274 783
259 260 261 262 263
297 294 295 298 299 303 368 914
811 806 808 809 810 814 815
961 371 955 956 960 965 967
260 261 262 263 709
261 262 263 266 267 692 748
393 387 388 389 390 396 398 976
262 263 266 267 268 383
380 375 379 381 382 383
426 423 424 427 428 430 431 463 537
263 266 267 268 269
847 445 841 842 843 844 846 848 850 852
696 690 691 694 695 697 699 700 702 726
719 713 714 716 720 721 948
709 703 708 710 714 884 916
266 267 268 269 270 272
267 268 270 554
692 689 690 691 693 694 695 697
748 743 745 747 750 754
268 269 270 272 273 274
383 379 381 382 386 387 389 885
269 270 272 273 274 275
270 273 275 957
272 274 275 278
554 549 550 552 553 555 556 557 560
273 274 275 279 309 971
274 275 278 279 280 691
275 278 280
957 868 952 954 955 956
783 368 778 780 781 784 785 787 788
278 279 280 282 283 284 353
279 280 282 283 284 285 755
309 303 304 306 310 315
971 965 967 968 969 974 975 976
280 282 284 285 286
691 637 685 693 694 695
282 283 284 285 286 288
283 284 286 288 289 372
615 609 611 614 617 618 621 785
284 285 288 289
353 347 348 350 352 356 357 358 359
285 288 289 291 661
755 750 752 754 756
286 288 291 739 790
288 289 294 980
289 294 295
372 366 367 369 371 375
291 294 295 347 798
661 557 655 662 663 665
739 734 735 738 740 741 743 745
790 784 785 787 788 792 793 794 795 796 880
294 295 298 299 300
980 974 975 978 979
295 298 299 300
434 428 429 430 433 435
435 429 430 431 433 852
347 343 348 352 517
798 792 793 794 795 796 799 800 801 803
298 299 303 304 428 968
826 350 821 827 828 830 952
299 300 304 810
631 320 626 634 768
300 303 304 306
368 362 363 364 369 371 463 498
898 385 892 896 900 903
303 306
914 556 589 915 916 917 918 919 920
304 306 310 694
428 423 424 429 430 431 433 759
968 552 965 967 969 974
810 809 813 814 815
306 310
358 352 356 357 359 360 362 363 364
800 794 795 796 797 799 801 803
855 852 854 856
310 315 316
694 689 690 693 695 697 699 700 702
769 764 771 773 774 864
315 316 317 318 319 320 321
316 317 318 319 320 321 322 730
317 318 320 321 322 738
580 574 577 584 586
930 927 935 938
318 319 320 321 322 324 598
319 320 321 324 325 781
874 868 869 876 880
320 321 322 324 325
321 322 324 325
322 324 325
730 637 726 727 731 734 735
738 541 734 737 740 741 743
324 329 404 637
598 594 597 604 641 880
325 329 480
781 414 776 778 784 785 787
329 333 335
896 532 892 893 900
404 402 405 407
637 634 638 641 642 643 908
480 474 475 476 477 479 481 482 483 484 486
333 335 336 337 338 339
887 514 679 882 883 884 885 886 892 893
335 336 337 411
336 337 338 339 369 863
799 504 793 794 795 796 797 801 803
583 577 581 584 586 587 589 768
337 338 339 343 808
338 339 343 344 854 867
339 343 344 908
475 474 476 477 478 479 481 814
411 405 407 413 414 415 697
369 363 364 366 367 371 375
863 489 864 865 867 869
343 344 348
808 803 806 809 813
344 348 350
854 848 850 852 856
867 864 865 868 869 872
908
952 946 948 954 955
391 385 387 388 389 390 396 797
348 350 352
651 522 645 646 648 649 650 655
350 352 828
352 356 357
489 483 484 486 492 574
517 512 514 515 516 518 521 522 523
382 379 381 385 386 387 388
828 825 827 830 834
356 357 359 360 362 414 636
462 448 456 457 463 467
357 359 360 362 363
359 360 362 363 626 636
360 362 363 364 366
776 771 773 778 780
362 363 364 366 367 430
414 415 700
636 463 634 638 641 642
363 366 609
364 366 367
626 622 623
366 367 371
367 531
430 427 431 433 445 756 834
609 603 604 607 608 614
617 611 614 618 621 622 623
371 375
531 525 534 537
463 407 458 467
498 492 494 496 497 501 503 504
375 379 381
379 381
457 453 454 456 458
662 656 663 665 668 765
665 663 668
803 537 706 797 801 806 809 956
381 385 386
926 920 927 932
385 386 387 390 545 795
386 387 388 389 390
387 388 389 390 774
388 389 390 941
389 390
885 882 883 884 886 891
390 396
545 541 544 549 550 655
795 789 792 793 794 796 797 801
774 768 773 775 778 780
941 935 938 943 946
396 398 402
797 792 793 794 796
398 768
976 478 557 970 974 975 979
402 405 407
932 649 927 933 935 938
768 764 765 771 773
405 407 988
697 469 695 699 700 702 703 918
825 821 827 830
635 634 638 641 827
407 413
727 721 726 731
988 668 991 992
413 415 872
844 775 838 840 841 842 843 846 850
415 927
737 731 735 740 741 743
756 750 754 759
872 868 869 876
700 695 699 702 703 706
927 663 679
453 450 454 458
423 424 427 429
891 886 893
424 427 429 834
427 429 431 433
784 778 780 785 787 788 789 917 993
429 431 433 920
834 836 837 838 840
431 433
954 534 948 955 956
537 532 534 539 541
433 591 814
759 764
920 915 916 917 918 919
445 442 443 448 450
591 584 586 587 589 590 594 597
814 809 813 815
852 846 850
442 443
443 448
448 450 454
450 454 456
454 456 458
948 943 946
456 458 634
618 608 614 622 623
458
634 638
903 900
467 469 472 473
469 472 473 474
504 501 510 594
472 473 474 476 477 478 764
473 474 476 477 478 479
474 476 478 479
476 477 478 479 481 482 483
477 478 479 481 482 483 663
478 479 482 483 484
764 809 864
479 481 482 483 484
481 482 483 484 486
482 483 484
483 486 532
663 668
484 486
486 492 970
532 530 534
492 494 496
970 960 965 967 969 974 975
569 574 575 713
494 496 497
594 589 590 597 720
574 577 893
496 497 501
497 501 503 946
794 788 792 793 796 840
501 503
503 560
946 735 943
560 555 556 557 559
510 512 513 514 515 516
512 513 515 516 518 530
513 514 515 516 518
514 515
675 672 678 680
515 516 518 521
516 518 521 522
714 708 713 716 720
518 522 523
530 525 534
521 522 523 525
522 523 525 821
523 525
525
821 827
575 577 581 843
534 539
559 553 555 556 557
773 778
539 544
682 676 678 679 680 683 684 685
541 603
678 672 676 679 683 684
544 549 550
993 991 992
603 597 604 607 608 699
549 550 552 553 555 680
550 552 553 555 556 672
655 649 650 656
552 553 555 556 557
553 555 556 557
555 556
680 586 676 679 683 685 734
556 557 955
672 668 676
557
955 787
586 587 589 590 956
741 740 743 745 747
713 708 710 716
765 771
815 809 813
577 581
752 614 747 750 754
893 581 789 892
581 584
843 837 838 840 841 842 846 848
710 706 708 716
584 589 590
587 590
589 590
590
956
597
840 836 837 838 841 842 846
720 716 721 726
604 607
641 638 642 643 645 646
880 882 883 884 886
789 785 787 788 792 793
607 608 611
883 882 884 886
608 611 614
699 695 702 703
611 614
614
621 622 623 693
785 780 787 788
622 623
623
693 690 695 838
743 740 745
638 643 943
676 679
827 646 830
642 643 645 646
643 645 646 648 649
943 775 938
645 646 648 649 650
771 775
646 648 650
648 650
649 650
650 656
656
975 900 978 979
668
806 801 809 865
679 683 685
683 684 685 689
684 685 689 690
685 689 690
734 731 735 740
689 690 695 729
690 695
868 864 865
695
729 726 731 735 813
838 836 837 841 842
702 703 706 708
726 721 731
703 706 708
918 916 917 919
706 708 778 938
708
778 775 780
938 933 935
884 882 886
916 917 919
716 721
780 775
721
731 735
735 740 915
813
740 745
915 917 919
745 747 750
747 750 865
750 754
865 864 869
754
809
864 787 869
775
886 882 892
787 788 792 793
788 792 793
917
792 793 796
793 796
796 801
801
830 836 892
836 837 841 842
892
837 841 842
935
841 842 846
842 846 848
846 848 850
848 850
850 856
856
991 992
869
876 882
882
933
900
919
960 965
965 967
967 969
969 974
974 978 979
978 979
979
992
