0 1 2 3 4 5 6 7 276 963 1294 1327 1494 1495 1497 1498 1499
1 2 3 4 5 6 8 493 523 1229 1494 1495 1496 1497
2 3 4 5 6 7 8 9 383 1014 1495 1496 1497 1498
3 4 5 7 9 1471 1497 1498 1499
4 5 6 7 9 10 11 673 1497 1498 1499
5 6 7 8 9 10 11 12 1498 1499
6 7 8 9 10 11 13 249 1070 1100 1428 1499
7 9 10 11 12 13 1037 1199 1253
276 269 270 271 272 274 277 278 279 280 281 282 283 734 789 1328
963 547 956 957 958 959 960 961 964 965 966 967 968 969 970
1294 88 735 1235 1289 1291 1292 1293 1295 1296 1297 1298 1300 1301
1327 42 365 514 769 1273 1320 1321 1325 1326 1328 1329 1330 1331 1332 1343
1494 1047 1111 1262 1487 1489 1490 1491 1493 1496 1497 1498 1499
1495 642 1233 1488 1489 1490 1491 1492 1493 1496 1497 1498 1499
1497 1490 1491 1492 1493 1498 1499
1498 24 44 232 1491 1492 1493 1499
1499 451 517 1141 1492 1493 1496
8 9 10 11 12 13 14 397 775 866 970 1214 1267
493 172 426 486 488 489 490 491 492 495 496 497 498 500
523 48 51 516 517 519 521 522 524 525 526 527 528 529 530
1229 298 323 516 525 1222 1224 1226 1227 1228 1230 1231 1234 1235 1236
1496 424 620 873 1029 1489 1490 1491 1493
9 10 11 12 13 14 15 131 187
383 116 343 376 377 378 379 380 381 382 387 388 389 390
1014 1007 1010 1012 1013 1015 1016 1017 1018 1019 1020 1021 1084 1140 1338
1471 85 1093 1465 1466 1467 1469 1470 1472 1473 1474 1475 1476 1477 1478
10 11 12 13 14 15 17 210 1474
11 12 14 15 16 18 108 720
673 77 666 667 669 670 671 672 674 675 676 677 678 679 680 996
12 13 14 15 16 17 18 19 116 405
13 14 15 16 17 18 19 573 604 644 801
249 182 242 243 244 245 246 247 248 250 251 252 253 255 256 1438
1070 820 1064 1065 1066 1067 1068 1069 1071 1073 1074 1075 1077 1138 1315
1100 82 529 824 998 1045 1094 1095 1096 1097 1098 1099 1101 1102 1103 1104 1105 1106 1305
1428 1082 1139 1421 1422 1423 1427 1430 1431 1432 1433 1434 1435
1037 1030 1031 1033 1034 1036 1038 1041 1042 1043 1044 1129 1245
1199 1075 1192 1193 1194 1195 1197 1198 1201 1202 1203 1204 1205
1253 111 161 302 1169 1247 1248 1249 1250 1252 1254 1255 1257 1258 1259 1260
14 15 16 17 18 20 39 182 813
397 223 259 391 392 393 394 395 396 398 399 401 402 403 517 537 590 1407 1487
775 47 207 597 768 769 770 771 772 774 777 778 779 780 781 1476
866 767 859 860 862 863 864 865 868 869 870 871 872 873 1151 1241
970 250 964 965 966 969 971 972 973 974 975 976 977 1200
1214 189 368 791 900 1088 1207 1208 1209 1211 1212 1213 1215 1216 1219 1220
1267 389 550 1082 1190 1260 1263 1264 1266 1270 1272 1274
15 17 18 19 20 22 260 554 1046
131 125 126 127 128 129 130 132 134 135 136 137 138 408
187 180 183 185 186 188 189 190 191 192 193 808 814 1211
17 18 19 20 394
210 203 204 205 206 207 208 209 211 212 214 215 216 217
1474 117 749 1467 1468 1469 1470 1472 1476 1477 1479 1480
16 18 19 20 21 22 23 224 1286
18 19 20 21 22 23 95 762 1242
108 101 102 104 105 106 109 111 112 113 115 466
720 713 715 717 718 719 721 722 723 724 725 726 727 877
19 21 22 23 24 25 190 272 1004 1023 1260
116 109 110 111 112 113 114 118 120 121 122 234 803 1304
405 398 399 400 401 402 403 406 407 409 410 411 412
573 566 567 568 569 570 574 575 576 577 579
604 597 598 599 600 601 603 605 606 608 609 610 611
644 369 638 640 641 643 645 646 647 648 649 651 742 1004
801 387 602 795 796 797 798 799 803 804 805 806 808 1296 1329
20 21 22 23 24 25 27 869 928 1125
39 32 34 35 36 37 38 41 42 45 46 398 732 867 890 999
182 175 176 177 179 181 183 184 185 189 333 883
813 269 560 778 806 807 808 810 812 814 815 817 818 819 820 1206
22 21 23 24 25 26 27 28 29 140 258
260 253 254 257 258 259 262 263 264 265 267 428 442 557 833 1096 1300
554 72 548 549 551 553 555 556 558 559 560 715 884
1046 125 389 1039 1040 1041 1042 1043 1044 1045 1048 1051 1052 1053 1444
21 23 24 25 26 27 28 240 612 1329 1344 1443
23 24 25 26 27 29 30 778
224 60 217 218 220 221 222 223 226 227 228 229 230 231 955
1286 212 369 545 730 1159 1232 1279 1280 1281 1282 1283 1285 1287 1288 1289 1290 1291 1293 1448
394 378 387 389 391 392 393 396 398 399 400 401
95 89 90 91 92 93 96 97 100 101 102 167 1190 1431
762 314 557 632 757 758 759 761 764 765 766 767 768 769 891 1086 1087 1421
1242 225 433 978 1235 1236 1238 1239 1243 1244 1245 1247 1248 1249
24 25 26 27 29 30 31 199 362 763 1477
25 26 27 29 30 31 32 945 1256
190 64 184 185 186 189 191 192 193 194 196 197 369
272 265 266 267 268 269 271 273 274 275 277 279 1366 1459
1004 669 997 998 999 1000 1001 1002 1003 1005 1006 1007 1008 1010 1011
1023 1016 1017 1018 1019 1021 1022 1024 1025 1026 1027 1028 1029 1030
1260 107 328 488 648 1145 1221 1254 1255 1256 1257 1261 1262 1263 1264 1265 1266
27 26 28 29 30 31 32 488
869 375 647 862 863 864 867 868 870 871 873 875 876 887 1111
928 921 923 924 925 926 927 929 930 932 933 934 935
1125 259 1118 1119 1122 1123 1124 1126 1128 1129 1130 1131
26 28 30 31 32 33
28 29 32 33 34 439 1009
240 233 234 236 237 238 239 241 242 243 244 246 247 441 992
612 143 605 608 610 611 613 617 618 619 1120
1329 1322 1323 1324 1325 1328 1330 1331 1332 1333 1334 1335
1344 392 553 897 1058 1172 1338 1340 1341 1343 1345 1346 1347 1348 1349 1351
1443 256 583 689 856 946 1029 1436 1438 1439 1441 1442 1444 1445 1448 1450
29 30 31 33 34 35 36 433 470 497 1341
140 133 134 135 136 137 138 141 142 143 144 145 146 350
258 251 252 253 254 255 256 257 259 261 262 264 265 318 1346
30 31 32 33 34 35 36 37 395 694
778 254 469 745 771 772 773 774 776 777 779 780 783 784 785 994
31 32 35 36 37 38 242 368 800
199 192 195 196 197 198 200 201 202 204 205 206
362 274 355 356 357 358 359 360 363 364 365 366 367 368 369 825
763 756 757 758 759 760 761 765 766 767 768 770 894 898
1477 451 977 1470 1472 1473 1475 1476 1479 1480 1483 1484
32 33 34 36 37 38 725 1309 1368
945 938 939 940 941 942 946 947 948 949 951 952
1256 282 768 1249 1250 1251 1252 1254 1255 1257 1259 1261 1263
33 34 35 37 38 40 431 871
488 335 482 483 484 487 489 490 491 492 494 495 998
34 35 36 37 38 40 292
439 432 433 434 435 437 438 440 441 443 444 446 723 1091
1009 127 1002 1003 1005 1006 1008 1010 1011 1012 1013 1015
35 36 37 38 40 41 42 251 503 659 839 889 959
36 37 40 41 42 43 288 1401
433 167 427 428 431 432 434 436 437 438 443 606 897
470 135 409 463 464 466 467 468 469 471 472 473 474 475 476
497 126 444 490 491 492 494 495 496 498 499 500 885
1341 76 353 1003 1335 1336 1337 1338 1339 1345 1346 1348
37 38 42 43 1146
395 167 319 388 389 391 392 393 398 399 400 879 890
694 622 689 690 691 692 693 695 696 698 699 700 701 987
38 40 41 43 44 45 196 318 578 883
242 235 236 237 238 239 241 243 244 245 246 247 248 652
368 103 160 361 364 365 369 371 372 373 374 375 494 959
800 417 793 794 795 796 797 798 799 802 803 804 805 806 809 1111 1198
725 344 602 718 721 722 723 724 727 728 729 731 1233
1309 842 1015 1302 1303 1304 1305 1306 1307 1308 1310 1311 1312 1315 1456
1368 736 1363 1364 1366 1367 1369 1370 1373 1374 1375
40 41 42 43 44 47 1087
431 147 252 424 425 426 427 428 429 430 432 434 435 436 437 438
871 250 865 868 870 872 873 874 875 876 877 878
292 285 286 287 288 289 290 291 293 294 295 296 299 880
41 42 43 44 45 46 47 48 882
42 43 44 45 46 48 49 175 774
251 244 245 246 247 248 250 252 253 254 255 256 257 336
503 496 498 499 501 502 504 506 507 508 509 510 853 1364
659 638 652 653 654 655 656 657 658 660 661 662 663 665 958 986 1252
839 649 832 834 835 836 837 838 841 843 844 845 846 965 1425
889 580 596 811 882 883 885 886 887 888 890 891 892 893 894
959 689 952 953 954 955 956 957 958 960 961 962 964 965
43 44 45 46 47 48 49 50 159
288 281 282 283 285 286 287 289 290 291 293 294 404 547
1401 364 466 1137 1304 1394 1395 1396 1398 1399 1402 1404 1405 1406 1407
1146 357 1028 1139 1140 1143 1144 1147 1148 1149 1150 1151 1152 1153
44 45 46 47 48 50 109 780 1159
45 46 49 50 52 147 647
196 189 195 198 200 201 229 611 799 868 942
318 308 311 312 315 320 322 323 324 325 550
578 411 565 571 572 574 575 576 579 580 581 582 585 990 1321
883 774 876 877 878 879 880 882 884 885 886 890
46 48 49 50 51 52 267 422
398 354 391 392 393 399 401 402 403 404 442 1079
732 73 389 726 727 728 731 733 734 735 736 737 739 834
867 774 860 861 862 863 864 865 868 870 872 873 874 954
890 884 885 886 887 888 891 892 893 894 895 896
999 992 993 994 995 996 997 998 1000 1001 1002 1003 1006
47 48 49 50 51 52 53 54 316 530 570 863 996
1087 854 1080 1081 1082 1083 1084 1085 1086 1088 1089 1090 1091 1092 1093 1094
48 49 50 51 52 53 54 55 58 834
882 498 875 876 877 878 879 880 881 885 886 887 888
49 50 52 53 54 55 56 220 342 404 917 1416
175 168 169 170 171 172 173 174 176 177 179 180 516 632
774 180 319 376 768 769 770 771 772 773 777 780 781
50 52 53 54 55 56 57 1193
159 153 155 156 157 158 160 161 162 164 165 166
109 102 104 105 106 107 110 111 112 113 115 472 626
780 232 773 776 779 781 782 784 785 786 787
1159 1152 1154 1155 1157 1158 1160 1161 1162 1163 1164 1165 1166 1430
52 51 53 56 57 58 59 205 1223
147 141 142 143 145 146 148 149 150 152 154 1138
647 640 641 642 643 645 646 648 649 650 651 652 653 654 1273
51 53 54 55 57 58 418 547
267 261 262 263 264 265 266 268 269 270 273 274 404 1180
422 415 416 417 418 420 421 423 424 425 427 428 429 712 972 1115 1206
53 54 55 56 57 58 59 287 1463
54 55 56 57 58 59 60 61 145 941
316 309 310 311 313 315 317 319 320 322 382
530 528 531 532 534 535 536 537 648 956 1181 1195
570 308 563 566 567 568 569 571 572 575 576 577 717 1228
863 857 858 860 861 862 864 865 868 870 1079 1418
996 94 323 838 989 990 991 997 998 1000 1001 1002 1003
55 57 58 61 148 464 997 1208
58 56 57 59 60 62 63 64 65 356
834 827 828 829 831 832 835 837 838 841 1012
56 57 59 61 62 63
220 213 214 215 216 221 222 223 225 226 227 328 542 825 856 1394
342 335 336 338 341 343 344 345 346 347 348 349 847 901 948 1105
404 399 400 402 403 406 407 408 410 411 453 501
917 840 910 911 912 913 915 916 918 919 921 922 923 924 1423
1416 731 901 1409 1410 1411 1413 1414 1415 1417 1418 1419 1420 1422 1423
57 59 60 61 62 63 64 253
1193 755 857 925 1148 1188 1189 1190 1191 1195 1197 1198
418 156 348 411 412 413 414 415 416 417 419 420 421 423 425
547 541 542 543 544 545 546 548 550 551 552 553 724 738 1295
59 60 61 62 65 66
205 200 201 203 206 207 208 209 211 212 550 802
1223 412 688 1060 1216 1217 1218 1219 1220 1225 1227 1228 1232
287 280 281 283 284 285 286 289 291 293 1447
1463 623 1136 1457 1458 1459 1460 1461 1462 1465 1466 1467 1468 1469 1470
60 62 63 64 65 66 67 103 407 1192
61 62 63 64 65 66 67 68 293 729 1438
145 71 138 139 141 143 144 146 149 151 899
941 845 934 936 937 938 940 942 947
148 141 142 143 144 146 149 150 152 153 154 348 1465
464 151 457 459 460 461 462 463 468 469 471 522 1230 1451
997 957 990 991 994 995 998 1000 1001 1002 1003 1082 1163 1169
1208 141 348 690 998 1201 1202 1203 1204 1205 1207 1211 1212 1213 1215
62 63 64 65 66 67 1222
63 64 65 66 67 68 70 718
64 66 67 68 69 71 396 568 1128
253 246 247 248 250 252 255 256 257 259 924
65 66 68 69 70 72 382 1084 1355
356 191 349 352 353 354 357 358 359 360 361 611 1235 1387
66 67 68 69 70 71 72
67 68 69 71 72 73 266 280 462 932 1425
103 97 98 99 100 101 102 106 110 528 1124
407 400 401 402 406 408 410 411 412 413 414 940 973
1192 810 1185 1186 1187 1188 1189 1190 1191 1194 1195 1196 1197
68 70 71 72 75 86 233 262 1430
293 286 290 291 294 295 296 297 298 299 1217
729 653 722 723 727 728 730 731 733 734 735 736 770
1438 650 1431 1432 1433 1436 1437 1439 1440 1441 1442 1444
1222 1215 1216 1217 1218 1219 1220 1221 1225 1226 1228 1262
70 69 71 72 73 74 75 76 77 1094 1190
718 711 712 713 714 715 716 719 721 722 723 724 752 1021
69 72 73 75 76 301 1445 1448
71 72 73 74 75 76 77 78 291 1201 1207
396 194 391 392 393 399 400 401 402 403 663 1026
568 359 561 562 563 565 566 567 569 571 572 574 575
1128 1121 1122 1123 1124 1126 1127 1129 1130 1131 1132 1133 1134 1135 1268
72 73 74 77 78 551
382 304 375 376 377 379 380 381 385 386 388 389
1084 403 1077 1078 1079 1080 1081 1082 1083 1085 1086 1088 1089 1091
1355 455 1348 1349 1350 1351 1352 1353 1354 1356 1358 1360 1361
73 74 76 77 78 79 80 622 828
266 259 261 262 263 264 265 268 269 270 271 340 1095
280 273 274 275 277 278 279 281 282 284 286 1039 1300
462 455 458 459 460 461 463 465 467 468 469 510 836 845
932 469 925 926 927 929 930 935 936 937 938 939 1018 1085
1425 481 923 926 1418 1419 1420 1421 1422 1423 1426 1427 1429 1430 1431 1432
75 76 78 79 81 82 949
86 79 80 81 82 83 85 87 88 89 90 91 92 93
233 226 227 228 229 230 231 232 234 235 236 239 803 969
262 255 256 257 259 265 268 401 535 1409
1430 1277 1370 1423 1424 1426 1429 1431 1432 1433 1434 1436
76 77 78 79 80 81 82 83 322 1350
301 294 296 298 299 302 303 304 305 306 307 853 913 1011
1445 428 859 1407 1420 1439 1441 1442 1444 1446 1448 1449 1450 1451 1452
1448 245 531 1441 1442 1444 1446 1447 1449 1451 1453 1454 1455
74 78 79 80 81 115 637 753 938 1395
77 78 80 81 82 83 84 386 672 697
1094 127 324 581 1088 1089 1090 1091 1092 1093 1095 1097 1099 1101
1190 123 1076 1184 1185 1186 1187 1188 1189 1194 1195 1196 1197
78 79 80 81 82 83 84 85 1444
291 284 285 286 289 294 295 296 297 298 520 682
1201 948 1194 1195 1196 1197 1198 1200 1202 1203 1205 1206 1207
1207 1200 1203 1205 1210 1211 1212 1213
551 112 544 545 546 548 549 550 552 555 556 558
79 80 82 83 84 85 185 624 649 1262 1455
80 82 83 84 85 87 1056 1065
622 471 616 618 619 621 623 625 626 629 1221
828 367 821 822 823 824 825 826 827 829 831 832 833 1461
81 83 84 85 87 540 814
115 110 111 112 113 114 117 119 120 121 122 1003
637 630 632 633 635 636 638 640 641 642 643 974 1020 1107
753 661 746 747 748 752 754 756 757 758 759 760 888
938 400 931 933 934 935 936 937 940 942 943
1395 1388 1389 1390 1391 1392 1393 1394 1396 1397 1398 1399 1400 1402
82 83 84 85 87 88 713
949 363 683 946 947 948 950 951 952 953 954 955 956
83 84 87 88 89 90 665 755 1427
322 315 317 319 320 321 323 324 325 326 327 328 329
1350 206 1172 1343 1345 1346 1348 1349 1351 1352 1354 1356 1357
84 85 87 88 90 91 1482
386 379 381 384 385 387 388 389 391 392 393 830
672 623 665 666 667 669 670 671 674 675 676 677 678 679 1012
697 163 690 691 692 695 698 699 700 702 704 1371
85 87 88 89 90 91 92 176 500
1444 436 1045 1183 1437 1439 1446 1449 1450 1451
185 178 179 180 181 183 184 186 188 191 192 810
624 113 512 617 619 623 625 626 627 629 630 689 719 726 1421
649 642 643 645 646 648 651 652 653 655 1392
1262 132 651 1114 1258 1263 1264 1266 1268 1269
1455 337 1285 1449 1450 1452 1453 1454 1456 1457 1459 1460 1462
87 89 91 92 93 94 478
1056 198 1049 1051 1052 1053 1057 1059 1060 1061 1062 1088
1065 627 782 1058 1059 1060 1061 1062 1063 1064 1067 1068 1069 1071 1072 1189
540 533 534 535 538 539 541 543 544 545 546 1189
814 679 807 810 811 812 815 816 817 819 820 821
88 89 90 91 92 94
713 350 707 709 710 711 712 714 715 716 717 719 1485
89 90 91 92 93 94 96 909 1343 1488
90 91 92 93 96 97 195 606 911 975 1120
665 658 660 661 662 663 664 666 668 669 670 671 1127
755 376 748 749 750 751 752 754 756 757 758 760 761 826
1427 914 1219 1420 1421 1422 1423 1424 1426 1429 1433 1434
91 92 93 96 97 98 1340
1482 127 1475 1479 1480 1481 1483 1484 1485 1487 1488 1489
92 93 94 96 97 98 99 107 993 1067
176 169 170 172 173 178 180 181 265 417 424 985 1161
500 494 496 498 499 501 502 504 505 507 569 777
93 94 96 97 99 100
94 96 97 98 99 101 173 1108 1230
478 355 373 473 474 475 477 479 481 482 483 484 1140 1305
96 97 99 100 101 102 406 1184 1185
909 207 416 618 902 903 904 905 906 907 910 913 914 915 1241 1458
1343 761 1007 1336 1337 1338 1339 1340 1345 1346 1347 1348 1349
1488 390 498 1481 1483 1484 1485 1486 1487 1489 1490 1491 1492 1493
97 98 99 100 101 102 104 330 1173
195 188 189 191 192 193 194 197 200 202 370 512
606 600 601 602 603 607 610 611 613 692
911 627 700 904 905 907 908 910 914 915 916 918 1290
975 968 969 971 972 973 974 976 977 978 979 980 981 982
1120 158 884 1113 1114 1115 1116 1117 1118 1119 1121 1123 1124 1126 1127
98 99 101 102 105 849 1053 1301
1340 304 447 1333 1335 1336 1337 1338 1339 1345 1347
99 100 101 102 104 105 106
107 100 101 102 104 105 106 110 111 113 114 785 1414
993 986 987 988 989 991 992 994 995 998 1000
1067 1060 1062 1063 1064 1066 1069 1071 1072
100 101 102 104 105 106 413
101 102 104 105 106 504 553 1220
173 167 168 169 170 171 172 174 177 178 179 180 472 940 1263
1108 1102 1103 1104 1105 1106 1107 1109 1110 1112 1113 1114 1115 1206
1230 349 799 974 1135 1148 1224 1225 1228 1232 1233 1234 1235 1237
102 104 105 106 973
167 160 161 162 163 164 165 169 170 171 174 323 558 1216
1431 186 1126 1424 1426 1429 1432 1433 1434 1435 1437
406 399 400 402 403 408 409 410 411 412 789 1011
1184 1177 1178 1179 1180 1181 1182 1185 1186 1187 1188 1189 1191
1185 1061 1178 1179 1180 1181 1186 1187 1188 1191
104 105 106 110 111 950 1233
330 323 324 325 326 328 329 331 332 333 334 335 337 843
1173 252 991 1166 1167 1169 1170 1171 1172 1174 1176 1177 1179 1180 1306
105 110 128 1181
849 842 843 844 845 846 847 848 850 851 852 853 854 855 856 968
1053 289 460 1047 1048 1050 1051 1052 1054 1055 1057 1058 1059 1060 1280
1301 452 971 1032 1203 1295 1296 1298 1299 1300 1302 1304 1305 1308
106 110 113 792 967 1264
413 408 409 410 411 412 416 417 419 420 569 799 1033 1093 1246 1464
504 498 499 501 502 505 507 508 509 510 511
553 548 549 550 552 557 558 559 560 913 1385
1220 1166 1215 1216 1217 1218 1221 1224 1225 1227
973 309 966 967 968 969 971 972 977 979
110 111 112 114 117 340 1210 1436
528 149 521 522 524 525 527 529 533 534 535 579 789 818
1124 563 1117 1118 1119 1121 1122 1126 1127 1130 1131
111 112 113 118 124 183 1487
950 943 944 946 947 948 951 953 954 955 956 957 1121
1233 151 245 821 1162 1226 1231 1232 1235 1236 1237 1238 1239
128 121 122 125 126 127 129 130 132 133 134 135 1043 1420
1181 1106 1174 1175 1177 1178 1179 1180 1182 1183 1186 1187 1188
113 112 114 117 118 119 120 769 1434
792 221 265 785 786 788 790 793 794 795 797 799 1357
967 960 961 962 964 965 966 968 971 972 974
1264 507 1257 1258 1259 1261 1263 1266 1269 1270 1271
114 112 117 120 121 498 845
785 261 645 779 781 783 786 787 788 791 815 899
1414 314 1408 1409 1410 1411 1412 1413 1415 1417 1418 1419 1478
112 117 118 119 1332
466 459 460 461 463 465 467 468 471 472 473
472 310 467 468 469 471 473 474 476 477 674 1302
626 619 620 621 623 625 628 629 630 631 632 633 739
117 118 119 120 121 122 123 144 495
340 274 333 334 335 336 338 341 343 344 345 346 347 861 976
1210 1203 1204 1205 1206 1209 1211 1212 1213 1215 1216
1436 319 776 1429 1432 1433 1437 1439 1440 1442
118 119 121 122 123 124 125 566 747 1072 1478
124 119 120 122 123 125 126 372 424 860 1061
183 177 178 179 180 181 186 188 189 499
1487 1027 1480 1481 1483 1484 1485 1486 1489 1490 1491 1492 1493
119 120 121 122 123 125 126 804 1074
1332 358 1156 1258 1326 1328 1330 1333 1334 1335 1337 1338 1339
120 121 122 123 125 126 127 447
769 532 552 764 765 766 767 768 771 772 773 776 1359
1434 1039 1429 1432 1433 1435 1439 1440
121 122 125 126 127
498 300 475 492 494 496 499 501 502 505
845 838 840 842 843 844 846 848 851 1000
122 123 125 126 129 370
1003 582 1000 1001 1002 1007 1008 1010 1254
234 227 228 229 230 231 232 235 236 237 238 239 241 1000
803 650 796 797 798 799 804 805 807 809 810 1027
1304 444 1225 1297 1298 1299 1300 1303 1306 1307 1308 1310
123 125 126 127 129 130 767 965 1022
144 137 138 139 141 142 146 149 151 338 1215
495 489 490 491 494 496 499 501 502
125 126 127 129 130 132 686
566 559 560 564 567 569 571 572 1279
747 297 508 741 744 745 746 748 749 750 751 752 754 895 968
1072 861 1066 1068 1069 1071 1073 1076 1077 1078 1079
1478 143 1086 1472 1473 1475 1481 1483 1484 1485
126 127 130 132 133 708
804 518 797 798 799 805 806 808 809 811 1226 1363
1074 628 833 1068 1069 1071 1073 1076 1078 1079 1080 1081 1168 1397
127 130 132 133 134 1285 1373
447 153 359 440 441 442 443 445 446 448 450 451 454 689 791 1287
129 130 132 135 136 653 1216
370 215 338 363 364 365 366 369 371 372 373 374 375 376 377 632
130 132 133 134 136 137 323 1305 1402
767 321 543 760 761 766 770 772 1274 1403
965 186 958 960 961 962 964 966 969 1002
1022 250 1017 1018 1019 1020 1021 1024 1025 1026 1027 1063
372 365 366 367 369 371 374 377 378 379 565 1398 1450 1480
424 300 417 419 420 421 425 427 428 429 430 826 1381
860 514 819 829 853 854 855 856 857 861 862 864 865
1061 988 1054 1055 1057 1058 1059 1060 1063 1064 1066 1068
132 133 135 136 137 138 139 533 1183
686 154 679 681 682 684 687 689 690 691 1099
133 134 135 136 137 138 139 336 733
708 701 702 703 704 705 707 709 710 711 712
134 135 136 138 139 141 164 922
1285 1278 1279 1280 1282 1284 1287 1288 1289 1291 1292
1373 1035 1366 1367 1370 1372 1374 1375 1376 1377 1378 1379 1405
135 136 137 138 141 983 1018 1213
1043 257 1036 1038 1039 1040 1041 1042 1044 1045 1047 1048 1049 1050
1420 179 1413 1415 1417 1419 1422 1423 1424 1426
136 137 139 141 142 143 735 880
653 646 648 650 651 652 654 656 658 660
1216 1182 1209 1211 1217 1218 1219 1221
137 138 141 864 925 1131 1228
323 317 321 324 326 329 508
1305 1298 1300 1303 1306 1307 1308 1310 1311 1312 1453
1402 1298 1396 1397 1398 1399 1400 1404 1405 1407 1408
138 141 142 143 317 389 1116
408 354 401 402 403 409 410 412 414 415
139 142 143 270 456 457 559 1191
533 526 527 529 531 532 534 535 536 537 539
1183 379 402 1031 1178 1179 1180 1186 1187 1188
336 329 333 334 335 337 338 339 341 343 582 1063
733 157 332 592 731 734 735 736 737 739 740 1397
141 142 143 146
164 158 160 161 162 163 165 166 169 170 171 572 639 923 1292
922 572 916 919 920 921 923 925 927 929 1315 1429
983 976 978 980 981 982 984 985 986 987 988 989 990 1089
1018 221 580 1012 1013 1015 1016 1020 1021 1024 1025 1101
1213 212 583 1206 1209 1211 1212 1215 1217 1218
142 143 146 149
143 146 149 150 213
735 263 728 730 731 736 737 738 739 741 742 1160
880 874 875 876 878 881 884 885 886 1180
864 467 742 857 858 859 862 865 868 870 933
925 241 918 919 921 923 924 929 930 931 1149 1215 1293
1131 1126 1129 1130 1133 1134 1135 1136 1137 1138
1228 1221 1224 1225 1226 1227 1231 1232 1234 1235
317 313 314 315 319 320 321 324
389 384 388 390 392 393
1116 352 1012 1109 1110 1112 1113 1114 1115 1117 1118 1119 1121 1122 1142 1265
270 263 264 265 269 271 273 274 275 277 1320 1386
456 388 450 451 452 453 454 455 457 460 461 463 534 560 1157 1475
457 450 451 453 454 455 458 459 460 461 905 1330 1408
559 347 552 555 556 558 560 561 562 563 564 565 1388
1191 595 750 918 1129 1186 1187 1188 1189 1194 1195 1196
146 149 150 151 152 153 192
350 343 344 345 346 347 348 349 352 353 354 355 357 1144
149 152 153 154 155 156
150 151 152 154 155 156 157 636 1204
213 206 207 208 211 215 217 219 582 1200 1466
151 152 153 155 157 158 244 365 1361
338 331 332 334 335 337 339 341 343 344 345 861 1280 1318 1407
1215 616 1030 1209 1211 1212 1217 1218 1219 1221
899 423 892 894 895 896 897 898 900 901 902 903 904 905
152 153 154 155 156 157 894 1060
153 154 156 157 158 160
192 186 188 189 191 194 198 1296 1466
154 155 156 157 158 160 161 795 818
1138 246 1132 1133 1134 1135 1136 1137 1140 1141 1142 1143 1144 1460
348 343 344 346 347 349 351 352 353 354 355
1465 1458 1460 1461 1462 1464 1466 1467 1469 1470 1472
155 156 157 158 160 161 264 286 1211 1339
156 157 158 161 162 163 918 1198
157 158 161 162 163
636 629 631 633 634 635 638 639 640 642 643 1311 1394
1204 916 1197 1198 1200 1202 1203 1205 1206
158 160 161 162 163 165 463 635 1257
244 184 237 238 239 241 243 245 246 247 248
365 358 359 360 361 363 364 366 371 563 1421
1361 1031 1281 1354 1356 1357 1359 1360 1362 1363 1365 1367
894 335 888 892 895 896 897 898 900 901 1446
1060 650 663 1054 1055 1057 1058 1059 1062 1063
160 161 162 163 166 248 734 791 915
161 162 163 165 166 168 1468
795 788 789 790 791 794 796 797 798 799 802
818 811 815 816 817 820 821 822 823 824
264 261 265 268 269 663 1144 1164
286 279 281 282 283 284 289 290 892 1189 1240
1211 1206 1212 1218 1426
1339 852 1122 1335 1336 1337 1338 1342 1345 1346
162 165 166 168 169
163 165 166 168 169 575 1028
918 526 808 912 913 914 916 919 921 923 924 1127 1336
1198 555 1194 1195 1196 1197 1203 1205
165 166 168 172 448 734 1031 1155 1306
463 458 459 460 461 465 467
635 625 628 629 631 632 633 634 638 639 640 641
1257 460 1250 1251 1252 1254 1255 1258 1259 1261
166 168 169 170 171 868
248 243 245 250 252 254 255 1076
734 641 727 728 730 731 736 737 738 739 740 741 1348 1383
791 514 759 761 784 786 787 789 790 793 794 797
915 219 467 908 910 912 914 916 919 920 921
168 169 170 171 172 174 760
1468 1461 1462 1464 1467 1469 1470 1472 1473 1475
169 170 171 172 174
575 479 569 572 574 576 577 579 580 1129
1028 419 1021 1024 1025 1027 1029 1030 1033 1034 1035
170 171 174 177
171 172 174 177 178 364
572 565 567 571 574 576 577 579 872
639 634 638 640 641 642 643 645 646
923 916 919 921 926 927 929 930 1454
1292 511 1287 1288 1290 1291 1295 1296 1297 1298 1299
172 174 177 178 179 450
448 384 441 443 444 446 449 450 451 452 453 454 455
1031 1025 1026 1029 1030 1034 1035 1036 1353 1464
1155 1148 1149 1150 1151 1152 1153 1154 1156 1160 1161 1162 1435
1306 324 1299 1300 1302 1303 1307 1308 1310 1311 1313
868 691 862 865 870 874 875 1034 1360
174 177 178 179 180 181 906
558 552 556 557 560 561 562 564 565 853 1234
760 754 756 757 758 764 765 766
177 178 179 180 184 381 1142
178 179 180 181 184 327 438 605 1176
364 358 359 360 361 363 366 367 369
179 180 184 186 1224
450 443 445 446 449 451 452 453 455 597 912
180 633
940 933 934 935 936 939 942 943 944 946 947
1263 1258 1259 1268 1269 1270 1432
181 186 711 1034 1078
906 900 902 905 907 908 910 912 1426
516 509 511 514 515 520 521 682 1041
632 544 581 627 628 629 630 638 1450
265 259 261 263 269 271
417 245 410 411 412 415 419 420 421 423
985 239 617 979 980 981 982 984 986 987 989 990 991 992 1235
1161 531 1154 1157 1158 1164 1165 1167 1168 1392
184 186 191 654 777 781 846 1489
381 374 375 376 377 380 384 385 387 388 958
1142 494 772 1133 1136 1137 1140 1141 1143 1144 1147 1148 1149
327 188 321 325 326 329 331 332 333 334 609 1109
438 432 434 435 436 440 442 443 444 445 1105 1293
605 363 599 601 602 603 607 608 610 611 1097
1176 658 994 1099 1169 1170 1171 1174 1177 1178 1179
186 188 189 191
1224 723 1217 1218 1219 1221 1225 1360 1377
633 627 628 629 630 631 634 640
711 607 704 705 706 709 710 712 714 715 716 717 825
1034 1027 1029 1030 1032 1033 1035 1036 1038 1040 1041
1078 321 1071 1073 1075 1076 1077 1080 1081 1082 1083 1085 1226
189 188 191 193 194
333 326 328 329 331 332 335 337 339 1241
188 191 193 477 514 876 1359
499 198 494 496 501 505 506 1209
191 193 194 197
654 201 237 347 511 515 648 655 656 657 658 660 661
777 772 773 776 781 782 783 784 1409
781 764 776 779 782 783 784 786 787 788
846 485 841 842 843 847 848 850 851 853 1005
1489 749 878 1433 1483 1484 1486 1490 1491 1493
810 449 806 807 809 812 816 817 1254
193 194 197 198 200 304 437 749 895 1177
808 802 805 806 807 809 811 812 815
477 246 473 474 475 476 479 480 481 482 483 484 1345
514 508 509 510 511 513 517 518
876 870 872 874 875 877 878 879 881
1359 1353 1354 1356 1357 1358 1360 1363 1364 1365 1366
194 197 198 200 201 1389
197 200 201 202 204 569 1418
369 363 367 371 374 375 1245
198 200 201 202 203 204 611 815 903
1296 944 1154 1289 1290 1291 1295 1297 1298 1299 1300 1302
1466 1446 1459 1460 1461 1462 1464 1467 1469 1470 1472 1473 1493
200 201 202 203 204 206 207 328 1342
304 297 298 299 300 302 303 305 306 307 308 310 311
437 430 432 434 435 436 440 441 442 443 444 757
749 445 742 745 746 748 751 752 756 1063
895 352 888 892 893 897 900 901 902 1077
1177 483 601 619 971 1170 1171 1175 1178 1179 1180 1182
201 202 203 204 206 207 208 627 1279
1389 592 1165 1197 1382 1383 1384 1385 1386 1387 1388 1390 1392 1393 1394 1396
202 203 204 206 207 209 458
512 359 507 508 510 511 513 515 519 836 873 926
229 222 223 225 226 227 228 230 231 232 235 236 790 947
611 608 609 610 613 614 615 617 1143
799 793 794 796 797 798 802 805
942 506 630 935 936 937 939 943 944 947 998
204 203 207 208 209 211
569 562 563 565 567 576 1371
1418 1378 1411 1412 1413 1415 1417 1419 1421 1422 1423 1424
203 206 207 209 352 1049 1293
815 620 809 811 812 816 817 819 820 1051
903 214 215 529 896 897 898 901 902 904 907 908 910
206 208 209 211 212
207 208 209 211 212 214 701 1059
328 325 326 329 332 334 335 602
1342 542 797 1205 1335 1345 1346 1347 1348 1349
208 209 211 214 215 1086 1106 1274 1299 1453
627 620 621 628 629 631 634 1024
1279 308 1129 1272 1273 1274 1275 1277 1278 1280 1281 1282 1283
209 211 212 214 215
458 451 453 454 455 459 460 465 1049
352 345 346 347 349 351 354 357 359
1049 1042 1044 1048 1050 1051 1054 1055 1299
1293 683 1287 1288 1289 1290 1291 1295 1297 1298 1299 1300
211 212 214 215 216 217 218 476 1410
212 214 217 218 219 1063 1273 1417
550 452 510 543 544 546 548 549 552 555 556 557
802 728 796 797 798 805 806 807 809
214 216 217 218 219 221 1044
701 695 696 698 699 700 702 703 704 705 706 707
1059 710 1052 1054 1057 1058 1063 1064 1066 1440
215 217 218 221 222 1317
1086 1079 1081 1082 1083 1085 1088 1089 1090 1091 1092 1093
1106 228 1099 1102 1104 1105 1109 1110 1111 1150
1274 727 739 955 1141 1268 1269 1270 1271 1272 1276 1277 1278 1280 1281
1299 216 1295 1298 1300 1302 1303
1453 1446 1447 1449 1450 1451 1452 1456 1457 1458 1459 1460
216 217 218 219 221 222 223 312 1168 1275 1406 1470 1476
217 218 221 223 1405 1452
218 219 221 222 225
476 469 471 473 474 475 479 480 481 482 692 1012
1410 964 989 1404 1405 1406 1407 1408 1409 1411 1412 1413 1417
219 221 222 223
1063 623 958 1057 1062 1064 1066 1068
1273 1266 1269 1270 1271 1272 1275 1276 1278 1280 1312
1417 314 794 1388 1411 1412 1413 1415 1419 1421 1422 1423 1424
582 545 576 577 579 580 581 583 586 587 638 773 1036 1276
1200 232 414 678 1194 1196 1197 1202 1203 1206 1370
221 222 223 225 226 227 228 1307 1318
1044 475 884 1038 1040 1041 1042 1045 1047 1048
222 223 225 226 227 228
1317 481 1310 1311 1312 1313 1314 1315 1316 1318 1319 1320 1322 1323 1324
223 225 226 227 228 268 428 1374
312 305 306 307 308 309 311 313 314 319
1168 484 1162 1164 1165 1169 1170 1171 1172 1174 1175
1275 796 1040 1268 1269 1270 1271 1272 1276 1277 1278 1280 1281 1303
1406 1187 1399 1403 1404 1408 1409 1411 1412 1413
1470 1326 1464 1467 1472 1473 1475
1476 936 1069 1472 1475 1479 1481 1483
1405 329 1398 1399 1400 1403 1404 1408 1409 1411 1412
1452 652 779 1447 1449 1450 1451 1454 1456 1457 1458 1459
225 226 227 228 230 231 232 420 824 955 1057
226 228 230 231 232 321
227 228 230 231 232
542 535 536 538 541 544 545 546 548 549 1089 1166
825 820 822 824 826 827 830 831 832 1062
856 835 850 851 852 853 854 855 857 858 859 861 862 935 962
1394 1205 1387 1388 1390 1391 1392 1396 1397 1398 1400
228 230 231 232 235 836
1307 379 1300 1302 1303 1308 1311 1312 1313
1318 943 1311 1312 1313 1315 1316 1319 1320 1322 1323 1324 1336
268 261 263 269 271 273 275
428 421 425 426 427 429 430 432 434 435
1374 1367 1369 1370 1371 1372 1375 1376 1377 1378 1379 1380 1381
230 231 232 235 236 237 1111
231 235 236 237 238
955 601 948 951 952 954 957 958 960 961 962
232 235 236 237 238 977
420 414 415 419 421 425 826 1127
824 817 819 820 821 822 823 827 829 830 831
1057 1051 1052 1054 1055 1058 1062 1064
321 246 297 314 315 320 325
235 236 238 239 241
836 401 830 831 835 837 838 840 842 843 1271
236 237 238 239 241 243
790 371 717 783 784 786 787 788 789 793 796 797
947 877 943 944 946 948 951 952 953
237 238 241 243 247 1039 1241
1111 1104 1105 1107 1109 1110 1112 1113 1114 1115 1291
238 239 241 245 302 1447
977 724 875 972 974 976 980 982 984 1300 1378
239 241 243 245 660 1175 1202
969 962 966 968 971 972 974 976 1102
241 243 246 247
1000 295 994 995 998 1002 1005 1006 1007
243 245 246 247 250 1454
247 245 246 250 252 254
1039 1032 1033 1035 1036 1038 1040 1042 1045 1117 1479
1241 593 811 1172 1236 1237 1239 1243 1244 1245 1247 1248
245 246 252 565 1268
302 296 297 298 299 300 303 305 306 308 1385
1447 689 1440 1441 1442 1446 1449 1450 1451 1454
660 484 655 656 657 658 661 662 664 666 1237
1175 341 914 1169 1170 1171 1172 1174 1178 1179 1182 1312 1422 1426
1202 1013 1196 1197 1203 1205 1206 1209
246 250 252
441 434 435 436 440 442 443 445 446
992 830 987 988 989 990 991 995 998 1221
652 646 648 651 657 658
250 252 255 256 723 1007
1454 1109 1449 1450 1451 1456 1457 1458 1459 1460 1461
252 254 255 259
565 560 561 562 563 564 590 783
1268 1261 1265 1266 1269 1270 1271 1272 1473
254 255 256 257 259 261 591
255 256 257 259 261 465
1076 543 1064 1071 1073 1075 1077 1079 1082 1083
256 257 259 261 263 1075 1303
723 663 716 717 719 721 722 724 726 727 728 730
1007 741 1001 1005 1008 1010 1011 1013
257 259 261 263 1328
259 261 263
924 920 921 926 927 929 930 931
261 263
591 584 585 586 587 590 592 593 594 595 596 597 598 1390 1440
465 445 459 460 461 467 468 471 736 1040
263 269 319 937 979
1075 346 1069 1071 1073 1077 1079 1080 1081 1082
1303 1297 1298 1300 1302 1308 1310 1399
1328 1322 1323 1324 1325 1326 1330 1331 1333 1334 1335
1346 1270 1345 1347 1348 1349 1351 1352 1353
442 351 435 436 443 444 445 446 449 848 1337
557 555 560 562 563 564
833 314 467 826 829 830 831 832 837 838 840
1096 1089 1090 1091 1092 1093 1095 1097 1098 1099 1102 1103
1300 311 1295 1297 1302
401 384 399 400 402
535 529 531 532 534 536 537 538 539 541
1409 1403 1404 1407 1411 1412 1413 1415
269 271 273 274 275
319 313 315 320 325 326 748
937 277 930 931 933 934 935 936 939 944
979 399 904 972 974 976 978 982 984 986
663 656 658 661 662 664 666 670 692
1144 904 1137 1139 1140 1141 1143 1145 1147 1148 1150
1164 421 560 1157 1163 1165 1166 1167 1169 1170 1171 1364
271 273 274 275 277 278 621
1095 1088 1089 1090 1091 1092 1093 1097 1098 1099 1101 1102
273 274 275 277 278 279 602 680
274 275 277 278 281 300
1180 596 1174 1178 1179 1182 1187
275 277 278 279 281
277 278 279 281 282 284
1320 1112 1316 1319 1321 1322 1323 1324 1325 1326
1386 1182 1379 1380 1381 1382 1384 1385 1387 1388 1390 1391 1392 1393
278 279 281 282 283 284 412 737 986
621 360 486 614 615 616 617 618 619 620 623 625
279 281 282 283 284 285
1366 332 1026 1360 1363 1364 1365 1367 1369 1370 1372
1459 736 1456 1457 1458 1461 1462 1464
602 564 597 598 599 600 601 603 607 609 692 1154
680 443 502 674 675 676 677 678 681 683 684 687 881 1011
281 282 283 284 285
300 294 297 298 299 303 306 307 807 1288
282 283 284 285 314 546 797 1157
283 284 285 289 290
789 376 436 784 786 787 788 793 796 1154 1407
284 285 289 290 375
412 409 410 411 414 415 416 1016 1280
737 469 731 738 739 741 742 743 744
986 978 980 981 982 984 987 988 989 991
285 289 290 1021
314 308 309 310 311 313 315 320 373 1118
546 539 541 543 544 545 548 552 794 1289
797 794 796 798 805
1157 344 461 1150 1151 1152 1153 1154 1156 1158 1160 1432
289 290 294 295
290 294 296 297
375 373 374 376 378 380 884 1119
1021 730 786 1016 1017 1019 1020 1024 1025 1026
892 414 436 885 886 887 888 891 893 896
1189 423 1182 1186 1187 1188 1194 1195
1240 387 590 714 1234 1236 1237 1238 1239 1243 1244 1245 1246 1247
294 295 296 297 299 1035 1243
295 296 298 299 1117 1367
296 297 298 299 303 1091 1432
297 299 303
298 299 303 305 1081 1308
520 513 515 517 518 519 521 524 526 527 857 1082
682 675 676 678 679 681 683 684 685 689 696 742
299 305 306 1139
1217 914 1212 1218 1219 1221 1315
1035 411 838 1029 1032 1033 1036 1038 1041 1042
1243 1236 1237 1238 1239 1244 1245 1246 1247 1248 1249 1250
1117 1110 1112 1113 1114 1115 1119 1121 1122 1123
1367 517 1360 1363 1364 1365 1369 1371 1372
303 305 306 307 308 309 310 788
1091 1085 1088 1089 1090 1092 1093 1097
1432 310 1426 1429 1433 1435
305 306 307 308 309 310 311 475
1081 1077 1079 1080 1082 1083 1085 1088
1308 679 1302 1311 1312 1313 1314 1315
306 308 309 310 311 313 409 1250
1139 1133 1134 1135 1136 1137 1141 1143
307 309 310 313 1001
807 380 409 809 811 812
1288 707 768 1281 1283 1284 1287 1289 1290 1291 1295
853 443 515 608 847 850 851 852 854 855 858 859 1380
913 337 907 908 910 912 914 916 919 920 1170
1011 403 1005 1008 1012 1013 1015 1016 1017
308 310 311 313 315 669
1385 1130 1169 1378 1379 1380 1381 1382 1383 1384 1387 1390 1391 1392
309 310 311 313 315
310 311 315 615 703 1024 1030
788 782 783 784 786 787 793 794 1291
311 313 315 332
475 440 468 471 473 479 481 482 675 738
313 315 426
409 402 403 411 414 415 416 1363
1250 1244 1245 1246 1247 1248 1249 1251 1252 1254 1255
1001 994 995 998 1002 1005 1006 1008
315 320 844 1297
669 662 664 666 667 668 671 674 675 676 931
615 608 609 610 613 614 616 617 618 619 620 1462
703 452 696 698 699 700 702 704 705 707 709 710
1024 715 1017 1019 1020 1025 1026 1027 1030 1403
1030 1025 1026 1027 1029
332 326 329 331 337 339 423
426 358 421 423 425 427 429 430 1362
320 324 325 326 1048 1456
373 366 367 371 374 376 377 378 380 515
1118 1112 1113 1114 1115 1119 1121 1122 1212
844 837 838 840 841 842 843 847 848 850 851 1377
1297 1006 1291 1295 1302
324 325 326 329
325 326 329 331
326 329 331 1066
748 741 742 743 744 745 746 750 751 752
1048 1047 1051 1052 1054 1055 1133
1456 1151 1450 1451 1458 1460 1462
329 334 335 954
508 501 502 505 506 509 513 601 699
331 334 335 337 1375
1066 687 695 841 1064 1068 1069 1071 1073 1337
334 335 337 339 341 896 998 1352
609 347 603 607 610 613 614 616
1109 579 1103 1104 1105 1107 1110 1113 1114 1115
335 337 339 341
954 648 951 952 953 956 957 958 960
337 339 341 343 344 662 1129
843 838 840 841 847 848 850
1375 1369 1370 1371 1372 1377 1378 1379 1380 1381 1382
339 343 344 346 482
423 416 419 427 1291
341 343 346 347 507 1271
896 854 891 893 897 898 900 902 1093
998 995 1002 1005
1352 1325 1345 1347 1348 1349 1351 1353 1354 1356 1357 1358
343 344 345 346 347 349 811
344 345 346 347 349 351
662 355 656 657 658 661 664 666 668
1129 902 1123 1127 1135 1136
345 346 349 351 1392
861 361 854 855 857 858 865 952
1280 429 1276 1277 1278 1281 1283
1407 526 1403 1404 1408 1411 1412 1413
346 347 349 353
482 479 480 481 484 485 486 487 489
347 349 351 353 354 872
976 974 978 980 981 982
507 392 501 502 505 509 510 511 513
1271 952 1265 1266 1269 1270 1272 1276 1277 1278 1439
349 351 354 355 715
847 379 483 840 841 842 848 850 852 854
901 555 872 898 900 904 905 907 908
948 674 943 944 952 953 1351
1105 1098 1099 1102 1103 1104 1107 1110 1112
811 805 806 812 816 817
351 353 354 355 357 358 366
1392 1099 1388 1390 1391 1393 1396 1397 1398 1399
353 354 355 357 359 360 897 1354
354 358 359 360 664 953
872 617 870 873 874 875 878 879
355 357 358 359 360 361 496 751
715 709 710 712 714 717 721 722 1290
357 358 359 360 361 363
358 359 360 361 363 1156
366 359 360 361 363 367 427 706
359 360 361 363
360 361 363 367
897 491 893 898 900 902 904 1019
1354 1073 1347 1349 1351 1353 1356 1357 1358 1360
664 657 658 666 668 670 671 1302
953 946 951 952 956 957 1265
361 363 367 377 579
496 490 491 492 502 1029 1123
751 744 745 746 750 752 754 756
1235 1231 1234 1236 1237 1238
1387 1381 1382 1383 1384 1388 1390 1393
363 971 1238 1397
1156 1149 1151 1152 1153 1158 1160 1162 1163
367 371 374 891 1353
377 371 374 376 378 379 384
579 574 576 577 580 581 583 584 585 1323
971 964 966 968 972 978
1238 1163 1231 1232 1234 1236 1237 1239 1492
1397 852 1390 1391 1396 1398 1400 1403 1404
371 374 376 378
563 556 560 561 562 564 567 634
1421 415 487 943 1415 1422 1424 1426
427 425 429 430 432 434 549
706 699 700 702 704 705 707 710 712
374 376 378 379 380
891 884 886 887 888 893 898
1353 1347 1348 1349 1351 1356 1357 1358 1360
494 487 489 490 491 492 501 982
1245 506 667 1239 1244 1247 1248 1251
376 378 379 380 984
378 379 380 384 385
379 380 384 385 679
1398 1393 1399 1400 1403 1404
1450 1325 1446 1449 1451 1457
1480 1133 1162 1384 1473 1479 1481 1483 1484 1485 1486
380 384 385 387
515 509 510 511 517 518 519 522 851
884 877 878 879 885 886 887 888
1119 1112 1113 1114 1115 1121 1122 1126 1326
984 981 982 987 988 990 991
384 385 387 388 390 391 740
385 387 388 390 391 392 1399 1441
679 674 675 676 677 681 683 684 783
387 390 392 1148
388 390 391 392 393 561
958 766 951 952 956 957 960 964 1282
390 391 392 393
391 392 486
740 736 739 741 742 743 744 746
392 393 399
1399 919 962 1393 1396 1400 1403 1404 1486
1441 936 1437 1439 1440 1442 1446
393 399 859 974 1027 1348
830 823 826 827 829 831 832 835 837 1312
1148 1143 1145 1147 1149 1150 1151 1152
561 555 556 562 564 567 603 835
486 480 481 483 484 485 487 489 490 491 492
399 400 403 518
859 852 854 855 858 862 952 1486
974 968 978 980 981
1027 962 1020 1025 1032
1348 587 728 972 1345 1351
400 402 812 1149
879 873 874 875 878 881 886
402 403
403
1026 1019 1020 1025 1033 1248 1282
517 510 511 513 519 522 524
537 531 532 534 536 538 539 541 543 544 1042
590 583 584 585 586 587 589 594 595 597
1079 1073 1077 1083 1085 1442
518 511 519 521 522 524 525
812 742 805 806 809 816 817
1149 779 1145 1147 1150 1151 1152 1153
410 411 414 415 416
411 414 415 416 451 1134
453 449 452 454 459 460 873 1040
501 502 505 506 885 990
414 415 416 419 421
415 416 419 421
416 419 421 782
1363 1356 1357 1358 1360 1362 1364 1365 1369 1370
451 444 445 446 449 454 455 1315
1134 1130 1132 1133 1135 1136 1137 1140 1141
1016 1010 1012 1013 1015 1017 1020
419 425
1033 764 1029 1036 1038 1040 1133
1093 1088 1089 1090 1098 1099
1246 1104 1239 1244 1247 1248 1249
1464 650 1457 1458 1461 1462 1467
421 425
782 589 776 779 783 784 786 1403
425 429 430 432 838
826 819 820 821 822 823 827 829 1082 1324
1127 1121 1122 1123 1126 1130 1132 1133 1483
429 430 432 434 435 436
712 705 707 709 710 714 717 719
972 784 966 968 1451
1115 677 1112 1114 1121
1206 594 1203 1205 1209 1212
1291 461 1284 1289 1290 1295 1298 1379
430 432 436 758 888
1381 764 1376 1377 1378 1379 1380 1382 1383 1384 1388
432 434 435 436 728 739 820
838 831 832 835 837 840 842
1362 841 1356 1357 1358 1369
434 435 436 440 728
549 543 544 548 555 556 794
435 436 440
436 440 640
758 752 754 756 757 759 764 765 936 1045
888 886 887
728 724 726 727 730 731
739 736 741 742 744 745 746
820 816 817 819 821 822 823 1006
443 440 444 445 446 449
440 444 445 446 600 714
640 634 638 642 643 645 646
444 446 683 1167
757 750 752 754 756 759 761 764 1259
445 446 449 452 587
446 449 452 1162
600 593 594 595 597 598 599 607 1137
714 707 709 716 719
449 452 454 455
848 841 842 850 851 852 854 855
1337 1330 1331 1333 1334 1335
683 677 678 684 685 687 688 689 690
1167 1069 1160 1162 1165 1166 1169 1170 1171 1172 1188
452 454 455 459 1112
587 580 581 583 584 585 586 588 589 592 593 727 877 1376
1162 710 822 1158 1160 1169
454 455 459 460 461 1408
689 687 688 690 691 692 693 695 696
1287 943 1281 1282 1283 1284 1289 1290
455 459 460 461 1163
597 592 593 594 595 596 598 601
912 905 910 914 916 919 944 952
1315 1310 1312 1314 1321
459 460 461
1112 1107 1110 1113 1114
460 461 467
873 870 874 875 877 878
1040 1036 1038 1041 1042 1045
461 468 651 827
1408 754 1404 1411 1412 1413 1415 1449
1163 616 1158 1160 1165 1170 1479
534 529 531 532 536 538 539 541
560 555 556 562 564 567
1475 1249 1469 1472 1473 1479 1481
905 631 898 900 902 904 907 908 910
1330 631 1323 1324 1325 1326 1331 1333 1334 1335 1336
467 468 469 471 473 651 681
468 469 471 473 474 596
651 650 655 656 658 1236 1364
827 822 823 829 831 832
469 471 473 474 1015
510 506 509 511 513 556 1160
471 473 474
522 521 524 525 526 527 529 580
1451 1446 1449
736 731 738 741 742 743
473 474 479 480
681 674 675 676 677 678 684 687 688 796
474 479 480 481
596 592 593 594 595 598 599 601 603 1092 1153
1015 1010 1012 1013 1019 1020
674 667 668 670 671 675 677 678
1302 1295 1298
479 483 484 1358 1378
480 481 483 484 485 487
481 483 485 487
675 668 670 671 676 677 678 1101
738 731 741 742 743 744 796 1244
692 538 685 687 688 690 691 693 696 698
1012 484 943 1006 1008 1010 1013 1017 1019 1283
483 484 485 487 489
484 485 487 489 490 491 874
1345 1338 1347 1349 1351
1140 1133 1135 1136 1137 1141 1143 1145 1147
1358 1356 1357 1360 1364 1365
1378 1052 1371 1372 1376 1377 1382 1481
485 487 489 490 491 492 893 1313
487 489 490 491
489 490 491 492 1254
490 491 492 1036
491 492 620 902
874 594 641 875 878
492 545 933
893 886 887 900
1313 539 1145 1231 1311 1312 1314 1316 1319
1254 978 1248 1252 1255 1258 1259 1261
1036 784 919 1032 1038 1041 1042 1077
620 613 614 617 618 619 625 1383
902 898 900 907 908
545 538 539 541 544 685 929 1212 1467
933 929 930 931 934 935 936 939 1062
982 829 943 978 980 981 988 989
502 505 506 509
1029 588 743 1025 1032
1123 1121 1122 1126 1130
885 726 878 881 886 887
505 506 509 511 630
506 509 511 513 1171 1486
1209 1203 1212 1231
990 987 988 989 991 994 995
509 511 513
1364 1357 1360 1365 1369 1370 1371
511
630 623 625 628 629 634
513 519 655 1239
1171 1165 1166 1169 1170 1172 1174 1178
1486 1479 1481 1483 1484 1485 1491 1492 1493
601 594 598 599 603 607 608 1055
699 693 695 696 698 700 702 704 705
556 552 555 562
1160 779 1153 1154 1158 1165
519 521 525 526 1042 1092 1169
926 920 921 927 929 930 931 980 1050
655 648 650 656 657 658 661 1400 1479
1239 1232 1234 1236 1244
851 850 852 854 855 857 858
521 524 525 526 527 1472
1041 1038 1042 1047
524 525 527 529 531 1107
525 526 527 529 531 532
526 527 529 531
1042 927 1038 1047
1092 1085 1088 1089 1090 1097 1098 1099 1316
1169 1165 1166 1174
527 531 532 631 726
857 852 854 855 858 862
1082 1080 1083 1085
1472 914 1098 1467 1469 1473 1479
529 531 532 1333
580 574 576 577 581 583 584 585 586
531 532 536
1107 1101 1102 1103 1104 1110 1113 1205
532 536 538 539
631 625 628 629 634 638
726 719 721 722 724 727 730 745
1333 1331 1334 1335
536 538 539 541 543
648 642 643 645 646 650 768 773 1422
956 951 952 957 960 961 962
1195 1150 1188 1194 1196 1197
538 539 541 543 544 1088
539 541 543 544
541 543 544 548
543 544 548 607 770
544 548
1088 1083 1085 1089 1090
548 552 555 1218
1089 1083 1090
1166 1165 1170 1172 1182
607 603 608 610 613 614 656 936
770 765 766 768 771 773 776 1188 1426
685 594 684 687 688 690 691
929 927 930 931 934 935 936
1212 1113 1205 1218 1219 1338
1467 1284 1460 1461 1462 1469 1473
552 555
794 787 793 798 1383
1289 656 1282 1283 1284 1290 1295
724 717 719 727 730 731
1295 1290
555 562
1218 1219 1221 1225
562 564 567
564 567 571 927
1234 1227 1231 1236 1237
1388 1382 1384 1391 1393
567 571 574
603 598 599 608 610
835 829 831 832 840 841 842 1187
634 628 629 638 641 670 1259 1282
571 574 576 577 987 1365
927 920 921 930 931 934 1143
783 776 779 784 786 787 1479
574 576 577 581 1485
576 577 581 583 661 1384
1371 716 1365 1369 1370 1372 1376 1377
577 581 583 584
717 710 716 719 721 722
987 961 980 981 988 989 994
1365 1360 1370 1372 1377
581 583 584 585 586 588 1336
1485 1479 1481 1483 1484 1490 1491 1492
583 584 585 586 588 589
661 658 666 668
1384 1377 1380 1382 1383 1390 1391
584 585 586 588
585 588 589 592 793
1321 1314 1319 1322 1323 1324 1325 1326
1323 1225 1316 1319 1322 1324 1325 1326
586 588 589 593 743
588 593 595
1336 1331 1334 1335
638 641 642 643 645
773 766 768 771 772 776
1276 1269 1270 1272 1277 1282 1283 1369
589 592 593 594 595 1376 1411
592 593 594 595 599 1247
793 786 787 796 798
593 595 598 599 617 657
743 741 742 744 745 746 750 994 1010
727 722 730 731
877 870 875 881
1376 1369 1370 1372 1377 1380 1382 1383
595 594 598 599
594 598 599
1411 1404 1412 1413 1415
598 599 1080
1390 1383 1391 1393 1396
1440 1433 1435 1437 1439 1442 1446
599
1247 1205 1244 1248 1249 1251 1396
617 613 614 616 618 619 623
657 650 656 658 837
1153 1147 1150 1151 1152 1154 1158
1080 1073 1077 1083 1085
1137 1130 1132 1133 1135 1143
608 610 614 1481
1055 1050 1051 1052 1054 1058 1062
1154 1147 1151 1152 1158
610 613 614 616
1097 1090 1098 1099 1101 1102 1103 1104
613 616 618 619 1324 1412
614 616 618 619 1347
656 650 658
936 930 931 934 935 939
1481 1483 1484
616 618 619 623
1143 1141 1147 1150
618 619 623 625
619 623
1324 1319 1322 1325 1331
1412 819 1413 1415 1419
1347 798 1351 1360
1462 1439 1457 1460 1461 1469
623 629
625 628 629
1383 1377 1379 1380 1382
629 628
1221 1219 1225 1226 1227 1334
719 716 721 722
628
641 642 643 645 646
670 666 667 668 671 676 677 1058
1259 1252 1255 1261 1265 1266
1282 693 1277 1278 1281 1283 1284
642 643 645 646
643 645 646
1311 819 1310 1312 1314 1316
1020 1013 1017 1019 1025
645 646 650 870 1331
646 650
742 741 744 745 746
650 1102
870 865
1331 1325 1326 1334 1338
768 764 765 771 1032
1422 1132 1415 1423 1424 1426
1102 750 1099 1101 1104
658
1236 1231 1232
1400 696 1393 1396 1403 1404
1479 1473 1484
837 831 832 840 841 842
1252 1248 1249 1251 1255 1258
666 667 668 671
1237 1231 1232 1244 1377 1491
668 667 671 1038
671 667 676 677 678
667
1038 1032 1045
676 677 678 908 1469
931 930 934 935
677 678 684 1396
1058 1051 1052 1054 1062
678 684
1101 1098 1103 1104
908 904 907 910 914
1469 1473
684 687 688 690
1396 961 1391 1393
687 688 690 691 693 1338
881 875 878 886 887
688 690 691 693 695 731
796 798
696 690 691 693 695 698 700 702
690 691 693 695
691 693 695 698
1099 1098 1103 1104
693 695 698 700 842 1231
1338 1334
695 698 700 702
731 943
698 700 702 704 705
700 702 704 705 707
842 840 841
1231 1225 1226 1227 1232
702 704 705 707 709
704 705 707 709 710 1032
705 707 709 710
707 709 710
709 710 716 919
710 852
1032 862 1025
716 721 722 1141
919 916 920 1054
852 854 855 858
721 722
722
1290 1284 1391
1141 1135 1136 1145 1147
752 745 746 750 754 756 759
730 1449
745 741 744 746 750
1449 1442 1446
943 939
741
744 746 750 904 1194
1244 1248 1249 1251
746 750 1069 1415
750 754 756
994 988 991 995
1010 1005 1006 1008 1013 1017
904 898 900 907
1194 1187 1188 1196 1197
1069 1064 1068 1071 1073
1415 1413 1419
754 759 761 988
968 961 962
756 759 761
759 761 764 765 766
761 764 765 766
988 989 991 995
764 765 766 771 1006
765 766 771 772 966
1045 1047 1051 1052
766 771 772
898
771 772 776
1006 1002 1005 1008 1370
772 776 779
966 960 961 962 964
1403 1357 1404
776 779
1188 1186
1426 1419 1423 1424 1429
779 784 786
784 786
786 787
787
1357 1351 1356 1360
798 805
805 809 1113
806 809
809 816
1226 1219 1225 1227 1232
1113 1114
816 817 819 821 822 823
817 819 821 822 823
819 821 822 823
821 822 823
1051 1047 1050 1052 1054 1424
822 823 829
823 829
829 831 1122
831 832
832 1349
1062 1064 1068 1404
1461 1457 1458 1460
1122 1121 1126
1312 1310 1314 1316 1319
1349 1351 1356
840 841
841
1187 1182 1360
850 855 910 1203
1377 1370 1372 1379 1380
1005 1002 1008
854 855 858
855 858 862 1083
910 907 914 916
1203 1196 1197 1205
858 862 865
1380 1382
862 865 1158 1174
1083 1077 1085 1090
935 930 934 939
962 957 960 1382
865
952 946 951 957
1158 1151 1152 1165
1174 1170 1172 1178 1179
1151 1145 1152
875 878
1360 1356 1458
887 886
878
886
900 907
1446
1077 1071 1073
1019 1013 1017 1025
907 914
914 916 920 921 1145
1458 1457
916 920 921
944 951 1085
920 921
1170 1165 1172 1278
921
1145 1147 1150 1152
1423 1369 1424
1054 1047 1050 1052
1429 1424 1433 1435
930 934
980 978 981
1050 1047 1052
934 939 1227
939 946
1085 1090
1227 1068 1225
946 951
951 957
1351 1356
957 960 964
1121 1114 1126
1265 1261 1266 1269 1270 1272
960 961 964
961 964
964 1197
1382 1379
1197 1196
1002 995 1008
978 981
981 1419
1419 1370 1413 1424
989 991 995
991 995
995
1008 1013
1370
1013 1017
1017
1283 1278 1281 1284
1025
1248 1052 1249 1251 1255
1133 1126 1130 1132 1135
1047 1052 1172
1052 1379
1172 1165 1178 1179
1424
1379 1372
1064 1068 1071
1068 1071 1073
1404
1071 1073
1073
1442 1261 1435 1437 1439
1090
1098 1103
1316 1310 1314 1319 1322
1103 1104 1110
1104 1110
1110 1114 1335
1150 1147 1152
1205
1114
1335 1334
1126 1130 1132 1258
1326 1319 1322 1325
1130 1132 1135 1136
1132 1135 1136
1258 1251 1255 1261
1483 1484 1490
1135 1136
1136
1460 1457
1147 1152
1152
1435 1433 1437 1439
1165
1182 1178 1179 1186
1278 1272 1277 1281
1178 1179
1179 1186
1186
1196
1219 1225
1225 1232
1334
1232
1491 1484 1490 1492 1493
1492 1490 1493
1249 1251 1255
1251 1255
1255 1261
1261 1266
1266 1269 1272
1269 1270 1272
1270 1272 1277
1272 1277 1391
1473
1277 1281 1284
1439 1433 1437
1391 1393
1281 1284
1369 1372
1284
1298
1310 1314
1314 1319
1319 1322 1325
1322 1325
1325
1356
1372
1393
1413
1433 1437
1437
1457
1493 1490
1484 1490
1490
