0 1 2 3 4 5 7 636 898 993 994 995 996 997 998 999
1 3 4 7 157 556 847 994 995 996 997 998 999
2 3 4 5 6 7 9 829 995 996 997 999
3 4 5 6 10 399 996 997 998 999
4 5 6 7 8 9 10 11 489 997 998 999
5 6 7 8 9 10 11 12 455 998 999
7 6 8 9 10 11 12 13 471
636 234 630 632 633 634 637 639 640 641 642 643
898 607 725 891 892 894 895 896 897 899 900 901 902 903 904 905
993 273 723 986 987 988 989 992 994 995 997 999
994 178 942 987 989 990 991 996 997 998 999
995 21 34 63 136 654 781 783 988 990 992 996 997 998 999
996 108 623 684 989 990 991 992 997 998 999
997 410 990 991 992 998 999
998 506 991 992 999
999 6 122 992
157 151 152 153 154 158 159 160 161 162 163 164 280 558
556 30 549 551 553 554 555 558 560 562 611 849
847 169 840 842 843 844 845 846 848 849 850 852 853 854
6 8 9 10 11 12 13 515
9 8 10 11 12 13 14 15 16 116
829 550 649 780 822 824 825 827 828 830 831 833 834 835 836
10 8 11 15 16 17
399 129 392 393 394 395 396 397 398 401 402 403 404 405 406 886
8 11 12 14 15 264 356 397 517
11 12 13 14 15 16 18 782 896
489 59 235 298 331 482 483 484 485 487 488 490 491 493 495 496
12 13 16 18 19 191 384
455 42 177 448 449 450 451 453 454 456 457 458 459 461 579 802 888
13 14 15 16 18 19 20 99 987
515 508 509 510 511 512 513 516 517 519 520 521 522 573 872
471 108 195 464 466 468 470 473 474 475 476 477 478 827 828 920
14 15 16 17 19 20 231 391 689 823 887 952
15 16 19 21 22 115 121 590 909
264 257 260 261 262 263 265 266 267 268 269 270 271
356 349 351 352 354 355 357 358 360 361 362 363 950
397 59 146 390 391 393 394 395 396 398 401 402 404
517 75 198 240 511 514 516 519 520 521 522 523 524 721
16 17 18 19 20 21 22 114 129 212 376 436 701
116 109 110 111 113 114 115 117 119 120 121 122 333 624
17 18 19 20 21 23 24 40 547 627 791
18 19 21 22 23 25 52 230 318 521 534 613 970 980
782 119 478 775 776 777 778 779 780 783 784 785 786 787 788
896 41 91 596 660 890 891 893 894 895 899 900 901 902 903
19 20 21 23 24 25 26 364 762
191 184 185 186 188 189 192 194 195 196 197 198 555
384 377 378 380 381 382 383 385 386 388 389 390 391
20 21 22 23 24 26 313 581 619 780
99 92 94 96 97 98 100 101 102 103 105 106 575 947
987 316 982 983 984 985 988 989 990 992
231 224 225 226 227 228 230 232 233 234 235 236 237 238
391 258 385 386 388 389 390 393 396 398 458 732
689 343 377 416 683 685 688 690 692 693 694 695
823 804 816 817 818 819 820 821 822 824 825 826 827 828
887 880 881 882 883 884 885 886 888 889 890 891 893
952 395 946 947 948 949 950 951 953 954 955 956 957 958 959
21 22 23 24 25 27 579
22 24 26 27 28 29 147 242 796
115 109 110 111 113 114 117 119 120 121 122 287 380 614 842
121 117 118 119 120 123 125 127 128 779
590 148 584 585 586 588 589 592 593 594 595 597 877
909 213 299 388 902 904 905 908 910 911 912 913 914 916
114 107 108 109 110 111 112 113 117 118 120 890
129 41 122 124 127 128 131 133 136 165 221 846
212 205 206 207 209 210 211 213 214 215 216 217 218 219 758 900
376 312 371 372 373 374 375 377 379 380 381 382 383
436 270 429 430 431 434 437 438 439 440 441 442 443 657
701 694 695 696 698 699 700 702 704 705 706 707 708
23 27 28 29 30 79 669 874
24 25 28 29 30 31 300 462 503 613
40 33 34 35 36 37 39 41 42 43 44 45 46 47 106 247 531 988
547 26 540 541 543 544 545 546 549 550 551 552 553 554 803
627 27 270 513 620 621 622 623 624 625 626 628 629 630 631 632 633 634 859
791 282 543 784 785 787 788 789 790 792 793 794 795 796 797 798
25 26 27 28 29 30 31 32 400
52 45 46 47 48 49 50 51 56 57 58 59 512 548 978
230 111 225 226 227 228 232 233 234 235 236 237
318 311 312 313 314 315 316 317 319 320 322 323 324 325 355
521 396 404 427 514 519 520 522 524 526 527 528 530 726
534 68 528 529 530 532 533 535 536 538 539 540 541 763
613 606 607 608 609 610 611 612 614 615 617 618 619 620
970 820 835 963 966 967 968 969 971 972 974 975 976 977
980 271 284 383 974 976 978 979 981 982 983 984 985 986
26 27 28 29 30 31 32 33 108 314 931
364 357 358 359 360 361 362 363 365 366 368 369 370 371
762 755 757 758 759 760 761 763 765 768 769 803 880
313 48 306 307 308 310 314 315 316 319
581 446 574 575 576 578 579 580 582 583 584 585 586 587 588 686
619 435 603 612 614 615 616 617 622 623 625 626 785 953
780 57 732 773 774 775 776 777 779 781 783 784 785 786 787 921
27 28 29 30 32 33 34 78
579 254 572 573 574 575 576 577 580 582 583 930
28 29 30 32 34 35
29 31 32 34 35 36 220 425 629 989
147 140 142 143 144 146 148 149 150 152 153 154 275 935
242 189 235 236 238 239 240 241 244 245 246 247 249 754
796 516 671 789 790 792 793 794 795 798 799 800 801 802 803
30 31 32 33 35 346 418 431 818
79 72 73 74 75 76 77 78 80 81 82 83 84 85 86
669 94 392 663 664 665 666 674 675 676
874 472 867 869 870 871 872 873 875 876 877 879 881
31 32 33 34 35 36 37 56 348
300 293 294 296 298 299 302 303 304 396 453 649 720
462 284 456 457 458 459 460 464 465 466 467 468 469 560 884 968
503 155 496 497 498 499 500 501 502 504 505 506 507 508 509 510 908
32 33 34 35 36 37 38 39 469
400 187 393 394 395 396 401 402 403 404 405 406 407 658
33 34 35 36 37 38 39 192 258 299 711 828
108 102 103 105 106 107 109 110 111 112 113 897
314 307 308 309 310 312 316 317 319 321 409
931 201 708 747 924 925 926 928 929 932 933 934 936 937
34 35 36 38 39 41 254 283 465 767
78 72 73 75 76 80 81 82 83 84 85 253 512 740 866
35 36 39 41 42 609 712
36 37 38 39 41 42 904
220 213 215 216 217 218 219 221 223 224 225
425 418 419 420 421 422 426 427 428 429 431 432 549 663
629 68 622 623 624 625 631 633 634 635 691
989 798 982 985 986 988 991 992
346 323 340 341 342 343 344 347 348 349 350 351 353 863
418 411 413 414 416 417 419 421 422 423 424 617
431 205 294 327 428 429 432 433 435 437 456 953
818 470 704 811 812 814 815 817 819 820 822 824 825
37 38 39 41 42 43 44 712
56 49 50 51 53 54 57 59 60 62 63 807 861 866
348 75 213 218 341 344 345 347 349 350 351 352 353 355 746
38 39 41 42 43 44 45 117 241 254 414 632
39 41 42 43 44 45 46 916
469 278 463 464 468 470 472 473 474 476 512 759 892
192 65 186 187 190 193 194 195 196 197 198 199 343 766
258 95 251 252 254 256 257 260 261 263 265 644 832
299 240 292 294 295 296 297 298 303 305 306 361 663 826
711 199 343 704 705 706 709 710 712 713 714 715 717 718 932 935
828 224 821 822 824 825 826 827 830 831 832 833 835
41 42 43 44 45 46 47 48 229
254 238 247 248 249 250 252 255 256 260 261 568
283 276 278 279 280 281 284 285 287 288 289 906
465 459 460 463 464 466 467 468 472 486 649 665
767 232 233 373 670 763 764 765 766 768 770 773 774
42 43 46 47 48 49 454 604
609 603 604 606 607 610 611 612 614 615 616
712 187 672 705 707 708 713 714 716 717 719 752 864 886
904 490 897 899 900 901 902 903 906 907 908 910
43 45 46 47 48 49 50 118 151 266 272 644
44 45 46 48 49 50 51 120
45 46 47 48 49 50 51
117 110 111 113 118 120 122 123 124 580 857
241 234 235 236 237 238 239 240 244 245 246 413 533 943
414 227 407 409 411 412 413 415 417 419 475 764 878 879
632 416 626 628 630 631 633 634 635 638 639
46 47 48 49 50 51 53 144 838
916 54 437 504 851 910 911 913 914 915 917 921 922 923
47 48 49 50 51 53 54 576
106 101 102 103 104 105 107 112 113 279 444 549 794
247 199 244 245 249 250 251 252 253 261 571 700 764
531 524 526 527 528 530 532 535 537 538 618
988 407 906 981 982 984 985 990 992
48 49 50 54 55 80 512 605
229 222 223 226 227 228 232 233 234 235 236 476 484 574 658 750
49 50 51 53 54 55 302 668
454 447 448 449 450 451 452 453 456 457 459 460 461 482 875
604 597 598 599 600 601 602 603 605 608 611 649
50 51 54 55 57 774 914
118 111 112 113 119 120 122 123 124 125 754
151 144 145 146 149 150 152 153 154 155 156 326 357
266 259 260 261 262 263 265 267 269 270 271 272 273
272 265 267 268 270 271 273 274 275 276 277 278 900
644 307 336 637 638 639 640 641 642 647 648 650 966
51 53 55 57 58 822 851
120 113 119 123 124 125 126 127 868
53 54 55 57 58 59 60 577
144 137 138 139 140 141 142 143 146 148 150
838 473 776 831 834 836 837 839 840 842 844 845 992
54 55 58 59 60 650 741 795
576 569 570 571 572 573 574 575 577 578 580 582 678 722 743
55 57 59 60 61 62 164 370 635 915
80 73 77 81 82 83 84 85 86 87 341 749 770
512 505 507 508 509 510 511 513 514 516
605 150 598 600 601 602 603 606 607 608 610 611 612 751
302 295 296 298 303 304 306 307 308 309 941 957
668 204 527 661 664 665 666 667 670 671 673 674 675
57 59 60 62 64 73 659 753
774 416 768 769 771 772 776 777 778 779 781
914 93 222 559 907 908 910 912 915 918 919 920 921
58 60 61 62 63 64 65 659 878
822 815 816 817 819 820 821 824 825 826 827
851 727 844 848 849 850 852 853 854 856 857 858 903
59 62 64 65 66
548 155 357 406 541 542 544 546 550 551 552 554
978 747 804 971 972 974 976 977 979 981 982 983 984 985
60 61 62 63 64 65 67 652 890
577 184 306 571 572 573 574 575 578 580 583 584 844
650 161 643 645 647 648 649 651 652 653 654 655 845
741 102 172 734 736 737 738 739 742 743 744 745 746 748
795 676 788 794 797 798 799 800 801 802
61 62 64 66 67 150 498 557 899 928
62 63 64 65 66 67 68 69 559
164 158 159 160 162 163 165 166 170 171 205 290 620 649 878
370 262 365 366 367 368 372 373 374 377
635 172 375 553 628 630 631 633 637 639 641 642 763
915 433 586 910 911 912 913 918 920 921 922
63 64 65 66 68 70 354 386 537 773 834
807 69 103 628 800 801 803 806 808 809 810 812 813 814
861 854 855 856 857 858 859 860 862 863 864 865 866 867 868
866 654 860 863 865 867 868 869 870 871 872 873
64 65 66 67 68 69 70 71 392 630
73 67 68 69 70 72 75 76 77 953
659 187 652 654 655 656 657 658 660 662 663 664 666 917
753 746 747 748 751 752 754 755 756 758 760
65 67 68 69 70 71 72 731
878 205 692 873 876 877 879 881 883 884 885 922
66 67 68 69 70 71 72 262 697
67 68 69 70 72 74 745
652 166 647 648 649 651 653 654 655 656 657 658
890 883 884 885 888 889 891 892 893 894 895 897
150 89 143 145 146 148 149 152 155 156 585
498 491 493 494 495 496 497 499 501 502 504
557 133 291 525 550 551 552 554 555 561 563 564
899 892 893 894 895 897 900 901 902 903 905 906
928 145 921 922 923 924 925 926 927 930 932 933 934
68 69 70 71 74 75 238 284
69 70 72 75 76 267 322 862
559 324 459 552 553 560 561 562 563 564 565 566
70 71 72 74 76 77
354 347 349 350 351 353 355 357 358 359 361 654 918 934
386 265 379 380 381 382 383 385 387 388 389 390 393 661
537 262 532 535 536 539 540 542 543 544
773 385 483 490 580 766 771 772 775 776 777 778 779 938
834 600 722 749 827 830 831 832 833 836 837 840 841
71 72 74 76 935 966
392 95 385 388 389 390 394 395 396 398
630 561 623 625 628 634 637 679
72 74 75 76 77
731 165 525 532 573 703 724 727 728 730 732 734 735 736 738
262 256 257 260 265 267 268 269 566 671
697 420 690 691 692 693 694 695 696 698 699 700 703 704
74 75 76 77 81 320 769
745 672 738 740 742 743 744 746 747 748 749 750 751 752
75 76 81 82 490 618
238 232 233 235 236 239 240 243 244 676
284 277 278 279 281 282 285 286 287 288 289 290 291
76 77 81 82 83 338 817
267 260 261 263 265 268 270 271 273 274
322 83 315 316 319 320 321 323 324 325 326 329
862 855 856 857 858 859 860 863 864 865 867 869 942
77 81 83 84 303 549 726 833
935 200 775 929 930 932 936 937 939 940 941 942
966 768 944 959 960 961 963 964 967 968 969 972 973
953 946 947 948 949 951 955 958 959 960
81 82 84 85 86 87 88 96
320 133 243 315 316 319 323 324 325 327
769 91 377 554 569 665 763 764 765 766 768 770 771 775 776 945 951
82 83 84 86 136 326 525
490 452 483 484 485 487 488 492 493 494 495 496 666 963
618 611 612 614 616 621 622 623 625 723 799
83 84 85 87 88 89 90 200 292 765 789
338 332 333 334 335 336 339 340 341 342 343 344 984
817 811 812 814 820 821
84 85 86 87 88 89 90 91 705
303 296 297 298 306 307 308 309 310 342 409
549 187 278 542 543 545 551 552 554 555 849
726 250 638 719 723 724 725 727 728 729 730 732 733 929
833 246 826 827 830 831 832 836 837 839 840 864
85 86 87 88 89 90 92 294 565
253 246 249 250 251 252 255 256 257 259 587 854 859 982
740 476 573 734 735 736 737 738 739 743 744 746 747
86 88 89 90 91 93 316 394 614 854 949
87 88 89 90 91 92 93 94 639
341 334 335 336 339 340 342 343 344 345 347
749 383 486 742 744 746 747 748 751 752 755 756
770 594 693 763 764 765 766 768 772 776
88 89 90 91 92 94 95 580
96 89 90 91 92 94 95 97 98 100 101 102 103 648
136 130 131 134 135 137 138 139 140 142 143
326 240 321 323 325 327 329 330 332 333 645 736 879 962
525 518 520 522 523 524 526 527 528 529 530
89 90 91 92 93 94 95 677
90 91 92 94 95 97 546
200 193 194 195 197 198 199 203 204 206 207 323 497 626 771
292 286 288 289 290 293 295 296 297 298 760
765 759 763 766 768 771 772 815 846
789 564 578 742 783 784 785 786 787 788 792 794 919
91 92 94 95 97 98
705 698 699 700 702 703 704 706 708 709 710
92 93 94 97 98 349
294 97 287 288 289 291 293 295 296 298 301 460
565 558 560 562 563 564 566 567 568 570 571 848
93 97 98 100 311 344 631 667 694
316 309 310 311 312 315 317 319 321 323
394 387 388 389 390 395 398
614 305 608 611 612 615 616 617 620 621
854 580 719 849 850 852 853 855 856 857 859 860 885 964
949 443 943 944 945 946 947 948 950 951 954 955 956
94 95 97 98 100 101 868
639 633 634 637 638 640 641 642 643 645 646
95 98 100 101 102 657
580 378 574 575 578 582 585 586
677 670 671 672 673 675 676 678 679 680 681 682 976
97 98 100 101 102 103 104
546 539 540 541 542 543 550 551 552 553
98 100 101 102 103 104 105
349 342 347 350 351 352 353 355
100 102 103 104 105 107 141 472 967
311 304 305 306 307 308 309 310 312 315 905
344 305 337 340 342 343 345 347 351 794
631 423 624 625 628 633 634 638 748 883 919
667 240 350 660 661 665 666 670 671 672 674 699
694 131 687 690 691 692 695 696 699 700
101 102 103 104 105 107 729
868 187 539 863 864 867 869 870 871 872 873 875
102 103 104 105 107 109 187
657 651 653 655 656 658 660 661 662 663 664 882
103 104 105 107 109 110
648 642 643 646 647 651 653 654 655 663
104 105 107 109 110 561 591
105 107 109 110 111 112
575 417 523 568 569 570 572 574 578 582
947 478 940 941 942 943 945 946 948 950 951 954
107 109 110 111 112 113
141 134 135 137 138 139 140 143 145 146 148 798
472 466 467 468 470 473 474 475 476 477
967 589 960 961 962 963 964 965 968 969 971 972 974 982
729 722 723 724 725 727 730 732 733 734 735 736 781
109 110 111 112 442 443
187 180 182 183 184 186 190 193 194 244 587
110 112 113 123 297
561 133 155 315 495 554 555 558 562 563 564 567 845
591 256 584 585 586 587 588 589 592 593 594 595 596 597 598
111 112 113 429
112 113 182 777
113 119 367
279 273 274 276 277 280 281 282 285 286
444 203 315 437 438 439 440 441 442 443 446 447 448 450
794 351 714 755 787 790 792 793 797 798 799 800 801 830
897 173 599 804 841 891 892 894 895 901 902 903
442 209 435 438 440 441 443 446 447 448 449
443 437 439 440 441 445 446 447 448 449 450 606
123 119 124 125 126 127 128 130
297 291 293 295 296 301 304 642 656 855
429 422 426 427 428 430 433 434 435 573 755
182 126 175 176 178 179 181 183 184 185 186 189 223 239 852
777 771 772 775 776 778 779 781 784
119 122 124 125 252
367 360 363 365 366 368 369 371 372 373 374 894 910
122 125 126 127 128 660 816
287 281 282 285 288 289 290 291 293
380 235 373 374 375 378 379 381 382 383 385 387 453 991
842 133 835 836 837 839 840 841 843 844 846 848 849
333 255 327 328 329 330 331 332 335 336 337 339 340 507
624 617 620 621 622 623 626 628 717
124 125 126 127 128 130 131 334 359 529
857 850 852 853 856 858 859 860 863 864
125 126 127 128 130 131 132 252 563
754 427 702 747 750 751 752 756 758 759 760 761
252 245 246 248 249 250 255 256 257 259
126 128 130 131 133 244
127 128 130 131 134 219 256 739
128 130 131 132 134 135 716 779
779 468 554 772 775 776 778 784 785
660 653 654 655 656 658 662 664 665 666 880
816 809 810 811 812 813 819 820 821
130 131 132 134 135 137 545 638
131 132 133 134 135 138 371 913
334 308 327 328 330 331 335 336 337 339 340 432 688
359 190 301 352 353 355 358 360 361 362 363 365 366 864
529 281 324 522 523 524 526 527 532 533 535 536
132 133 134 135 137 138 139 204 210 301 520 813
563 181 293 558 560 564 567 569 698
133 135 137 138 139 140
244 237 239 240 245 248 249 251
134 137 138 139 140 560 640 717
219 213 215 216 217 218 221 222 223 224 225 226 350
256 249 251 255 259 260 261 263 983
739 448 733 734 735 736 737 738 742 744 746 918
135 137 138 139 140
716 207 710 714 715 717 718 719 720 722 723
165 158 160 161 163 168 169 170 172 687 734
221 160 214 216 217 218 222 223 224 225 226 228 942
846 298 625 748 766 839 841 843 844 845 848 849 853
137 138 139 140 142 143 786 917
545 433 485 538 539 542 543 544 551 610 781 821
638 171 305 633 634 640 642 643 815
138 139 140 142 143 145 205
371 365 366 368 372 373 374 375 377 747 982
913 214 684 906 907 908 911 912 918 919 960
139 140 142 143 145 146 166 307 747
204 181 183 197 198 201 203 205 206 207 208 209 210 211 678
210 203 205 207 208 209 211 213 214 215 216 217 352
301 160 203 295 296 298 305 306 307 308 499 621
520 339 514 516 518 519 522 524 526 566
813 743 806 808 809 810 811 812 814 815 819 820
140 142 143 145 146 484
560 410 553 554 555 558 562 564 567
640 634 641 642 643 646 647 721
717 543 600 710 713 714 715 718 719 722 723 724 832
142 143 145 148 149 385 641 942
143 145 146 148 149 523
786 375 783 785 787 790 792 793
917 159 481 910 911 912 918 920 921 922 923 924
145 146 149 152 243 683 932
205 198 199 201 202 206 207 208 209 211 544 658
146 148 149 152 153 831 875
166 159 162 163 167 168 169 170 171 172 173
307 304 305 306 308 309 310 312 491
747 572 743 750 751 752 865
484 181 441 477 478 479 481 482 483 485 487 491
148 149 153 154 623
798 280 792 793 797 799 800 802 803 805
149 152 153 154 155 156 467 720
385 183 378 379 381 382 387 388 389 390
641 286 634 637 642 643 645 646 647
942 572 937 938 939 940 941 943 944 946 948 955
523 295 468 516 518 522 527 528 530
152 153 155 156 158 175 474
243 236 237 239 245 246 248 249 250 369 464 524
683 413 676 678 679 680 681 682 684 685 686 687 688 690
932 792 819 926 929 930 933 934 936 937 939
153 154 155 156 158 159 160 245 434 494
831 255 510 824 825 826 835 836 837 976
875 869 870 871 872 873 876 877 879 880 881 882
154 155 156 158 159 160 161 369 764 982
275 269 270 271 273 274 276 277 278 280 282 372 825 863
623 393 616 617 620 622 626 628
155 156 158 159 160 162 268 569 901
156 158 160 161 162 163 541
467 357 460 461 464 466 468 470 473 945
720 168 426 713 714 718 721 722 723 724 727
585 486 514 582 583 584 587 588 589 592
357 248 291 306 350 351 352 353 355 360 362 363 621
158 159 160 161 162 163 709 959
175 168 169 170 171 172 173 176 178 179 180 181
474 427 468 473 475 476 477 478 479 480 481 607
159 160 161 162 163 637
160 161 162 163 167
245 239 240 246 248 249 250 251 564 792
434 225 427 428 430 433 438 439 440 441 488
494 487 488 491 492 493 495 496 497 499 830 906
161 162 163 168 240
369 362 363 365 368 373 374 375 929
764 737 758 759 760 761 763 768 771 825 840 841
982 975 977 981 983 984 985 986
162 167 168 169 234 461
268 263 265 269 270 271 273 274 544 602 768
569 387 562 564 566 567 568 571 572 573
901 894 895 900 902 903 905 907 908
163 167 168 169 700
541 293 403 535 539 540 542 543 544 783
280 273 274 276 277 278 281 282 285 286 533
558 551 552 553 554 555 562 564 578 693
709 328 702 706 707 708 710 713 714 715 983
959 251 366 572 954 955 957 958 960 961 963 964 965
637 633 634 643 804 815
167 168 169 170 172 173 174 315 345 830
168 169 170 171 172 173 684 934
240 234 235 236 239 246 430 552 681 691 707
169 170 171 172 173 174 176 197 713
234 228 233 235 236 237 239
461 458 459 463 464 466
700 413 693 696 698 699 702 703 704 706 707
170 171 172 173 174 176 177 684
171 172 173 174 176 177 178
290 285 286 288 289 291 293 296 820 929
620 324 615 616 617 621 622 625 626 882
649 265 643 646 647 653 656 984
172 174 178 179 553
687 335 551 680 681 682 684 685 686 688 690 692 693
734 173 727 728 730 732 733 735 737 738 918
173 174 176 177 178 179 180 672
174 176 177 178 179 180 181 963
315 232 309 310 317 319 321 447 737 946 950
345 199 339 340 342 350 352 387 519 530
830 653 824 825 826 827 836
684 634 678 679 680 685 688
934 929 930 933 936 937 938 939 940 941
176 177 178 179 180 181 183 513
197 193 194 195 196 198 199 201 203 352 755
713 706 707 708 710 714 715 718 719 784
177 180 183 184 586 622 969
178 179 180 181 184 185 583 825
179 180 181 183 184 185 347
553 551 552 555
180 183 184 185 186
672 185 666 670 671 673 674 679
181 185 188 194 504 708
963 237 956 957 960 961 964 965 968 983
183 184 185 188 189 190
513 506 507 508 509 510 511 516 519 584
184 185 186 188 189 190
586 387 583 584 587 588 589 592 593 710
622 305 538 615 616 621 625 628
969 962 964 965 968 971 972 973 974 975 976
185 186 188 189 190 363 415
583 195 578 582 584 587 588 589
825 819 820 821 826 827
347 340 342 343 351 352 353
186 188 189 190 562
188 189 190 193 194 195 802
194 190 193 195 196 198 199 201 222
504 497 499 501 502 505 506 507 508 509 510 511 884 919
708 226 543 703 704 706 710 714 715 990
189 190 193 195 196 475 673 927
223 216 217 218 222 224 225 226 227 228 412 420
239 232 235 236 246
852 596 845 848 849 850 853 855 856 859 958
190 193 195 196 226
363 358 362 365 366 368
415 379 409 410 411 412 413 416 417 419 420 421 422 991
562 555 567 568
193 196 199 211 289 405 433 911 981
587 298 584 588 589 592 593 594
195 196 198 202 617 845
802 799 800 801 803 806 808 809 889
196 198 201 202 203 452 458
475 409 468 470 476 477 478 479 480 481 482 568 600 628
673 671 674 675 676 678 679 680
927 325 920 921 922 923 924 925 926 929 930 933
226 222 224 225 228 232 233 971
198 199 201 202 203
555 286 430 550 552 554
199 202 203 206 215 508 788
343 203 336 337 339 342 350 530 992
766 398 760 761 771 772 880
211 206 207 208 209 214 215 216 217 218
289 249 282 285 288 291 293 295
405 398 401 402 404 407 408 411 412 950
433 426 427 428 432 435 437 438 439 440
911 905 906 907 908 910 912 918
981 439 516 858 872 974 975 976 977 979 984 985 986
201 202 203 206 207 208 409 797 824
222 215 216 217 218 224 225 228 390
202 203 206 207 209 886
617 610 611 612 615 616 621
845 840 841 843 848 850
203 206 207 209 428 662
452 445 446 447 449 450 456 457 458 459 468 882 925
458 310 451 456 457 459 460 463 464 757
352 350 351 353 358
755 321 750 751 756 757 759 761 820
206 208 209 213 237 448 488 540
215 208 209 213 216 217 218 295 321
508 502 505 507 509 510 511 514
788 507 784 785 787 790 792 793
207 208 209 214
323 232 317 319 321 324 325 328 329 330 496 674
497 456 491 492 493 495 499 501 502
626 612 621 625 633
771 768 772 775 778
208 209 213 214 321 804 962
409 403 404 406 407 408 410 411 412
797 401 718 790 793 799 800 803
824 408 625 819 820 821 826 827 956
209 213 214 216
886 879 880 881 882 884 885 888 889 891 893
428 422 423 424 432 435 806
662 261 350 593 655 658 663 664 665 666 696
678 368 671 674 675 676 680 681 682 685
544 361 538 539 540 542 543 550 706 979
658 651 653 654 655 656 661 664 665 972
213 214 216 217 218 480
237 233 235 236 360
448 441 445 446 447 449 450 451 453
488 481 482 483 486 487 491 492 493 495
540 533 535 536 539 542 573 879
214 216 217 218 435
321 319 325 327 328
804 249 277 492 698 799 800 803 809 810 941 960
962 387 483 506 955 956 957 961 964 965 968
216 217 218 977
217 218 224 464
218 224 803
758 340 602 645 751 752 756 757 760 761 763
900 539 893 895 902 905 906 907
480 460 473 477 478 479 481 482 483 485 486 487 873
435 430 432 437 438 440 441
295 288 293 296 402 470 894
977 257 597 864 971 972 974 975 979 983 984
224 225 228
464 457 459 460 463 466 468 470
803 233 406 801 805 806 809 810
225 227 228 232
350 330 351 353 355 610 944
228 227 232 233 235 456
390 387 389 393 395 964
227 232 233 312 663
412 407 408 410 411 416 417 419 485
420 351 416 417 419 421 422 423 426 427 688
232 233 235 236
233 235 236 973
971 772 964 965 968 972 973 974 976
312 305 306 309 310 317 319 374 424 570
663 656 664 666 670 867 885
235 236 895
456 259 449 457 459 460 463 680 923
236
476 470 473 477 478 479 482 483 530
574 567 570 572 573 578 759 855
750 388 411 661 743 744 746 748 751 752 756 757
973 500 768 968 972 974 975 976 979
895 427 888 889 891 893 894 902
360 353 355 358 361 362 365 366 680
676 670 671 675 679 681 682
246 250 251 291
430 423 424 426 427 432 437 815
552 550 551 554
681 674 675 679 682 685 686 688
691 501 685 686 688 690 692 695 696 698
707 702 704 706 710 714
413 387 406 407 408 411 417 419 601 735
533 526 527 528 530 532 536 538
943 936 937 938 939 940 941 944 946 948 950
249 248 250 251 255
248 250 251 255 651 785
250 251 255 263 416
524 366 423 518 519 522 526 527 528 530 883
251 255 257 968
564 566 567 570 571
792 785 790 793 799 856
291 285 286 288 296 298 382
261 255 259 260 263 265 958
571 473 566 567 568 570 572 578
255 257
651 393 485 645 646 647 653 654 849
785 259 778 781 783 784 787 790
263 257 259 260 269
416 410 411 417 419 421 422 423
257 259 260
968 821 961 964 965 972 974
259 260 265 535
859 542 855 856 860 863 864 865 960
260 265 500
568 566 567 570 573
983 365 543 976 979 986 990
265 269 270 271 743
832 826 836 837 839
535 438 518 530 532 536 538 542 819 835
500 493 495 499 501 502 505 506 507 880
958 948 951 954 955 956 957 964
269 271 273 274 276
566 449 570 573 991
671 593 664 665 666 670 674 675
270 271 273 274 277 961
271 273 274 276 277 278 305
743 736 737 738 744 748
273 274 276 277 278
274 277 278 281 339 844
602 595 596 597 598 599 600 601 606 607
768 761 763 772
276 277 278 281 282
277 278 281 282
961 447 843 954 955 956 957 964 965
278 281 282 285
305 298 306 310 330 752
281 282 285 286
339 332 335 336 337 340 342 401
844 837 839 840 843 848 849 850
282 285 286 288
372 365 373 374 375 377 378 379
863 858 860 864 865 867 869 870
285 286 288
286 288
288 293
906 680 724 903 907 908
293 296 298
296 599 603 653
820 814 819 821 826 827
929 505 923 924 925 926 933 936
298 304 756
382 375 377 378 379 381 383 387 388 389 603 891
760 483 756 757 759 761 763
460 401 457 459 463 466
402 395 396 398 403 407 408 423 748 960
470 325 422 463 468 473 477
894 888 889 892 893
599 309 539 592 593 595 596 597 598 601 603 810
603 596 597 600 601 606 607 610
653 646 647 654 655 656
304 306 308 310 438 608 979
642 643 645 646 647 719
656 654 655 661
855 759 848 850 853 856 860
756 538 751 752 757 759 761 763
306 308 790 925
361 355 358 362 365 366 368
826 593 922
396 389 393 395 398 401 403
453 379 446 447 449 451 457
308 309 310 408 582 850
499 492 496 501 502 505 506 805
621 374 615 616 625
309 310
941 710 936 938 939 944 945
957 950 951 954 955 956 960 964
310 317 423
342 335 336 337 340 924
438 432 437 439 440 441 445
608 601 606 607 610 611 612 615
979 972 974 975 976 984 986
330 324 327 328 329 331 332 335 336 337
752 746 748 757 759 778
790 783 784 787 793
925 918 919 920 922 923 924
491 485 486 487 492 493 495 496
408 401 403 410 411
582 536 578 588 589 746
850 843 848 849 853 951
317 319 324 809 976
423 417 419 422 424 427
905 902 903 907 908 910 912
319 324 325
374 368 373 375 377 378 730
424 417 419 422 426 633
570 567 572
447 440 441 445 446 449 450 600
737 730 733 735 736 738 742 744
946 939 940 944 945 948 950 951
950 944 945 948 954 955 956
324 327 328 329 331
809 597 805 806 808 810 811 812 814 815 849
976 721 972 974 975
325 327 329 331 332 528
355 351 353 358 362 882
327 328 329 331 332
328 329 331 332 335 864
329 331 332 335 336
496 492 493 495 501 502 715 819
674 670 675 679 775
331 332 335 336 337
332 335 336 337 775
528 522 526 527 530 532
645 410 643 646 647 919
736 730 733 735 738 742
879 872 873 876 877 880 881 882 883 885
335 336 337 340
864 858 860 865 867 869 870
336 337
337 340 725
775 772 776 778
340
507 501 502 505 506 510 511 514
432 406 426 437 439
688 682 685 686 690 693 695 839
725 718 719 721 722 723 724 727 728 730
984 985 986 990 991
401 395 398 403 406 407
924 918 919 920 921 922 923 926 930
530 526 527 532
992 985 986 990 991
351 358
387 381 383 388 393 679
519 514 516 518 522 526 724
353 358 449 856
746 742 744 748 948
610 606 607 611 612 615 616 919
944 937 938 939 940 945 948 951
358 362 365 922 938
449 445 446 450 451 463 654
856 849 858 860 985
654 647 661
918 912 920 921 923
362 365 366 368 625
882 876 877 880 881 883 885 888
365 366 368
922 478 919 920 921 923 926
938 933 936 937 940 945
366 368 373
680 675 679 682 685 686 955
368 373
625 506 628
373 375 377 378 379 485
910 888 903 907 908 912 964
375 377 381 884 919
377 378 379 381 383 437 646
378 379 381 383 715
379 381 383
485 479 481 482 486 487 492
730 723 724 727 733 735
381 383 388 784
884 877 880 881 883 885 888 889 891
919 912 923 926
383 388 389
437 439 441 885
646 647
715 710 714 718 719 721 722 991
991 404 985 986 990
388 389 393 395 733
784 778 781 783 787
389 393 395
891 885 888 889 892 893
393 395 398 724
661 655 664 665
679 481 682 685
395 398 939
733 600 727 728 732 735 738
964 960 965
398 403 404
732 727 728 735 738
724 718 721 723 727 728
939 933 936 937 940 945
403 404 406 407 410
404 406 407 410 411
406 407 410 411
407 410 411
748 501 744 751
960 954 955 965
410 411 693 810
411 417
693 686 690 692 695 696 698 699
810 805 808 811 812 814 815
417 419 421 422
419 421 422 426
601 594 595 596 597 598 600 607 841
735 728 738 742
421 422 426 427 696 951
422 426 539
426 427 714
427
696 690 692 695 698 699 702 703
951 616 954 955
539 532 536 542 543
633 628 634 837
714 710 718 719 721
806 799 800 801 805 811 812
573 567 572
815 532 808 811 812 821
439 440 445 446 849 876
440 441 445 600
441 445 446 536
885 877 881 883 888 889 892
445 446 450 451
446 450 451
849 841 843 848 853
876 870 871 872 873 877 880 881 883
600 593 594 596 598 607
536 532 538 542 543 698
450 451 457
606 505 607 611 612
451 457
463 457 459 466 468 487 593
457 459 757
459 466
468 466 473
482 477 478 481 486 487 527 858
888 827 881 883 889 892 893
923 920 921 926 930
757 751 759 761 763 920 965
466 473
487 481 483 486 492 493 870
593 592 594 595 597 598
486 479 492 493 956
665 664 666 670
473 477 478 479
945 940 948
759 761 763
892 889 893
477 478 479 481 483
478 481 483
827 821
920 703 921 926
479 481 483
481 483
607 611 612
628 634 839
483
873 867 869 870 871 872 877 880
527 522 526 532
858 761 853 860 865
492 742
493 495
956 955 974
870 865 869 871 877
495 501 502
666 664 670
742 738 744
501 502 505 506
502 505 506 509 937
819 812 821 902
505 506 509 510 511
506 509 510 511
805 799 800 801 808 811 812 921
880 877 881 883 986
509 510 511 514 516
937 930 933 936 940
510 511 514 516
908 902 903 907 912
511 514 516 518
514 516 518 883
516 518 522
518 522
584 578 588 589 954
883 881 889
522 526
872 865 867 869 871 877
721 718 722 727 728
526 532
532 538
538 542 543 936
763 543 761
542
835 836 837 840
543 550 703
698 692 695 699 702 703 704
936 930 933 940
783 776 778 781 787
550 551 594 912
703 699 702 704 706 710
706 699 704 710
551 554
781 704 776 778 787
821 814
554
594 589 592 595 596 597 598 647
912 751 907
611 612
578 572
567 572
848 841 843 853
572
722 718 719 723 727 728
930 926 933
588 589 592 595
686 682 685 690 692 718
589 592 595 596
954 948 955
592 595 596 597 598
710 704
595 596 597 598
596 598
597 598
877 871 881
598
647 643
841 836 839 840 843
612 615 616 728
751 744
615
616 974
728 727
974 972 975
723 718 719 727
799 793 800 801
634
839 836 837 840 843
837 836 840 843
643
719 718
655
664 670
972 965 975
670 675
867 778 860 869 871
699 692 695
675 682
682 685
685 690 692
955
690 692 695
692 695
718
695
702 704
704 811
811 808 812 814
990 985 986
727
738 744
744 814
814 808 812
948
865 860 869 871
778 772
761
965
840 843
772 776
776
787 793
921 926
793 800
800 801 986
801 808
986
808 812
889 893
812
902
836 843
843
853 860
903 907
860
985
869 871
871
881
893
907
926 933
933 940
940
975
