0 1 2 3 4 5 495 496 498
1 3 4 5 6 18 22 280 497 499
2 4 5 6 7 165 182 497 499
3 6 7 8 303 336 498 499
4 5 6 7 8 9 271 493 499
5 6 7 9 10 293
495 252 490 491 492 493 494 496 498 499
496 267 491 493 494 498
498 87 262 283 335 458 493 494 497
6 8 10 173 376
18 14 16 17 19 20 21 22 23 35 84
22 17 19 20 21 23 24 25 26 238
280 209 275 276 278 281 282 285 289 490
497 103 219 327 492 493 494 499
499 33 89 214 494
7 8 9 10 11 12
165 160 161 163 164 166 167 168 169 170 220
182 56 66 88 179 180 183 184 185 186 187
8 9 10 11 12 13 390
303 14 158 298 299 300 302 306 307 308 418
336 41 62 333 334 335 337 338 339 340 341
9 10 11 12 13 14 41 202 396
271 92 267 268 269 270 272 274 275 443
493 488 489 490 491 492
10 11 12 13 14 15
293 61 288 289 290 291 292 294 296 297 298
173 168 172 174 175 177 205 259 447
376 304 371 372 373 374 375 377 378 379 381 454
11 12 13 14 15 16 103 106 244
12 13 14 15 16 17
13 14 15 16 17 27 150
390 38 385 386 387 388 389 391 392 393 394 395
14 16 17
41 36 38 39 42 44 45 46 47 348 399 425
202 198 199 200 201 203 205 206 299 369
396 353 391 392 393 394 395 397 398 399 400 401 486
15 16 17 19 20 35 100 140 227 481
16 17 20 21 64 231 284 479
103 98 99 101 102 104 105 106 108 342
106 36 101 102 104 105 107 108 109 110 111
244 221 239 241 242 243 247 248 331 387
17 19 21
27 23 24 26 28 29 30 32 196 252 467 477
150 146 147 148 151 152 153 155 312
19 20 23 24 32
20 21 23 24 37 58 63 441
35 30 32 34 36 37 38 39 40 216 436
100 45 95 96 97 98 99 101 102 104 105
140 135 138 139 141 142 143 145 196 424 431 439
227 222 223 224 226 228 229 230 231 232 437
481 409 437 476 477 478 479 482 483 486
21 23 24 25 26 171 457
64 59 60 61 63 66 67 68 355
231 60 226 228 229 230 232 233 234 235 236 437
284 78 221 281 282 285 286 287 288 289
479 377 381 474 476 477 480 483
23 25 26 28 123
84 79 81 82 83 85 86 87 88 89
24 25 26 28 29 222 407
32 28 30 31 33 34 110 463
37 33 34 36 38 39 40 42
58 53 55 56 59 60 61 62 63
63 59 60 61 65 66 67 68 335
441 69 154 438 439 440 443 444 445 446
25 26 28 29 30
26 28 29 30 31
171 112 166 167 168 169 170 172 174 176
457 255 452 453 454 455 458 459 460 461 462
238 93 233 234 236 237 243 409 421
28 30 31 33
123 118 119 120 121 122 125 127 128
29 30 31 33 34 70 358
222 54 217 218 219 220 223 224 444
407 82 374 402 403 404 405 408 409 411 412
30 33 34 343 477
31 34 36 107
196 191 192 193 194 195 199 200 201 472
252 247 249 250 251 253 254 256 412 425 444
467 462 463 464 465 466 468 469 470 471 472
477 472 473 474 475 476 478 482
33 34 36 38 52 122 442
34 36 38 88
70 67 68 69 71 73 74 75 228
358 289 353 355 356 357 359 360 361 362 363
343 126 148 339 342 344 345 346 348
36 38 39
107 102 105 108 109 110 111 112 333
110 105 108 109 111 112 115 210
463 170 458 459 460 464 465 466 468
38 39 42 43 419
52 48 50 53 54 55 57
122 117 118 119 120 125 126 127 156 197
442 149 156 392 435 438 439 443 445 446 447
88 79 83 87 91 92 93 152 215 242
39 40 42 43 44 47 89 162
40 42 43 44 45 184 185
216 211 212 213 214 215 219 220 221 230 300
436 431 432 433 434 435 437 438 439 440
42 43 44 45 46 47
43 44 45 46 47 48
419 82 113 131 414 415 416 417 420 421 423 424
44 45 46 47
47 45 46 48 50 51 83
89 85 86 87 90 91 93 94 96 428
162 143 157 158 159 161 163 164 167
45 46 48 49 50 144
184 179 180 181 183 185 186 187 188
185 180 181 183 187 188 189 190
46 48 49 50
348 344 345 346 347 349 350 351 352 353
399 114 394 395 397 398 401 403 404
425 214 317 330 387 421 423 424 429 430
48 49 50 53 461
49 50 51 53 117 331
50 51 53 54 55 367
144 114 139 141 142 145 147 148 333
51 53 54 55 56 149 413 421 482
83 78 79 81 82 86 87 411
53 54 55 57
461 224 456 458 459 462 465 466
117 112 114 115 116 118 119 120 121 200 391 494
331 56 253 326 327 328 329 330 332 333 334 335
54 55 56 57 59 60 142
55 56 57 59 60 138
367 180 189 362 365 366 368 369 370 371
56 57 60 61 326 438
149 145 146 147 148 151 153
413 408 409 411 412 414 415 416 417
421 212 416 417 422 423 424
482 133 260 268 433 478 484 485
57 61 62 153
59 60 61 62
60 61 62 65 234
142 137 138 141 143 145 146 147
138 82 133 134 136 141 143 198
61 62 66
326 248 321 322 324 325 327 329 330
438 168 313 433 434 437 443
62 65 66 67 314 369
153 148 151 152 154 155 157 406 424 440
65 67 68 69 101 124 350 427
234 120 181 229 232 233 235 236 237 239 352
66 67 68 69 71 274
67 68 69 71
314 309 310 311 312 313 315 316 317 318 319
369 273 292 364 365 368 371 374
68 71 72 73
335 80 133 240 330 332 334 337 339 340
355 352 353 354 356 357 359 360 451
69 71 72 73 74
101 96 98 99 102 104 105
124 119 120 121 126 127 128 129 392
350 147 345 346 347 349 351 352
427 81 338 424 426 428 430 431 432
71 72 73 75 76
274 269 270 272 275 276 277 278 279
72 73 74 75 76 77 236 341
73 74 75 77 78 121
74 75 76 77 78 79 255
75 76 77 78 79
228 164 175 225 226 229 230 232 233 247 435
76 77 78 81 147 325
77 79 80 81 82 394
236 232 233 235 237 239 240 241
341 313 337 338 339 340 342 344 345
78 79 80 82 371 387
121 116 118 119 120 126 365
79 81
255 250 251 254 258 259 260 276 353 377 465
81 80 82 85 86 310 456
147 136 145 146 148 152 235
325 320 321 322 323 327 328 329 330 375 454
80 82 85 163 259
82 85 86
394 389 391 393 395 397 398
371 366 368 370 372 373
387 382 383 385 386 388 389 391
85 86 87 90
163 158 159 160 161 164 168
259 254 256 258 261 262 263 454
86 87 90 91
310 155 159 232 306 307 308 309 312 313 315
456 452 453 455 458 459 460
87 90 91
411 406 408 409 410 412 414 415 416
90 91 92 93 94 95
91 93 94 95 96 192 285
92 93 94 96 97 168 218 424 429
93 94 95 96 98
152 98 151 154 155 157
215 210 211 212 213 214 217 218 219
242 195 201 239 241 243 245 247
94 95 96 97 98 99
96 95 97 98
428 424 429 430 431 432 433
95 97 98 99
192 187 188 189 193 194 195
285 189 283 286 287 288
97 98 99 102 135 423
168 164 166 167 169 170 172
218 213 214 217 220 221 223
424 204 420 423 426 429
429 426 430 431 432 433 434
98 99 102
99 102
102 104 105 410
135 130 131 132 133 134 136 137 139
423 408 418 420 422
104 105 108 109 154 302
105 108 109 181
410 318 405 408 409 412 414 415 432
108 111 112 113
342 180 337 338 340 344 345 347
109 111 113 114 321 361
154 151 156 157 158 372
302 178 298 299 301 304 305 306 307
181 176 177 178 179 180 183 478
111 112 113 114 115 116 207
112 114 116 289 370
333 329 330 332 334 337 338 465
113 114 115 118
114 115 116 118 119
321 316 317 318 319 320 322 323 324
361 330 356 357 359 360 362 363 364 365 366
115 116 119 120 221 261 345 487
210 205 206 207 208 209 211 212 213 214 418
116 119 332 363
207 203 204 205 209 211 212 262 328
289 287 291 292 294 453
370 365 366 372 373 374 375
118 120 223
119 120
120 141
221 217 219 223 224 225 226 261 447
261 167 256 257 258 263 265 266
345 346 347 349
487 340 366 483 484 485 486 488 489 490 491 492
332 327 328 329 330 334 337
363 262 313 359 360 362 366
200 195 197 198 199 201 204 382
391 305 366 388 389 392 393 448
494 489 490 491 492
223 141 219 220 224 226
141 136 137 139 143 145 177
126 125 127 129 130 131 307
365 167 237 360 362 364 366 415
125 127 128 129 130
127 129 130 131 132 447
156 151 155 157 158 159 161 473
197 194 195 198 201 317 490
128 129 130 131 132 133 300 464
129 130 131 132 133 134
392 208 388 389 393 395 397
130 131 133 267
131 132 133 134 136
307 304 305 306 309 311 312
132 133 134 136 137
447 443 444 446 449 450 451 452
133 134 136 137 186 486
300 295 296 297 298 299 301 304 305
464 139 189 212 460 462 466 469
134 136 137 139
267 262 263 265 266 268 269 270 272
136 137 186 357 476
137 139 225
186 183 187 188 189 264 382
486 483 485 488 490
139 143 309 347
357 353 354 356 359 360
476 471 472 473 474 475 480
225 220 224 226 229 401 437
143 148 277 304
198 193 194 199 201 203
309 304 305 306 308 313 400 422
347 146 344 349 351 352
145 146 148 254
431 235 426 430 432 433 434 435
439 434 435 443 444
177 172 175 176 178 179 180 460
146 148 151
148 151
277 273 275 278 279 281 282 393 437
304 299 301 306 308
254 204 249 250 251 256 257 258 323
151 155
235 230 233 237 239 240
155 159 160 292 351
312 308 311 315 316 317 382 404
157 158 159 160 161 224 402
406 206 401 402 403 404 408 409
440 318 435 444 445
158 159 160 161 167 415
372 264 368 373 374 375 377 446
159 160 161 164
160 161 164 169 443
292 263 288 290 291 294 295 296 297
351 346 349 352 353 354 356
161 164 166 378
473 468 469 470 471 474 475 478
224 220 229
402 397 398 400 401 403 404 405
167 166 169 170 386
415 412 414 416 417 418 420 453
164 166 169 414
169 166 170 172 241 286
443 444 445 446 448
166 170 260 393
378 316 340 373 374 375 380 381 383
414 409 412 417 418
170 172 174 175 483
220 217 219 346
260 256 257 258 263
393 214 388 389 395 397 398 426
386 174 270 305 381 382 385 388 389
172 174 175 176 474
241 237 239 240 246 251
286 281 282 283 287 288 290 291
174 175 176 178 179 450
175 176 178 179 180 426
483 478 480 484 485
176 178 179 180 189
474 469 470 471 472 475 478
205 201 203 204 206 208 209 480
178 180 183 352 398
179 180 183
450 445 446 448 449 451 452 453 455
180
426 422 430
189 187 188 190 193 194
460 455 458 459 462 465
183 187 188 226
352 349 353 354 356
398 219 397 400 401 403
478 475 480
187 188 190 191
188 190 191 193
226 230 485
190 191 193 194 195
264 191 193 262 263 266 268 269 319
382 279 377 379 381 383 384 385
191 193 194 195 385 422
193 194 195 444
194 195 199
195 199
385 247 380 381 383 384 388 389
422 311 417 418 420 488
444 446 448 449
199 201 203 204
201 204 381
472 468 469 470 471 475
317 272 313 316 318 320 322
490 468 485 489 491 492
203 204 206 208 320
204 206 208 209
381 380 383 384
206 208 209 211
299 294 295 296 297 298 301
208 209 211 212
320 316 319 322 323 324 364
209 212 213 214
480 475 484 485
211 212 213 214 435
212 213 214 217
262 257 258 263 265 266
328 323 324 327 329 368
213 217
214 217
418 290 416 420
435 322 432 433 434 437
217 219
219
230 229 232 233
346 344 349
229 232 233 316 412
401 278 366 400 404 405 485
437 432 433 434
485 484 488 489
232 237 470
233 237
247 243 246 248 249 250
316 311 313 315 318 319
412 408 417
237 239 240
470 459 465 466 469 471 475
239 243
240 243 245
243 245 246 248
409 404 408
245 246 248 249 250 364
246 248 249 250 251 297
251 248 249 250 253 256 374
248 249 250
249 250 253 305
250
364 359 360 362
297 294 295 296 298 301
253 256 257 258 301 446
305 301 308 380
256 257 258
374 373 375 377
257 258 278
258 263
301 296 298 306
446 445 448 449 451
323 318 319 324
276 272 273 275 278 279 281 384
353 349 354 356
377 375 379 380
465 462 466 469
278 273 275 281 282 283
263 265 268
454 449 452 453 455 458 459
265 266 268 269 270
266 268 269 270 340 433
268 269 270 273
269 270 272
319 315 318 322 324
270 273 275
340 338 339 344
433 432
272 273 275 445
273 275 380 434 488
275 279 327
445 448 449
380 379 383 384
434 395 432
488 484 489 491 492
279 281 283
327 324 329 330 400 452
281 282 283
384 366 379 383 388 389
282 283 287 451
283 287
287 288 290 291
451 315 448 449 452 455
288 290 291
290 291 294 295
291 294 295 296
294 295 296 298 397
453 448 449 455 458
295 296 298
296 298
298 469
397 395
469 466 468
306 308 311
308 311 313
311 313
313 315 318
400 395 403 405
315 318
404 373 403 405 408
318
322 324 475
324 329
475
329 334
330 334
375 373 379
452 449 455
368 366 373
334 337 338 339
337 338 339 471
338 339
339 344 354
471 466 468
344 349
354 349 356 359
349
356 359 360
359 360 362 379
360 362
362
379 383
366
373 383
383 388
388 389
389
395
448 449
403 405 408
405 408
408
432 430
416 417 420
417 420
420 492
492 489 491
430 468
468 466
449
455 459
458 459 462
459
462 466
466
484 489
489 491
491
