0 1 2 3 4 5 550 1975 1994 1995 1996 1997 1998 1999
1 2 3 4 5 6 7 1541 1567 1995 1996 1997 1999
2 3 4 5 6 7 8 103 1070 1996 1997 1998 1999
3 4 5 6 7 8 9 387 624 1997 1998 1999
4 5 6 7 8 9 10 457 935 1998 1999
5 6 7 10 11 164 1096 1999
550 545 546 547 548 549 551 552 553 554 555 1598
1975 1969 1971 1972 1973 1974 1977 1979 1980 1981
1994 226 610 1988 1989 1990 1991 1992 1993 1995 1996 1997 1998 1999
1995 51 230 1515 1722 1989 1990 1993 1996
1996 1990 1991 1992 1993 1997 1998 1999
1997 85 174 440 821 1991 1992 1993 1998
1998 1523 1992 1993
1999 613 692 883 1660 1710 1829
6 8 9 10 11 12 221 343 1018
7 8 9 10 11 13 775 1918
1541 291 690 1535 1536 1537 1538 1539 1540 1542 1544 1545 1576
1567 1561 1562 1563 1564 1565 1566 1568 1570 1572 1573 1915
8 10 11 13 582 1099 1848
103 97 99 100 101 104 106 107 109 597 1203 1980
1070 812 1041 1044 1064 1065 1066 1067 1069 1071 1075 1225 1276
9 10 11 12 13 14 15 60 427
387 382 383 384 385 386 389 390 391 392 393 703 837
624 618 620 623 625 626 627 629 630 1036 1216
10 11 12 13 14 15 16 372 1587
457 273 452 453 454 455 458 460 461 462 463 1447
935 930 931 932 933 934 936 937 938 939 1748 1924
11 13 14 15 16 17 433 1325 1866
164 159 162 163 165 166 167 168 170 203 778 978
1096 454 508 1090 1091 1092 1093 1095 1097 1098 1099 1100 1101 1102
12 13 14 17 18 337 607 1117
221 215 216 217 218 219 220 222 223 224 225 226
343 337 338 339 341 342 345 346 347 348 349
1018 354 598 1012 1013 1014 1016 1017 1019 1020 1023 1024
13 14 15 16 17 18 38 151 531 985 1643 1697
775 765 769 770 771 773 774 776 777 778 781 1943
1918 596 661 964 1162 1912 1915 1920 1921 1922 1923 1924
582 88 571 576 577 578 580 581 583 584 585 587 588
1099 1093 1094 1095 1097 1100 1101 1102 1104 1105
1848 168 685 1081 1842 1843 1847 1849 1852 1853 1854
14 16 17 18 20 193 1816 1931
15 16 17 20 21 1462 1654
60 55 56 57 58 63 65 66 205 715 909 996 1546 1770 1773
427 148 422 423 424 425 428 429 430 431 432 433 724 1685
16 17 18 19 20 22 231 1608
372 367 368 369 370 371 373 374 375 377 378 1144 1579
1587 599 1396 1400 1582 1583 1584 1586 1589 1590 1592
17 18 20 21 22 23 487
433 112 428 430 431 432 434 435 436 437 908 1948
1325 79 233 1182 1320 1321 1323 1326 1327 1328 1330 1532 1916
1866 444 1079 1219 1338 1862 1864 1865 1867 1868 1869 1870 1871
18 19 20 21 22 23 24 1525 1764
337 39 222 331 332 333 334 335 336 338 340 342
607 71 105 602 603 604 605 606 610 611 612 700 1013 1442 1783
1117 68 1111 1112 1113 1114 1115 1118 1120 1121 1122 1123
38 33 34 35 36 37 40 41 42 43 44 1597 1730
151 145 146 147 149 150 152 154 155 156 182 1116 1585 1978
531 525 526 527 528 529 530 533 534 535 536 803
985 979 981 984 986 988 989 990 991 1398 1687
1643 838 1536 1637 1638 1639 1640 1641 1642 1645 1647 1648 1924
1697 243 1146 1379 1692 1693 1694 1695 1696 1699 1701 1703
20 19 21 22 23 24 26 787
193 187 188 190 191 195 196 197 199 869 1149
1816 110 997 1810 1811 1812 1813 1814 1815 1818 1819 1820 1821 1822
1931 937 1641 1781 1925 1926 1927 1928 1930 1932 1933 1935 1936 1937
21 19 22 23 24 25 27 196
1462 133 1456 1457 1459 1460 1461 1463 1464 1466 1467 1468
1654 347 1350 1621 1648 1649 1650 1651 1652 1655 1656 1658 1659 1660
19 22 24 25 269 675 1054 1167 1481
22 23 27 28 1022 1414
231 46 225 226 227 228 229 230 232 233 234 236
1608 237 971 1503 1602 1607 1609 1610 1611 1613 1614
23 24 25 26 27 28 29 147 1293
487 481 482 483 484 485 486 488 489 490 492 493
24 25 26 27 29 30 199 1856
1525 1119 1519 1520 1521 1522 1523 1526 1527 1528 1529 1530 1531
1764 171 707 885 1759 1761 1762 1763 1765 1766 1767 1768 1770
25 26 28 29 30 31 346
269 263 264 266 267 268 271 272 273 274 275 1079 1982
675 182 640 669 670 671 672 673 674 676 677 678 679 1967
1054 480 627 681 1048 1049 1050 1053 1055 1056 1058 1059 1060 1420
1167 1161 1162 1163 1164 1165 1166 1168 1169 1170 1171 1172
1481 426 1475 1477 1479 1480 1482 1483 1484 1486 1487
26 27 28 29 30 299 330 1450
787 781 782 783 784 785 786 789 790 791 793 1941
27 28 29 30 31 33 471 895
196 51 191 192 194 195 197 199 200 201 894 1330
28 29 30 32 33 34 388 470 596 1334
1022 68 325 639 1016 1017 1019 1020 1021 1025 1028 1041 1253 1316 1878
1414 299 733 1382 1409 1410 1411 1412 1413 1415 1416 1417 1418 1419 1420
29 30 31 33 34 35 306
147 141 142 143 144 145 146 148 150 152 975
1293 1200 1287 1288 1289 1290 1291 1295 1298 1299 1672 1723
30 32 34 35 1170 1180 1444 1633
199 194 195 198 200 202 204 205 423
1856 1690 1695 1850 1851 1852 1853 1855 1857 1858 1859 1860 1861 1862
31 32 33 36 37 1815 1838
346 340 341 342 344 345 347 348 349 350 351 352 361 1454 1814
299 293 294 295 296 298 300 301 302 304 926 1660 1701
330 324 325 326 327 328 329 332 334 335 336 696 1095 1655
1450 1376 1444 1445 1446 1447 1448 1449 1451 1454 1456
33 34 35 36 37 39 757 1010 1786
471 466 467 468 470 472 473 474 475 476 477 689
895 889 890 891 892 896 897 898 899 900 901
32 34 35 36 37 815 916 1474
34 35 36 37 39 40 123
388 382 384 385 386 391 393 1964 1970
470 464 465 466 468 469 472 473 474 476 557 1354
596 144 590 591 592 594 595 598 600 601 857 1298 1689
1334 933 1328 1329 1330 1331 1332 1333 1335 1336 1338 1339
35 37 39 515 902 1338 1497
306 108 300 301 303 307 308 311 312 371 844 868
1170 1164 1166 1168 1171 1172 1173 1174 1175
1180 793 1174 1176 1177 1178 1184 1185 1186
1444 1438 1439 1440 1441 1442 1443 1445 1446 1448 1449
1633 503 514 1436 1627 1628 1629 1630 1631 1635 1636 1638 1639
36 37 39 40 41 42 1361 1418
37 41 42 43
1815 444 1083 1809 1810 1812 1813 1817 1819 1820 1821
1838 921 1129 1216 1832 1833 1834 1835 1836 1837 1842 1843 1850
815 809 810 811 812 814 816 817 818 819 820 821 1197 1465 1969
916 67 139 910 911 913 914 915 917 919 921 922 1723
1474 429 440 848 1468 1470 1471 1472 1473 1476 1477 1478 1479 1480
39 40 41 42 43 44 45 392 1732
757 751 752 753 755 756 758 759 760 763 1133 1495 1985
1010 1005 1006 1007 1008 1009 1011 1012 1013 1014 1015 1016
1786 163 1781 1782 1783 1785 1788 1789 1791 1792
40 41 42 43 44 45 46 650 724 1632
123 117 118 119 120 121 122 124 126 127 128 129 1476
515 509 510 511 512 513 514 516 517 519 520 521
902 622 896 899 900 901 903 904 906 907 908
1338 129 169 1095 1302 1332 1333 1335 1336 1339 1341 1971
1497 391 1341 1492 1494 1495 1496 1498 1499 1500 1501 1502
41 42 43 44 45 165
42 43 44 46 48 1025 1966
1361 157 1355 1356 1357 1358 1359 1363 1364 1365 1366 1379
1418 325 1412 1413 1415 1416 1417 1419 1420 1422 1423 1424
43 44 45 46 47 48 49 260 711 1958
44 45 46 47 48 49 50 681
1597 1591 1592 1593 1595 1596 1598 1599 1602 1603 1902
1730 568 1724 1725 1726 1727 1728 1731 1732 1733 1735 1736 1773
45 46 47 48 49 50 51
392 386 389 390 391 393 394 395 397 398 748 936 1661 1692
1732 1726 1727 1728 1729 1731 1733 1734 1735 1736 1737 1738
46 47 49 50 51 52 1428 1548
650 51 644 645 646 651 652 653 654 655 656
724 112 180 719 721 722 723 725 726 728 729 762
1632 1515 1626 1627 1628 1630 1631 1634 1635 1638
165 159 160 162 166 167 168 169 171 1854
48 47 49 50 51 52 53 54 155 687 870 1340 1580 1652
1025 162 1019 1020 1021 1024 1027 1028 1031 1119
1966 345 768 1961 1962 1964 1965 1967 1968 1969 1971 1972
47 50 51 52 53 1841
49 50 51 54 55
260 254 255 256 257 258 259 261 263 264 265 266 571
711 705 706 707 708 709 710 712 714 715 1681
1958 355 744 1952 1954 1955 1957 1959 1960 1961 1962 1963 1964
50 51 52 53 54 55 56 547 1441
681 676 677 679 680 682 683 684 685 686 687 1075 1823 1885
51 52 53 54 55 57
52 55 56 57 58 849
1428 191 298 993 1072 1422 1425 1430 1431 1432 1433 1715
1548 1542 1543 1544 1545 1546 1547 1549 1551 1552 1553 1554
53 54 55 56 57 58 59 830 931 1962
1841 167 501 909 1090 1836 1837 1842 1843 1845 1846 1847
54 56 57 58 59 606 945
155 149 150 152 156 157 158 159 160 161 192 261 1275 1800
687 682 683 684 685 688 689 690 693 1230 1386
870 862 865 866 867 868 869 871 872 873 874 875 876
1340 1335 1336 1337 1339 1342 1343 1344 1345 1346 1906
1580 1574 1575 1576 1577 1581 1582 1583 1584 1585
1652 1646 1647 1648 1649 1650 1651 1656 1657 1658
55 56 57 59 61 593 719 1318 1753
56 57 58 61 62 810 1031 1204
547 541 542 543 544 545 546 548 549 551 552 553 1375
1441 430 717 1435 1438 1439 1442 1443 1445 1446 1447 1947
57 58 59 61 63 99
58 59 61 62 63 64 152
849 843 844 845 846 847 848 850 851 852 853 854 855
59 61 62 63 65 370 1380 1656
830 824 825 826 827 829 832 833 835 836
931 84 925 926 927 929 930 932 933 937 1048 1401 1719 1784
1962 926 1615 1956 1959 1960 1961 1963 1964 1965 1967 1968
606 600 602 603 604 605 608 609 610 611 612 1504 1821 1827
945 461 785 939 940 941 942 943 944 947 948 949 950 951 1510
61 62 63 64 65 66
593 96 588 589 594 595 598 599 987
719 713 716 717 718 720 722 723 725 779 1425
1318 1312 1313 1314 1315 1316 1317 1319 1320 1321 1322 1323 1324 1422
1753 321 657 1256 1748 1749 1750 1752 1755 1756 1757 1758 1759
62 63 64 65 66 68 794 925 1959
810 73 804 806 808 809 812 813 814 816 1763 1992
1031 1026 1028 1029 1030 1033 1034 1035 1036 1037 1205 1539
1204 1199 1200 1201 1202 1203 1205 1206 1207 1208 1209 1210
63 66 68 69 793 1744 1752
99 93 94 95 96 97 98 102 104 609
64 65 66 67 68 69 70 625 766 1073 1721
152 146 148 149 150 153 154 156 158 1116
65 66 67 69 70 379 1375 1604
370 364 365 367 368 369 371 373 374 375 569 695 930 1229
1380 1374 1375 1376 1378 1379 1381 1382 1384 1385 1386 1496 1825
1656 789 1650 1653 1657 1658 1659 1660 1662
66 67 68 69 70 71 72 422
205 200 201 203 204 206 207 208 209 211 426 1368
715 101 507 672 710 713 714 716 718 720 721
909 904 905 906 907 910 911 912 913 914 915
996 97 398 991 992 994 995 997 998 999 1000 1002 1470 1667
1546 1049 1540 1542 1543 1544 1545 1547 1549 1550 1552
1770 1062 1071 1765 1767 1768 1769 1773 1774 1775 1776
1773 334 552 1719 1768 1769 1771 1772 1774 1775 1777 1778 1779
68 67 70 71 1109 1369 1570
794 788 789 790 791 792 793 795 798 799 800 1412
925 760 919 922 923 926 928 929 930
1959 824 1953 1954 1955 1956 1957 1960 1961 1963 1964 1965 1969
69 67 70 71 72 74 75 816
793 788 789 791 792 795 797 798 799
1744 605 1122 1142 1609 1738 1739 1740 1741 1742 1745 1746 1748 1749
1752 79 1746 1747 1749 1750 1751 1754 1755 1756 1757
67 70 71 72 73 907 1267
70 71 72 73 74 75 76
625 619 620 622 623 626 627 628 629 630 631 1876 1925
766 729 760 761 762 763 764 767 768 769 770 771
1073 408 1067 1068 1071 1072 1075 1076 1077 1078 1079 1092
1721 76 1190 1517 1715 1716 1717 1718 1719 1720 1722 1723 1725 1726 1727
379 373 374 375 376 377 378 380 381 383 384 667 1421 1625
1375 864 1370 1371 1372 1374 1376 1377 1378 1379 1381
1604 157 887 1162 1598 1599 1600 1601 1602 1603 1605 1606 1609 1610
71 72 73 74 76 77 966 1411 1571
72 73 75 76 77 434 682 1561
422 416 417 418 420 423 424 425 428 656 1077
73 74 75 76 77 79 1269 1562 1705 1865
907 901 903 905 906 910 911 912 913
1267 97 1261 1262 1263 1264 1265 1266 1268 1269 1271 1272
1109 125 311 1013 1085 1104 1106 1107 1110 1111 1114 1115 1610
1369 1363 1367 1371 1372 1373 1374 1984
1570 1564 1565 1566 1568 1571 1572 1573 1574 1575 1576
74 76 78 80 161 253 1658 1705 1788
75 77 78 79 81 679 1405 1833
816 263 469 817 821 822 1154
76 77 79 80 81 82
77 79 80 82 83 138 879 1647
966 960 961 962 963 965 967 968 969 970 971 1350 1359
1411 1048 1281 1405 1406 1407 1408 1409 1410 1412 1413 1415 1417
1571 162 519 1120 1445 1565 1566 1568 1574 1575
434 166 430 431 432 436 437 439 440 537 821
682 676 677 679 680 683 685 686 688 1420 1989
1561 249 1098 1421 1555 1556 1557 1558 1559 1560 1562 1563 1564 1565 1889
79 78 80 81 82 83 84 85 884
1269 1263 1264 1265 1268 1271 1272 1273 1274 1275 1425
1562 399 1556 1557 1558 1559 1560 1563 1564 1565 1566 1568
1705 430 549 1547 1699 1700 1701 1704 1706 1708 1709 1710 1711
1865 348 383 666 1412 1860 1862 1863 1864 1867 1868 1870 1871
78 80 82 83 84 114 418 1075
80 81 82 83 85 86
161 156 157 158 166 167 366 986 1145
253 247 248 249 250 251 252 254 255 256 257 258 1905
1658 349 1653 1655 1657 1659 1660 1661 1662 1664
1788 1782 1783 1784 1785 1787 1789 1790 1791 1792 1793 1794
81 82 86 1514
679 507 673 674 677 680 683 684 685
1405 1129 1399 1400 1401 1402 1403 1404 1406 1407 1408 1409 1535 1734
1833 276 1827 1828 1829 1830 1831 1832 1835 1836 1837 1839
82 83 84 85 87 88 171 1508
83 84 85 86 87 88 89 179 634 1682
138 132 133 134 135 136 139 140 142 143 144 991
879 873 874 875 876 877 878 880 881 882 883 885 1425
1647 237 568 692 1641 1642 1646 1648 1649 1651 1653
84 85 86 87 88 89 90 903 1337
114 109 110 111 112 113 115 116 117 118 119 149 1921
418 412 414 415 416 417 419 421 423 480 1273 1874
1075 694 1071 1072 1076 1077 1078 1079 1080 1081 1992
85 88 91 237 1487
884 880 882 885 886 888 889 890 1798
86 87 88 90 91 92 535
1514 395 604 1508 1511 1512 1515 1516 1517 1518 1519 1960
87 88 89 90 91 92 93 646
88 90 91 92 94 690
171 167 169 170 172 173 175 176 177 1479 1529 1689
1508 605 668 1502 1503 1505 1506 1507 1510 1512 1513
89 90 92 93 94 95 516 1041 1707
179 173 174 175 176 177 178 180 181 182 184 185 338 358 1728
634 586 628 629 630 631 632 633 636 637 638 639 640 1097 1382
1682 185 748 1028 1677 1678 1680 1681 1683 1684 1686 1687
90 91 92 93 96 265 1447
903 102 897 898 899 900 901 904 905 908 1013 1143
1337 1332 1333 1335 1336 1339 1342 1343 1586
91 92 93 94 96 248
237 232 234 235 236 239 241 243 608 1202
1487 835 1442 1482 1483 1488 1489 1490 1491 1639 1780
92 93 94 96 97 98 680 1520
535 529 530 532 533 538 539 540 871 1263 1612
93 94 95 96 97 98 1266 1902
646 640 641 642 643 645 647 648 649 1547 1566 1827 1968
94 95 96 97 98 1539
690 684 685 688 689 691 692 694 696 792 1020 1244 1494 1678
95 96 97 98 100 1397 1890
516 511 512 513 514 517 518 519 522 695 1726
1041 514 630 1036 1038 1039 1042 1043 1045 1046 1047
1707 285 1702 1703 1704 1706 1708 1709 1710 1711 1712 1713
96 97 101 102 1884
265 259 261 262 263 264 266 268 270 271 1040 1281 1821 1903
1447 1056 1442 1443 1445 1448 1449 1451 1452 1453 1799
248 242 245 246 247 249 250 251 252 254 881
97 100 101 102 930
98 100 101 102
680 674 677 678 684 685 686
1520 812 1266 1515 1517 1518 1519 1521 1522 1523 1524 1529
1266 1260 1261 1262 1263 1264 1265 1268 1270 1271 1272 1419
1902 159 1052 1897 1898 1901 1903 1904 1906 1908
1539 1287 1533 1534 1536 1537 1538 1540 1542 1543 1544 1545
100 102 104 105 106 1016 1501
1397 360 1391 1392 1393 1394 1395 1396 1398 1400 1401 1402 1403 1876 1989
1890 1314 1885 1888 1889 1891 1893 1894 1895 1896
101 105 106 107 781 1060 1251 1382
102 104 105 106 108 204 1586
1884 1878 1879 1880 1881 1882 1883 1885 1886 1887 1889
930 136 924 926 928 929 933 934 936 1016
104 105 106 107 109 110 279 345
609 600 603 610 611 612 613 614 615 1297
105 106 108 109 111 133
106 107 108 109 111 112 1976
1016 730 1011 1012 1013 1014 1015 1017 1019 1020 1021 1053 1175
1501 1496 1498 1499 1502 1504 1505 1506 1507 1534
107 108 110 111 112 113 1794
781 367 592 776 777 779 780 782 784 785 786
1060 125 522 658 1055 1056 1057 1059 1061 1062 1063 1064 1065 1781 1850
1251 1245 1246 1247 1248 1249 1250 1252 1253 1254 1255 1256 1257
1382 612 1377 1378 1381 1383 1385 1386 1387 1388
108 111 113 632 824 1333 1785
204 200 201 202 206 207 208 209 210 412
1586 501 1581 1582 1583 1584 1585 1588 1589 1590 1591 1936
109 113 177 554
597 528 591 592 594 598 599 600 601 602 603 877 1162
1203 405 669 1199 1200 1201 1205 1206 1207 1208 1209 1979
1980 882 1974 1976 1977 1978 1979 1981 1983 1986
110 111 112 113 115 116 442 826
279 273 274 275 276 277 278 280 281 282 283 284 285
345 339 340 341 347 348 350 351 449 1385
111 112 113 115 116 117 692
133 129 130 134 135 136 137 896 1275 1542
112 113 115 116 117 300 1304 1921
1976 897 1824 1970 1971 1972 1973 1977 1978 1981 1982
113 115 116 117 119 1296
1794 1789 1791 1792 1793 1796 1797 1798 1799 1800
632 145 627 628 629 630 631 635 637 638 919 1465
824 818 819 820 822 826 827 828 1745
1333 1328 1329 1330 1331 1332 1335 1343 1521
1785 1779 1781 1782 1783 1784 1787 1789 1790 1791 1901
177 173 174 175 176 178 180 181 182 183 551
554 187 548 551 552 555 556 557 558 559 560
115 116 117 118 121 750 941 1493
116 117 118 120 122 1112 1492
442 376 438 439 440 441 443 444 445 446 447 448 492 1430
826 821 822 823 825 827 828 831 832
117 118 119 120 121 122 274 475
692 691 693 694 695 696 697 698 1052 1101
300 294 295 296 297 298 301 302 303 304 305 1724
1304 1027 1298 1300 1301 1302 1303 1305 1307 1308 1310
1921 894 1183 1915 1916 1922 1923 1924 1925 1926
119 118 120 121 122 124 125 954 1688
1296 1290 1291 1292 1294 1297 1298 1299 1300 1302
118 120 121 122 124 203 426
149 143 144 145 148 150 153 154 1846
121 120 122 126 127 144 202
750 744 746 747 748 749 751 752 753 755 756 1396 1598
941 936 937 938 939 940 942 944 946 947 1990
1493 1103 1488 1489 1490 1492 1494 1495 1496 1498 1499
120 122 124 126 805 1026
122 124 125 127 128 905 1392
1112 662 1106 1107 1108 1110 1111 1114 1115 1116 1118 1297
1492 246 868 1486 1489 1490 1491 1494 1495 1496 1498 1686
274 268 270 271 272 275 276 277 278 280 1502
475 187 469 472 473 474 476 477 479 480 481 1452 1628 1694 1767
124 126 127 128 129 130 236 240 1159
203 144 197 198 200 201 202 208 328 987
426 421 423 424 425 430 431 432
125 127 128 129 130 455 626 993 1123 1354 1386
954 948 949 950 951 952 953 955 956 957 958 959 960 1907
1688 1218 1683 1684 1686 1687 1691 1692 1693 1694
126 127 128 129 130 131 132 317 1388
805 474 642 799 800 802 804 807 808 809 933 1880
1026 1021 1023 1024 1027 1029 1030 1032 1110 1565 1745 1936
127 128 130 132 359 1421 1836
144 139 141 142 143 145 146 148 150
202 198 200 201 206 207 736 1649
128 129 130 131 132 134
905 224 899 900 901 906 908 910 911 918
1392 234 294 1071 1386 1387 1388 1389 1390 1393 1395 1396 1398
129 130 132 134 135 1290
1476 697 1188 1349 1472 1475 1477 1478 1479 1480 1482
130 132 135 136 146 541
236 230 232 233 234 235 238 239 240
240 235 239 241 242 243 244 245 246
1159 389 947 1153 1154 1155 1156 1157 1158 1160 1161 1162 1163 1164
455 450 451 452 453 454 458 461 683 947 1091
626 620 622 623 627 628 629 630 631
993 987 989 990 991 992 994 995 997 998 999
1123 1110 1118 1120 1121 1122 1125 1127 1128 1129
1354 1277 1348 1349 1350 1351 1352 1355 1356 1357 1358 1360
1386 1065 1381 1384 1387 1388 1389 1390
131 132 135 136 137 1864
132 135 136 137 874 1131 1364
317 312 313 314 316 318 320 321 322 323 534 1197 1271 1388
1388 989 1003 1384 1385 1387 1390 1393 1394
359 249 353 354 355 356 357 358 360 362 363 365 391
1421 1415 1417 1419 1420 1423 1424 1425 1426 1427
1836 1830 1831 1832 1834 1835 1837 1839 1842
134 135 136 137 139 140 999 1087 1946
135 136 137 139 140 1847
1290 140 572 1285 1286 1288 1291 1294 1295 1438
136 137 139 140 141 449
146 140 141 142 143 145 148 256 277 642 722 1578
541 536 537 539 540 542 543 544 546 836 1615
137 139 140 141 143 777 1090
1864 713 1416 1858 1859 1860 1861 1862 1863 1867 1868 1869 1870
874 868 869 871 872 873 875 876 878 880
1131 1125 1127 1128 1129 1130 1132 1133 1134 1136 1611
1364 431 749 1358 1359 1360 1362 1366 1367 1370
896 436 716 891 892 894 897 899 900 901
1275 335 571 1271 1272 1273 1274 1276 1277 1279 1280 1281
1542 982 1023 1536 1537 1538 1540 1543 1544 1545
139 140 141 142 143 286 840 960
140 141 142 143 145
999 469 512 818 994 995 997 998 1000 1002 1704
1087 1083 1084 1085 1086 1088 1089 1090 1091 1092 1093
1946 726 852 877 1837 1940 1941 1942 1943 1944 1947 1948 1949 1951 1952
1847 217 1573 1842 1843 1844 1845 1846 1849 1850 1853 1860
141 142 145 542
449 443 445 446 447 448 450 451 452 453 496
143 142 145 148 1494
777 771 772 774 776 778 779 782 783
1090 1084 1085 1088 1089 1092 1093 1094 1095
142 145 148 1383 1740 1805
991 694 986 987 988 989 990 992 994 997 1413
286 280 281 283 285 287 288 289 291 305 1684 1954 1989
840 834 836 839 841 843 844 845
960 956 957 962 963 964 965 1698
145 148 150 485
542 537 538 539 540 544 546 548 1078
148 150 153 154
1383 211 303 519 1342 1377 1379 1381 1384 1387 1389
1740 765 1734 1735 1737 1738 1739 1741 1742 1743 1745
1805 272 410 1357 1799 1801 1802 1804 1806 1807 1808 1810 1811
1494 252 664 713 1379 1488 1489 1490 1491 1495 1496 1499 1535 1800
150 153 154 838 861 1413
485 313 479 480 481 482 483 484 486 488 489 490 491 529 1702 1926
256 250 251 252 254 257 258 259 262 1626
277 271 273 275 276 278 280 282 283 1171
642 584 636 640 641 643 644 645 647 648 944
722 465 716 718 720 721 723 726 727 728 1005
1578 1248 1574 1575 1577 1579 1581 1582 1583
975 969 970 971 972 973 974 976 977 980 981 1459
153 154 156 157 158 159
154 156 157 158 160 737
1846 1040 1840 1842 1843 1844 1845 1849 1850 1851 1852
838 461 517 833 834 835 837 839 841 843 982
861 855 856 857 858 859 860 864 865 866 867 887 1320 1839
1413 806 1407 1408 1409 1410 1412 1415 1416 1417
156 157 158 159 160 696 1735
182 176 178 180 181 184 185 187 188
1116 1110 1111 1114 1115 1118 1119 1120 1122 1347
1585 356 1579 1581 1582 1583 1584 1588 1590 1591
1978 310 733 1569 1972 1973 1977 1979 1981 1984
158 157 159 160 162
157 159 160 162 250 1640
159 160 163 917 920 1225 1363 1706 1989
160 162 163 166 1226 1879
737 674 731 732 735 736 738 739 740 741 742 743
192 186 187 189 191 194 195 198 1113
261 255 257 258 262 263 264 266 267 586 978
1800 1795 1796 1797 1798 1799 1801 1802 1803 1804 1806
696 691 693 694 695 697 698 701 702 1342 1373 1881
1735 482 1729 1731 1734 1736 1738 1741
162 163 166 167 168
250 244 245 246 247 252 254 255
1640 486 552 940 1330 1634 1636 1637 1638 1639 1641 1645 1646 1691
163 166 169 543 946 1193 1607 1743 1938
917 429 804 911 913 914 915 918 919 920 921 922 923 1665
920 919 921 922 923 926 1231 1470 1611
1225 846 1219 1220 1221 1222 1223 1226 1227 1228 1229 1230 1231 1601
1363 229 270 527 772 1357 1358 1359 1362 1365 1366 1368 1673
1706 210 1342 1650 1700 1702 1703 1704 1709 1710 1711 1712
1989 1729 1983 1984 1985 1986 1990 1991 1992 1993
166 168 169 170 172
1226 283 1221 1222 1223 1224 1229 1230 1231 1232 1237 1653 1737 1798
1879 502 1505 1513 1873 1874 1875 1876 1877 1878 1881 1882 1883
167 168 170 172 173 331 435 868 1593
366 360 361 363 364 365 367 368 369 611 648
986 476 980 981 982 983 984 990 992 1094 1680
1145 186 1139 1140 1141 1143 1144 1146 1147 1148 1149 1150 1151 1391 1674
168 170 172 173 174 852 1713
169 170 172 173 612 977 982 1212 1320
543 511 537 538 539 540 544 545 546 548 549 823 1069 1524
946 454 892 942 943 948 949 950 951 952
1193 1187 1188 1189 1190 1191 1192 1194 1197 1198 1246
1607 1438 1601 1602 1603 1605 1606 1609 1610 1611 1612
1743 769 854 1213 1737 1738 1741 1745
1938 1933 1935 1936 1937 1939 1940 1941 1942 1943 1944
170 172 173 175 176 1003
778 318 461 772 773 774 776 779 780 782 783 784 1043
978 972 976 979 980 981 982 984 1466 1754
1854 570 691 923 1442 1849 1850 1852 1853 1857 1858 1860
172 173 174 175 178 473 1150
173 174 175 176 478
331 326 328 329 333 334 336 396 473 638 1784
435 429 431 432 436 437 438 439 440 441 792
868 441 617 863 864 867 871 873 1044
1593 1216 1588 1589 1590 1591 1596 1598 1599
174 175 176 178
852 846 848 851 853 854 856 857 1249 1346
1713 584 1410 1708 1710 1711 1712 1714 1715 1717 1718 1804
612 608 610 611 613 615 616 618
977 971 972 973 974 976 979 980 981 982 983 1245 1990
982 976 979 980 983 984
1212 1005 1206 1207 1208 1209 1210 1211 1213 1214 1215 1216 1217 1218
1320 662 808 1314 1315 1317 1319 1321 1322 1323 1324 1326
175 178 180 181 357 672
176 178 180 181 394 858
1003 367 997 998 1000 1001 1005 1006 1007 1009
1479 1473 1475 1477 1478 1480 1483 1484
1529 1523 1524 1526 1527 1528 1530 1533 1534 1535
1689 200 1220 1306 1683 1685 1686 1691 1692 1694 1695
178 180 183 1387 1427 1888
473 468 469 472 477 478 479 560
1150 847 1144 1147 1148 1149 1151 1152 1153 1843
478 191 472 474 477 479 480 481 482 483 484 1252
180 181 183 186 309 952 1140 1719
181 183 184 186 187 898 1370
357 351 352 353 354 355 356 358 362 363 689 1691
672 648 666 667 668 669 670 671 674 677 1915
394 194 389 390 393 395 397 398 399 400
858 853 855 856 857 859 860 862 863 864 1482
183 184 185 186 187 188 189 413 564 1742
551 545 546 548 549 552 553 555 556 557
1387 605 712 1384 1385 1389 1390 1393 1889
1427 228 367 1423 1424 1425 1426 1429 1430 1431 1432 1433
1888 1666 1672 1674 1882 1883 1885 1886 1887 1889 1891 1892 1893 1894
184 185 187 188 189 190 396
185 186 187 188 189 191 378 1573
338 332 333 335 336 339 340 341 344
358 352 353 354 356 362 363 364 898 1258
1728 577 1565 1722 1723 1724 1725 1726 1844
186 187 189 190 191 1179
309 304 305 307 308 310 311 312 313 315 456 1862 1953
952 875 948 949 950 951 953 955 956 958 1255 1952
1140 578 854 1134 1135 1136 1137 1138 1139 1141 1142 1146
1719 1635 1714 1715 1716 1717 1718 1720 1722 1723 1724 1725
187 189 190 834
898 892 893 894 897 900 901 904 1496
1370 1365 1367 1371 1373 1374 1667
188 189 190 191 216
189 190 191 194 195 829 1162
413 283 409 410 411 414 415 416 417 419 1114
564 558 560 562 563 566 567 568 570 1977
1742 1230 1736 1737 1739 1741 1745 1747 1748
190 191 194 195 869 1272 1940
396 390 393 400 401 928 939 1855
191 197 1482 1818
378 374 375 376 377 380 381 382 383 384
1573 380 1568 1569 1572 1574 1575 1576 1577 1579
1179 683 1173 1175 1176 1177 1178 1181 1183 1185 1442 1485 1524
834 828 829 831 832 835 836 837 839 1420 1426
216 210 211 212 214 215 217 219 220 222 745 1024 1282 1503
194 195 197 198 1133 1674 1724 1859
195 197 198 200 201
829 823 825 827 828 831 835 1549
1162 215 1158 1161 1163 1164 1166 1499
869 863 864 865 866 867 871 872 873 875 1714
1272 232 533 1102 1270 1271 1274 1277 1278 1400 1893
1940 1528 1934 1935 1936 1937 1939 1941 1942 1944 1945
197 198 200 201 961
1482 773 1477 1478 1480 1483 1486 1488 1505 1519
1818 536 1812 1813 1814 1817 1819 1820 1821 1823 1824
198 200 201
1113 220 979 1107 1108 1110 1111 1114 1115 1118
1149 544 694 1144 1148 1151 1153 1155 1196 1711
1133 983 1127 1128 1129 1130 1132 1134 1135 1136 1137 1138 1139 1250 1434
1674 1668 1670 1672 1673 1675 1676 1677 1678 1679 1680
1724 1718 1722 1723 1726 1727 1729
1859 608 1853 1855 1857 1858 1860 1861 1863
200 201 206
201 206 207 1787
894 377 519 890 891 892 893 897 900 1485 1870
1330 1106 1276 1327 1328 1329 1332 1335 1336 1694
961 823 854 955 956 957 959 963 964 965 1023 1153 1915
423 419 420 421 424 429 438 706 1540
206 209 210 211 212 549 717
207 208 209 210 211 212 1313 1957
1787 1345 1781 1782 1783 1789 1790 1791 1792 1793
736 389 492 730 731 732 733 734 735 740 741 1241
1649 571 761 1429 1645 1646 1648 1650 1651 1983
208 209 210 211 213 214 376 893 1720
328 322 323 324 325 327 329 332 333 334
987 518 595 981 984 988 989 990 992 1188 1749
209 210 211 212 213 214 215 926 1506
210 211 212 213 214 215 390 843
412 406 407 408 409 414 415 416 417 729
211 212 213 217 694
1368 1221 1317 1362 1365 1366 1367 1371 1372 1373 1374
212 213 214 217 218 251
549 545 546 548 552 555
717 400 712 714 716 718 723 1094 1806
1313 1307 1308 1309 1310 1311 1312 1315 1316 1319 1463
1957 1048 1765 1951 1952 1953 1954 1955 1956 1960 1961 1963
213 214 217 218 219 1002 1504 1810
214 215 217 218 219 220 349 1478
376 371 373 374 375 377 380 381 382 809
893 887 888 889 890 891 892 897 1668
1720 530 1715 1716 1717 1718 1722 1723 1920 1924
215 217 219 220 678 697 897 1686
926 921 922 929 932 1908 1983
1506 651 704 1502 1503 1505 1507 1509 1510 1511 1512
390 314 384 385 386 389 391 393 395 1746
843 837 839 842 845 846 847 848 1803
217 219 220 222 223 1173
694 307 691 693 697 698 699 700 1694
218 220 222 223 520 639 1552 1780
251 245 246 247 249 252 254 255 257 1218
219 222 223 224 225 796
1002 663 997 998 1000 1001 1004 1007 1008
1504 510 823 1498 1499 1500 1503 1507 1509 1510
1810 995 1114 1804 1807 1808 1809 1811 1812 1813 1814
220 222 223 225 226 785 1477
349 246 344 347 348 350 351 352 353 354 574
1478 1045 1472 1473 1475 1480 1483 1484
678 673 674 677 683 753 822
697 691 693 695 698 699 700 701 703 1174
897 892 899 900 1823
1686 228 1518 1680 1681 1684 1685 1690 1692 1870
222 223 225 227 228 1703
745 739 740 741 742 743 744 746 747 749 751 1681
1024 463 839 1020 1023 1029 1030 1176 1897
1282 341 1000 1032 1277 1278 1279 1280 1281 1527 1775
1503 373 755 1103 1498 1499 1500 1502 1505 1507 1509
223 224 225 227 229 1224
1173 399 1168 1169 1171 1172 1174 1175 1176 1178
520 514 518 519 521 522 523 524 525 526 1406
639 635 637 638 641 643 644 645 730 822 934 1521 1621 1802
1552 1549 1550 1551 1553 1554 1555 1556 1557 1558 1779
1780 1774 1775 1776 1777 1778 1779 1781 1782 1783 1784
224 225 226 227 230 1289 1339
225 227 228 229 230 768 1027
796 587 753 791 792 795 797 798 799 800 801 1232
226 227 229 230 1436
785 779 780 782 784 790 791 911 1869
1477 307 1471 1472 1473 1475 1480 1483
227 229 230 232 233
228 229 232 233 234 767
1703 1698 1699 1700 1701 1702 1704 1708 1709
229 232 233 234 235
1224 1218 1220 1222 1223 1227 1228 1229 1230
230 235 1635
1289 1283 1284 1285 1286 1287 1288 1291 1292 1294 1295
1339 1335 1336 1341 1342 1343 1345 1896
768 762 763 764 767 769 770 771 772 774
1027 1021 1023 1029 1033 1045 1513 1559
1436 854 1430 1431 1432 1434 1435 1437 1438 1439 1440 1947
232 233 234 235 238 1081
233 234 235 238
234 235 238 239 586
767 761 762 763 764 765 769 770 771 772 773 1661
235 238 241 329 845
1635 518 1175 1326 1630 1631 1634 1636 1637 1639 1935
238 239 242 243 244 416
1081 291 484 1076 1077 1078 1080 1082 1085 1086 1425
239 241 242 245 1163 1711
586 373 580 583 585 587 589 592
241 242 243 244 245 246 247 940 1292
329 323 325 326 327 332 333 334 335 425 1870
845 839 841 842 844 847 848 850 851
243 242 244 245 246 249
608 602 603 604 605 610 611 613 614 705 863 1399
1202 1196 1197 1198 1199 1200 1201 1205 1206 1207 1208 1217 1556
242 245 246 247 707 888 1483 1627
244 246 247 249 344 429
416 410 411 414 415 420 421 865
245 247 249 1821
1163 1157 1158 1160 1161 1164 1165 1166 1169
1711 1708 1710 1712 1714 1715 1716 1717
246 247 252 1727
247 807
940 934 936 939 942 943 944
1292 704 850 1287 1288 1291 1294 1295 1297 1298
707 703 704 705 706 708 709 710 713 1231
888 883 885 886 889 890 891 892 1247
1483 1480 1484 1485 1486 1488 1489 1747
1627 1621 1623 1624 1625 1626 1628 1629 1630 1631
249 254 255 699
344 340 341 342 347 348 350
429 424 425 428 432
1821 951 1032 1819 1820 1822 1825 1826
252 254 257 258
1727 1725 1726 1729 1731
807 504 801 802 803 804 806 809 811 812 813 1563
254 255 257 258 259 361 1132 1199
881 875 876 877 878 880 882 883 885 886 887 1151 1431
255 257 258 259 761
699 693 698 700 701 702 703 704 705
257 258 259 262 263 1671
1218 1213 1214 1215 1217 1219 1220 1221 1223
258 259 262 263 264
1905 537 727 915 1079 1899 1900 1903 1904 1906 1907 1908 1909 1910 1911
259 262 264 292 525 850 863 947
361 356 360 363 364 365 703 1774 1871
1132 1036 1126 1128 1129 1130 1134 1135 1137 1138
1199 1194 1195 1196 1197 1198 1200 1201 1205 1295 1407
761 648 756 759 760 762 764 765 814 1469
262 263 264 266 267 268 1509 1684
1626 1620 1621 1622 1623 1624 1625 1628 1629 1630 1631
263 266 267 268 340 998
1671 915 1663 1667 1668 1669 1672 1673 1676 1677
264 266 267 268 270
292 287 288 289 290 291 293 295 296 297 298 1036
525 519 521 522 523 524 526 528 529 530 1777
850 844 846 848 851 853 854 855 1469 1749
863 857 860 862 865 866 867
947 570 943 944 948 950 951 953 1294 1598 1767
266 267 268 270 271 272 709
571 565 566 567 569 570 573 574 576 577 1609
267 268 271 272 273
268 270 271 272 273 1381
1509 560 1505 1507 1510 1512 1513 1515 1528
1684 526 1511 1582 1679 1680 1681 1685 1687 1690
340 334 335 336 339 341 342 1000
998 278 524 992 994 995 997 1000 1001 1004 1258
270 271 273 275 276 1119 1485
271 275 314 1655
1040 689 1034 1037 1038 1042 1043 1044 1045 1046 1237 1513
1281 1276 1277 1279 1280 1283 1285 1286 1287
1903 820 887 1645 1897 1899 1900 1904 1906 1907 1909
272 275 278 420 801 910
709 695 703 704 705 706 710 712 713 714 899
273 275 276 278 517 1502
1381 441 1376 1378 1384 1385 1822
275 276 280 281 1344
1079 1074 1078 1080 1082 1083
1982 511 1591 1979 1981 1983 1984 1985 1986
276 278 280 281 282 439 791 1276
1119 795 1114 1118 1120 1121 1122 1166 1667
1485 1273 1484 1488 1489 1490 1491
314 308 311 312 313 315 316 319 320 1420
1655 795 1651 1653 1657 1659 1660
278 281 282 283 284
420 414 415 417 419 421 424 425 1873
801 351 795 797 798 802 803 804 806
910 356 640 904 906 908 911 913 915 1006 1311 1620
517 512 513 518 521 522 523 892
1502 673 1498 1500 1505 1507
280 281 282 283 284 285 447
281 282 283 284 287 648 820 1259 1937
1344 1341 1342 1343 1345 1347 1348 1349 1750 1790
282 284 285 287 288
439 437 438 441 443 444 445 1017
791 786 788 789 790 792 795
1276 1084 1273 1277 1278 1280 1469 1777
283 288 744 904 1274 1961
1171 1165 1166 1168 1169 1172 1174 1175 1176 1177
284 285 287 288 289 290
285 288 289 290 291
447 441 443 444 445 448 450 451 452 453
287 288 289 290 990 1667
648 602 643 644 647 649 651 652 654 1690
820 814 817 818 819 822 823 1106
1259 1253 1255 1257 1260 1262 1263 1264 1265 1271 1651
1937 1601 1932 1933 1934 1935 1936 1939 1941 1943
288 289 290 293 294
744 738 739 740 743 747 748 749
904 900 901 906 908 1188
1274 1268 1270 1271 1273 1277 1278 1279 1280 1913
1961 676 1615 1955 1956 1963 1964 1965 1967
289 290 291 294 295
290 291 293 294 355 461 565 1384 1455
291 293 295 296 297 1350 1969
305 301 302 303 304 307 308 310 311 1987
1954 854 1264 1754 1948 1949 1951 1952 1955 1956 1960
990 984 988 992 994 995
1667 1470 1661 1665 1666 1668 1669 1670 1672
293 294 295 1252 1469 1715 1763 1837
294 295 297 298 1315
295 296 298 301 1373
355 350 351 352 353 354 356 360
461 456 460 462 465 466 1470
565 559 561 562 563 567 568 569 570 1126 1680
1384 1108 1389
1455 937 1449 1451 1452 1453 1454 1456 1457 1458 1459 1460 1522
296 297 298 301 302 1515 1887
297 298 301 302 303 438 576 1103
1350 1255 1346 1347 1349 1351 1352 1353 1355 1356
1969 1963 1964 1967 1968 1971 1973 1974
298 301 303 645 800
1036 741 809 1030 1032 1035 1042
1252 308 934 1246 1247 1248 1253 1254 1256 1257 1258 1305
1469 1463 1464 1465 1466 1467 1471 1473
1715 618 1709 1712 1714 1716 1717 1718
1763 381 1438 1757 1758 1759 1760 1761 1762 1766 1767 1768
1837 1831 1832 1834 1835 1839 1840 1842 1843
1315 1309 1310 1311 1312 1314 1316 1317 1319
301 302 303 304
1373 950 1367 1371 1372 1374 1376 1377 1379
302 303 307 397 1283
1515 1510 1512 1513 1516 1517 1518 1519 1521 1945
1887 1095 1490 1881 1882 1883 1886 1889 1891 1892
303 307 308 1496
438 432 436 437 440 441 443 444
576 548 570 572 573 574 577 578 579 581 1591
1103 1097 1098 1101 1102 1104 1106 1107 1108
645 643 644 647 649 651 1416
800 795 797 798 799 804 963 1480 1893 1972
304 307 308 1594
1660 481 1657 1661 1662 1663 1665
1701 1696 1698 1699 1700 1702 1704
307 311 312 313 406 1046 1912
397 391 393 395 398 399 400 401 402 403 512
1283 780 1277 1278 1279 1284 1285 1286 1287 1288 1323 1471
308 847 1303 1738
1496 1074 1490 1491 1498 1499 1500
1594 1443 1588 1589 1590 1591 1592 1595 1596 1598 1599 1600 1963
310 312 315 316 521 1055 1211 1590
311 312 313 316 989
1987 1939 1981 1983 1985 1986 1988 1990 1991 1992
312 315 316 1247
371 365 367 368 373 375 377
844 585 839 841 842 847 848 1675
313 315 316 318 319
406 400 401 402 403 404 405 407 409 410 411
1046 1042 1043 1044 1045 1048 1049 1050 1051 1052 1839
1912 1907 1908 1909 1910 1911 1913 1914 1915 1916 1917
847 537 754 841 842 848 851 853 1011 1840
1303 1297 1298 1299 1300 1301 1305 1306 1307
1738 770 1733 1734 1736 1739 1741
315 316 320 321 514 1097 1299 1390
456 450 451 452 453 454 458 459 460 462 1049
1862 1857 1858 1860 1861 1863 1867 1868
1953 950 1947 1948 1949 1950 1951 1952 1955 1956
316 318 319 320 321 322
521 518 519 522 523 524 526 527 906 1574
1055 465 674 1049 1050 1051 1052 1053 1057 1058 1059 1061 1772
1211 393 1205 1206 1207 1208 1209 1210 1214 1215 1217
1590 1148 1543 1584 1589 1591 1592 1595 1596
989 519 983 984 988 992 995 1834
1247 1241 1242 1243 1244 1245 1246 1248 1249 1250 1253
318 319 320 321 323 324 629 638 1152
319 320 321 322 323 324 325
320 321 322 323 324 326 561
1420 321 813 1416 1417 1419 1422 1423 1425 1426 1927
321 322 323 324 326 1310
514 508 510 511 512 518 579 1537
1097 1091 1093 1098 1100 1101 1102
1299 404 1294 1295 1297 1298 1300 1301 1302 1305
1390 1135 1385 1389 1391 1393 1394 1395 1396
322 323 324 325 326 327 544 1766
323 324 325 326 327 572 1453
534 472 528 529 530 533 536 537 538 539 713
1197 1191 1192 1194 1195 1198 1200 1201
1271 341 1265 1268 1270 1273
324 325 326 327 1434 1693 1814
629 623 627 628 630 631 633 635
638 633 635 636 637 640 641 643 644 753 1663
1152 1146 1147 1148 1151 1153 1154 1155 1156 1157 1158
325 326 557 637
326 332 1044 1746
561 555 556 557 558 559 560 562 563 567
1310 1057 1306 1307 1309 1311 1312 1314 1316
327 332 333 1709
544 538 539 540 546 1028
1766 773 1013 1214 1710 1737 1760 1761 1762 1767 1769 1771
572 566 568 569 573 574 575 578 1216
1453 864 1448 1449 1451 1452 1456 1457 1458 1459
1434 1429 1430 1431 1432 1437 1439 1756
1693 536 1687 1690 1692 1695 1696 1698 1699
1814 1105 1430 1808 1809 1813 1819 1820
557 552 553 555 556 558 559 560 562 563 578 713
637 497 631 635 636 640 641 643
332 333 334 336
1044 1038 1039 1042 1043 1045 1047 1049 1050
1746 1128 1741 1745 1747 1748 1749 1750 1751
333 334 335 336 339 1687
1709 1704 1708 1710 1712 1932
334 335 336 339 1023 1323
335 336 339 341
425 419 421 424 428 430 431
1870 656 1867 1868 1869 1871 1872 1873 1874 1875 1876
336 339 341 342
1095 460 956 1092 1093 1094 1098 1100 1101
1784 1758 1778 1779 1781 1782 1783 1789
339 341 342 964
1687 970 1353 1681 1683 1685 1690 1692
1023 1011 1019 1020 1021 1028 1029
1323 640 1319 1321 1322 1326 1329
341 342 347 1819
342 347 348
964 959 962 963 965 967 968 969 970 1378
1000 994 995 997 1001 1004 1005 1006
347 350 351 352 353
1819 1813 1817 1820 1824 1825
348 350 351 352 353 354 853
350 352 353 354 356 1500
351 352 353 354 356
1385 1379 1389 1391 1949
352 353 354 356 558
1454 592 739 1231 1448 1449 1451 1452 1457 1458 1459 1460
353 354
354 356 360 1012 1254
853 735 851 854 855 859
574 568 569 573 575 577 579 580 1990
356 360 362 871
1500 506 1495 1498 1499 1505
558 552 555 556 559 560 562 563 1669 1947
360 362 363 364 365
1012 1006 1007 1009 1011 1013 1014 1015 1017
1254 846 1248 1250 1253 1255 1256 1298 1876 1910
362 363 364 365 367 368
871 665 866 867 872 873 875 876
363 364 367 368 369 733 851 1893
689 513 683 686 688 691 693 1206 1776
1691 994 1602 1690 1694 1696
364 365 367 368 369
1258 912 1021 1253 1255 1256 1260 1261 1264
365 367 368 369 443 1825
391 385 389 393 395 1181
703 698 702 704 705 708 997 1544 1968
1774 453 1532 1569 1769 1771 1772 1775 1776 1777
1871 1867 1868 1869 1872 1873 1874 1875 1876 1877
367 368 369 373
368 369 373 374
369 373 374 375
733 727 728 729 731 732 734 735
851 846 848 854 855 857
1893 1136 1891 1894 1895 1896 1897 1898
443 437 440 441 444 445 446 448
1825 1820 1823 1824 1826 1827 1828 1830 1891
611 605 610 613 614 615 617
373 374 375 377 1754 1945
374 377 380 465
375 377 380
569 566 567 568 570 573 575 1285 1895
695 417 595 691 693 698 701
1229 1223 1228 1230 1232 1233 1234 1235
377 380 381 382
1144 1138 1139 1141 1142 1143 1146 1147 1148 1185
1579 1378 1517 1574 1575 1576 1577 1581 1582 1583 1911
1754 1749 1751 1755 1756 1758 1759 1760
1945 864 1371 1941 1942 1944 1948 1951
380 381 382 383 384 386 590 825
465 460 462 464 466 467 468 469 1121
381 382 383 384 385 386
382 383 384 385
809 803 804 806 808 811 812 814 833
383 384 386 389 1207 1860
384 385 386 389 518 579 1408
667 661 662 664 665 666 668 1423
1625 1619 1620 1621 1623 1624 1628 1629 1630 1631
386 385 389 1125
590 585 588 589 591 592 594 595 919 1019 1396
825 819 822 823 827 828 831
385 389 742 1302 1307
389
1207 1201 1205 1206 1208 1209 1210 1213
1860 1064 1855 1857 1858
518 512 513 519 522 524 1582
579 573 575 577 578 580 583 584 585
1408 1402 1403 1404 1406 1407 1409 1410 1412
742 738 739 740 741 743 746 747 748 1932
1302 1297 1298 1300 1301 1305 1306 1307 1308 1927
1307 1288 1305 1306 1308 1309 1312
1125 539 1120 1121 1122 1124 1128 1130 1844
393 398 399 1429 1677
837 496 831 832 833 836 839 841 1341 1917
1964 1960 1965 1967 1968 1970
1970 1129 1237 1965 1967 1968 1971 1972 1973 1974
395 398 399 400 401 474 866
1181 1176 1177 1183 1184 1185 1186 1960
398 399 400 401 402 403 404 731
748 746 747 749 752 753 754 1956
936 623 927 932 933 934 937 938 939 942
1661 1554 1657 1662 1663 1664 1665 1666 1710
1692 1188 1690 1695 1696 1698 1988
399 400 401 402 405 691 1185
1429 1423 1426 1430 1432 1433 1435
1677 1672 1673 1675 1676 1678 1679 1683
400 401 402 403 405 1867
401 402 403 404 407
474 468 469 472 476 477 493 1158
866 860 862 864 867 872
928 922 923 924 927 929 932 933 934 962
939 622 933 934 937 938 942 944
1855 1849 1850 1851 1852 1853 1857 1858 1861
402 403 404 407 408 610
403 404 405 407 408 409 1898
512 506 507 508 509 510 511 513 1751
404 405 407 408 409 410 1376 1511
731 725 726 727 728 729 730 732 734 735 1956
405 407 409 410 532 856 1186
691 428 636 685 686 688 693
1185 1182 1183 1186 1187 1188 1189 1190 1191
1867 598 1861 1863 1868 1869
407 408 409 410 411 1372
408 409 410 411 414 1205 1765
610 604 605 614 615 616 1991
409 410 411 414 415 927 1322
1898 1195 1553 1894 1895 1896 1897 1901 1904
410 411 414 1216
1376 1371 1372 1374 1377 1378 1379
1511 445 1362 1505 1507 1510 1513 1517
532 526 527 528 529 530 533 536 538 1533
856 698 854 855 857 859 860 862 1032 1885
1186 1082 1183 1188 1189 1190 1191 1192 1233 1404
411 414 417 803 1484 1696
1372 1366 1367 1371 1374 1377
414 415 419 746 1844
1205 1200 1201 1206 1209 1210
1765 790 1759 1760 1762 1767 1769 1771
415 419 421 1314 1631
927 922 924 929 932 1393
1322 1319 1321 1324 1326 1327 1328 1736
1216 656 1210 1213 1214 1215 1219 1220 1221
417 419 421 704 1440
803 797 798 799 802 804 808 983
1484 1480 1486 1488 1489 1490 1679
1696 1690 1695 1698 1699 1700 1702
729 723 725 726 727 728 734 735
419 421 424 891 1771
1114 730 1111 1118 1120 1409 1557
746 740 741 743 747 749 751 752
1844 1839 1840 1842 1849 1850
421 424
1314 1270 1308 1309 1312 1316 1317 1319 1416
1631 1628 1629 1630 1634 1636 1637 1920
865 859 862 864 867
704 698 700 701 702 705 706 708 710
1440 1435 1437 1438 1439 1442 1443 1446 1554
480 477 479 482 483 484 1176 1547
1273 1268
1874 633 663 908 980 1768 1869 1872 1873 1877 1878 1880
424 428 430
891 885 886 887 889 890 892
1771 502 1767 1768 1769 1772 1775 1776 1777
1873 1868 1869 1872 1875 1876 1877 1878
428 431 432 728 1077
656 652 653 654 655 658 659 660 661 662 1663
1077 1072 1078 1080 1082 1083
706 700 701 702 705 708
1540 1534 1535 1536 1537 1538 1543 1544 1545
430 431 432 436 498
431 432 436 437
432 436 437 967 1146
1685 533 1679 1680 1681 1683 1690
728 725 726 727 730 732 734
436 437 440 441 1151 1158
498 476 492 493 494 495 500 501 502 503 504 1257
437 440 598 1849
967 553 963 965 968 969 970 971 972 973
1146 540 842 1141 1142 1143 1147 1151
908 906 911 912 913 914
1948 1803 1906 1942 1944 1949 1950 1992
440 441 444 446 1069
537 450 538 539 540 1270 1880
821 735 817 819 822 827
441 444 445 446 1277
792 786 788 789 790 795 797 798 1729
1151 1147 1148 1154 1155 1156 1157
1158 831 1154 1155 1156 1157 1161 1164
598 491 594 595 599 601 602 1535
1849 1249 1843 1845 1850 1851 1852 1853
444 445 446 448 450 957
445 446 448 450 451 1789
1017 1011 1014 1019 1020 1021
446 448 451 1613 1621 1670
1069 1015 1063 1064 1067 1068 1071 1072 1074 1257 1700
1277 827 1279 1280
448 451 452 453 454
492 486 488 489 490 491 493 494 496 497
1430 773 959 1047 1424 1433 1435
450 451 452 453 454 818 1834
957 951 953 955 956 959 963 1495 1886
451 453 454 773 973
1789 1309 1783 1792 1793 1795
1613 1021 1609 1610 1611 1612 1614 1615 1617 1618 1619 1704
1621 1349 1615 1616 1617 1618 1619 1620 1622 1623 1624
1670 1317 1611 1664 1665 1668 1669 1675 1676
452 454 458 1538
453 458 459 1210
454 458 459 460 725 1943 1960
496 491 493 494 495 497 499 501 502
818 813 814 819 823 1834
1834 578 1346 1443 1828 1830 1831 1839 1840 1929
773 770 772 774 776 1641 1861
973 969 971 972 974 979 1714
458 459 462 463 464
1538 1532 1533 1534 1535 1537 1544
459 460 462 463 464 922
1210 649 1206 1208 1214
460 462 463 464 466
725 720 721 723 730 914 1935
1943 1939 1942 1947 1949
1960 553 836 1955 1956 1963 1965
683 677 684 685 686 688
1091 1085 1086 1088 1089 1093 1094 1177 1270 1329
462 463 464 466 467 468
1049 1043 1045 1047 1048 1050 1051 1053 1398
463 464 467 468 469 1102 1897
464 466 467 468 469 1321
922 918 919 923 924 1919
466 467 468 469 472 1353 1630
1470 673 1209 1464 1465 1466 1467 1468 1471 1472 1473 1475
467 468 469 472 756 1401 1583
468 469
469 472
1102 562 1098 1101 1104 1107 1108
1897 1891 1892 1894 1896 1899 1900 1901
1321 1316 1317 1319 1324 1326 1327 1550
1121 1115 1118 1120 1122 1124 1126
472 476 477
1353 1347 1348 1351 1352 1355 1356 1358 1359
1630 1624 1629 1636
756 751 752 753 754 758 759 762
1401 1395 1396 1398 1400 1402 1403 1404 1407 1556
1583 784 1034 1581 1582 1584 1589 1768
476 477 479 481 482 882
477 479 481 482 483
479 481 482 483 484
560 555 556 559 562 563 566 921 1341 1403 1505
493 488 489 490 495 497 499 567
481 482 483 486 552 1843
1452 563 1446 1448 1449 1451 1457 1458
1628 1622 1623 1624 1629 1634
1694 1690 1695 1698 1700
1767 1761 1769 1772
482 483 484 486 488
882 876 877 878 880 883 885 886
483 484 486 488 489
484 488 489 490 1523
1176 1172 1174 1175 1178 1182 1200 1922
1547 587 1543 1545 1550 1551 1553 1916
486 488 489 490 491
552 546 548 555 556 710
1843 755 1840 1842 1845
488 489 490 491 494
489 490 491 494 495
490 491 494 495 1712
1523 1062 1517 1518 1519 1521 1522 1524 1526 1527 1528
491 494 495 497 1332
529 523 527 528 530 533
1702 1699 1700 1704 1708
1926 1835 1923 1925 1927 1928 1929 1930 1932
494 495 499 500
495 497 499 500 501 1139
1712 1475 1708 1714 1717 1718
497 499 500 501 502 570 1777
1332 1327 1328 1329 1331 1336
499 500 501 502 503 504 505
567 562 563 566 568 570 573
500 501 502 504 505 506 613
501 502 503 506 507
1139 1134 1135 1136 1137 1138 1141 1142 1143
502 503 505 507 508 1155
570 566 568 573 575
1777 1772 1775 1776 1782
503 505 506 507 508 509 1270
504 505 506 507 509 510 795
1257 1007 1253 1255 1260 1261 1262 1263 1881
505 506 507 508 509 510 511 1519
506 508 509 510 511 799 1398
613 614 615 616 617 618 813
507 508 509 510 511 513
508 509 511 513 827 1221
1155 1153 1154 1156 1160 1161
509 510 511 513 1219
1270 1264 1265 1268
510 511 513
795 789 790 797 798 799
511 513 1527
1519 1242 1513 1516 1518 1524
799 797 798 802 804 1486
1398 1393 1394 1396 1399 1402 1403
513 519 1790
827 822 823 828 831 832 833
1221 1215 1217 1219 1220 1223 1419
1219 819 1213 1214 1215 1217 1220
1527 877 1521 1522 1524 1526 1530 1531 1532 1533
1751 1319 1745 1747 1748 1749 1750 1755 1756 1757
519 522 1394
1790 979 1791 1792 1793 1795
1537 676 1531 1532 1533 1534 1535 1536 1543
522 524 526 527 1403
1726 1722 1723 1729 1731
523 524 526 527 528 1896 1944
892 886 887 889 890
524 526 527 528 530
1582 1576 1577 1581 1584 1588
1394 1389 1391 1393 1395 1400 1664
526 527 528 1250
1406 1400 1402 1404 1407 1409 1410 1412
527 528 530 533
906 584 900 901 911 912
1574 1524 1568 1569 1572 1575 1576 1577
1403 943 1402 1404 1407 1409
528 530 1433
1896 806 1891 1894 1895 1899 1900 1901
1944 1448 1939 1941 1942 1947 1949
530 536
1250 1244 1245 1246 1248 1253 1256
533 536 539
1433 1431 1432 1435 1437 1438 1439
536 538 539 540 1620
538 539 540 1076 1584 1778
1533 1531 1532 1534 1535 1536
539 540 545 887
713 708 710 718 1058
540 545 546
1263 1260 1261 1262 1264 1265 1268
1612 1606 1609 1610 1611 1614 1615 1616 1617 1618
1620 1614 1615 1616 1617 1622 1623 1624
1880 727 1745 1875 1876 1877 1881 1885 1983
1076 1071 1072 1074 1078 1082 1534
1584 1581 1588 1589
1778 1772 1775 1776 1779 1781 1782
545 546 1238
887 883 886 890
546 548
836 831 841 842 1588
1615 1609 1610 1611 1614 1616 1617 1619
548 553 1480
1078 963 1072 1074 1080 1082 1083 1084
823 817 819 822 828 1086
1524 1518 1521 1522 1526
1028 1029 1030 1032 1033 1034
1238 802 1233 1234 1235 1239 1240 1241 1242 1243 1244
553 555 556 743
1480 1475 1486
555 556 559 1295
1598 1595 1596 1599 1600 1602 1603 1717
556 559 562
710 705 708 716 1305
743 738 740 741 747 749
559 562 563 1188
1295 1160 1209 1291 1294 1297 1300
562 563 566 568
563 1074 1699
578 573 575 577 580 581
1669 1543 1664 1666 1668 1672 1673
1947 1731 1941 1942 1949 1950
1188 1182 1183 1184 1187 1189 1191 1194
566 568 1722
921 915 923 924 1255
1341 1335 1336 1343 1345 1347
1505 1052 1510
568 573
1074 1068 1071 1072 1080 1128 1446
1699 1659 1695 1700 1704
1977 1971 1972 1973 1974 1983
1126 726 1120 1122 1124 1127 1129 1130
1680 716 1675 1676 1679 1681
1722 1716 1717 1718 1723 1725
573 575 577
575 577 580 581 585
1285 1279 1280 1284 1286 1288 1291
1895 974 1889 1892 1894 1899 1900 1901
577 580 581 583
1609 1603 1606 1610 1611 1614
580 581 583 584 585 1807
1990 734 1984 1985 1988 1991 1992
581 583 584 585 1924 1950
585 583 584 588 591 1431
1591 1165 1588 1589 1592 1595 1596 1951 1979
583 584 588 589
584 588 589 701
1807 923 1801 1802 1803 1804 1808 1811 1812
1924 628 1919 1922 1925 1927 1928 1929 1930
1950 1949 1951 1952 1955 1956
587 588 591 592 1015 1326
588 589 591 592
589 591 592 594 595
701 698 700 705
591 592 594 963 1828
1431 1425 1426 1432 1435 1437
592 595 1410
1015 1009 1013 1014 1019 1020 1021
1326 1324 1327 1328 1329 1331 1791
594 599 600 723
595 599 601 622
919 914 915 923 924 1629
1019 786 1014 1020 1021
1396 618 953 1098 1391 1393 1399 1400 1402
963 958 962 968 969 1352
1828 1822 1823 1824 1826 1827 1829 1830 1831 1832
1410 1404 1409
599 600 601 602 603 604 605
600 601 602 603 1067 1141 1499
723 718 720 726 727 1553
601 602 603 605 911 1985
622 616 617 620 621 623 627 628 1845 1928
857 854 855 859 860 1053
1298 1294 1297 1300 1301
602 603 604 605 1797
603 604
877 872 876 880 883 937
1535 1530 1531 1532 1534 1878
604 605 1228
605
1067 652 1061 1062 1063 1064 1065 1068 1072
1141 1135 1136 1137 1138 1142 1143 1147
1499 832 1495 1498
911 912 913 914 915
1985 1979 1981 1984 1986 1988
1797 1402 1675 1791 1792 1793 1796 1799 1801 1802
1228 1222 1227 1230 1232 1233 1234
1827 1822 1824 1826 1829 1830 1831 1832
700 698 702
1013 846 1007 1009 1014 1904
1442 1063 1437 1438 1443 1446 1448
1783 1779 1781 1782
614 615 616 617 618 619 620 790 1530
705 702 708 1565 1993
1399 1122 1393 1395 1400 1404
615 616 617 618 619 620 621 1755
1297 1291 1294 1301
616 617 618 619 620 621 1769
1991 878 1416 1986 1988 1993
617 618 619 620 621 623 951
618 619 620 621 623
813 808 811 812 814 819
619 621 623 1177 1378 1389
620 623
790 784 788 789 1230 1360
1530 1526 1528 1531 1532 1534
621 623 627 1451
1755 1749 1750 1756 1757 1758 1759 1761
1769 1768 1772 1775
623 628 873 1733
951 948 949 950 953 955
1177 1172 1174 1175 1178 1182 1183
1378 1374 1377 1379
1389 1391 1395
627 628 630 631 633
1451 1445 1446 1448 1449 1456 1457
628 630 631 633
1845 848 1840 1842 1850 1851
1928 1922 1923 1927 1929 1930 1932 1933 1934
873 867 872 875 876 878
1733 1731 1734 1736 1737 1739
630 631 633 635 738
631 633 635 636
1876 1489 1875 1877 1878 1881 1882
1925 1160 1922 1923 1927 1929 1930
633 635 636
635 636 640 641
738 734 735 739 741 1749
636 640 641 974 1169
1465 1287 1460 1461 1463 1464 1466 1467 1468 1471 1851
640 641 643 842
641 643 644 647
974 968 969 970 976 979 980
1169 1071 1164 1165 1166 1168 1175 1741
643 644 647 649
644 649
753 747 749 751 752 754 755 758
1663 1657 1659 1662 1664 1665
730 726 727 734 1992
822 817 819 828
934 929 932 933 937 938 1196
1521 1516 1517 1522
1802 1796 1798 1799 1801 1803 1804 1806 1808
842 839 841 846 848
647 651 652 653 1200 1644
944 938 942 943 948 950
649 651 652 653 654 655 1596
651 652 653 654
1416 1412 1415 1422
1566 1563 1564 1565 1568 1569 1588
1968 1963 1971 1972 1973 1974
652 653 654 655 657 658
653 654 655 657 658 659 1174
1200 1194 1195 1196 1198 1201 1206
1644 663 1638 1639 1641 1642 1646
654 655 657 658 659 660 673 885
1690 1695
655 657 658 659 660 661 798
1596 1592 1595 1599 1600 1601
657 658 659 660 661 662 663
658 659 660 661 662 663 664 1148
659 660 661 662 663 664
1174 1168 1172 1175 1178
660 664 665 666 788 1156 1365
673 669 670 671 674 676
885 880 883 886 889 890
661 662 664 666 1881
798 797 802 804
662 663 664 665 666 668 1426
663 664 665 666 668 669 1038
664 665 666 668 669 670
1148 1142 1153 1154
665 666 668 670 671 1911
666 668 669 670 671
788 782 783 786 789
1156 1045 1153 1154 1157 1161
1365 1059 1360 1362 1366 1791
1881 1618 1875 1877 1882 1883 1885 1886
668 669 670 671 674
1426 1422 1423 1425 1432
669 670 671 674 749 1577 1861
1038 1033 1034 1035 1037 1039 1042 1043 1182
670 674 1781
671 674 676 677
1911 1906 1907 1908 1909 1910 1913 1915 1916
1423 1137 1419 1422 1424 1425
674 676 677
749 747 751 752 755
1577 1063 1572 1575 1576
1861 1857 1858 1863
1781 1775 1779 1782
676 677 1419 1704
677
1915 1909 1910 1913 1914 1916 1917 1919
1967 1963 1965 1971 1972 1973
1419 1415 1422 1425 1565
1704 1698 1700 1708 1710
684 685 686 688 1934
685 686 688
686 688 1600
1823 1817 1820 1822 1824 1826 1829
1885 1309 1415 1575 1882 1883 1886 1889 1891
688 693 1230 1359
1934 1929 1930 1932 1933 1936 1939
1600 1595 1599 1601 1602 1605 1606 1829
693 770
1230 1227 1234 1236 1317
1359 1355 1356 1357 1358 1360 1362
1206 1201 1208 1209
1776 1772 1779 1782
1020 1014 1021 1227
1244 1240 1241 1242 1243 1245 1248 1249
1678 1673 1675 1676 1679 1683
698 1357
1052 1047 1048 1050 1057 1058 1278
1101 1098 1100 1104 1105 1106 1107
770 764 765 769 772 774 776
702 708 1062 1993
1342 1336 1345 1346 1348
1357 886 1351 1352 1355 1356 1358 1362
708 712 714
1062 1056 1057 1059 1061 1064 1065 1068
1993 1136 1988
997 992 1001 1448
1544 1543 1545 1549 1550
1565 1559 1564
1231 1157 1227 1232 1233 1234 1235 1236 1237
712 714 716 718 835 984 1058
714 716 718 720 1308
899 780 900 901 1936
716 718 720 721 741
1305 1300 1301 1306 1311
1681 1309 1675 1676 1679 1683 1877
718 720 721 1919
835 832 839 841 1536
984 979 981 983 988 1554
1058 1053 1056 1057 1059 1061 1063
720 721 1536
1308 846 1306 1309 1311 1312 1826
721 726 727 1311
741 735 739 740 747 1932
1094 1089 1093 1098 1100 1700
1806 1634 1801 1803 1804 1809 1811 1812
1919 1913 1914 1916 1917 1920 1922 1923
779 774 776 780 782 783 786 1901
1425 1422
1536 1531 1532 1534 1761 1782
726 727
727 732
1311 1306 1312 1316 1317
1005 1001 1004 1006 1007 1008 1009 1011
1553 780 1549 1550 1551 1556 1557 1558 1559
762 734 759 760 763 764 765 948
914 913 915 918
1935 1639 1930 1932 1936 1939 1941
732 734 735 1242 1448
734 740
735 739 1043
1992 1986 1988
1956 1951 1952
1242 1236 1237 1239 1240 1241 1243 1246 1248 1747
1448 1443 1446 1449
740 1683
739 1009 1279
1043 1039 1042 1045 1047 1048
1241 1235 1237 1239 1240 1243 1245 1246 1637
1749 878 1745 1750
1009 1004 1007 1008 1014
1279 1280 1284
1683 1679 1869
747 751 752 1892 1983
1932 1927 1929 1930 1933 1936
751 752 755 1605
752 755 758
1892 1498 1886 1889 1891 1894
1983 1979 1984 1986 1988
754 759 760 1268 1933
755 758 759 760 950
1605 780 1599 1601 1602 1603 1606
758 759 763 1723 1972
759 760 763 764 765
760 763 764 765 981
1268 1262 1264 1265
1933 1929 1930 1939
950 948 949 953 956 1278
763 764 769 1184
1495 1489 1490 1498
1723 1717 1718 1725
1972 1971 1974
764 765 769 1371
765 769 771
981 915 976 979 980 983 1739
814 808 811 812 819 1235
948 942 949 953
769 771 774 1822
1184 1178 1182 1183 1187 1189 1190
1371 1366 1367 1374 1377
771 772 776 958 969
772 776 1011 1217
774 776 780 1222
1822 1817 1820 1824
776 780 782
958 953 955 956 959 962 1528
969 965 968 970 971 972
1011 1006 1007 1008 1014
1217 1213 1214 1215 1220 1222 1223
1641 1317 1636 1637 1638 1642 1646
780 782 783 784 786
1222 1157 1220 1223 1227
782 783 784 786
783 784 786 789
784 786 789
786 789 1056
1901 1223 1899 1900 1904 1906 1907
789
1869 1863 1868 1872 1875
1056 1050 1051 1053 1057 1059 1061
1941 1245 1936 1939 1942
1360 1355 1356 1358 1362 1366
797 802
1729 1725 1731 1734
1412 1407 1409 1417
1232 912 1227 1233 1234 1235 1236 1237
802 804 806 808 1343 1882
804 806 808
1486 1488 1490 1491
806 811 812 1233
808 811 812 1286
1343 1345 1346 1347 1348 1349 1551 1717
1882 1878 1883 1886
983 979 980 988
933 929 932 937 938
811 812 817
812 817
1233 1227 1234 1235 1236 1237 1239
1563 1557 1558 1559 1564 1568 1569
1286 1280 1284 1287 1288 1291 1355
833 828 831 832 839 1622
817 819 1240
819 1908
1235 1234 1236 1237 1239 1240
1154 1153 1157 1160 1165
1240 1236 1237 1239 1243 1246
1908 1904 1906 1907 1909 1910 1913 1914
1106 1100 1104 1105 1108 1110 1111 1672 1910
828 831 832
1086 1080 1082 1083 1085 1088 1089 1092
1745 1739 1741 1747 1750
831 832
832
1549 1543 1545 1550 1551 1554 1555
839 841 1030 1883
1622 1616 1617 1618 1619 1623 1624
841 846 1182
1588 1545 1592
1917 1668 1913 1916 1920 1922 1923
1030 1029 1032 1033 1034 1035
1883 1877 1878 1886 1889
846 1973
1182 1084 1178 1183 1187
848 854 1637
1803 1798 1799 1804 1808 1809
1675 1672 1673 1676 1679 1725
1973 1811 1971 1979
1840 1835 1839 1842
854 855 860 1714
1637 1190 1634 1636 1638 1639 1642
855 859 860
1249 1048 1246 1248 1253 1255
1346 1345 1347 1349 1351 1352
859 860 862 864 1872
860 862 864
1714 880 1708 1710 1716 1717 1718
862 864 867
1032 1029 1034 1035 1037
1053 1048 1051 1059
864 867
1872 1868 1875 1877 1878
867 872 1278
1839 1842
872 875 876 878 976
1278 1280 1718
875 876 878
876 878 880
878 883 1555
976 970 971 972 979 980
880 883 886
883 886 889 1576
937 932 938 942 943
1555 1550 1551 1554 1557 1558 1559 1560
886 889 890
889 890
1576 1572 1575
890
1798 1037 1792 1793 1795 1796 1799 1804 1868
1668 1345 1662 1664 1665 1666 1673
900 1100
901 923 1464
1936 1930 1939
1100 1098 1105 1601
923 918 924 929
1464 1458 1459 1460 1461 1463 1466 1467 1468
1143 1138 1142 1147
918 913 915 924
912 913 915 1001
913 915 1984
915
1006 1001 1004 1007 1008
1001 1004 1007 1253
1984 1391 1662 1979 1986 1988
1665 1659 1662 1664 1666
924 929
1629 1623 1624
1611 1606 1610 1614 1616 1617
1255 1253 1256 1260 1261
929 932 1526
932 988
1393 1391 1395
962 959 965
1526 1491 1522 1531 1532 1734 1971
1048 1042 1047 1050 1051
988 992 994
938 942 943
1196 1190 1191 1192 1194 1195 1201
1748 1057 1168 1194 1750 1955
942 943
943 949
949 953 955
1510 1507 1512 1516
953 955 959 1409
1294 1288 1291 1300
955 956 959 1080
956 959 1757
1952 1084 1955
959 965 1316
1409 1404 1407 1415
1907 1417 1909
1080 1082 1083 1084
1757 1756 1758 1759 1760 1761 1762
1886 1198 1889 1891
1528 1047 1531 1532 1534
965 968 970 971 1650
1316 1312 1317 1459
1698 1695 1700
1153 1147 1157
968 970 972 1812
1352 1347 1348 1351 1355 1356 1358
970 971
971 1377
1650 1645 1646 1651 1653
972 1894
1812 1808 1809 1811 1813 1817
1377 1379
1894 1489 1889 1899 1900
979 980
980
1459 1456 1457 1458 1460 1461
1245 1239 1243 1248 1760 1986
1466 1460 1461 1463 1467 1471 1472
1739 1239 1734 1736 1737 1835
1554 1550 1558 1559 1560 1741 1878
992 994 995 1050
994
995 1047 1215
1050 1047 1051
1047 1042 1045 1051 1236
1215 1209 1213 1214 1220
1004 1007 1008 1648 1835
1007 1008 1672
1253 1248 1256
1008 1014 1731
1648 1560 1642 1646 1651 1653
1835 1830 1831 1832
1672 1666 1673 1676
1014
1731 1725 1734 1736 1737
1904 1092 1899 1900 1906 1909 1910
1021
1175 1172 1178
1227 1456 1595
1878 1875 1877
1029 1033 1034 1035
1110 1104 1107 1108 1111 1115
1033 1034 1037 1039 1939
1045 1039 1051
1513 1507 1512 1516 1517 1518
1559 1557 1558 1560 1564 1951
1034 1035 1037 1039
1035 1037 1039 1358
1037 1039 1042
1039 1042
1939 1942
1358 1356 1362
1042
1237 1234 1239 1312 1491
1051 1057
1236 1234 1239
1057 1059 1063 1664
1059 1061 1063 1064 1065
1061 1063 1064 1065 1066
1772 1768 1775
1063 1064 1065 1066 1068
1664 1659 1666
1064 1066 1068
1065 1066 1071
1850 1852 1853
1066 1068 1071 1072
1068 1071 1072 1618 1820
1071 1072
1072
1618 1614 1616 1617 1619 1623 1624
1820 1817 1826
1700 1572 1695
1092 1089 1093 1098
1128 1122 1124 1127 1129 1130 1134
1446 1443 1449
1082 1083 1084 1085 1088
1534 1531 1762
1083 1084 1085 1088 1089
1084 1085 1088 1089
1085 1088 1089
1088 1089 1093
1089 1093
1093 1098
1329 1324 1327 1328 1331 1335
1098 1104
1104 1105 1107
1105 1107 1108 1111
1601 1265 1595 1599 1603
1107 1108 1111
1108 1111
1111 1115 1243
1910 1438 1775 1906 1909 1913 1914
1115 1118 1120
1610 1572 1606 1614 1616
1243 1239 1246 1248 1284
1118 1120 1122 1124
1120 1122 1124
1557 1551 1558 1560
1122 1124 1127
1347 1345 1348 1349 1351
1124 1127 1129 1130 1710
1166 1160 1161 1164 1165 1168 1172
1127 1130
1129 1130 1134 1135 1198
1130 1134 1135 1136
1710 1716
1134 1136 1137 1138 1616
1135 1136 1137 1138
1198 1194 1195 1201
1136 1137 1138 1142
1137 1138 1142
1138 1142 1716
1616 1614 1617
1142 1147
1716 1717 1718
1147
1391 1395
1157 1160 1161
1160 1161 1165 1922
1165 1161 1164 1168
1161 1164
1164 1168
1922 1312 1916 1920 1923 1927
1168 1172 1424
1172 1178
1424 1422
1741 1736 1747
1178 1183
1183 1187 1189 1351
1187 1189 1191 1192 1852 1900
1189 1190 1191 1192 1194 1195
1351 1345 1348 1349 1355 1356
1190 1191 1192 1194 1195
1191 1192 1194 1195
1192 1194 1195 1374
1404 1402 1407
1852 1851 1853 1857 1858
1900 1899 1906
1194 1195 1516 1725
1195 1201
1374
1246 1248
1516 1512 1517 1518 1522
1725
1201
1407 1402
1208 1209 1213 1214
1556 1550 1551 1558 1560
1209 1213 1214
1979 1974 1981
1213 1214
1214 1220
1220 1223
1223 1280
1280 1284
1653 1651 1657 1659
1737 1734 1736 1891
1456 1457 1460 1532
1595 1589 1592 1599
1234 1239
1317 1319
1239
1312 1306 1309
1491 1449 1488 1489
1248
1747 1432 1750
1284 1287 1288 1829
1760 1291 1756 1758 1759 1762 1891
1986 1981 1988
1256 1260 1261 1262
1260 1261 1264 1265 1913
1261 1262 1264 1265
1262 1264 1265
1264 1265
1265
1651 1645 1646 1657
1913 1909 1914
1400 1395
1718 1717
1287 1288 1291
1775 1759 1779
1288 1291
1471 1467 1468 1472 1473 1475
1829 1362 1824 1826 1830 1831 1832
1291
1355 1349 1356
1438 1432 1435 1437 1443
1300 1301 1306
1301 1306
1306 1309
1927 1517 1923 1929 1930
1309
1826 1824 1830 1831 1832
1319 1324
1463 1457 1458 1460 1461 1467 1468
1324 1327 1328
1422 1417
1327 1328 1331
1550 1545 1551
1328 1331
1736
1532 1531
1916 1914 1920
1331 1335 1336
1791 1792 1793 1795 1796
1335 1336
1336
1971 1965
1345 1348
1906 1909
1348
1349
1551 1522 1545
1717
1750 1756
1356 1362
1362 1366 1367
1366 1367 1659
1379
1367
1673 1676 1891
1659 1657
1949 1951 1955
1889 1891
1395
1402
1734 1581
1415 1756
1417
1756 1758 1759 1761 1762
1432 1435 1437
1435 1437 1439
1437 1439 1443
1439 1443 1445
1443 1445
1445 1449
1449
1799 1793 1795 1796 1801 1804
1457 1458 1460 1461
1458 1460 1461
1460 1461
1522 1518
1461 1467
1467 1468 1472 1473
1468 1472 1473
1851 1853 1857
1472 1473 1475
1473 1475
1475
1488 1489 1490
1489 1490
1490
1679 1676
1639 1634 1636 1638 1642 1645
1498 1795
1795 1792 1793 1796 1801
1507 1512
1512
1517 1518
1518
1531
1762 1758 1759 1761 1768
1761 1758 1759
1782 1779
1543 1545
1545
1558 1560 1564
1779
1560 1564 1981
1564 1568 1569
1951 1955
1981
1568 1569 1572
1569 1572 1575
1572 1575
1575 1581
1581
1589 1592
1768
1592
1599 1602 1603
1963 1965
1602 1603 1606
1603 1606
1606
1614 1617 1619
1617 1619 1623
1619 1623 1624
1623 1624 1758
1624
1758 1759
1634 1636 1638
1636 1638 1642
1920 1914 1923
1638 1642
1642 1645 1646
1645 1646
1646
1657 1662
1662 1666
1666
1676
1891
1877 1875
1695 1831
1988
1831 1830 1832
1708
1804 1801 1809
1955
1759
1792 1793 1796
1793 1796
1796 1801
1801
1868 1863
1808 1809 1811 1813
1809 1811 1813
1811 1813 1817
1813
1817
1824 1830
1830 1832
1832
1929 1923 1930
1842
1853 1857 1858
1857 1858 1863
1858 1863
1863
1875
1899
1909 1914
1914
1923
1930
1942
1965
1974
