0 1 2 3 681 1997 1998 1999
1 2 3 592 1998 1999
2 3 4 5 680 840
3 5 6 34 111
681 679 680 682 683 684
1997 324 390 1994 1995 1996 1998 1999
1998 209 541 1120 1999
1999 131 809 1847 1996
592 589 590 591 593 595
4 6 7 12
5 6 7 8 652
680 637 677 678 679 682 683
840 54 594 837 838 842 843
6 7 8 9 1560
34 31 32 33 36 37 1830 1882
111 109 110 112 113 114 1213
7 8 1081
12 9 10 11 14 15
8 9 10 11
652 280 650 653 654 1112 1424
9 10 11 1166
1560 1557 1558 1561 1562 1563
1081 1078 1079 1080 1082 1083 1084 1223
10 11 13
11 13 14
1166 795 1163 1164 1165 1168 1169
13 14 16 116 234 1753
14 15 17 1129
15 16 17 18
16 17 18 19
116 113 114 115 117 118 119
234 231 232 235 236 237
1753 1433 1751 1752 1754
17 18 19 20 441
1129 1126 1127 1128 1132 1991
18 19 20 21 1392
19 20 21 22
20 21 22 23
441 113 438 440 442 443 444 1929
21 24 717 1404 1887
1392 1234 1389 1393 1394 1395
22 25 762 1156 1748
23 24 25 26
24 25 26 27 864
717 714 715 716 719 720
1404 716 861 1402 1403 1406 1407
1887 986 1885 1886 1888 1889 1890
25 26 27 28
762 759 760 761 764 765
1156 1057 1154 1155 1157
1748 1745 1746 1747 1749 1750 1751
26 27 29
27 29 30
864 293 835 861 862 863 865 1006
28 30 31 307 1465
29 30 31 32
30 31 33 359
31 32 33
307 304 305 306 308 309 310
1465 1462 1463 1464 1466 1467
32 33 35
33 35 36 1378
359 356 357 358 360 361 362 686 786
35 36 37 38
36 37 38 39 699
1378 103 1376 1379 1380 1381
37 38 39 40 1539
1830 691 1693 1828 1832 1833
1882 304 1879 1880 1883 1885
38 39 40 41
39 40 41 42
699 696 698 700 701 702
40 41 42 43 673
1539 1536 1537 1538 1540 1541 1542
41 42 43 44 634
42 43 44 45
43 44 46 1358 1644
673 70 670 672 675 676 1261
44 46 47 82 1598
634 631 635 636 637 1371
45 46 48 1859
46 47 48 49
1358 1355 1359 1360 1361
1644 1642 1643 1645 1646 1647
47 48 49 50 365
82 80 81 83 84 85
1598 135 893 1595 1597 1599 1600
48 50 51 1510
1859 527 1120 1856 1857 1858 1860 1861 1862
49 50 51 52
50 52 53
365 363 364 366 368 475
51 52 53 54 420
1510 1508 1509 1511 1512 1513
52 53 54 55 73 1576
53 55 286 911
54 56 57 573 1948
420 417 418 423
55 56 57 58 861 1586
73 70 71 74 75 76 1896 1920
1576 1573 1574 1575 1577
286 283 284 285 289 727 1315 1432 1507
911 908 909 910 912 914 1322
56 57 58 1394
57 58 59 60
573 570 571 575 576 1155
1948 99 620 1247 1947 1949 1951
58 59 60 61
861 858 862 863
1586 1584 1585 1587 1588
1394 1391 1393 1395 1396 1397
59 60 61 62 598
60 61 62 63 865
61 62 63 603
62 63 64 65
598 596 600 1994
63 64 65 496
865 862 863 866 868
603 601 602 604 605 606 1632
64 65 66 67
65 66 67 68 439
496 241 493 494 495 498 499 1729
66 67 68 69
67 68 69 70
68 69 70 71 344
439 437 438 440 1771
69 70 71 72
70 71 72
71 74 782
344 341 342 343 346 347
72 74 75 921 1278 1570
74 75 76 933
782 779 780 781 783 784 785
75 76 77 78 737
921 918 919 920 922 923 924 1456
1278 1276 1277 1279 1280 1281
1570 191 1567 1572 1573
76 77 78 79
1896 1893 1894 1895 1897 1899
1920 575 1153 1919 1922 1923
933 930 932 934 935 936 1625
77 78 79 80 408
78 79 80 81
737 132 734 735 736 738 923
79 80 81 1249
80 83 1647
408 223 405 406 538 1131 1206
81 83 84 989 1738
1249 1246 1247 1248 1250 1252
83 84 85 86
1647 392 1645 1646 1648 1649
84 85 86 87 1375
989 648 987 988 990 991 992
1738 277 656 676 1613 1736 1739 1740
85 86 87 88 308
86 87 88
87 88 89 90
1375 1104 1372 1374 1376
88 90 368
308 306 309 310 1814
89 90 91 92 690 778 1295 1956
90 91 92 93
368 165 367 369 370 1302
91 92 93
92 94
690 638 687 688 689 693
778 775 777 780 781 1264
1295 875 1293 1294 1296 1297 1298
1956 1953 1954 1955 1957 1958 1959
93 94 96 185 1127
94 95 96 97 251
96 95 97 98
185 182 184 186 187 188
1127 1124 1125 1126 1128 1130
95 97 98 442
97 98 99 922
251 248 249 250 252 253 254 1921
98 99 100 1186
442 440 445
99 100 148
922 745 920 924 1218
100 101 102 103 944
1186 1096 1183 1184 1185 1187 1188 1449 1984
148 145 146 147 149 151 663 1816
101 102 103 104 1182
102 103 105 1207 1762 1820
103 104 105 106
944 851 942 943 946 947 1814
104 106 107 1335 1449 1880
1182 790 953 1179 1181 1183 1185
105 107 108
1207 1204 1205 1206 1209 1210 1550 1688
1762 1759 1760 1761 1763 1764
1820 1818 1819 1821 1822 1823
106 107 108 109 807 1333
107 108 109 110
1335 1332 1337 1965
1449 931 1446 1450 1452 1824
1880 597 968 1878 1879 1883
108 109 110
109 110 112 932
807 804 805 806 809 810 1462
1333 651 748 1330 1336
110 112 113
112 113 114 918
932 929 930 931 934
113 114 115
114 115 117
1213 271 1210 1211 1214 1215 1913
918 915 916 917 919 920
115 117 118
117 1478
118 120 121 421
119 120 121 122 669 750 1007
1478 471 1475 1477 1479 1480 1481
120 121 123 1037
121 122 123 124 175 574
421 418 419 422 423 424 594
122 123 124 125 926
669 666 667 668 670 671 672 1145
750 747 749 751 752 753 981
1007 1004 1005 1006 1008 1009 1010
123 124 125 126
1037 1034 1035 1038 1039 1040
124 125 126 127 245 744 1067
175 173 174 176 178 1927
574 575 576 577
125 126 127 128
926 923 924 925 929
126 127 129 1899
127 130 809
245 242 244 246 247 248
744 741 742 743 745
1067 1064 1066 1068 1070
128 129 130 131 1962
129 130 132 1808
1899 743 1898 1901
130 131 132 133
809 713 810 811 893 1361
131 133 997
1962 1960 1961 1964 1965
132 133 134 135 577
1808 405 1805 1806 1807 1810 1811
133 135 136
997 507 996 998 999 1000 1810 1868
134 135 136 137 413 760 1091
135 136 137 138 1123 1349
577 576 578 579
136 137 138
137 140 1376
413 410 412 414 415 416 467
760 757 758 759 763
1091 1088 1089 1090 1092 1094 1652
138 139 141 1361
1123 1122 1126 1667
1349 446 675 1350 1351 1352
140 139 141 142 1648
1376 1373 1374 1377 1379
139 141 142 1590 1869
141 142 143 144
1361 200 1360 1362 1364
142 143 144 145
1590 1587 1588 1589 1591 1592
1869 1866 1867 1870 1871 1872
1648 1649 1650 1651
143 144 146 1717
144 145 146 147 1052
145 146 147
146 147 149 556
1717 1714 1716 1718 1719 1720
147 149 150
1052 618 1049 1050 1051 1053 1054 1055
149 150 151 152
556 553 554 555 557 558
150 151 153 668
151 152 153 358
663 660 662 664 665 1408
1816 1813 1814 1815 1817
152 153 759 1767
153 154 155
668 665 666 667 670 671
358 355 356 357 360 361
759 333 756 757 758 761
1767 1329 1764 1765 1766 1768 1769 1770
154 155 156 157
155 156 157 1676
156 157 158 159 471
157 158 159 210 593 1515
1676 1673 1674 1675 1678 1679
158 159 160 161
159 161 162 1520
471 468 469 470 473 474
210 208 209 211 212 213
593 590 591 594 595
1515 1258 1514 1516 1517
160 161 163 753
161 162 163 164
162 163 1051 1217 1459
1520 1517 1518 1519 1521 1522 1523
163 165 166 491
753 751 754 755 756 1791
164 166 167 304 914 1172
1051 1048 1049 1050 1054 1415
1217 1214 1215 1218 1219 1220 1356
1459 515 1457 1458 1460 1462
165 168 362
166 167 168 169
491 488 489 490 492 493 494 1580 1670
167 169 170
304 301 303 305 306 1418
914 705 748 912 913 916 917
1172 1170 1171 1174 1175 1370
168 169 170 171 810
362 360 361 364
169 171 172 1493 1592
170 171 172 173
171 172 173 174
810 808 811 812 813
172 173 174 1025
1493 1491 1492 1494 1495 1496
1592 404 1589 1591 1593 1594 1595
173 174 176
174 176 177
1025 374 1023 1024 1026 1028 1258
176 178 179 1982
177 179 180 1489 1955
178 179 180 181
1927 872 1724 1924 1925 1928 1930
179 182 726 1577
1982 1092 1980 1981 1983
180 181 182 183
1489 1486 1487 1488 1491 1566
1955 1484 1952 1954 1957 1958
181 182 183 184
182 183 184
726 724 725 727 728 729
1577 1574 1575 1578 1579 1580
183 184 186 994 1066 1334
184 186 187
186 187 1980
994 268 991 992 993 995 996 1694
1066 1064 1065 1068 1069
1334 199 1332 1336 1337
187 188 189 190
188 190 191 1415
1980 998 1977 1978 1979 1981 1983
189 190 191 192 1046
190 191 192 193
191 192 193 194
1415 1412 1413 1414 1416 1417 1603
192 194 195
1046 1043 1044 1045 1047 1048 1049
193 194 195 196 1850 1872
194 195 196 231 1446 1838
195 196 197 198
196 197 291 691 1158
1850 1847 1848 1849 1851 1852 1853
1872 1545 1870 1871 1873 1875
231 228 230 233
1446 1309 1443 1444 1445 1448
1838 1835 1836 1839 1840 1841
197 198 200 993
198 199 200 201
291 288 290 292 293 294 812 974
691 688 692 693 694
1158 1155 1159 1160 1161 1241
200 199 203 1897
993 990 991 995 996 1204 1365 1865
199 201 202
201 202 203 204
202 203 205 1443 1507
203 204 205 206 751 1581
1897 1894 1895 1898 1900
204 205 206 207
205 206 207 208
1443 1440 1441 1444 1445
1507 1289 1504 1508 1509
206 207 208 209 1271
751 752 754 1979
1581 949 1578 1579 1580 1582 1584
207 209 660 979 1169 1512
208 211 1453
209 397
1271 1268 1270 1273 1274 1691
660 657 659 662 1624
979 510 642 761 980 981 982 1363 1931
1169 1168 1170 1171
1512 512 798 1315 1509 1511
211 212 213 214
1453 1451 1452 1454 1455 1456 1482 1585 1814
397 394 395 396 398 399 400 1320 1476
212 213 214 215
213 214 215 216
214 215 216 1947
215 216 218 1693
216 217 218 219
1947 1944 1945 1946 1949 1950
218 217 219 220 221
1693 1690 1691 1694 1695 1696
217 219 220
219 220 221 222 406
220 221 222 223
221 222 223 224
222 223 411 532
406 403 407 409
223 224 226 837
224 225 226 227 371
411 409 410 412 414
532 530 531 533 535 996
226 227 228 685
837 834 835 839
225 227 228 239 1369
227 228 229 230 378 1757
371 369 370 372 373 374
228 229 230
239 236 237 238 240 241 242
1369 1366 1367 1368 1370 1372
685 682 683 684 686 688 1525 1721
229 230 232 1904
230 233 894
378 364 375 377 379 380 417 1292
1757 723 1491 1755 1758 1759 1760
232 233 235 502
1904 1901 1902 1903 1905 1906 1907
233 235 236 396
894 891 892 893 895 896 897 1715
235 236 896 1185 1447
502 499 500 501 503 504
236 237 238
396 393 394 395 398 399
237 238 240 903
896 616 893 895 898 899
1185 1183 1184 1187 1188
1447 1444 1445 1448 1450
238 240 241 1260 1635
240 241 242 243
903 900 901 905 1616 1841
241 242 243 244
1260 703 1257 1261 1262 1263
1635 1632 1634 1636 1637
242 244 1687
243 246 1289 1488 1723
244 246 549 659 988
1687 1684 1685 1686 1688 1689 1690
246 247 249
1289 562 1290 1291 1292
1488 452 1485 1487 1490 1491
1723 1720 1722 1724 1725
549 546 547 548 550 552 830
659 656 657 658 661 662
988 985 987 990 991
247 248 249
248 249 250 487 697
249 250 252
250 252 253 1283
487 484 485 486 489
697 694 695 696 698
252 253 254 255 1506
253 254 255
1283 391 1074 1280 1281 1282 1285 1286
254 255 256 257
1921 563 1918 1919 1922 1923 1924
255 256 257 258 1813
1506 538 623 1304 1503 1505 1966
256 258 259 285 575 956
257 258 259
258 259 260 261 1646
1813 1810 1812 1814 1815
259 260 261 262
285 282 283 284 287 288 863 1239
575 572 576 578 1661
956 953 954 955 957 958 959
260 261 262
261 263 264 1594 1868
1646 1643 1645 1649
262 263 265
263 265 266 581 1294 1599 1694
264 265 267 863 895 1787
1594 294 1593 1595 1596 1597
1868 1290 1866
265 266 267 268 451 1945
266 268 269 336 1030
581 579 582 583 584
1294 1291 1296 1297
1599 1596 1597 1601 1993
1694 1691 1692 1696 1697
267 268 269 270
863 862 866
895 893 898 1336
1787 1784 1786 1788 1789 1790 1815
268 269 270
451 449 452 453 454 1525
1945 1942 1943 1944
269 270 272 776
336 333 334 335 338 1768
1030 1027 1029 1031 1032 1033
270 271 272 817 1238
272 271 273 274 275
776 773 774 775 779 1080
271 273 274
817 724 814 815 816 818 820
1238 1235 1237 1239 1240 1241
273 274 275 276
274 276 1769
275 276 277 1155 1553
276 277 278 1252
1769 1766 1768 1771 1772
277 278 279
1155 1152 1154 1688
1553 1550 1552 1554 1555 1556
278 279 280 281
1252 713 1250 1251 1253 1255
279 280 281 1711
280 282 283
281 282 283 284 720
1711 1708 1709 1710 1713 1714
282 283 284
283 284
284 1402
720 718 719 721 722 723
1402 1399 1401 1403 1909
287 288 290 490 629 872 1542
288 289 290 1522
1239 828 1236 1240 1242
289 292 1027 1114
727 351 724 728 729 730
1315 1312 1313 1314 1316 1317 1318 1669
1432 1429 1430 1431 1433 1434
290 292 1398
490 488 489 493 1514
629 600 628 630 631 632 1749 1832
872 869 871
1542 1541 1543 1544 1545 1776
1522 1519 1521 1523 1525
292 293 294 295 901
1027 1024 1026 1028 1029
1114 1111 1112 1113 1115 1116
1398 1395 1396 1397 1399 1400 1401 1967
293 294 295 296
294 295 296 297 620 731
812 811 813 815 889
974 972 975 976 977
295 298 1057
901 898 900 902 904 1314
296 297 298 299 339
297 298 299 300 1633
620 618 619 621 942 1472
731 728 730 732 734 1191
298 299 300 301 1612
1057 1055 1058 1059 1113 1236
299 300 301 302
339 337 341 342 1815
300 301 302 303
1633 1630 1631 1632 1634
301 302 303
1612 853 1610 1611 1613 1615 1756
302 303 305
303 305 306 588
305 306
306 1128 1836
588 585 586 587 589 591
1418 1416 1419 1420 1421
1128 1125 1130 1131 1134
1836 1833 1834 1835 1837 1839
309 310 311 1092
310 311 312 313 607
1814 1811 1815 1817 1881
311 312 313 314 1405
1092 1089 1090 1094 1095 1761
312 313 315
313 314 316
607 605 608 610 1165
314 315 317 540
1405 495 1406 1408 1500
315 317 318 752 1173
316 317 318 319 836 1907
317 318 319 320
540 538 539 541 542 543
318 319
752 749 754 1900
1173 383 1170 1171 1174 1175 1176
319 321 322 703 1533
836 833 835 838 839
1907 1565 1905 1906 1909
320 321 322 323 915
321 322 323 324 1763 1957
322 323 324 325
703 447 700 701 704 1671
1533 1530 1532 1534 1535 1536
323 324 325 326
915 912 913 916 917
324 325 327
1763 1761 1765 1766
1957 1054 1954 1958 1960
325 326 327 328
326 327 329
327 328 330
328 329 330 331 1662
329 330 331 879 1367
330 331 332 333
331 332 334 1469
1662 1659 1660 1661 1663 1664 1665
879 877 880 881 882 1352 1424
1367 792 1364 1365 1366 1368 1370
332 333 334 335
333 334 391
334 337
1469 798 1466 1467 1470 1471 1472
335 337 338 874 1974
391 388 389 390 393 394 1126
337 338 340 1682
338 340 1373
874 871 873 875 877 1234
1974 1971 1972 1973 1975 1976 1977
1768 1766 1770 1771
340 341 342 343 1045 1701
1682 711 1269 1680 1681 1683 1684
1373 546 1370 1371 1374
341 343 526 1910
342 343 785 1413
1815 1812 1817
343 346 913
1045 1042 1044 1047 1048
1701 1698 1699 1700 1702 1703 1704
526 523 524 525 527 528 529
1910 1734 1908 1909 1911 1912 1913
785 783 784 786 787 788
1413 1410 1412 1414 1416 1702
346 345 347 348 349
913 910 912
347 348 349 1653
345 384 614 1511
384 381 382 383 386 387 506
614 611 613 615 616 617 1059
1511 1508 1509 1513 1514
348 350 351
349 350 351 352 1054
1653 1650 1651 1652 1654 1655
350 352 353 1951
351 353 354 1491
352 353 354 355 1985
1054 1055 1056
353 354 355
1951 1949 1950 1952 1953 1954
354 355 357 544
1491 1490 1494 1779
355 356 357 407
1985 1437 1983 1984 1986 1987 1988
357 356 360
544 541 542 543 545 547
356 1721
407 405 409
1721 1718 1720 1722 1724 1935
360 361 363
361 364
686 683 684 688 1442 1558
786 772 783 784 788 966
363 364 366 1221 1840
364 366 1385
366 367 369
1221 1218 1220 1223 1224 1266 1958
1840 1426 1841 1842
1385 1382 1383 1384 1387 1388
475 472 473 474 477 478 1828
367 369
369 370 1176
370 372 373 961
1302 1299 1300 1301 1303 1304 1305
1176 1177 1178 1403
372 373 375 580 743 1776
373 374 375
961 958 960 962 963 1567
374 375 376 740
375 376
580 579 582 583
743 740 741 745 746
1776 666 1773 1774 1775 1777 1778
376 377 379 838 842
740 738 739 741 742
377 379 380 537 885
379 380 382
838 835 1359 1735
842 839 841 843 844 845
380 381 382 860
537 511 534 535 536 539 1426
885 548 882 884 886 887
417 414 415 416 418
1292 710 1290 1291 1293
382 381 383 725
381 383 552
860 857 858 859 1099
383 385 386
552 550 551 553 554 555
725 722 723 728
385 386 387 388
386 387 388 389
387 388 389 390
506 503 505 507 508 1734
388 389 390 1600
389 390 392 1990
390 392
1600 1597 1602 1603
392 395 1337 1931
1990 813 1988 1989 1991 1993
393 394 395
394 395
1126 1125 1329 1922
395 398
1337 934 1336 1338 1339 1340
1931 1928 1929 1930 1932 1934
398 399 400 401
399 400 401 402
400 402 403 518 935
1320 425 1317 1318 1319 1322
1476 1473 1475 1477 1986
401 402 1996
402 403 404
403 404 405
518 516 517 519 520 521
935 936 937 938
1996 766 1865 1963 1993
404 405
405 791
791 788 790 792 793 794
409 410 412 423
538 535 539 541 1709
1131 941 1130 1132 1133
1206 1098 1204 1205 1208 1209 1462
410 412
412 414 415
423 422 424 425 426
414 415 416 884
415 416 418
416 418 419 1751
467 464 465 469 470 806
884 881 882 883 886
418 419 623
419 422 950 976 1188 1381 1672
1751 1749 1752 1754
623 621 622 624 625 626
422 424 425 742
950 947 948 949 951 952 953
976 973 977 978
1188 1187 1189 1190
1381 1379 1380 1382 1383 1442
1672 1669 1670 1674
424 425 426 533
594 591 595 596 597
425 426 428 1202 1870
742 741 745 1848
426 427 428 429
533 530 535 1582
428 427 429 431 1142
1202 1095 1199 1200 1201 1203
1870 628 1867 1871 1873
427 429 430
429 430 431 432
430 431 432 730 1692
431 432 433 434
1142 1139 1140 1144 1319
432 433 434
730 728 729 732 733
1692 1690 1691 1695
433 434 436
434 435 436 437
436 435 437 438
435 437 438 768 1440 1893
437 438 528 1254
438 440
768 765 766 769 770 771 1431
1440 1437 1438 1439 1441
1893 1890 1891 1892 1894 1895
528 525 527 529 530 531
1254 1253 1255 1257
440 443
1771 1770 1772 1773 1774
443 444 445 446
444 445 446 447 1119
1929 1926 1928 1930
445 447 448 626
446 447 448
447 448 449 450
1119 1116 1117 1118 1121 1122
448 449 1685
626 512 625 627 971 1204
449 450
450 452 453 555 1233
1685 1683 1684 1686 1691
452 453 454 455
453 454 455 456
555 553 554 557 558 1208
1233 1230 1231 1232 1234 1235 1236 1452
454 456 457 478
1525 1523 1524 1528
455 456 457 458
456 458 459 1138
457 458 459 460 541
478 476 477 479 480 481
458 459 460 461
459 460 461 462
1138 954 1135 1136 1137 1139 1140 1141
460 461 462 463
541 539 542
461 462 464 1505 1584
462 463 465 783
463 464 465 466
464 465 466
1505 1322 1503 1508
1584 1071 1582 1583 1585 1587
465 466 468
783 780 781 784 1338
466 468 469
468 469 470 472
469 470 975
470 472 473
806 803 805 808 1537 1596
472 473 474
975 972 973 977 978 1854
473 474 476
474 476 477
476 477 479 798 1108
477 479 480
1828 653 1825 1826 1827 1829 1831
479 480 482 1702 1833
798 796 800 801 1894
1108 833 1106 1107 1109 1111 1140 1353
480 481 482 483
481 482 483 484 1197 1975
482 483 484 485
1702 1355 1699 1704
1833 788 1831 1834 1835
483 484 485 486
484 486 500 1357
1197 1194 1198 1199 1200
1975 1972 1973 1976 1977 1978
485 486 488 1649
486 488 489
500 497 498 501 503 1479
1357 1031 1074 1354 1356 1359 1360
488 489 1040
1649 764 1650 1652
489 492
1040 1038 1039 1041 1042
492 493 494 495
493 494 495
1514 774 1513 1516 1517
494 495 497 531
1580 1579 1582 1583
1670 1668 1671 1673
495 497 498
497 498 499
531 529 530 534 1016
498 499 501 1331 1950
499 501
1729 1726 1728 1730 1732
501 503 504
1331 765 1328 1329 1330
1950 1952 1953
503 504 505
1479 1307 1477 1480 1481 1482
504 505 507 557 1284
505 507 508
507 508 509 510 1804
557 558 559 560 789 1928
1284 654 1281 1285 1287
508 509 510 511 1181
1734 1731 1732 1736 1737
509 510 511 512 1969
510 511 513
1804 1801 1802 1805 1806 1807
511 513 514
1181 1178 1179 1180 1184
512 514 515 1098 1198
1969 1387 1966 1968 1971 1972
513 514 515 516 1068
514 517
515 516 517
1098 1096 1097 1099 1100 1101 1380 1663
1198 1195 1196 1199 1200 1201
516 517 519 1325
1068 1069 1070 1071
517 519 520
519 520 521 522 1001
1325 1322 1323 1324 1326 1327 1328
520 521 522 523 1196
521 522 523 1760
522 523 524 525
1001 998 999 1000 1003 1036
523 524 525 1263
1196 1194
1760 1393 1758 1759
524 525
525 527 1141
1263 1261 1262 1264 1266
527 529 530
1141 1139 1143 1144
529 530 632 1346
530
632 630 633 704
1346 1044 1059 1344 1345 1347 1348
534 535 536 630
1016 1013 1014 1015 1017 1018
535 867 1979
996 995 999
1582 1579 1583 1585
536 539 1228
630 627 628 631 633 942
867 866 868 869 870
1979 1976 1977 1978 1981
539 542
1228 1225 1226 1227 1230 1231 1710
1426 1423 1425 1427 1428 1429
1709 1175 1706 1707 1708 1710 1712
542
543 545 546 1235
545 546 547 548 1765
546 547 548 1834
1235 907 1236 1237
547 548 550 1468
548 550 551 1981
1765 671 1390 1764 1766
1834 1831 1832 1835 1837
550 551 973 1564
1468 1466 1467 1470 1471
551 553 554 1112
1981 1983 1984
830 828 829 831 832 833
973 970 971 972 982
1564 1561 1562 1565 1567
553 554
554
1112 1109 1110 1111 1113
558 559 560 561 1616
1208 1205 1209 1210
559 560 561 562 940 1193
560 561 562 563
789 671 787 788 790 871
1928 1925 1926
561 562 563 564
1616 1613 1615 1617 1618 1619
562 563 564 565
940 736 937 938 941 942 943 1915
1193 1190 1191 1194 1195
563 564 566
564 565 566 567
565 566 567 568
566 567 568 569
567 568 569 570
568 569 570 571
569 570 571 572
570 571 572
571 572 585
572
585 582 583 584 586 587
576 578 579
578 579 700 969 1964
1661 1658 1659 1663 1664
579
700 698 701 702 1705
969 902 966 970 971 972
1964 1961 1963 1965 1966 1967
582 583 584 694 1130
583 584
584 586 587
694 695 696 698 1935
1130 1132 1133
586 587 589 892 1203
587 589 590
589 591
892 889 890 891 893
1203 1200 1201 1204 1205 1574
590 591 1329
591
1329 1327 1328 1330
595 596 597 1841
596 597 599
597 1918
1841 1770 1839 1842 1843
599 601 602 1038 1942
1918 1053 1150 1917 1919
600 1187 1262
1994 1991 1992 1993 1995
601 602
602 604 605 709
1038 724 1035 1039 1041 1756
1942 1939 1940 1941 1943 1944
1187 1184 1189 1190 1417
1262 1264 1265
604 605 606 1297
605 606 608
709 706 707 708 710 711 712
606 608 609 621 773
1632 1629 1630 1634
1297 1215 1298 1299 1300
608 609 610 611
609 610 612 1323
621 618 622 624
773 770 771 772 774 775
610 611 612 648 1076
1165 1162 1163 1164 1167 1168
611 612 613
612 613 615
1323 1321 1322 1324 1326
648 645 647 649 650 1014
1076 1073 1074 1075 1077 1078 1079
613 615
615 616 617 766
616 617 618 619 1318 1356 1544
617 618 619 746
1059 1056 1060 1061 1500
766 763 764 765 769 1566
618 619
619 622
1318 1316 1319 1321 1908
1356 1353 1354 1355
1544 1541 1545 1546 1547
746 745 747 748 749 1400
622 624 625 841 1099 1673
942 939 943 945
1472 1471 1473 1474 1475 1846
624 625 627 899
625 627 628
841 839 843 1010
1099 1096 1097 1100 1101
1673 1671 1674
627 1578 1636
899 897 900 902 1645
628 631 1725
971 968 970 972 1355
1204 1201 1205
1578 1575 1579
1636 1637 1638 1639
631 633
1725 1722 1724 1727 1728 1773
1749 1746 1747 1750 1752
1832 1829 1831 1835
633 635 636
704 702 705 706 707 1796
635 636 637 638 1556
636 637 638 639 1448
637 638 640
1371 1368 1370 1374
638 639 641
1556 848 1554 1557 1558 1559
639 640 641 642
1448 1445 1450 1451
640 641 642 643
641 642 643 644
642 643 644 645
643 644 645 646
644 646 647 672
645 646 647 1276
646 647 649
647 649 650
672 670 671 674 1144 1608
1276 1273 1274 1277 1279
649 650 651
650 651 653 1707
1014 1011 1012 1013 1015
651 654 1677
653
1707 1704 1705 1708 1710
654 655 656 657 1733
1677 777 1674 1675 1678 1679 1680
1424 1421 1422 1425 1427
655 658
656 657 658
657 1085
1733 1223 1319 1730 1731 1732 1735 1736
658 661 1508 1843
1085 1082 1083 1084 1086 1087 1088
661 662 664
1508 1509
1843 1745 1788 1845
662 664 665 1159
1624 1621 1622 1623 1626 1627
664 665 666 667
665 666 667
1159 1157 1160 1161 1162
1408 928 1406 1409 1411
666 667
667 670
670 1540
671 674
1145 732 1143 1144 1146 1147
1540 1537 1538 1541
674 675 676 677 1875
1144 1006 1147
1608 1010 1606 1607 1609 1610
675 676 677 678 1455
676 677 678 679
1261 1094 1258 1264
677 678 679 883
1875 1009 1874 1877 1878 1987
678 679
1455 1452 1454 1457 1458 1651
679 682
883 880 881 882
682 683 684
683 684
684 687 1256
687 688 689 1342
1256 1255 1257 1258 1259
688 689
1442 1216 1439 1441 1444 1445
1558 1555 1557 1559 1561
689 692 1678
1342 1339 1340 1344 1345 1501
692 693 695 866 1798
1678 1675 1679 1680 1681
693 695 696
695 696 698
866 868 869
1798 1796 1797 1799 1800 1801
696 698
698 701
1935 1407 1932 1934 1936 1937 1938
701
702 705 1730 1782
1705 1703 1704 1706
705 708 1750
1730 1727 1728 1732
1782 1779 1780 1783 1784 1785
1671 1668 1669 1674
706 708 724
707 710 749
1796 1793 1794 1795 1797 1799 1837
708 710 711
1750 1747 1752
724 721 722 723
710 711 712
749 747 748
711 712 713 714
712 713 714 715
713 714 716
714 715 716
715 716 718
716 718 719
718 1864 1891
719 721 1065
1864 1861 1862 1863 1865 1866
1891 1715 1888 1889 1890 1892 1894
721 722 723
1065 1062 1063 1064
722 723 734 1396
723 1029
734 732 735 736 1364
1396 1393 1397 1399
1029 1026 1028 1031 1032
728 729
729 732
732 733
733 735 736 1401
1191 1189 1190 1192
735 736 1989
736 738
1401 1399 1400 1953
1364 1362 1363 1365 1366
1989 1986 1987 1988 1991 1992
738 739 741
923 920 924 925
739 741
741
745 748 1925
1848 1423 1845 1846 1847 1849 1851
748 747
1925 1922 1923 1924
747 990
1400 1397
990 987 991 992
981 755 978 980 982 983 1100
754 755 756 757 1137 1237
1900 1898 1901 1902 1903
755 756 757 758
756 757 758
1791 1788 1790 1792 1793 1794
757 758
1137 1134 1136
1237 1234 1236
758 761
761 763 764 828 1245
763 765 1995
764 765 1259
828 825 826 827 829 831
1245 1139 1242 1243 1246 1247 1248
765 767 775 831
1995 1992
1259 1257
767 769 797
775 774 977
831 829 832 906
769 770 771 772
1566 833 945 1563 1565 1567 1568 1667
797 795 800 897 1862
770 771 772 1180 1743
771 772 774
1431 1429 1430 1433 1434
772 774 1280 1642
1180 1177 1178 1179 1183 1858
1743 1740 1741 1742 1745 1746
774
1280 1277 1279 1281
1642 1639 1640 1641 1645
977 980 1391
779 777 780 781
1080 1077 1078 1082 1083 1499
777 780 1885
780 781 1779
1885 1435 1883 1886 1888
781 784
1264 825 1266 1267
1779 1777 1778 1780
784 845 967 1009
1338 1336 1341
845 844 846 848 1865
967 964 965 966 970
1009 1006 1008 1010 1011 1012
787 788 790
788 790
966 963 964 965
790 792
871 868 869 873 1410
792 793 794
793 794 1019 1967
794 795 796
1019 1017 1018 1020 1021 1022
1967 1965 1966 1968 1970
795 796 1959
796 799 963
1959 1958 1960 1961
799 800 801
963 962 964 965
800 801 802 803
897 898
1862 1860 1861 1863 1865
801 802 803 804 1724
1894 1892 1895
802 803 804 805 1383
803 804 805
804 805
1724 1722 1726
805 1441
1383 1382 1384 1386 1457
1441 1438 1444
808 811
1537 1534 1535 1536 1538
1596 1593 1597
1462 1460 1461 1463
811 813 814
893 890 891
813 814 815 816
814 815 816 1826
815 816 818
889 886 887 888 890 891
816 818 819
1826 1823 1824 1825 1827 1829
818 819 820 821 1253
819 820 821 822
820 821 822 1548 1908
821 822 823 824
1253 1250 1251 1255
822 823 824 825
1548 1457 1545 1546 1547 1550
1908 1874 1906 1909 1911
823 824 825 826
824 825 826 827 959
825 826 827
826 827 829
827 829
959 957 958 960 1451
829 832
832 834
833 834 835
906 904 905 907 909 1761
834 835
835
839
1359 1362 1831
1735 1732 1736 1737
843 844 846
1010 1008 1011 1012 1013
844 847 1579
846 847 849 1314
847 848 849 850
1579
848 849 850 851
1865 1863 1866
849 850 851 852 1088 1366
1314 1312 1313 1316 1317
850 851 852 853
851 854
852 853 854 855
1088 1089 1090 1167
1366 1365 1368 1411
853 855 856 1805
854 855 856 951 1602
855 856 857 858 1343
856 857 858 859
1805 1802 1803 1806 1807
951 948 949 952 953 954 1461
1602 1601 1604 1605 1809
857 858 859
858
1343 1340 1345
859 862
862
1006 1003 1004 1008
868 869 1151 1867
869 870
870 873 1121
1151 1148 1150 1153 1154
1867 1146 1866
873 875 876
1121 1118 1120 1122 1124
1410 1407 1409 1411 1412
875 876 878
876 877 878 1861
877 878 1374 1519
1234 1160 1231 1232 1236
878 880 881 1048 1764
1861 1819 1858 1860 1863
1374 1372 1377
1519 1516 1517 1518 1521 1933
880 881 882 1384
881 882
1048 1047 1049 1050
1764 964 1766
882
1352 1350 1353 1354 1355 1583
1384 1382 1386 1387
886 887 888 1407
887 888 890
888 890 891
1407 1406 1409 1703
890 891
891 1258
1258 1255 1257
1715 1712 1713 1714 1716 1718
898 900
1336 919 1339
900 902 1758
902 904 905
1645 1643 1847
1758 1756 1759 1761
904 905 907
905 907 908
907 908 909 910
908 909 910
909 910 912
1761
910 912
912
1322 1324
916 917 919
917 919 920
919 920
920
924 925 927
1456 1017 1454 1458
1218 1117 1133 1219
925 927 1737 1984
927 928 929 930 962
1737 1087 1739 1740
1984 1403 1986
929 928 930 931
928 931
930 931
962 960 964 965
931 934 1679
934 936 937
1679 1680 1681
936 937 938 939
1625 1622 1623 1626 1627 1628
937 938 939 1003 1675
938 939
939 941
1003 1002 1004
1675 1674
941 943
943 945 946
1915 1389 1912 1913 1914 1916 1917
945 946 947 948
946 947 948 949
947 948
948 949
949 952
952 953 954 955
953 954 955
954 957
1461 1458 1460 1463 1464 1877
955 957 958
957 958
958 960
960 1230
1451 1243 1450 1452 1454
1230 1227 1229 1231 1232
1567 1565 1569
964 965 1192 1199
965 968
1192 1189 1190 1194 1195
1199 1032 1200 1201
968 970
970
972
1355 1353 1354
982 985 1889
978 980
1854 1851 1852 1853 1856
980 983
1391 1389 1390
1363 1150 1360
983 984 985 986
1100 1101 1102 1103
985 984 986 987 1146
1889 1886 1888 1890
984 986 987 1752
986 987
987
1752 1754
1146 1147 1148 1149 1716
991
992 995
995 998 1390
1365 1362 1368
998 1000
1390 1387 1393
999 1000 1002
1000 1002
1810 1807 1809 1811 1812
1002 1004 1005 1347 1772
1036 1033 1034 1035 1039
1004 1005
1005 1008
1347 1344 1345 1348 1350
1772 1770 1773 1775
1008 1011 1523
1011 1012 1013 1986
1523 1312 1524 1526
1012 1013 1015
1013 1015 1551
1986 1620 1988
1015 1017 1018 1307
1551 1549 1550 1552 1554
1017 1018 1020 1569
1018 1020 1021
1307 1305 1308 1310 1903
1020 1021 1022 1023 1251
1569 1568 1571 1572
1021 1023 1024
1022 1023 1024 1789
1023 1024 1026
1251 1248 1250 1732
1024 1026
1789 1786 1788 1790 1792
1026 1028
1028 1031 1792
1031 1032 1033 1034
1792 1790 1793 1794 1795
1032 1033 1035 1713
1033 1034 1035
1034 1035
1035
1713 1710 1712 1714 1716
1039 1041 1042 1060
1041 1042 1043 1044
1756 1754 1755 1759
1042 1043 1044
1060 1061 1062 1063
1043 1044
1044 1047
1047 1049 1050
1049 1050
1050 1053
1053 1055 1056 1845
1055 1056 1058
1056 1058 1788 1992
1845 1842 1846 1847
1058 1061
1788 1690 1785
1992 1991
1113 1110 1111 1115 1116
1236
1061 1062 1063 1064
1500 1497 1498 1499 1501 1502 1503
1062 1063 1064
1063 1064
1064 1116
1116 1115 1117 1118
1069 1070 1071 1072 1174
1070 1071 1073
1071 1072 1074
1072 1073 1075 1557 1611
1174 1171 1175 1177 1691 1905
1073 1074 1075 1881
1074 1077
1075 1077 1078
1557 1554 1555 1559
1611 1609 1610 1614
1881 1878 1879
1077 1079 1480
1078 1079 1149
1079 1082
1480 1477 1481 1483
1149 1148 1150 1152 1696
1082 1083 1084 1617
1083 1084 1086
1499 1421 1496 1497 1498 1501
1084 1086 1087
1223 1220 1224 1226 1623
1617 1614 1615 1618 1620
1086 1087 1089
1087 1089 1090 1168 1211
1089 1090
1090
1168 1167 1170 1171
1211 1209 1210 1212 1214
1167 1164 1170 1528
1094 1093 1095 1097
1652 1651 1654 1655
1095 1093 1096 1097 1439
1093 1096 1516 1603
1096 1097 1496
1516 1513 1517
1603 1601 1605 1606
1097
1439 1436 1437 1438 1731
1496 1494 1495 1497 1498
1101 1102 1103 1104
1380 1377 1379 1382
1663 1660 1664 1665
1102 1103 1105 1786
1103 1104 1105 1106
1104 1105 1106 1107
1105 1106 1107 1306
1786 1783 1784 1785
1106 1107 1109
1107 1109 1110
1306 1303 1304 1305 1308 1309
1109 1110 1111
1110 1111
1111
1140 1139 1339 1382 1528
1353 1350 1351 1354
1115 1117 1118
1117 1118 1120
1118 1120
1120
1122 1124 1125 1784
1124 1125 1504
1125
1784 1781 1783
1667 1664 1665 1666 1668 1669
1504 1501 1502 1503
1922 1919 1923 1924
1134 1132 1133 1135 1136
1132 1133 1135 1436
1991 1988 1993
1133 1135 1136
1135 1136
1436 1433 1434 1435 1438
1136 1139
1139
1339 1340 1341 1895
1382 1244
1528 1526 1527 1529 1530 1531
1143
1319 1316 1317 1321
1147 1148 1568
1148 1150
1716 1714 1718
1568 1565 1571
1150 1152 1153
1152 1154 1745 1824
1696 1695 1697 1698 1699
1153 1154 1686
1154 1157
1745 1742 1744 1746 1747
1824 1821 1823 1825 1827
1686 1683 1684 1688 1689
1157 1160
1688 1267 1274 1368 1689 1691
1160 1161 1163 1853
1161 1162 1163 1164
1241 1240 1242 1243
1162 1163 1164 1589
1163 1164
1853 1851 1852
1164
1589 1494 1587 1588 1591 1912
1170 1171
1171
1175 1177 1178
1370 1368 1372
1177 1178 1179
1691
1905 1902 1903 1906
1178 1179
1403 1406
1179
1183 1184
1858 1856 1857 1860
1184
1189 1190
1190
1417 1414 1416 1419 1420 1754
1194 1195
1195 1634
1634 1637
1200 1201
1201
1205
1574 1571 1573 1575
1209 1210 1212
1210 1212
1550 1547 1549
1212 1214 1215
1214 1215
1215 1216 1450
1913 1911 1914 1916
1216 1219
1450 1452 1720
1219 1220 1222
1220 1222
1222 1224 1225 1914
1224 1225 1226 1227
1266 1265 1267 1268 1269
1958 1960 1961
1225 1226 1227
1914 1911 1912 1917
1226 1227 1229
1623 1620 1622 1626
1227 1229
1229 1231 1232
1231 1232
1710 1708 1712
1232
1452
1240 1242 1243
1242 1243 1244
1243 1244 1246
1244 1246 1247
1246 1247 1248
1247 1248 1250
1248 1250
1250
1732 1731
1255 1257
1257
1265 1267 1268
1267 1268 1269 1270 1658
1268 1269 1270
1269 1270
1270 1272 1273
1658 1655 1656 1659 1660
1272 1273 1274 1275
1273 1275
1274 1275 1277
1275 1277
1277 1279
1279 1281 1282 1604
1281 1282
1282 1285
1604 1601 1605 1606 1607
1285 1286 1287 1288
1286 1287 1288 1819 1855
1287 1290
1288 1290 1291 1700
1819 1817 1818 1821 1822 1902
1855 1852 1856 1857 1878
1290 1291 1293
1291 1293
1700 1697 1698 1699 1703
1293 1296 1301
1296 1298 1299
1301 1298 1300 1303 1304
1298 1299 1300
1299 1300
1300 1303
1303 1304 1305
1304 1305
1305 1308
1308 1309 1310 1311
1309 1310 1311 1312
1310 1311 1312 1313
1903 1902
1311 1313
1312 1313
1313 1316
1316 1317
1317
1669 1666 1668
1321 1324
1324 1326 1327
1326 1327 1328
1327 1328 1330
1328 1330
1330 1332
1332
1965 1963 1966 1968
1340 1341 1613
1341 1344
1895 1531 1892 1898
1613 1610 1615
1344 1345 1524
1345 1348
1501 1388 1502 1503 1877
1524 1521 1526 1527
1348 1350 1351 1697
1350 1351
1351 1354
1697 1695 1698
1354
1583 1585
1360 1362
1362
1831 1562 1829
1368
1411 1409 1412 1414
1372 1837
1837 1835 1839
1377 1379
1379
1386 1388 1389
1457 1454 1458 1460
1387 1388 1389
1388
1389
1393 1395
1395 1397
1397 1399
1399
1953 1952 1954
1909 1906 1911 1912
1406 1409
1409 1412
1703 1704 1706
1412 1414
1414 1416
1416 1419
1419 1421 1422
1420 1421 1422 1423
1754 1901
1421 1422 1423
1422 1423 1425
1423
1425 1427 1428
1427 1428 1429 1430
1428 1429 1430
1429 1430 1970
1430
1970 1968 1971 1972
1433 1434 1435 1923
1434 1435 1437
1435 1438
1923 1924 1926
1437 1438
1438
1731 1728
1444 1445
1445
1720 1718 1719 1722
1454
1482 1481 1483 1485
1585 1587 1588
1458 1460
1651 1650 1654
1460 1463
1463 1464 1466
1464 1466 1467
1877 1874 1876 1878 1879
1466 1467
1467 1470
1470 1471 1473
1471 1473 1474
1473 1474
1474 1475 1477
1475 1477 1656
1846 1847 1849
1477
1656 1654 1655 1657 1659 1944
1481 1483 1484
1483 1484 1485 1486
1484 1485 1486 1487
1485 1486 1487
1486 1487
1487 1490
1490 1492 1977
1492 1495
1977 1976 1978
1494 1495 1497
1495 1497 1498
1497 1498
1498
1502 1503 1695
1503
1695 1698
1966 1863 1968
1509 1641
1641 1638 1639 1640 1643
1513
1517 1518
1518 1521
1521
1933 1930 1932 1934 1936
1526 1527 1529
1527 1529 1530
1529 1530 1531 1532
1530 1531 1532
1531 1532 1534
1532 1534 1535
1534 1535 1536
1535 1536 1538
1536 1538
1538 1541
1541 1543
1543 1545 1818 1852
1545 1546 1547
1818 1817 1821
1852 1572 1849 1851
1546 1547 1549
1547 1549
1549 1552
1552 1554 1555
1554 1555
1555
1559 1561 1562
1561 1562 1563 1742
1562 1563 1565
1563 1565
1742 1739 1740 1741
1565
1571 1572 1573
1572 1573 1575
1573 1575
1575
1587 1588
1588 1591
1591 1593
1912 1911
1593 1595
1595 1597
1597
1601
1993 1857
1605 1606 1607
1809 1806 1807 1811 1812
1606 1607 1609
1607 1609 1610
1609 1610
1610
1614 1615
1615 1618
1618 1619 1620 1621
1619 1621 1622
1620 1621 1622
1621 1622
1622
1626 1627 1628
1627 1628 1629
1628 1629 1630 1631
1629 1630 1631 1773
1630 1631 1860
1631
1773 1774 1775
1860 1857
1637 1638 1639 1640
1638 1639 1640
1639 1640
1640 1643
1643
1847 1849
1650
1654 1655 1657 1968
1655 1657
1657 1659 1660
1968
1659 1660
1944 1941 1943
1660
1664 1665 1666
1665 1666 1668
1666 1668
1668
1674
1680 1681 1683
1681 1683 1684
1683 1684
1684
1689 1690
1690
1698 1699
1699
1704 1706
1706 1708
1708
1712 1714 1802
1714
1802 1800 1801 1803
1718 1719 1874
1719 1722
1874 1873 1876
1722
1726 1727 1728
1727 1728
1728
1736 1739
1739 1740 1741
1740 1741
1741 1744
1744 1746 1747
1746 1747
1747
1901 1898 1902
1755
1759
1766
1770
1774 1775 1777
1775 1777 1778
1777 1778 1780
1778 1780 1781
1780 1781 1783 1844
1781 1783
1783 1785
1844 1842
1785
1790 1793
1793 1794 1795
1794 1795 1797
1795 1797
1797 1799 1800
1799 1800 1801
1800 1801 1803
1801 1803 1856
1803 1806 1857
1856 1857
1806 1807
1857
1807
1811 1812
1812
1817
1821 1822 1823
1822 1823 1825
1902
1823 1825
1825 1827
1827 1829
1829
1835
1839 1842
1842
1849 1851
1851
1878 1876 1879
1863 1866
1866
1871 1873
1873 1876
1876 1879
1987 1988
1879
1883 1884 1886
1884 1886
1886 1888
1888 1890
1890 1892
1892
1898
1906
1911
1916 1917 1919
1917 1919
1919
1924 1926
1926
1930 1932
1932 1934
1934 1936
1936 1937 1938 1939
1937 1938 1939 1940
1938 1939 1940 1941
1939 1940 1941
1940 1941 1943
1941 1943
1943 1946
1946 1949
1949 1952
1952 1954
1954
1960 1961 1963
1961 1963
1963
1971 1972 1973
1972 1973
1973 1976
1976 1978
1978
1983
1988
