0 1 2 3 5 6 41 456 494 495 496 497 498 499
1 2 4 5 6 7 53 82 114 271 495 496 497 498 499
2 3 4 5 6 7 62 108 215 227 497 498 499
3 5 6 7 8 20 497 498 499
5 4 6 7 8 9 11 267 499
6 4 7 8 10 11
41 37 38 39 40 42 45 46 47 150 156 218
456 103 450 451 452 454 455 457 458 459 460 461 462
494 488 489 490 491 492 493 495 497 498 499
495 284 289 490 491 492 493 496 497 498
496 74 318 475 490 491 492 493 497 498 499
497 180 218 491 492 493 498 499
498 4 492 493 499
499 4 29 393 466 493
4 7 8 9 140 142 223
7 8 9 11 13 132 142
53 47 50 51 54 57 58 59 211 393 406 425 445
82 76 79 80 81 83 84 85 86 88 227 288 423
114 57 110 111 112 115 116 117 118 119 120 217 345 419 485
271 263 266 267 269 270 272 273 274 275 276 402 451
62 56 57 58 59 60 64 65 66 68
108 102 104 106 110 111 112 113 155 206 387
215 131 209 211 212 213 214 217 218 219 221 248 440 459
227 83 130 167 221 222 223 224 226 228 229 231 233
8 9 12 13 141 185 334 427 445
20 14 15 16 17 18 22 23 24 25 26 433
9 10 12 13 14 15 71 364
140 134 135 136 138 139 141 143 144 145 146 454
142 136 137 138 139 141 143 144 145 146 147 237
223 44 67 68 218 220 221 222 224 225 226 228 229
11 10 13 14 15 16 17 66 279 415
267 29 67 262 265 268 269 270 272 273 386 397
10 12 13 14 15 16 72 258
13 12 14 15 16 17 19 332
132 126 127 129 131 133 134 135 137 322 344 464
12 15 16 17 18 90 238 429
141 137 139 143 144 145 147
185 40 179 180 181 182 183 187 188 189 190 191 333
334 120 320 328 329 330 331 332 336 337 339 340 428
427 397 421 423 424 426 429 430 432 472
445 361 380 439 440 441 443 444 446 447 448 449 450
14 15 17 18 19 99 239 350
15 17 18 19 21 213 239 480
71 65 66 72 73 74 75 76 77 109 239 317 469
364 125 303 358 360 361 362 365 366 367 368 369
16 17 18 19 21 148 160 411
72 66 67 68 69 70 73 74 75 76 77 322
258 193 212 245 252 253 254 255 256 257 260 261 262 263 264 420
17 18 19 22 23 135 432 454
66 60 61 63 64 65 68 69 70 282
279 112 242 273 274 276 277 278 280 282 283 284 394
415 409 411 412 413 414 416 417 418 419 420
18 19 21 23 24 202 302
90 84 85 88 89 91 93 94 95 96 158 179 226 422 487
238 232 235 236 237 239 240 241 242 244 487 493
429 37 111 423 424 425 426 428 430 431 432 433 434 435
19 21 22 23 24 25 137 162 359
332 192 261 326 327 328 329 330 331 333 335 336
99 47 94 95 96 97 98 100 101 103 105 136 158 199
239 165 192 233 235 236 240 241 242 243 244
350 344 345 346 347 348 349 351 352 353 354 355 356 417
21 22 23 24 25 27 414
213 207 208 209 211 212 214 216 217 218
480 242 385 474 475 476 477 478 479 481 483 484 485 486
148 143 144 145 146 147 149 151 152 153 154 253
160 154 156 157 159 161 164 166 226 233 275 294
411 251 341 405 406 407 408 409 410 412 416
22 23 24 25 26 27 28 217
23 25 26 27 28 29 476
135 130 137 138 139 234 433
432 187 426 428 430 431 434 437 438
454 357 448 449 450 453 455 457 458 459 460
24 25 26 27 28 29 30
202 56 100 197 199 201 203 204 205 206 208
302 297 298 299 300 301 303 306 307 308 400
25 26 27 28 29 30 31 183 186
137 131 134 138 139 143 327
162 157 158 159 161 164 165 167 168
359 218 353 354 355 356 357 360 361 363 365
26 27 29 30 31 32 67
433 61 236 428 430 431 434 435 436 437 439 474 485
27 28 29 31 32 491
414 182 408 409 410 412 413 416 418 419 420 461
28 29 30 33 34 331
217 208 211 212 214 216 221 222 226 285 390
29 30 31 33 35 342 420
476 105 236 319 363 470 471 472 473 474 475 477 478 479 481
30 32 33 34 35 42 243 273 338
31 32 33 34 36 37 165 441
183 76 158 177 180 182 184 186 187 188 426
186 174 181 182 184 187 188 189 190 192 232
32 33 34 35 36 38 228 343
67 61 63 64 65 68 69 70 73 229 344
491 100 170 382 485 486 487 489 490 493
33 34 35 37 38 39 87 321
34 36 37 38 39 224 288
331 166 194 207 281 325 326 327 328 329 330 335 337 378 405 423
35 36 38 39 40 130 459
342 336 337 338 339 340 341 343 344 345 347 463
420 139 416 418 419 421 422 424
42 36 38 39 40 43 44 45 46 47 48 224 295 296 421
243 237 240 241 242 244 246 247
273 36 106 123 190 268 270 274 278
338 195 333 335 337 339 340 343 344 474
36 37 38 40 226
37 38 39 40 43 107 374
165 159 161 163 164 166 168 169 170 291 482
441 63 226 321 435 436 437 438 440 443 444 446 447
38 39 43 44 261
228 222 224 225 226 230 232 233 234 289 312
343 179 337 339 340 341 344 345 346 347 348
39 40 45 125 319 351 371
87 81 84 85 86 88 89 91 92 93
321 146 315 316 317 318 322 323 324 325 327 385
224 218 219 220 222 225 226 229 230
288 104 237 283 284 285 286 287 290 292 294
40 43 44 45 46 304 335
130 124 125 126 127 128 129 131 133 134 403
459 260 455 457 458 460 464 465
226 220 225 229 230 232
43 44 45 46 47 48 49 254 261
107 51 94 102 103 104 105 106 109 110 111 199 355 392 446
374 112 293 360 368 369 370 371 373 376 378 379
44 46 48 49 50 481
261 255 257 260 262 263 264 265 266 293 356
45 46 47 48 49 50 51 139
125 119 120 122 123 124 127 129 131
319 126 313 314 315 316 318 322 324 378 443
351 345 346 347 348 349 352 353 354 356
371 73 366 367 368 369 370 372 373 375 376 417
46 47 48 49 50 51 52 230 242
304 136 253 265 298 299 301 303 305 306 307 308 309 310 369
335 329 330 336 339 340 341 412
47 48 50 51 52
150 144 145 147 149 152 153 154 155 156 419
156 152 154 155 157 158 159 161 204 471
218 212 214 216 220 221 222
48 49 50 51 52 54 92
295 286 289 290 292 294 296 297 298 299 300 301
296 290 291 292 293 297 298 299 300 301 323 442
421 417 419 422 423 424 426
49 50 51 52 54 171 176 386
254 249 250 252 255 256 257 259 260 404
50 51 52 54 55 56 189
481 152 174 475 477 478 479 482 483 485 486 487
51 52 54 55 57 278
139 133 134 143 144 181
52 54 56 57 58 409
230 190 229 231 232 233 234 235 236 266
242 240 241 244 245 246 310 326 447
54 55 56 58 59 60
92 86 88 91 93 94 95 96 97 98
171 80 151 166 167 168 169 170 172 173 174 175 176 177 354 385
176 170 172 173 174 175 178 179 180 181 472 486
386 380 381 382 385 387 388 389 390 391 392
55 56 57 58 59 60 61 100 393
56 57 58 59 61
189 184 187 188 190 192 193 194 195
57 58 60 179 195 317
278 164 198 272 275 276 277 282 283 284
58 59 60 64 172 462
409 403 404 405 406 408 410 412 413
59 60 61 63 64 65
211 100 157 205 206 208 210 216 417
393 128 387 390 392 394 395 396 397 398 399 417
406 400 401 402 403 404 407 408 410 412
425 68 337 419 423 424 428 430 431 448
60 61 63 64 65 163
61 64 191 201 355 363 368 461
100 94 95 96 101 102 103 104 105 106 280
179 177 180 181 182 340 469
195 191 192 193 196 197 198 199 200 252 253 423
317 311 313 314 315 316 318 320 322 323
64 63 65 68 69 70
172 119 166 169 170 173 177 178 199
462 136 345 383 460 461 463 464 465 467 468
63 65 68 69 200
65 68 69 70
163 134 157 158 159 161 164 167 168 169
191 187 192 193 194 196 197 325
201 196 197 198 199 203 204 205 206 207
355 349 352 353 354 356 357 358 361
363 70 357 358 360 362 365 366 367 368 369
368 253 362 365 366 367 369 372 373
461 76 457 458 460 463 464 465 466 467
68 69 70 74 344
69 73 74 75 77 206 232
200 105 194 197 198 199 203 204 205 206
70 73 74 75 76 325
282 232 276 277 281 284 286 287 293
73 74 76 79
229 231 232 233 234 235
344 255 341 346 348 349 489
74 75 76 77 78 80
75 76 77 78 79 81 270
77 76 78 80 81 83 346 470 479
206 203 204 205 207 210 212 298
232 231 233 234 235 237 283
76 78 79
325 322 323 324 326 327 328 329 330
109 103 104 105 106 111 113 115 157 182 446
469 187 380 463 464 465 467 468 470 471 473 474 475
322 214 316 318 320 324 326 327 328
79 80 81 83 84 85 466
78 80 81 83 84 234
80 81 83 84 85 86 155 403 430
81 83 84 85 86 154 416
270 264 265 266 268 269 274 275 276 455
83 84 86 88 89 453
346 233 340 341 345 347 348 352
470 113 131 464 467 471 472 474 475
479 473 475 477 478 482 483 484 485
84 85 86 88 89
234 231 233 236 237 240 300 443
85 86 88 89 91
466 263 275 460 464 465 468 471 472
86 89 91 209 323
155 149 151 152 153 154 158 159 161 285 308
403 112 397 398 400 401 402 405 407 408 422 435
430 303 315 353 399 428 431 434 435
154 152 153 157 158 159 225
416 410 412 418 419 422
88 89 91 93 94
423 138 417 418 422 424 426
89 91 93 94 95
453 398 447 448 449 450 451 452 455 457 458
91 93 95 97 370
209 203 204 205 207 208 210 212
323 318 320 324 326 327 329 380
93 94 95 97 98 178 220 460
94 95 96 97 98 111 126
95 96 97 98 101 329
96 97 98 101 102 219 428 443
158 152 153 161 486
422 354 424 426 428
487 482 483 484 485 486 488 489 490 492 493
97 98 101 102 103 426
370 198 365 366 367 369 372 373 375 376 440
98 101 103 104 326
178 111 173 174 175 177 181 182
220 128 214 216 219 221 225
460 395 455 458 463 464
111 105 106 112 113 115 116 117
126 120 121 123 124 127 128 129 181
101 102 106 305 379 424 449 490
329 324 326 327 328 333
102 104 106 208 244
219 214 216 221 222 225 465
428 424 426 431 434
443 437 438 439 440 442 444 447 449
103 105 106
426 169 424 431
104 106 110 377
326 324 328 330
105 106 143
136 131 133 134 138
199 194 196 197 198 204 205
106 110 112 314
280 274 276 277 281 283 284 286
305 299 301 306 307 308 309 310 311
379 373 375 376 377 378 381 382 384 385 447
424 418 419
449 173 444 446 447 448 451 452
490 484 485 486 488 489 492 493
208 181 203 204 207 210 212 385 464
244 240 241 245 247 248 249 250
110 113 116 159 287 289 473
377 164 197 247 257 372 375 376 380 381 382
143 138 144 145 146 147
112 116 117 118
314 308 311 312 313 315 316 318 320
392 387 388 389 391 394 395 397 398
446 300 440 442 444 447 448 450 452
113 115 116 117 118 119 417
387 381 382 383 384 385 388 389 390 391
115 116 117 118 119 120 121
157 151 152 153 161 352 412
182 177 180 181 188 251 410
116 117 118 119 121 122 266
159 153 161 164
287 281 283 284 285 286 289 290 291 292
289 283 284 286 291 292 293 444
473 119 127 467 468 471 472 474 475 478
117 118 119 120 121 122 123 167
118 119 120 121 122 123 124
119 120 121 123 124
417 174 412 413 418 419 435
120 121 122 123 124 436
345 340 341 347 348 349
419 413 418
485 391 431 482 483 489
121 122 123 124 127 349
122 127 128 369 465
266 260 262 263 264 272 318
123 124 127 128 129
167 164 166 168 170 260 307 341
124 127 128 129 489
436 399 431 434 437 438 440 442
127 128 129 131 133 177 405
349 259 347 348 352 353 354
128 129 133 134
369 144 365 366 372 373 375
465 330 463 464 467 468 471
129 131 133 134 300 380
489 133 484 486 488 492 493
131 133 134 166 388
181 175 177 184 187
133 134 138
177 173 175 180 336
405 399 400 401 407 408 410
134 138
300 297 298 299 301 306 357 400
380 375 376 381 382 383 384 385 431
166 161 164 168 170 281 293
388 333 382 383 384 389 390 391 394
464 246 458 463 468
138 144 152
327 324 328 330 333
144 145 146 147 149 408
152 146 147 149 151 153
145 146 147 149 151
146 147 149 151 440
147 149 151 153 383
237 231 235 236 240 241
149 151 153
408 402 404 410 412 413
151 153
440 434 435 437 439 442 444
153 340
383 358 378 382 384 385 389 410
253 216 247 249 250 252 255 256 259
340 337 339 341
225 221 222 231 235 320
161 396
285 236 281 283 284 291 292
308 303 306 307 309 313 361
204 198 203 205 207 210 336
471 257 467 468 474 475 477
352 347 348 353 354 356 357 358
412 301 407 418
486 482 483 484 492
164 168
233 231 235 236
275 269 274 277 281 372
294 290 291 292 293 297 298 299
396 391 394 395 397 398 400 401 402 483
168 169 170 173 174 203 221 310
169 170 173 174 175 402 444
170 173 175 410
291 286 290 292 293 297 435
482 477 478 483 484 488
281 276 283 284 286 455
293 290 292 297 298 299 437
260 255 256 259 262 263 264 265 299
307 301 303 306 309 311 312 313
341 268 337 339
173 174 175
174 175 180 401
203 197 198 205
221 216 247
310 196 283 299 306 309 311 313
175 180
402 318 397 398 399 407
444 248 290 438 439 442 447 448 450
410 399 404 407
354 348 353 357
385 348 382 389 390 391
180 184
401 395 397 398 399 407
472 249 467 468 474 475 477 478
336 268 330 333 337 339
184 188 190 268 450 475
187 188 190 192 193 207
188 192 193 194 216
251 245 248 249 250 252 255 256 404
190 192 196
268 262 263 264 265 269 272 274
450 447 448 451 452 455
475 474 478
333 248 328 330 339 360 435
192 194 196 197
193 194 196 198 309 400
207 205 212
194 196 197 198 356
216 210 212 214 222
196 197 360 448
197 198
198
309 303 306 311 312 313 315
400 394 395 397 398 399 404 418
356 353 358 360 361 362
252 246 247 248 249 250 255 256
360 235 357 358 362 365 404
448 442 447 451 452
205 210
210 214
212 214
298 292 301 303
214 458
458 452 455 457 463
248 247 250 439
222
390 250 316 384 391 394
247 241 245 246 249 250
231 236 347 435 474
235 240 241 259 318
320 315 316 318 324
312 306 311 313 315 316 318
236 240 435
347 250 353
435 431 434 437 439
474 468 477 478
283 277 284 286 451
240 241 245
241 245 246
259 255 257 262 263 264 265 316
318 315 316 324
493 488 492
245 246 249 250
246 249 250 286 366
447 442 451 452
249 255 372 431
250 255
286 290 292
366 361 362 365 367 372 381
439 434 437 438 442
255 256
372 367 373 375 376 378
431 434 437
256 257 262
404 398 399 407
257 262 263 303 467
262 263 264 265 299
263 264 265 269
303 276 299 399 488
467 463 468
264 265 269
265 269
316 311 313 315
299 297
269 272 274
272 274 276 277 290 438
397 391 394 395 398
274 276 277
276 277 373
455 452 457
451 452
277
290 284 292
438 313 375 434 437 442
373 367 375 376 378
284 348
394 389 391 395 398 399
348 353
292 297
297 301
437 434 442
301 306
442
306 311
357 353 358 361 362
399 395 398
488 483 484
311 313 315
313 315
361 362 365 367 407
315
324 328 330
378 375 376 381 382 384
328 330
330
337 339
339
463 457 468
353 358
358 362 382
362 365 367
382 376 381 384
365 367
367
407 413
381 375 384
375 376 434
376
434
384 389
389 391 395
391 395
395 398
398
483 477 478 484
418 413
413
452 457
457
468
477 478
478 484
484
492
