0 1 3 4 496 497 498 499
1 2 3 4 222 365 399 498 499
3 2 4 6 167 499
4 2 5 6 7 8 407
496 27 267 492 494 495 497 498
497 493 494 495 498 499
498 2 254 494 495
499 2 248 495
2 5 6 193 389
222 218 219 220 221 223 225 226 278
365 361 362 364 366 367 369
399 145 378 395 396 397 398 401 402 403
5 6 7 8 9 133 347
6 7 8 9 334
193 190 191 194 196 197 199 440
389 373 385 386 387 388 390 391 392
167 163 164 165 166 168 170 171 433 482
7 8 9 11 63 309
8 10 11 12 132
407 363 403 404 409 410
9 10 11 12 13 321
133 130 131 134 135 136
347 220 253 343 345 346 348 349 350
334 158 163 330 331 332 335 337 338 364 438
11 10 12 13 14 92 312
63 60 64 65 66 67 123 289 337 392 396
309 305 307 310 311 312 313
10 13 14 112 142 235 325 492
12 13 14 15 16
132 128 129 131 135 136 243 453 479
13 14 15 17 146
321 317 318 319 322 323 324
14 15 17 18 342
112 108 109 110 111 113 114 116 290 437
142 138 139 140 143 144 146 306
235 231 233 234 237 238
325 161 322 323 324 326 327 329 477
492 489 490 491 493 494 495
92 88 90 91 94 95 96 190
312 217 308 310 311 314 315 376
15 16 17 18 19 355
16 266 269 418
17 19 21 59 237 259 326
146 144 145 147 148 149 150 323
18 19 22 179 220 282 327
342 338 339 340 341 343 345 346
19 20 22 23
355 351 352 353 354 356 357 358 359
266 262 263 264 265 267 268 269 270
269 105 265 268 270 271 272 273 397 474
418 72 157 414 415 416 417 419 420 422
21 20 22 155 275
59 47 55 57 58 61 62 429
237 82 106 234 236 239 241 247 470
259 20 68 158 178 255 257 260 261 262
326 251 324 327 328 329 330
22 20 23 24 25 26 68
179 175 176 177 178 180 181 182 183
220 216 217 218 219 221 223 224
282 280 281 284 285 286
327 324 328 329 330
20 23 24 328 382
23 24 25 26 27 98 205
24 25 26 27 28
328 97 244 324 329 330 332
382 147 299 378 379 380 381 383 384 385 386
155 151 153 154 156 158 159 174
275 251 272 273 276 277 278 279 430
25 26 27 28 29 461
26 27 28 29 30
68 64 65 67 71 72 296 432
27 28 30 31 129 364
98 94 95 96 97 99 100 147
205 122 201 202 203 204 206 208 209
28 29 30 31 32 272
29 30 31 32 33 244
461 216 457 458 459 465 491
30 31 32 33 34
31 32 33 34 350 414 469 485
129 125 126 127 130 131 471
364 360 363 367 368
32 33 34 35 36
272 191 206 214 270 271 273 274 276
33 34 35 37 140
244 240 241 243 245 246 247 248 367
34 36 37 38 44
350 346 348 351 352 354
414 410 411 412 415 416 417
469 444 465 466 467 468 471 472
485 166 344 482 484 486 488
35 36 38 39 351 439 447
36 37 38 39 40
37 38 39 40 41
140 136 137 138 139 141 143 144
38 39 40 41 42 426
44 40 42 43 45 46 47 48
39 41 42 43 385 456
351 99 189 348 349 352 353
439 436 438 440 441 442 443
447 124 206 285 443 444 446 448 449 450
40 42 43 192 294 486
41 42 43 45 52
42 43 171 387 479
426 422 425 428 429 430
43 45 46 47
385 375 381 383 384 387 388
456 452 453 454 455 457 458 459
192 188 190 191 194 195 196
294 173 290 291 292 295 297
486 76 182 484 487 489
45 46 47 48
52 48 50 51 53 54 55 56 83
171 168 169 170 172 173 174 175
387 143 383 384 386 388 390 391
479 149 303 475 476 480 481 482 483
46 47 49 50 331
47 48 50 51
48 49 50 51 318
49 50 51 53 241 283
50 51 53 54
331 122 329 330 332 333 335 495
51 53 54 55 344 451
318 314 315 316 317 319 320 322
53 55 56 57
241 238 239 240 243 245
283 182 279 280 281 284 285 286 287 308 359
54 55 56 57 58 246 483
55 56 57 58 173 214 250
344 340 341 343 346 348
451 448 449 450 452 453 454 455
56 57 58 60
83 79 80 82 84 86 87 96
57 58 60 61 338
58 60 62 207
246 242 243 245 247 249 250 317
483 89 189 335 396 481 484 487
173 170 172 175 176 177 319 438
214 210 212 213 215 216 217 218
250 248 251 252 253 341 494
60 62 353
61 62 64 65 457
338 308 335 336 337 339 341 366
62 64 65 66 137
207 203 204 208 209 210 211
429 425 427 430 431 432 433
353 349 352 356 357 408 453
64 65 66 67 153 292
65 67 69 102
457 118 170 245 454 455 459
66 67 69 70
137 134 136 138 139 257 405
67 69 70 71
123 119 120 121 122 124 125 127
289 285 286 288 290 291 292 293
337 336 339 341
392 333 388 390 391 393 394 395
396 393 394 397 398 400 424
153 149 150 151 152 156 160 185
292 290 291 295 296
69 70 71 73 152
102 99 101 103 104 105 106 358
70 71 72 73 74
71 72 73 74 75 293
72 73 74 75 76 468
296 204 293 295 297 298 300
432 428 430 431 433 434 435 436 488
73 74 75 76 77
152 150 151 154 156 217 276
74 75 76 77 78
75 78 79 90 157 405
293 160 290 291 295
76 77 78 79 80 100 141
468 464 465 466 467 470 472 475
77 78 79 80 81 150 231
78 80 81 82
79 80 81 228
90 86 88 89 93 94
157 156 159 160 161
405 299 401 402 406 409
80 81 82 84
100 96 99 103 104 268 345
141 138 139 143 144 145
81 84 316
150 147 149 154 434
231 227 228 230 232 233
82 84 85 86
228 114 224 225 227 229 230 232 257
84 85 86 87 88 394
316 201 313 314 315 319
85 86 87 89 101 229
86 87 88 164
87 88 89 91
96 93 94 95 97 99
88 89 91
394 114 168 393 397 398
89 91 93 459
101 97 99 103 104 105
229 148 225 226 227 230 233 442
164 160 162 163 165 166 168 197
91 93 94 95 115
93 94 95 242
459 449 455 458 460 463
94 95 97
95 97 99
115 111 113 117 118 119 138 189
190 186 187 188 191 194
242 238 239 240 245
97 99
99 103
147 143 144 148 149 151 453
103 104 107 372 443
104 105 107 108
268 264 267 270 271
345 341 346 349
105 107 108 109 435
106 107 108 109 110 226
358 354 356 357 360 361 362
107 108 109 110 111
372 124 369 370 374 375 376 379
443 440 442 444 445 446
108 110 111
109 110 111 113 267 408 438
435 124 431 433 434 436 437 438
110 111 113 114
226 223 224 225 227 230
111 113 114 126
113 114 116 117 333
267 270 271 494
408 404 406 409 410 411 412
438 313 434 436 440 460
114 116 117 376 472
126 124 125 127 128 149
116 117 118 119 120 301
290 286 287 291
437 434 440 441
117 118 120 121
333 216 329 335 336
376 373 374 377 379 380 466
472 470 471 473 474 475 476
118 119 120 121 122
119 120 121 122 136 449
138 134 136 139
189 186 187 188 362
120 121 122 124
301 243 297 298 299 303 304 305 366
121 124 125 279
122 124
136 134 135 139 348
449 445 446 448 450 452
124 127 128 366
125 127 128 362
279 276 277 278 280 339
127 128 130 131
128 131 187 248
366 362 368 369 448
362 299 359 360 361 363
149 148 151 370
130 134 310 320 448
131 134 135
187 183 184 185 186 191
248 245 247 249 251 252
471 156 467 470 473 474 475
134 135 359
310 306 307 308 311 314
320 314 319 322 323 324 455 470 493
448 444 450 452
135 419 430
243 239 240 245 247 406
453 450 454
359 356 357 360
419 304 374 415 416 421 422 423
430 427 428 431 433 434
139 143 420
348 346 349 352
257 253 254 255 256 260 261 375
143 144 274
420 174 417 421 422 423 424
144 145 148
145 148 281 489
306 302 303 304 307 308 428
274 270 271 273 276 277 278
148 151 287
281 278 280 284 285
489 487 488 490 493
323 319 322
151 154 251
287 227 284 285 286 288
370 367 369 371 373 374
154 156 245 263
434 431 433 436
251 191 247 252 254 329
156 159 160
217 215 216 218 219 221
276 273 277 278 280
160 159 162
185 181 183 184 186 188
245 249 417
263 260 261 262 264 265 308 416
158 159 162 335 424
159 161 162 163 368
174 170 172 175 176 178 218
161 162 165 361
162 163 165 166 311 368
335 186 336 339
424 421 422 425 427 428
163 165 166 303
368 369 371 444 475
165 166 169
361 357 360 363
166 168 169 170
311 308 313 314 315
303 233 238 299 300 302 305 307
168 169 450
197 194 196 198 199 200 201
169 172 304
170 278 349
433 431 436
482 427 478 481 484
450 446 452 454
172 175 176
304 302 305 307 308
278 277 280 300
349 314 352
175 177 178
176 177 178 180 234 354
177 178 180 181
319 315 317 400
178 180 181 182
218 215 216 219 221
180 181 182 184
234 230 232 233 236 238 346 491
354 352 356 357
181 183 184
182 183 186 307
183 184 186 421
184 186 188
186 188
307 305 308 462
421 300 417 422 425
188
191 194 195 480
194 195 196 198
195 196 198 199 232
480 477 481 484
196 198 199 493
199 200 201 202 203
440 436 441 442 444
198 200 201 202 265
232 230 233 236 308
493 491 494 495
200 201 202 203 204
201 202 203 204 406
202 203 204 206
265 261 262 264 425
203 204 206
204 208
406 402 403 404 409 410
206 208 209 210
208 209 210 211 212
209 210 212 213
210 212 400
211 212 213 215 393
212 213 215 216 239
213 215 216 285 417 494
400 397 398 402 403 404
215 219
393 388 391 395 397
216 219
239 236 238 240
285 284 288
417 413 415 416
494 490 491 495
219 223 415
221 223 224 225 416
223 224 225 227
415 411 412 416
224 227 357
225 227
416 412 413
227 230
357 356 360
230 233
233
442 336 441 444 445 446
236 238 240 363
308 305
238 240
346 343
491 377 488 490
240
363 360 367 476
247 249
470 341 466 467 473 474
367 369
249 252 253
317 314 315
252 253 254 255 256
253 254 255 256 375
341 339 343
254 255 256 258
329 330 332
255 256 258
256 258 260
375 371 373 377 379 403
258 261 262 490
260 261 262 264
261 262 264 286
262 264
490 476 487 488
264
286 466
425 422 423 427
270 271 273
271 273
273 277
397 395 398 401
474 473 476 477 478
277 280
280 284
300 297 298 302
339 336 340 343
284
288 291 371
466 462 463 464 465
291 295
371 369 373 374
295 297 298 299
297 298
298 302
299 302
302 305
305
428 427 431 441
462 458 463 464 465
313 314 315
314 315 404
315
404 401 402
322 324 343
324
455 340 452 454 458
343 340
477 384 473 478
330 332
332 336
495
336
340
352 356
356 360
360
476 395 473 475 478
369 373
444 441 445 446
475 473 478
373 374 377
374 377 378
379 377 378 381 383
377 378 380 381
378 380 381 487
403 401 402 454
380 381 383 384
381 383 384
487 484 488
383 384 386
384 386 388
386 390
388 390 391
390 391
391 395
395 398
398 401 402
401 402
402
454 436 452
409 410 411 412 413
410 411 412 413
411 412 413
412 413
413
422 423
423 427 460
427 431
460 458 463 464
431
441 445
436 464
488 484
464 463 465 467
445 446
446
452
458
463 465 467
465 467
467
473
478 481
481 484
484
