0 1 3 4 5 190 495 498 499
1 2 3 4 5 6 342 496 497 498 499
3 2 4 5 6 7 346 428 498 499
4 2 5 7 8 9 56 401 499
5 2 6 7 8 9 10 153 401
190 142 160 185 186 187 188 189 191 192 193 194 195
495 490 491 493 494 496 497 498 499
498 260 493 494 496 497 499
499 113 302 494 496 497
2 6 7 106 250
6 7 8 9 10 241
342 242 338 339 340 341 343 345 346 364
496 491 493 494
497 188 206 298 360 464 492 493
7 8 9 10 12
106 99 101 102 104 105 107 108 109 110 111 488
250 159 166 245 246 247 248 251 252 253 255 471
346 285 343 344 348 349 350 351
428 423 425 426 427 429 430 431 433
8 10 12 29 305 344 401
9 10 11 12 13 14 36
56 51 52 53 54 55 57 58 59 60 61
401 396 397 398 400 402 404 406
10 11 12 14 15 491
153 103 148 149 152 154 155 156 158 180 228 403 485
241 29 38 236 237 239 240 242 244 246 374 422
12 14 15 16 17 252 343
29 24 26 30 32 34 169 189
305 52 300 302 303 304 306 307 308 309 310
344 72 185 273 339 340 343 345 347 349 388
11 13 14 15 16 39 202 350
13 15 16 17 156 367
14 15 16 17 18 23 159 215
36 31 32 33 35 39 40 41 270
15 16 17 18 19 20 303 351
491 343 486 487 488 489 490 492 493 494
16 18 19 20 21 37
39 23 34 35 37 40 41 42 43 44 336
202 197 198 199 203 204 205 206 212
350 345 349 351 352 353 355 459 466
17 18 19 20 21 22 71 385
252 58 118 248 249 251 253 254 255 256 257 384
343 21 338 339 347
156 151 154 158 159 160 161 184 218 318
367 334 362 363 364 365 366 368 369 371 372
18 19 20 21 22 23 359 411
23 19 20 21 22 24 25 26 27 28 108 233
159 155 158 160 162 163 164 394 451 456
215 199 210 211 212 214 216 217 218 220 414
19 20 21 22 218
20 21 22 24 25 337
303 71 299 301 302 304 308
351 180 347 348 352 353 354 355
21 22 24 25 26
37 32 34 35 40 41 42 123 184 290 451
22 24 25 26 27 125
71 32 67 68 69 70 73 74 129
385 381 382 384 387 388 390 452
359 76 354 356 357 358 360 361 362 363
411 172 192 326 406 409 412 413 414 415
218 86 103 161 203 214 217 223 406
24 25 26 27 28 107
25 26 27 28 188 289 424
337 307 334 336 338 339 340
26 27 30 31 88 316
27 28 30 76
125 120 122 123 126 127 128 130 139 331 426
28 31 32 33 490
108 77 103 104 105 107 109 110 111 112
233 228 229 230 231 232 234 236 237 238
107 102 103 104 109 110 112 151 248 288 452
188 184 185 187 189 191 193 201 315
289 60 177 284 285 286 288 290 292 293 294
424 331 421 422 423 426 427 457
30 31 32 33 34 35 489
31 32 33 34 180 284 439 486
88 83 85 86 89 90 91 92 93 434
316 82 311 312 313 317 318 319 320 321 347
76 73 75 77 80 81 178 201
32 33 34 35 492
33 34 38 266 294
490 398 444 485 486 487 492 493 494
34 35 38 67 242 375 384
169 164 165 166 167 171 172 173 174 310 457
189 184 185 186 187 191 192 194 290 392
35 38 40 235 471
489 484 485 486 487 488 492 493 494
180 171 175 176 178 182 183 296
284 279 280 281 282 283 285 286 288
439 434 435 436 437 438 440 441 443 444
486 481 482 484 485 488
492 186 487 493 494
38 40 42 43 92 314
266 259 261 262 263 264 267 268 269 270
294 290 292 293 295 296 297 299
67 62 63 64 65 70 72 117 154 331
242 237 238 243 245 332 454
375 171 286 320 370 371 373 374 376 377 378 379
384 49 191 379 381 388
40 41 42 43 44 332 348 409
235 230 231 232 234 236 237 239 240 258 286
471 114 472 473 474 475 476
41 43 44 45 46 100
270 74 265 268 269 271 274 296
42 43 44 45 46 310
123 43 118 119 121 122 124 127 254 312
184 179 181 182 186 187 283 383
290 285 286 287 288 292 293 295
451 91 177 262 446 448 450 452 453 454 455 456
43 44 45 46 47
92 89 91 93 94 95 97
314 309 310 311 312 313 317 318 319 330
44 45 46 47 48 49
336 174 200 288 334 335 339 340 341 444
332 170 328 329 330 333 334 450
348 345 349 352 353 409 431
409 133 405 406 407 412 414 437
45 47 48 49 50 461
46 47 48 49 50 77
100 95 96 97 98 99 101 102 104 105 126
310 121 182 307 308 309 311 312 313
47 48 49 50 51 52 196 373
48 51 52 53 93 296
49 50 51 52 53 54 236
50 52 53 54 55 361 374 446
461 162 206 458 460 462 463 466
77 73 74 75 80 81 82
51 53 54 55 269 484
52 54 55 57 229
196 191 192 193 195 197 199 201 222
373 120 345 362 369 370 371 372 374 376 377
53 54 55 57 58 416
93 90 91 95 96 97 98 285 443
296 291 293 298 300 301 467
54 57 58 59 374 443
236 231 232 234 237 238 239 240
55 57 58 59 60
361 135 309 357 365
374 370 371 372 376 377 444
446 443 445 447 448 450 474 494
269 116 264 265 267 272 273 368
484 479 480 481 482 483 487 488
57 59 60 61 62
229 60 199 224 225 226 227 230 231 232
58 59 61 62 63 111 452
416 132 413 414 415 417 418 419 420 421
59 60 62 63 438
443 407 438 441 442 445 447 448
60 61 62 63 64 65 138 277 380
61 62 63 64 65 66 103 175
62 63 64 65 207 357
63 65 66 68 204 262 464
111 109 110 112 113 115 116 152 168
452 447 449 450 455 456 457
438 89 292 433 434 435 436 440 441 442
64 65 66 68 263 319 340 349
65 66 68 70 338
138 133 134 135 136 137 139 140 141 142 217
277 137 272 274 275 276 278 279 280 281 282 293
380 157 377 378 379 381 382 383
66 68 70 356 417
103 98 99 101 102 105
175 170 172 176 177 179
207 83 204 205 208 209 210 211 212
357 239 300 353 354 355 356 358 360 472 483
68 69 72 73 457
204 199 200 205 206 208 209 281 301 468
262 257 258 259 260 261 263 264 265 267
464 94 134 193 459 460 463 465 466 467 468 469
263 259 261 264 265 267 268 407
319 317 321 322 323 430
340 335 338 339 341 345 442
349 345 347 352 353 354 444
70 69 72 73 74 75 95 444
338 137 325 334 335 339 341
356 99 128 352 355 358 360 414
417 74 412 414 415 418 419 421 442
72 69 73 74 75 114 232 362 407
117 112 113 114 115 116 118 119 132 469
154 149 150 151 152 155 157 158
331 223 323 326 327 328 329 330 333 334 396
69 73 260
73 74 75 78
457 78 164 299 325 453 454 455 456 459 460 462
260 115 256 257 261 264 265 335
74 78 79 488
75 78 79 80 265 335
95 90 91 94 97 98 99
444 430 440 441 445 447 448 449
129 124 126 127 128 130 131 132 133 134
114 109 110 113 115 116 118 119
232 227 228 230 234 237 249
362 149 358 360 363 365
407 402 403 405 408 410 412
78 79 80 82 83 148
79 80 82 83 84 321
488 122 372 483 485 487 493
80 81 82 83 84 85
265 115 264 267 268 378
335 287 333 334
81 82 83 84 86 474
178 173 174 176 177 179 181 182 183
201 91 197 200 203 205
82 83 84 85 86 144
83 85 87
148 143 144 145 146 147 149 150 151 152
84 85 86 87 89 355
321 173 213 317 318 320 322 323 324 325 326
85 87 89 90 324 333 398
86 87 89 90 376
474 469 470 472 473 475 476 477 478 479
144 139 140 141 143 145 146 149 155 209 304
87 89 90 91 341
89 91 94
355 257 353 354 358 360
90 91 94 96 182 271
324 136 320 322 323 325 326 328 329
333 328 329 334
398 393 394 395 396 397 399 402 403
376 183 341 371 372 377 378 379 381
91 96 247
341 227 293 345 354
434 386 429 430 431 432 433 435 436
94 96 97 98 99
96 97 98 99 101 395
182 177 183 185 186 334 354
271 244 267 268 273 274 276
247 145 243 244 245 246 279
97 98 99 101 102 219
98 99 101 102 378
285 280 281 282 286 287 288
99 104
101 104 105 283 389
395 390 391 392 393 394 396 397 399 400
102 104 105 113 213
219 214 216 217 220 221 222 223 297
378 112 381 382 383 402 458
104 105 109 161
105 109 110
126 121 122 124 127 130 131 453
283 278 280 281 282 286 287 288
389 386 387 390 391 392 393 394
113 109 110 112 115 116 118
213 208 209 211 212 214 216 217 430
109 110 112
161 157 158 165 166 186
110 115 170 390 448
112 115 163 299
151 149 150 152 155 379
248 124 198 243 244 245 249 251 253 419 429
288 286 291 292 293
115 116 120 164 354
170 165 167 171 172 173 208
390 131 386 387 388 391 394
448 447 449 453
116 118 119 120 121
152 131 147 150 155 157 212 422
168 163 164 165 166 167 171 172 173
163 158 160 162 164 166 167 183 392
299 295 297 300 406 456
118 119 120 121 122
119 121 124
120 121 122 124 329
164 160 165 166 167
354 353
121 124 228 347
132 128 133 134 135 136 158 298
469 280 466 467 470 473 480
122 124 127
124 127 128
329 325 326 327 328 330 334
228 223 224 225 226 227 230 231
347 230 352
127 128 130 131
254 249 251 253 255 256 257 258 259
312 131 171 307 308 309 311 313 315 317
128 130 133 459
130 131 133 134 135 158 466
139 134 135 136 140 142 143
426 302 421 422 423 425 427 429 431
131 133 135 136
453 449 450 454 455 456 458
133 134 135 137 141
459 413 454 455 456 460 463 465
134 135 136 137 194
135 136 137 140 210
158 160 162 442
466 186 462 463 465 467 470
136 140 141 239 430
298 217 293 295 297 300 301 302
137 140 141
141 140 142 143 145 146
194 192 193 195 197 198 199
140 142 143 145
210 179 205 208 209 211 212 214
239 234 237 238 240 243 244
430 425 427 432 433 435
142 143 145 146 147 379
217 186 212 214 220 221 432
143 145 146 147
145 146 147 150
146 147 149 150 435
147 149 150 187 203
379 377 381 382 383
149 150 399
155 150 157 160 256
209 205 206 208 212 214
304 172 300 301 302 306 308 309
150 162 246
435 431 432 436 437 440
187 177 183 185 186 191 192
203 172 199 200 205 206 208 272
399 259 394 396 400 402 404
162 157 166 167
246 243 244 245 249 445
157 160 318 360
212 208 211 274 315
422 418 421 423 425 427
403 192 400 404 405 406 408 440
485 480 481 482 483 487
160 165 256 291
256 251 255 258 259 368 445
318 311 315 320 322 323
360 358 363 364 388 468
442 280 437 440 445 447
394 391 392 393 396 397
456 455 458 460
165 166 167 301 352
291 292 295
166 167
186 185 193
167 171 327
183 179 181 185
392 387 388 393 396 432
301 297 300 302 306
352 353
171 173 174 176 307
327 322 325 326 328 330
172 173 174 176 421
173 174 176 177
174 176 179 199 477
208 205
176 177 179
307 300 302 308 309 311
421 419 420 425
177 179 181 243
179 181
199 195 197 198 200
477 216 276 467 472 473 476 478 479 480 481 482
181
243 238 240 244 245 427
185 458
334 330 393
383 214 381 382 386 387 388
458 300 358 454 455 460 462 463
193 191 195 197 198 206
191 406
192 195 197 494
315 311 313 317 320 382 447
195 197 198 200 433
406 402 404 405 408 410 412 440
197 200
494 493
198 200
206 205 211
200 205
433 429 431 432 436 437
222 220 221 223 224 225 226 227
205
272 267 268 274 275 276
281 276 279 280 282 286 300
468 220 463 465 470 473
211 214 216 264 313
214 216
216 220 221
264 259 261 267 268
313 308 309 317
274 273 275 278 279
220 221 224 225
414 325 410 412 413 418
221 223 224 226
432 429 431 436 437
223 224 225 226 227
297 292 293 295 300 302
224 226 227
225 226 227 230 259 450
226 227 230 231
227 230 231 480
230 234 268
259 255 257 258 261
450 322 445 449 454 455
231 234
480 275 475 478 479 482 483
234 237 238 279 478
268 267 273
237 238 240 445
249 244 245 253
238 240
279 275 276 278 280 282 386 391
478 475 476 479 481 483
240 245 255
258 253 255 257 261 423
286 282 287
445 440 447 449
244 245
245 323
255 251 253 257 309 476
454 449 455
427 423 425 429 431
323 320 322 325 328
251 253
253 257
419 292 415 418 420 423 429
429 425 431
257 261
309 306 377
476 282 472 473 475 479 481
368 363 364 365 366 369 370 371 372
261
423 420 425
267
273 275 276 278
276 275 278
275 278 280
278 280 282
280 282
282 287
293 292 381
386 381 382 387 391
391 387 393 396
300 295
287 292 339
292 295
339
295
381 377 382 405
467 462 463 465 470 472 475
302 306
306 308 311
308 311 462
311
462 460 463 465
377 382
317 320 322 402
330 322 325 326 328
320 322
382 387
447 449
322 325 326
402 397 400 404 405
325
326 328 412
328 366
412 408 410 413 415
366 363 364 365 369 370 371
396 393 397
393 388 397
345
364 363 365 369
388 387
353 358
431 436
358 363
472 470 473 475
483 479 481 482 487
363 365 413
365 369 370 465 487
413 408 410 415 418
369 370 371 372 473
370 371 372
465 460 463 470
487 482
371 372
372 470
473 475
470 475
405 400 404 408 410
387
397 400
400 404
404 408
408 410
440 436 441
410 415
437 436 441
415 418 420
418 420
420 425 460
425
460 455 463
436 441
441
449
455
463
475 479
479 481 482
481 482
482
493
