0 1 2 3 1998 1999
1 2 4 749 1998 1999
2 3 4 5 1776 1999
3 4 5 6 156 458 558 1702 1991
1998 1995 1996 1997 1999
1999 1996 1997
4 5 6 7
749 747 748 750 751 752
5 6 7 8
1776 949 1773 1774 1778 1779
6 8 9 1135
156 154 155 157 158 159
458 455 456 459 461 980 1237
558 248 555 557 559 561
1702 578 1700 1701 1703 1705
1991 402 1988 1989 1990 1993
7 9 10 132
8 9 10 11
9 11 12 733
1135 1133 1134 1136 1137 1138 1144
10 11 12 13
132 129 130 131 133 134 135
11 12 13 14
12 13 1488
733 730 731 732 734 735 736
13 16 1593
14 15 17 27 456 599 1040
1488 115 780 1485 1486 1489
16 15 17 18 19 745
1593 987 1590 1591 1594 1595 1596
15 17 18 1714
17 18 19 20
27 24 25 26 29 30 462
456 453 454 455 457 459
599 540 596 598 600 601 602
1040 1037 1039 1042 1043
18 19 20 21
1714 1711 1712 1713 1715 1716 1717
19 20 21 22 870
745 742 743 744 747 748
20 21 23
21 22 23 24 1730
22 23 24 25
870 867 868 871 873
23 24 25 26 1330
24 25 26
1730 1068 1729 1732 1733
25 26 28 1099
26 28 29
1330 260 1328 1329 1331 1332 1333
28 29 30 31 875
1099 1096 1098 1100 1101 1885
29 30 31 32
30 31 32 33
462 459 460 461 463 464 465 1456
31 32 33
875 874 877 878 1060 1489
32 34 35 735 1474
33 34 35 36 1869
34 35 36 37 277 1636
35 36 37
735 621 732 737
1474 147 452 921 1473 1477 1913
36 37 38 1987
1869 935 1866 1870 1871 1944
37 38 39
277 274 275 276 278 279 280
1636 1063 1633 1634 1639
38 39 40 41 130 1862
1987 1955 1984 1985 1986 1988 1989 1990
39 40 41 42
40 41 42 43 165
41 42 43 44 440 1187
130 128 131 133
1862 1252 1860 1861 1863 1864 1865
42 43 44 45
43 44 45 1102
165 162 164 166 167 168 1112
44 45 47
440 438 441 442 443 1504
1187 790 1184 1185 1188
45 46 48
1102 618 1100 1101 1103 1104 1765
47 46 48 49 50 958
46 48 1012 1662 1865
48 49 50 1264
1012 800 1009 1015 1280
1662 1660 1661 1663 1664 1665
1865 1863 1864 1866 1867
49 51 52 93 1173
50 51 52 53 1886
958 62 955 956 957 959 960 961 1912
1264 209 696 1261 1263 1265 1266 1267
51 52 53 54 851
52 53 54 55 1150
93 90 91 94 95
1173 1170 1171 1172 1175 1176
53 54 55 1268 1319
1886 279 1883 1884 1885 1887 1888 1889
54 56 57
851 848 850 852 853 854
55 56 57 751 916 988
1150 438 1148 1149 1151
1268 1266 1269 1270 1271
1319 210 1316 1317 1318 1321 1322
56 57 58 59
57 58 59 366
751 748 750 752 753 754
916 75 913 914 915 917 918
988 985 986 987 989 990 1478
58 60 622 1895
59 61 62 1094
366 363 364 365 368 369 845
60 61 62 63 252 656 1452
622 619 620 621 623 624 1171 1382
1895 1893 1894 1897 1898
61 62 63 64 573
62 63 529 593
1094 964 1091 1092 1095 1096 1097
63 64 65 66
252 249 251 254 255 1107 1740
656 653 655 657 658 1237
1452 1453 1455
64 65 66 67 175
573 570 571 572 574 575 576
529 211 526 527 528 530 532 737
593 590 591 592 594 596 789
65 68 561
66 67 69 517 1368
67 68 69
175 173 174 176 178 1047
68 69 71
561 174 559 560 562 563 564 987
69 70 71 72
517 514 515 516 519 520 1743
1368 1366 1369 1370 1371
71 70 72 74 1125 1136 1573
70 72 73 1032
72 73 74 210
73 74 75 76 425 1760 1945
1032 522 1029 1031 1033 1034 1035
74 75 76 77
1125 1123 1126 1127 1128
1136 1133 1134 1137 1139 1767
1573 512 565 1572 1574 1575
210 207 208 211 212 213 1591 1701
75 76 78 214
76 77 78 79
425 416 422 423 424 426 427 428
1760 1487 1757 1758 1759 1761 1763
1945 1942 1943 1946 1948
77 78 79 80
78 79 80 1039
214 211 215 216 217
79 80 81 82 1421 1640
80 81 82 83
1039 1036 1038 1041
81 83 84 144 1670
82 83 84 85
1421 364 1418 1419
1640 585 1638 1639 1641 1643
83 84 86
84 85 86 87 166 511 923 939
144 141 142 143 145 146 147
1670 1162 1667 1669 1671 1672
85 88 330
86 87 89 1384 1881
87 88 89 90 464
166 163 164 167 168
511 509 510 512 514
923 429 835 920 921 922 924 926
939 937 938 940 942
88 89 91 254 594 981 1462 1621
330 327 329 331 333 609 1214 1605
89 90 91 92
1384 1381 1382 1383 1385 1386 1959
1881 379 634 1377 1878 1879
90 91 92 918
464 461 463 466 467
91 92 94 1334
254 253 256 257 668
594 592 595 596 597 763
981 99 978 979 980 983 984
1462 1459 1460 1463 1464 1465
1621 239 1618 1620 1622 1623 1624
92 94 95 467 681 1407
918 915 917 919 920 921
94 95 96 97
1334 408 1331 1333 1337
95 96 97 98
467 465 469 1762
681 522 678 679 682 683 684 1101
1407 184 1404 1405 1406 1408 1409 1410
96 97 98 99
97 98 99 758
98 100 101
99 101 102
758 755 757 761 1021 1086 1704 1974
100 101 102 103 649 808
101 102 103 151 1671
102 103 104 105
103 104 105 106
649 646 648 650 651 652
808 805 807 809 810 811 1309 1806
151 148 149 150 153 259 1970
1671 221 1668 1669 1672 1673
104 106 107 831
105 106 107 504 1995
106 108 109 1675
107 108 109 110 943
831 828 829 830 832 833 834
504 503 505 507
1995 418 1624 1769 1992 1996 1997
108 109 110 111 616 643
109 110 111 112
1675 1672 1674 1677 1678
110 111 112 113
943 940 941 942 944 946
111 112 113 114
616 614 617 618 619 1506
643 640 641 642 644 646
112 113 114 115
113 116 559
114 117 1370
115 116 118 472 595 641 676 1346 1846
116 117 119 523 655 900
559 556 557 562 1404 1792
117 118 119 120 1296
1370 1052 1097 1369 1371 1372 1373
118 120 121 625
472 469 470 471 474 475 1617
595 592 596 597 598 1777
641 638 639 640 642 644 769
676 673 674 675 677 678 1231
1346 370 1343 1345 1347 1348 1349
1846 1097 1843 1844
119 120 121 122 773 1122
523 520 522 525 1578
655 479 652 653 654 657 658
900 898 899 901 902 903
120 121 122 1585
1296 338 1293 1294 1295 1298
121 122 124 293
625 623 624 626 627 628
122 123 125 138
773 771 772 774 775 776 1168
1122 866 1119 1121 1123
1585 1582 1583 1586 1587 1588
124 123 125 127 1938 1976
293 292 294 295 296 1154 1577 1901
123 126 563 1304
125 126 128 669 850 1277 1579
138 135 136 137 139 140 141
126 127 128 129 1911
563 560 562 564 565 566 712
1304 1301 1302 1303 1305 1306 1307
127 128 592 785 968
1938 1770 1935 1937 1939 1941
1976 1649 1973 1974 1977 1978
128 131
669 667 668 671 672 1933
850 359 580 847 849 852 853
1277 1274 1275 1278 1279 1280
1579 611 701 1206 1552 1577 1578 1581 1582
129 131 201
1911 690 1034 1908 1909 1910 1912 1914
592 589 590 591
785 782 783 784 787 788 1669 1940
968 965 966 967 969 970 971
131 134 240
201 198 200 202 203 204
133 134 135 136
134 135 136 137
240 239 242 1137
135 136 137 1874
136 137 139
137 139 140
1874 754 1398 1871 1873 1876 1877
139 140 141 153 1081
140 141 142 143
141 143 607
153 150 152 154 1678
1081 477 1016 1079 1082 1083 1401 1637
142 143 145
143 145 146
607 604 605 609 610 821 1335 1544
145 146
146 147 148
147 148 150 926 1435 1828
148 149 150 341 556 1220 1450
150 149 152
926 925 927 928 929
1435 263 1432 1433 1434 1438
1828 1528 1825 1829 1830 1831
149 152 533 564
341 343 344 502 510 1924
556 553 554
1220 1217 1218 1219 1222 1223
1450 385 1333 1447 1449 1451 1453 1920
152 155 1409 1921
533 530 532 534 535 536 1876 1912
564 562 565 567 1762
259 256 257 258 261 1577
1970 1967 1968 1969 1971 1972 1973
155 154 157 158 806 1250
1409 1406 1410 1411 1412
1921 854 1918 1919 1922 1923
154 157 1311
1678 1301 1679 1680 1681
157 159 160
1311 897 1170 1308 1309 1310 1312 1313
158 159 160 161 213 526 568
806 804 805 809 1831
1250 1248 1249 1251 1252 1253
159 160 161 1052
160 161 162 846
161 162 876 1475
213 211 215 216 1219
526 525 527
568 565 566 567 569 570 571 697
1052 223 678 866 1049 1050 1051 1054 1055
162 163
846 843 844 845 847 848 849
876 873 874 877 879 1436
1475 690 1472 1473 1476 1477 1478
163 164 1533
164 167 494 579 989 1667
1533 554 1530 1532 1534 1535
167 168 169 1358
494 491 492 493 495 496 497
579 576 577 578 580 582 1423
989 986 987 990 991 1532 1721
1667 1666 1773
168 169 170 171
1112 460 1109 1110 1111 1113 1114 1115
169 170 171 172 1560
1358 739 1183 1355 1356 1357 1359 1360
170 171 172 173
171 172 173 174
172 173 1727
1560 1467 1557 1558 1559 1561 1562
173 174 754
174 177 973
1727 788 1724 1725 1729
754 629 752 753 755 756 757
177 176 179 180 521 1900
973 971 972 974 975 976 1570 1701 1814
176 178 179
178 179 181 1554
1047 1045 1046 1048
179 180 181 182 1217 1482
180 181 182 183
521 518 519 522 524 1826
1900 1615 1897 1898 1899 1901 1903
181 182 184 362
1554 1551 1552 1553 1555 1556 1557
182 183 1813
1217 319 1218 1371 1704 1977
1482 1480 1481 1483 1484 1485
183 185 186 571 1289
184 185 186 187
362 359 360 361 363 364 365
1813 1271 1810 1811 1812 1815 1816 1922
185 186 187 188 1487
186 187 188 189 1232
571 569 570 572 574
1289 1286 1287 1288 1292 1825 1950
187 188 189 190
188 189 191
1487 866 1484 1485 1486 1490 1973
189 190 191 192 1156
1232 1162 1230 1233 1234
190 191 192 193 1067
191 192 194 1230
192 193 194 195
1156 248 640 843 1154 1155 1157 1159
193 194 196 911 1336
1067 1008 1064 1065 1066 1068 1069 1070
194 195 196 197
1230 1228 1229 1231
195 196 198
196 197 198 199
911 908 909 910 912 913 914
1336 1062 1333 1335 1337 1338 1339 1393 1829
197 198 199 200
198 199 200 513
199 200 202 1816
200 202 203 555 602
513 510 512 514 515 516 1936
202 203 204 205 729
1816 1814 1815 1817 1818 1819
203 204 205
555 552 554 557 1193
602 600 603 604 605
204 205 207 514
205 206 207 652
729 726 727 731
207 206
514 449 512 515 516
206 208 209 486 1704
652 650 651 653 654
208 209 469 1544
209 212 1682 1733
486 483 487 488 1568
1704 1701 1705 1706 1707
469 466 471 1103
1544 572 1541 1542 1546 1547
212 215
1682 1679 1680 1681 1683 1685
1733 1731 1732 1734 1735 1736
211 387
1591 952 1164 1588 1589 1594
1701 543 1698 1699
387 384 385 386 388 389 390 1335
215 216 217 218
216 217 218 1221 1359 1896
1219 1216 1218 1221 1222
217 218 219 220 631
218 219 220 221 1246
1221 1218 1222 1223 1224
1359 1357 1360 1361
1896 584 1893 1899 1935
219 220 454 688
220 221 222 223
631 606 630 632 633 634
221 223 410
1246 868 1243 1244 1247 1248 1249 1588
454 451 452 453 455
688 685 686 687 689 690 691 1863
222 223 224 225 364
223 224 225 1143
410 286 409 411 413 609
224 225 226 227
225 226 227 228
364 361 363 367
1143 1140 1142 1144 1145 1146
226 227 228 229 422
227 228 229 230 1315
228 229 230 231
229 230 231 232
422 419 420 424 708
230 231 232 233
1315 1312 1314 1316 1317 1877 1899
231 232 234
232 233 235 1402
233 234 235 236 1992
234 236 237
235 236 237 238 497 1549
1402 1349 1399 1400 1401 1404 1405
236 237 238 239
1992 1990 1993 1994
237 239 880
238 239 241 1139 1581
497 495 498 499 500 819 1013 1952
1549 618 1373 1546 1547 1550 1551 1552
239 241 242 1602 1628
880 878 879 881 882 883
241 242 243 244
1139 335 1138 1140 1141 1142
1581 1578 1580 1582 1583 1584
242 243 244 245 739
1602 1599 1600 1601 1604 1605
1628 1625 1626 1629 1630 1631
1137 1134 1138 1140 1551
243 244 245 246 566
244 247
245 246 247 248 447
739 736 742
246 247 249 335 1387
566 518 565 567 569
247 248 249 250 1944
248 249 250 251
447 444 446 448 449 450 1020 1457
249 250 251 1901
335 332 336 337 338 400 1195 1309
1387 1385 1388 1389 1390 1502
250 251 253 489
1944 1941 1942 1943 1946
251 385 743 997
1901 1899 1902 1903 1904
253 255 860
489 487 488 490 491 492
385 384 386 388 1095
743 741 742 744 746
997 994 995 996 998 999 1000
255 256 258 267
1107 608 1105 1106 1109 1110
1740 1026 1737 1738 1739 1741 1742 1743
860 516 671 857 862
256 257 258 1269
257 260 490
668 665 666 667 670 671 1899
258 261 1351
267 264 265 266 268 269 270 1371
1269 1266 1270 1271 1385
260 262 263 535 1110
490 356 487 488 491 493 580
261 263 264 691 762
1351 1349 1350 1352 1353 1354
1577 537 1578 1580
262 263 264 1979
263 264 265 266
535 534 536 537 538 1985
1110 1109 1111 1113
264 265 266
691 689 690 692 693 694
762 759 760 761 763 764 765 1877
1979 1978 1980 1981 1982
265 266 268 819
266 268 269
268 269 270 271 937 1507
819 817 818 821 822
269 271 272
270 271 273 333
1371 1369 1372 1373 1374
271 272 273 274
937 934 935 938 940
1507 1270 1505 1506 1510 1831
272 273 274 275 882
273 274 275 276
333 332 334 336
274 275 276 518
275 276 278
882 879 881 884 885
276 279
518 516 519 520
278 279 280 281 1611
279 280 282
280 281 282
281 282 283 284 551 723 1429
1611 1608 1609 1610 1612 1614
282 1519
283 284 285 286 1751
284 286 287
551 548 549 552 553 554
723 320 720 724 725 1887
1429 296 1426 1430 1431 1432
1519 1516 1517 1518 1520 1521 1522
285 286 1127 1513 1775
286 288 289
1751 1123 1748 1749 1750 1752 1754
287 288 289 290 1565
1127 1124 1128 1129 1130 1297 1481
1513 1511 1512 1516 1525
1775 1275 1772 1773 1777 1778 1994
288 289 290 291 1718
289 291 292
290 291 292 1843
1565 1562 1563 1564 1566 1567 1568 1710
291 292 294 1350
1718 317 1715 1716 1717 1719 1720
292 295 932
1843 1630 1840 1842 1844 1845
294 295 296 297 942
1350 1347 1348 1349 1353
295 296 297 298 1273 1614
932 546 930 931 933 934 935
296 297 298 299
1154 1151 1152 1153 1155 1157
297 298 299 300
942 941 944 945
298 299 1666
1273 502 985 1270 1271 1272 1274 1276
1614 1612 1613 1615 1616
299 300 302 834
300 301 302 303 398 1071 1293
1666 1664 1665 1668 1669
302 303 304 305
834 832 833 835 837 959 972
301 303 304 328 1434
303 304 305 306 990
398 395 396 397 401
1071 367 1072 1271 1735
1293 1002 1290 1292 1815
304 305 306 307 1499 1792
328 326 327 331
1434 1091 1432 1433
305 306 307 308
306 307 308
990 991 992 993
307 308 309 310 686
1499 549 1496 1498 1501 1502 1625
1792 1790 1793 1794 1795
308 309 310
309 310 311 312 1523
310 311 312 313 1297
686 645 684 685 687 689 1088
311 312 313 314 332
312 313 314 1649
1523 1520 1521 1522 1524 1526 1920
313 314 315 1290
1297 1294 1295 1298 1299 1784
314 315 316
332 329 331 334
1649 383 1647 1648 1651
315 316 317 318 842 1769
1290 1287 1288 1292
316 317 318 319
317 318 319 320
318 319 321 1972
842 839 841 843 844 845 1124
1769 750 1766 1768 1770 1771
319 320 321 322
320 322 323 473 721
321 323 324
1972 1969 1971 1973 1974
322 323 325 1185
323 324 325 326 392
473 470 471 474 476 1291
721 718 720 724 746
324 325 326 327 651
325 326 327
1185 1182 1183 1186 1188 1347
326 1186
392 389 391 393 394 395
327 329 1367
651 648 650 653 654 1788
1186 1183 1184 1188 1189
329 331 1326 1625 1967
1367 1364 1365 1366 1629
331 353 726
1326 1323 1325 1327 1328 1329 1936
1625 375 1622 1623 1624 1626 1627
1967 1964 1965 1968 1969
609 606 608 610 612 1801
1214 995 1198 1211 1213 1215
1605 1161 1606 1608
353 351 352 354 356 1910
726 724 725 727 779
334 337 905 1206
336 337 338 339 1002
337 338 339
905 902 904 906 907
1206 1076 1203 1205 1207 1208 1209
338 340 677
400 397 399 401 402 403 1152
1195 1192 1193 1194 1197 1198 1851
1309 1306 1307 1308 1310 1312
339 340 342 1078
1002 999 1000 1003 1004 1005 1030
340 342 343
677 674 675 678 679 680
342 343 344 345 530
1078 1075 1076 1077 1079 1080
343 344 345 346
344 345 346 347
502 499 500 501 503
510 507 509 512
1924 820 1923 1925 1926 1927
345 346 347 588 1348
530 527 528 531 532
346 347 348
347 348 349 350
588 585 586 589 590 591
1348 1345 1347 1349
348 349 350 351
349 350 351 352 670 772
350 351 352
351 352 354 1536
352 354 355
670 667 671 672 673
772 769 770 771 774 775
354 355 356
1536 1534 1535 1538 1539
355 356 357 358 1043
356 357 358 359 545
1910 1294 1907 1908 1909 1912 1913
357 358 359 484 1723 1857
358 360 361 692
1043 1041 1042 1044 1046 1301
359 361
545 542 546 547 548 1059
484 481 482 483 485 487
1723 1720 1722 1725 1726 1880
1857 1770 1836 1855 1856 1858 1860
360 363 574 1417 1460
361 363
692 468 627 689 693 695
363 365 386
574 575 576 577 791
1417 1415 1416 1418 1419
1460 1457 1458 1459 1461 1463
365 367 685
386 384 388 389 770
367 368 370
685 682 683 684 687
368 369 371 713
369 370 371 372 1908
845 843 847 848
370 371 372 373 544 1124
371 372 373 374
713 711 712 714 715 716
372 373 374 375
1908 1140 1905 1906 1909
373 374 375 752
544 449 541 543 546 547
1124 448 636 1121 1126
374 375 376 377
375 377 378
752 753 755
376 377
377 378 379 380
378 380 381
379 380 381 1596
380 381 382 383 704
381 383 384
1596 1587 1594 1595 1597 1598 1599
382 383 384
383 384 1389
704 702 703 705 706 765
384
1389 680 1165 1386 1388 1390 1391 1392
388 389 390 391
1095 1093 1096 1097 1098
389 390 391
770 617 767 768 769 771
390 391 393 474 941
1335 1333 1338
391 394 1894
393 394 395 396 956 1456
474 405 471 476 1363
941 944 1586
394 395 396 397 1261
1894 601 1892 1893 1897
395 396 397
396 397 399 505
956 953 954 955 959
1456 1453 1455 1457 1459
397 399
1261 1259 1260 1262 1263
399 401 1149
505 503 506 507 508
401 402 403 404
1149 1146 1147 1148 1151 1152 1344
402 403 404 405
403 404 405
1152 1151 1153 1155
404 405 406 407
405 407 408 477
406 407 409 914
407 408 409 1613
408 409 411 1609
477 476 480 1568 1830
409 411 1126 1656
914 912 913 915 917
1613 1610 1612 1615 1616
411 412 413 414
1609 1531 1606 1607 1608 1610
1126 1128 1129
1656 1653 1654 1655 1657 1659
413 412 414 416 1445
412 414 415 1912
414 415 416 417
415 416 417 418
1912 1909 1914
416 418 419
1445 1442 1443 1446 1447 1448
417 418 420 496
418 419 420
419 420 1091
420 421 423
496 493 495 498 499 1440
1091 794 1088 1089 1090 1092 1093
421 423 424
423 424 426
424 426 757 1222
708 664 706 707 709 710 998 1626
426 427 428 1423
757 756 759 760 925
1222 1223 1224 1225 1340 1470
427 428 430
428 429 431 1023 1525
1423 1420 1422 1424 1426
430 431 432 433 1018
429 431 1245 1412
431 432 433 434
1023 1020 1021 1022 1024
1525 1522 1526 1527
1245 1146 1242 1243 1247 1248
1412 1010 1410 1413 1414 1415
432 433 434 435 1504
433 434 436
1018 1015 1016 1020 1021
434 435 531 707
435 437 438 1053 1762
1504 1501 1502 1503 1505 1506
436 437 438 439 809
531 528 532 534
707 705 706 709 710 873
437 438 1324
438 441 1034
1053 1050 1054 1055 1056 1529
1762 644 1759 1761 1763 1764 1765
439 441 442 1010
809 811 812 1249 1821
1324 792 1321 1322 1323 1325
441 442 443 1132
1034 1031 1033 1035 1037
442 443 444 445
1010 1007 1008 1011 1013 1717 1984
443 444 445 446 781
1132 1130 1131 1133 1134 1204
444 445 446 1267
445 446 448 1642
446 448 1004
781 764 782 783 784
1267 1016 1254 1265 1266 1270 1693
448 451 1703
1642 1639 1641 1643 1645
1004 748 1001 1003 1006 1007
449 451 452
450 451 452 453
1020 1017 1019 1022 1044 1190
1457 1454 1455 1458 1459
451 452 453
1703 1705 1706
452 453 455
453 455 1659
455 457
1659 1657 1658 1660 1661
457 459 460 1638
459 460 461 569
460 463 633
1638 866 1635 1637 1639
461 750 1627
980 978 979 983
1237 1234 1236 1238 1239 1240 1542
569 567 572
463 465 466
633 630 632 634 635
750 747 748 753
1627 1526 1626 1629 1630
465 466 468 897
466 468 1168 1343
468 471 1210
897 894 896 898 899
1168 1166 1167 1169 1170 1171
1343 1340 1341 1342
471 470 1175
1210 1207 1208 1211 1212 1213
1103 977 1100 1101 1104 1105 1106
470 665
665 662 663 664 666 667
1175 1172 1176 1177 1178 1501
475 476 838
1617 1615 1618 1619 1620 1793
476 478 479 480
1291 1288
1363 1360 1361 1364 1365 1366 1758
838 835 836 837 839 841
478 479 480 481
479 480 481 1860
480 482 1426
1568 1569 1571
1830 1827 1831 1832 1833
481 482 483
1860 1859 1861 1863
482 483 485
1426 1424 1425 1428
483 485 1645
485 487 488 1432
1645 1644 1646 1647 1648
487 488 727 1014 1653
488 491 836 1085
1432 1430 1431 1433 1946
727 724 725 728 730
1014 1016 1017 1641
1653 1364 1650 1651 1652
491 492 493 1235
836 833 835 837 839
1085 793 1082 1084 1087 1405
492 493 495
493 495 877
580 577 581 582 583
1235 1233 1234 1236 1238 1777
495 498
877 878 879
498 500 501 1444
499 500 501 1878
1440 1438 1439 1441 1442 1443
500 501 503
1013 601 1016
1952 1950 1951 1953 1954 1955
501 503 1019
1444 614 1441 1443 1446 1447
1878 1875 1876 1877 1879 1880
503 506
1019 840 1016 1017 1021 1022
506 507 608 885 984 1377 1839
507 508 509
508 509
608 605 610 611
885 883 884 886 888 1772
984 983 985 1943
1377 759 976 1376 1378 1379
1839 1589 1836 1840 1841 1842
509 512
512 515
515 516
516 519
1936 1934 1935 1939
519 520
520 522 945 1129 1919
1743 1741 1742 1744 1745 1746
522 524 525 1129
945 944 946 947 948
1129 1234 1984
1919 1916 1917 1918 1922
524 525 527 1797
1826 1823 1824 1825 1827 1829
525 527 528 1100
1578 1575 1576 1580
527 528
1797 1794 1795 1796 1798
528
1100 1097
532 534
737 734 736 738 740 1853
534 536 537
536 537 539
1876 1873 1875 1877 1879
537 539 540
538 539 540 541 732 1263 1866
1985 1982 1983 1986
539 540 541 542
540 541 542 543
541 542 1961
732 730 731 734
1263 1260 1262 1265
1866 1864 1868
542 543 1648
543 546
1961 778 1958 1959 1960 1963
1648 919 1646 1647 1651
546 547 548 1982
547 548 549 550
548 549 1453
1059 1056 1057 1058 1060 1061 1062
1982 1980 1981 1983
549 550
550 552 553
1453 824 1451 1454 1455
552 553 554
553 554
554 557 695
557 560 1364 1977
695 693 694 696 698
1193 1191 1192 1196
560 562 1133 1353 1604 1732
1364 1362 1365 1366
1977 1974 1978 1980
562 565
1404 1306 1403 1405
1133 1131 1134
1353 1354 1355 1356
1604 917 1017 1601 1603 1606
1732 1729 1731 1734 1735
987 985 986 1781
565 567
712 710 715 1779
567 570
570 572 1369
697 694 696 699 700
572 575
1369 1366 1372
575 866 1469
576 577 578 690 771
577 578
791 788 789 790 792 793 794
866 863 864 868 869
1469 1466 1467 1468 1471 1819
578 581
690 689 693 1259
771 768 769 774
581 582 583 849
582 584 585 970
583 584 585 586
849 847 848 852
584 585 586 587
585 586 587
970 967 969 971 972
586 587 589
587 589 590 1691
589 590 591
590 1916
1691 1688 1689 1690 1692 1693 1694
591 1464
1916 1913 1914 1915 1917 1918
1464 1461 1463 1465 1467
596 597
789 786 787 790 792
597 598 600
763 760 761 764 765 766
598 600 601 1092
1777 1774 1778 1780
600 601 603
601
1092 1011 1089 1090 1093
603 605 606
604 605 606 667 1321
605 606
606 1619
667 666
1321 1318 1320 1323
1619 1616 1618 1620 1622
610 611 612 613
821 818 820 822 824 1405
611 612 613
612 613 614 615
1801 702 1446 1635 1798 1799 1803
613 614 615
614 617 908 1655 1676
615 618 1414
617 618 619 620 1354 1403
908 906 909 910 1531
1655 1652 1654 1657
1676 1673 1674 1677 1679
618 619 620
1414 1109 1411 1413 1416
619 620 1238
1506 1505 1509 1685
620 621 623 1327
1354 1355 1356 1357
1403 1400 1406
1238 1236 1239 1240 1241
621 623 624
623 624 919
1327 1325 1328 1329
624 626 627
1171 1172 1174 1338
1382 1379 1380 1383 1385
919 917 921 922
626 627 628 1331 1689
627 628 629
628 629 630
1331 1328 1329 1332 1333
1689 1686 1687 1688 1690
629 630 632
630 632
632 634 635 1451
634 635 636 637 1572
635 636 637 638 1395
1451 1448 1449 1454
636 637 638 639
637 638 639 640 855
1572 1569 1570 1571 1574 1575 1706
638 639 640
1395 858 1393 1394 1396 1397
639 642 1651
640 642 728
855 853 854 857
642 644 645
1651 1652 1654
728 725 730 731
644 646 647 971
769 766 767
645 646 647 648
646 647 648
647 648 650 1663
971 654 928 969 1177
648 650
650
1663 1660 1661 1665 1914
653 654 998 1285
654 964
1788 1030 1785 1786 1787 1789
998 995 996 999 1001
1285 954 1282 1284 1287 1288
964 961 962 963 965 966 1989
657 659 660
658 659 660 661 1890
659 660 661 662
660 661 662 663
661 662 664
1890 1888 1889 1891 1892 1893
662 663 664
663 664 666 1345 1355
664 666 1576
666 1287
1345 1342 1344 1347
1355 974 1352 1356 1357
1576 1574 1575
1287 955 1284 1286 1288
671 672 673 674 1294
1899 1400 1897
672 673 674 675
1933 1930 1931 1932 1935
673 674 675
674 675 1964
1294 1292 1295
675 678
1964 1962 1963 1965 1966
678 679 1529
1231 1233 1234
679 680 682 1994
680 683
1529 1526 1527 1528 1532
682 683 684
1994 1848 1993 1996 1997
683 684 1840
684 687 1035
1101 1049 1104
1840 1202 1837 1842 1993
687 689
1035 1033 1036 1037
689
1088 801 1086 1087 1089 1090 1172
1863 1861 1864
693 694 696
1259 1256 1257 1260 1262
694 696
696 699 1422
698 699 700
699 700 702 1037 1631
1422 1419 1420 1424 1425
700 701 703 1301
702 701 703 705
1037 1036 1038 1408
1631 1629 1630 1632 1634
701 703 786
703 705 706
1301 1298 1302
786 783 784 787 788
705 706 1233
706 709 1511 1885
765 767 768 999 1437
1233 1215 1236
709 710 711
1511 1508 1510 1512 1514
1885 1882 1887
710 711 863
873 871 874
1626 1623 1624 1629
711 714 1158
863 861 862 864 865
714 715 716 717 1282 1374
1158 974 1155 1157 1160 1161
715 716 718
1779 1181 1778 1780 1782
716 717 718 719
717 718 719 720
1282 1257 1279 1280 1281 1283 1322
1374 1372 1373 1375 1376
718 720 1172
719 720 722 1990
720 722
1172 1170 1174
722 724 725 1951
1990 1867 1988 1989
724
746 747 748
725 957 1050
1951 1948 1949 1950 1953 1954
1887 1884 1888 1889
957 954 959
1050 1048 1049 1051
779 776 777 778 780 782 1514
730 731 979
731 734
979 976 977 978 982
734 736
736 738
738 740 741
740 741 742
1853 1850 1851 1852 1854 1855 1856
741 742 744 1144
742 744 861
744 747 1849
1144 1141 1142 1145 1146 1147
861 784 858 862
747 883
1849 924 1540 1847 1848 1850 1851 1852
748 803
883 881 884 886
803 800 801 802 804 805 1472
753 755 896
755 756
896 893 894 895 898 899
756 759
759 760 761
760 761
925 924 927 928
761 764
1021 1022 1024
1086 1083 1084 1087 1089
1974 1971 1973 1975
764 766 767
1877 1875 1879 1880 1882
766 767 768 1015 1160
767 768
768 1415
999 1001
1437 1436 1439 1595
1015 1016 1062 1349
1160 1157 1159 1161 1163
1415 1413 1418
774 775 776 777
775 776 777 778
776 777 778
777 778 780
778 780
780 782 1310
782 783 784
1514 1480 1512 1515 1516 1517
1310 1307 1308 1312 1313
783 784
784 787
787 788 790 1515
788 790
1669 1672
1940 1937 1939 1942 1943
790 792 793
1515 1512 1517 1518
792 795 1800
793 794 795 796
794 795 797 1241
795 796 797 798
1800 1134 1798 1799 1803
796 797 798 799 1380
797 799 800
1241 1239 1240 1242 1244
798 799 801 1778
799 800 801 802
1380 1378 1379 1381 1383
800 801 802 1061
801 802 1543
1778 1597 1780 1781
802 804 805
1061 1058 1060 1062 1063 1064 1915
1543 1540 1541 1542 1546
804 807 1825
805 807
1472 1470 1471 1473 1693
807 810
1825 1824 1827
1831 1829 1832 1833 1834
810 811 812 813
811 812 813 814 872
1806 1803 1804 1805 1808 1809
812 813 814 815
1249 1247 1248 1251
1821 1026 1818 1819 1820 1822 1823 1824
813 814 815 816
814 815 816 817
872 869 874 974
815 816 817 818
816 817 818 1855
817 818 820
818 820 1216
1855 1431 1852 1856
820 822 823 1781
1216 889 1213 1215 1218
822 823 824 825 1668
823 824 825 826 1228
1781 1782 1783 1784
824 825 826 827
1405 1408
825 826 827 828
1668 1665
826 827 828 1930
1228 1225 1226 1227 1229
827 828 829 830
828 829 830
1930 1927 1928 1929 1931 1932
829 830 832
830 832 833
832 833
833
835 837 1677
837 839 840
959 961
972 974 975
1677 1480 1679 1680
839 840 841
840 841 843
841 843 844 963
843
844 1820
963 961 962 965 966 1969
1820 1202 1817 1818 1819 1822 1823
847 848
848
852 853 854
853 854 856
854 856 857
856 857 858 859
857 858 859 1943
858 859
859 862 1283
1943 962 1942 1946
862 865
1283 1063 1280 1281 1284
865 867 1079
864 867 1212
867 868 869
1212 1211 1213 1215
1079 1076 1077 1080 1082
868 869 871
869 871
871 874 1897
874
1897 1567 1683
974 976
878 879 881 1194
1060 1057 1058 1062
1489 1486 1491 1492
879 881
1436 1433 1438 1851
881 884 936
1194 1191 1192 1196 1197
884 886 887
936 933 934 935 938
886 887 888 889 1352
887 889 890 1980
888 889 890 891
1772 1119 1771 1773 1774
889 890 891 892
1352 1349
890 891 892 893
1980 1978 1981 1983
891 892 893 894
892 893 894 895
893 894 895 1688
894 895
895 898
1688 947 1686 1687 1690
898 899 901
899 901 902 1794
901 902 903 904
902 903 904
1794 1082 1657 1791 1796
903 904 906 1802
904 906 907
906 907 909
1802 1463 1799 1804 1805
907 909 910
909 910
910 912 913
1531 1528 1530 1534 1664
912 913 915 1745
913 915 1011
915 917 1416
1745 1742 1744 1748 1770
1011 1008 1009
917 920
1416 931 1341
920 921 922 1431
921 922 924
922 924
1431 1428 1430 1433
924 927
927 929
928 929 930 931 1332
929 930 931
930 931 933 1176
931 933 934
1332 1329 1333 1552
933 935 1208
1176 1177 1178 1179 1563
934 935 1690
935 938
1208 1207 1209 1211 1892
1690 1074 1687 1692
938 940
940 1537
1537 1535 1538 1539 1540
944 946 947
1586 1583 1584 1587 1588 1589
946 947 948 949
947 949 950 1893
948 949 950 1383
949 950 951 952
950 951 952 953
1893 1891
1383 1033 1385 1386 1868
951 952 953 954 1914
952 953 954
953 954 955
954 1680
1914 1913 1917
955 1258
1680 1679 1683
1258 1255 1257 1260 1420
960 1054 1584 1859
961
1054 1051 1055 1057 1809
1584 1582 1583 1587
1859 985 1856 1858 1861
962 965 1128 1164
965 966 967
1128 1123 1130 1131
1164 1162 1165 1166 1167
966 967 969 1256
1969 1966 1971
1989 1986 1988
967 969
969 1880
1256 1253 1254 1255 1854
1880 1879 1883
1177 1174 1178 1179 1180
975 976 977 978
976 977 978 1795
1570 1567 1569 1571
1814 1300 1811 1815 1817
977 978
978
1795 1793 1798
982 983 985
983 985 986
985
986 1093
1093 1090 1096
1478 1477 1480 1889
991 992 993 994
1532 1530 1534 1535 1599
1721 996 1719 1720 1722 1724
992 993 994 995
993 994 995 996
994 995
995 996
996 1842
1842 1841 1844 1845
1000 1001 1003
1001 1003
1003 1005 1006
1005 1006 1007 1008
1030 1027 1028 1029 1031 1033
1006 1007 1008 1009
1007 1008 1009
1008
1009
1717 1715 1716 1719 1785
1984 1684 1754 1770 1981 1983
1280 1278 1279
1016
1017 1909
1641 1639 1643 1892
1062 1063
1349
1909 1906 1907
1022 1024 1025 1500
1044 1041 1042 1045 1046 1696
1190 1188 1189 1191 1192
1024 1025 1026 1027
1025 1026 1028 1661 1898
1500 1498 1501 1502 1503
1026 1028 1029 1306 1873
1027 1028 1029
1028 1029 1031 1424
1661 1658 1660 1664
1898
1029 1031 1398
1306 1303 1305 1307
1873 1870 1875
1031 1033 1074
1424 1427 1526
1398 1396 1400 1401
1033 1337
1074 1072 1073 1075 1077 1697
1337 1339
1036 1038 1366 1606
1038 1041
1366
1606 1603 1608
1408 1406 1410 1411 1763
1041 1042
1042 1255
1255 1204 1252 1253 1257
1046 1045 1048 1049
1045 1048 1266 1397 1555
1696 1693 1694 1695 1698 1699
1048 1049 1051
1266 1265
1397 1109 1394
1555 1552 1553 1558
1049 1051 1161
1051 1073
1161 1159 1162 1163
1073 1070 1072 1075
1055 1056 1057 1058
1056 1057 1058
1057
1809 1224 1807 1808 1810 1811 1812
1058 1167
1167 1166 1169 1170 1918
1063 1064 1065 1066 1812
1064 1065 1066
1915 1913 1917 1918
1065 1066 1068
1066 1068 1069
1812 1810 1811 1815
1068 1069 1070 1406
1069 1070 1072
1070 1072
1406 1684
1072 1075 1284
1271 1270 1274
1735 1734 1736 1737 1738
1075 1077 1083
1284 1286
1077 1076 1080
1697 1695 1699 1917
1083 1080 1082 1084
1076 1394
1394 1391 1393 1396
1080 1082 1754 1882
1082 1084
1754 1752 1753
1882 1879 1883 1884
1401 1399 1400
1637 1634 1635 1639
1084 1087 1441 1556
1087 1089 1090
1441 1438 1439 1443
1556 1553 1557 1558 1559
1089 1090
1090
1096 1097 1098
1097 1098
1098 1664
1664 1665
1104 1106
1765 1763 1764 1766 1768
1105 1106 1108 1430 1524
1106 1108 1109
1108 1111
1430 1427 1433
1524 1521 1522 1527 1672
1109 1111 1197
1111 1113 1114
1197 1198 1199 1200
1113 1114 1115 1116
1114 1115 1116 1117 1501 1975
1115 1116 1117
1116 1117 1118 1119
1117 1118 1119 1120
1501 1502 1503
1975 1746 1973 1978
1118 1119 1120 1121 1684
1119 1120 1121
1120 1121
1121 1123
1684 1681 1683 1686 1687
1123
1130 1131 1629
1481 1479 1480 1483 1484
1131 1134 1784
1234 1236
1629 1630 1632
1134
1784 1782 1783 1785 1786 1787
1204 1201 1203 1205 1207
1138 1140 1141
1767 1764 1768
1140 1142
1551 1548 1552 1553
1141 1142
1142 1145
1145 1146 1147 1148
1146 1147 1148
1147 1148
1148 1151 1196
1151 1153
1196 1199 1557
1344 1341 1342 1922
1153 1155
1155 1157
1157 1159
1159 1162
1162 1163 1165
1163 1165 1166
1165 1166
1166 1169
1169
1170 1192 1932
1918 1917 1920
1192 1189
1932 1929 1931 1934 1935
1174
1338 1339 1340
1178 1179 1181 1947
1179 1182 1243
1563 1561 1562 1564 1566
1180 1181 1182 1183 1799
1181 1182 1183 1184
1947 1946 1948 1949 1950
1182 1183 1184
1243 1242 1244
1183 1184
1799 1339 1796 1798
1184
1188 1189 1191
1347
1189 1191
1191 1262
1262 1260 1265
1198 1200 1201
1851 1848 1850 1852 1854
1199 1200 1202 1771
1557 1558 1559
1200 1201 1202 1203
1201 1203
1202 1203
1771 1768 1770 1773 1774
1203 1205
1205 1207
1207 1209
1209 1211 1761
1211 1213
1892 1889 1891
1761 1758 1759 1763 1764
1213 1215
1215 1218
1218
1223 1224 1225 1226
1224 1225 1227
1225 1226 1227
1340 1341 1342
1470 1467 1468 1471 1473
1226 1229 1442
1227 1229
1229
1442 1439 1443
1236 1239
1239 1240 1242
1240 1242
1542 1539 1540 1545
1242 1244
1244 1247
1247 1248
1248 1251
1588 1587 1589
1251 1252 1253 1254
1252 1253 1254
1253 1254
1254 1888
1888 1889 1891
1257 1260
1854 1852 1856
1260
1420 1418 1419
1265
1270 1272
1693 1692 1695
1385 1386 1388
1272 1274 1275
1274 1275 1276
1275 1276 1278 1941
1276 1278 1279
1278 1279 1281
1941 1939
1279 1281 1883
1281 1674
1883 1884
1674 1673
1322 1320 1323 1325
1286 1288
1288
1292 1295
1950 1673 1948 1949 1953
1295
1815 1744 1817 1818
1298 1299 1904
1299 1300 1302
1904 1902 1903 1905 1906 1907
1300 1302 1303
1302 1303 1305
1303 1305 1685
1305 1307
1685 1683 1686 1687
1307
1308 1535 1783
1535 1534 1538
1783 1458 1782 1785 1786
1312 1313 1314
1313 1314 1316
1314 1316 1317
1316 1317 1318
1317 1318 1320
1318 1320
1320 1323
1323 1325
1325 1328
1328 1329
1329
1333
1552 1550
1339 1341 1342
1393 1391 1392 1396
1829 1827
1341 1906
1342
1906 1903 1905 1907
1922 1920 1923 1925
1356 1357
1357 1360 1362
1360 1361 1362
1362 1361
1361
1365 1789 1838
1758 1756 1757 1759
1789 1786 1790 1791 1807
1838 1835 1836 1837 1841 1868
1372 1373 1375
1373 1375 1376
1375 1378 1958
1376 1378 1379 1766
1378 1379 1381
1958 1955 1956 1957 1959 1960
1379 1381
1766 1763 1764 1768
1381 1635
1635 1632 1633 1634
1386 1388
1868 1867 1870 1871
1959 1956 1957 1960 1962
1388 1390 1391
1390 1391 1728
1502 1503 1505
1391 1392
1392 1498 1569
1728 1725 1726 1729 1731 1988
1498 1495 1496 1497
1569 1566 1567 1571
1396 1399
1399 1400
1400
1410 1411 1413
1411 1413
1763
1413
1418 1419 1716
1419
1716 1713 1715 1719
1425 1427 1428
1427 1428
1526 1527 1872
1428 1466
1466 1463 1465 1467 1468
1433
1946 1949
1438 1439
1439
1595 1592 1594 1598
1443 1446
1446 1447 1448 1449
1447 1448 1449
1448 1449
1449
1920 1917 1923
1454 1455
1455 1458
1458 1459 1520
1459 1461
1520 1517 1518 1521 1522
1461 1463 1986
1463 1465
1986 1983 1988
1465 1467 1468
1467
1468 1471
1471 1473
1819 1817 1818 1822
1473 1476
1476 1477 1479
1477 1479 1480
1913
1479 1480
1480 1483
1889 1891
1483 1484 1485 1486
1484 1485 1486
1485 1486
1486
1490 1491 1492 1493
1973 1971
1491 1492 1493 1494
1492 1493 1494 1495
1493 1494 1495 1496
1494 1495 1496 1497
1495 1496 1497
1496 1497
1497
1503 1505
1505 1508 1527
1508 1509 1510
1527 1528
1509 1510 1512
1510 1512 1870
1512
1870 1867 1871 1872
1516 1517 1518
1517 1518
1518 1521
1521 1522
1522
1672 1673
1872 1750 1871 1875
1528 1530
1530 1925
1925 1923 1926 1927
1534
1599 1598 1600 1601
1538 1539 1541
1539 1540 1541
1540 1541
1541
1545 1546 1547 1548
1546 1547 1548
1547 1548 1550
1548 1550
1550 1553
1553
1558 1559 1561
1559 1561 1562
1561 1562 1564
1562 1564
1564 1566 1567
1566 1567
1567
1710 1707 1708 1709 1711 1713
1571 1574
1574 1575
1575
1706 1705 1708 1709
1580 1582 1583
1582 1583
1583
1587 1590
1589 1590 1592
1590 1592
1592 1594
1594 1597
1597 1598 1600
1598 1600 1601 1993
1600 1601 1603
1601
1993
1603
1608 1607 1610
1607 1610
1610 1612
1612 1615
1615 1616 1618
1616 1618
1618 1620
1620 1622 1623
1793 1790 1791 1796
1622 1623 1624
1623 1624 1807
1624
1807 1804 1808 1810
1630 1632 1633
1632 1633 1634
1633 1634
1634
1639
1643 1644 1646
1644 1646 1647
1646 1647
1647 1650
1650 1652 1836
1652 1654
1836 1834 1837
1654 1657
1657 1658 1660
1658 1660
1660
1665
1773 1770 1774
1673
1679 1681
1681 1683
1683 1686
1686 1687
1687
1692 1694 1695
1694 1695
1695 1698
1698 1699 1700
1699 1700
1917
1700
1705 1707 1708
1707 1708 1709
1708 1709 1711
1709 1711 1712
1711 1712 1713
1712 1713 1715
1713 1715
1715
1719 1720 1722
1785 1782 1786 1787
1720 1722
1722 1724 1725
1724 1725 1726
1725 1726
1726 1729
1729 1731
1731 1734
1988
1734 1736 1737
1736 1737 1738 1739
1737 1738 1739
1738 1739 1741
1739 1741 1742
1741 1742 1744
1742 1744
1744 1746
1746 1747 1748 1749
1748 1747 1749 1750
1770 1768
1747 1749 1750
1749 1750 1752
1750 1752 1753
1752 1753 1755
1753 1755 1756
1755 1756 1757 1805
1756 1757 1759
1757 1759
1805 1803 1804 1808
1759
1764 1841
1841 1844
1768
1774
1780 1782
1782
1786 1787
1787 1790
1790 1791
1791
1796 1798
1798
1803 1804
1804
1808 1810 1811
1810 1811
1811
1817 1818
1818
1822 1823 1824
1823 1824
1824
1827
1832 1833 1834 1835 1966
1833 1834 1835
1834 1835 1837
1835 1837
1966 1963 1965 1968
1837
1844 1845 1847
1845 1847 1848
1847 1848 1850
1848 1850
1850 1852
1852
1856 1858
1858 1861
1861 1864
1864 1867
1867
1871
1875
1879
1884
1891
1935 1934 1937
1903 1902 1905
1902 1905
1905 1907
1907
1923 1926
1926 1927 1928 1929
1927 1928 1929
1928 1929 1931
1929 1931
1931 1934 1997
1934 1937
1997 1996
1937 1939
1939 1942
1942
1948 1949
1949
1953 1954 1955 1956
1954 1955 1956 1957
1955 1956
1956 1957
1957 1960
1960 1962 1963
1962 1963 1965
1963 1965
1965 1968
1968 1971
1971
1978 1981
1981 1983
1983
1996
