0 1 2 3 5 321 529 995 996 997 999
1 2 3 4 6 228 996 998 999
2 3 4 5 6 7 131 263 444 997 998
3 4 5 6 8 63 998 999
5 4 6 8 9 10
321 138 244 317 318 319 320 323 324
529 524 525 526 527 528 530 531 533 534 663
995 393 458 858 991 992 994 996 997 999
996 992 998 999
997 26 273 343 558 992 998 999
999 4 151 837 918 994 998
4 6 7 8 107
6 7 8 9 10 444
228 224 225 226 227 229 230 231 232 571
998 54 64 993 994
7 8 9 10 11 12 279
131 78 126 127 128 129 130 134 135 136 565 917
263 259 260 262 264 265 266 267 268 533 561
444 167 440 442 443 445 447 449 472 884
8 9 10 12 13
63 58 60 61 62 67 247 312 690 918
107 102 103 104 105 106 109 110 111
9 10 12 14 328 596 957
10 11 12 13 14 15 214 379
11 12 13 14 15 170 457 739 765
12 14 15 16 17
279 274 277 278 280 281 282 283 284 809 875
13 15 16 17 525 684
14 15 16 17 18 19 569
328 146 157 164 323 325 326 327 330 331 333
596 58 591 592 593 594 595 597 598 599 601 922
957 113 400 456 952 953 954 956 958 960 961
15 16 17 18 20 846
214 209 210 215 216 217 218 219 796 980
379 374 375 376 378 380 381 383 384 547
170 165 166 167 169 171 172 173 174 657 897
457 179 453 454 458 459 460 461 462 891
739 430 531 608 734 735 736 738 741 742 744
765 641 760 761 763 766 767 768 769 770
16 17 18 19 20 21 287 559 601
17 18 19 20 21 22
525 520 521 522 523 524 526 527 530 894 936
684 229 679 681 682 683 685 686 687 689
18 20 21 23 252 708 778
19 20 21 22 23 24 33 155 865
569 144 384 564 565 566 567 568 571 572 573 972
20 21 22 24 25 361
846 841 843 845 848 849 850
21 22 23 24 25 26 274 564 951
287 282 283 284 285 286 288 290 291 292
559 25 554 555 556 560 563 734
601 93 168 415 598 600 602 603 604 605 606
22 23 24 25 26 27
23 24 25 28 47 619 626 938
252 247 248 250 251 253 254 255 256 257
708 59 427 437 704 705 706 709 710 712
778 737 773 774 775 776 777 780 781 782 783
24 25 26 27 28 29 453 617 776
33 28 29 30 31 32 34 35 36
155 150 151 152 153 156 157 295 387 825
865 282 861 862 863 864 867 868 870
25 27 28 29
361 136 192 356 360 363 364 365 366 789
26 27 28 29 30 184 286
274 271 272 273 275 277 278
564 560 561 563 565 566 568 847
951 149 946 947 948 950 952 953 954 955
27 28 29 32 161 591
28 29 30 31 723
47 42 43 44 46 49 52 270 825
619 614 615 617 618 620 621 622 624 759 812
626 621 624 625 627 629 630 631 970
938 371 766 934 936 939 940 941 942 943 955
29 30 31 32 34
453 448 449 450 451 455 456 458 744
617 389 549 612 613 614 615 616 618 620 622 659
776 771 774 779 780 818
30 31 32 34 35 833
184 172 180 183 186 187 188 558 874
286 281 283 284 285 288 289 290 291
32 31 34 35 36 325
161 156 157 158 159 160 162 163 164 165 166
591 117 233 586 587 588 589 590 592 593 801 929 943 945
31 34 36 245 402 565 672 968
723 718 719 720 721 722 724 725 726 727 777 935
34 35 36 37 38 39 245 506
35 37 38 40 794
833 828 829 830 832 834 835 836 838 970
36 37 38 39 40 41 97 340 377 411 773
245 240 241 242 244 246 247 248 249 250 552
402 165 200 336 398 401 404 406 407 423 534
565 538 560 561 566 568 570 756
672 234 244 668 669 670 674 676 931 971
968 964 965 966 967 969 971 972
325 174 320 323 324 326 327 330 889 989
37 38 39 40 41 85 346
38 40 41 42 43 310
39 40 42 43 44 788
506 71 216 329 502 503 505 507 508 510 511 552
40 42 43 44 45 76
794 79 790 791 792 793 795 796 797 798 799
41 42 43 44 45 46 48
97 92 93 95 98 99 100 101 764
340 335 336 337 338 341 342 343 345 419
377 372 373 374 375 376 378 380 381 382
411 119 406 408 409 410 412 414 416 820
773 151 199 768 771 772 775 777
85 80 81 82 83 84 87 88 89 90 234 456
346 188 341 342 343 344 345 347 350 351 804
42 43 44 45 195 891
43 44 45 46 48 658
310 305 306 307 308 309 311 313 315 848
44 45 46 48 49 305 446
788 311 780 783 784 785 786 787 790 791 792 793
45 46 48 49 50 338 598 993
76 71 72 73 75 78 79 80 81 507
46 49 50 51
48 49 50 52 334 662
195 190 191 192 193 194 196 197 198 199 200 760
891 867 887 889 890 892 893 894 896
658 653 654 655 656 657 659 660 662 663
49 50 51 52 53 54
305 300 302 303 304 306 307 308
446 441 442 443 445 447 448 449 451 984
50 51 52 53 54 55
338 317 333 334 336 337 339 341 342 343 357
598 178 418 594 595 597 599 600 602
993 382 988 989 990 991 992 994
51 52 53 55 56 198 706
52 53 55 56 57 784
270 130 265 266 267 268 269 271 272 273 747
825 769 821 822 823 824 826 827 828 829 830
334 110 330 331 332 333 335 336 337 339 634
662 355 572 659 660 661 663 664 665 666 667
53 54 55 56 57 58 549 740
54 55 56 57 58 59 410
55 57 58 59 60 494
56 57 58 59 61 782 841 851
198 193 194 196 197 199 200 202 203
706 395 567 701 702 703 704 705 707 710 711
57 58 60 61
784 779 781 782 783 786 787 789 994
58 60 61 62 88 127
549 350 544 545 546 547 548 550 551 552 553 554 556 967
740 117 432 532 735 736 737 738 743 744
59 60 61 62 64 762
410 253 405 406 408 409 412 413 414 471 897
60 64 65 512 856
494 490 493 495 496 497 498 499 625
61 64 65 185 399 401
782 203 777 779 781 783 785 868 870
841 65 837 838 839 840 842 843 844
851 142 342 610 847 848 849 850 852 853 854 855 856
62 64 65 326 400 458 561 629
88 84 86 87 90 91 93 837
127 123 124 125 126 128 129 132 432
64 65 66 68 69 352
762 281 456 757 758 759 761 764 766 767 826
65 67 69 70 790 936
512 507 508 509 510 511 515 516 517
856 66 638 783 852 853 855 857 858 860 861
185 180 183 186 187 188 335 425 813
399 69 249 257 396 397 398 400 401 403 404
401 367 396 397 398 400 403 404 405 406
326 322 323 327 329 331 441
400 395 396 397 403 404 405
458 454 455 456 459 460 461 462 962
561 556 557 558 560 562 563 566 749
629 562 624 625 627 628 630 631 632 633 634
67 66 71 72 434 441 623
247 242 243 246 248 249 250 251 541 692
312 307 308 309 311 313 314 315 316 317
690 187 677 686 688 691 692 693 694 695 913
918 902 915 916 917 920 921
66 68 69 70 71 436 483 539
68 69 70 71 73 533 627 707 869
69 71 72 73 74
352 347 350 351 354 355 357 893
70 71 72 73 74 75 873
790 786 787 789 791 795
936 154 931 932 935 937 939 940
71 74 75 354 948
436 432 433 435 437 438 439 440 441
483 478 479 480 481 482 484 485 486 487 488
539 521 534 537 538 541 543 886
72 73 74 75 77 187
434 429 430 431 432 435 438 517 550 882
441 156 438 439 442 443 445 712
623 518 618 620 621 624 625 627 628 831
73 75 77 78 613 816
533 250 253 531 532 534 535 536 538 750
627 622 624 625 628 630 631 886
707 702 703 704 705 709 711
869 314 489 586 864 866 867 871 916
74 75 77 78
75 77 78 79 80
873 868 870 871 874 876 877 878
354 349 350 351 353 355 356 358 863 928
948 940 943 944 947 949 950 952
77 78 79 81 82 293 551 985
187 140 182 183 188 189 190 191
78 79 80 81 82 99 620 943
613 492 609 610 611 612 614 615 618
816 322 811 812 813 814 815 818 819 820 848
79 81 82 83 84
80 81 82 83 84 511 544 641
81 83 86 176
507 121 504 505 508 509 510 511 756
82 83 84 86 87 199 319 799 845 853
293 288 289 290 292 294 295 297 298 427
551 546 547 548 553 554 555 556
985 981 982 983 986 987 988 989 990
99 94 95 96 98 100 101 102 103 104
620 574 616 618 621 622 624
943 791 939 940 941 944 945 946
83 84 86 150
84 87 89 181 645 896
511 508 509 510 515
544 540 541 542 543 545 546 547 705 821
641 103 636 637 638 639 640 644 645 646
86 87 89 91 640 991
176 171 173 174 175 177 178 179 180 181
87 89 90 91 92 597 648
199 194 196 201 202 203 204 928 963
319 316 317 318 320 322 323 324
799 146 360 378 456 795 796 800 802 803
845 105 499 840 843 844 848 849 850
853 236 848 850 852 854 855 857 858
150 145 149 151 153 372 504 645 695
89 90 91 92 93 95 175 265 955
181 178 179 182 183 186 240 940
645 204 230 472 640 642 643 644 646 647 648 649 650
896 892 893 894 895 897 898 899 900 901
90 91 92 93 94 916
234 229 230 233 235 236 237 238 239 376
456 451 452 454 455 459 461
91 92 94 95
640 309 520 636 637 638 639 642 643 644 736 826
991 553 830 905 986 987 988 989 990 992 994
92 94 95 294 824
597 592 593 594 595 599 600 602
648 643 644 646 647 649 651 652 653
93 95 96 98 464
837 167 256 348 832 834 838 839
95 96 98 100 125 515
175 154 171 174 177 178 179 180 442
265 261 262 264 266 267 268 318 492 970
955 96 952 953 954 956 958 959
94 96 98 731
916 797 904 912 914 915 917 919 920 921
294 258 291 292 295 297 298 299 695 835
824 819 820 821 822 823 826 827 828 829 834
96 101 488 858 917
98 100 101 102
464 201 459 460 461 462 463 465 466 467 469
731 476 726 727 728 729 730 732 733 734 735
100 101 103 104 105 224 710 994
125 120 121 122 124 126 129 130 685
515 513 514 517 518 520 771 838 963
101 102 103 106 302
488 349 484 485 486 487 490 491 493 536
858 396 689 829 854 855 857 860 861 863
917 360 501 849 912 914 915 919 921 922
764 759 761 766 767 768 769 875
102 103 104 105 106
103 104 105 106 108 281 356
104 105 106 108 109 978
105 110 135
224 220 221 222 225 227 229 372 844
710 705 709 711 712 713 714 715 754 901
994 732 897 989 992
106 108 111 550
302 297 298 300 301 303 304 306 974
108 110 111 112 113 495 621
281 277 278 280 284 285
356 351 353 355 357 358 359 360
109 111 112 113 114 156 217 329 859
978 116 491 975 976 977 979 980 982
110 111 113 114 115 874 945
135 132 133 134 136 137 138 139 140 166
111 112 113 114 115 116 521
550 545 546 547 548 552 553 554 555 568 964
112 113 114 222 339
113 114 115 116 117 118
495 116 490 491 493 496 497 498 499 500
621 440 618 622 624 625
114 115 116 117 118 119
156 151 152 153 154 157 159 160 403
217 213 215 216 218 219 220 221 222
329 258 275 324 327 330 332 333
859 854 860 861 862 863
115 116 117 118 119 812 947
874 365 585 870 871 872 875 876 878 879
945 474 941 942 944 946 947 950
116 117 118 120 121
521 516 518 519 520 522 523 524 526
222 219 220 221 223 225 227
339 335 336 337 341 342 343 344 925
117 118 120 121 122
118 119 120 123 449 595
119 120 121 122 124 792
812 807 808 810 811 813 815
947 942 944 946 949 950 952
120 121 122 124 260 548
121 122 123 126 213 452
122 123 124 126 639
123 124 126 128
449 303 445 447 448 450 451 452 454
595 370 590 599 600 941
124 126 128 129 632
792 787 789 793 795 796 797
260 255 256 259 261 262 264
548 543 545 546 547 552 553
126 128 129 130
213 208 209 210 211 212 218 508 785
452 418 447 448 450 451 454
639 634 635 637 638 642 643 644
128 129 132 133 857 910
129 130 133 134 905
632 628 633 634 635 636 637
130 132 133 134 852 885
685 557 680 681 682 683 686 687 688 689
132 133 134 136 137 459
432 427 428 429 430 431 433 435 437 526 657
133 134 137 138 157 197
857 852 854 855 861 862
910 905 906 907 908 909 911 913 915
134 136 137 139 158 712
905 261 900 901 903 904 906 907 908 909
852 622 848 849 850 854 855
885 880 881 882 884 886 887 888 889 890
136 137 138 139 141 866
137 138 139 140 141 142 418
459 207 454 455 461 462
138 139 140 141 142 143
157 152 153 158 160 657
197 192 193 194 196 200 201 202 257
139 140 141 142 143 144 746
158 153 154 159 160 162 163
712 419 709 711 713 714 717
140 141 142 143 144 145 514
166 162 163 164 165 167 168 169
141 142 143 144 146 278 725
866 781 861 862 863 864 868 870 871
142 143 144 146 147
418 413 414 416 417 419 421 422
143 146 147 148 261 363 385
144 145 146 147 148 149 370 466 769 979
746 742 743 744 745 747 748 749 750
145 146 147 148 149
514 509 513 516 517
146 147 148 149 528 716 796 908
278 273 276 280 283 678
725 720 722 724 726 727 728 729 730
147 148 149 151 152
148 149 152 153 269 557
261 256 258 266 280 750
363 359 360 362 367 958
385 380 381 382 383 384 386 388 389 390
149 152 153 154
370 220 366 367 368 369 372 373 374 375 802
466 180 231 461 465 467 468 470 471 800 983
769 272 324 671 767 770 771 772 774
979 230 439 579 974 975 976 981 982 983 984
528 523 524 527 530 532 932
716 711 713 715 717 719 720 721
796 594 791 793 795 797 798 800
908 886 903 907 909 911 912 913
151 152 154
152 153 154
153 154
269 264 266 267 268 271 272 273 468
557 552 554 555 556 558 560 562 592
154 159 280
372 368 373 374 375 376
504 499 500 502 503 505 508 509
695 200 691 692 694 696 697 698 699 700 928
159 160 162 164 173 929
280 275 277 282 283 284 285 327 369 391 553 952
295 290 291 292 296 297 298 299 300
387 383 384 386 388 389 390 392 406
160 162 163 164 165 306 780
403 398 404 405 406 407 919
657 653 654 655 656 659 660 661
162 163 164 255 348
163 164 165 167
164 165 167 168 169 602 923
173 168 169 171 172 174 177 178 535
929 926 930 931 932 933 934
165 168 169 272
306 301 303 304 307 308 309 311
780 517 775 779 781 785
255 250 251 253 257 259 276 439
348 194 343 344 345 347 349 350 353
167 168 169 171 172
168 169 171 172 347 668
169 171 172 192 713
602 556 599 600 603 605 607 734
923 219 223 919 921 924 926 927
272 267 268 273 275 276 277
171 174 291 809 933
172 174 177 679 898
347 342 343 345 349 350 351
668 460 519 664 665 666 667 669 671 673 901
192 188 189 190 191 193 194 196
713 709 711 714 715 717 718
174 178 179 364
897 892 893 894 895 898 901 902 944
291 288 289 290 292 296
809 804 805 806 807 808 811 813 814
933 273 928 930 932 934 935 937
177 178 179 180 225 330 981
679 183 535 660 675 676 678 680 681 682
898 893 894 895 899 900 901 903
178 179 180 183
535 530 531 532 534 538 540 608
179 180 182 183
364 359 360 362 365 367 368 369 959
180 182 697
442 437 439 440 445 447
225 220 223 226 227 389 660
330 327 331 332 333 335
981 413 976 980 982 983 984
183 186 188 486
182 186 699
697 696 698 699 701 702 926
186 189 190 191 630 705
240 235 236 237 239 241 242 243 244
940 921 935 939 941 942 944
699 391 694 696 700 701 702 703 704
188 189 190 191 193
486 276 481 482 484 485 487 489 491
558 246 366 554 555 556 562 563 730
335 331 332 333 336 337 475
425 420 421 422 424 426 427 428 429 430 473 614
813 277 758 810 811 814 815 817 818
189 190 191 193 194
190 193 194 582 958 966
191 193 327 753 909
630 628 633 634 635 832 927
705 501 701 702 703 704 709
193 194 196
194 196
582 577 578 579 580 581 585 587 990
958 953 954 956 960 961 962 963
966 365 935 961 962 964 965 969 971
327 322 324 331 508 838
753 230 748 749 751 752 755 756 757 758
909 673 904 906 907 911 912 914
196 973
200 201 202 203 204 205
760 492 755 756 757 758 759 761
973 218 592 969 971 972 974 975 976 977
201 202 203 204 205 206 956
202 203 204 205 206 207 579
257 253 254 256 262 777
203 205 206 207
204 205 206 208 209 283
928 215 358 924 926 927 930 931 932
963 631 959 960 961 964 965 967
205 207 208 209 210
206 207 209 210 211
956 952 953 954 959 960 961
207 208 209 210 212 258 366
579 574 575 577 578 580 581 583 584 982
208 209 210 211 212 689 889
209 210 211 212
283 282 284 285 288
210 211 212 215 366
211 212 215 216
212 215 216
258 253 254 256 259 262
366 362 365 367 368
689 664 686 687 688 691 692 693 694
889 884 886 887 888 890 892 893 894
215 216 218 219 220
216 218 219 220 221
218 219 220 221 223 461 628
508 503 505 509 510 513
785 781 783 786 787 789
219 220 223 426
980 656 875 975 976 977 982 984
220
221 223 226 373 465 575 879 883
223 226 227
461 460 462 465
628 398 624 625 631 744
426 422 423 424 427 428 429 430 431
226 227 229 230 231 417 804
373 368 371 374 375 376 395
465 460 462 463 467 469 470
575 570 571 573 574 576 577 580
879 264 276 875 876 877 878 881 882 883 884 930
883 878 880 882 884 886 887 888
227 229 231 232 578 745
229 230 232 233 510 604
844 836 839 840 842 843 847 848 849
389 386 388 390 391 394
660 659 661 663 664 665 774 915
230 232 233 235 322
231 235 236
417 308 412 413 414 415 416 420 421 422
804 800 801 802 803 805 807 808
232 235
578 573 574 576 577 580 581 583 728
745 741 742 743 747 748 749 750
571 566 567 572 574 576 777
233 235 236 237 238 239 989
510 509 513 941
604 599 603 605 606 607 609
235 236 237 238 239
322 284 318 323 324 757 884
236 237 238 239 241
237 238 239 242 289 743
238 239 241 242 243 530 560
239 241 242 244 755
989 986 987 988 990 992
376 371 375 378 380 381
241 242 243 244 246
242 243 244 246 573
289 284 285 288 290 292
743 290 554 738 741 742 744 747 913
243 244 246 248
530 527 531 534 638 714 871
560 555 562 563
244 246 248 249 669
755 750 751 752 754 756 757 758 759
246 248 249 250 251
573 568 570 572 574 576 577 681
248 249 250 251 253
249 250 251 253 254 970
669 664 666 667 670 671 674
250 251 253 254
552 431 547 554 555 556
251 253 256
541 536 537 543 545 546 683
692 687 688 691 693 694 696
253 254 256 414 633
254 256 259 925
970 468 656 758 965 971 972 975
256 259
414 409 412 413 419 922
633 634 635 636 637 638 772 875
259 262 264 793
925 501 920 921 922 927
276 271 275 277 427
439 435 437 438 440 443
262 264 266 267 537 580
777 421 485 772 774 779 781
264 267 268 795
793 309 789 791 795 797 798
266 267 268 271
750 747 748 749 751 752 754
267 268 271
537 374 534 536 538 540
580 576 577 581 583 584 585 631
268 271 273
795 701 761 791 800
318 313 316 320 323
492 487 489 490 491 496 497 815 861
271 273 275
273 275 277
468 463 467 469 470 471 472 473
747 618 664 742 744 748 751
275 277 435 470
277 282
435 430 431 433 437 438 440
470 471 472 473 474 475
427 423 424 428 430 431 881
282 284 285 320
678 476 673 674 675 676 680 681 682 683 771
284 288 562
875 871 872 876 877 878 880
285 288 290
369 365 368 371 374 570 847
391 386 388 392 393 394 395 396 982
553 554 555
952 949 950 953 954
320 315 316 317 324 570
288 290 292
562 563 566 567
290 292 518 649 751
292 296 297
518 513 516 517 522
649 513 647 650 651 653
751 730 748 749 752 754 756
296 298 299 300 301 976
297 298 299 301
298 299 301 600 872
299 300 301 303 304
835 315 830 831 832 834 836 838 839 840
300 301 303 304 876
301 303 304
976 972 975 977
600 599 603 605
872 687 867 868 870 876 877
303 304 307 308
304 307 308 309
876 848 871 877 878 880
974 388 473 822 969 972 975 977
307 309 311
308 309 311 313 960
309 311 313 314 454
311 313 314 315
313 314 315 316 317 584
960 959 961 962 964 965
314 315 317 349 455 474 523
454 450 451 455 652 901
315 317 406
848 843 847 849
316 317 437 969
317
584 581 583 585 586 588 589 807
349 344 345 350 351 353
455 450 451 460 589
474 472 476 478 479
523 513 519 520 522 524 526 527
406 404 405 407 408 409
437 433 438 440
969 964 965 967 971 972
323 324
324 606 737
570 566 567 568 572 574 987
757 752 754 758 759 761 787
884 800 880 881 888
606 603 607 608 609 610 611 729
737 727 733 734 735 736 738 741
331 332 333
838 834 836 842 843 887
333 332 336 337 386 919
332 336 337
336 337 341 734
337 341 342 914
386 381 382 383 384 390 536
919 540 694 920 921 922 924
634 631 635 636 637
475 471 472 473 476 477 478 479
341 342 343 344 345
734 729 730 732 735 738
342 343 344
914 362 911 912 913 915
343 344 345 727
357 353 358 360 362
344 345
345
419 416 420 421 422 423 424 666
727 722 724 728 729 730 732
350 353 589 665
351 353 355 671 912
353 355 358 420 749
589 586 587 588 590 593 594
665 661 663 666 670
355 358 360 775
671 666 667 670 673 674 675 676
912 724 907 911 913 915
893 383 616 888 890 892 894
358 359 360 362 407 797
420 415 416 421 422 423 424 827
749 744 752 754
863 860 861 862 864 867 868
360 359 362 473
775 711 770 771 772 774 779
359 566 687
362 365 603
407 404 405 409 412 643
797 798 800 801 962
566 563 568
687 682 683 686 688 691
473 476 477 478 588
365 367 368
789 482 786 787 870
603 536 599 605 608 820
367 368 371
368 371
959 393 961 962 964
371 374 375
374 375 531
847 842 843 849 850
375 378 380
802 545 798 801 803 805 807
395 390 392 393 394 396 397 398 803
531 526 532 534
378 380 381 382 383 823
380 381 382 383 384
381 382 383 384
382 383 384 939
383 388
823 818 819 820 821 826 827 828
384 481 719
547 542 543 545 546
939 652 934 935 937 941 942 944
388 390 392 393
481 476 478 479 480 482 484 485
719 714 715 717 718 720 722 724
390 392 394 605
536 532 534 538 540
392 393 394 396 397
393 394 396 397 398
394 396 397 398 423 585
605 607 608 609 610
396 397 398
982 977 983 984
397 398
398 647
423 421 422 424 718
585 581 586 587 588 590
803 798 800 801 805 806 807 808 987
647 643 644 646 650 651 652
404 405 408 409 625
405 408 409 443 476
534 532 538
408 412 413 987
409 412 413 654 735
625 622 624
443 438 440 445 447 448 574
476 478 479 480 676
412 413 415 416 667
643 638 642 644 646
413 416
987 986 988 990 992
654 650 651 653 655 656 659 677
735 730 732 733 736 738
471 469 472
416 415 421
820 815 817 818 819 821 822
415 540 903 944 946
667 663 664 666 670 860
922 700 920 921 924 926 927
540 538 543 545 694
903 899 902 904 906 907
944 770 842 868 941 942 946
946 490 941 942 949 950
421 422 424 894
422 424
424 428 429
666 661 663 670 843
827 445 822 826 828 829 830 831 832
894 890 892 895 899
718 502 714 715 717 720 721 722 882
428 429 430 431 433
429 431 433 572 622
430 433
614 609 610 611 612 615
431 433 741
881 877 878 880 882 886 930
433 438
572 567 574 577
622 624 787 867
741 736 738 742 744
526 522 524 527
438 440
517 513 516 519 520 907
882 877 878 880 887
440 445
445 447 448
447 448 450 451 972
448 450 451
574 576 577 655
472 467 469 477 478
451 450 855 861
984 983 988
450 519
972 967 971 977
519 516 522 524 527
855 588 655 854 860
861 860 864
744 742 748
652 653 655
901 900 902 904 906
460 462 463 932
462 467 860
962 501 721 961 964 965
463 467
932 927 930 931 934 935 937
467 469 588
860 862 864
469
800 754 798 801
983 986 988
588 586 587 590 592 593
477 478 479 480 482 493
478 480 482 542 904
479 480 482 484
480 482 484 485
676 673 674 675 680 681
482 484 485 487 586
493 489 490 491 496 497 498
542 543 545 546 659
904 655 899 900 902 907
484 485 487 489
485 487 489
487 489 490 491
586 581 583 587 590 871
489 490 491 599
491 490 496
490 754
599 594
754 651 752
496 497 498 499 500 501
497 499 500 501 502
815 810 811 814 817 818 819
498 500 502 503 806
499 500 501 503 854
500 501 502 505
501 502 503 726 890
502 503 505
503 505 986
806 801 805 807 808 810 811
854 715 849 850
505 509
726 567 686 724 728 729 880
890 886 887 888 892 895
986 631 988 990
509 513 611
756 758 759 761
513 516 615
611 607 608 610 612 615 616
941 942
516 520
615 610 612 616 618
520 522 524
771 766 767 770 772 774
907 902 906 911
522 527 738
524 527
527 532
738 733 736 742
532 840
663 661 664
638 635 636 642
714 709 711 717
871 724 868
840 608 721 836 839 842 843 937
538 543
608 609 610 612
543 545 546
886 887 888
545 546 787
694 691 693 698 704 715
546
683 680 681 682 686 688
659 661 664 821
821 817 818 819 822 826
787 786 791
554 555 556
556 555
967 965 971
555
568 563 567
964 961 965
592 587 590 593 594 924
563 567 656 779
730 675 728 732
567
656 651 653 655 661 700 900
779 774 781 783
576 577 581
577 581 935
681 593 680 682 686
655 635 651 653
581 583
935 763 930 931 934 937
583 587
728 724 732 733
631 635 636
587 590 877
990 988 992
807 805 810 811
590 593 594
877 817 878 880
593 594
594
801 798 805
924 920 921 926 927
607 609 610 612
609 610 612
610
729 732 733
612 616
616 618
618
624
759 758 761 763
867 862 864 868
831 828 829 832 834 836
635 636 637
832 828 829 830
927 930 931
636 637
637 642
772 767 768 770 774
642 644 646
644 646
736 732 733
826 822 828 829 830
646 650 651
650 651 653
651 653
653
677 673 674 675 680 682
661 664
700 696 698 701 702 703 704 721 926
900 895 899 902
664
774 770 836
915 911 913 920 949
670 673 674 675
843 839 842
673 674 675 680
674 675
675 680
931 926 930 934
971 850 975
680 682 688
682 686
688 686 691 913
686 691
691 693 696
913 911
693 696 698
696 698
698 701 702 703
704 701 702 703 709
715 711 717 720
701 702 703
702 703
926 921 930
703
721 720 722
709 711
711
717 720 722
720 722 724
722 724
724
880
732 733
733
742
748 752
752
758 761 763
761 763 766
763 766 767 768
766 767 768 770
767 768 770
768 770
770
836 834 839
818 808 817 819 822
781 783 786
783 786
786 791
868 870
870 829
791
798
805 808 810
808 810 811
810 811 814
811 814
814 817 819
817 819
819 822
822
828 829
829 830 834
834 830 839
830
839 842
842
887 888 892
937 934 942
849 850
850
862 864
864
878
930 934
888 892
892 895
895 899
899 902
902 906
906 911
911
920 921
949 953 954
921
934
942
950 953 954
953 954
954
961 965
965
975 977
977
988 992
992
