0 1 2 3 4 5 6 149 993 994 995 996 997 998 999
1 2 3 4 5 7 253 981 994 995 996 997 998 999
2 5 6 7 8 9 227 719 995 997 999
3 4 5 6 7 8 9 10 56 160 276 518 584 996
4 5 6 7 8 10 11 59 98 724 997 998 999
5 6 7 8 9 10 11 12 655 999
6 7 9 11 12 13 94 295 530 999
149 143 144 145 151 152 153 155 156 348 468 632 689 932
993 35 38 986 987 988 989 990 992 995 996 997 998 999
994 25 304 409 987 988 989 990 991 992 995 996 999
995 885 988 990 991 992 997 998 999
996 102 150 246 425 523 797 854 947 989 990 991 992 997 998 999
997 124 480 621 990 991 992 998 999
998 249 495 618 975 991 992 999
999 457 492 992
7 8 9 10 12 13 14 419 452 682 706 728 754
253 246 247 248 249 250 252 254 255 256 257 258 260 861
981 512 938 974 976 977 979 980 984 985 986 987 988
8 9 10 11 12 13 14 15 83 766 831
9 10 11 12 13 15
227 81 220 221 222 223 225 226 228 229 230 231 232 234 666
719 109 712 713 714 715 716 717 718 720 721 722 723 724 725 726
10 11 12 13 14 15 16 17 36 121
56 49 50 51 52 53 54 55 58 61 62 63 748
160 16 153 154 155 156 157 158 159 163 164 165 166 167 180 339 459 868
276 186 219 246 264 269 270 272 273 274 277 278 280 281 282 283 663 844 938
518 512 515 516 517 520 522 524 525 783
584 304 577 578 579 581 582 583 586 587 588 589 590 591 611 920
11 12 13 15 16 17 18 162 255
59 52 53 55 60 61 62 63 65 66 373
98 91 92 93 94 95 96 97 101 102 103 104 105 295 482 596 641 721
724 206 229 717 720 721 723 725 729 730 830 900
12 13 14 15 16 17 18 19
655 207 519 649 650 651 652 653 654 656 657 658 660 661 662
13 14 15 16 18 19 20 673
94 61 87 88 89 91 92 93 95 96 97 101 373 522 885
295 288 289 290 291 292 294 296 297 299 300 301 302 305 435 734
530 34 395 523 524 525 526 527 529 531 533 534 535 536 537 731
14 15 16 17 18 19 21 74 341 937
419 251 413 414 415 417 418 421 422 423 424 425 426 462 487
452 445 446 447 448 449 450 451 453 454 455 456 457
682 673 675 676 677 678 679 681 683 684 685 686 687 688 689
706 537 575 699 701 702 704 707 708 709 711 712 713 788 969
728 207 231 721 722 723 725 726 727 730 732 733 734 735 778
754 175 277 557 747 749 750 751 752 753 756 757 758 760 761
15 16 18 19 20 21 22 166 340
83 78 79 80 81 82 84 85 86 88 90 864
766 143 396 760 761 762 764 765 767 770 771 772 773
831 420 558 825 826 828 829 830 832 833 834 835 836 838
16 17 19 20 202 225 250 384 492 901 990
17 18 19 20 21 23 24 268 873
36 29 30 31 32 33 34 37 38 39 40 42 43 88 147 340 611
121 115 116 117 118 120 122 123 124 125 126 127 344 436
18 19 21 22 23 24 25
162 155 156 157 158 159 163 164 165 167 169 911
255 54 248 250 251 252 254 258 259 261 262 436
19 20 21 22 24 25 26 921
20 21 22 23 24 25 26 312 732 847
673 372 666 667 668 669 670 671 674 675 676 677 678 679 680
21 22 23 24 27 28 110 238 387 770
74 67 68 69 70 71 73 75 76 77 80 206 392 599 962 990
341 334 335 337 338 339 340 342 343 345 347 348 846
937 416 930 931 932 933 934 935 936 938 939 940 941 942 943 944
22 24 26 27 28 29 211 480 543 710
166 159 163 164 165 167 168 169 170 171 172 173
340 123 332 333 334 335 336 337 339 344 345 346 347
202 195 198 200 201 203 204 205 207 208 209 287 522 570 854
225 136 218 220 221 223 224 228 229 230 231 232 487 968 989
250 126 244 246 247 248 249 252 256 257 272 512 927
384 377 378 379 380 381 382 383 385 386 387 388 389 391 608 941
492 485 486 487 488 489 490 491 493 495 496
901 403 598 832 894 896 897 898 903 904 905 907 908
990 104 158 446 656 951 982 983 985 986 987 988 992
23 24 26 28 29 30 281 308 370 622 874 920 927 972
24 25 27 28 29 30 31 271 515 952
268 263 264 265 266 267 269 271 272 273 274 275 301 737
873 866 867 868 869 870 871 872 874 875 876 877 878
25 26 28 29 30 31 32 128 933
26 27 29 30 31 32 33 161 604 874
921 914 915 916 917 918 919 922 923 924 926 927 928 961
312 305 306 308 309 310 311 313 314 315 316 317 318 870
732 725 727 730 734 735 736 738 739 974
847 106 163 372 843 844 846 848 849 850 853 854 922
27 28 29 30 31 33 34 334 495 541
28 29 30 31 32 33 34 35 75 969
110 103 105 106 107 111 112 114 115 116 117 772
238 231 232 233 234 235 236 237 239 241 243 244 245 521 562
387 344 380 381 382 383 385 386 389 390 393 394 633 710 816 893
770 182 194 763 764 765 767 769 771 772 775 776 777 855 919
29 30 31 32 33 521 543 618 637
211 134 204 205 206 208 209 210 212 213 215 217 218 220 403 436 785
480 86 246 316 473 474 475 478 479 483 484 485 486 487 610
543 199 355 537 538 539 542 544 545 546 547 548 549 550
710 131 685 703 704 707 708 711 712 713 715 716 717
30 31 32 33 34 35 37
281 240 274 275 277 278 279 280 283 284 285 286 287
308 261 301 302 303 304 305 306 307 310 311 314 315 890 891
370 363 365 366 367 369 371 373 374 376 828 864
622 393 615 616 617 619 620 621 624 625 626 627 628 629
874 836 867 868 870 872 876 878 879 880 881 959
920 87 489 618 914 915 916 917 922 924 927
927 322 922 923 924 925 926 928 929 930 932 933 934
972 640 967 969 973 974 975 976 977 978 979
31 32 33 34 35 38 431 741 939
271 264 265 266 267 272 274 275 277 278 587 637
515 508 509 510 511 512 513 514 519 520 521 522 681
952 588 945 946 947 948 949 950 951 953 954 955 956 957 958 959
32 33 34 35 37 38
128 122 123 125 126 131 132 133 134 135 630 744 785 824 951
933 109 388 460 926 929 931 932 934 935 936 938 939
33 34 35 37 39 193 632 694 736 795
161 154 156 158 159 163 164 165 167 653
604 219 401 540 597 598 600 601 602 605 606 607 608 610 611
34 35 37 38 39 41 581 941
334 328 329 331 333 335 336 337 338 545 928
495 177 488 489 490 491 493 494 496 497 499 500 501 502 827
541 366 534 535 537 538 539 540 542 544 545 546 547 548
35 38 41 42 119 188 236 992
75 68 70 71 72 73 76 77 78 79 81 82 113 409 704 821
969 145 962 963 965 966 967 968 970 971 973 974 975 976
521 514 516 517 519 520 522 523 524 527 528 671
618 203 612 613 616 617 619 620 621 623 624 625 851
637 496 630 631 632 633 638 639 640 641 642 644 953 970
37 38 39 40 41 42 43 44 608
38 39 40 41 42 43 44 45 899
431 388 427 428 429 430 432 434 435 436 438 683 726 945
741 464 734 736 737 738 739 740 743 744 745 746 747 748
939 112 172 396 780 932 934 935 936 938 940 941 942 944 945 946
39 40 41 42 43 44 46 956
193 186 187 188 189 190 191 192 194 195 196 197 198 199 200
632 318 625 626 627 628 630 631 633 634 638 639 885 912 919
694 467 687 688 689 690 691 692 693 695 699 700 701
736 358 605 731 733 734 735 737 738 739 742 743
795 200 226 354 362 478 686 789 791 793 794 797 798 801 802 893
41 42 43 44 45 46 47 48 171 245 551 982
581 291 574 575 576 577 578 579 582 583 585 587 588 962
941 756 934 935 940 943 945 946 947 948 970
42 40 43 44 45 47 48 49 467
119 66 112 113 115 116 118 120 122 123 124 125 126 434
188 103 181 182 183 184 185 186 189 190 191 192 194 195
236 229 230 231 232 233 234 235 237 239 240 241 242 243
992 985 986 988 989
40 43 44 45 46 47 69 262 949
43 45 46 47 48 49 318 385
88 81 82 84 85 87 89 90 91 92 93 95 729 887
147 140 141 142 144 145 150 151 152 153 154 464 649 670 842
611 106 606 607 608 612 613 614 616 617 667 761
44 45 46 47 48 49 50 51 206 779
608 601 602 603 605 606 607 609 610 612 613 614 615
45 46 47 49 51 52 63 401 450 523
899 257 470 896 897 898 900 902 903 905 906
46 47 48 50 51 52 53 339 408 478 780
956 904 949 950 951 953 955 958 959 960 961 962 963
47 48 49 50 52 53 569 895
69 62 63 64 66 67 70 73 76 369
262 256 257 258 259 260 261 264 265 267 269 377 563 948
949 350 654 943 944 946 947 948 950 951 953 954 955
48 49 50 51 52 53 54 55 228 596
171 164 167 169 170 172 173 174 175 176 177 178
245 239 240 241 242 243 244 246 247 248 249 252 362 435
551 328 535 545 546 547 548 549 552 553 554 555 556 557 558
982 122 233 630 800 885 890 963 977 978 979 983 986 987 988 989
49 50 51 52 53 54 106
467 146 460 461 462 463 465 470 471 472 473 474
318 300 311 313 315 316 317 319 320 321 322 323 324 325
385 210 378 379 380 382 383 386 388 389 392 775
50 52 53 54 55 57 61 122 194 568 799
51 52 54 55 58 196 583 867
206 200 201 203 205 207 208 209 210 212 213 335
779 85 102 772 773 774 776 777 780 781 782 783 784 785 786
52 53 55 57 58 468 615 722
63 57 60 61 62 64 65 66 67 68 70 833 842
401 394 395 396 397 398 399 400 402 403 404 406 408 549
450 444 445 446 447 448 453 454 455 456 457 507 519 826
523 445 516 517 520 522 524 525 526 527 528 529 565 661 808
53 54 55 57 58 60
339 332 335 337 343 344 345 346 393
408 402 403 404 406 407 409 410 411 412 413 414 415
478 471 472 473 474 475 476 477 479 481 482 483 484 704
780 252 554 774 775 781 782 783 784 785 787 852 898 988
569 562 563 564 565 566 567 570 573 574 575
895 86 324 564 691 888 890 892 893 896 898 900 902 945
54 55 57 58 60 91 197
55 57 58 60 61 62 883
228 221 223 224 226 229 230 231 232 233 235
596 131 488 589 590 591 593 595 597 598 600 602 603 700
106 99 101 102 104 105 107 108 111 818 971
57 58 60 61 62 64 142 342 871
61 58 60 64 65 67 68 321 595 748
122 101 115 116 117 118 120 123 126 127 746 783
194 109 187 189 192 195 196 198 199 200 201
568 561 563 565 567 570 571 572 573 574 575 786 977
799 392 471 663 792 793 797 800 801 802 803 804 805 806
58 62 64 65 127 690
196 189 191 195 199 200 201 335 352 696 761
583 277 310 576 577 578 579 580 587 588 589 590
867 100 311 860 861 862 863 864 865 866 868 869 871 872
468 462 464 466 469 471 472 473 572
615 427 487 609 610 613 614 616 617 619 620 621 663 666
722 465 715 717 718 720 721 723 725 726 727 729 909
60 62 64 65 66 67
91 84 85 86 87 89 90 93 95 96 404 691
197 191 192 198 199 200 201 203 204 346 750
62 64 65 66 67 114 640 784 797 942
883 669 727 876 877 878 879 880 882 885 886 887 888 889 890
748 493 670 742 744 745 746 747 749 750 751 752 753
64 66 67 68 70 71 381
142 123 136 138 139 140 143 144 145 146 153 654
342 310 335 336 343 344 345 346 347 348
871 520 597 865 866 868 869 872 875 876 877 878
65 67 68 70 72 381 437 718 868 891
127 68 123 124 126 130 131 132 133 134 153 522
690 685 687 688 689 692 693 695 696 697 840
66 67 70 71 72 349 750 792 828 879
373 366 367 369 371 372 374 376 377 378 380 446 547
67 70 71 72 73 80
68 70 71 72 404 635 749 985
321 314 316 319 320 322 323 324 325 326 327 328 407 481
595 579 589 590 591 593 594 597 599 600 602
114 107 108 109 112 113 115 118 120 884 934
640 633 634 636 638 639 641 642 643 644 646 647 850
784 218 777 778 781 782 783 785 786 787 788 789 791
797 355 382 671 791 792 793 794 796 798 801 803 806
942 118 840 935 936 938 940 943 944 945 946 947 948 979
70 71 72 73 77 855
833 826 828 829 830 832 834 836 837 838 839 840
842 642 658 730 800 835 837 838 840 841 843 844 845
71 72 73 76 77 78 947
381 104 374 375 376 377 379 382 383 388 726
72 73 78 79 152 189 365 459 503 561
437 201 232 430 432 433 435 438 440 442 443 886
718 712 713 714 716 717 720 721 723 725 751 926
868 856 861 862 863 864 865 870 872 875
891 624 692 768 884 886 887 889 890 892 894 896 897 898
349 111 343 344 346 348 350 351 353 354 409 599 806
750 284 743 744 745 746 747 749 752 753 756 757
792 729 785 786 787 788 789 791 793 794 796 798
828 821 822 823 824 825 827 829 830 832 834 925
879 134 402 607 872 875 876 877 878 880 882 884 886
73 76 77 78 79 80
80 78 81 82 84 85 86 87 420 447 837
404 397 398 400 402 403 405 406 407 409 411 516 789
635 629 630 631 633 634 636 639 641 642
749 484 571 645 742 743 744 745 747 751 752 753 755 756 886
985 978 979 980 983 984 986 987 988 989
76 77 79 81 82 445 772
369 362 363 364 365 366 367 371 372 374 375 376
77 78 79 81 82 84 453 907
855 112 316 699 848 849 850 852 853 856 857 858 859 860 861 862
78 79 81 82 84 85
947 593 675 940 943 944 945 946 948 951 953
79 81 82 84 85 86 240 388
152 101 145 146 148 153 154 155 156 157 158 159
189 182 184 187 190 191 192 195 362 474
365 359 361 363 364 366 367 371 372 960
459 453 455 456 457 458 460 461 462 463 464 465 989
503 496 497 498 499 500 501 502 504 505 506 507 623
561 556 558 559 560 562 564 565 566 567
392 388 389 390 391 393 395 396 397 398 399 469 574 606 679 977
599 592 593 594 597 598 600 601 602 603 606 677
962 535 542 593 720 814 958 959 964 965 966
81 82 84 85 86 87 586 639
82 84 85 86 87 89 512
113 107 108 111 115 117 118 120 600 887
409 403 405 407 410 413 415 416
704 86 697 698 699 701 703 707 708 709
821 814 815 816 817 819 820 822 824 826 827 966
445 247 438 440 441 442 444 446 448 449 451 934
772 406 765 767 768 769 771 773 774 777 778
84 86 87 90 233 729 776
453 446 447 448 451 454 455 456 457 458 460
907 213 834 900 902 903 904 908 910 912 913 914 916
85 86 89 90 92 516 529
86 89 92 93 184
240 233 234 235 237 239 241 242 243 246
388 383 389 391 393 394 856
87 89 90 92 93
420 413 414 415 418 421 423 424 425 426
447 210 440 441 442 443 444 446 448 449 451 454
837 267 804 830 832 834 835 836 838 839 841 843 844 888
586 363 490 579 580 582 585 587 588 589 590 591 592
639 633 634 636 638 641 642 644 646
89 90 92 93 95 96 333 858 894 919
512 505 508 509 510 511 513 514 517 519 852
90 92 93 96 375
864 139 215 755 801 857 859 861 862 863 865 866 869 870
233 226 229 230 231 232 235 237 239
729 327 725 730 731 734 735
776 713 769 771 773 775 777 781 782 783 836
92 93 95 96 97 99
516 509 510 511 513 514 519 520 522 643 827
529 422 522 524 525 526 527 528 531 532 533 534
93 95 97 100 896 960
184 177 178 179 180 181 183 185 186 190 712
95 96 97 99 100 101 102 522 528 778
887 138 880 881 885 886 889 890 892 893 894
96 97 99 101 103 232
333 125 326 327 329 330 332 335 337 338 570 773 820
858 261 406 851 852 853 854 856 859 860 861 862 863 865
894 593 877 889 890 892 896 897 900
919 572 683 912 913 914 915 917 918 922 926
375 368 371 372 374 376 377 378 379 433 672 885
691 214 684 685 686 687 688 689 692 693 695 696 697 698
97 99 100 101 102 103 151
99 100 102 103 104 105 186 380 923
100 101 102 103 105 520
896 889 890 892 893 897 900 902 903
960 323 479 953 954 955 957 959 961 963 964 966 967
101 102 103 104 105 107 108
522 353 443 517 520 524 526 527
885 711 878 880 882 886 888 889 890 925
102 103 104 108 109 357 422 525 651
528 360 524 525 527 531 532 533 534 535
778 181 544 771 773 774 777 781 783 785 826
103 104 107 108 109 405
232 226 229 230 231 234 235 237 239
151 144 145 146 150 153 154 155 156 157 158 377 439
104 105 107 108 111 320 357 364
105 109 111 112 641 684
482 285 338 410 442 477 479 483 484 486 487 489 898
641 634 636 638 642 643 644 647 648
721 203 603 714 717 725 726 930
186 109 130 180 182 183 185 187 190 191 192 758
380 181 374 376 377 378 379 382 383 386
923 204 395 916 917 918 924 925 926 928 929 991
520 224 474 501 513 517 519 524 525
107 108 109 111 112 338 709 857
108 109 111 112 115
109 112 115 270 743
357 261 350 351 353 354 356 358 360 362 363 364 575
422 415 416 417 418 421 423 424 425 426 427 428 429
525 346 519 524 527 531 532 597
651 130 644 645 646 647 648 649 650 652 653 654 657 658
405 335 398 402 403 406 407 410 411 412 768 790 965
111 115 116 117
320 313 314 315 317 319 322 323 324 325 326 327
364 358 359 360 361 362 363 366 367 368 371 644
112 115 116 117 118 179 642 755
684 330 633 642 678 679 680 683 685 686 687 688 689
818 813 814 815 816 817 819 820 822 823 824 825 935
971 273 810 964 965 966 967 968 970 974 975 976 977
338 331 332 335 336 337 343 344 425 576
709 137 175 702 703 705 707 708 712 713 715 716
857 303 305 322 355 850 851 853 854 859 862 863
115 116 117 118 120 430 711
270 264 265 266 267 269 273 275 277 925
743 203 352 738 739 740 742 745 746 747
116 117 118 120 123 705
117 118 120 123 124 187 234 506 987
118 120 124 125 212 678
179 141 172 174 176 177 178 180 181 182 183 185 606
642 636 638 644 648 839 872
755 153 296 751 752 757 759 760 761 888
120 123 124 125 126 170
600 298 475 593 594 597 598 601 605 606 607 705 870
884 443 877 878 880 881 882 886 888 889 890
934 475 514 536 816 905 928 929 931 932 935 938 940
430 282 336 423 424 425 426 427 428 429 432 433 434 436
711 178 580 707 708 712 713 714 717 738 880
123 124 125 126 130 237 788
705 698 699 700 701 702 703 707
124 125 126 129 216 494 967
187 180 181 182 183 185 190 191 192 804 836
234 170 203 229 230 231 235 237 241 702
506 288 499 500 501 502 505 507 508 509 510 511 513 888
987 412 556 974 980 983 984 986 988 989
125 126 129 130 131 132
212 205 207 208 209 210 213 214 215 216 218 219 625 986
678 671 672 674 676 677 680 681
126 129 130 131 132 133
434 326 427 428 429 433 435 436 438 439
170 163 164 167 168 169 172 173 174 176 177 849
344 337 343 345 346 347 348 350 351
436 345 429 432 433 438 439 440 442 443 534 816
746 739 740 744 745 747 751 752 753 803
783 777 781 782 785 786 788
130 129 131 132 134 135 136 137 214 974 991
237 230 235 239 241 243
788 475 533 702 715 781 782 785 789 790 794
129 131 132 134 135 136 291 424 713 737 892
216 209 213 214 215 217 219 220 221 222 223 727
494 395 487 488 489 490 491 493 496 497 498 499 500 501 619
967 185 389 693 961 964 965 966 970 973
131 133 134 135 138 282 771
132 134 135 137 138 139 590 911
133 135 136 137 138 139 140 400 477 661 756
134 135 136 137 138 140 141 372 730
153 146 148 150 154 155 157 158 159
135 137 139 140 141 633 843
630 623 624 625 626 627 629 634 636
744 725 738 739 740 742 745 747 751
785 781 782 786 787 789 790 791 803
824 775 817 819 820 822 823 825 826 827 829 830
951 167 174 460 585 944 945 946 950
136 137 138 139 140 143 307 845
291 285 286 287 289 290 292 293 296 297 298 555 643 976
424 417 418 421 423 425 426 427 428 429 774
713 585 656 707 708 714 715 716 717 720
737 631 680 731 733 734 738 739 740 742 915
892 229 323 886 888 889 890 893 897 898
137 138 140 141 144 257 398 559
214 208 209 210 213 215 217 219 221 717
974 218 968 970 973 975 976 978 979 980
991 463 984 988 989
138 140 141 143 145 263 279 285 851
282 275 277 278 280 283 284 285 286 288 444 603
771 297 764 765 767 773 774 775 777
139 140 143 145 146 163 717
590 587 588 589 592 594 649 953
911 904 906 908 909 910 912 913 914 915 916 917 918
140 141 143 144 146 958
400 393 394 395 396 397 399 402 403 406 407
477 407 470 471 473 474 475 476 481 483 484 601 610 742
661 263 656 657 658 659 660 662 664 666 667 668 681
756 752 753 757 758 759 760 761 763
141 143 144 145 146 148 304 537 617
372 266 366 368 371 374 376 377
730 224 463 723 726 727 731 733 734 735 906
633 444 626 627 629 631 634 636
843 836 838 840 841 844 845 846 848 849 850
143 144 145 148 150 329 649
307 300 303 305 306 309 311 313 966
845 358 839 840 844 846 848 849 850 851 852
144 145 148 150 448
257 205 252 254 256 258 259 260 261 264 500
398 265 391 393 394 395 396 399 402 403
559 552 553 554 555 556 557 558 563 564 565 566 733 846
145 146 470
263 258 259 260 261 264 265 266 267 269 674
279 272 273 274 277 278 280 283 285 286 872
285 254 278 280 283 284 286 287 290
851 217 475 846 848 849 850 853 854 856
146 148 150 948
163 156 157 159 164 165 167
717 204 712 714 716 720 723
958 953 955 957 959 961 963 965
148 150 154 155 696
304 297 298 301 302 303 306 309 310 311 486
537 531 532 533 534 536 538 539 542 544
617 610 612 613 614 616 619 621 623 908
654 647 648 649 650 653 657 658 660
150 154 155 156 978
329 322 323 324 325 326 327 328 330 331 332 335 336
649 348 643 644 646 647 648 650 652 653 656 735
448 441 442 443 444 446 449 451 454 455
470 463 464 465 469 471 473 474 475 476 578
948 944 945 946 950 953 955
154 156 157 158 159 533
464 457 458 460 461 462 463 465 469 471 944 963
670 566 663 664 665 666 667 668 669 671 674 675 677
155 156 311 542 882
696 266 689 692 693 697 698 699 703
156 157 158 159
348 293 343 345 346 350 351 352 353 840 926
689 513 683 685 686 687 688 692 693 823
932 159 284 929 930 931 935 936 938
978 545 742 973 977 979 980 983 984
157 158 159 164 258 588
158 159 164 165 277 336 660 882
377 374 378 379 382 383
439 433 438 440 441 442 443 444 451
159 164 165 681 707
533 343 526 527 531 532 534 536 538 539
311 191 305 309 310 313 315 316 317
542 535 536 538 539 545 546 547 548 549
882 164 835 875 877 880 881 888 889
164 165 167 168 169
258 173 251 252 254 256 259 260 261 264 265 774
588 290 322 582 585 587 589 591 592 856 931
165 167 169 172 481
277 272 273 275 278 280 284 354
336 330 331 332 335 337 343 390 443 613 686
660 656 657 658 662 663 664 665 666 667
681 260 674 675 676 679 680 685 686 687 688 745
707 700 702 703 708 714
167 168 169 172 173 174 638 966
180 173 174 175 176 177 178 182 183 185 438
653 314 397 572 646 647 648 650 656 658 659 757 805
169 173 174 175 176 345 399
168 172 173 174 175 249 454 466
172 176 177 178 274 549
481 474 475 476 479 483 484 485 487 488
173 174 176 177 178 323 376
174 175 177 178 181 356 593
638 573 631 634 636 643 644
966 745 959 961 963 964 965 968 970 973
175 176 181 421
249 242 243 244 246 248 251 252 254 256
454 358 449 451 456 457 458 460 461
466 460 461 462 463 465 469 471 472 473 712 943
176 178 181 182 183 412
345 213 347 350 351 446 801 802
399 394 396 397 402 403 406 861
177 178 181 182 183
849 659 844 846 848 850 852 853 854 856
178 181 182 183 185 435 440
274 267 272 273 275 278 280 491 918
549 544 545 546 547 548 550 553 554 555
323 317 319 322 327 328 330 550
376 371 374 378 379 382 702
181 183 566
356 350 352 353 354 355 358 360 361 362 363 634
593 587 589 591 592 594 597 598 669
421 414 416 417 418 423 425 426 428 502
182 183 185
183 185 190 961
412 406 407 410 411 415 416 417 418 509 648
185 190 191 192 585
435 428 432 433 438 440 441 442 571
440 433 438 443 444 446
606 251 305 332 602 603 605 607 609 610 612 613
438 346 432 433 441 442 443 444 532
566 563 564 565 567 570 571 572
190 191 195 266
961 192 940 954 955 957 959 963 964 965 968
712 354 461 700 708 714 715 716
191 192 195 198 441
192 195 198 199
585 578 579 580 587 589 591 592 812
758 476 751 752 753 757 759 760 763 764
804 444 798 800 802 803 805 806 807 810 811
836 355 829 832 834 835 838 839 840
195 198 199 200
362 355 358 359 360 361 363 367 368
474 469 471 472 473 475 479
266 259 260 261 264 265 267 269 272 273 823
198 199 200 201 203 204 205 273 355
441 443 446 980
199 200 201 203 205
200 201 203 204 205
201 203 204 205 207 208 658
335 328 332 371 819
352 347 350 351 353 354 359 664 759
761 757 759 760 762 763 765 767 768
203 204 205 207 209 210 259 563
204 205 208 210 519
346 343 347 350 351 353 498 605
205 207 209 210 444
273 267 269 272 275 278 280
355 221 350 351 353 354 359 360 361 598 677 835
207 208 209 210 213
208 209 210 213 215
658 652 656 657 659 663 664 665 688
209 210 213 215 330
287 280 283 284 286 288 290 292 293 294
570 563 564 565 567 572 573 575 576 577 970
854 685 848 850 852 856 860 861
210 215 217 762
259 252 260 261 264 539 605
563 556 557 560 564 565 567 826 965
519 513 514 517 524 526 869
444 278 442 443 446 449 451
213 215 219 220 456 787
215 217 218 220 221 222
330 324 326 327 328 331 332 337 502
217 218 219 220 221 222 224 490 759
762 305 757 759 760 763 764 765 769 841
218 219 220 221 222 223 224
220 219 221 222 223 224 226
403 371 397 402 406 407 410 605
219 221 222 223 224 536 614
625 619 623 626 627 628 629 631
986 916 979 980 983 984 988
456 449 451 455 458 460 461 462
787 781 782 786 789 790 791 793
221 222 223 224 226
222 223 226 229 652 790
223 224 226 230 389 504 811
727 425 723 725 726 731 734 774 817 912
224 226 229 231 876
490 483 484 485 486 487 489 491 493 496 497
759 269 280 752 753 757 764 765 862
536 363 531 532 534 538 539 957 977
614 327 446 607 609 610 612 613 621
226 229 230 231 793
229 230 231 902
652 315 645 647 648 650 656 657 659 870
790 244 297 624 786 789 791 793
230 231 476 645
389 382 383 386 390 391 393 394 395 396
504 497 498 499 500 502 507 508 509 510 511 594
811 546 805 807 808 810 812 813 814 815 816 817
231 235 417 609 861
876 869 870 872 875 877 878 880
487 332 463 483 484 485 486 488 489 491 493
968 613 963 964 965 970 973 975
989 313 983 984 988
793 714 786 789 791 794 798 800
666 242 659 662 664 665 667 668 669 671 672
235 239 241 242 963
902 319 337 897 898 904 905 906 908 909
476 469 471 472 473 475 483 592 702 774
645 351 601 644 646 648 688 695
417 410 413 414 415 416 418 423
609 300 602 603 605 607 610 612 613
861 856 859 860 865 866
239 241 242 243 246 731 781
241 242 243 244 246 247 248 809 929
702 462 591 697 698 699 700 701 703 708 822
242 243 244 246 248 856 975
963 580 881 957 959 965 970
243 244 246 247 248 726 827
244 248 619 835 848 890
562 555 556 558 560 564 565 567 580 829
246 247 248 251
731 725 726 733 738 930
781 774 777 782
247 248 251 252 254 324 589 688 812
248 251 254
809 471 802 805 806 807 810 812 813 816
929 383 880 922 924 925 926 928
856 850 852 853 859 863 905
975 973 976 980
726 616 723 725 733
827 822 823 825 829 830 832 834
619 540 612 613 620 621 623 624 626 926
835 283 540 554 829 830 832 834 838 839 841
848 841 844 846 888
890 886 888 889 893 897
252 251 254 256 605
251 254 256
254 256 260 261 628 820
324 264 317 319 322 325 327 328 331
589 582 587 592 594 703
688 683 685 686 692 693 695 720
812 462 573 805 806 813 814 815 816 817
256 260 314
272 265 267 269 275 278
605 598 602 603 607 610 612
260 261 264 265 267
261 264 265 267
628 621 623 624 629 631
820 814 815 819 822 823 826
314 309 310 313 315 316 317 677 708
264 265 267 269
500 493 496 497 498 499 501 502 505 507 829 954
265 269 672
774 767 768 769 773 775 777
539 532 534 535 540 544 545 546 723 841
267 859
269 275
674 667 668 669 671 672 675 676 679 680 816
672 665 667 668 669 671 676 677 679 773
823 816 819 822 825 826 829 830
859 852 853 860 862 863 865 866
275 278 280 977
301 296 297 299 300 302 303 305 306
925 918 922 926 930 931
278 280 483 764
587 393 580 591 592
280 286
491 484 485 486 488 489 493 496 498 594 764
918 852 912 913 914 915 916 917 922 924
977 970 973 976 979 980 983 984
283 284 286 288 289 290 878
663 367 656 657 659 664 665 667 668
844 838 839 840 841
938 935 936 940 943 944
284 286 289 290 299 782 819 881
354 347 350 351 353 358 359 361 898
483 479 484 485 486 488 489
764 433 757 760 763 765 767 768 769
286 288 289 290 292 293 558
872 865 866 869 870 877 878
288 289 292 293 294 475 613
603 597 598 602 607 610
289 290 293 294 296 359 571
290 292 294 296 297 692 889
878 875 877 881
299 292 293 294 296 297 298 302 303 305 382 555 683
782 775 786 789
819 796 813 815 816 817 822 826
881 371 576 807 875 880 886
292 293 294 296 297 298 803
293 294 296 297 298 300
558 305 552 556 557 560 723
294 296 297 298 300 574 801 802 807
475 411 469 472 473 479 886
613 607 610 612
296 297 298 300 302 303
359 353 358 361 363 366
571 508 565 567 572 573 575 576 577 578
297 298 300 302 303
692 685 693 695 697 698
889 886 893
298 300 302 303 305
555 548 550 552 553 554 556 557 560
643 509 636 644 646 648 650
976 970 973 979 980 983
803 796 798 800 801 805 806 807 808 810
300 302 305 306
574 497 567 572 573 576 577 578 579
801 794 796 798 800 805 806 807 808
802 796 798 800 806 807 808
807 800 805 806 808 810 813 814
302 303 305 306 309 538 908
305 303 306 309 310 742
734 716 733 738 739 740
303 306 309 360 601
382 378 379 383 386 751
683 410 465 676 679 680 685 686 687
306 309 310 313 394 507 825
309 310 313 315 374
538 531 534 535 540 544 659 791
908 903 904 905 906 910 912 914 915
360 353 361 366 367
601 594 597 598 602 607
310 313 315 316
486 425 465 479 485 493
742 738 739 747
313 315 316 317 319
394 390 391 395 396 397 458 826
507 501 502 505 508 510 511 513 514
825 656 822 826 830 832
315 316 317 319 322
374 367 368 378 379
316 317 319 322
317 319 508
870 554 863 865 866 869 875
319 322 325 326 624
677 671 675 679 680 912
708 620 701 703 714 715
322 326 327 328
508 501 502 505 509 510 511 513 514
325 326 327 328 331 332
326 327 328 331 332 959
624 386 621 626 627 629 631 832
327 328 332
328 331 332
407 402 410 411 413 414
550 544 545 546 547 554 556 557 616 936
331 337
332 337 680 850
959 426 953 954 955 964 965
337 343
502 496 497 498 499 509 914
680 675 676 685 686 687
850 846 853
773 767 768 769 777
545 413 540 544 546 547 548 552 634
928 860 922 924 926 930 931 935
371 366 367 368 378 489
343 347 455
390 383 386 391 393 395 396 499 808
443 442 449 463
686 626 679 685 687 693
425 418 423 426 428 429 432
576 572 575 577 579 580 582 846
393 386 391 395 396 397
347 350 351 353 513
846 765 839 841 853
455 449 451 457 458 460 462
350 351 353
351 353 358 735 775 954
446 442 449 451
353 358
498 496 497 499 505 716
513 509 510 514 517
840 714 834 838 839
926 922 924 930
806 800 805 808 813 936 945
358 361 363
735 497 505 738 739 740 796 988
775 768 769 777
954 950 953 955 957
664 657 659 662 665 668 671 810 922
361 363 366 367 368
898 893 897 903 904 910
598 591 592 594 597 602
363 367 368 697
634 627 629 636
575 572 573 577 578 579 580 582 852
366 368 830
367 368
368 900 936
697 511 693 695 698 699 700 701 703
644 646 647 648 650 753
830 826 832 834
900 817 893 903 904 905 906
936 930 931 935 940 943
378 379 383 930
489 484 485 488 493 496
547 540 544 546 548 552 553 554 565 703
379 383 386
433 426 427 428 429
383 386
930 869 924 931 935
386 391
751 745 747 752 945
391 396 397 462
816 810 813 815 817 822
893 496 886 888
395 397 657
396 397 402
499 493 496 497 501 505
808 548 805 813 814 815
397 402
462 457 458 460 461 463 465
469 465 472 473
679 675 676 685
458 451 457 460 461 463
826 822 829 832 957
657 656 659 662 839
402
406 410 411 413
410 411 413 414 415 416
411 413 414 415 416 418 461
789 786 791 794 796
768 763 767 769
965 964 970
413 414 415 416 418
414 415 416 418 733 769
415 416 418
416 418 423
418 423
461 457 460 465 733 814
509 505 510 511 514 552
648 646 647 650
733 738 739 740
769 763 765 767
423 426 427 428 429 980
426 427 429 432
428 427 429 432
427 429 432
429 432 620
980 973 984
432
620 616 621 627
945 943 944 946
442 449
534 527 531 532 535
886 888
532 526 527 531 535 646
451 449 457
449 501 557
463 460 465 554 983
501 496 497 505 623
557 552 553 554 556 560 564
457 460
460 465
465 472
814 623 810 815 817
554 548 553 560 970
983 700 701 979 984 988
471 472 473 607
944 940 943 946
472 473 479
473 479
943 950
572 565 567 573 577 578 579
578 573 577 579 580 582
607 602 610 612
479 484 485 488
592 591 594 650 747
484 485 488
610 612 616
485 488
488 832
493 496 497 931
832 511 838 839
496 497 715
497
594 591
931 662 909 924 935
715 714 716 720 905
505 510 511
716 714 720 723
829 822 834
623 616 621 626 627 629 815 863
914 560 909 910 912 913 917
510 511 514 517
511 517 671
888 650
514 517
552 546 548 553 556
517 524 817
671 667 668 669 675 676
852 767 853
524 526 527 531
817 810 815 822
526 527 531 665
869 863 866 875
527 531 913
565 560 567
531 535
597 591 602 612
665 659 662 667 668 669
913 909 910 912 916 917
535 540 777
646 579 650
540 544 546 612
777
957 953 955 964
544 546 548
659 656 662
791 786 794 796 798
546 548 553 763
723 720 725
841 834 838 953
612 616
548 553
553 556 560
763 757 760 765 767
703 698 699 700 701
556 560 880
616 621
560 564 567
970 964 973
880 875 877
564 567 626
567 573
580 573 577 579 582
626 621 627 629 631
573 577 579
786 685
577 579 582
579 582
582
591
953 950 955
650 647 656
747 740 745 752
669 662 667 668 675
602
700 693 695 699
667 662 668
621 627
627 629 631
629 631 636
815 810 813
863 860 862 866
631 636
636
912 905 906 909 910 915 916 917
647
839 834 838
753 752 757 760
695 693 698 699 701
656 662
757 752 760
805 800 810 964
662 668
668 675
810 813
922 915 916 917
675 676 915
676
915 910 916 917
685 687
687 693
745 738 739 752
693 698 699
720 714 725
698 699 701 866
699 701
701
866 860 865
822
714
738 739 740
905 903 904 906 909
725
909 903 904 906 910 916
906 903 904 910
739 740
740
796 794 798 800
988 984
752 813
813
760 765 767 984
765 767
862 865
767
984 979
794 798 800
798 800
800
964
935 940
834 838
838
853 860
860 865
865
875 877
877
897 903
903 904 910 950
904 910
910 916 917
950 946 955
916 917
917 924
924
940 946
946
979 973
955
973
